Number of nodes
543
ID	PID	Hash_Value			File_Number	Fully_Enumerated	Children
0	-1	908bf66bd534456c	6			yes					1	161	294	392	464	542	
1	0	f9ee12c1d17b2b4c	5			yes					2	62	87	111	129	
2	1	44f7e69d1de282f9	5			yes					3	13	33	50	61	
3	2	777f8ce15c043b2e	4			yes					4	5	6	7	
4	3	5471516804e26e73	4			yes					-1	-1	-1	-1	
5	3	a3af5757aa4b1d1e	4			yes					-1	-1	-1	-1	
6	3	d9470a5f87caf1fd	4			yes					-1	-1	-1	-1	
7	3	93b6b3aced257fe0	3			yes					8	10	12	
8	7	daaaac3d2cf854de	5			yes					-1	-1	-1	-1	9	
9	8	cda0df08836c96f3	4			yes					-1	-1	-1	-1	
10	7	2e4cc18c6bff707e	5			yes					-1	-1	-1	-1	11	
11	10	3946b2b9c46bb253	4			yes					-1	-1	-1	-1	
12	7	7b8516a5b277d52b	5			yes					-1	-1	-1	-1	-1	
13	2	55bfaceb9ab8b0a0	4			yes					-1	14	21	26	
14	13	83f1bf285370c939	5			yes					15	17	18	19	20	
15	14	ce343e684cb5ed38	4			yes					16	-1	-1	-1	
16	15	1ad5cae943d57e4a	3			yes					-1	-1	-1	
17	14	57104ba95c105a4b	4			yes					-1	-1	-1	-1	
18	14	c49e0cd1d1131f4f	4			yes					-1	-1	-1	-1	
19	14	cc6a9ae5e62fdb7b	4			yes					-1	-1	-1	-1	
20	14	91d0e3f527997347	4			yes					-1	-1	-1	-1	
21	13	33a0aba8cef9d8db	5			yes					22	23	-1	24	25	
22	21	7e652ae8d13cfcda	4			yes					-1	-1	-1	-1	
23	21	e7415f29c1994ba9	4			yes					-1	-1	-1	-1	
24	21	5af02423d0853821	4			yes					-1	-1	-1	-1	
25	21	71faca8243d82032	4			yes					-1	-1	-1	-1	
26	13	d9574ff4b9ad4c16	5			yes					27	29	30	31	32	
27	26	9492ceb4a6686817	4			yes					28	-1	-1	-1	
28	27	40733a35a908fb65	3			yes					-1	-1	-1	
29	26	0db6bb75b6cddf64	4			yes					-1	-1	-1	-1	
30	26	58d97f3cf4ac3bad	4			yes					-1	-1	-1	-1	
31	26	829b723833beaea4	4			yes					-1	-1	-1	-1	
32	26	436678c5d7b7227a	4			yes					-1	-1	-1	-1	
33	2	9fcaea47e6abcdbf	4			yes					-1	-1	34	39	
34	33	7661306db1999f06	5			yes					35	36	37	-1	38	
35	34	3ba4b12dae5cbb07	4			yes					-1	-1	-1	-1	
36	34	a280c4ecbef90c74	4			yes					-1	-1	-1	-1	
37	34	0358c347db245a7e	4			yes					-1	-1	-1	-1	
38	34	343b51473cb867ef	4			yes					-1	-1	-1	-1	
39	33	15eede0c6018b3c0	6			yes					40	43	45	-1	47	49	
40	39	582b5f4c7fdd97c1	5			yes					41	-1	-1	-1	42	
41	40	8ccaabcd70bd04b3	4			yes					-1	-1	-1	-1	
42	40	4f212c79d04955ec	4			yes					-1	-1	-1	-1	
43	39	c10f2a8d6f7820b2	5			yes					-1	-1	-1	-1	44	
44	43	d60559b8c0ece29f	4			yes					-1	-1	-1	-1	
45	39	60d72d260aa576b8	5			yes					-1	-1	-1	-1	46	
46	45	77dd5e13a531b495	4			yes					-1	-1	-1	-1	
47	39	cd85e48c388ca8f4	5			yes					-1	-1	-1	-1	48	
48	47	da8f97b997186ad9	4			yes					-1	-1	-1	-1	
49	39	02e4ad39cf8c71ed	5			yes					-1	-1	-1	-1	-1	
50	2	1d34139d8cd48006	4			yes					-1	-1	-1	51	
51	50	40270925b9901695	6			yes					52	54	56	58	-1	60	
52	51	0de28865a6553294	5			yes					-1	-1	-1	-1	53	
53	52	1ae8fb5009c1f0b9	4			yes					-1	-1	-1	-1	
54	51	94c6fda4b6f085e7	5			yes					-1	-1	-1	-1	55	
55	54	83cc8e91196447ca	4			yes					-1	-1	-1	-1	
56	51	351efa0fd32dd3ed	5			yes					-1	-1	-1	-1	57	
57	56	2214893a7cb911c0	4			yes					-1	-1	-1	-1	
58	51	a02b266dc4d6b76f	5			yes					-1	-1	-1	-1	59	
59	58	b72155586b427542	4			yes					-1	-1	-1	-1	
60	51	572d7a101604d4b8	5			yes					-1	-1	-1	-1	-1	
61	2	a03ed9d0acc3c637	4			yes					-1	-1	-1	-1	
62	1	4090a270795d9c30	4			yes					63	70	75	86	
63	62	8f10485603108f59	3			yes					64	65	66	
64	63	109583fa3b7d9baa	4			yes					-1	-1	-1	-1	
65	63	315b4dbb75f3b79b	4			yes					-1	-1	-1	-1	
66	63	72754a01a9ebafcc	5			yes					-1	67	68	-1	69	
67	66	5b3f60ab6b90f5a5	4			yes					-1	-1	-1	-1	
68	66	92796549d4ad0e36	4			yes					-1	-1	-1	-1	
69	66	a1fa2603a7fd6d8e	4			yes					-1	-1	-1	-1	
70	62	728a206b5a5a5558	3			yes					-1	71	72	
71	70	7450788f5354187a	4			yes					-1	-1	-1	-1	
72	70	ef025505954f6856	5			yes					73	74	-1	-1	-1	
73	72	a2c7d4458a8a4c57	4			yes					-1	-1	-1	-1	
74	72	adbdce9266659bc3	4			yes					-1	-1	-1	-1	
75	62	19535770e86b9ecf	3			yes					-1	-1	76	
76	75	bee8a1f407be36fc	6			yes					77	79	81	83	-1	85	
77	76	f32d20b4187b12fd	5			yes					-1	-1	-1	-1	78	
78	77	e4275381b7efd0d0	4			yes					-1	-1	-1	-1	
79	76	fc573a63f494c569	5			yes					-1	-1	-1	-1	80	
80	79	eb5d49565b000744	4			yes					-1	-1	-1	-1	
81	76	a34095192f67b30a	5			yes					-1	-1	-1	-1	82	
82	81	b44ae62c80f37127	4			yes					-1	-1	-1	-1	
83	76	5ee48ebc7af89706	5			yes					-1	-1	-1	-1	84	
84	83	49eefd89d56c552b	4			yes					-1	-1	-1	-1	
85	76	a9e2d2c1a82af4d1	5			yes					-1	-1	-1	-1	-1	
86	62	a4599d3dc87cd8fe	3			yes					-1	-1	-1	
87	1	9bb54234deb086c3	4			yes					88	95	108	110	
88	87	5435a812a4fd95aa	3			yes					89	90	91	
89	88	04d0534a84ff7c36	4			yes					-1	-1	-1	-1	
90	88	01afcdb0916ee028	4			yes					-1	-1	-1	-1	
91	88	da7b7408612fdda6	5			yes					-1	92	93	-1	94	
92	91	1b2d1946516dc1a9	4			yes					-1	-1	-1	-1	
93	91	7a6522ad26944850	4			yes					-1	-1	-1	-1	
94	91	09f4180a6f391fe4	4			yes					-1	-1	-1	-1	
95	87	8afd084259eab49a	3			yes					-1	96	97	
96	95	4837a2cfba778d59	4			yes					-1	-1	-1	-1	
97	95	98231c5184462d43	6			yes					98	100	102	104	105	107	
98	97	d5e69d119b830942	5			yes					-1	-1	-1	-1	99	
99	98	c2ecee243417cb6f	4			yes					-1	-1	-1	-1	
100	97	da9c87c6776cded6	5			yes					-1	-1	-1	-1	101	
101	100	cd96f4f3d8f81cfb	4			yes					-1	-1	-1	-1	
102	97	ed43dc3eee3410b3	5			yes					-1	-1	-1	-1	103	
103	102	fa49af0b41a0d29e	4			yes					-1	-1	-1	-1	
104	97	2f876c47ecf8a2ee	5			yes					-1	-1	-1	-1	-1	
105	97	dab4d99b41b7a7e4	5			yes					-1	-1	-1	-1	106	
106	105	cdbeaaaeee2365c9	4			yes					-1	-1	-1	-1	
107	97	8f296f642bd2ef6e	5			yes					-1	-1	-1	-1	-1	
108	87	3a019f1d4c3665fe	3			yes					-1	-1	109	
109	108	a639e5fe76f9ac3a	5			yes					-1	-1	-1	-1	-1	
110	87	7f7c7d796f91c20d	3			yes					-1	-1	-1	
111	1	5f7c77d9037a1e72	4			yes					112	119	126	128	
112	111	90fc9dff79370d1b	3			yes					113	116	-1	
113	112	e8ea43412f192e40	5			yes					-1	-1	-1	114	115	
114	113	c0a8b6e64d2cd7c7	4			yes					-1	-1	-1	-1	
115	113	e995b65d4f73bb39	4			yes					-1	-1	-1	-1	
116	112	d6a2e4f144de9556	5			yes					-1	-1	-1	117	118	
117	116	fee0115626eb6cd1	4			yes					-1	-1	-1	-1	
118	116	d7dd11ed24b4002f	4			yes					-1	-1	-1	-1	
119	111	4e343daf84202c2b	3			yes					-1	120	125	
120	119	16a9b4e2d9197997	5			yes					121	122	-1	123	124	
121	120	5b6c35a2c6dc5d96	4			yes					-1	-1	-1	-1	
122	120	54162f752a338a02	4			yes					-1	-1	-1	-1	
123	120	b4069f1d50021c51	4			yes					-1	-1	-1	-1	
124	120	eaba82d1e7976424	4			yes					-1	-1	-1	-1	
125	119	95dd326864972c28	5			yes					-1	-1	-1	-1	-1	
126	111	84417b03f8335134	3			yes					-1	-1	127	
127	126	d01ca9ad1bf76bf5	5			yes					-1	-1	-1	-1	-1	
128	111	05f5ac8a065e6e76	3			yes					-1	-1	-1	
129	1	b509150560dd276f	5			yes					130	137	152	159	160	
130	129	7a89ff231a903406	4			yes					131	133	135	-1	
131	130	c2c46226babe06d0	5			yes					-1	-1	-1	-1	132	
132	131	f7d5485b27246628	4			yes					-1	-1	-1	-1	
133	130	8cb2538afb13c80c	5			yes					-1	-1	-1	-1	134	
134	133	b9a379f76689a8f4	4			yes					-1	-1	-1	-1	
135	130	6f13f05d15092eb5	5			yes					-1	-1	-1	-1	136	
136	135	5a02da2088934e4d	4			yes					-1	-1	-1	-1	
137	129	a4415f73e7871536	4			yes					-1	138	143	148	
138	137	1d75d512afc42f5d	5			yes					139	140	-1	141	142	
139	138	50b05452b0010b5c	4			yes					-1	-1	-1	-1	
140	138	5fca4e855ceedcc8	4			yes					-1	-1	-1	-1	
141	138	52eef0df1a9b3d1f	4			yes					-1	-1	-1	-1	
142	138	078e8ce3dbd313a0	4			yes					-1	-1	-1	-1	
143	137	f59222e19d25031c	5			yes					144	145	-1	146	147	
144	143	b857a3a182e0271d	4			yes					-1	-1	-1	-1	
145	143	b72db9766e0ff089	4			yes					-1	-1	-1	-1	
146	143	9cc2ad6a8359e3e6	4			yes					-1	-1	-1	-1	
147	143	e7a4a594bf9240d5	4			yes					-1	-1	-1	-1	
148	137	4d7e13fc10325ed0	3			yes					-1	149	-1	
149	148	d3fbb0f49424c011	5			yes					150	151	-1	-1	-1	
150	149	9e3e31b48be1e410	4			yes					-1	-1	-1	-1	
151	149	91442b63670e3384	4			yes					-1	-1	-1	-1	
152	129	6e3419df9b946829	4			yes					-1	-1	153	158	
153	152	b053b924e24544c1	5			yes					154	155	156	-1	157	
154	153	fd963864fd8060c0	4			yes					-1	-1	-1	-1	
155	153	f2ec22b3116fb754	4			yes					-1	-1	-1	-1	
156	153	c56a4a0e88f881b9	4			yes					-1	-1	-1	-1	
157	153	a2653e51c0f20708	4			yes					-1	-1	-1	-1	
158	152	870b55506c2123cf	3			yes					-1	-1	-1	
159	129	eccae005f1eb2590	4			yes					-1	-1	-1	-1	
160	129	5c36598a97686c89	4			yes					-1	-1	-1	-1	
161	0	a02aed54b583688a	5			yes					-1	162	219	243	261	
162	161	8282412c3be10cb1	5			yes					163	182	191	207	218	
163	162	e4b9b7b9716eb80d	4			yes					164	165	171	176	
164	163	3019e0a1f57991ad	4			yes					-1	-1	-1	-1	
165	163	5d370595dbb83e31	5			yes					166	167	168	169	170	
166	165	727f0e7ce8fa33ed	4			yes					-1	-1	-1	-1	
167	165	81cd30b98fbffcab	4			yes					-1	-1	-1	-1	
168	165	ae0847d5a6f3677a	4			yes					-1	-1	-1	-1	
169	165	12ac20586ee72c73	4			yes					-1	-1	-1	-1	
170	165	4f165948af51844f	4			yes					-1	-1	-1	-1	
171	163	59502b13c3433b0a	5			yes					172	173	174	-1	175	
172	171	761820faf00136d6	4			yes					-1	-1	-1	-1	
173	171	85aa1e3f9744f990	4			yes					-1	-1	-1	-1	
174	171	4e1da6302ce24fbb	4			yes					-1	-1	-1	-1	
175	171	0d4e1f61841c8c93	4			yes					-1	-1	-1	-1	
176	163	e0bd7f42caca927e	5			yes					177	178	179	180	181	
177	176	cff574abf9889fa2	4			yes					-1	-1	-1	-1	
178	176	3c474a6e9ecd50e4	4			yes					-1	-1	-1	-1	
179	176	f7f0f261256be6cf	4			yes					-1	-1	-1	-1	
180	176	96b7caffca5277f4	4			yes					-1	-1	-1	-1	
181	176	92f5065b887c5e7d	4			yes					-1	-1	-1	-1	
182	162	000c300291d1bdcb	4			yes					-1	183	185	186	
183	182	34ab55b20a7ba2d7	4			yes					184	-1	-1	-1	
184	183	fd8d3ffd0df3aa68	3			yes					-1	-1	-1	
185	182	97a81f39e4a5e100	4			yes					-1	-1	-1	-1	
186	182	e4c50f4f20f0f905	3			yes					187	188	190	
187	186	c0ffd519558e4aa5	4			yes					-1	-1	-1	-1	
188	186	2a80601b78a1803b	5			yes					-1	-1	-1	-1	189	
189	188	3d8a132ed7354216	4			yes					-1	-1	-1	-1	
190	186	356a03c3d118c5d6	5			yes					-1	-1	-1	-1	-1	
191	162	59bf4df6c0a843f7	4			yes					-1	-1	192	197	
192	191	9a131ca5ebb0f336	5			yes					193	194	195	-1	196	
193	192	533576eaec38fb89	4			yes					-1	-1	-1	-1	
194	192	4ef2e824e4d06044	4			yes					-1	-1	-1	-1	
195	192	87bb2848c36976c0	4			yes					-1	-1	-1	-1	
196	192	d8497d8f66910bdf	4			yes					-1	-1	-1	-1	
197	191	f99cf2c43a31dff0	6			yes					198	200	202	-1	204	206	
198	197	30ba988b3db9d74f	5			yes					-1	-1	-1	-1	199	
199	198	27b0ebbe922d1562	4			yes					-1	-1	-1	-1	
200	197	2d7d064535514c82	5			yes					-1	-1	-1	-1	201	
201	200	3a7775709ac58eaf	4			yes					-1	-1	-1	-1	
202	197	e434c62912e85a06	5			yes					-1	-1	-1	-1	203	
203	202	f33eb51cbd7c982b	4			yes					-1	-1	-1	-1	
204	197	21f7c84462a5c4c4	5			yes					-1	-1	-1	-1	205	
205	204	36fdbb71cd3106e9	4			yes					-1	-1	-1	-1	
206	197	ee9681f195a51ddd	5			yes					-1	-1	-1	-1	-1	
207	162	db41b42caad70e4e	4			yes					-1	-1	-1	208	
208	207	ac5525ede3b97aa5	6			yes					209	211	213	215	-1	217	
209	208	65734fa2e431721a	5			yes					-1	-1	-1	-1	210	
210	209	72793c974ba5b037	4			yes					-1	-1	-1	-1	
211	208	78b4d16cecd9e9d7	5			yes					-1	-1	-1	-1	212	
212	211	6fbea259434d2bfa	4			yes					-1	-1	-1	-1	
213	208	b1fd1100cb60ff53	5			yes					-1	-1	-1	-1	214	
214	213	a6f7623564f43d7e	4			yes					-1	-1	-1	-1	
215	208	4c590aa59effdb5f	5			yes					-1	-1	-1	-1	216	
216	215	5b537990316b1972	4			yes					-1	-1	-1	-1	
217	208	bb5f56d84c2db888	5			yes					-1	-1	-1	-1	-1	
218	162	664b7e618ac0487f	4			yes					-1	-1	-1	-1	
219	161	cba6ed9483aed818	4			yes					220	234	240	242	
220	219	ad9d1b01c9216ca4	3			yes					221	222	223	
221	220	624f9542fe44ccd5	4			yes					-1	-1	-1	-1	
222	220	edd4ad87107c71de	4			yes					-1	-1	-1	-1	
223	220	d28aa42f1e67f492	6			yes					224	226	228	230	231	233	
224	223	fdc2afc62d25f94e	5			yes					-1	-1	-1	-1	225	
225	224	eac8dcf382b13b63	4			yes					-1	-1	-1	-1	
226	223	b924c5e223098ca4	5			yes					-1	-1	-1	-1	227	
227	226	ae2eb6d78c9d4e89	4			yes					-1	-1	-1	-1	
228	223	a6dfaccd0cf7b2cd	5			yes					-1	-1	-1	-1	229	
229	228	b1d5dff8a36370e0	4			yes					-1	-1	-1	-1	
230	223	652ed43976d97b3f	5			yes					-1	-1	-1	-1	-1	
231	223	901d61e5db967e35	5			yes					-1	-1	-1	-1	232	
232	231	871712d07402bc18	4			yes					-1	-1	-1	-1	
233	223	c580d71ab1f336bf	5			yes					-1	-1	-1	-1	-1	
234	219	234614f16928134f	3			yes					-1	235	236	
235	234	1cc3d77bb11b4256	4			yes					-1	-1	-1	-1	
236	234	a2f5ab1832e7ef35	5			yes					237	-1	238	-1	239	
237	236	6bd3c157356fe78a	4			yes					-1	-1	-1	-1	
238	236	32c52c0f450501b1	4			yes					-1	-1	-1	-1	
239	236	717ac71a3cf12d77	4			yes					-1	-1	-1	-1	
240	219	6a1230bd11283b25	3			yes					-1	-1	241	
241	240	b48461e792fee063	5			yes					-1	-1	-1	-1	-1	
242	219	2f6fd2d9328f9cd6	3			yes					-1	-1	-1	
243	161	0f6fd8795e6440a9	4			yes					244	254	258	260	
244	243	69542eec14ebf415	3			yes					245	247	252	
245	244	3ad43d53a71aa7d4	5			yes					-1	-1	-1	-1	246	
246	245	3babc84fc77032ad	4			yes					-1	-1	-1	-1	
247	244	64ef2254e9a35339	5			yes					248	249	-1	250	251	
248	247	4ba729bddae15ee5	4			yes					-1	-1	-1	-1	
249	247	0f414399d4cd2b0f	4			yes					-1	-1	-1	-1	
250	247	4cadd7f38b96aabe	4			yes					-1	-1	-1	-1	
251	247	6590d74889c9c640	4			yes					-1	-1	-1	-1	
252	244	091a2ce385002f86	5			yes					-1	-1	-1	-1	253	
253	252	61fcdb0ba87ac6b0	4			yes					-1	-1	-1	-1	
254	243	e78f211cb4e28bfe	3			yes					-1	255	-1	
255	254	d7846c8034f4aa23	5			yes					-1	-1	-1	256	257	
256	255	ffc6992756c153a4	4			yes					-1	-1	-1	-1	
257	255	d6fb999c549e3f5a	4			yes					-1	-1	-1	-1	
258	243	d452d4a3a52d0fef	3			yes					-1	-1	259	
259	258	c2a12db4fff027ac	5			yes					-1	-1	-1	-1	-1	
260	243	55e6032a5b4030ad	3			yes					-1	-1	-1	
261	161	e51abaa53dc379b4	5			yes					262	279	285	292	293	
262	261	83214c30774ccd08	4			yes					263	265	271	274	
263	262	ec84eddeb03a84a1	5			yes					-1	-1	-1	-1	264	
264	263	d995c7a32da0e459	4			yes					-1	-1	-1	-1	
265	262	b1915ab65ec85587	5			yes					266	267	-1	268	270	
266	265	9ed9515f6d8a585b	4			yes					-1	-1	-1	-1	
267	265	da3f3b7b63a62db1	4			yes					-1	-1	-1	-1	
268	265	628ffeb1435c087b	4			yes					-1	-1	-1	269	
269	268	a039301ad429d6b1	3			yes					-1	-1	-1	
270	265	7327941dc9bd8b4d	4			yes					-1	-1	-1	-1	
271	262	654fcf85cb84762a	5			yes					-1	272	-1	-1	273	
272	271	0ee1ae48f6ea0e1c	4			yes					-1	-1	-1	-1	
273	271	505ee5f8561e16d2	4			yes					-1	-1	-1	-1	
274	262	6a1e00bf80f986ee	3			yes					-1	275	277	
275	274	a0a8f81fc7ab490f	5			yes					-1	-1	-1	276	-1	
276	275	73b65c18da3f14f3	4			yes					-1	-1	-1	-1	
277	274	958f2d03aee26db1	5			yes					-1	-1	-1	-1	278	
278	277	82855e360176af9c	4			yes					-1	-1	-1	-1	
279	261	0dfa43c0d745b2e3	4			yes					-1	280	283	-1	
280	279	1bd4739b622458bb	5			yes					281	-1	-1	-1	282	
281	280	d2f219d465ac5004	4			yes					-1	-1	-1	-1	
282	280	2ec559e6ffbe3843	4			yes					-1	-1	-1	-1	
283	279	21fce53b76663e48	5			yes					-1	-1	-1	-1	284	
284	283	14edcf46ebfc5eb0	4			yes					-1	-1	-1	-1	
285	261	3e27b67fc68a36f2	4			yes					-1	-1	286	291	
286	285	a2ee3d3d06420898	5			yes					287	288	289	-1	290	
287	286	6bc8577201ca0027	4			yes					-1	-1	-1	-1	
288	286	760fc9bc09229bea	4			yes					-1	-1	-1	-1	
289	286	d7d7ce176cffcde0	4			yes					-1	-1	-1	-1	
290	286	b0d8ba4824f54b51	4			yes					-1	-1	-1	-1	
291	285	d718faf0313f7d14	3			yes					-1	-1	-1	
292	261	bcd94fa5acf57b4b	4			yes					-1	-1	-1	-1	
293	261	0c25f62aca763252	4			yes					-1	-1	-1	-1	
294	0	7f498a85a2531985	5			yes					-1	-1	295	352	366	
295	294	3c2ee2569e14b3f9	5			yes					296	318	335	340	351	
296	295	5a1514c3d49b0745	4			yes					297	303	304	309	
297	296	0550ac3dd0a70506	5			yes					298	299	300	301	302	
298	297	c9ca42e88bad55cb	4			yes					-1	-1	-1	-1	
299	297	13ae9aa825a66be5	4			yes					-1	-1	-1	-1	
300	297	a54efa98971c90f0	4			yes					-1	-1	-1	-1	
301	297	7b057bf989da3ea1	4			yes					-1	-1	-1	-1	
302	297	042f5921b0cd907f	4			yes					-1	-1	-1	-1	
303	296	d95915a8b8080e0a	4			yes					-1	-1	-1	-1	
304	296	39659df9833688f7	5			yes					-1	305	306	307	308	
305	304	0321ebf107247455	4			yes					-1	-1	-1	-1	
306	304	e494e3175e8f6602	4			yes					-1	-1	-1	-1	
307	304	6304c7ea69e6896d	4			yes					-1	-1	-1	-1	
308	304	7b3ffcd30e17701e	4			yes					-1	-1	-1	-1	
309	296	c3676029e61cb6a3	6			yes					-1	310	312	314	315	317	
310	309	f9231621620e4a01	5			yes					-1	-1	-1	-1	311	
311	310	ee296514cd9a882c	4			yes					-1	-1	-1	-1	
312	309	1e961ec73ba55856	5			yes					-1	-1	-1	-1	313	
313	312	099c6df294319a7b	4			yes					-1	-1	-1	-1	
314	309	74c3103f8ea2390e	5			yes					-1	-1	-1	-1	-1	
315	309	81f0a5e323ed3c04	5			yes					-1	-1	-1	-1	316	
316	315	96fad6d68c79fe29	4			yes					-1	-1	-1	-1	
317	309	d46d131c4988748e	5			yes					-1	-1	-1	-1	-1	
318	295	63afe9a1933ad9e6	4			yes					-1	319	320	325	
319	318	11c3d409a7154894	4			yes					-1	-1	-1	-1	
320	318	83c08087e45779cd	5			yes					321	-1	322	323	324	
321	320	4ae6eac8e3df7172	4			yes					-1	-1	-1	-1	
322	320	5e31fe6939ee9738	4			yes					-1	-1	-1	-1	
323	320	d9a1da940e877857	4			yes					-1	-1	-1	-1	
324	320	c19ae1ad69768124	4			yes					-1	-1	-1	-1	
325	318	79c27d57817d4799	6			yes					326	328	329	331	332	334	
326	325	b0e4171886f54f26	5			yes					-1	-1	-1	-1	327	
327	326	a7ee642d29618d0b	4			yes					-1	-1	-1	-1	
328	325	f6eed248d8ea216d	5			yes					-1	-1	-1	-1	-1	
329	325	a43303b95cc4a96c	5			yes					-1	-1	-1	-1	330	
330	329	b339708cf3506b41	4			yes					-1	-1	-1	-1	
331	325	ce660d41e9c3c834	5			yes					-1	-1	-1	-1	-1	
332	325	3b55b89d448ccd3e	5			yes					-1	-1	-1	-1	333	
333	332	2c5fcba8eb180f13	4			yes					-1	-1	-1	-1	
334	325	6ec80e622ee985b4	5			yes					-1	-1	-1	-1	-1	
335	295	84b0372f67b69892	4			yes					-1	-1	336	337	
336	335	f0b393804b1934c4	4			yes					-1	-1	-1	-1	
337	335	60790862d697dc5c	3			yes					338	339	-1	
338	337	3ced2c785d0ed4a0	5			yes					-1	-1	-1	-1	-1	
339	337	f477edd94213923e	5			yes					-1	-1	-1	-1	-1	
340	295	65ed17560f22b106	4			yes					-1	-1	-1	341	
341	340	7a193316250e2e4e	6			yes					342	344	346	348	-1	350	
342	341	b33f5959228626f1	5			yes					-1	-1	-1	-1	343	
343	342	a4352a6c8d12e4dc	4			yes					-1	-1	-1	-1	
344	341	38a6a881d624dddb	5			yes					-1	-1	-1	-1	345	
345	344	2facdbb479b01ff6	4			yes					-1	-1	-1	-1	
346	341	67b107fb0dd7abb8	5			yes					-1	-1	-1	-1	347	
347	346	70bb74cea2436995	4			yes					-1	-1	-1	-1	
348	341	da0765b362b5bbb8	5			yes					-1	-1	-1	-1	349	
349	348	cd0d1686cd217995	4			yes					-1	-1	-1	-1	
350	341	6d1340238a9aec63	5			yes					-1	-1	-1	-1	-1	
351	295	d8e7dd1b2f35f737	4			yes					-1	-1	-1	-1	
352	294	5129a42a618267cf	4			yes					353	361	364	365	
353	352	371252bf2b0dd373	3			yes					354	359	360	
354	353	fe8074cc82be997c	5			yes					-1	355	356	357	358	
355	354	e87e425977bff79f	4			yes					-1	-1	-1	-1	
356	354	1e8c5b84fff83886	4			yes					-1	-1	-1	-1	
357	354	c67bc13bedc38267	4			yes					-1	-1	-1	-1	
358	354	029342ffbc3084cf	4			yes					-1	-1	-1	-1	
359	353	5c6245e9e11baf21	5			yes					-1	-1	-1	-1	-1	
360	353	b208975c90188f1a	5			yes					-1	-1	-1	-1	-1	
361	352	0ea8afdd6cac0dd0	3			yes					-1	362	363	
362	361	94f88448fe06e9bf	5			yes					-1	-1	-1	-1	-1	
363	361	08ad8a22f7797e20	5			yes					-1	-1	-1	-1	-1	
364	352	633326314285aea7	3			yes					-1	-1	-1	
365	352	0ba07f7964a617cb	3			yes					-1	-1	-1	
366	294	bb5cc6f602255ed2	5			yes					367	380	387	390	391	
367	366	dd67306348aaea6e	4			yes					368	373	375	378	
368	367	868bee671d457ab9	5			yes					-1	369	370	371	372	
369	368	9075d8f2e844145a	4			yes					-1	-1	-1	-1	
370	368	6687c12f6003db43	4			yes					-1	-1	-1	-1	
371	368	f8de39a34438411e	4			yes					-1	-1	-1	-1	
372	368	443d20cc8a30a473	4			yes					-1	-1	-1	-1	
373	367	6d213ad90618bb7a	5			yes					-1	-1	-1	-1	374	
374	373	583010a49b82db82	4			yes					-1	-1	-1	-1	
375	367	37ed0420e5e94817	5			yes					-1	376	-1	-1	377	
376	375	0da9722861fbb4b5	4			yes					-1	-1	-1	-1	
377	375	0253f98ada27dca4	4			yes					-1	-1	-1	-1	
378	367	34587cecbf1fa188	3			yes					379	-1	-1	
379	378	97b24cce84266631	5			yes					-1	-1	-1	-1	-1	
380	366	e4ddcd010f0b34cd	4			yes					-1	381	383	386	
381	380	a5bbfb781905fde4	5			yes					-1	-1	-1	-1	382	
382	381	90aad105849f9d1c	4			yes					-1	-1	-1	-1	
383	380	8d48195e8288b92d	5			yes					384	-1	-1	-1	385	
384	383	446e73118500b192	4			yes					-1	-1	-1	-1	
385	383	b8f6e4f4bd462d9e	4			yes					-1	-1	-1	-1	
386	380	0de2818ef8be7f2b	3			yes					-1	-1	-1	
387	366	894644ed212297ba	4			yes					-1	-1	388	-1	
388	387	098b10f24a74740e	5			yes					-1	-1	-1	-1	389	
389	388	3c9a3a8fd7ee14f6	4			yes					-1	-1	-1	-1	
390	366	e29f33f693135c2d	4			yes					-1	-1	-1	-1	
391	366	52638a79f5901534	4			yes					-1	-1	-1	-1	
392	0	7733d919f03a0798	5			yes					-1	-1	-1	393	431	
393	392	c18c2bed4a731005	5			yes					394	410	420	428	430	
394	393	a7b7dd7800fca4b9	4			yes					395	400	404	405	
395	394	12cee3749a3fc315	5			yes					-1	396	397	398	399	
396	395	a86c3bb44d42c393	4			yes					-1	-1	-1	-1	
397	395	b2d0b5d1dd8456e3	4			yes					-1	-1	-1	-1	
398	395	2a355683f542d80e	4			yes					-1	-1	-1	-1	
399	395	eeddd547a4b1dea6	4			yes					-1	-1	-1	-1	
400	394	f4e55b16472ceb13	5			yes					-1	-1	401	402	403	
401	400	3b9794a1346b8cfd	4			yes					-1	-1	-1	-1	
402	400	cc1eeee12851f008	4			yes					-1	-1	-1	-1	
403	400	08f66d2579a2f6a0	4			yes					-1	-1	-1	-1	
404	394	b97e1f7a67f65e9b	4			yes					-1	-1	-1	-1	
405	394	869c12649edb43e1	6			yes					-1	-1	406	407	408	409	
406	405	84a988673c567a30	5			yes					-1	-1	-1	-1	-1	
407	405	81e7069c118e23e9	5			yes					-1	-1	-1	-1	-1	
408	405	11dc90225895270f	5			yes					-1	-1	-1	-1	-1	
409	405	503d38404ddafbb1	5			yes					-1	-1	-1	-1	-1	
410	393	9e0d201a475d7a1a	4			yes					-1	411	416	417	
411	410	3c7f9ab75831ad8d	5			yes					412	-1	413	414	415	
412	411	f559f0f85fb9a532	4			yes					-1	-1	-1	-1	
413	411	f30d55002b76ca63	4			yes					-1	-1	-1	-1	
414	411	04842f40374cb696	4			yes					-1	-1	-1	-1	
415	411	c06cac8466bfb03e	4			yes					-1	-1	-1	-1	
416	410	9dfd03480ab5cb42	5			yes					-1	-1	-1	-1	-1	
417	410	8f2adfcf654fe98f	3			yes					418	419	-1	
418	417	83a7def6b4679cbd	5			yes					-1	-1	-1	-1	-1	
419	417	ad16a7357669f225	5			yes					-1	-1	-1	-1	-1	
420	393	d0c4619bcd29225c	4			yes					-1	-1	421	422	
421	420	a1747b8e769a1322	5			yes					-1	-1	-1	-1	-1	
422	420	b8638d2d04ca7a6c	6			yes					423	424	-1	425	426	427	
423	422	7145e762034272d3	5			yes					-1	-1	-1	-1	-1	
424	422	fadc16baf7e089f9	5			yes					-1	-1	-1	-1	-1	
425	422	bf1899d58b9f1a64	5			yes					-1	-1	-1	-1	-1	
426	422	2f230f6bc2841e82	5			yes					-1	-1	-1	-1	-1	
427	422	6ec2a709d7cbc23c	5			yes					-1	-1	-1	-1	-1	
428	393	39d548c1e2e97f6f	4			yes					-1	-1	-1	429	
429	428	28f2b714c0fbecfa	3			yes					-1	-1	-1	
430	393	d0abd43868618390	4			yes					-1	-1	-1	-1	
431	392	607926b2a5c84421	5			yes					432	448	458	462	463	
432	431	0642d027ef47f09d	4			yes					433	438	443	445	
433	432	6ac579df05c420d0	5			yes					-1	434	435	436	437	
434	433	d067a11fd2b92056	4			yes					-1	-1	-1	-1	
435	433	cadb2f7a427fb526	4			yes					-1	-1	-1	-1	
436	433	1490ae1b5cb91b77	4			yes					-1	-1	-1	-1	
437	433	a873b77492b1fe1a	4			yes					-1	-1	-1	-1	
438	432	8ceec1bdd8d708d6	5			yes					-1	439	440	441	442	
439	438	b57a78fe0023e150	4			yes					-1	-1	-1	-1	
440	438	439c0e0aab906f38	4			yes					-1	-1	-1	-1	
441	438	f2bb167981aa3371	4			yes					-1	-1	-1	-1	
442	438	4e580f164fa2d61c	4			yes					-1	-1	-1	-1	
443	432	83674828155441b8	5			yes					-1	-1	-1	-1	444	
444	443	b676625588ce2140	4			yes					-1	-1	-1	-1	
445	432	ef7d9ca818f2bb7b	3			yes					446	447	-1	
446	445	7bfcdb769ca73c58	5			yes					-1	-1	-1	-1	-1	
447	445	9dd7631441b4145e	5			yes					-1	-1	-1	-1	-1	
448	431	3ff82d45a8e62e3e	4			yes					-1	449	454	456	
449	448	4474001cc7ca4e48	5			yes					450	-1	451	452	453	
450	449	8d526a53c04246f7	4			yes					-1	-1	-1	-1	
451	449	8b06cfabb48d29a6	4			yes					-1	-1	-1	-1	
452	449	3a21d7d89eb775ef	4			yes					-1	-1	-1	-1	
453	449	86c2ceb750bf9082	4			yes					-1	-1	-1	-1	
454	448	d61b2a33ebdcd12b	5			yes					-1	-1	-1	-1	455	
455	454	e30a004e7646b1d3	4			yes					-1	-1	-1	-1	
456	448	d6c761ca5f5365d8	3			yes					-1	457	-1	
457	456	554da2b55ea952c0	5			yes					-1	-1	-1	-1	-1	
458	431	71316cc422927678	4			yes					-1	-1	459	461	
459	458	ea9252f597f3094b	5			yes					-1	-1	-1	-1	460	
460	459	df8378880a6969b3	4			yes					-1	-1	-1	-1	
461	458	980e204bd5273d9e	3			yes					-1	-1	-1	
462	431	c1cdfb9b374ea71c	4			yes					-1	-1	-1	-1	
463	431	89466a3d527d0fc7	4			yes					-1	-1	-1	-1	
464	0	df7e8aae9e2afdd9	5			yes					-1	-1	-1	-1	465	
465	464	51beac0936915ddb	4			yes					466	486	504	526	
466	465	8e150c1860ab05a0	5			yes					467	472	481	484	485	
467	466	4195e63e1ae616c9	4			yes					468	469	-1	470	
468	467	2b2378f6d80665f3	5			yes					-1	-1	-1	-1	-1	
469	467	156bdf46b3c1dee5	5			yes					-1	-1	-1	-1	-1	
470	467	45c4c3e6779f4f54	6			yes					-1	-1	-1	-1	-1	471	
471	470	689d4112bc7dcd33	5			yes					-1	-1	-1	-1	-1	
472	466	9f5d466ee7f137f9	4			yes					-1	473	-1	478	
473	472	b87eea6aa5b4c2bb	6			yes					474	475	-1	-1	476	477	
474	473	f5bb6b2aba71e6ba	5			yes					-1	-1	-1	-1	-1	
475	473	fac171fd569e312e	5			yes					-1	-1	-1	-1	-1	
476	473	dfaba8ac7a0d04dc	5			yes					-1	-1	-1	-1	-1	
477	473	8d6fc017382ea243	5			yes					-1	-1	-1	-1	-1	
478	472	46045ae267fbfe3c	3			yes					479	480	-1	
479	478	8064d0b5a0e2df0e	5			yes					-1	-1	-1	-1	-1	
480	478	a03642e3f3cc2024	6			yes					-1	-1	-1	-1	-1	-1	
481	466	552800c29be24ae6	4			yes					-1	-1	-1	482	
482	481	8c711c4e1be88323	3			yes					483	-1	-1	
483	482	be2c7705cb256418	5			yes					-1	-1	-1	-1	-1	
484	466	dcacb0068654a7b3	4			yes					-1	-1	-1	-1	
485	466	574c1094e0a1cc65	4			yes					-1	-1	-1	-1	
486	465	de06a3b83db55b7b	5			yes					487	495	499	502	503	
487	486	b83d552d773aefc7	4			yes					488	489	-1	491	
488	487	f91d06e45005ec67	5			yes					-1	-1	-1	-1	-1	
489	487	a72619e31ebc188a	5			yes					-1	-1	-1	490	-1	
490	489	8f64ec447c89e10d	4			yes					-1	-1	-1	-1	
491	487	616449a1f7302602	3			yes					492	493	-1	
492	491	525aaea728e1569a	5			yes					-1	-1	-1	-1	-1	
493	491	0c61b1a06658a277	5			yes					-1	-1	-1	494	-1	
494	493	24234407046d5bf0	4			yes					-1	-1	-1	-1	
495	486	36e65addd733902c	4			yes					-1	496	-1	497	
496	495	144d5737c3ebe190	5			yes					-1	-1	-1	-1	-1	
497	495	0b2bd68014f05fa9	6			yes					-1	-1	-1	-1	-1	498	
498	497	26725474df12ddce	5			yes					-1	-1	-1	-1	-1	
499	486	053baf62c6fc143d	4			yes					-1	-1	-1	500	
500	499	dc62b3ee46f6ddf8	3			yes					-1	501	-1	
501	500	bf0aff74bb0f5b6d	5			yes					-1	-1	-1	-1	-1	
502	486	8cbf1fa6db4af968	4			yes					-1	-1	-1	-1	
503	486	075fbf34bdbf92be	4			yes					-1	-1	-1	-1	
504	465	8040dfeb02537c1d	5			yes					505	516	521	524	525	
505	504	e67b297e48dcc8a1	4			yes					506	510	-1	512	
506	505	50572a44fe132250	6			yes					-1	-1	507	-1	508	509	
507	506	b05b050c835583aa	5			yes					-1	-1	-1	-1	-1	
508	506	3782688221aae437	5			yes					-1	-1	-1	-1	-1	
509	506	65460039638942a8	5			yes					-1	-1	-1	-1	-1	
510	505	9fab7e5e1604e492	5			yes					-1	-1	-1	-1	-1	
511	505	4a53e686ce830a90	5			no					-1	-2	-2	-2	-2	
512	505	3f2235f2c8d60164	3			yes					513	515	-1	
513	512	481f82cda86bc0cf	6			yes					-1	-1	-1	-1	514	-1	
514	513	2fcac00b77d206a8	5			yes					-1	-1	-1	-1	-1	
515	512	34ecd61d6ee05e6f	5			yes					-1	-1	-1	-1	-1	
516	504	dfc1d41c0f7d1602	4			yes					-1	517	-1	519	
517	516	5731bfff0919a20c	5			yes					-1	-1	-1	-1	-1	
518	516	f0f6fbf8a9e2fbaa	5			no					-1	-1	-1	-1	-2	
519	516	0698c8908f77dfc7	3			yes					-1	520	-1	
520	519	fc7617bc71fd18f1	5			yes					-1	-1	-1	-1	-1	
521	504	b25a5df02154b575	4			yes					-1	-1	-1	522	
522	521	b472813e6d340108	6			yes					-1	-1	-1	-1	-1	523	
523	522	992b03caa6d6836f	5			yes					-1	-1	-1	-1	-1	
524	504	d2f963f5e4acde0e	4			yes					-1	-1	-1	-1	
525	504	5919c3678259b5d8	4			yes					-1	-1	-1	-1	
526	465	21bbbec7a52c31c7	5			yes					527	535	540	541	-1	
527	526	47804852efa3857b	4			yes					528	532	-1	-1	
528	527	bc19bdfce6927839	6			yes					-1	-1	529	-1	530	531	
529	528	1c07eb59a129edcf	5			yes					-1	-1	-1	-1	-1	
530	528	dbccff3a392bbe5e	5			yes					-1	-1	-1	-1	-1	
531	528	890897817b0818c1	5			yes					-1	-1	-1	-1	-1	
532	527	5a32059e3b81503f	6			yes					-1	-1	-1	-1	533	534	
533	532	3de74758e4389658	5			yes					-1	-1	-1	-1	-1	
534	532	6f232fe3a61b30c7	5			yes					-1	-1	-1	-1	-1	
535	526	7e3ab530a8025bd8	4			yes					-1	536	-1	-1	
536	535	92a8c43f249c16a1	6			yes					537	-1	-1	-1	538	539	
537	536	5b8eae7023141e1e	5			yes					-1	-1	-1	-1	-1	
538	536	f57d86f9fb25d0c6	5			yes					-1	-1	-1	-1	-1	
539	536	a7b9ee42b9067659	5			yes					-1	-1	-1	-1	-1	
540	526	30f3f4b12276039e	4			yes					-1	-1	-1	-1	
541	526	d9e2ddeb0db65ead	4			yes					-1	-1	-1	-1	
542	0	1e4bd0cc7d8fe56e	5			yes					-1	-1	-1	-1	-1	
