Number of nodes
452
ID	PID	Hash_Value			File_Number	Fully_Enumerated	Children
0	-1	d43a45f184dfd095	6			yes					1	139	253	344	409	451	
1	0	37a76b4863364001	5			yes					2	53	75	96	110	
2	1	cc030a73889152e5	5			yes					3	14	30	45	52	
3	2	b2c3110bf9970efe	4			yes					4	5	7	9	
4	3	026ec925dff0af5c	4			yes					-1	-1	-1	-1	
5	3	cce22051bc1018c8	4			yes					-1	6	-1	-1	
6	5	be90f3ddf6e93d53	3			yes					-1	-1	-1	
7	3	bc38ba56541dc264	5			yes					-1	-1	-1	-1	8	
8	7	1c56c8bc3cfc12ec	4			yes					-1	-1	-1	-1	
9	3	22f9642adcf86bef	3			yes					10	11	13	
10	9	15e59b0f6c0a29d1	4			yes					-1	-1	-1	-1	
11	9	45422259d364b0a3	5			yes					-1	-1	-1	-1	12	
12	11	81c8303182d33ba5	4			yes					-1	-1	-1	-1	
13	9	59da8cb7f1de997f	5			yes					-1	-1	-1	-1	-1	
14	2	1673c963c79c33f1	4			yes					-1	15	22	26	
15	14	7127b9464588c32e	5			yes					16	18	19	20	21	
16	15	85a03398e21d08f5	4			yes					17	-1	-1	-1	
17	16	dbc6dec3e340750f	3			yes					-1	-1	-1	
18	15	2f41541d44d5bed4	4			yes					-1	-1	-1	-1	
19	15	015102cc66107bca	4			yes					-1	-1	-1	-1	
20	15	647287e387586755	4			yes					-1	-1	-1	-1	
21	15	cfc2e2aa4780aabe	4			yes					-1	-1	-1	-1	
22	14	16b81cfc9faf41ea	5			yes					23	24	-1	-1	25	
23	22	e23f9622383a8a31	4			yes					-1	-1	-1	-1	
24	22	48def1a79ef23c10	4			yes					-1	-1	-1	-1	
25	22	d3ed131897232d90	4			yes					-1	-1	-1	-1	
26	14	bed5355ae27593bf	5			yes					27	28	-1	29	-1	
27	26	4a52bf8445e05864	4			yes					-1	-1	-1	-1	
28	26	e0b3d801e328ee45	4			yes					-1	-1	-1	-1	
29	26	439ae59b28b1231c	4			yes					-1	-1	-1	-1	
30	2	218998ae4fafc027	4			yes					-1	-1	31	36	
31	30	ddc89a17ec20b6f1	5			yes					32	33	34	-1	35	
32	31	294f10c94bb57d2a	4			yes					-1	-1	-1	-1	
33	31	83ae774ced7dcb0b	4			yes					-1	-1	-1	-1	
34	31	afba499ba6d9936a	4			yes					-1	-1	-1	-1	
35	31	6ab316a36f306a7b	4			yes					-1	-1	-1	-1	
36	30	ee728c0c5d1b0acd	6			yes					37	39	41	-1	43	44	
37	36	1af506d2fa8ec116	5			yes					-1	-1	-1	-1	38	
38	37	de7f14baab394a10	4			yes					-1	-1	-1	-1	
39	36	b01461575c467737	5			yes					-1	-1	-1	-1	40	
40	39	749e733f0df1fc31	4			yes					-1	-1	-1	-1	
41	36	9c005f8017e22f56	5			yes					-1	-1	-1	-1	42	
42	41	588a4de84655a450	4			yes					-1	-1	-1	-1	
43	36	b77a11343bcfb044	5			yes					-1	-1	-1	-1	-1	
44	36	2af89e640cac81cb	5			yes					-1	-1	-1	-1	-1	
45	2	d9003f94dc5acadc	4			yes					-1	-1	-1	46	
46	45	f2ea22e27fa12311	6			yes					47	48	49	50	-1	51	
47	46	066da83cd834e8ca	5			yes					-1	-1	-1	-1	-1	
48	46	ac8ccfb97efc5eeb	5			yes					-1	-1	-1	-1	-1	
49	46	8098f16e3558068a	5			yes					-1	-1	-1	-1	-1	
50	46	23546d6df2b5d241	5			yes					-1	-1	-1	-1	-1	
51	46	4237de57b26974f3	5			yes					-1	-1	-1	-1	-1	
52	2	5c397f52adfe37f4	4			yes					-1	-1	-1	-1	
53	1	1cd6b73605252918	4			yes					54	61	67	74	
54	53	b40096e1a05ce328	3			yes					55	56	58	
55	54	6a132680b820841c	4			yes					-1	-1	-1	-1	
56	54	821bf732fde6086f	5			yes					-1	-1	-1	-1	57	
57	56	227585d89507d8e7	4			yes					-1	-1	-1	-1	
58	54	7723535610109639	5			yes					-1	-1	59	-1	-1	
59	58	a69d1cd99d046769	4			yes					-1	-1	-1	-1	
60	58	253fae22c17a5b92	4			no					-1	-2	-2	-2	
61	53	2def6111d4dd3718	3			yes					-1	62	64	
62	61	b5b4421a1c0789ee	5			yes					-1	-1	-1	-1	63	
63	62	6dbf8e54663a79ab	4			yes					-1	-1	-1	-1	
64	61	81649c84c7e2f537	5			yes					65	66	-1	-1	-1	
65	64	75e3165a60773eec	4			yes					-1	-1	-1	-1	
66	64	2d21bb8dc89d0e9f	4			yes					-1	-1	-1	-1	
67	53	09d582d151eeb121	3			yes					-1	-1	68	
68	67	3eeaa5d4d8786f48	6			yes					69	70	71	72	-1	73	
69	68	ca6d2f0a7feda493	5			yes					-1	-1	-1	-1	-1	
70	68	92af82ddd70794e0	5			yes					-1	-1	-1	-1	-1	
71	68	72bb3b3c3b7a80d8	5			yes					-1	-1	-1	-1	-1	
72	68	ef54ea5b556c9e18	5			yes					-1	-1	-1	-1	-1	
73	68	8e37596115b038aa	5			yes					-1	-1	-1	-1	-1	
74	53	8cecc217204a4c09	3			yes					-1	-1	-1	
75	1	8a1eccd8d7f2ccc9	4			yes					76	81	93	95	
76	75	22c8ed0f728b06f9	3			yes					77	-1	78	
77	76	92d1aae1ff749fd1	4			yes					-1	-1	-1	-1	
78	76	2368637139acc8fb	5			yes					-1	79	80	-1	-1	
79	78	511ab0fd7355ed60	4			yes					-1	-1	-1	-1	
80	78	98be51bd34ffad62	4			yes					-1	-1	-1	-1	
81	75	506e0fc898ffaddd	3			yes					-1	82	84	
82	81	372412136348ce5e	5			yes					-1	-1	-1	-1	83	
83	82	b6b5ecdce8af7a56	4			yes					-1	-1	-1	-1	
84	81	822ff12669111d5f	6			yes					85	87	89	91	-1	92	
85	84	76a87bf8ce84d684	5			yes					-1	-1	-1	-1	86	
86	85	b22269909f335d82	4			yes					-1	-1	-1	-1	
87	84	2e6ad62f666ee6f7	5			yes					-1	-1	-1	-1	88	
88	87	eae0c44737d96df1	4			yes					-1	-1	-1	-1	
89	84	57447576e263708d	5			yes					-1	-1	-1	-1	90	
90	89	93ce671eb3d4fb8b	4			yes					-1	-1	-1	-1	
91	84	4c750ef0a0348ad8	5			yes					-1	-1	-1	-1	-1	
92	84	46a5e34e38a69659	5			yes					-1	-1	-1	-1	-1	
93	75	e29c97e6cf1bce35	3			yes					-1	-1	94	
94	93	81d82fbc9db64a5c	5			yes					-1	-1	-1	-1	-1	
95	75	1a24b9f9f29da9d8	3			yes					-1	-1	-1	
96	1	939bfab8cb690e67	4			yes					97	100	107	109	
97	96	3b4ddb6f6e10c457	3			yes					98	99	-1	
98	97	68bc16bb7d05c30b	5			yes					-1	-1	-1	-1	-1	
99	97	5568a7a3388ee51d	5			yes					-1	-1	-1	-1	-1	
100	96	49eb39a884646f73	3			yes					-1	101	106	
101	100	a095b6a8ca976a0c	5			yes					102	103	-1	104	105	
102	101	54123c766d02a1d7	4			yes					-1	-1	-1	-1	
103	101	0cd091a1c5e891a4	4			yes					-1	-1	-1	-1	
104	101	2ed8aed776853039	4			yes					-1	-1	-1	-1	
105	101	a6f90e223760d2a2	4			yes					-1	-1	-1	-1	
106	100	7e5af5bddb1c9ed2	5			yes					-1	-1	-1	-1	-1	
107	96	7e1168650c579ca5	3			yes					-1	-1	108	
108	107	aaab03ad2f38bd74	5			yes					-1	-1	-1	-1	-1	
109	96	9f2c701a2d4a39e6	3			yes					-1	-1	-1	
110	1	f49b748761b942ee	5			yes					111	117	129	137	138	
111	110	5c4d5550c4c088de	4			yes					112	114	116	-1	
112	111	cefe6a6b26eb8c4e	5			yes					-1	-1	-1	-1	113	
113	112	9d3e5ed2dcded28c	4			yes					-1	-1	-1	-1	
114	111	04246d96fa6a8cd4	5			yes					-1	-1	-1	-1	115	
115	114	57e4592f005fd216	4			yes					-1	-1	-1	-1	
116	111	025ad3d11649e34a	5			yes					-1	-1	-1	-1	-1	
117	110	2eebb7972eb423fa	4			yes					-1	118	123	127	
118	117	68f74139eeea0471	5			yes					119	120	-1	121	122	
119	118	9c70cbe7497fcfaa	4			yes					-1	-1	-1	-1	
120	118	c4b26630e195ffd9	4			yes					-1	-1	-1	-1	
121	118	7da27f9c2c3aa00a	4			yes					-1	-1	-1	-1	
122	118	3de128f849a22cec	4			yes					-1	-1	-1	-1	
123	117	abbdb957b115d7bc	5			yes					124	125	-1	-1	126	
124	123	5f3a338916801c67	4			yes					-1	-1	-1	-1	
125	123	07f89e5ebe6a2c14	4			yes					-1	-1	-1	-1	
126	123	21ced94a9901abc2	4			yes					-1	-1	-1	-1	
127	117	505f86ed368cc0cb	3			yes					-1	128	-1	
128	127	6ffdd58c98c8e147	5			yes					-1	-1	-1	-1	-1	
129	110	1911e65aa687d02c	4			yes					-1	-1	130	136	
130	129	8b9ec7e9e6fba0fe	6			yes					131	132	133	-1	134	135	
131	130	7f194d37416e6b25	5			yes					-1	-1	-1	-1	-1	
132	130	27dbe0e0e9845b56	5			yes					-1	-1	-1	-1	-1	
133	130	f9ec1465ac028565	5			yes					-1	-1	-1	-1	-1	
134	130	cb50e8489b27b2eb	5			yes					-1	-1	-1	-1	-1	
135	130	d85ef3501ccefe3c	5			yes					-1	-1	-1	-1	-1	
136	129	67a5d720bebf331d	3			yes					-1	-1	-1	
137	110	e19841603572dad7	4			yes					-1	-1	-1	-1	
138	110	8a2f45fd7981a1df	4			yes					-1	-1	-1	-1	
139	0	663b8b2de4a10ea8	5			yes					-1	140	190	212	225	
140	139	0b0473a129bb00bb	5			yes					141	160	167	182	189	
141	140	77209b45865f3f8d	4			yes					142	143	150	154	
142	141	a6167250db7df24e	4			yes					-1	-1	-1	-1	
143	141	b453462379729ce0	5			yes					144	145	147	148	149	
144	143	16192525e871c458	4			yes					-1	-1	-1	-1	
145	143	b36f5b44c15c34c8	4			yes					-1	146	-1	-1	
146	145	d7952e543f81c9ce	3			yes					-1	-1	-1	
147	143	d0a9333387af61e6	4			yes					-1	-1	-1	-1	
148	143	2c10bd8cad0c1113	4			yes					-1	-1	-1	-1	
149	143	59cff0de038e8065	4			yes					-1	-1	-1	-1	
150	141	ce85ebc3322807f8	5			yes					-1	151	152	-1	153	
151	150	c9b9f6a48a06afd0	4			yes					-1	-1	-1	-1	
152	150	02b8f2b57b12779f	4			yes					-1	-1	-1	-1	
153	150	0bd0e4273aa46b82	4			yes					-1	-1	-1	-1	
154	141	33826fdb0fb9d7ad	5			yes					155	156	157	158	-1	
155	154	91c80cdd9eba8f15	4			yes					-1	-1	-1	-1	
156	154	34be72bcb7977f85	4			yes					-1	-1	-1	-1	
157	154	ffbf76ad4683a7ca	4			yes					-1	-1	-1	-1	
158	154	d2f103077861d922	4			yes					-1	-1	-1	-1	
159	154	88380bcb17cf8e78	4			no					-1	-2	-2	-1	
160	140	14973aff197e50dc	4			yes					-1	161	162	163	
161	160	e57cbc959baea9f2	4			yes					-1	-1	-1	-1	
162	160	95a6269273a3735e	5			yes					-1	-1	-1	-1	-1	
163	160	84ad4fde3c1135cd	3			yes					164	165	-1	
164	163	6471ffec0e9d33ac	4			yes					-1	-1	-1	-1	
165	163	6cdcbe9df4da0199	5			yes					-1	-1	-1	-1	166	
166	165	a856acf5a56d8a9f	4			yes					-1	-1	-1	-1	
167	140	e68ee17cee859279	4			yes					-1	-1	168	173	
168	167	5c65c55ec5fe63e0	5			yes					169	170	171	-1	172	
169	168	176c5dade24eb721	4			yes					-1	-1	-1	-1	
170	168	02032805c4a31e1a	4			yes					-1	-1	-1	-1	
171	168	10345bb626fc8c70	4			yes					-1	-1	-1	-1	
172	168	eb1e49ea46eebf6a	4			yes					-1	-1	-1	-1	
173	167	6fdfd34574c5dfdc	6			yes					174	176	178	-1	180	181	
174	173	24d64bb653750b1d	5			yes					-1	-1	-1	-1	175	
175	174	e05c59de02c2801b	4			yes					-1	-1	-1	-1	
176	173	31b93e1e7598a226	5			yes					-1	-1	-1	-1	177	
177	176	f5332c76242f2920	4			yes					-1	-1	-1	-1	
178	173	238e4dad97c7304c	5			yes					-1	-1	-1	-1	179	
179	178	e7045fc5c670bb4a	4			yes					-1	-1	-1	-1	
180	173	36d74e7d12116555	5			yes					-1	-1	-1	-1	-1	
181	173	ab55c12d257254da	5			yes					-1	-1	-1	-1	-1	
182	140	1e0746467d709882	4			yes					-1	-1	-1	183	
183	182	73477dab567ff600	6			yes					184	185	186	187	-1	188	
184	183	384ee55871cf22c1	5			yes					-1	-1	-1	-1	-1	
185	183	2d2190f057228bfa	5			yes					-1	-1	-1	-1	-1	
186	183	3f16e343b57d1990	5			yes					-1	-1	-1	-1	-1	
187	183	a2f93224db6b0750	5			yes					-1	-1	-1	-1	-1	
188	183	c39a811e9bb7a1e2	5			yes					-1	-1	-1	-1	-1	
189	140	9b3e06800cd465aa	4			yes					-1	-1	-1	-1	
190	139	aa229a73bee1d8ba	4			yes					191	205	209	211	
191	190	d60672971105e78c	3			yes					192	193	194	
192	191	65d0e91d3a086fe1	4			yes					-1	-1	-1	-1	
193	191	fde6e7a7b360b745	4			yes					-1	-1	-1	-1	
194	191	59fc6458c1709a68	6			yes					195	197	199	201	202	203	
195	194	fbb6075e5073c2d0	5			yes					-1	-1	-1	-1	196	
196	195	3f3c153601c449d6	4			yes					-1	-1	-1	-1	
197	194	3688a0b077a3647d	5			yes					-1	-1	-1	-1	198	
198	197	f202b2d82614ef7b	4			yes					-1	-1	-1	-1	
199	194	c2b87f4f6d59e653	5			yes					-1	-1	-1	-1	200	
200	199	06326d273cee6d55	4			yes					-1	-1	-1	-1	
201	194	97a69b8e08550def	5			yes					-1	-1	-1	-1	-1	
202	194	5caa5147136bc617	5			yes					-1	-1	-1	-1	-1	
203	194	9d76763090c7116e	5			yes					-1	-1	-1	204	-1	
204	203	532c89e659e286e9	4			yes					-1	-1	-1	-1	
205	190	849cc6fb926258db	3			yes					-1	-1	206	
206	205	0af6ffb51e1279c1	5			yes					207	-1	-1	-1	-1	
207	206	41ff674639a2ad00	4			yes					-1	-1	-1	-1	
208	206	b120cd7913411c58	4			no					-1	-1	-1	-2	
209	190	c2a0c14da608da46	3			yes					-1	-1	210	
210	209	cc75f7c313b1d314	5			yes					-1	-1	-1	-1	-1	
211	190	3a18ef529b8ebdab	3			yes					-1	-1	-1	
212	139	b3a7ac13a27a1a14	4			yes					213	220	222	224	
213	212	cf8344f70d9e2522	3			yes					214	215	219	
214	213	893e1c502c6c4ad5	5			yes					-1	-1	-1	-1	-1	
215	213	83b70c5854798cae	5			yes					-1	216	-1	217	218	
216	215	ecc3c8b0e2aa72bb	4			yes					-1	-1	-1	-1	
217	215	a95e33933e2065dc	4			yes					-1	-1	-1	-1	
218	215	3d5257b45671e53e	4			yes					-1	-1	-1	-1	
219	213	caa782b960200010	5			yes					-1	-1	-1	-1	-1	
220	212	9d19f09b8ef99a75	3			yes					-1	221	-1	
221	220	7cf63b671f305427	5			yes					-1	-1	-1	-1	-1	
222	212	5e2d3ece654488d6	3			yes					-1	-1	223	
223	222	e706dbd2a13f243c	5			yes					-1	-1	-1	-1	-1	
224	212	bf1026b144592d95	3			yes					-1	-1	-1	
225	139	d4a7222c08aa569d	5			yes					226	239	243	251	252	
226	225	a883cac8a74e69ab	4			yes					227	229	234	236	
227	226	174ff7867bb9a805	5			yes					-1	-1	-1	-1	228	
228	227	448fc33f818cf6c7	4			yes					-1	-1	-1	-1	
229	226	f8907b581a20006f	5			yes					230	231	-1	232	233	
230	229	5ada185e8b2358d7	4			yes					-1	-1	-1	-1	
231	229	97e4bfb0acf3fe7a	4			yes					-1	-1	-1	-1	
232	229	bd7ea400533dec7e	4			yes					-1	-1	-1	-1	
233	229	ad861299bd6828f2	4			yes					-1	-1	-1	-1	
234	226	a06dc9c9f8f5e297	5			yes					-1	-1	-1	-1	235	
235	234	f3adfd7002c0bc55	4			yes					-1	-1	-1	-1	
236	226	d637fbb2bf768a9a	3			yes					-1	237	238	
237	236	ff9aefed6c02e559	5			yes					-1	-1	-1	-1	-1	
238	236	04d3e2b2b861a680	5			yes					-1	-1	-1	-1	-1	
239	225	fa197ea42429d6fc	4			yes					-1	240	242	-1	
240	239	2dbaf152ddd43dee	5			yes					-1	-1	-1	-1	241	
241	240	7e7ac5eb27e1632c	4			yes					-1	-1	-1	-1	
242	239	2bc44f1531f75270	5			yes					-1	-1	-1	-1	-1	
243	225	392db0f1cf94c45f	4			yes					-1	-1	244	250	
244	243	c6331f9668fc39b6	6			yes					245	246	247	-1	248	249	
245	244	8d3a87654f4ced77	5			yes					-1	-1	-1	-1	-1	
246	244	9855f2cd69a1444c	5			yes					-1	-1	-1	-1	-1	
247	244	b441cc1a22051c2d	5			yes					-1	-1	-1	-1	-1	
248	244	86fd303715202ba3	5			yes					-1	-1	-1	-1	-1	
249	244	95f32b2f92c96774	5			yes					-1	-1	-1	-1	-1	
250	243	4799818bd7ac276e	3			yes					-1	-1	-1	
251	225	c1a417cb5c61cea4	4			yes					-1	-1	-1	-1	
252	225	aa1313561092b5ac	4			yes					-1	-1	-1	-1	
253	0	1e03d9d41ca5dbd7	5			yes					-1	-1	254	305	319	
254	253	99eec5d16edfe60e	5			yes					255	275	292	297	304	
255	254	e5ca2d35c13bd938	4			yes					256	262	263	267	
256	255	475bfde9dc7333c5	5			yes					257	258	259	260	261	
257	256	5f513e2bafbea1c5	4			yes					-1	-1	-1	-1	
258	256	a4381c77fb4dd714	4			yes					-1	-1	-1	-1	
259	256	fc8dcf25d120565c	4			yes					-1	-1	-1	-1	
260	256	fe5a4b7c5ba87ad8	4			yes					-1	-1	-1	-1	
261	256	f9bea605de7b5a55	4			yes					-1	-1	-1	-1	
262	255	326932df0a40609c	4			yes					-1	-1	-1	-1	
263	255	49e136e1da41e6a5	5			yes					-1	264	265	266	-1	
264	263	08ea49a5c1296553	4			yes					-1	-1	-1	-1	
265	263	3976fadc5c62e916	4			yes					-1	-1	-1	-1	
266	263	4a81a7723e988482	4			yes					-1	-1	-1	-1	
267	255	910148738ee0c4ae	6			yes					-1	268	270	272	273	274	
268	267	d00a373795884758	5			yes					-1	-1	-1	-1	269	
269	268	1480255fc43fcc5e	4			yes					-1	-1	-1	-1	
270	267	e196844e08c3cb1d	5			yes					-1	-1	-1	-1	271	
271	270	251c96265974401b	4			yes					-1	-1	-1	-1	
272	267	5f5bb7a547c55329	5			yes					-1	-1	-1	-1	-1	
273	267	94577d6c5cfb98d1	5			yes					-1	-1	-1	-1	-1	
274	267	558b5a1bdf574fa8	5			yes					-1	-1	-1	-1	-1	
275	254	f7143f335a01b3bc	4			yes					-1	276	277	281	
276	275	767b29a411d5ae69	4			yes					-1	-1	-1	-1	
277	275	281e794007546049	5			yes					278	-1	279	280	-1	
278	277	6317e1b320e4b488	4			yes					-1	-1	-1	-1	
279	277	5889b57d81776ffa	4			yes					-1	-1	-1	-1	
280	277	2b7ee8d3e38d026e	4			yes					-1	-1	-1	-1	
281	275	f0fe07d253f54242	6			yes					282	284	286	288	290	291	
282	281	bbf79f2174459683	5			yes					-1	-1	-1	-1	283	
283	282	7f7d8d4925f21d85	4			yes					-1	-1	-1	-1	
284	281	34188c6feb1a9b8c	5			yes					-1	-1	-1	-1	285	
285	284	f0929e07baad108a	4			yes					-1	-1	-1	-1	
286	281	8069cbefd5d64df1	5			yes					-1	-1	-1	-1	287	
287	286	44e3d9878461c6f7	4			yes					-1	-1	-1	-1	
288	281	3ea4f8049ad0d5c5	5			yes					-1	-1	-1	-1	289	
289	288	fa2eea6ccb675ec3	4			yes					-1	-1	-1	-1	
290	281	f5a832cd81ee1e3d	5			yes					-1	-1	-1	-1	-1	
291	281	347415ba0242c944	5			yes					-1	-1	-1	-1	-1	
292	254	97e752c0ea9e97ac	4			yes					-1	-1	293	294	
293	292	0a3a50379c2296f4	5			yes					-1	-1	-1	-1	-1	
294	292	07dd27e1cff1f2bd	3			yes					295	296	-1	
295	294	0827b64cd6402b2a	5			yes					-1	-1	-1	-1	-1	
296	294	4c35ad37cdd5e5df	5			yes					-1	-1	-1	-1	-1	
297	254	8cedf0363a147e37	4			yes					-1	-1	-1	298	
298	297	eb0ccabad81ae49b	6			yes					299	300	301	302	-1	303	
299	298	a0055249ffaa305a	5			yes					-1	-1	-1	-1	-1	
300	298	4749edb3d7651f33	5			yes					-1	-1	-1	-1	-1	
301	298	a75d54523b180b0b	5			yes					-1	-1	-1	-1	-1	
302	298	50daf876d5498102	5			yes					-1	-1	-1	-1	-1	
303	298	5bd1360f15d2b379	5			yes					-1	-1	-1	-1	-1	
304	254	09d4b0f04bb0831f	4			yes					-1	-1	-1	-1	
305	253	2f504e83ace14305	4			yes					306	314	317	318	
306	305	5374a66703057c33	3			yes					307	312	313	
307	306	7958110b62f4b97a	5			yes					-1	308	309	310	311	
308	307	9a3bf09545ca5dab	4			yes					-1	-1	-1	-1	
309	307	a8e65e84efe0482a	4			yes					-1	-1	-1	-1	
310	307	2cbbd55924103f2f	4			yes					-1	-1	-1	-1	
311	307	7f34a9819f0301d4	4			yes					-1	-1	-1	-1	
312	306	76cc0b1b3eb383fb	5			yes					-1	-1	-1	-1	-1	
313	306	1f22ea5e13de25e1	5			yes					-1	-1	-1	-1	-1	
314	305	41aab461983f16b7	3			yes					-1	315	316	
315	314	32de106025264d0e	5			yes					-1	-1	-1	-1	-1	
316	314	7edda5ffcecba30d	5			yes					-1	-1	-1	-1	-1	
317	305	1e6998a47d195d05	3			yes					-1	-1	-1	
318	305	23e7c4214ac27484	3			yes					-1	-1	-1	
319	253	4850c0bc06310f8c	5			yes					320	333	340	342	343	
320	319	34742858a9d530ba	4			yes					321	326	328	331	
321	320	c6c0b287f974e601	5			yes					-1	322	323	324	325	
322	321	25a35319de4a02d0	4			yes					-1	-1	-1	-1	
323	321	177efd0874601751	4			yes					-1	-1	-1	-1	
324	321	7fc104127eafaf1c	4			yes					-1	-1	-1	-1	
325	321	93d6db465e3cce9c	4			yes					-1	-1	-1	-1	
326	320	063448f264d3ba36	5			yes					-1	-1	-1	-1	327	
327	326	55f47c4b9ee6e4f4	4			yes					-1	-1	-1	-1	
328	320	cac5a6b479d76c8f	5			yes					-1	329	-1	-1	330	
329	328	8bced9f062bfef79	4			yes					-1	-1	-1	-1	
330	328	40b6c6a951c310f1	4			yes					-1	-1	-1	-1	
331	320	4ac01922b1edd38b	3			yes					332	-1	-1	
332	331	c1ca26328f560337	5			yes					-1	-1	-1	-1	-1	
333	319	26aa3a5e32ef5a3e	4			yes					-1	334	336	339	
334	333	422653897f4674c3	5			yes					-1	-1	-1	-1	335	
335	334	11e6673085732a01	4			yes					-1	-1	-1	-1	
336	333	ab3ae915a4c2ea63	5			yes					337	-1	-1	-1	338	
337	336	e03371e683723ea2	4			yes					-1	-1	-1	-1	
338	336	214989088cd6961d	4			yes					-1	-1	-1	-1	
339	333	581e0b242ad7b90f	3			yes					-1	-1	-1	
340	319	7969169bd7c9118c	4			yes					-1	-1	341	-1	
341	340	e5d1ff8f2aaea319	5			yes					-1	-1	-1	-1	-1	
342	319	5d53f55b52fa97b5	4			yes					-1	-1	-1	-1	
343	319	36e4f1c61e09ecbd	4			yes					-1	-1	-1	-1	
344	0	b7e06d852a1c5654	5			yes					-1	-1	-1	345	379	
345	344	7b0f1c4f7ed98d0a	5			yes					346	359	371	376	378	
346	345	072bf4abd13db23c	4			yes					347	352	357	358	
347	346	13cb9f3c316a121a	5			yes					-1	348	349	350	351	
348	347	f0538dd6c58dc962	4			yes					-1	-1	-1	-1	
349	347	a81dadf03c397783	4			yes					-1	-1	-1	-1	
350	347	46285b6e778e944f	4			yes					-1	-1	-1	-1	
351	347	15a727b6cc9daab4	4			yes					-1	-1	-1	-1	
352	346	6b786c860c5e941c	5			yes					-1	353	354	355	356	
353	352	01f828177d7dabbd	4			yes					-1	-1	-1	-1	
354	352	96141be29312094f	4			yes					-1	-1	-1	-1	
355	352	3e9ba8d44aba1249	4			yes					-1	-1	-1	-1	
356	352	6d14d40cf1a92cb2	4			yes					-1	-1	-1	-1	
357	346	2ff05193205cf4fa	4			yes					-1	-1	-1	-1	
358	346	20dbb22bfe8ce380	5			yes					-1	-1	-1	-1	-1	
359	345	15f5e6ad4a07d8b8	4			yes					-1	360	365	366	
360	359	2f6a77fd17cb5ae9	5			yes					361	-1	362	363	364	
361	360	6463ef0e307b8e28	4			yes					-1	-1	-1	-1	
362	360	d20600998887c7ba	4			yes					-1	-1	-1	-1	
363	360	7a89b3af512fdcbc	4			yes					-1	-1	-1	-1	
364	360	2906cf77ea3ce247	4			yes					-1	-1	-1	-1	
365	359	f4535a67708a448f	5			yes					-1	-1	-1	-1	-1	
366	359	9c534550d7ce47a9	6			yes					367	-1	-1	368	369	370	
367	366	d75adda3f07e9368	5			yes					-1	-1	-1	-1	-1	
368	366	3144b9b2307ec32f	5			yes					-1	-1	-1	-1	-1	
369	366	a255b525cd8e139d	5			yes					-1	-1	-1	-1	-1	
370	366	e8e6cb031f098a15	5			yes					-1	-1	-1	-1	-1	
371	345	a17fdf5f31d4ec1e	4			yes					-1	-1	372	373	
372	371	5a39265a5100aba7	5			yes					-1	-1	-1	-1	-1	
373	371	d583b96e968a5fb5	6			yes					-1	-1	-1	-1	374	375	
374	373	eb85491b8cca0b81	5			yes					-1	-1	-1	-1	-1	
375	373	a136373d5e4d9209	5			yes					-1	-1	-1	-1	-1	
376	345	adc2314b1ed46e0a	4			yes					-1	-1	-1	377	
377	376	c8aed116d4370b90	3			yes					-1	-1	-1	
378	345	1e63fc12b43ae890	4			yes					-1	-1	-1	-1	
379	344	de98bb52d4e6ea5d	5			yes					380	395	404	407	408	
380	379	a2bc53b67b02d56b	4			yes					381	386	391	392	
381	380	ac533cb0aaea4d61	5			yes					-1	382	383	384	385	
382	381	4fcb2e5a5e0d9619	4			yes					-1	-1	-1	-1	
383	381	17850e7ca7b928f8	4			yes					-1	-1	-1	-1	
384	381	15528a252d31047c	4			yes					-1	-1	-1	-1	
385	381	f94555710da265fc	4			yes					-1	-1	-1	-1	
386	380	d4e0cf0a97decb67	5			yes					-1	387	388	389	390	
387	386	be608b9be6fdf4c6	4			yes					-1	-1	-1	-1	
388	386	298cb86e08925634	4			yes					-1	-1	-1	-1	
389	386	6de1799f1005827a	4			yes					-1	-1	-1	-1	
390	386	81f6a6cb3096e3fa	4			yes					-1	-1	-1	-1	
391	380	ea43ab7de41ec488	5			yes					-1	-1	-1	-1	-1	
392	380	dc0862cc633a365a	3			yes					393	394	-1	
393	392	ab59a805dcc8a857	5			yes					-1	-1	-1	-1	-1	
394	392	d3ea5bbfe1fc2e51	5			yes					-1	-1	-1	-1	-1	
395	379	b06241b0e038bfef	4			yes					-1	396	401	402	
396	395	90f2d4718c4b0592	5			yes					397	-1	398	399	400	
397	396	dbfb4c82abfbd153	4			yes					-1	-1	-1	-1	
398	396	6d9ea315130798c1	4			yes					-1	-1	-1	-1	
399	396	29f362e40b904c8f	4			yes					-1	-1	-1	-1	
400	396	c5e4bdb02b032d0f	4			yes					-1	-1	-1	-1	
401	395	fab1c2d179e31142	5			yes					-1	-1	-1	-1	-1	
402	395	ced670caf8005cde	3			yes					-1	403	-1	
403	402	97f840c4fa69e0a4	5			yes					-1	-1	-1	-1	-1	
404	379	04e878429beb8b49	4			yes					-1	-1	405	406	
405	404	73ceef6aa0251a51	5			yes					-1	-1	-1	-1	-1	
406	404	7a5c493883d36878	3			yes					-1	-1	-1	
407	379	b61ae06ccc0fe8a1	4			yes					-1	-1	-1	-1	
408	379	a02c8a28ccde096c	4			yes					-1	-1	-1	-1	
409	0	a30a2b1c447bf289	5			yes					-1	-1	-1	-1	410	
410	409	dca51cc6b8d275fe	6			yes					411	427	438	445	448	450	
411	410	a081f42217364ac8	5			yes					412	417	421	424	426	
412	411	ce7b0ec023e81f7a	4			yes					413	414	-1	415	
413	412	62cd2e7d892c0bd8	5			yes					-1	-1	-1	-1	-1	
414	412	36aa5efa78aac4bc	5			yes					-1	-1	-1	-1	-1	
415	412	9c152763aa5b4eee	6			yes					-1	-1	-1	-1	-1	416	
416	415	059997cf7bcecad2	5			yes					-1	-1	-1	-1	-1	
417	411	7af13732583b2bdc	4			yes					-1	418	-1	419	
418	417	9d3f39369bf3c2f6	5			yes					-1	-1	-1	-1	-1	
419	417	c4d9791fbee01b56	6			yes					-1	-1	-1	-1	-1	420	
420	419	5d55c9b36f759f6a	5			yes					-1	-1	-1	-1	-1	
421	411	4d0b66ffd008d80a	4			yes					-1	-1	-1	422	
422	421	2fae47713d66e086	6			yes					-1	-1	-1	-1	-1	423	
423	422	d8d29db75267515e	5			yes					-1	-1	-1	-1	-1	
424	411	06b37acad8386c31	4			yes					-1	-1	-1	425	
425	424	5900ab2fbceda664	3			yes					-1	-1	-1	
426	411	ff3225c773e3809d	4			yes					-1	-1	-1	-1	
427	410	b25fe6248c0c204c	5			yes					-1	428	432	435	437	
428	427	682f2534c3014158	4			yes					-1	429	-1	430	
429	428	d92d224d80660c03	5			yes					-1	-1	-1	-1	-1	
430	428	80cb6264a575d5a3	6			yes					-1	-1	-1	-1	-1	431	
431	430	1947d2c874e0519f	5			yes					-1	-1	-1	-1	-1	
432	427	5fd574f94b32b28e	4			yes					-1	-1	-1	433	
433	432	11d6084466f63d6a	6			yes					-1	-1	-1	-1	-1	434	
434	433	e6aad28209f78cb2	5			yes					-1	-1	-1	-1	-1	
435	427	146d68cc430206b5	4			yes					-1	-1	-1	436	
436	435	4bdeb92927d7cce0	3			yes					-1	-1	-1	
437	427	edec37c1e8d9ea19	4			yes					-1	-1	-1	-1	
438	410	06d5dfd6f7df14ea	5			yes					-1	-1	439	442	444	
439	438	eb5f4d0b30e18628	4			yes					-1	-1	-1	440	
440	439	faad619951c4bd2b	6			yes					-1	-1	-1	-1	-1	441	
441	440	6321d13580513917	5			yes					-1	-1	-1	-1	-1	
442	438	a0e7513e38d13213	4			yes					-1	-1	-1	443	
443	442	ff5480db5c04f846	3			yes					-1	-1	-1	
444	438	59660e33930adebf	4			yes					-1	-1	-1	-1	
445	410	312f8e1b7fece73c	5			yes					-1	-1	-1	446	447	
446	445	971d00f3b0e2c1c5	4			yes					-1	-1	-1	-1	
447	445	6e9c5ffe1b392d69	4			yes					-1	-1	-1	-1	
448	410	7a97922e77dc5307	5			yes					-1	-1	-1	-1	449	
449	448	252443cb13099952	4			yes					-1	-1	-1	-1	
450	410	8316cd23dc07bfab	5			yes					-1	-1	-1	-1	-1	
451	0	8f4f3ad9718ae136	5			yes					-1	-1	-1	-1	-1	
