Number of nodes
207
ID	PID	Hash_Value			File_Number	Fully_Enumerated	Children
0	-1	e22182342ef2f4fb	6			no					1	-2	-2	-2	-2	-2	
1	0	042641c3a41ca349	5			no					52	-2	-2	-2	-2	
2	1	8dd99ede523553cf	6			no					181	-2	-2	-2	-2	-2	
3	2	67e2a48430fe3b86	5			no					131	-2	-2	-2	-2	
4	3	9636b0f0697cb8f8	5			no					99	-2	-2	-2	-2	
5	4	653aca04778cfb63	4			no					73	-2	-2	-2	
6	5	200a04ba2fa69dec	5			yes					7	20	21	34	38	
7	6	f115e022a9777e60	4			yes					-1	8	11	14	
8	7	2629a2c309240a69	3			yes					-1	-1	9	
9	8	23eafc464055bdbf	5			yes					-1	-1	-1	-1	10	
10	9	3084d5add78ccd9d	4			yes					-1	-1	-1	-1	
11	7	405421b710491f6c	4			yes					-1	-1	-1	-1	
12	5	f422e5fc6c081654	5			no					13	85	137	-2	-2	
13	12	2cdc54ef127c592b	4			yes					-1	64	-1	82	
14	7	0d6bdab04b73a103	3			yes					-1	-1	17	
15	14	1e5a045e4ad639e9	4			yes					-1	-1	-1	-1	
16	14	00c0f7598ce0ccfc	5			yes					-1	-1	-1	-1	-1	
17	14	d768a748e2b1b2bb	5			yes					-1	-1	-1	-1	-1	
18	13	c4bd5c08af7b542b	5			yes					-1	-1	-1	-1	32	
19	13	c3748df7712068da	7			yes					-1	-1	-1	-1	-1	-1	59	
20	6	4dabfd7636d969e9	4			yes					-1	-1	-1	-1	
21	6	f736465b8ff5e9e5	4			yes					-1	-1	24	26	
22	21	538e1547fa8f094b	4			no					-1	-1	-2	-2	
23	21	10077e29822d49f1	6			no					-1	-1	-1	-1	-1	-2	
24	21	b0ae3c2aae2f7fa0	5			yes					-1	-1	-1	-1	25	
25	24	0963fb61c55ca7c3	4			yes					-1	-1	-1	-1	
26	21	0b487cc96df13686	3			yes					29	-1	33	
27	26	b03b9ab84ebdb179	6			no					-1	-2	-2	-1	-2	-2	
28	26	31acd8fbebc80560	6			yes					-1	-1	-1	-1	-1	30	
29	26	4731a5bb4a0c23a6	6			yes					-1	-1	-1	-1	-1	31	
30	28	2d6972418b8982ca	5			yes					-1	-1	-1	-1	-1	
31	29	5bf40f012a4da40c	5			yes					-1	-1	-1	-1	-1	
32	18	f479610a977ae788	4			yes					-1	-1	-1	-1	
33	26	b6a3ad4b139a4a0e	5			yes					-1	-1	-1	-1	-1	
34	6	fa67bb3eb467baae	5			yes					35	36	-1	-1	37	
35	34	af3f45590f93a652	4			yes					-1	-1	-1	-1	
36	34	b34077798c0e9ce9	4			yes					-1	-1	-1	-1	
37	34	43aa7c75df1462cd	4			yes					-1	-1	-1	-1	
38	6	dc743e28cda2428f	4			yes					-1	39	-1	40	
39	38	f9acff96ab268c8c	4			yes					-1	-1	-1	-1	
40	38	fc6a2a5f09d28f00	5			yes					41	42	-1	-1	-1	
41	40	a932d438b22693fc	4			yes					-1	-1	-1	-1	
42	40	b54de61831bba947	4			yes					-1	-1	-1	-1	
43	13	8c9848cc4288bfa8	6			yes					-1	-1	-1	-1	-1	60	
44	3	d93e1e2e949e8b43	5			no					45	-2	-2	-2	-2	
45	44	3bb09cf081418199	4			no					194	-2	-2	-2	
46	45	9ffcf4477c05608c	6			no					47	191	-2	-2	-2	-2	
47	46	d301e9bb470e879f	5			yes					-1	-1	84	128	154	
48	47	b7ebbdbfc0452b08	4			no					-1	-1	-1	-2	
49	45	4835caaa4fa45247	5			yes					50	83	146	-1	189	
50	49	635d543712a48841	4			yes					51	-1	-1	71	
51	50	1f34f3dfdc8e49df	3			yes					-1	-1	-1	
52	1	c5fda4e9c0ec43ce	6			no					53	-2	-2	-2	-2	-2	
53	52	a10c377a3d7d9172	5			no					175	-2	-2	-2	-2	
54	53	b896036e03e1ff0d	5			no					55	-2	-2	-2	-2	
55	54	ce9083530e0216a4	4			no					201	-2	-2	-2	
56	55	968773553bf3b07a	5			no					57	-2	-2	-2	-2	
57	56	a6df91c36f68e72d	4			no					-1	-1	-1	-2	
58	50	cb12dab7b37c1735	6			no					-1	-2	-2	-1	-2	-2	
59	19	27a7ba2ded353494	6			yes					-1	-1	-1	-1	-1	-1	
60	43	684b7f16de9de3e6	5			yes					-1	-1	-1	-1	-1	
61	4	ff4cceaad76bb5ce	6			no					62	-2	-2	-2	-2	-2	
62	61	27b27fb9a91ffab1	5			no					81	-2	-2	-2	-2	
63	62	48a28544b9bae251	7			yes					-1	-1	-1	-1	-1	-1	126	
64	13	780c0cf50a5b64fd	7			yes					-1	-1	-1	-1	-1	-1	72	
65	50	9c9c670d93d53a29	5			no					-1	-1	-1	-2	-2	
66	2	857ee60f8dcc1b01	6			no					67	-2	-2	-2	-2	-2	
67	66	67f064d1981311db	5			no					68	-2	-2	-2	-2	
68	67	9d34f4a5f92b1319	4			no					69	-2	-2	-2	
69	68	0c1e40c654d1fde3	5			no					70	-2	-2	-2	-2	
70	69	40e35d3a6fda1af0	4			no					-1	141	-2	-2	
71	50	975a7c9c1674a18a	3			yes					-1	-1	-1	
72	64	98c4ec1fbf361e96	6			yes					-1	-1	-1	-1	-1	-1	
73	5	2b292fbff0e78303	6			no					74	-2	-2	-2	-2	-2	
74	73	34944cc520b803ff	5			no					-1	-1	124	-2	-2	
75	45	f6ad7e8e630f5d8c	7			no					76	-2	-2	-2	-2	-2	-2	
76	75	3e6fe3ea181b8706	6			no					77	-2	-2	-2	-2	-2	
77	76	86b535595e1e4648	5			no					-1	-1	-1	-1	173	
78	74	06193ac0d3918963	4			yes					-1	-1	-1	-1	
79	78	d37a5a685a4bfb62	3			no					-1	-2	-2	
80	62	efe76baab0096875	7			yes					-1	-1	-1	-1	-1	-1	115	
81	62	3c1d4ae07028cb0f	7			no					-1	-1	-1	-1	-1	-1	155	
82	13	433be620598da568	3			yes					-1	-1	-1	
83	49	345c6d42818e93d9	4			yes					-1	125	-1	140	
84	47	1102b937d3b8d937	4			yes					-1	-1	-1	-1	
85	12	4576a1bfdc95ae43	4			yes					-1	87	-1	89	
86	85	034aafc323e37a5b	4			yes					-1	-1	-1	-1	
87	85	e37ffaab752ff912	6			yes					-1	-1	-1	-1	-1	88	
88	87	07accd71e93aa55c	5			yes					-1	-1	-1	-1	-1	
89	85	2a91137097645200	3			yes					-1	-1	-1	
90	12	70a039a3e7ebe7ac	4			no					-1	-1	-1	108	
91	90	1f478b6cac1a1bef	3			yes					96	-1	-1	
92	91	f234fc2f1b2567a6	7			no					93	-2	-2	-2	-2	-2	-2	
93	92	0f74973d2eb42e53	6			no					-1	-1	-1	-1	-1	121	
94	90	98a8d1e70a470ecc	8			no					95	159	166	174	-1	206	-2	-2	
95	94	81714351cd5d30ae	7			yes					-1	-1	-1	-1	-1	130	152	
96	91	0186c92551c216f5	6			yes					97	107	-1	-1	113	116	
97	96	3fb1549ccc5a3e29	5			yes					-1	-1	-1	-1	98	
98	97	820bd9b2590046d0	4			yes					-1	-1	-1	-1	
99	4	41bd3f879b9e809c	7			no					100	-2	-2	-2	-2	-2	-2	
100	99	5e005cfd4bc10060	6			no					101	-2	-2	-2	-2	-2	
101	100	c3bfb9958aeb9a37	5			no					-1	-1	-1	-2	-2	
102	101	cba2368d875b4d9d	7			no					-1	-1	-2	-2	-2	-2	-2	
103	74	dfd8bf817c62e077	9			no					-1	-2	-2	-2	-2	-2	-2	-2	-2	
104	45	64772c745063ea67	6			no					105	-2	-2	-2	-2	-2	
105	104	6821bf1256ac8cf2	5			no					106	151	204	-2	-2	
106	105	e58137c02b8bd171	4			yes					-1	-1	-1	-1	
107	96	ba7f433eff1c400a	5			yes					-1	-1	-1	-1	110	
108	90	4efe44e56fe9acd1	6			no					109	144	160	-1	172	199	
109	108	d8fb703106d065f5	5			yes					-1	-1	-1	-1	136	
110	107	07c5ce106a4638f3	4			yes					-1	-1	-1	-1	
111	78	63342ca85bba71e6	6			no					-1	-2	-2	-2	-2	-2	
112	96	77e9527f94ca66c4	5			no					-1	-1	-1	-2	-2	
113	96	4cc5d8d71d9c1a2c	5			yes					-1	-1	-1	-1	114	
114	113	f17f55f988c662d5	4			yes					-1	-1	-1	-1	
115	80	0b345c702c1c343b	6			yes					-1	-1	-1	-1	-1	-1	
116	96	bc3c440bc4986e0c	5			yes					-1	-1	-1	-1	-1	
117	83	bc731960e29f0fc9	5			no					-1	-1	-1	-2	-2	
118	12	fd01375222048302	9			no					119	-2	-2	-2	-2	-2	-2	-2	-2	
119	118	1560e69e37273c90	8			no					120	-2	-2	-2	-2	-2	-2	-2	
120	119	7a5c28e217153a2a	7			no					-1	-1	-2	-1	-1	-2	-2	
121	93	90a498604bf7f118	5			no					-1	-1	-1	-2	-2	
122	70	18923ae9caf127a2	7			no					-1	-1	-1	-1	-1	-1	168	
123	47	4b9508d15d1da38b	7			yes					-1	-1	-1	-1	-1	-1	-1	
124	74	42d7570833faf33e	9			no					-1	-1	-1	-1	-1	-2	-1	-1	-2	
125	83	310813765bf06a3a	4			yes					-1	-1	-1	-1	
126	63	a86a65ae0cd7983a	6			yes					-1	-1	-1	-1	-1	-1	
127	47	3fbb560367357175	6			no					-1	-2	-2	-2	-2	-1	
128	47	309df97094017f93	4			yes					-1	-1	-1	-1	
129	70	6cbc643bf0d9f55c	6			no					-1	-1	-1	-1	-2	-2	
130	95	c93e897ae0f7b3fb	6			yes					-1	-1	-1	-1	-1	142	
131	3	a67466cbe667ad0f	6			no					132	-2	-2	-2	-2	-2	
132	131	11f1bbe5d7e4fcff	5			no					133	-2	-2	-2	-2	
133	132	811eb5f27647e772	4			no					156	-2	-2	-2	
134	133	d9ec41ca9498deb5	6			no					135	-2	-2	-2	-2	-2	
135	134	a4cc769a08f67816	5			no					-1	-1	-1	150	-2	
136	109	472b7f6c6393babe	4			yes					-1	-1	-1	-1	
137	12	a9e8a03f604201b0	8			no					138	-2	-2	-2	-2	-2	-2	-2	
138	137	b0313289a7583fd2	7			no					139	205	-2	-2	-2	-2	-2	
139	138	3e34e6e544b1212f	6			yes					-1	-1	-1	-1	-1	143	
140	83	c05b45e9855eba12	3			yes					-1	-1	-1	
141	70	6ab421f048b6ae1d	6			no					-1	-1	-1	-1	-1	-2	
142	130	56ee862785b46cb0	5			yes					-1	-1	-1	-1	-1	
143	139	dae7d13fd8a47d61	5			yes					-1	-1	-1	-1	-1	
144	108	679ddeaa42426296	5			yes					-1	-1	-1	-1	149	
145	47	328ac5ae9ee597e8	5			yes					-1	-1	-1	-1	-1	
146	49	11c36a46203f87a4	4			yes					-1	147	-1	161	
147	146	ba437a2d1cbb439d	6			yes					-1	-1	-1	-1	-1	153	
148	47	091d49cbeb77d22d	7			yes					-1	-1	-1	-1	-1	-1	-1	
149	144	f84dd1f72701bddd	4			yes					-1	-1	-1	-1	
150	135	22647ada3693d872	4			no					-1	-2	-2	-2	
151	105	05022edf230d2835	4			yes					-1	-1	-1	158	
152	95	1ea14c0ca81eefe5	6			yes					-1	-1	-1	-1	-1	-1	
153	147	5e904df780ae1fd3	5			yes					-1	-1	-1	-1	-1	
154	47	7d331719d15f00d3	6			yes					-1	-1	-1	-1	-1	-1	
155	81	3188afc8ef9e9cf7	6			no					-1	-1	-1	-1	-1	-2	
156	133	3fea127e3740b75d	5			no					157	-2	-2	-2	-2	
157	156	b1015c92ee4412ba	4			no					-1	-2	-2	-2	
158	151	f117c7938d215111	3			yes					-1	-1	-1	
159	94	16ad058be9ae1031	7			yes					-1	-1	-1	-1	-1	-1	163	
160	108	5d24ad9c24aa3e0a	5			yes					-1	-1	-1	-1	167	
161	146	e5c442ed24efae6f	3			yes					162	-1	-1	
162	161	bd83629b8277d067	6			yes					-1	-1	-1	-1	-1	171	
163	159	897d0ad68cedcf7a	6			yes					-1	-1	-1	-1	-1	-1	
164	162	26925da3a62bba5c	5			no					-1	-1	-1	-2	-2	
165	162	f9efe13de92d64ca	5			no					-1	-1	-1	-1	170	
166	94	05ceb757530a67dc	7			yes					-1	-1	-1	-1	-1	-1	169	
167	160	c2f4a2c141e9e141	4			yes					-1	-1	-1	-1	
168	122	f85ada037f9c5dc9	6			no					-1	-2	-2	-2	-2	-2	
169	166	9a1eb80a3649b897	6			yes					-1	-1	-1	-1	-1	-1	
170	165	8049e0cbc2746939	4			yes					-1	-1	-1	-1	
171	162	c425636da92edd94	5			yes					-1	-1	-1	-1	-1	
172	108	06b18ece42432f84	5			yes					-1	-1	-1	-1	179	
173	77	bce5df73fb971d26	4			yes					-1	-1	-1	-1	
174	94	9afc7de7052478fd	7			yes					-1	-1	-1	-1	-1	180	190	
175	53	54c6fd6778922c05	5			no					176	-2	-2	-2	-2	
176	175	2920e7a62efa6101	4			no					177	-2	-2	-2	
177	176	161c629828c0f09b	6			no					178	-2	-2	-2	-2	-2	
178	177	e45e31223d1fa6f4	5			no					-1	-2	-2	-2	-2	
179	172	996181932700f0cf	4			yes					-1	-1	-1	-1	
180	174	d2b3b7cc288efba8	6			yes					-1	-1	-1	-1	-1	188	
181	2	3c3ce40aec3cd599	6			no					182	-2	-2	-2	-2	-2	
182	181	8bb93924ddbf8469	5			no					183	-2	-2	-2	-2	
183	182	e6f826f5ae8c8eb3	4			no					184	-2	-2	-2	
184	183	c1f55d2d6945c4dc	6			no					185	-2	-2	-2	-2	-2	
185	184	0865d4065f0f3900	5			no					186	-2	-2	-2	-2	
186	185	ea5d2d0258e29d92	4			no					-1	-2	-2	-2	
187	161	e9defe4539825964	5			no					-1	-1	-2	-1	-2	
188	180	4d63b8914dcd24e3	5			yes					-1	-1	-1	-1	-1	
189	49	bc32e2014b747b8c	4			yes					-1	-1	-1	-1	
190	174	052c72ba6067a7b6	6			yes					-1	-1	-1	-1	-1	-1	
191	46	fb16a043fb4ecc1b	5			no					-1	-1	193	203	-2	
192	105	9999f7cd0aef9b28	8			no					-1	-1	-1	-1	-1	-1	-1	-2	
193	191	3915f0cf6ff892b3	4			yes					-1	-1	-1	-1	
194	45	eb73e7a28166f526	8			no					195	-2	-2	-2	-2	-2	-2	-2	
195	194	21a55b3d309cb64c	7			no					196	-2	-2	-2	-2	-2	-2	
196	195	db359caa665a0535	6			no					197	-2	-2	-2	-2	-2	
197	196	2ac1c129a83800a3	5			no					198	-2	-2	-2	-2	
198	197	ba50cf0099cf5ac2	4			no					-1	-1	-2	-2	
199	108	d12e4bb80aaa739a	5			no					-1	-1	-1	-2	-2	
200	191	5db88a61cca06777	5			yes					-1	-1	-1	-1	-1	
201	55	5418a3561ca1b5ed	5			no					202	-2	-2	-2	-2	
202	201	424f855011671c72	4			no					-1	-1	-1	-2	
203	191	8cc12d68ae3e8673	7			no					-1	-2	-1	-1	-1	-2	-1	
204	105	06642fd271922ae3	4			no					-1	-2	-2	-2	
205	138	2d575439fe1556c2	6			no					-1	-2	-1	-1	-2	-2	
206	94	730873302f18c1b6	7			no					-1	-1	-1	-1	-1	-2	-2	
