Number of nodes
416
ID	PID	Hash_Value			File_Number	Fully_Enumerated	Children
0	-1	31aa8415eb5be962	6			yes					1	62	103	142	181	308	
1	0	ac9dc53096139995	5			yes					2	26	47	56	61	
2	1	5184ec977f5442cd	4			yes					3	8	13	20	
3	2	c9290d9179227919	4			yes					4	5	6	7	
4	3	79ed08eb88184c06	3			yes					-1	-1	-1	
5	3	85b4d30c3d92f187	3			yes					-1	-1	-1	
6	3	6db912bbb0bba7e2	3			yes					-1	-1	-1	
7	3	58c9c4cd7c13637a	3			yes					-1	-1	-1	
8	2	15a56a4957238141	4			yes					9	10	11	12	
9	8	a5616f33a619b45e	3			yes					-1	-1	-1	
10	8	9a7dd570e2d4f4cf	3			yes					-1	-1	-1	
11	8	15af8e22ca016696	3			yes					-1	-1	-1	
12	8	3f165e28d9efa746	3			yes					-1	-1	-1	
13	2	07259e46e1e8dc1f	5			yes					14	15	17	-1	19	
14	13	b7e19b3c10d2e900	4			yes					-1	-1	-1	-1	
15	13	88fd217f541fa991	4			yes					-1	-1	-1	16	
16	15	2c584e899aa2dc9f	3			yes					-1	-1	-1	
17	13	cc63ba6b36123785	4			yes					-1	-1	-1	18	
18	17	68c6d59df8af428b	3			yes					-1	-1	-1	
19	13	a380f1b02f55a911	4			yes					-1	-1	-1	-1	
20	2	0e09ec20498eb3d6	5			yes					21	22	23	24	25	
21	20	becde95ab8b486c9	4			yes					-1	-1	-1	-1	
22	20	81d15319fc79c658	4			yes					-1	-1	-1	-1	
23	20	c54fc80d9e74584c	4			yes					-1	-1	-1	-1	
24	20	d7c6092e30e958f5	4			yes					-1	-1	-1	-1	
25	20	2d957b60ea504028	4			yes					-1	-1	-1	-1	
26	1	f269f17cc5f362ff	4			yes					-1	27	38	45	
27	26	7002737eb0a94e4c	3			yes					28	29	33	
28	27	0de0cf3fd379bee1	4			yes					-1	-1	-1	-1	
29	27	91f3a6dbadf54aad	5			yes					30	31	-1	-1	32	
30	29	4e3eae355863d04d	4			yes					-1	-1	-1	-1	
31	29	d9b9eed1d95c974a	4			yes					-1	-1	-1	-1	
32	29	3556c92d63483fa3	4			yes					-1	-1	-1	-1	
33	27	98dfd4bd05932564	5			yes					34	35	-1	36	37	
34	33	4712dc53f005bf84	4			yes					-1	-1	-1	-1	
35	33	d0959cb7713af883	4			yes					-1	-1	-1	-1	
36	33	411031b37cf4ce47	4			yes					-1	-1	-1	-1	
37	33	bb4343fda64dd69a	4			yes					-1	-1	-1	-1	
38	26	004e38e33cf8ad55	3			yes					39	-1	41	
39	38	0094b09f94a1d129	4			yes					-1	-1	-1	40	
40	39	f6cf6adb924c5b7e	3			yes					-1	-1	-1	
41	38	c5dd629531954170	5			yes					42	43	-1	-1	44	
42	41	1a106a7bc403db90	4			yes					-1	-1	-1	-1	
43	41	8d972a9f453c9c97	4			yes					-1	-1	-1	-1	
44	41	28d191e7ab8576d4	4			yes					-1	-1	-1	-1	
45	26	8d55623a65163841	3			yes					46	-1	-1	
46	45	7b55538ddfcd9084	4			yes					-1	-1	-1	-1	
47	1	2ef64732e349b526	4			yes					-1	-1	48	54	
48	47	dcd18ead1a427a8c	3			yes					49	-1	50	
49	48	e209ac0cc1e49577	4			yes					-1	-1	-1	-1	
50	48	fb216ba6283f0c52	5			yes					51	52	53	-1	-1	
51	50	24ec6348dda996b2	4			yes					-1	-1	-1	-1	
52	50	b36b23ac5c96d1b5	4			yes					-1	-1	-1	-1	
53	50	74f9d49f9dc879dc	4			yes					-1	-1	-1	-1	
54	47	51cad47443acef98	3			yes					55	-1	-1	
55	54	a560581d1c58760e	4			yes					-1	-1	-1	-1	
56	1	5eba0caf6f18563f	4			yes					-1	-1	-1	57	
57	56	21869fe9cffd0c81	3			yes					60	-1	-1	
58	57	6a4026289503a9b4	5			yes					-1	-1	-1	-1	59	
59	58	a35a65d4b7cf6793	4			yes					-1	-1	-1	-1	
60	57	71ec16575d3e8f77	5			yes					-1	-1	-1	-1	-1	
61	1	d3a1567636f6c32b	4			yes					-1	-1	-1	-1	
62	0	8dc820988ad3979a	5			yes					63	80	90	99	102	
63	62	e2f9053ce369e71d	4			yes					64	67	74	78	
64	63	17e53b36814fbed0	4			yes					-1	65	-1	66	
65	64	ae1986c1eafa4625	3			yes					-1	-1	-1	
66	64	8605f26a847ea4b3	3			yes					-1	-1	-1	
67	63	6092873e9633cbae	3			yes					68	70	72	
68	67	b4bfd467ffdc4a58	4			yes					-1	-1	-1	69	
69	68	f1f6e63d69427533	3			yes					-1	-1	-1	
70	67	49021370cbc34f05	4			yes					71	-1	-1	-1	
71	70	87ee3548f75ebbcd	3			yes					-1	-1	-1	
72	67	6292f10029b9a77b	5			yes					-1	-1	-1	-1	73	
73	72	ab88b2fc0b75695c	4			yes					-1	-1	-1	-1	
74	63	10decca31a6228b7	3			yes					75	-1	76	
75	74	2ec60589cf2ca747	4			yes					-1	-1	-1	-1	
76	74	4fa7b6ce7a932c69	5			yes					-1	-1	-1	-1	77	
77	76	86bdf532585fe24e	4			yes					-1	-1	-1	-1	
78	63	9dc5967a438cbda3	3			yes					79	-1	-1	
79	78	a599652a27a0574d	4			yes					-1	-1	-1	-1	
80	62	6041fd7f450ec920	4			yes					-1	81	83	87	
81	80	736e061194e7a30d	4			yes					82	-1	-1	-1	
82	81	5218e5f4061b0700	3			yes					-1	-1	-1	
83	80	61eef21e222cfe53	5			yes					84	-1	85	-1	86	
84	83	409811fbb0d05a5e	4			yes					-1	-1	-1	-1	
85	83	aaa8d633f5d615c9	4			yes					-1	-1	-1	-1	
86	83	c54b9de8ec918b5d	4			yes					-1	-1	-1	-1	
87	80	68c280788a4a919a	5			yes					88	-1	89	-1	-1	
88	87	49b4639d18b63597	4			yes					-1	-1	-1	-1	
89	87	a384a4555db07a00	4			yes					-1	-1	-1	-1	
90	62	0fa3a29aff89bb29	4			yes					-1	-1	91	97	
91	90	fd846b0506827483	3			yes					-1	92	93	
92	91	84c2c0540220b73b	4			yes					-1	-1	-1	-1	
93	91	6b0079379618f7cc	5			yes					94	95	96	-1	-1	
94	93	4a769ad204e453c1	4			yes					-1	-1	-1	-1	
95	93	4dd0c8a73bfcef58	4			yes					-1	-1	-1	-1	
96	93	e4d8c60e23ef8242	4			yes					-1	-1	-1	-1	
97	90	709f31dc5f6ce197	3			yes					-1	98	-1	
98	97	c3ab3445df9c5442	4			yes					-1	-1	-1	-1	
99	62	7fefe90773d85830	4			yes					-1	-1	-1	100	
100	99	00d37a41d33d028e	3			yes					-1	101	-1	
101	100	0c8b4a7056c78bf8	5			yes					-1	-1	-1	-1	-1	
102	62	f2f4b3de2a36cd24	4			yes					-1	-1	-1	-1	
103	0	4c736e01423d0571	5			yes					104	122	132	138	141	
104	103	23424ba52b8775f6	4			yes					105	113	115	120	
105	104	165e80e962badc7e	3			yes					-1	106	109	
106	105	105f7d0dcfdeafa1	5			yes					-1	-1	107	-1	108	
107	106	db1959201824443b	4			yes					-1	-1	-1	-1	
108	106	b4fa12fb0163daaf	4			yes					-1	-1	-1	-1	
109	105	19730f6b67b8c068	5			yes					-1	-1	110	111	112	
110	109	d2352b46b0422bf2	4			yes					-1	-1	-1	-1	
111	109	c0bcea651edf2b4b	4			yes					-1	-1	-1	-1	
112	109	3aef982bc4663396	4			yes					-1	-1	-1	-1	
113	104	99bfe3c1066abf5c	4			yes					-1	-1	-1	114	
114	113	085f2a9d035ba53f	3			yes					-1	-1	-1	
115	104	d165823ad28cba5c	3			yes					-1	116	117	
116	115	40c5132f638006a1	4			yes					-1	-1	-1	-1	
117	115	fbcfc39e0dd1d061	5			yes					-1	-1	118	-1	119	
118	117	3089e7b3da2b3bfb	4			yes					-1	-1	-1	-1	
119	117	32d580622f1d1e46	4			yes					-1	-1	-1	-1	
120	104	5c7ed8e38b622f48	3			yes					-1	121	-1	
121	120	2bc3bddda08556c1	4			yes					-1	-1	-1	-1	
122	103	796fa54d0b00acf9	4			yes					-1	123	125	130	
123	122	78357279f418f7eb	4			yes					124	-1	-1	-1	
124	123	5943919c66e453e6	3			yes					-1	-1	-1	
125	122	8b486cd2f20b6353	3			yes					-1	126	127	
126	125	e2e053a749354a14	4			yes					-1	-1	-1	-1	
127	125	0dc19fc6e9406eb6	5			yes					128	-1	-1	-1	129	
128	127	2cb77c237bbccabb	4			yes					-1	-1	-1	-1	
129	127	e0cd6cb473505912	4			yes					-1	-1	-1	-1	
130	122	0653360babe5f647	3			yes					-1	131	-1	
131	130	6dfe1d0915c3614a	4			yes					-1	-1	-1	-1	
132	103	d736b43179694c1b	4			yes					-1	-1	133	136	
133	132	6f484dd0ca9f7440	5			yes					-1	134	-1	-1	135	
134	133	270205dabe36a9a7	4			yes					-1	-1	-1	-1	
135	133	cbed22260422014e	4			yes					-1	-1	-1	-1	
136	132	66643fb662f91b89	5			yes					-1	137	-1	-1	-1	
137	136	2e2e77bc1650c66e	4			yes					-1	-1	-1	-1	
138	103	be54a79ebb36cadb	4			yes					-1	-1	-1	139	
139	138	c16834d81bd39065	3			yes					-1	-1	140	
140	139	022df5bebe7401eb	5			yes					-1	-1	-1	-1	-1	
141	103	334ffd47e2d85fcf	4			yes					-1	-1	-1	-1	
142	0	61b600a00d90f8dc	5			yes					143	158	171	178	180	
143	142	0e872504642a885b	4			yes					144	152	155	156	
144	143	3b9bee482d1721d3	3			yes					145	147	148	
145	144	ccf8eb4f8d6087ea	4			yes					-1	146	-1	-1	
146	145	58fa6e6298c9dd56	3			yes					-1	-1	-1	
147	144	bcd8303f3cffbfa6	4			yes					-1	-1	-1	-1	
148	144	e5c2303ee95b9056	5			yes					-1	149	-1	150	151	
149	148	6a1a8f075cace5d8	4			yes					-1	-1	-1	-1	
150	148	3c0dd530903c7b75	4			yes					-1	-1	-1	-1	
151	148	c65ea77e4a8563a8	4			yes					-1	-1	-1	-1	
152	143	5073114837ca7331	3			yes					-1	153	154	
153	152	c0b708beccce77c0	4			yes					-1	-1	-1	-1	
154	152	884ee062eef21d5d	4			yes					-1	-1	-1	-1	
155	143	fe5c14b3375e0b60	4			yes					-1	-1	-1	-1	
156	143	71bbb642c4cfd2e5	3			yes					-1	-1	157	
157	156	39e380f5fd9e7c72	4			yes					-1	-1	-1	-1	
158	142	54aacbec44ad5154	4			yes					-1	159	165	168	
159	158	0a5effa0174daa3e	3			yes					-1	160	161	
160	159	da135c67ff3b9dea	4			yes					-1	-1	-1	-1	
161	159	83095c662a9fb21a	5			yes					162	-1	-1	163	164	
162	161	a27fbf83b8631617	4			yes					-1	-1	-1	-1	
163	161	5ac6b96853f85939	4			yes					-1	-1	-1	-1	
164	161	a095cb26894141e4	4			yes					-1	-1	-1	-1	
165	158	e498e41f751d1fdb	5			yes					166	-1	-1	-1	167	
166	165	c5ee07fae7e1bbd6	4			yes					-1	-1	-1	-1	
167	165	66d20285367c70e3	4			yes					-1	-1	-1	-1	
168	158	2b9658aae4480bea	3			yes					-1	-1	169	
169	168	87a1d60e28449fe8	5			yes					-1	-1	-1	-1	170	
170	169	12d40fbb6a462a19	4			yes					-1	-1	-1	-1	
171	142	3f4234ec5e7003b6	4			yes					-1	-1	172	176	
172	171	dee8198ab4b4b44a	5			yes					173	174	-1	-1	175	
173	172	ff9efa6f26481047	4			yes					-1	-1	-1	-1	
174	172	96a25180c01d69ad	4			yes					-1	-1	-1	-1	
175	172	632f766fda998b2e	4			yes					-1	-1	-1	-1	
176	171	407ea7aafe955908	3			yes					-1	-1	177	
177	176	f52d40738d097b3a	5			yes					-1	-1	-1	-1	-1	
178	142	7be549e2d38278db	4			yes					-1	-1	-1	179	
179	178	a29f0aece1508441	5			yes					-1	-1	-1	-1	-1	
180	142	1e8a93e6ad75a262	4			yes					-1	-1	-1	-1	
181	0	c0b6be0cc718d15f	5			yes					182	194	207	220	251	
182	181	554b4dff7747d347	4			yes					183	187	193	-1	
183	182	a85264589e00081f	3			yes					184	185	-1	
184	183	cc8869c70d599007	4			yes					-1	-1	-1	-1	
185	183	6ec3cf84f6df30c6	5			yes					-1	-1	-1	186	-1	
186	185	ddabeb87ad2cc83d	4			yes					-1	-1	-1	-1	
187	182	0bbf79b324a7282d	3			yes					-1	188	192	
188	187	fae7e712601e9fbf	5			yes					189	190	-1	191	-1	
189	188	252aeffc9588055f	4			yes					-1	-1	-1	-1	
190	188	b2adaf1814b74258	4			yes					-1	-1	-1	-1	
191	188	8290367b4c49cb96	4			yes					-1	-1	-1	-1	
192	187	60030a4453845a34	5			yes					-1	-1	-1	-1	-1	
193	182	d720cffd021dfff4	3			yes					-1	-1	-1	
194	181	741ea8576b87dd48	4			yes					195	203	206	-1	
195	194	1b2f8df3023dadcf	3			yes					196	197	202	
196	195	c5889193582843b6	4			yes					-1	-1	-1	-1	
197	195	805fb51089fc5138	5			yes					198	199	-1	200	201	
198	197	4eb39328b561a5f0	4			yes					-1	-1	-1	-1	
199	197	4d3b25005e73d664	4			yes					-1	-1	-1	-1	
200	197	33379113d20fa9c3	4			yes					-1	-1	-1	-1	
201	197	11bf7c4c8ccd4b5b	4			yes					-1	-1	-1	-1	
202	195	97bf5761b8c924ba	5			yes					-1	-1	-1	-1	-1	
203	194	999775b0a45a83f2	3			yes					-1	204	-1	
204	203	0808a3dc351b128a	5			yes					-1	-1	-1	205	-1	
205	204	bb6087df6ee8ea71	4			yes					-1	-1	-1	-1	
206	194	f6752a551eddf1fb	3			yes					-1	-1	-1	
207	181	b5a5e6cea3694fa3	4			yes					208	215	219	-1	
208	207	da94c36acad33f24	3			yes					209	213	214	
209	208	7b4b3cc402357ab3	5			yes					-1	210	211	212	-1	
210	209	e3e960b699f47c83	4			yes					-1	-1	-1	-1	
211	209	b00d18e9d5cf9129	4			yes					-1	-1	-1	-1	
212	209	033cedad2e622e9a	4			yes					-1	-1	-1	-1	
213	208	150c89280db2a356	4			yes					-1	-1	-1	-1	
214	208	23d72231cf8bd8b2	5			yes					-1	-1	-1	-1	-1	
215	207	80b92d82ea54e62b	3			yes					-1	216	218	
216	215	b81479d2d9d64f50	5			yes					-1	-1	-1	217	-1	
217	216	0b7c5dd18225b7ab	4			yes					-1	-1	-1	-1	
218	215	10a662d25a1c7b9f	5			yes					-1	-1	-1	-1	-1	
219	207	2ee03cfe983d06c9	3			yes					-1	-1	-1	
220	181	3d08db148b07de92	5			yes					221	233	242	249	250	
221	220	5239feb0e2bdae15	4			yes					222	226	230	231	
222	221	87fa03918cd62a8d	5			yes					-1	223	224	225	-1	
223	222	0822bca839215f03	4			yes					-1	-1	-1	-1	
224	222	a777fba2fbf9e297	4			yes					-1	-1	-1	-1	
225	222	ff8dd2f8a0817ea4	4			yes					-1	-1	-1	-1	
226	221	6ab5c73dc05ee2e5	5			yes					-1	-1	227	228	229	
227	226	a936240768c54129	4			yes					-1	-1	-1	-1	
228	226	d9dde33e9bad1a1e	4			yes					-1	-1	-1	-1	
229	226	fb550e61c56ff886	4			yes					-1	-1	-1	-1	
230	221	69a6b16edf1f592f	4			yes					-1	-1	-1	-1	
231	221	8426676a6bfca0da	5			yes					-1	-1	232	-1	-1	
232	231	a4ab9f591cd368c0	4			yes					-1	-1	-1	-1	
233	220	08141058c23a771a	4			yes					-1	234	238	239	
234	233	e1316fc94f1208c1	5			yes					235	-1	236	237	-1	
235	234	c0478c2cddeeaccc	4			yes					-1	-1	-1	-1	
236	234	c1bc97fa383dc0db	4			yes					-1	-1	-1	-1	
237	234	9946bea063455ce8	4			yes					-1	-1	-1	-1	
238	233	de7397268295b042	5			yes					-1	-1	-1	-1	-1	
239	233	1f70d199276f444a	5			yes					240	-1	-1	241	-1	
240	239	3e06327cb593e047	4			yes					-1	-1	-1	-1	
241	239	670700f00b381063	4			yes					-1	-1	-1	-1	
242	220	63fcef58d8e725f8	4			yes					-1	-1	243	244	
243	242	06f114a1f65e9928	5			yes					-1	-1	-1	-1	-1	
244	242	eed1944f8435a68b	6			yes					245	246	-1	247	-1	248	
245	244	cfa777aa16c90286	5			yes					-1	-1	-1	-1	-1	
246	244	a69bdc45f09c7b6c	5			yes					-1	-1	-1	-1	-1	
247	244	2d5277752cae0547	5			yes					-1	-1	-1	-1	-1	
248	244	d20140539cb49ddd	5			yes					-1	-1	-1	-1	-1	
249	220	9691d42c3dfa377e	4			yes					-1	-1	-1	-1	
250	220	af40d59cc59acb89	4			yes					-1	-1	-1	-1	
251	181	54c54c107e7101c1	6			yes					252	275	292	302	305	307	
252	251	3bf469b417cb7146	5			yes					253	259	265	270	271	
253	252	0f9b940f2b972c68	6			yes					-1	254	255	256	257	258	
254	253	80432b369e6059e6	5			yes					-1	-1	-1	-1	-1	
255	253	c4ddb022fc6dc7f2	5			yes					-1	-1	-1	-1	-1	
256	253	77ec456607c07841	5			yes					-1	-1	-1	-1	-1	
257	253	096cfc54d6434bb5	5			yes					-1	-1	-1	-1	-1	
258	253	8ada275c42b498ff	5			yes					-1	-1	-1	-1	-1	
259	252	a35f31f0109c27d6	6			yes					-1	-1	260	261	263	264	
260	259	25e2f62f7c184063	5			yes					-1	-1	-1	-1	-1	
261	259	103715f34b6fdf2d	5			yes					-1	-1	-1	-1	262	
262	261	f25e65936c8459f9	4			yes					-1	-1	-1	-1	
263	259	01245aa6a6cc655f	5			yes					-1	-1	-1	-1	-1	
264	259	413641903777a102	5			yes					-1	-1	-1	-1	-1	
265	252	fdb5396269f45a3e	6			yes					-1	-1	-1	266	268	269	
266	265	4edd1d613207a2c5	5			yes					-1	-1	-1	-1	267	
267	266	acb46d0115ec2411	4			yes					-1	-1	-1	-1	
268	265	5fce5234dfa418b7	5			yes					-1	-1	-1	-1	-1	
269	265	1fdc49024e1fdcea	5			yes					-1	-1	-1	-1	-1	
270	252	2d150faeca982d9a	4			yes					-1	-1	-1	-1	
271	252	ff621b18b2d4228d	4			yes					272	273	274	-1	
272	271	b0be6a7d9d3ebd19	6			yes					-1	-1	-1	-1	-1	-1	
273	271	27c5b2c8072e9ff4	5			yes					-1	-1	-1	-1	-1	
274	271	792fba5a7e46e21c	5			yes					-1	-1	-1	-1	-1	
275	251	61d9875c374ca849	5			yes					-1	276	282	288	289	
276	275	6950f857e8530e24	6			yes					277	-1	278	279	280	281	
277	276	48261bb27aafaa29	5			yes					-1	-1	-1	-1	-1	
278	276	a216dc7a3fa9e5be	5			yes					-1	-1	-1	-1	-1	
279	276	1127293ec4045a0d	5			yes					-1	-1	-1	-1	-1	
280	276	6fa7900c158769f9	5			yes					-1	-1	-1	-1	-1	
281	276	ec114b048170bab3	5			yes					-1	-1	-1	-1	-1	
282	275	c219fbc0d283dadc	6			yes					283	-1	-1	284	286	287	
283	282	e36f1825407f7ed1	5			yes					-1	-1	-1	-1	-1	
284	282	7171dfc389702227	5			yes					-1	-1	-1	-1	285	
285	284	9318afa3ae9ba4f3	4			yes					-1	-1	-1	-1	
286	282	6062909664d39855	5			yes					-1	-1	-1	-1	-1	
287	282	20708ba0f5685c08	5			yes					-1	-1	-1	-1	-1	
288	275	7738e146ea1ff495	4			yes					-1	-1	-1	-1	
289	275	a54ff5f09253fb82	4			yes					-1	290	291	-1	
290	289	d67506255efa9f55	6			yes					-1	-1	-1	-1	-1	-1	
291	289	468378f8c53162fe	5			yes					-1	-1	-1	-1	-1	
292	251	0a31785c2d91faab	5			yes					-1	-1	293	299	300	
293	292	67f6479900e08437	6			yes					294	295	-1	296	297	298	
294	293	4680a47c921c203a	5			yes					-1	-1	-1	-1	-1	
295	293	2fbc0f93744959d0	5			yes					-1	-1	-1	-1	-1	
296	293	1f8196f02cb7d01e	5			yes					-1	-1	-1	-1	-1	
297	293	61012fc2fd34e3ea	5			yes					-1	-1	-1	-1	-1	
298	293	e2b7f4ca69c330a0	5			yes					-1	-1	-1	-1	-1	
299	292	1cd01e46f0c2a677	4			yes					-1	-1	-1	-1	
300	292	cea70af0888ea960	4			yes					-1	-1	301	-1	
301	300	d8d3b9ebb6491546	6			yes					-1	-1	-1	-1	-1	-1	
302	251	d6aece120b2b2d72	5			yes					-1	-1	-1	303	304	
303	302	c04fa808d67871ae	4			yes					-1	-1	-1	-1	
304	302	1238bcbeae347eb9	4			yes					-1	-1	-1	-1	
305	251	42242a0aa3225d1d	5			yes					-1	-1	-1	-1	306	
306	305	86b258a6063d0ed6	4			yes					-1	-1	-1	-1	
307	251	90533ebcdb6e520a	5			yes					-1	-1	-1	-1	-1	
308	0	c864492bb3d6e944	5			yes					309	339	364	388	-1	
309	308	780eb57da19627db	5			yes					310	316	329	338	-1	
310	309	85179cda48d1fc83	4			yes					311	313	315	-1	
311	310	18dbdffbeda8a727	5			yes					-1	-1	-1	-1	312	
312	311	fab2af9bca4321f3	4			yes					-1	-1	-1	-1	
313	310	5c307287635a0ac6	5			yes					-1	-1	-1	-1	314	
314	313	d971c1d40a79be51	4			yes					-1	-1	-1	-1	
315	310	d3d9895e772c6856	5			yes					-1	-1	-1	-1	-1	
316	309	26fa8131f276dcb1	4			yes					-1	317	325	-1	
317	316	fb5158cb37f612c7	6			yes					318	320	-1	322	323	324	
318	317	249c5025c2608827	5			yes					-1	-1	-1	-1	319	
319	318	c6f52045e58b0ef3	4			yes					-1	-1	-1	-1	
320	317	b31b10c1435fcf20	5			yes					-1	-1	-1	-1	321	
321	320	517260a164b449f4	4			yes					-1	-1	-1	-1	
322	317	229ebdc54e91f9e4	5			yes					-1	-1	-1	-1	-1	
323	317	592a339d81a6504e	5			yes					-1	-1	-1	-1	-1	
324	317	193828ab101d9413	5			yes					-1	-1	-1	-1	-1	
325	316	c290ca8d3d60fe8d	5			yes					326	327	-1	-1	328	
326	325	1d5dc263c8f6646d	4			yes					-1	-1	-1	-1	
327	325	8ada828749c9236a	4			yes					-1	-1	-1	-1	
328	325	47d179de54434a1a	4			yes					-1	-1	-1	-1	
329	309	fa65377fd4cc0b68	4			yes					-1	-1	330	-1	
330	329	73b0e1afde67c1f6	6			yes					331	333	334	-1	336	337	
331	330	ac7de9412bf15b16	5			yes					-1	-1	-1	-1	332	
332	331	4e1499210c1addc2	4			yes					-1	-1	-1	-1	
333	330	3bfaa9a5aace1c11	5			yes					-1	-1	-1	-1	-1	
334	330	fc685e966b90b478	5			yes					-1	-1	-1	-1	335	
335	334	1e012ef64c7b32ac	4			yes					-1	-1	-1	-1	
336	330	9a635142f041df0b	5			yes					-1	-1	-1	-1	-1	
337	330	91d991cff98c4722	5			yes					-1	-1	-1	-1	-1	
338	309	8a297ce2589de871	4			yes					-1	-1	-1	-1	
339	308	595b50d5bd5629d4	5			yes					340	350	354	363	-1	
340	339	366a7571d4ec5953	4			yes					341	343	348	-1	
341	340	c617e95c15c560ee	5			yes					-1	-1	-1	-1	342	
342	341	247e993c322ee63a	4			yes					-1	-1	-1	-1	
343	340	ee79af23937b7a5e	5			yes					344	345	-1	346	347	
344	343	2095891bafe68e96	4			yes					-1	-1	-1	-1	
345	343	231d3f3344f4fd02	4			yes					-1	-1	-1	-1	
346	343	19c9f7c8dcd92032	4			yes					-1	-1	-1	-1	
347	343	6b381c70fa58cec9	4			yes					-1	-1	-1	-1	
348	340	f63e19b898bced8b	5			yes					-1	-1	-1	-1	349	
349	348	737faaebf19f591c	4			yes					-1	-1	-1	-1	
350	339	b4d28d32728b776e	4			yes					-1	351	353	-1	
351	350	3afb1edfa09e288a	5			yes					-1	-1	-1	-1	352	
352	351	bfbaad8cc9bd9c1d	4			yes					-1	-1	-1	-1	
353	350	b512e506b4e84a1a	5			yes					-1	-1	-1	-1	-1	
354	339	db30d2d7c80c0567	4			yes					-1	-1	355	-1	
355	354	e391f33e60403a68	6			yes					356	358	359	-1	361	362	
356	355	c2e710dbf2bc9e65	5			yes					-1	-1	-1	-1	357	
357	356	208e60bbd55718b1	4			yes					-1	-1	-1	-1	
358	355	c54142aecda422fc	5			yes					-1	-1	-1	-1	-1	
359	355	6c494c07d5b74fe6	5			yes					-1	-1	-1	-1	360	
360	359	8e203c67f25cc932	4			yes					-1	-1	-1	-1	
361	355	0a4243d34e662495	5			yes					-1	-1	-1	-1	-1	
362	355	01f8835e47abbcbc	5			yes					-1	-1	-1	-1	-1	
363	339	ab7c994a445de67e	4			yes					-1	-1	-1	-1	
364	308	98e01e4c75b8bb3f	5			yes					365	379	385	387	-1	
365	364	f7d13be81c02cbb8	4			yes					366	374	376	-1	
366	365	7afd831d55ddf7cb	6			yes					-1	367	369	371	372	373	
367	366	e25fdf6fce1cf1fb	5			yes					-1	-1	-1	-1	368	
368	367	0036af0fe9f7772f	4			yes					-1	-1	-1	-1	
369	366	b1bba73082271c51	5			yes					-1	-1	-1	-1	370	
370	369	53d2d750a5cc9a85	4			yes					-1	-1	-1	-1	
371	366	a33266132cba1ce8	5			yes					-1	-1	-1	-1	-1	
372	366	d886e84be38db542	5			yes					-1	-1	-1	-1	-1	
373	366	9894f37d7236711f	5			yes					-1	-1	-1	-1	-1	
374	365	484d31ab92e06162	5			yes					-1	-1	-1	-1	375	
375	374	aa2441cbb50be7b6	4			yes					-1	-1	-1	-1	
376	365	42566ce8effe1183	5			yes					-1	-1	377	-1	378	
377	376	891048c53804fa19	4			yes					-1	-1	-1	-1	
378	376	c717dfbb86dda514	4			yes					-1	-1	-1	-1	
379	364	adfcd5003c8512b7	4			yes					-1	380	382	-1	
380	379	b774f30c923a4b00	5			yes					-1	-1	-1	-1	381	
381	380	551d836cb5d1cdd4	4			yes					-1	-1	-1	-1	
382	379	a3b2064555fb955b	5			yes					383	-1	-1	-1	384	
383	382	82c4e5a0c7073156	4			yes					-1	-1	-1	-1	
384	382	26f3b5163cd821cc	4			yes					-1	-1	-1	-1	
385	364	03a5c47c4eecf255	4			yes					-1	-1	386	-1	
386	385	bbb45ac85c5bc009	5			yes					-1	-1	-1	-1	-1	
387	364	6ac7d7d38cb37495	4			yes					-1	-1	-1	-1	
388	308	b52570ed3a154692	5			yes					389	403	413	415	-1	
389	388	da14554953af3615	4			yes					390	398	401	-1	
390	389	864cbc48db3ea7f5	6			yes					-1	391	393	395	396	397	
391	390	099403716ec9d27b	5			yes					-1	-1	-1	-1	392	
392	391	ebfd7311492254af	4			yes					-1	-1	-1	-1	
393	390	a6c1447bac116fef	5			yes					-1	-1	-1	-1	394	
394	393	44a8341b8bfae93b	4			yes					-1	-1	-1	-1	
395	390	5f835946a2594cd6	5			yes					-1	-1	-1	-1	-1	
396	390	2437d71e6d6ee57c	5			yes					-1	-1	-1	-1	-1	
397	390	6425cc28fcd52121	5			yes					-1	-1	-1	-1	-1	
398	389	1d16f8963c30ac33	5			yes					-1	-1	-1	399	400	
399	398	d724f6d786f38376	4			yes					-1	-1	-1	-1	
400	398	98574bc5551318a4	4			yes					-1	-1	-1	-1	
401	389	40647375aae728cd	5			yes					-1	-1	-1	-1	402	
402	401	a20d03158d0cae19	4			yes					-1	-1	-1	-1	
403	388	8039bba17328ef1a	4			yes					-1	404	412	-1	
404	403	e087d01018fa85b9	6			yes					405	-1	407	409	410	411	
405	404	c1f133f58a0621b4	5			yes					-1	-1	-1	-1	406	
406	405	23984395adeda760	4			yes					-1	-1	-1	-1	
407	404	c00a28236fd54da3	5			yes					-1	-1	-1	-1	408	
408	407	22635843483ecb77	4			yes					-1	-1	-1	-1	
409	404	3948351e619d6e9a	5			yes					-1	-1	-1	-1	-1	
410	404	42fcbb46aeaac730	5			yes					-1	-1	-1	-1	-1	
411	404	02eea0703f11036d	5			yes					-1	-1	-1	-1	-1	
412	403	f5953598be14772d	5			yes					-1	-1	-1	-1	-1	
413	388	ebd144a169f5bdf8	4			yes					-1	-1	414	-1	
414	413	002adff242b23c6d	5			yes					-1	-1	-1	-1	-1	
415	388	af7639afe407c695	4			yes					-1	-1	-1	-1	
