Number of nodes
421
ID	PID	Hash_Value			File_Number	Fully_Enumerated	Children
0	-1	86c969509b16fa87	6			yes					1	53	94	133	172	308	
1	0	7ed7b5bad2bc3d63	5			yes					2	17	38	48	52	
2	1	893fff13f66b5fa3	4			yes					3	6	8	12	
3	2	a5e5bc1529050db1	4			yes					-1	-1	4	5	
4	3	f585775040808cd1	3			yes					-1	-1	-1	
5	3	9ff597854af8960d	3			yes					-1	-1	-1	
6	2	29f9a47d42d7e5e2	4			yes					-1	7	-1	-1	
7	6	f45d0d3ce03c33d2	3			yes					-1	-1	-1	
8	2	863a1f0af7febc1c	5			yes					-1	9	10	-1	11	
9	8	5b9eb64b55156a2c	4			yes					-1	-1	-1	-1	
10	8	b528b48a5fdd576f	4			yes					-1	-1	-1	-1	
11	8	4ea6784f01ad654c	4			yes					-1	-1	-1	-1	
12	2	fc5292a3e65b89d7	5			yes					-1	13	14	15	16	
13	12	21f63be244b05fe7	4			yes					-1	-1	-1	-1	
14	12	cf4039234e7862a4	4			yes					-1	-1	-1	-1	
15	12	b2205ab00ede167d	4			yes					-1	-1	-1	-1	
16	12	0a11e88a7f2fcfb8	4			yes					-1	-1	-1	-1	
17	1	f7f21e1fd4175ca5	4			yes					-1	18	29	36	
18	17	6f20f4d413306937	3			yes					19	20	24	
19	18	c87ccfcdd55dcd3f	4			yes					-1	-1	-1	-1	
20	18	921801fa4de4a4b9	5			yes					21	22	-1	-1	23	
21	20	71c6760b2fdfc21e	4			yes					-1	-1	-1	-1	
22	20	374c4674c1282ed1	4			yes					-1	-1	-1	-1	
23	20	5a8466bfbbb77de9	4			yes					-1	-1	-1	-1	
24	18	e8708c535c419172	5			yes					25	26	-1	27	28	
25	24	0baefba23e7af7d5	4			yes					-1	-1	-1	-1	
26	24	4d24cbddd08d1b1a	4			yes					-1	-1	-1	-1	
27	24	a6024440b4c40ed8	4			yes					-1	-1	-1	-1	
28	24	1e33f67ac535d71d	4			yes					-1	-1	-1	-1	
29	17	ea4313a81a5f0ab7	3			yes					30	-1	32	
30	29	25e5aea79ff128f2	4			yes					-1	-1	-1	31	
31	30	a400e0c82d966981	3			yes					-1	-1	-1	
32	29	b2ed8cdca0a6377e	5			yes					33	34	-1	-1	35	
33	32	5133fb2dc29d51d9	4			yes					-1	-1	-1	-1	
34	32	17b9cb522c6abd16	4			yes					-1	-1	-1	-1	
35	32	17d1afbeb2b0aa6c	4			yes					-1	-1	-1	-1	
36	17	728badd52db80140	3			yes					37	-1	-1	
37	36	69b6edacd38cd062	4			yes					-1	-1	-1	-1	
38	1	e6055f71159b08f1	4			yes					-1	-1	39	46	
39	38	fbb452c6dbd35ee3	3			yes					40	-1	41	
40	39	54036c110e23ff1d	4			yes					-1	-1	-1	-1	
41	39	53f921463e233b4c	5			yes					42	43	44	-1	-1	
42	41	b02756b75c185deb	4			yes					-1	-1	-1	-1	
43	41	f6ad66c8b2efb124	4			yes					-1	-1	-1	-1	
44	41	8e5d88079cc8ed7c	4			yes					-1	-1	-1	-1	
45	41	c87faae4e68e8fdc	4			no					-1	-2	-2	-1	
46	38	637cecbbec345514	3			yes					47	-1	-1	
47	46	b301c355cfd5372b	4			yes					-1	-1	-1	-1	
48	1	6366b80d1cf46b71	4			yes					-1	-1	-1	49	
49	48	e61f0bc7e55b3694	3			yes					50	-1	-1	
50	49	162f628bc8f5d009	5			yes					-1	-1	-1	-1	51	
51	50	dea15b5956cd3904	4			yes					-1	-1	-1	-1	
52	1	fbae06702b136086	4			yes					-1	-1	-1	-1	
53	0	1cb9434cb3f22a1b	5			yes					54	72	82	90	93	
54	53	a036fdd6d488c030	4			yes					55	59	66	70	
55	54	5814f72a6653773d	4			yes					-1	56	57	58	
56	55	3c8e55403da21dd0	3			yes					-1	-1	-1	
57	55	6a199c22d9a1a16d	3			yes					-1	-1	-1	
58	55	6204dcba05aeec81	3			yes					-1	-1	-1	
59	54	38e4171d13aff5a2	3			yes					60	62	64	
60	59	428daf5e3e95578a	4			yes					-1	-1	-1	61	
61	60	9f28367d506b8a08	3			yes					-1	-1	-1	
62	59	0b1ec3999cb1de24	4			yes					63	-1	-1	-1	
63	62	3e845f71fb5032e7	3			yes					-1	-1	-1	
64	59	5c163645c37c15d8	5			yes					-1	-1	-1	-1	65	
65	64	07c1bbfd18e227c5	4			yes					-1	-1	-1	-1	
66	54	bd87f0611ac09622	3			yes					67	-1	68	
67	66	ee9f6cbba7144af4	4			yes					-1	-1	-1	-1	
68	66	5027a6d07bb3ae68	5			yes					-1	-1	-1	-1	69	
69	68	98a99f02e58b4765	4			yes					-1	-1	-1	-1	
70	54	254f4e1c2d279dd5	3			yes					71	-1	-1	
71	70	9447a6939cdaaaee	4			yes					-1	-1	-1	-1	
72	53	bc95ea2c97bad44e	4			yes					-1	73	75	79	
73	72	a3e1812a5fc5dd51	4			yes					74	-1	-1	-1	
74	73	b397a396001ff9c9	3			yes					-1	-1	-1	
75	72	0c223a5deaec84af	5			yes					76	-1	77	-1	78	
76	75	1c5418e1b536a037	4			yes					-1	-1	-1	-1	
77	75	3f3091dd42cf6fdc	4			yes					-1	-1	-1	-1	
78	75	c4be5d181cbf5dff	4			yes					-1	-1	-1	-1	
79	72	764ab7f4fb49b164	5			yes					80	-1	81	-1	-1	
80	79	663c9548a49395fc	4			yes					-1	-1	-1	-1	
81	79	45581c74536a5a17	4			yes					-1	-1	-1	-1	
82	53	846ba98774d51f89	4			yes					-1	-1	83	88	
83	82	99daa430ba9d499b	3			yes					-1	84	85	
84	83	de1b49461331c7ae	4			yes					-1	-1	-1	-1	
85	83	fc8c9765c8bc3943	5			yes					86	87	-1	-1	-1	
86	85	ecfab5d997661ddb	4			yes					-1	-1	-1	-1	
87	85	050533858f0ef31b	4			yes					-1	-1	-1	-1	
88	82	01121a4d8d7a426c	3			yes					-1	89	-1	
89	88	3919e602d2c70f98	4			yes					-1	-1	-1	-1	
90	53	01084efb7dba7c09	4			yes					-1	-1	-1	91	
91	90	8471fd31841521ec	3			yes					-1	92	-1	
92	91	9c3747dcd5e7e8ba	5			yes					-1	-1	-1	-1	-1	
93	53	99c0f0864a5d77fe	4			yes					-1	-1	-1	-1	
94	0	fbda573af2ee376b	5			yes					95	113	123	129	132	
95	94	4755e9a09594dd40	4			yes					96	104	106	111	
96	95	97ee6ba325dc6d86	3			yes					-1	97	100	
97	96	eb9e8ba6b5976d89	5			yes					-1	-1	98	-1	99	
98	97	d88c20261db486fa	4			yes					-1	-1	-1	-1	
99	97	2302ece343c4b4d9	4			yes					-1	-1	-1	-1	
100	96	91f6060fa4325842	5			yes					-1	-1	101	102	103	
101	100	a2e4ad8f0c11b331	4			yes					-1	-1	-1	-1	
102	100	df84ce1c4cb7c7e8	4			yes					-1	-1	-1	-1	
103	100	67b57c263d461e2d	4			yes					-1	-1	-1	-1	
104	95	ca6f0f2ba902f42a	4			yes					-1	-1	-1	105	
105	104	f07f24bbcaff6f96	3			yes					-1	-1	-1	
106	95	5ae4e4175bdc8b52	3			yes					-1	107	108	
107	106	72f22504e6b747c3	4			yes					-1	-1	-1	-1	
108	106	a5aecb5d902fcb24	5			yes					-1	-1	109	-1	110	
109	108	96bc60dd380c2057	4			yes					-1	-1	-1	-1	
110	108	6d20f28f0e172229	4			yes					-1	-1	-1	-1	
111	95	c22c5a6a6c3b80a5	3			yes					-1	112	-1	
112	111	063c5e92538b29f9	4			yes					-1	-1	-1	-1	
113	94	2b61d53942a687ad	4			yes					-1	114	116	121	
114	113	92af787f2fe1e33f	4			yes					115	-1	-1	-1	
115	114	82d95ac3703bc7a7	3			yes					-1	-1	-1	
116	113	36d0d88e8ceed1bf	3			yes					-1	117	118	
117	116	032aabc40f23005a	4			yes					-1	-1	-1	-1	
118	116	395aa1e2eeb952c8	5			yes					-1	-1	-1	-1	120	
119	118	292c835eb1637650	4			no					-1	-2	-1	-2	
120	118	9c668280fcafcfda	4			yes					-1	-1	-1	-1	
121	113	ae1866f3bb09da48	3			yes					-1	122	-1	
122	121	9367995523b5666e	4			yes					-1	-1	-1	-1	
123	94	f4fc82e4e0d5511a	4			yes					-1	-1	124	127	
124	123	61b054b77005e686	5			yes					-1	125	-1	-1	126	
125	124	c4e41339fcc96cee	4			yes					-1	-1	-1	-1	
126	124	a92c33f286563fd6	4			yes					-1	-1	-1	-1	
127	123	1bd8d91e61a0d34d	5			yes					-1	128	-1	-1	-1	
128	127	be8c9e90ed6c5925	4			yes					-1	-1	-1	-1	
129	94	e66b5a8d3ca66179	4			yes					-1	-1	-1	130	
130	129	6312e947c5093c9c	3			yes					-1	-1	131	
131	130	f1a529364f0e8a93	5			yes					-1	-1	-1	-1	-1	
132	94	7ea3e4f00b416a8e	4			yes					-1	-1	-1	-1	
133	0	a0bb59c9e20b94c9	5			yes					134	149	162	169	171	
134	133	1c34e75385717ee2	4			yes					135	143	146	147	
135	134	cc8f65503539ce24	3			yes					136	138	139	
136	135	66909f80b86f49c1	4			yes					-1	137	-1	-1	
137	136	262eac44b9c90bbd	3			yes					-1	-1	-1	
138	135	d686730950fd7d24	4			yes					-1	-1	-1	-1	
139	135	aa533cda36060bcd	5			yes					-1	140	-1	141	142	
140	139	77f7959b94edddfd	4			yes					-1	-1	-1	-1	
141	139	e421f4c9de839467	4			yes					-1	-1	-1	-1	
142	139	5c1046f3af724da2	4			yes					-1	-1	-1	-1	
143	134	95114cf683da1f24	3			yes					-1	144	145	
144	143	f3733120ca8369ed	4			yes					-1	-1	-1	-1	
145	143	31099c7df81184bc	4			yes					-1	-1	-1	-1	
146	134	e0414533ebd361ab	4			yes					-1	-1	-1	-1	
147	134	994d54997cde2307	3			yes					-1	-1	148	
148	147	ac5afbec94c0c705	4			yes					-1	-1	-1	-1	
149	133	7000dbca5243240f	4			yes					-1	150	156	159	
150	149	f925706f54e845c9	3			yes					-1	151	152	
151	150	5c9e565e4def4597	4			yes					-1	-1	-1	-1	
152	150	204b198d2b14337e	5			yes					153	-1	-1	154	155	
153	152	303d3b3174ce17e6	4			yes					-1	-1	-1	-1	
154	152	6e39d19ec391acd4	4			yes					-1	-1	-1	-1	
155	152	d60863a4b2607511	4			yes					-1	-1	-1	-1	
156	149	7755fad15ca4049d	5			yes					157	-1	-1	-1	158	
157	156	6723d86d037e2005	4			yes					-1	-1	-1	-1	
158	156	4f9964febf14e507	4			yes					-1	-1	-1	-1	
159	149	f5796800abec79ea	3			yes					-1	-1	160	
160	159	6f4e42e094588111	5			yes					-1	-1	-1	-1	161	
161	160	3499cf584fc6b30c	4			yes					-1	-1	-1	-1	
162	133	299ef26ce4a0f50f	4			yes					-1	-1	163	167	
163	162	658f9a51b43885c4	5			yes					164	165	-1	-1	166	
164	163	75f9b8edebe2a15c	4			yes					-1	-1	-1	-1	
165	163	c0dbdddf38f40fac	4			yes					-1	-1	-1	-1	
166	163	f8320eb40e2e25c6	4			yes					-1	-1	-1	-1	
167	162	ace741a61d0fa8ea	3			yes					-1	-1	168	
168	167	13996ee3f2362dd6	5			yes					-1	-1	-1	-1	-1	
169	133	606824f6283666ce	4			yes					-1	-1	-1	170	
170	169	856a8abc619a182b	5			yes					-1	-1	-1	-1	-1	
171	133	25c2ea031ba4c92c	4			yes					-1	-1	-1	-1	
172	0	db2c946eab532ea0	5			yes					173	185	198	212	244	
173	172	2885a5a34f0e3b7a	4			yes					174	178	184	-1	
174	173	df6def0a6bd959ba	3			yes					175	176	-1	
175	174	717f53ffe6ebca95	4			yes					-1	-1	-1	-1	
176	174	2bea4ba8b2ca8929	5			yes					-1	-1	-1	177	-1	
177	176	2c1f1c9a82994665	4			yes					-1	-1	-1	-1	
178	173	a1a00e0649a55abc	3			yes					-1	179	183	
179	178	e9b5a0ef43829f6f	5			yes					180	181	-1	182	-1	
180	179	0a6bd71e21b9f9c8	4			yes					-1	-1	-1	-1	
181	179	4ce1e761cf4e1507	4			yes					-1	-1	-1	-1	
182	179	d50daf7d3a9b4434	4			yes					-1	-1	-1	-1	
183	178	b56082832c261027	5			yes					-1	-1	-1	-1	-1	
184	173	b0574f6888290ee8	3			yes					-1	-1	-1	
185	172	4aeb53552e402c02	4			yes					186	194	197	-1	
186	185	f664edcf493ac629	3			yes					187	188	193	
187	186	db378473f20a0070	4			yes					-1	-1	-1	-1	
188	186	b30670d65ce01def	5			yes					189	190	-1	191	192	
189	188	869cec3e3b01f12c	4			yes					-1	-1	-1	-1	
190	188	c1c8c7cd517d65c4	4			yes					-1	-1	-1	-1	
191	188	b4f327e46cb3d2a3	4			yes					-1	-1	-1	-1	
192	188	89165b463f1d8653	4			yes					-1	-1	-1	-1	
193	186	84baf7f65412e887	5			yes					-1	-1	-1	-1	-1	
194	185	eac7fa350a08d257	3			yes					-1	195	-1	
195	194	a1f26effafd8b19a	5			yes					-1	-1	-1	196	-1	
196	195	a60739cd9f8b7ed6	4			yes					-1	-1	-1	-1	
197	185	d239b99ee9671990	3			yes					-1	-1	-1	
198	172	ad8847236f5c3172	4			yes					199	207	211	-1	
199	198	1107f9b90826db59	3			yes					200	205	206	
200	199	90332ab3bbf1565f	5			yes					-1	201	202	203	204	
201	200	2033175e5b7351fa	4			yes					-1	-1	-1	-1	
202	200	a321813313d2bd2c	4			yes					-1	-1	-1	-1	
203	200	ac8b2521c2e88d04	4			yes					-1	-1	-1	-1	
204	200	157fbba7acda5adc	4			yes					-1	-1	-1	-1	
205	199	12dac59a518d829f	4			yes					-1	-1	-1	-1	
206	199	71339a7bbf8e8dcb	5			yes					-1	-1	-1	-1	-1	
207	198	7d33c520df1481b4	3			yes					-1	208	210	
208	207	c4b46a122598d48f	5			yes					-1	-1	-1	209	-1	
209	208	c3413d2015cb1bc3	4			yes					-1	-1	-1	-1	
210	207	86d74c6cf0e5fd09	5			yes					-1	-1	-1	-1	-1	
211	198	a2ae92fd7d675703	3			yes					-1	-1	-1	
212	172	2d3bc1c542e85ef3	5			yes					213	225	235	242	243	
213	212	91b47f5f2592b4d8	4			yes					214	218	222	223	
214	213	ab96106629c505d0	5			yes					-1	215	216	217	-1	
215	214	7632b9278b2ed3e0	4			yes					-1	-1	-1	-1	
216	214	ce85159f51bb6cb9	4			yes					-1	-1	-1	-1	
217	214	972e1ff450dcde8b	4			yes					-1	-1	-1	-1	
218	213	7aa45aecee673be2	5			yes					-1	-1	219	220	221	
219	218	dc9e320c8f5196f5	4			yes					-1	-1	-1	-1	
220	218	7d510ddede34f4ae	4			yes					-1	-1	-1	-1	
221	218	40b4717c8d9aa05e	4			yes					-1	-1	-1	-1	
222	213	8eb537c5465df56a	4			yes					-1	-1	-1	-1	
223	213	d043296a4319c29e	5			yes					-1	-1	-1	-1	-1	
224	223	b5502c933b67abf7	4			no					-1	-1	-2	-1	
225	212	fd8043c6f2a0ee35	4			yes					-1	226	231	232	
226	225	218e353134d73d63	5			yes					227	-1	228	229	230	
227	226	31f8178d6b0d19fb	4			yes					-1	-1	-1	-1	
228	226	449d30c84ca9540a	4			yes					-1	-1	-1	-1	
229	226	1d363aa34dcee638	4			yes					-1	-1	-1	-1	
230	226	a4c2a42523fc31e0	4			yes					-1	-1	-1	-1	
231	225	d34dd0e99e8e8b97	5			yes					-1	-1	-1	-1	-1	
232	225	7a6775a00ba32a6a	5			yes					233	-1	-1	234	-1	
233	232	6a11571c54790ef2	4			yes					-1	-1	-1	-1	
234	232	46df7a3272baf131	4			yes					-1	-1	-1	-1	
235	212	a41e6a6044433f35	4			yes					-1	-1	236	237	
236	235	556635ecd289f095	5			yes					-1	-1	-1	-1	-1	
237	235	0bc52531b4dbe01c	6			yes					238	239	-1	240	241	-1	
238	237	1bb3078deb01c484	5			yes					-1	-1	-1	-1	-1	
239	237	ae9162bf38176a74	5			yes					-1	-1	-1	-1	-1	
240	237	adff4dd1d5ed4d0b	5			yes					-1	-1	-1	-1	-1	
241	237	eb30027726c1d436	5			yes					-1	-1	-1	-1	-1	
242	212	c60869e6fc372116	4			yes					-1	-1	-1	-1	
243	212	0e223f1f6f4644ce	4			yes					-1	-1	-1	-1	
244	172	926ff4f3656dbc0e	6			yes					245	271	291	302	305	307	
245	244	2ee04a6902175625	5			yes					246	252	258	263	264	
246	245	83a9d844641b47f3	6			yes					-1	247	248	249	250	251	
247	246	5e0d7105c6f091c3	5			yes					-1	-1	-1	-1	-1	
248	246	b0bb73c4cc38ac80	5			yes					-1	-1	-1	-1	-1	
249	246	bf11d7d61d029ca8	5			yes					-1	-1	-1	-1	-1	
250	246	cef7d6c7e4b50e23	5			yes					-1	-1	-1	-1	-1	
251	246	358521886e1dc299	5			yes					-1	-1	-1	-1	-1	
252	245	56eeb003b1a7b265	6			yes					-1	-1	253	254	256	257	
253	252	b8ebf94c53907915	5			yes					-1	-1	-1	-1	-1	
254	252	511be73181f47d29	5			yes					-1	-1	-1	-1	255	
255	254	177346b7e3961542	4			yes					-1	-1	-1	-1	
256	252	4c2698970ff94675	5			yes					-1	-1	-1	-1	-1	
257	252	10861185d3c5da0e	5			yes					-1	-1	-1	-1	-1	
258	245	7b9ddf10b6259261	6			yes					-1	-1	-1	259	261	262	
259	258	7c68882286765d2d	5			yes					-1	-1	-1	-1	260	
260	259	3a0029a4e4143546	4			yes					-1	-1	-1	-1	
261	258	6155f784087b6671	5			yes					-1	-1	-1	-1	-1	
262	258	3df57e96d447fa0a	5			yes					-1	-1	-1	-1	-1	
263	245	275483cd8f964084	4			yes					-1	-1	-1	-1	
264	245	c8f80ac9fc45f233	4			yes					265	267	269	-1	
265	264	0f2b25d60d0477ad	6			yes					-1	-1	-1	-1	266	-1	
266	265	42752b558daa3e7d	5			yes					-1	-1	-1	-1	-1	
267	264	55a4cd8598d8fea4	6			yes					-1	-1	-1	268	-1	-1	
268	267	52519ab7a88b31e8	5			yes					-1	-1	-1	-1	-1	
269	264	78d7a2969f5adea0	6			yes					-1	-1	-1	270	-1	-1	
270	269	7f22f5a4af0911ec	5			yes					-1	-1	-1	-1	-1	
271	244	42d476f0d5250cc8	5			yes					-1	272	278	284	285	
272	271	09b1fd1379097f40	6			yes					273	-1	274	275	276	277	
273	272	19c7dfaf26d35bd8	5			yes					-1	-1	-1	-1	-1	
274	272	3aa35693d12a9433	5			yes					-1	-1	-1	-1	-1	
275	272	3509f2810010a41b	5			yes					-1	-1	-1	-1	-1	
276	272	44eff390f9a73690	5			yes					-1	-1	-1	-1	-1	
277	272	bf9d04df730ffa2a	5			yes					-1	-1	-1	-1	-1	
278	271	afc76c3a4f0fc385	6			yes					279	-1	-1	280	282	283	
279	278	bfb14e8610d5e71d	5			yes					-1	-1	-1	-1	-1	
280	278	a8323b087f5c0cc9	5			yes					-1	-1	-1	-1	281	
281	280	ee5a9a8e1d3e64a2	4			yes					-1	-1	-1	-1	
282	278	b50f44aef1513795	5			yes					-1	-1	-1	-1	-1	
283	278	e9afcdbc2d6dabee	5			yes					-1	-1	-1	-1	-1	
284	271	4b60bf5458a41a69	4			yes					-1	-1	-1	-1	
285	271	a4cc36502b77a8de	4			yes					-1	286	289	-1	
286	285	8533008110164f1e	6			yes					-1	-1	-1	-1	288	-1	
287	286	9545223d4fcc6b86	5			no					-1	-2	-2	-2	-2	
288	286	c86d0e0290b806ce	5			yes					-1	-1	-1	-1	-1	
289	285	ac8d11bc66708f44	6			yes					-1	-1	-1	290	-1	-1	
290	289	ab78468e56234008	5			yes					-1	-1	-1	-1	-1	
291	244	1b4a5f5663c6ddc8	5			yes					-1	-1	292	298	299	
292	291	642393f9e3e01d69	6			yes					293	294	-1	295	296	297	
293	292	7455b145bc3a39f1	5			yes					-1	-1	-1	-1	-1	
294	292	c177d4776f2c9701	5			yes					-1	-1	-1	-1	-1	
295	292	589b9c6b9af9c632	5			yes					-1	-1	-1	-1	-1	
296	292	297d9d7a634e54b9	5			yes					-1	-1	-1	-1	-1	
297	292	d20f6a35e9e69803	5			yes					-1	-1	-1	-1	-1	
298	291	12fe96f2ee47cb69	4			yes					-1	-1	-1	-1	
299	291	fd521ff69d9479de	4			yes					-1	-1	300	-1	
300	299	e8a16e6b8aff2d37	6			yes					-1	-1	-1	-1	301	-1	
301	300	a5ff60e80a5164e7	5			yes					-1	-1	-1	-1	-1	
302	244	0abd1e38a24a899c	5			yes					-1	-1	-1	303	304	
303	302	0309d79c2fcb9f3d	4			yes					-1	-1	-1	-1	
304	302	eca55e985c182d8a	4			yes					-1	-1	-1	-1	
305	244	9bdb3d57e8ecaaaf	5			yes					-1	-1	-1	-1	306	
306	305	7dc37df716be0eb9	4			yes					-1	-1	-1	-1	
307	244	7477b4539b3f1818	5			yes					-1	-1	-1	-1	-1	
308	0	98db497e4ddbd994	5			yes					309	340	366	391	-1	
309	308	0852dce40fac5257	5			yes					310	316	330	339	-1	
310	309	ffba964d2b7b3097	4			yes					311	313	315	-1	
311	310	c3551e9796c40a76	5			yes					-1	-1	-1	-1	312	
312	311	853dbf11f4a6621d	4			yes					-1	-1	-1	-1	
313	310	4b628a5af9b5bf32	5			yes					-1	-1	-1	-1	314	
314	313	fd4e7396f3b33a58	4			yes					-1	-1	-1	-1	
315	310	9746ac8007587350	5			yes					-1	-1	-1	-1	-1	
316	309	8177774109073391	4			yes					-1	317	326	-1	
317	316	42937f6819094b66	6			yes					318	320	-1	322	324	325	
318	317	a14d08997b322dc1	5			yes					-1	-1	-1	-1	319	
319	318	e725a91f195045aa	4			yes					-1	-1	-1	-1	
320	317	e7c738e695c5c10e	5			yes					-1	-1	-1	-1	321	
321	320	a1af9960f7a7a965	4			yes					-1	-1	-1	-1	
322	317	0ce1b77bf18cd4cc	5			yes					-1	-1	-1	-1	323	
323	322	4a8916fd93eebca7	4			yes					-1	-1	-1	-1	
324	317	585b57fca757bf76	5			yes					-1	-1	-1	-1	-1	
325	317	04fbdeee7b6b230d	5			yes					-1	-1	-1	-1	-1	
326	316	c9263d90e1157d96	5			yes					327	328	-1	-1	329	
327	326	2af84a61832e1b31	4			yes					-1	-1	-1	-1	
328	326	6c727a1e6dd9f7fe	4			yes					-1	-1	-1	-1	
329	326	7f0ac45ceb13f8fc	4			yes					-1	-1	-1	-1	
330	309	9080362fc88b67c5	4			yes					-1	-1	331	-1	
331	330	6c79adca6d94a41b	6			yes					332	334	335	-1	337	338	
332	331	8fa7da3b0fafc2bc	5			yes					-1	-1	-1	-1	333	
333	332	c9cf7bbd6dcdaad7	4			yes					-1	-1	-1	-1	
334	331	c92dea44e1582e73	5			yes					-1	-1	-1	-1	-1	
335	331	b1dd048bcf7f722b	5			yes					-1	-1	-1	-1	336	
336	335	f7b5a50dad1d1a40	4			yes					-1	-1	-1	-1	
337	331	8e170b6284ece7b7	5			yes					-1	-1	-1	-1	-1	
338	331	2a110c4c0ff6cc70	5			yes					-1	-1	-1	-1	-1	
339	309	15e3d153c1e40445	4			yes					-1	-1	-1	-1	
340	308	6a3c2a126ee2452f	5			yes					341	351	355	365	-1	
341	340	d6b394880998af04	4			yes					342	344	349	-1	
342	341	3ea455a8d99270fa	5			yes					-1	-1	-1	-1	343	
343	342	78ccf42ebbf01891	4			yes					-1	-1	-1	-1	
344	341	ca16beb81393301b	5			yes					345	346	-1	347	348	
345	344	ff8c22507472dcd8	4			yes					-1	-1	-1	-1	
346	344	b8d809a31e0e4830	4			yes					-1	-1	-1	-1	
347	344	dbbcf6557d7d3ab0	4			yes					-1	-1	-1	-1	
348	344	7c3a47741995b571	4			yes					-1	-1	-1	-1	
349	341	d14e68dbb41e0d31	5			yes					-1	-1	-1	-1	350	
350	349	67629117be18885b	4			yes					-1	-1	-1	-1	
351	340	ca1083724aaabb7a	4			yes					-1	352	354	-1	
352	351	c17aaf0de4a78781	5			yes					-1	-1	-1	-1	353	
353	352	775656c1eea102eb	4			yes					-1	-1	-1	-1	
354	351	1d5e89d71a4a4be3	5			yes					-1	-1	-1	-1	-1	
355	340	f2eec0d9a9c570bd	4			yes					-1	-1	356	-1	
356	355	c30c1be99b0ba614	6			yes					357	359	361	-1	363	364	
357	356	d37a3955c4d1828c	5			yes					-1	-1	-1	-1	-1	
358	357	951298d3a6b3eae7	4			no					-1	-2	-1	-1	
359	356	3a85bf09dcb96c4c	5			yes					-1	-1	-1	-1	360	
360	359	7ced1e8fbedb0427	4			yes					-1	-1	-1	-1	
361	356	1ea8b2a839e07024	5			yes					-1	-1	-1	-1	362	
362	361	58c0132e5b82184f	4			yes					-1	-1	-1	-1	
363	356	2162bd417273e5b8	5			yes					-1	-1	-1	-1	-1	
364	356	8564ba6ff969ce7f	5			yes					-1	-1	-1	-1	-1	
365	340	778d27a5a0aa133d	4			yes					-1	-1	-1	-1	
366	308	8d5f3e642ffe585f	5			yes					367	382	388	390	-1	
367	366	31d080fe4884b274	4			yes					368	377	379	-1	
368	367	3b15f534e17a8256	6			yes					-1	369	371	373	375	376	
369	368	8b15c8d901f885f3	5			yes					-1	-1	-1	-1	370	
370	369	cd7d695f639aed98	4			yes					-1	-1	-1	-1	
371	368	08075eb449596925	5			yes					-1	-1	-1	-1	372	
372	371	4e6fff322b3b014e	4			yes					-1	-1	-1	-1	
373	368	75673d2709ff1dfc	5			yes					-1	-1	-1	-1	-1	
374	373	330f9ca16b9d7597	4			yes					-1	-1	-1	-1	
375	368	21dddda05f247646	5			yes					-1	-1	-1	-1	-1	
376	368	7d7d54b28318ea3d	5			yes					-1	-1	-1	-1	-1	
377	367	acdfada916c3f3ed	5			yes					-1	-1	-1	-1	378	
378	377	eab70c2f74a19b86	4			yes					-1	-1	-1	-1	
379	367	24c705565f82687d	5			yes					-1	-1	380	-1	381	
380	379	17d5aed6f7a1830e	4			yes					-1	-1	-1	-1	
381	379	92ebfc9a5584ed17	4			yes					-1	-1	-1	-1	
382	366	5de4bc679fb6e899	4			yes					-1	383	385	-1	
383	382	4c8b548fa81a584a	5			yes					-1	-1	-1	-1	384	
384	383	0ae3f509ca783021	4			yes					-1	-1	-1	-1	
385	382	bd73c9be5454b2b7	5			yes					386	-1	-1	-1	387	
386	385	ad05eb020b8e962f	4			yes					-1	-1	-1	-1	
387	385	0b5f30725e5237dd	4			yes					-1	-1	-1	-1	
388	366	8279ebba3dc53e2e	4			yes					-1	-1	389	-1	
389	388	70cce73d80a329ca	5			yes					-1	-1	-1	-1	-1	
390	366	90ee33d3e1b60e4d	4			yes					-1	-1	-1	-1	
391	308	d63e30973f1bfbfd	5			yes					392	406	418	420	-1	
392	391	6ab18e0d586111d6	4			yes					393	402	404	-1	
393	392	00b0cfe1734ed1d9	6			yes					-1	394	396	398	400	401	
394	393	dd1466a0d1a507e9	5			yes					-1	-1	-1	-1	395	
395	394	9b7cc726b3c76f82	4			yes					-1	-1	-1	-1	
396	393	65a3ca180b30b8b0	5			yes					-1	-1	-1	-1	397	
397	396	23cb6b9e6952d0db	4			yes					-1	-1	-1	-1	
398	393	4ec207f29bcb4e73	5			yes					-1	-1	-1	-1	399	
399	398	08aaa674f9a92618	4			yes					-1	-1	-1	-1	
400	393	1a78e775cd1025c9	5			yes					-1	-1	-1	-1	-1	
401	393	46d86e67112cb9b2	5			yes					-1	-1	-1	-1	-1	
402	392	e89d7663f8725a45	5			yes					-1	-1	-1	-1	403	
403	402	aef5d7e59a10322e	4			yes					-1	-1	-1	-1	
404	392	61e07ec0c0a59e7e	5			yes					-1	-1	-1	-1	405	
405	404	2788df46a2c7f615	4			yes					-1	-1	-1	-1	
406	391	0685b2948f534b3b	4			yes					-1	407	416	-1	
407	406	8aa8eab66e5ce96a	6			yes					408	-1	410	412	414	415	
408	407	9adec80a3186cdf2	5			yes					-1	-1	-1	-1	409	
409	408	dcb6698c53e4a599	4			yes					-1	-1	-1	-1	
410	407	efbbef4f16228003	5			yes					-1	-1	-1	-1	411	
411	410	a9d34ec97440e868	4			yes					-1	-1	-1	-1	
412	407	c4da22a586d976c0	5			yes					-1	-1	-1	-1	413	
413	412	82b28323e4bb1eab	4			yes					-1	-1	-1	-1	
414	407	9060c222d0021d7a	5			yes					-1	-1	-1	-1	-1	
415	407	ccc04b300c3e8101	5			yes					-1	-1	-1	-1	-1	
416	406	e277b5fc4667d2b1	5			yes					-1	-1	-1	-1	417	
417	416	a41f147a2405bada	4			yes					-1	-1	-1	-1	
418	391	5f1b9b3239b09a3b	4			yes					-1	-1	419	-1	
419	418	9fd9608dd3252c19	5			yes					-1	-1	-1	-1	-1	
420	391	16ed4da8f52609fa	4			yes					-1	-1	-1	-1	
