Number of nodes
165
ID	PID	Hash_Value			File_Number	Fully_Enumerated	Children
0	-1	b81f1940e67682de	6			yes					1	22	46	69	87	115	
1	0	1f74b7deb78e0f47	5			yes					2	7	14	19	21	
2	1	4d2b1c6a8656c4b2	4			yes					3	4	-1	5	
3	2	ed9442bccd96cbe7	4			yes					-1	-1	-1	-1	
4	2	44e8057256cafe19	4			yes					-1	-1	-1	-1	
5	2	3fd4751bba6b1e34	5			yes					-1	-1	-1	-1	6	
6	5	c48244998ad0eaf3	4			yes					-1	-1	-1	-1	
7	1	a3b9c13b317bfd71	4			yes					-1	8	9	10	
8	7	01835d333ed1e242	5			yes					-1	-1	-1	-1	-1	
9	7	d0600478a7f44c43	4			yes					-1	-1	-1	-1	
10	7	f3656b840ee7c757	3			yes					11	12	13	
11	10	1ce2057abaeaab30	4			yes					-1	-1	-1	-1	
12	10	4c9769093d283fad	5			yes					-1	-1	-1	-1	-1	
13	10	59baf6e0dbcdaefb	4			yes					-1	-1	-1	-1	
14	1	727703b0c8abe7c2	4			yes					-1	-1	15	16	
15	14	837e1c29362a9e69	5			yes					-1	-1	-1	-1	-1	
16	14	22aba90ff737dde4	3			yes					17	-1	18	
17	16	5685c42d63d590aa	4			yes					-1	-1	-1	-1	
18	16	20ce5f894b026fa5	5			yes					-1	-1	-1	-1	-1	
19	1	d34dc380f794eb60	4			yes					-1	-1	-1	20	
20	19	8391693fc808d146	3			yes					-1	-1	-1	
21	1	4fa81d6188123561	4			yes					-1	-1	-1	-1	
22	0	20df188afc04ce2e	5			yes					23	33	38	43	45	
23	22	1534f6af6365e8a2	4			yes					24	26	27	29	
24	23	3ed70fdecc86b990	4			yes					-1	-1	-1	25	
25	24	c34192c4f66fc041	3			yes					-1	-1	-1	
26	23	a660a85d026041c5	4			yes					-1	-1	-1	-1	
27	23	b701b066ea8c3836	5			yes					-1	-1	-1	-1	28	
28	27	4a972d7cd06541e7	4			yes					-1	-1	-1	-1	
29	23	45e85c105cf9d284	3			yes					30	31	32	
30	29	3817a346c6d43486	4			yes					-1	-1	-1	-1	
31	29	b40d6902377f2f76	4			yes					-1	-1	-1	-1	
32	29	362fbafb03013b25	4			yes					-1	-1	-1	-1	
33	22	c40d84aa9fc21008	4			yes					-1	34	-1	36	
34	33	045882fb1fdf94e4	5			yes					-1	-1	-1	-1	35	
35	34	f9ce1fe12536ed35	4			yes					-1	-1	-1	-1	
36	33	624ffc37b780bfd4	5			yes					-1	-1	-1	-1	37	
37	36	9919cdb5873b4b13	4			yes					-1	-1	-1	-1	
38	22	4ddcace4832126ab	4			yes					-1	-1	39	40	
39	38	98dd5cb488e08605	5			yes					-1	-1	-1	-1	-1	
40	38	1d00065bbcbd1c8d	3			yes					-1	41	42	
41	40	68a1649dcb7f5fc8	4			yes					-1	-1	-1	-1	
42	40	3b6d1f14f5c877c9	5			yes					-1	-1	-1	-1	-1	
43	22	ece66cd4bc1e2a09	4			yes					-1	-1	-1	44	
44	43	bc3ac66b8382102f	3			yes					-1	-1	-1	
45	22	7003b235c398f408	4			yes					-1	-1	-1	-1	
46	0	f64285a4aee15dbf	5			yes					47	57	64	66	68	
47	46	c3a96b8131807b33	4			yes					48	50	51	53	
48	47	072e2d2c6d1f8870	5			yes					-1	-1	-1	-1	49	
49	48	fab8b03657f6f1a1	4			yes					-1	-1	-1	-1	
50	47	35ad77fd8a3d22af	4			yes					-1	-1	-1	-1	
51	47	0788df75b59cfefd	5			yes					-1	-1	-1	-1	52	
52	51	fa1e426f8f75872c	4			yes					-1	-1	-1	-1	
53	47	9375c13e0e1c4115	3			yes					54	-1	56	
54	53	01ee81b4674d0566	5			yes					-1	-1	-1	-1	-1	
55	53	aeed6c0c8643edaa	4			no					-1	-1	-2	-2	
56	53	86a6d5e85c11fdee	4			yes					-1	-1	-1	-1	
57	46	da0906d26c43eae1	4			yes					-1	58	59	61	
58	57	7c98977db86010d0	4			yes					-1	-1	-1	-1	
59	57	29488c72146e2b2a	5			yes					-1	-1	-1	-1	60	
60	59	d4de11682e8752fb	4			yes					-1	-1	-1	-1	
61	57	8ad5ac6d53dfd0c7	3			yes					-1	62	63	
62	61	8bf538a1b691975d	4			yes					-1	-1	-1	-1	
63	61	a86686effde32839	4			yes					-1	-1	-1	-1	
64	46	8545b3b222454fd3	4			yes					-1	-1	-1	65	
65	64	aa48cb1d28cc2483	5			yes					-1	-1	-1	-1	-1	
66	46	3a7bf1faeefbb998	4			yes					-1	-1	-1	67	
67	66	6aa75b45d16783be	3			yes					-1	-1	-1	
68	46	a69e2f1b917d6799	4			yes					-1	-1	-1	-1	
69	0	3f2f39182b9f96db	5			yes					70	77	82	84	85	
70	69	0ac4d73db4feb057	4			yes					71	73	-1	74	
71	70	716cb5738754ad76	5			yes					-1	-1	-1	-1	72	
72	71	8cfa2869bdbdd4a7	4			yes					-1	-1	-1	-1	
73	70	2633fbd0fe76374f	4			yes					-1	-1	-1	-1	
74	70	5a187d828b628a71	3			yes					75	76	-1	
75	74	77ac19eb8d062060	5			yes					-1	-1	-1	-1	-1	
76	74	e22d67f78867e606	4			yes					-1	-1	-1	-1	
77	69	1364ba6ee93d2185	4			yes					-1	78	-1	80	
78	77	c5f135020bb1d03a	5			yes					-1	-1	-1	-1	79	
79	78	3867a8183158a9eb	4			yes					-1	-1	-1	-1	
80	77	43b810d1d6a11ba3	3			yes					-1	81	-1	
81	80	c331999a01e35d2c	5			yes					-1	-1	-1	-1	-1	
82	69	83e24ffdad6a64ed	4			yes					-1	-1	-1	83	
83	82	d33ee54292f65ecb	3			yes					-1	-1	-1	
84	69	98b5d49657e03b20	5			yes					-1	-1	-1	-1	-1	
85	69	6ff393a71403acfd	4			yes					-1	-1	-1	86	
86	85	285b91e4401f3516	5			yes					-1	-1	-1	-1	-1	
87	0	ae169aafdafb321e	6			yes					88	97	105	110	112	114	
88	87	9bfd748a459a1492	5			yes					89	90	91	-1	93	
89	88	10710f3ef2360049	5			yes					-1	-1	-1	-1	-1	
90	88	3bff03a01c4c1260	4			yes					-1	-1	-1	-1	
91	88	c28240d26665d54d	5			yes					-1	-1	-1	-1	92	
92	91	3f14ddc85c8cac9c	4			yes					-1	-1	-1	-1	
93	88	cb21de357a062eb4	4			yes					94	95	96	-1	
94	93	d75480580fbe1c12	5			yes					-1	-1	-1	-1	-1	
95	93	fcda8cc6e1c40e3b	4			yes					-1	-1	-1	-1	
96	93	c442ec4a6c37585b	5			yes					-1	-1	-1	-1	-1	
97	87	825d19d918598540	5			yes					-1	98	100	-1	102	
98	97	a4ec8f4f7ed37d05	5			yes					-1	-1	-1	-1	99	
99	98	fba9122c319dcedf	4			yes					-1	-1	-1	-1	
100	97	d4dbb187cf075798	5			yes					-1	-1	-1	-1	101	
101	100	294d2c9df5ee2e49	4			yes					-1	-1	-1	-1	
102	97	d281b36627c5bf66	4			yes					-1	103	104	-1	
103	102	63c90029835b615e	5			yes					-1	-1	-1	-1	-1	
104	102	d21b1d1fc555da8e	5			yes					-1	-1	-1	-1	-1	
105	87	12dbec4a5c0ec028	5			yes					-1	-1	106	-1	108	
106	105	f4bd9a8da61cd69c	6			yes					-1	-1	-1	-1	-1	107	
107	106	092b07979cf5af4d	5			yes					-1	-1	-1	-1	-1	
108	105	420746f56392fa0e	4			yes					-1	-1	109	-1	
109	108	f27d3615ac4e5b8a	6			yes					-1	-1	-1	-1	-1	-1	
110	87	c3152ec1a5deda9b	5			yes					-1	-1	-1	-1	111	
111	110	93c9847e9a42e0bd	4			yes					-1	-1	-1	-1	
112	87	98b205679b8fb147	5			yes					-1	-1	-1	-1	113	
113	112	c86eafd8a4138b61	4			yes					-1	-1	-1	-1	
114	87	feca3010e5670838	5			yes					-1	-1	-1	-1	-1	
115	0	bc3ae8f35528fb50	5			yes					116	126	136	146	154	
116	115	156bc2fd223536af	5			yes					117	120	123	125	-1	
117	116	4734694913edfd5a	4			yes					118	-1	-1	-1	
118	117	3aa954cc842ba896	4			yes					-1	-1	-1	-1	
119	117	7e3bc51c12632f87	4			yes					-1	-1	-1	-1	
120	116	a9a6b418a4c0c499	4			yes					-1	121	122	-1	
121	120	7b3ba1a0e7ea6da5	5			yes					-1	-1	-1	-1	-1	
122	120	4dda7ddf9b3ed886	4			yes					-1	-1	-1	-1	
123	116	786876935d10de2a	4			yes					-1	-1	124	-1	
124	123	a4cf56227737772b	5			yes					-1	-1	-1	-1	-1	
125	116	d952b6a3622fd288	4			yes					-1	-1	-1	-1	
126	115	2ac06da969bff7c6	5			yes					127	131	133	135	-1	
127	126	1f2b838cf6ded14a	4			yes					128	129	130	-1	
128	127	47aa662ca2048df1	4			yes					-1	-1	-1	-1	
129	127	9cb3683346c9905b	4			yes					-1	-1	-1	-1	
130	127	ef0ae9b750c603a3	4			yes					-1	-1	-1	-1	
131	126	ce12f1890a7929e0	4			yes					-1	132	-1	-1	
132	131	238462a76725bb85	4			yes					-1	-1	-1	-1	
133	126	47c3d9c7169a1f43	4			yes					-1	-1	134	-1	
134	133	bf6c16bfc9fd6f47	5			yes					-1	-1	-1	-1	-1	
135	126	e6f919f729a513e1	4			yes					-1	-1	-1	-1	
136	115	fc5df0873b5a6457	5			yes					137	141	144	145	-1	
137	136	c9b61ea2a43b42db	4			yes					138	139	140	-1	
138	137	7e5344de039dbc11	5			yes					-1	-1	-1	-1	-1	
139	137	4ed7a76fb043f959	4			yes					-1	-1	-1	-1	
140	137	5f8386a40fd6c568	4			yes					-1	-1	-1	-1	
141	136	d01673f1f9f8d309	4			yes					-1	142	143	-1	
142	141	95ad3b27dead58f5	4			yes					-1	-1	-1	-1	
143	141	7143d5a3ae2410bf	4			yes					-1	-1	-1	-1	
144	136	8f5ac691b7fe763b	4			yes					-1	-1	-1	-1	
145	136	306484d97b408070	4			yes					-1	-1	-1	-1	
146	115	35304c3bbe24af33	5			yes					147	150	152	153	-1	
147	146	00dba21e214589bf	4			yes					148	149	-1	-1	
148	147	0811dc81e9d69917	5			yes					-1	-1	-1	-1	-1	
149	147	c3ad81d1b2cf0976	4			yes					-1	-1	-1	-1	
150	146	197bcf4d7c86186d	4			yes					-1	151	-1	-1	
151	150	bc8c5cf06533e45b	5			yes					-1	-1	-1	-1	-1	
152	146	89fd3ade38d15d05	4			yes					-1	-1	-1	-1	
153	146	6010d728b8dd94d8	5			yes					-1	-1	-1	-1	-1	
154	115	23d2f868484e7628	5			yes					155	159	162	164	-1	
155	154	1639164dd72f50a4	4			yes					156	157	158	-1	
156	155	e0169924ad37b6c1	5			yes					-1	-1	-1	-1	-1	
157	155	cb9895ba434da4e8	4			yes					-1	-1	-1	-1	
158	155	bbff292008e7e12c	5			yes					-1	-1	-1	-1	-1	
159	154	0f997b1e8aecc176	4			yes					-1	160	161	-1	
160	159	548b195521d2cb8d	5			yes					-1	-1	-1	-1	-1	
161	159	ada6d875a18563f9	5			yes					-1	-1	-1	-1	-1	
162	154	9f1f8e8dcebb841e	4			yes					-1	-1	163	-1	
163	162	8dc0f37fc89ee2fd	6			yes					-1	-1	-1	-1	-1	-1	
164	154	4ed14c06376b9ead	4			yes					-1	-1	-1	-1	
