Number of nodes
183
ID	PID	Hash_Value			File_Number	Fully_Enumerated	Children
0	-1	fce4db502d193c8c	6			yes					1	24	45	68	92	136	
1	0	6d1ca7e6df6c2540	5			yes					2	8	17	21	23	
2	1	3c1a9a21c685135e	4			yes					3	4	-1	5	
3	2	828ac03cd7222b87	4			yes					-1	-1	-1	-1	
4	2	d9006e1e20b620c9	4			yes					-1	-1	-1	-1	
5	2	5f175ece93039b75	3			yes					6	7	-1	
6	5	434d458ee9bd6e7b	4			yes					-1	-1	-1	-1	
7	5	24d1cf043d9b9a7d	4			yes					-1	-1	-1	-1	
8	1	055c14100eac8d5f	4			yes					-1	9	13	14	
9	8	d4a2153438becf06	5			yes					10	11	-1	-1	12	
10	9	ce685f489aeb8b9e	4			yes					-1	-1	-1	-1	
11	9	e704435fdc6a9aa0	4			yes					-1	-1	-1	-1	
12	9	c476718bbd60db65	4			yes					-1	-1	-1	-1	
13	8	6d779f25378089e4	4			yes					-1	-1	-1	-1	
14	8	6651d0ff5b2a0574	3			yes					-1	15	16	
15	14	03541de515f8f331	5			yes					-1	-1	-1	-1	-1	
16	14	14ff49d872f0c5f1	4			yes					-1	-1	-1	-1	
17	1	301c1725d877001f	4			yes					-1	-1	18	19	
18	17	fd6eb06085f80395	5			yes					-1	-1	-1	-1	-1	
19	17	5311d3ca8df18834	3			yes					-1	-1	20	
20	19	1219c1e04ce3cfb5	5			yes					-1	-1	-1	-1	-1	
21	1	074bfa1d9ab43375	4			yes					-1	-1	-1	22	
22	21	64463ef2cf32bb5e	3			yes					-1	-1	-1	
23	1	0e1163098aeaad6b	4			yes					-1	-1	-1	-1	
24	0	eebe75ca44dbf82d	5			yes					25	33	37	42	44	
25	24	6a041fff36d8c98e	4			yes					26	27	28	29	
26	25	199ffb8cf4b90836	4			yes					-1	-1	-1	-1	
27	25	bfafb9cd76f88c7b	4			yes					-1	-1	-1	-1	
28	25	9b86c3003af42ba9	4			yes					-1	-1	-1	-1	
29	25	0909db10635e41a5	3			yes					30	31	32	
30	29	ce69f35dd9ff3401	4			yes					-1	-1	-1	-1	
31	29	427e18d76bd536cf	4			yes					-1	-1	-1	-1	
32	29	ecae7bd78449ddb1	4			yes					-1	-1	-1	-1	
33	24	d0e043e265468ae2	4			yes					-1	34	-1	35	
34	33	b220dcf63a56d8f0	4			yes					-1	-1	-1	-1	
35	33	b3ed870d30c002c9	3			yes					-1	36	-1	
36	35	4ff17dec277b6244	4			yes					-1	-1	-1	-1	
37	24	b3bec50943c0dd72	4			yes					-1	-1	38	40	
38	37	2079f173970248a4	5			yes					-1	39	-1	-1	-1	
39	38	7699434033ca2351	4			yes					-1	-1	-1	-1	
40	37	d0b301e616465559	3			yes					-1	-1	41	
41	40	cf0e80f35e198484	5			yes					-1	-1	-1	-1	-1	
42	24	84e928310103ee18	4			yes					-1	-1	-1	43	
43	42	e7e4ecde54856633	3			yes					-1	-1	-1	
44	24	8db3b125115d7006	4			yes					-1	-1	-1	-1	
45	0	058838d6de1a1022	5			yes					46	57	63	65	67	
46	45	813252e3ac192181	4			yes					47	51	52	53	
47	46	ecf143873cc1971d	5			yes					-1	48	49	-1	50	
48	47	b5dfb5c1a3b81730	4			yes					-1	-1	-1	-1	
49	47	9f770c7f905de26c	4			yes					-1	-1	-1	-1	
50	47	fc252738b91f837e	4			yes					-1	-1	-1	-1	
51	46	27b88ce3d7b43f0f	4			yes					-1	-1	-1	-1	
52	46	9521a9de2fe5d846	4			yes					-1	-1	-1	-1	
53	46	e23f960cf99fa9aa	3			yes					54	55	56	
54	53	3b074b561187ab2a	5			yes					-1	-1	-1	-1	-1	
55	53	c9a14bbc599d786f	4			yes					-1	-1	-1	-1	
56	53	e209110991582e5e	4			yes					-1	-1	-1	-1	
57	45	7695e1905ebbb74b	4			yes					-1	58	59	60	
58	57	a585ce42e04228b7	4			yes					-1	-1	-1	-1	
59	57	53d55f4b0c420259	4			yes					-1	-1	-1	-1	
60	57	1598257f0b3d3f60	3			yes					-1	61	62	
61	60	4040e116d97185f2	4			yes					-1	-1	-1	-1	
62	60	49a69baab58c4750	4			yes					-1	-1	-1	-1	
63	45	fefd2a67e2fc08d4	4			yes					-1	-1	-1	64	
64	63	9df0ee88b77a80ff	3			yes					-1	-1	-1	
65	45	6fdf652d9bc20617	4			yes					-1	-1	-1	66	
66	65	0cd2a1c2ce448e3c	3			yes					-1	-1	-1	
67	45	6685fc398b9c9809	4			yes					-1	-1	-1	-1	
68	0	4f8e8a84404381e2	5			yes					69	78	86	89	91	
69	68	cb34e0b13240b041	4			yes					70	74	-1	75	
70	69	bfc52463b9ab6850	5			yes					-1	71	72	-1	73	
71	70	19b3e32daacdbbab	4			yes					-1	-1	-1	-1	
72	70	602f3d771c42b1ba	4			yes					-1	-1	-1	-1	
73	70	af1140dc3c757c33	4			yes					-1	-1	-1	-1	
74	69	1d62f832f88c3625	4			yes					-1	-1	-1	-1	
75	69	a839245e67c6386a	3			yes					76	77	-1	
76	75	68332cb294ed5467	5			yes					-1	-1	-1	-1	-1	
77	75	8de4ddc43f095fce	4			yes					-1	-1	-1	-1	
78	68	3c9353c2c0e2268b	4			yes					-1	79	83	84	
79	78	d4e5968ba34b9069	5			yes					80	-1	81	-1	82	
80	79	6bd8261cc43f37d8	4			yes					-1	-1	-1	-1	
81	79	0b0f8f9f06a24983	4			yes					-1	-1	-1	-1	
82	79	c431f2342695840a	4			yes					-1	-1	-1	-1	
83	78	46f939146cbfadeb	4			yes					-1	-1	-1	-1	
84	78	5f9e972d9564aea0	3			yes					-1	85	-1	
85	84	03139e5a8e0dac5e	5			yes					-1	-1	-1	-1	-1	
86	68	27ce3972918329fd	4			yes					-1	-1	87	88	
87	86	592787328f09c05f	4			yes					-1	-1	-1	-1	
88	86	44c3fd9dc405a1d6	3			yes					-1	-1	-1	
89	68	fceac46a76e4b6fe	4			yes					-1	-1	-1	90	
90	89	f6056575f723d789	5			yes					-1	-1	-1	-1	-1	
91	68	2c834e6b15c509c9	4			yes					-1	-1	-1	-1	
92	0	86c600316c5746dd	5			yes					93	98	104	109	123	
93	92	0a9dd792f00f9255	4			yes					94	95	97	-1	
94	93	be34e14ddb6851c0	5			yes					-1	-1	-1	-1	-1	
95	93	62dd646421cf3a4a	3			yes					-1	96	-1	
96	95	793f86f653085a0d	5			yes					-1	-1	-1	-1	-1	
97	93	579d6751f714b70a	3			yes					-1	-1	-1	
98	92	893f05be6bb84f38	4			yes					99	102	103	-1	
99	98	0d856f8b19bb7e9b	3			yes					-1	100	-1	
100	99	d1a6d633c041529b	5			yes					-1	-1	-1	-1	-1	
101	100	c172b28c459f46f8	4			no					-1	-1	-1	-2	
102	98	d51453a5c188a9f9	5			yes					-1	-1	-1	-1	-1	
103	98	d43fb57d6ca36a67	3			yes					-1	-1	-1	
104	92	620948a2f179a737	4			yes					105	107	108	-1	
105	104	e6b32297837a9694	3			yes					106	-1	-1	
106	105	416cd04557770216	5			yes					-1	-1	-1	-1	-1	
107	104	111491e471d8005e	3			yes					-1	-1	-1	
108	104	dcc87c1d9629b924	5			yes					-1	-1	-1	-1	-1	
109	92	2e0b09eb47c130ec	5			yes					110	115	118	121	122	
110	109	aab163de35c2014f	4			yes					111	112	-1	114	
111	110	1258b7a1d21dfd5b	5			yes					-1	-1	-1	-1	-1	
112	110	4bbaaad7d4938954	5			yes					-1	-1	-1	-1	113	
113	112	5b6ece68514d9d37	4			yes					-1	-1	-1	-1	
114	110	f5f10f2ccb46ef81	5			yes					-1	-1	-1	-1	-1	
115	109	5d16d0adc7609785	4			yes					-1	116	-1	117	
116	115	79780549c8fd0562	5			yes					-1	-1	-1	-1	-1	
117	115	d454bdd4d1095648	5			yes					-1	-1	-1	-1	-1	
118	109	464bba1d960198f3	4			yes					-1	-1	-1	119	
119	118	0c5ad9112abc6930	6			yes					-1	-1	-1	-1	-1	120	
120	119	1434c783f69124ab	5			yes					-1	-1	-1	-1	-1	
121	109	8fa61a17a7587726	4			yes					-1	-1	-1	-1	
122	109	3e4a1379c3fb791f	4			yes					-1	-1	-1	-1	
123	92	aec4b6ef7864c3d1	5			yes					124	128	132	134	135	
124	123	2a7edcda0a67f272	4			yes					125	126	127	-1	
125	124	d24e709da172fe7b	5			yes					-1	-1	-1	-1	-1	
126	124	e7910fd8df0885b1	5			yes					-1	-1	-1	-1	-1	
127	124	3bb4529c66ddcf05	5			yes					-1	-1	-1	-1	-1	
128	123	ddd96fa9f8c564b8	4			yes					-1	129	130	131	
129	128	b96ec275bb920642	5			yes					-1	-1	-1	-1	-1	
130	128	a7c812c2371ab7e9	5			yes					-1	-1	-1	-1	-1	
131	128	b1fa6900a4d8bce3	3			yes					-1	-1	-1	
132	123	c6840519a9a46bce	4			yes					-1	-1	133	-1	
133	132	b0b2edcdec33169f	5			yes					-1	-1	-1	-1	-1	
134	123	f3c4062c7f7fe68e	4			yes					-1	-1	-1	-1	
135	123	c2e7b04624791b8a	4			yes					-1	-1	-1	-1	
136	0	a996baa98254c901	5			yes					137	148	159	171	-1	
137	136	19e0328cefff47fb	5			yes					138	141	145	147	-1	
138	137	48e60f4bf61671e5	4			yes					139	140	-1	-1	
139	138	3f68bc401d4d0280	4			yes					-1	-1	-1	-1	
140	138	6f85d919ab6fab63	4			yes					-1	-1	-1	-1	
141	137	71a0817a3e3fefe4	4			yes					-1	142	144	-1	
142	141	1486b22141179c06	5			yes					143	-1	-1	-1	-1	
143	142	0e4cf85de342d89e	4			yes					-1	-1	-1	-1	
144	141	1f3b13361624ed68	4			yes					-1	-1	-1	-1	
145	137	44e0824fe8e462a4	4			yes					-1	-1	146	-1	
146	145	6c5bc6eef708d561	5			yes					-1	-1	-1	-1	-1	
147	137	73b76f77aa2751ce	4			yes					-1	-1	-1	-1	
148	136	9a42e0a074489a96	5			yes					149	153	155	158	-1	
149	148	1ef88a95064bab35	4			yes					150	151	152	-1	
150	149	d9bb5c998d105b36	4			yes					-1	-1	-1	-1	
151	149	092a0ecafd2107d1	4			yes					-1	-1	-1	-1	
152	149	b977cba1f82a420b	4			yes					-1	-1	-1	-1	
153	148	a41cd68855d5e859	4			yes					-1	154	-1	-1	
154	153	04a56bf1b18f535a	4			yes					-1	-1	-1	-1	
155	148	c74250637353bfc9	4			yes					-1	-1	156	-1	
156	155	b14c87fde5f29e50	5			yes					-1	-1	-1	-1	-1	
157	156	e7ac35ce413af5a5	4			no					-1	-1	-1	-2	
158	148	f015bd5b31908ca3	4			yes					-1	-1	-1	-1	
159	136	7174adbcee897299	5			yes					160	166	169	170	-1	
160	159	f5cec7899c8a433a	4			yes					161	164	165	-1	
161	160	2cd5e4924568c41d	5			yes					-1	162	-1	-1	-1	
162	161	75fb12d4da114430	4			yes					-1	-1	-1	-1	
163	161	5f53ab6ae9f4b16c	4			no					-1	-1	-1	-2	
164	160	d6e66df4e27030b0	4			yes					-1	-1	-1	-1	
165	160	b7d0a17fed3bb1e4	4			yes					-1	-1	-1	-1	
166	159	026974fa6e28d5f0	4			yes					-1	167	168	-1	
167	166	e5076ab054c48ea9	4			yes					-1	-1	-1	-1	
168	166	878b8d481f4acbb1	4			yes					-1	-1	-1	-1	
169	159	8a01bf0dd26f6a6f	4			yes					-1	-1	-1	-1	
170	159	1b23f047ab5164ac	4			yes					-1	-1	-1	-1	
171	136	3b721fee70d0e359	5			yes					172	177	181	182	-1	
172	171	bfc875db02d3d2fa	4			yes					173	176	-1	-1	
173	172	7fe18376c0023b50	5			yes					-1	174	175	-1	-1	
174	173	d9974438d364e8ab	4			yes					-1	-1	-1	-1	
175	173	a00b9a6265ebe2ba	4			yes					-1	-1	-1	-1	
176	172	9f5d654600b67110	4			yes					-1	-1	-1	-1	
177	171	486fc6a8f0714430	4			yes					-1	178	-1	-1	
178	177	14c1319edae2c369	5			yes					179	-1	180	-1	-1	
179	178	abfc8109bd9664d8	4			yes					-1	-1	-1	-1	
180	178	cb2b288a7f0b1a83	4			yes					-1	-1	-1	-1	
181	171	5332ac18a1104b46	4			yes					-1	-1	-1	-1	
182	171	881651004677d445	4			yes					-1	-1	-1	-1	
