Number of nodes
165
ID	PID	Hash_Value			File_Number	Fully_Enumerated	Children
0	-1	93a6f63159ee8d93	6			yes					1	23	43	63	81	124	
1	0	c1133bbd99d4827e	5			yes					2	6	15	20	22	
2	1	6f281ddf5e7758a5	4			yes					3	4	-1	5	
3	2	37a5566467214bc2	4			yes					-1	-1	-1	-1	
4	2	0399de1f10d40731	4			yes					-1	-1	-1	-1	
5	2	831ad34f3efa50ac	4			yes					-1	-1	-1	-1	
6	1	f28187468df8a76b	4			yes					-1	7	10	11	
7	6	f6fef2a105dfd342	4			yes					8	9	-1	-1	
8	7	c3ae3179829c04d0	3			yes					-1	-1	-1	
9	7	913364f189496da5	3			yes					-1	-1	-1	
10	6	1de289b70259411e	4			yes					-1	-1	-1	-1	
11	6	f1b53332bbfaba50	3			yes					-1	12	14	
12	11	6941d3220fe24fda	5			yes					-1	-1	-1	-1	13	
13	12	690ab6a1f37e2e9e	4			yes					-1	-1	-1	-1	
14	11	80ca4bbcc67f24d1	4			yes					-1	-1	-1	-1	
15	1	9f5005fd8fb53ac8	4			yes					-1	-1	16	18	
16	15	fabcde021c535ac4	5			yes					-1	-1	-1	-1	17	
17	16	35d0a1fc6f14917f	4			yes					-1	-1	-1	-1	
18	15	9c64b189b9b727f3	3			yes					-1	-1	19	
19	18	c02c3d29841320dc	5			yes					-1	-1	-1	-1	-1	
20	1	c0de10adf3ec5a43	4			yes					-1	-1	-1	21	
21	20	c3eaa4d9c5ee4778	3			yes					-1	-1	-1	
22	1	c2278fc9afd69f45	4			yes					-1	-1	-1	-1	
23	0	eb2e21016629ba8f	5			yes					24	32	35	40	42	
24	23	5a5a4f40b35164e1	4			yes					25	26	28	29	
25	24	87ef171cf39c9758	4			yes					-1	-1	-1	-1	
26	24	a19b923bb723d382	4			yes					-1	27	-1	-1	
27	26	63c5f10f7ee656ca	3			yes					-1	-1	-1	
28	24	9f4d2882cf8b66d3	4			yes					-1	-1	-1	-1	
29	24	596efb34855379da	3			yes					-1	30	31	
30	29	12399cfdc064cb9a	4			yes					-1	-1	-1	-1	
31	29	367d58a3bcbda4e2	4			yes					-1	-1	-1	-1	
32	23	edcecf659f23a3de	4			yes					-1	33	-1	34	
33	32	cc50d8b34d95bab0	4			yes					-1	-1	-1	-1	
34	32	b1fd7f32097889ee	4			yes					-1	-1	-1	-1	
35	23	b56d1f4170480239	4			yes					-1	-1	36	38	
36	35	4524d8d54ae0b376	5			yes					-1	-1	-1	-1	37	
37	36	8a48a72b39a778cd	4			yes					-1	-1	-1	-1	
38	35	b659ab35464a1f02	3			yes					-1	-1	39	
39	38	7fb43bfed2a0c96e	5			yes					-1	-1	-1	-1	-1	
40	23	eae30a110c1162b2	4			yes					-1	-1	-1	41	
41	40	e9d7be653a137f89	3			yes					-1	-1	-1	
42	23	e81a9575502ba7b4	4			yes					-1	-1	-1	-1	
43	0	bcce19ae85e47575	5			yes					44	52	57	60	62	
44	43	0dba77ef509cab1b	4			yes					45	47	48	49	
45	44	dbd56b9c1a7483dd	4			yes					-1	-1	-1	46	
46	45	14b9146269334866	3			yes					-1	-1	-1	
47	44	c5a010c1204152f1	3			yes					-1	-1	-1	
48	44	b70e0eb49057a0d6	4			yes					-1	-1	-1	-1	
49	44	0e8ec39b669eb620	3			yes					50	-1	51	
50	49	e14588b78234f9c5	4			yes					-1	-1	-1	-1	
51	49	1e3e7e95e36162e7	4			yes					-1	-1	-1	-1	
52	43	104fc495bbc0860a	4			yes					-1	53	54	55	
53	52	b9b94c17abf1e021	4			yes					-1	-1	-1	-1	
54	52	39ecc41cf93ed6f6	4			yes					-1	-1	-1	-1	
55	52	137b70e18dc29b31	3			yes					-1	-1	56	
56	55	90dcb43d8a0814c7	4			yes					-1	-1	-1	-1	
57	43	1f0c2c1eb766e817	4			yes					-1	-1	-1	58	
58	57	6599efdcaf1ccda1	5			yes					-1	-1	-1	-1	59	
59	58	65d28a5f5380ace5	4			yes					-1	-1	-1	-1	
60	43	bd0332beefdcad48	4			yes					-1	-1	-1	61	
61	60	be3786cad9deb073	3			yes					-1	-1	-1	
62	43	bffaaddab3e6684e	4			yes					-1	-1	-1	-1	
63	0	fd95076c459d5cbd	5			yes					64	72	77	79	80	
64	63	4ce1692d90e582d3	4			yes					65	67	-1	69	
65	64	141cd6a5de1811d3	4			yes					-1	66	-1	-1	
66	65	2aa764b363b60bad	3			yes					-1	-1	-1	
67	64	be75712b323d0a52	4			yes					-1	-1	-1	68	
68	67	71190ed5417ac1e9	3			yes					-1	-1	-1	
69	64	4fd5dd59a6e79fe8	3			yes					70	71	-1	
70	69	792220ddc33e0566	4			yes					-1	-1	-1	-1	
71	69	84e59200aa7d704a	4			yes					-1	-1	-1	-1	
72	63	5114da577bb9afc2	4			yes					-1	73	-1	75	
73	72	9fbd79af066db1f6	4			yes					74	-1	-1	-1	
74	73	a635868921d0e41f	3			yes					-1	-1	-1	
75	72	52206e234dbbb2f9	3			yes					-1	76	-1	
76	75	f2838fd71b4ba543	4			yes					-1	-1	-1	-1	
77	63	ce07bb9751b179a8	4			yes					-1	-1	-1	78	
78	77	cd330fe367b36493	3			yes					-1	-1	-1	
79	63	2d53bbf5c972153f	4			yes					-1	-1	-1	-1	
80	63	fea1b318739f4186	4			yes					-1	-1	-1	-1	
81	0	d78a2aa9fa8e4ef8	5			yes					82	87	92	97	109	
82	81	8e1fed93830c34aa	4			yes					83	84	86	-1	
83	82	54975fcc2b790f0f	4			yes					-1	-1	-1	-1	
84	82	bd8d5168972011bf	3			yes					-1	85	-1	
85	84	b746e21a01ab530f	4			yes					-1	-1	-1	-1	
86	82	d05cd3d3956d8c1c	3			yes					-1	-1	-1	
87	81	a422f72f7cf10c5b	4			yes					88	90	91	-1	
88	87	1556996ea989d235	3			yes					-1	89	-1	
89	88	76429bb79649cb43	4			yes					-1	-1	-1	-1	
90	87	bbe46593c9505e61	4			yes					-1	-1	-1	-1	
91	87	fa61c96f6a90b4ed	3			yes					-1	-1	-1	
92	81	f3c2cf809f3cc3a1	4			yes					93	95	96	-1	
93	92	42b6a1c14a441dcf	3			yes					94	-1	-1	
94	93	b9a46533869f7158	4			yes					-1	-1	-1	-1	
95	92	5f4312bba11830de	3			yes					-1	-1	-1	
96	92	bb9edee4a155d174	4			yes					-1	-1	-1	-1	
97	81	246533ae2ab63d58	5			yes					98	102	105	107	108	
98	97	95115defffcee336	4			yes					99	100	-1	101	
99	98	4bd143db90bb0306	4			yes					-1	-1	-1	-1	
100	98	dc047f84aed6f8d7	4			yes					-1	-1	-1	-1	
101	98	0f05d40d370561a4	5			yes					-1	-1	-1	-1	-1	
102	97	88e4ee951492ce27	4			yes					-1	103	-1	104	
103	102	c070ecd148cea323	4			yes					-1	-1	-1	-1	
104	102	9db91215f580d06a	5			yes					-1	-1	-1	-1	-1	
105	97	17f78f553e9a184d	4			yes					-1	-1	-1	106	
106	105	5492261916a7def8	5			yes					-1	-1	-1	-1	-1	
107	97	ee7bcd9e3d3120cb	4			yes					-1	-1	-1	-1	
108	97	e479f1b1e8f71597	4			yes					-1	-1	-1	-1	
109	81	e37e6d991e60a952	5			yes					110	115	119	122	123	
110	109	520a03d8cb18773c	4			yes					111	112	113	-1	
111	110	d6072464f78074c6	4			yes					-1	-1	-1	-1	
112	110	ff76381adbb12506	4			yes					-1	-1	-1	-1	
113	110	6bc54dc4d2537516	5			yes					-1	-1	-1	-1	-1	
114	113	4852e64def15da81	4			no					-1	-2	-2	-2	
115	109	4fffb0a220445a2d	4			yes					-1	116	118	-1	
116	115	7422fb60b9d5216d	5			yes					-1	-1	-1	-1	117	
117	116	57b550e984938efa	4			yes					-1	-1	-1	-1	
118	115	1f69b3669b1dfb42	4			yes					-1	-1	-1	-1	
119	109	d0ecd1620a4c8c47	4			yes					-1	-1	120	-1	
120	119	74584017d1d0ae78	5			yes					-1	-1	-1	-1	121	
121	120	57cfeb9eec9601ef	4			yes					-1	-1	-1	-1	
122	109	bd3d53d9080111e4	4			yes					-1	-1	-1	-1	
123	109	702431c1e911b0b2	4			yes					-1	-1	-1	-1	
124	0	a934cf486b7e530f	5			yes					125	135	145	157	-1	
125	124	207b34c93235366e	5			yes					126	127	132	134	-1	
126	125	8e4012abf596ecb5	4			yes					-1	-1	-1	-1	
127	125	13e988322619137b	4			yes					-1	128	130	-1	
128	127	f14da3074e4216cd	5			yes					-1	-1	-1	-1	129	
129	128	d2da088e7304b95a	4			yes					-1	-1	-1	-1	
130	127	d6db83bee8a541bf	5			yes					-1	-1	-1	-1	131	
131	130	f54c2837d5e3ee28	4			yes					-1	-1	-1	-1	
132	125	7e380a8924548ed8	4			yes					-1	-1	133	-1	
133	132	3c68e1c73c3f97b1	5			yes					-1	-1	-1	-1	-1	
134	125	21b61fd9580dee53	4			yes					-1	-1	-1	-1	
135	124	0a462e75cdc80e9f	5			yes					136	140	141	144	-1	
136	135	bb32403418b0d0f1	4			yes					-1	137	138	-1	
137	136	6e096f4b615261a2	4			yes					-1	-1	-1	-1	
138	136	f701b6f6c999a76e	5			yes					-1	-1	-1	-1	139	
139	138	d4961d7ff4df08f9	4			yes					-1	-1	-1	-1	
140	135	0ca6c01134c217ce	4			yes					-1	-1	-1	-1	
141	135	54051035dba9b629	4			yes					-1	142	143	-1	
142	141	0a84e7766df977c5	4			yes					-1	-1	-1	-1	
143	141	83f0e7106a8c7e03	5			yes					-1	-1	-1	-1	-1	
144	135	0b8b0565a7f0d6a2	4			yes					-1	-1	-1	-1	
145	124	5da616da2e05c165	5			yes					146	151	154	156	-1	
146	145	ecd2789bfb7d1f0b	4			yes					147	148	149	-1	
147	146	1d0154593a184ea8	4			yes					-1	-1	-1	-1	
148	146	9993370224d0f888	4			yes					-1	-1	-1	-1	
149	146	df4290c09645616b	5			yes					-1	-1	-1	-1	150	
150	149	fcd53b49ab03cefc	4			yes					-1	-1	-1	-1	
151	145	f127cbe11021321a	4			yes					-1	-1	152	-1	
152	151	51a05a68ff2c174b	5			yes					-1	-1	-1	-1	153	
153	152	7237f1e1c26ab8dc	4			yes					-1	-1	-1	-1	
154	145	fe64236a1c875c07	4			yes					-1	155	-1	-1	
155	154	7f6d73d28b9d2d54	4			yes					-1	-1	-1	-1	
156	145	5c6b3dca443d1958	4			yes					-1	-1	-1	-1	
157	124	1cfd0818ee7ce8ad	5			yes					158	161	163	164	-1	
158	157	ad8966593b0436c3	4			yes					159	160	-1	-1	
159	158	143756606cee6a96	4			yes					-1	-1	-1	-1	
160	158	78a14eee1251c727	4			yes					-1	-1	-1	-1	
161	157	b07cd523d0581bd2	4			yes					-1	162	-1	-1	
162	161	9f96f96ab49bcab3	4			yes					-1	-1	-1	-1	
163	157	2f6fb4e3fa50cdb8	4			yes					-1	-1	-1	-1	
164	157	cc3bb4816293a12f	4			yes					-1	-1	-1	-1	
