Number of nodes
116
ID	PID	Hash_Value			File_Number	Fully_Enumerated	Children
0	-1	783b77cca633a485	6			yes					1	19	37	56	75	87	
1	0	1ec0dd6434f0f1f8	5			yes					2	4	10	15	17	
2	1	ec83452439065ece	4			yes					-1	-1	-1	3	
3	2	ea91f26350ec1a1a	3			yes					-1	-1	-1	
4	1	aa6c25dc2a31cd9b	4			yes					5	6	7	8	
5	4	761222102cfafe1e	3			yes					-1	-1	-1	
6	4	a87481d20b71c7b4	3			yes					-1	-1	-1	
7	4	547c71f0c633932a	3			yes					-1	-1	-1	
8	4	c3a50ee0425e5853	4			yes					-1	-1	-1	9	
9	8	bc1f04d01feb1f59	3			yes					-1	-1	-1	
10	1	72d6ff0bd01e5e11	4			yes					11	-1	12	13	
11	10	d22809bce41c1632	3			yes					-1	-1	-1	
12	10	5bff9383ecb65c66	3			yes					-1	-1	-1	
13	10	9d32646fd8803627	4			yes					-1	-1	-1	14	
14	13	e2886e5f8535712d	3			yes					-1	-1	-1	
15	1	5133100c361a11c9	4			yes					-1	-1	-1	16	
16	15	0d375fdffb083e07	4			yes					-1	-1	-1	-1	
17	1	f386b80e5d6fa901	4			yes					18	-1	-1	-1	
18	17	952bf8530d595d10	4			yes					-1	-1	-1	-1	
19	0	62c3dffd508ac6f3	5			yes					20	27	28	33	35	
20	19	83e509f96a337e27	4			yes					-1	21	23	24	
21	20	598cb26bf57a2d65	4			yes					-1	-1	-1	22	
22	21	5f9e052c9c9069b1	3			yes					-1	-1	-1	
23	20	17b737cbcd3ac68d	4			yes					-1	-1	-1	-1	
24	20	806e48db49570df4	5			yes					-1	-1	-1	-1	26	
25	24	c0b5df10860818dd	4			no					-1	-1	-1	-2	
26	24	ffd442eb14e24afe	4			yes					-1	-1	-1	-1	
27	19	46ea5a751ce51e0e	4			yes					-1	-1	-1	-1	
28	19	0ed5fd92b464691a	4			yes					-1	29	30	31	
29	28	b847db48d5899d54	3			yes					-1	-1	-1	
30	28	74fb413039edfb9a	3			yes					-1	-1	-1	
31	28	9053c11eb7639edd	4			yes					-1	-1	-1	32	
32	31	efe9cb2eead6d9d7	3			yes					-1	-1	-1	
33	19	2d301295526026c2	4			yes					-1	-1	-1	34	
34	33	efe7812c03f78e6a	4			yes					-1	-1	-1	-1	
35	19	8f85ba9739159e0a	4			yes					-1	36	-1	-1	
36	35	3f42e70228ba1dd0	4			yes					-1	-1	-1	-1	
37	0	8bd36c2c3656b811	5			yes					38	45	51	52	54	
38	37	6af5ba280cef00c5	4			yes					39	41	42	43	
39	38	dc26e3717efd708c	4			yes					-1	-1	-1	40	
40	39	da34543617173458	3			yes					-1	-1	-1	
41	38	5b7a62d552ecb252	3			yes					-1	-1	-1	
42	38	ad2556d1896984ee	3			yes					-1	-1	-1	
43	38	a3b62023604d0956	4			yes					-1	-1	-1	44	
44	43	dc0c2a133df84e5c	3			yes					-1	-1	-1	
45	37	c4e663ae1e805cbf	4			yes					-1	-1	46	47	
46	45	1a5db8c11af90e3a	4			yes					-1	-1	-1	-1	
47	45	8d84c7d19e94c543	5			yes					48	-1	-1	-1	50	
48	47	597090bc022d0d76	4			yes					-1	-1	-1	-1	
49	47	61dd1c309e476595	4			no					-1	-1	-1	-2	
50	47	f23ecde1c3218249	4			yes					-1	-1	-1	-1	
51	37	1738300b28fe08f8	4			yes					-1	-1	-1	-1	
52	37	c420a14434bc5820	4			yes					-1	-1	-1	53	
53	52	b8e1f37a93a7c233	4			yes					-1	-1	-1	-1	
54	37	669509465fc9e0e8	4			yes					-1	-1	55	-1	
55	54	d70cbdc0a8822187	4			yes					-1	-1	-1	-1	
56	0	4d353e32a33e9a5b	5			yes					57	63	68	73	74	
57	56	ac13e8369987228f	4			yes					58	59	-1	61	
58	57	63e3a99bf7f23618	3			yes					-1	-1	-1	
59	57	fb8eb686c0f7736c	4			yes					-1	-1	-1	60	
60	59	fd9c01c1a91d37b8	3			yes					-1	-1	-1	
61	57	359a893cbb8dbea3	4			yes					-1	62	-1	-1	
62	61	75411ef774d2ab8a	3			yes					-1	-1	-1	
63	56	020031b08be87ef5	4			yes					-1	64	-1	66	
64	63	ba4726790f529cd9	4			yes					-1	-1	-1	65	
65	64	bc55913e66b8d80d	3			yes					-1	-1	-1	
66	63	34bd1ddff99159fe	4			yes					67	-1	-1	-1	
67	66	e0494ab2652891cb	3			yes					-1	-1	-1	
68	56	f999c68abdffa638	4			yes					-1	-1	-1	69	
69	68	ce64592f8ebaca18	5			yes					70	71	-1	-1	72	
70	69	1a900e421203022d	4			yes					-1	-1	-1	-1	
71	69	59a85ad5ff8f1d2a	4			yes					-1	-1	-1	-1	
72	69	b1de531fd30f8d12	4			yes					-1	-1	-1	-1	
73	56	f7f94454653138e0	4			yes					-1	-1	-1	-1	
74	56	a0735b58caa1c2a2	4			yes					-1	-1	-1	-1	
75	0	c4c0e41a42792339	5			yes					76	80	83	85	86	
76	75	25e6321e78c09bed	4			yes					77	78	79	-1	
77	76	c151f8cb82356bd6	4			yes					-1	-1	-1	-1	
78	76	cfbcfe9c78ee778b	4			yes					-1	-1	-1	-1	
79	76	00df427fc6012b16	4			yes					-1	-1	-1	-1	
80	75	8bf5eb986aafc797	4			yes					-1	81	82	-1	
81	80	26e2f3387fd62af3	4			yes					-1	-1	-1	-1	
82	80	01f8d69c841dcc4b	4			yes					-1	-1	-1	-1	
83	75	706c1ca25cb81f5a	4			yes					-1	-1	84	-1	
84	83	a60736220776e408	4			yes					-1	-1	-1	-1	
85	75	a8d6c675a6978cd0	4			yes					-1	-1	-1	-1	
86	75	76a90351e840cff0	4			yes					-1	-1	-1	-1	
87	0	861ebcf0aa45c7f2	6			yes					88	98	106	110	114	115	
88	87	67386af490fc7f26	5			yes					89	90	92	94	95	
89	88	e21abe7e54707dda	4			yes					-1	-1	-1	-1	
90	88	ecf7b829aeab6187	4			yes					-1	-1	-1	91	
91	90	e47cf434aa370647	3			yes					-1	-1	-1	
92	88	3c89806c21117617	4			yes					-1	-1	-1	93	
93	92	3402cc71258d11d7	3			yes					-1	-1	-1	
94	88	26ec99de8fe596e8	4			yes					-1	-1	-1	-1	
95	88	d87c183dd0139715	4			yes					-1	96	97	-1	
96	95	9bc6fe04f782414d	4			yes					-1	-1	-1	-1	
97	95	4bb8c641783856dd	4			yes					-1	-1	-1	-1	
98	87	c92bb3728293235c	5			yes					-1	99	101	103	104	
99	98	4873a12f71933d1a	4			yes					-1	-1	-1	100	
100	99	40f8ed32750f5ada	3			yes					-1	-1	-1	
101	98	3dae148f630d914a	4			yes					-1	-1	-1	102	
102	101	352558926791f68a	3			yes					-1	-1	-1	
103	98	27cb0d3dcdf971b5	4			yes					-1	-1	-1	-1	
104	98	766fc1bbc27ccb6f	4			yes					-1	-1	105	-1	
105	104	4a9f52a23a24b180	4			yes					-1	-1	-1	-1	
106	87	32b24448b484fb91	5			yes					-1	-1	107	108	109	
107	106	53c5409253d9d142	4			yes					-1	-1	-1	-1	
108	106	1a9ab482f23f189d	4			yes					-1	-1	-1	-1	
109	106	8df63681f46b13a2	4			yes					-1	-1	-1	-1	
110	87	ea089e9f4eab681b	5			yes					-1	-1	-1	111	113	
111	110	eb9edca6af5455fc	5			yes					-1	-1	-1	-1	112	
112	111	593d2fa73895e547	4			yes					-1	-1	-1	-1	
113	110	554cec560e448028	4			yes					-1	-1	-1	-1	
114	87	c9ed7198a8af27c3	5			yes					-1	-1	-1	-1	-1	
115	87	395ace39eaaa2fc1	5			yes					-1	-1	-1	-1	-1	
