Number of nodes
219
ID	PID	Hash_Value			File_Number	Fully_Enumerated	Children
0	-1	d1c4ee61b568fd6e	5			yes					1	45	81	118	157	
1	0	45ba8daa41db5493	5			yes					2	14	33	41	44	
2	1	d2c31a9a3626f207	4			yes					3	5	7	11	
3	2	570560db1746836c	4			yes					-1	-1	-1	4	
4	3	26691e4bbf169eac	3			yes					-1	-1	-1	
5	2	6a248f5785b5da1f	4			yes					-1	6	-1	-1	
6	5	2dc6aed9a997f25b	3			yes					-1	-1	-1	
7	2	eebc382400341b82	5			yes					-1	8	9	-1	10	
8	7	a95e19aa2c1633c6	4			yes					-1	-1	-1	-1	
9	7	f8d749e65d8dd61f	4			yes					-1	-1	-1	-1	
10	7	723235c05db778e0	4			yes					-1	-1	-1	-1	
11	2	8868d881f583404f	5			yes					-1	12	13	-1	-1	
12	11	cf8af90fd9a1680b	4			yes					-1	-1	-1	-1	
13	11	9e03a943a83a8dd2	4			yes					-1	-1	-1	-1	
14	1	bc2563fdfd9a8828	4			yes					-1	15	26	31	
15	14	b161c2b0e3575056	3			yes					16	17	21	
16	15	bc02cf61b8443f75	4			yes					-1	-1	-1	-1	
17	15	49bbf38bcb4c85dc	5			yes					18	19	-1	-1	20	
18	17	b7b76eb3c8f00538	4			yes					-1	-1	-1	-1	
19	17	1de9ad0dc52d61ed	4			yes					-1	-1	-1	-1	
20	17	d535fe6f96cfe6be	4			yes					-1	-1	-1	-1	
21	15	2f6f132e3efbde11	5			yes					22	23	-1	24	25	
22	21	d1638e163d475ef5	4			yes					-1	-1	-1	-1	
23	21	7b3d4da8309a3a20	4			yes					-1	-1	-1	-1	
24	21	bed1fa8299d1e3f6	4			yes					-1	-1	-1	-1	
25	21	099c2eb4c59cfc4b	4			yes					-1	-1	-1	-1	
26	14	598c165f56e88f21	3			yes					27	-1	28	
27	26	a7688403acbf35e5	4			yes					-1	-1	-1	-1	
28	26	69af2f7501df9fa3	5			yes					-1	29	-1	-1	30	
29	28	3dfd71f30fbe7b92	4			yes					-1	-1	-1	-1	
30	28	db115914aca0b481	4			yes					-1	-1	-1	-1	
31	14	7f9443dfc24279e3	3			yes					32	-1	-1	
32	31	009a23d14471bcf6	4			yes					-1	-1	-1	-1	
33	1	48fe2ce75f168ced	4			yes					-1	-1	34	39	
34	33	ad575945f4648be4	3			yes					35	-1	36	
35	34	e1944509b98ce765	4			yes					-1	-1	-1	-1	
36	34	8e31f1775f2dbef1	5			yes					-1	37	38	-1	-1	
37	36	da63aff1514c5ac0	4			yes					-1	-1	-1	-1	
38	36	c9d3d0f9730f96b5	4			yes					-1	-1	-1	-1	
39	33	8b4f0cc560ce7d26	3			yes					40	-1	-1	
40	39	282f3bfc0c86849a	4			yes					-1	-1	-1	-1	
41	1	a013f808eaa9539a	4			yes					-1	-1	-1	42	
42	41	63a2d82ad571a251	3			yes					43	-1	-1	
43	42	91d15da7df2bb583	5			yes					-1	-1	-1	-1	-1	
44	1	860bad887e03a558	4			yes					-1	-1	-1	-1	
45	0	a0372228f4764268	5			yes					46	61	71	77	80	
46	45	acb58207a4514c0d	4			yes					47	49	55	59	
47	46	cc03701b959ab43c	4			yes					-1	-1	-1	48	
48	47	bd6f0e8b3dcaa9fc	3			yes					-1	-1	-1	
49	46	a1f1234aba9c9473	3			yes					50	52	53	
50	49	837e6c2a6c11c91c	4			yes					-1	-1	-1	-1	
51	50	bbb30d0fb18daa59	3			no					-1	-1	-2	
52	49	499756bf6b9e1398	4			yes					-1	-1	-1	-1	
53	49	5454b97b30c291c7	5			yes					-1	-1	-1	-1	54	
54	53	127c127ee1b533da	4			yes					-1	-1	-1	-1	
55	46	491cf7a50f234b04	3			yes					56	-1	57	
56	55	c7eaa744cd2c3072	4			yes					-1	-1	-1	-1	
57	55	68eb9ccde765822b	5			yes					-1	-1	-1	-1	58	
58	57	9ba8ab8e60227377	4			yes					-1	-1	-1	-1	
59	46	6f04a2259b89bdc6	3			yes					60	-1	-1	
60	59	9b9c3311c6ad8ba6	4			yes					-1	-1	-1	-1	
61	45	27de54e2da4020d9	4			yes					-1	62	64	68	
62	61	dbac6dce01792e47	4			yes					63	-1	-1	-1	
63	62	9536d65647edfd4c	3			yes					-1	-1	-1	
64	61	5f34dabd84f8efda	5			yes					65	-1	66	-1	67	
65	64	11ae6125c26c3cd1	4			yes					-1	-1	-1	-1	
66	64	495fab7fd9412247	4			yes					-1	-1	-1	-1	
67	64	c3bad759d97b8cb8	4			yes					-1	-1	-1	-1	
68	61	39e03a18714fb417	5			yes					69	-1	70	-1	-1	
69	68	777a818037db671c	4			yes					-1	-1	-1	-1	
70	68	2f8b4bda2cf6798a	4			yes					-1	-1	-1	-1	
71	45	ad738365eabb9a16	4			yes					-1	-1	72	75	
72	71	48daf6c741c99d1f	3			yes					-1	73	74	
73	72	501ca7903d40133d	4			yes					-1	-1	-1	-1	
74	72	dc4ff66d394caab3	5			yes					-1	-1	-1	-1	-1	
75	71	6ec2a347d5636bdd	3			yes					-1	76	-1	
76	75	99a7d965884a70c2	4			yes					-1	-1	-1	-1	
77	45	459e578a5f044561	4			yes					-1	-1	-1	78	
78	77	862f77a860dcb4aa	3			yes					-1	79	-1	
79	78	2059bf3e5be741db	5			yes					-1	-1	-1	-1	-1	
80	45	6386020acbaeb3a3	4			yes					-1	-1	-1	-1	
81	0	48f6ea65626f03fc	5			yes					82	99	108	114	117	
82	81	44744a4a32480d99	4			yes					83	91	93	97	
83	82	7ddf83282906f556	3			yes					-1	84	87	
84	83	7623fcc09f2def7e	5			yes					-1	-1	85	-1	86	
85	84	60488d02c29422e3	4			yes					-1	-1	-1	-1	
86	84	eaadf124c2ae8c1c	4			yes					-1	-1	-1	-1	
87	83	10f71c656a9ab4b3	5			yes					-1	-1	88	89	90	
88	87	069c6da73723792e	4			yes					-1	-1	-1	-1	
89	87	8149f5c9cdb08954	4			yes					-1	-1	-1	-1	
90	87	360421ff91fd96e9	4			yes					-1	-1	-1	-1	
91	82	150cb510b527673d	4			yes					-1	-1	-1	92	
92	91	6460cb801d777afd	3			yes					-1	-1	-1	
93	82	a1dd3fe8993a0a90	3			yes					-1	94	95	
94	93	dc107ded44d9c374	4			yes					-1	-1	-1	-1	
95	93	75e69869d7f362ea	5			yes					-1	-1	-1	-1	96	
96	95	c758ee087a8c49c8	4			yes					-1	-1	-1	-1	
97	82	87c56a680d90fc52	3			yes					-1	98	-1	
98	97	4293f61ae61058a7	4			yes					-1	-1	-1	-1	
99	81	715d23077921fb33	4			yes					-1	100	102	106	
100	99	db6d3a72c37af961	4			yes					101	-1	-1	-1	
101	100	95f781ea85ee2a6a	3			yes					-1	-1	-1	
102	99	94f456a5d253fc3a	3			yes					-1	103	104	
103	102	e100d38564ddf163	4			yes					-1	-1	-1	-1	
104	102	3194734a27e054ca	5			yes					-1	-1	-1	-1	105	
105	104	832a052b8a9f7fe8	4			yes					-1	-1	-1	-1	
106	99	b2ec032546f90af8	3			yes					-1	107	-1	
107	106	27a1dc2551cc3aaf	4			yes					-1	-1	-1	-1	
108	81	13313ccddfc30068	4			yes					-1	-1	109	112	
109	108	f92dd52b8e64d633	5			yes					-1	110	-1	-1	111	
110	109	ad7f8bad80053202	4			yes					-1	-1	-1	-1	
111	109	65a3d8cfd3e7b551	4			yes					-1	-1	-1	-1	
112	108	9ff9358e7bd38dfe	5			yes					-1	113	-1	-1	-1	
113	112	cbab6b0875b269cf	4			yes					-1	-1	-1	-1	
114	81	ad5f9fc7c91d04f5	4			yes					-1	-1	-1	115	
115	114	6eeebfe5f6c5f53e	3			yes					-1	-1	116	
116	115	8640b0a8517b7832	5			yes					-1	-1	-1	-1	-1	
117	81	8b47ca475db7f237	4			yes					-1	-1	-1	-1	
118	0	e061cb3900fed02a	5			yes					119	134	147	154	156	
119	118	ece36b1650d9de4f	4			yes					120	128	131	132	
120	119	d548a2744b972680	3			yes					121	123	124	
121	120	9e569a73f4ba1769	4			yes					-1	122	-1	-1	
122	121	93e8c6002d247512	3			yes					-1	-1	-1	
123	120	05464d8e02b4621b	4			yes					-1	-1	-1	-1	
124	120	85b03b34a843255e	5			yes					-1	125	-1	126	127	
125	124	c2521aba84610d1a	4			yes					-1	-1	-1	-1	
126	124	140ed2980f6918b9	4			yes					-1	-1	-1	-1	
127	124	a34306ae53240704	4			yes					-1	-1	-1	-1	
128	119	157c8541ec9802f4	3			yes					-1	129	130	
129	128	b86f57a87e64aa71	4			yes					-1	-1	-1	-1	
130	128	838d254f79ec6096	4			yes					-1	-1	-1	-1	
131	119	f1b64ff85e0c7012	4			yes					-1	-1	-1	-1	
132	119	2f524b346f012f84	3			yes					-1	-1	133	
133	132	0d3cc37cf3e30fb9	4			yes					-1	-1	-1	-1	
134	118	d9ca025b1bb028e5	4			yes					-1	135	141	144	
135	134	2055ec0ca7f1f45e	3			yes					-1	136	137	
136	135	b4ceaf1786789643	4			yes					-1	-1	-1	-1	
137	135	3438d9ad2c8fd106	5			yes					138	-1	-1	139	140	
138	137	7aa262356a1b020d	4			yes					-1	-1	-1	-1	
139	137	a58630018ba5ece1	4			yes					-1	-1	-1	-1	
140	137	12cbe437d7e8f35c	4			yes					-1	-1	-1	-1	
141	134	578c57c37e63b47c	5			yes					142	-1	-1	-1	143	
142	141	1916ec5b38f76777	4			yes					-1	-1	-1	-1	
143	141	0ecc81ea081d1a83	4			yes					-1	-1	-1	-1	
144	134	1a7b22792468d92e	3			yes					-1	-1	145	
145	144	226cc9e2b5ddb4f3	5			yes					-1	-1	-1	-1	146	
146	145	644462e764aa16ee	4			yes					-1	-1	-1	-1	
147	118	19fe256ebcbf0c91	4			yes					-1	-1	148	152	
148	147	123a04c7a51b7bea	5			yes					149	150	-1	-1	151	
149	148	5ca0bf5fe38fa8e1	4			yes					-1	-1	-1	-1	
150	148	46685a41ab7a9fdb	4			yes					-1	-1	-1	-1	
151	148	2c9b3952928deded	4			yes					-1	-1	-1	-1	
152	147	da4f054c8367fd5a	3			yes					-1	-1	153	
153	152	e97efa0851194434	5			yes					-1	-1	-1	-1	-1	
154	118	0f07a738c8f0dbda	4			yes					-1	-1	-1	155	
155	154	8da878ef3ffb90a1	5			yes					-1	-1	-1	-1	-1	
156	118	23d0eb1b3f2621e1	4			yes					-1	-1	-1	-1	
157	0	f444990b0657114a	6			yes					158	184	203	213	216	218	
158	157	f8c6392456701f2f	5			yes					159	165	173	179	180	
159	158	2b8c2081736ddd45	6			yes					-1	160	161	162	163	164	
160	159	6c6e010f5f4ff501	5			yes					-1	-1	-1	-1	-1	
161	159	3de751432ed410d8	5			yes					-1	-1	-1	-1	-1	
162	159	6e0598aa972cd259	5			yes					-1	-1	-1	-1	-1	
163	159	24e4a9e9ffc76c95	5			yes					-1	-1	-1	-1	-1	
164	159	75c43df4c125e13e	5			yes					-1	-1	-1	-1	-1	
165	158	4635c48f1e7d2e15	6			yes					-1	-1	166	168	170	171	
166	165	d37506c77806de6d	5			yes					-1	-1	-1	-1	167	
167	166	8881742eacf34dd5	4			yes					-1	-1	-1	-1	
168	165	97ec97bdc87e98a7	5			yes					-1	-1	-1	-1	169	
169	168	cc18e5541c8b0b1f	4			yes					-1	-1	-1	-1	
170	165	817968a8f709dd5d	5			yes					-1	-1	-1	-1	-1	
171	165	1dc1b666ca88bdad	5			yes					-1	-1	-1	-1	172	
172	171	da8d1a4123fc4ee5	4			yes					-1	-1	-1	-1	
173	158	69da3422437283a1	6			yes					-1	-1	-1	174	176	178	
174	173	b803671095713513	5			yes					-1	-1	-1	-1	175	
175	174	e3f715f94184a6ab	4			yes					-1	-1	-1	-1	
176	173	ae969805aa0670e9	5			yes					-1	-1	-1	-1	177	
177	176	f562eaec7ef3e351	4			yes					-1	-1	-1	-1	
178	173	322e46cb97871019	5			yes					-1	-1	-1	-1	-1	
179	158	6ddd517c010d1724	4			yes					-1	-1	-1	-1	
180	158	586bee20eebff401	4			yes					181	182	183	-1	
181	180	c02aabf400ae5e42	6			yes					-1	-1	-1	-1	-1	-1	
182	180	970a50b0e94ba4b9	5			yes					-1	-1	-1	-1	-1	
183	180	b8e5a01db444090d	5			yes					-1	-1	-1	-1	-1	
184	157	cdef50691d19e985	5			yes					-1	185	191	199	200	
185	184	9a04c218f7a1291d	6			yes					186	-1	187	188	189	190	
186	185	d49e7980b135fa16	5			yes					-1	-1	-1	-1	-1	
187	185	8c6fb3daaa18e480	5			yes					-1	-1	-1	-1	-1	
188	185	df8d7a3313e02601	5			yes					-1	-1	-1	-1	-1	
189	185	956c4b707b0b98cd	5			yes					-1	-1	-1	-1	-1	
190	185	c44cdf6d45e91566	5			yes					-1	-1	-1	-1	-1	
191	184	259a541ab7dabd3d	6			yes					192	-1	-1	194	196	198	
192	191	6b00ef82f14e6e36	5			yes					-1	-1	-1	-1	193	
193	192	30f49d6b25bbfd8e	4			yes					-1	-1	-1	-1	
194	191	f443072861d90b8f	5			yes					-1	-1	-1	-1	195	
195	194	afb775c1b52c9837	4			yes					-1	-1	-1	-1	
196	191	e2d6f83d5eae4e75	5			yes					-1	-1	-1	-1	197	
197	196	b9228ad48a5bddcd	4			yes					-1	-1	-1	-1	
198	191	7e6e26f3632f2e85	5			yes					-1	-1	-1	-1	-1	
199	184	58f438314a64e18e	4			yes					-1	-1	-1	-1	
200	184	6d42876da5d602ab	4			yes					-1	201	202	-1	
201	200	71a2496d8462aa1a	6			yes					-1	-1	-1	-1	-1	-1	
202	200	f4a5c02540ec3791	5			yes					-1	-1	-1	-1	-1	
203	157	0ddb775cba16cdf1	5			yes					-1	-1	204	210	211	
204	203	3c1dcd8efd3d10f4	6			yes					205	206	-1	207	208	209	
205	204	72877616bba9c3ff	5			yes					-1	-1	-1	-1	-1	
206	204	684f9308f35cf4c5	5			yes					-1	-1	-1	-1	-1	
207	204	799475a5197c1fe8	5			yes					-1	-1	-1	-1	-1	
208	204	337544e67197a124	5			yes					-1	-1	-1	-1	-1	
209	204	6255d0fb4f752c8f	5			yes					-1	-1	-1	-1	-1	
210	203	98c01f04ed6bc5fa	4			yes					-1	-1	-1	-1	
211	203	ad76a05802d926df	4			yes					-1	-1	212	-1	
212	211	d7bb46fb8efe93f3	6			yes					-1	-1	-1	-1	-1	-1	
213	157	f9003846189ac934	5			yes					-1	-1	-1	214	215	
214	213	6c1b501e4fe7c13f	4			yes					-1	-1	-1	-1	
215	213	59adef42a055221a	4			yes					-1	-1	-1	-1	
216	157	615ff153512a1941	5			yes					-1	-1	-1	-1	217	
217	216	c1f22657e9e5f26f	4			yes					-1	-1	-1	-1	
218	157	54e94e0fbe98fa64	5			yes					-1	-1	-1	-1	-1	
