Number of nodes
173
ID	PID	Hash_Value			File_Number	Fully_Enumerated	Children
0	-1	7c0dfe5ea5830541	6			yes					1	24	44	67	87	129	
1	0	11651c4b5b11652f	5			yes					2	7	16	21	23	
2	1	71dcf87f9227f1b1	4			yes					3	4	-1	6	
3	2	44e345f29e30d6e8	4			yes					-1	-1	-1	-1	
4	2	f9117ee7abe4c35d	4			yes					-1	-1	-1	-1	
5	2	aaf662c4904db5b1	3			no					-1	-2	-2	
6	2	376fe4c9cc9d6313	4			yes					-1	-1	-1	-1	
7	1	31e55384d9277c10	4			yes					-1	8	11	12	
8	7	cb3099f2f2faa942	4			yes					9	10	-1	-1	
9	8	2e9d6f5a97dc13bc	3			yes					-1	-1	-1	
10	8	e1cd4476cf2b1c9d	3			yes					-1	-1	-1	
11	7	8f224b1a7ab189f2	4			yes					-1	-1	-1	-1	
12	7	4cd3161a3d4daee0	3			yes					-1	13	15	
13	12	a3c43c34604f4ea3	5			yes					-1	-1	-1	-1	14	
14	13	24ff60f203e38682	4			yes					-1	-1	-1	-1	
15	12	6ec4293d968480b4	4			yes					-1	-1	-1	-1	
16	1	406063c71ce5c186	4			yes					-1	-1	17	19	
17	16	43efc9e8da3cda62	5			yes					-1	-1	-1	-1	18	
18	17	cbc357100cc4b64d	4			yes					-1	-1	-1	-1	
19	16	3d562659f88f1376	3			yes					-1	-1	20	
20	19	0d16821af39ff365	5			yes					-1	-1	-1	-1	-1	
21	1	6c0a91e9e89efbf8	4			yes					-1	-1	-1	22	
22	21	113cd4770cf42908	3			yes					-1	-1	-1	
23	1	6c5359d5bf7bb7df	4			yes					-1	-1	-1	-1	
24	0	6baff4bb610c1260	5			yes					25	33	36	41	43	
25	24	d4664461c4a78c7e	4			yes					26	27	29	30	
26	25	c4312e663c6c13d8	4			yes					-1	-1	-1	-1	
27	25	f6e13a4b415c9b86	4			yes					-1	28	-1	-1	
28	27	5193909246ee0db9	3			yes					-1	-1	-1	
29	25	b83c2c50e4f2be1f	4			yes					-1	-1	-1	-1	
30	25	a95001ff20cd5e8e	3			yes					-1	31	32	
31	30	ab280270a4ff5960	4			yes					-1	-1	-1	-1	
32	30	845ac139581e747d	4			yes					-1	-1	-1	-1	
33	24	ee95076ab5ba7690	4			yes					-1	34	-1	35	
34	33	d4f312040f93bcbe	4			yes					-1	-1	-1	-1	
35	33	f8c046fdae26a62a	4			yes					-1	-1	-1	-1	
36	24	3aaa8b3726f8b6c9	4			yes					-1	-1	37	39	
37	36	55a38256adb4ff55	5			yes					-1	-1	-1	-1	38	
38	37	dd8f1cae7b4c937a	4			yes					-1	-1	-1	-1	
39	36	479ccea9c2926439	3			yes					-1	-1	40	
40	39	1b5ac9a48417d652	5			yes					-1	-1	-1	-1	-1	
41	24	16c07919d2838cb7	4			yes					-1	-1	-1	42	
42	41	6bf63c8736e95e47	3			yes					-1	-1	-1	
43	24	1699b1258566c090	4			yes					-1	-1	-1	-1	
44	0	f3a8b502ca131739	5			yes					45	53	60	64	66	
45	44	4c6105d86fb88927	4			yes					46	48	49	50	
46	45	f36a03c918d67cfb	4			yes					-1	-1	-1	47	
47	46	7b469d31ce2e10d4	3			yes					-1	-1	-1	
48	45	cc81520a0f1bbcc7	3			yes					-1	-1	-1	
49	45	99012e34a2fca41c	4			yes					-1	-1	-1	-1	
50	45	315740468bd25bd7	3			yes					51	-1	52	
51	50	bd93483b317555fc	4			yes					-1	-1	-1	-1	
52	50	a567c35d1e106e7e	4			yes					-1	-1	-1	-1	
53	44	cd480e5b348fc180	4			yes					-1	54	55	57	
54	53	bbd7f3d95cd7f28b	4			yes					-1	-1	-1	-1	
55	53	35dc5c675d518c63	4			yes					-1	-1	-1	-1	
56	55	ebd4dc01e6d7019f	3			no					-1	-2	-1	
57	53	b07e4bc5d0e51370	3			yes					-1	-1	59	
58	57	f52eb82b7574db8c	4			no					-1	-1	-1	-2	
59	57	09bab10ee1bd4601	4			yes					-1	-1	-1	-1	
60	44	8170c3bf0cd20480	4			yes					-1	-1	61	62	
61	60	280458f4216ca249	4			yes					-1	-1	-1	-1	
62	60	98614afabeef79a1	5			yes					-1	-1	-1	-1	63	
63	62	1f5a163cdd43b180	4			yes					-1	-1	-1	-1	
64	44	8ec738a0799c89ee	4			yes					-1	-1	-1	65	
65	64	f3f17d3e9df65b1e	3			yes					-1	-1	-1	
66	44	8e9ef09c2e79c5c9	4			yes					-1	-1	-1	-1	
67	0	84ef5c34fa35373b	5			yes					68	77	82	84	86	
68	67	3b26ecee5f9ea925	4			yes					69	71	73	74	
69	68	285ce4fee589a42c	4			yes					-1	70	-1	-1	
70	69	f9e0a15406046bd2	3			yes					-1	-1	-1	
71	68	91291a53682ee428	4			yes					-1	-1	-1	72	
72	71	190584abbed68807	3			yes					-1	-1	-1	
73	68	6b7752d933ec7214	4			yes					-1	-1	-1	-1	
74	68	4610a970bbf47bd5	3			yes					75	76	-1	
75	74	3a3130bdb9da56d2	4			yes					-1	-1	-1	-1	
76	74	dfd051a1418dcd2f	4			yes					-1	-1	-1	-1	
77	67	ba0fe76d04a9e182	4			yes					-1	78	-1	80	
78	77	3c34c6fac2564093	4			yes					79	-1	-1	-1	
79	78	e23c469c79d0cd6f	3			yes					-1	-1	-1	
80	77	c739a2f3e0c33372	3			yes					-1	81	-1	
81	80	2e5912b99e05b26d	4			yes					-1	-1	-1	-1	
82	67	a46f13fb78032e04	4			yes					-1	-1	-1	83	
83	82	d95956659c69fcf4	3			yes					-1	-1	-1	
84	67	dc9f01d23d6b8368	4			yes					-1	-1	-1	-1	
85	84	dd08455d88840294	5			yes					-1	-1	-1	-1	-1	
86	67	f9d919aa1e5fe5cb	4			yes					-1	-1	-1	-1	
87	0	5de247077b0e003a	5			yes					88	93	98	103	115	
88	87	9d4f446273592501	4			yes					89	90	92	-1	
89	88	56e8ac6686878431	4			yes					-1	-1	-1	-1	
90	88	bdcf0badf16f3c3e	3			yes					-1	91	-1	
91	90	410aaec1d9691ba3	4			yes					-1	-1	-1	-1	
92	88	cc4a3bee34ad81a8	3			yes					-1	-1	-1	
93	87	e785ac924944524e	4			yes					94	96	97	-1	
94	93	584c1c48ecefcc50	3			yes					-1	95	-1	
95	94	10462d8107c9f95d	4			yes					-1	-1	-1	-1	
96	93	688e7a0676556db5	4			yes					-1	-1	-1	-1	
97	93	b680d31e0eb0f6e7	3			yes					-1	-1	-1	
98	87	7f82ed2be25b5717	4			yes					99	101	102	-1	
99	98	c04b5df147f0c909	3			yes					100	-1	-1	
100	99	e0b96d41d10f24f9	4			yes					-1	-1	-1	-1	
101	98	416256721cc781ae	3			yes					-1	-1	-1	
102	98	7aafd80f07c92ca1	4			yes					-1	-1	-1	-1	
103	87	f674ad1486309e98	5			yes					104	108	111	113	114	
104	103	49bd1dce239b0086	4			yes					105	106	-1	107	
105	104	06cfd620bc0c8463	4			yes					-1	-1	-1	-1	
106	104	82fa74dba1f7bc2a	4			yes					-1	-1	-1	-1	
107	104	7f2c5f91dae9553f	5			yes					-1	-1	-1	-1	-1	
108	103	c894164d78ac4821	4			yes					-1	109	-1	110	
109	108	12a7f4249bd360dc	4			yes					-1	-1	-1	-1	
110	108	6a0012d05ed9ec45	5			yes					-1	-1	-1	-1	-1	
111	103	d6f4e2db040687a7	4			yes					-1	-1	-1	112	
112	111	8abfbf44bf0d6bf4	5			yes					-1	-1	-1	-1	-1	
113	103	218b4d830130ce3f	4			yes					-1	-1	-1	-1	
114	103	7656a4db5e01013f	4			yes					-1	-1	-1	-1	
115	87	18b4405ac0aaf769	5			yes					116	120	124	127	128	
116	115	a77df08065016977	4			yes					117	118	119	-1	
117	116	8e2c90ae1a6f0562	4			yes					-1	-1	-1	-1	
118	116	00e21e6e17c51df5	4			yes					-1	-1	-1	-1	
119	116	3f67cc8bb5cafcf5	4			yes					-1	-1	-1	-1	
120	115	2654fb033e3621d0	4			yes					-1	121	123	-1	
121	120	c7d92a1086c67e2e	5			yes					-1	-1	-1	-1	122	
122	121	93cfbadb53129bf7	4			yes					-1	-1	-1	-1	
123	120	3115fe86cfc7cdde	4			yes					-1	-1	-1	-1	
124	115	38340f95429cee56	4			yes					-1	-1	125	-1	
125	124	d5f88819f75a3f3a	5			yes					-1	-1	-1	-1	126	
126	125	81ee18d2228edae3	4			yes					-1	-1	-1	-1	
127	115	49b13fd6875e53c0	4			yes					-1	-1	-1	-1	
128	115	f0ac3bc09ef5f531	4			yes					-1	-1	-1	-1	
129	0	38b428f03498c00a	5			yes					130	142	153	165	-1	
130	129	510c579ddf75f905	5			yes					131	134	139	141	-1	
131	130	31b5b3a916436d9b	4			yes					132	133	-1	-1	
132	131	ed1252ba2947812e	4			yes					-1	-1	-1	-1	
133	131	50e069af1c93949b	4			yes					-1	-1	-1	-1	
134	130	718c18525d43e03a	4			yes					-1	135	137	-1	
135	134	c77fea5402194dc1	5			yes					-1	-1	-1	-1	136	
136	135	93697a9fd7cda818	4			yes					-1	-1	-1	-1	
137	134	0b8d7d1a80b4786d	5			yes					-1	-1	-1	-1	138	
138	137	5f9bedd155609db4	4			yes					-1	-1	-1	-1	
139	130	0009281198815dac	4			yes					-1	-1	140	-1	
140	139	ea1edea06d4b8da4	5			yes					-1	-1	-1	-1	-1	
141	130	2c63da3f6cfa67d2	4			yes					-1	-1	-1	-1	
142	129	2bc6bf6de5688e4a	5			yes					143	148	150	152	-1	
143	142	940f0fb740c31054	4			yes					144	145	146	-1	
144	143	6dc0392e8b1b441e	4			yes					-1	-1	-1	-1	
145	143	dcfd36127ddffd51	4			yes					-1	-1	-1	-1	
146	143	7031c3ed1fc858a7	5			yes					-1	-1	-1	-1	147	
147	146	24275326ca1cbd7e	4			yes					-1	-1	-1	-1	
148	142	aefc4cbc31deeaba	4			yes					-1	149	-1	-1	
149	148	7d02054cb8e4eb78	4			yes					-1	-1	-1	-1	
150	142	7ac3c0e1a29c2ae3	4			yes					-1	-1	151	-1	
151	150	fc52951e1ac3a893	5			yes					-1	-1	-1	-1	-1	
152	142	56a932cf56e7109d	4			yes					-1	-1	-1	-1	
153	129	b3c1fed44e778b13	5			yes					154	159	163	164	-1	
154	153	0c084e0eebdc150d	4			yes					155	156	157	-1	
155	154	5a9b1481afa12b3d	4			yes					-1	-1	-1	-1	
156	154	75f73720844c0c8e	4			yes					-1	-1	-1	-1	
157	154	510cc18959c642a4	5			yes					-1	-1	-1	-1	158	
158	157	051a51428c12a77d	4			yes					-1	-1	-1	-1	
159	153	8d21458db0eb5daa	4			yes					-1	160	161	-1	
160	159	1226e491eba0a54d	4			yes					-1	-1	-1	-1	
161	159	fdd1b3daa66b6adb	5			yes					-1	-1	-1	-1	162	
162	161	a9c7231173bf8f02	4			yes					-1	-1	-1	-1	
163	153	c119886988b698aa	4			yes					-1	-1	-1	-1	
164	153	ceae7376fdf815c4	4			yes					-1	-1	-1	-1	
165	129	c48617e27e51ab11	5			yes					166	169	171	172	-1	
166	165	7b4fa738dbfa350f	4			yes					167	168	-1	-1	
167	166	c7b08720347afb0e	4			yes					-1	-1	-1	-1	
168	166	38d80d1bdf59b3ee	4			yes					-1	-1	-1	-1	
169	165	fa66acbb80cd7da8	4			yes					-1	170	-1	-1	
170	169	d3d8a52413a51fb1	4			yes					-1	-1	-1	-1	
171	165	e406582dfc67b22e	4			yes					-1	-1	-1	-1	
172	165	9cf64a04b90f1f42	4			yes					-1	-1	-1	-1	
