Number of nodes
530
ID	PID	Hash_Value			File_Number	Fully_Enumerated	Children
0	-1	27e70063ba840d59	6			yes					1	163	292	400	482	529	
1	0	e6337b34b379dda1	5			yes					2	55	85	106	122	
2	1	b66ca3e3d7072183	5			yes					3	15	33	43	54	
3	2	12b0a80d159cfa54	4			yes					4	5	8	12	
4	3	ab19c6cf7a413fd2	4			yes					-1	-1	-1	-1	
5	3	badd7ea1f6c90acd	5			yes					-1	6	-1	-1	7	
6	5	65c98a23e760c0cc	4			yes					-1	-1	-1	-1	
7	5	8ca6b8a9eb8ad1b5	4			yes					-1	-1	-1	-1	
8	3	1a88096a025a3d7b	3			yes					9	10	11	
9	8	edb0032a67a1e3a6	4			yes					-1	-1	-1	-1	
10	8	bf369d9ce10889b7	4			yes					-1	-1	-1	-1	
11	8	c4c94fad17c10141	5			yes					-1	-1	-1	-1	-1	
12	3	c28dc032cfbad31f	3			yes					13	14	-1	
13	12	2078a128154ac2a3	4			yes					-1	-1	-1	-1	
14	12	afe5f67cb83171a1	4			yes					-1	-1	-1	-1	
15	2	7869bfdc5ab12eec	4			yes					-1	16	23	28	
16	15	998d0d6fcaf9227f	5			yes					17	19	20	21	22	
17	16	55fbb321458a324a	4			yes					18	-1	-1	-1	
18	17	864cb5ff8faf6bf2	3			yes					-1	-1	-1	
19	16	4a3a0bb100dc7bc7	4			yes					-1	-1	-1	-1	
20	16	5d946ab870e4e3a2	4			yes					-1	-1	-1	-1	
21	16	a33e01308ada8f52	4			yes					-1	-1	-1	-1	
22	16	e16bd318bf68257d	4			yes					-1	-1	-1	-1	
23	15	eccea65f7c6ca196	5			yes					24	25	-1	26	27	
24	23	20b81811f31fb1a3	4			yes					-1	-1	-1	-1	
25	23	3f79a081b649f82e	4			yes					-1	-1	-1	-1	
26	23	e2d8541ba4203ab2	4			yes					-1	-1	-1	-1	
27	23	60fe1e59b81045cd	4			yes					-1	-1	-1	-1	
28	15	2106045d0e878093	5			yes					29	30	31	32	-1	
29	28	ed70ba1381f490a6	4			yes					-1	-1	-1	-1	
30	28	f2b10283c4a2d92b	4			yes					-1	-1	-1	-1	
31	28	502f50d02b8d17f7	4			yes					-1	-1	-1	-1	
32	28	cb2537ab5796872c	4			yes					-1	-1	-1	-1	
33	2	b2dcde8982cd3adc	4			yes					-1	-1	34	39	
34	33	be4838e9fac5cb87	5			yes					35	36	37	-1	38	
35	34	723e86a775b6dbb2	4			yes					-1	-1	-1	-1	
36	34	6dff3e3730e0923f	4			yes					-1	-1	-1	-1	
37	34	615ccc6beb6c0186	4			yes					-1	-1	-1	-1	
38	34	d20195907bfac30f	4			yes					-1	-1	-1	-1	
39	33	ae9b5309a3fc3391	5			yes					40	41	42	-1	-1	
40	39	62eded472c8f23a4	4			yes					-1	-1	-1	-1	
41	39	7d2c55d769d96a29	4			yes					-1	-1	-1	-1	
42	39	718fa78bb255f990	4			yes					-1	-1	-1	-1	
43	2	be540284c0c1e6ac	4			yes					-1	-1	-1	44	
44	43	c5b7ead80c0c4371	6			yes					45	47	49	51	-1	53	
45	44	09c15496837f5344	5			yes					-1	-1	-1	-1	46	
46	45	0750240759df6a12	4			yes					-1	-1	-1	-1	
47	44	1600ec06c6291ac9	5			yes					-1	-1	-1	-1	48	
48	47	18919c971c89239f	4			yes					-1	-1	-1	-1	
49	44	1aa31e5a1da58970	5			yes					-1	-1	-1	-1	50	
50	49	14326ecbc705b026	4			yes					-1	-1	-1	-1	
51	44	453af35077ffd92d	5			yes					-1	-1	-1	-1	52	
52	51	4bab83c1ad5fe07b	4			yes					-1	-1	-1	-1	
53	44	cb269a49d6ac7a27	5			yes					-1	-1	-1	-1	-1	
54	2	6651cbdc0d2108c8	4			yes					-1	-1	-1	-1	
55	1	9ce9466807c41517	4			yes					56	65	73	84	
56	55	4cf8a78499695fe5	3			yes					57	58	62	
57	56	98f3a81ad134604f	4			yes					-1	-1	-1	-1	
58	56	0a7b71f1162b34dc	5			yes					-1	59	-1	-1	61	
59	58	318a275f0e17a1df	4			yes					-1	-1	-1	-1	
60	58	8af668796dd8ae80	4			no					-1	-1	-1	-2	
61	58	fb35dc4a1815d0f4	4			yes					-1	-1	-1	-1	
62	56	d99270a306be9ee1	5			yes					-1	63	64	-1	-1	
63	62	e263260d1e820be2	4			yes					-1	-1	-1	-1	
64	62	591f692b7d4d04bd	4			yes					-1	-1	-1	-1	
65	55	081428b4534da496	3			yes					-1	66	70	
66	65	874641bbf25e3081	5			yes					67	68	-1	-1	69	
67	66	4b30fff57d2d20b4	4			yes					-1	-1	-1	-1	
68	66	a7d7faab1e11e1d6	4			yes					-1	-1	-1	-1	
69	66	7608ec00fc60d4a9	4			yes					-1	-1	-1	-1	
70	65	54af40e9e2cb9abc	5			yes					71	72	-1	-1	-1	
71	70	98d9fea76db88a89	4			yes					-1	-1	-1	-1	
72	70	743efbf90e844beb	4			yes					-1	-1	-1	-1	
73	55	94d1e70f1002d238	3			yes					-1	-1	74	
74	73	d274f53a23f3949c	6			yes					75	77	79	81	-1	83	
75	74	1e024b74ac8084a9	5			yes					-1	-1	-1	-1	76	
76	75	10933be57620bdff	4			yes					-1	-1	-1	-1	
77	74	f2e54e2acfbc45cb	5			yes					-1	-1	-1	-1	78	
78	77	fc743ebb151c7c9d	4			yes					-1	-1	-1	-1	
79	74	e985a3943bcf019f	5			yes					-1	-1	-1	-1	80	
80	79	e714d305e16f38c9	4			yes					-1	-1	-1	-1	
81	74	52f9ecb258000ec0	5			yes					-1	-1	-1	-1	82	
82	81	5c689c2382a03796	4			yes					-1	-1	-1	-1	
83	74	dce585abf953adca	5			yes					-1	-1	-1	-1	-1	
84	55	4cd42e57dde23c5c	3			yes					-1	-1	-1	
85	1	17ac3ddec918b347	4			yes					86	93	103	105	
86	85	c7bddc3257b5f9b5	3			yes					87	89	90	
87	86	a86d7f03c0787777	5			yes					-1	-1	-1	-1	88	
88	87	598481dd3ff9c6fb	4			yes					-1	-1	-1	-1	
89	86	b3efe606d3c87694	4			yes					-1	-1	-1	-1	
90	86	85a9a948e5cf80ed	5			yes					-1	91	92	-1	-1	
91	90	5abd5dcaf4664aec	4			yes					-1	-1	-1	-1	
92	90	bdfacb0774d85bbf	4			yes					-1	-1	-1	-1	
93	85	d9a921e144aebc28	3			yes					-1	94	98	
94	93	26ab6a5779c3b0e4	5			yes					95	96	-1	-1	97	
95	94	eaddd419f6b0a0d1	4			yes					-1	-1	-1	-1	
96	94	063ad147958c61b3	4			yes					-1	-1	-1	-1	
97	94	814c31102dfb4e52	4			yes					-1	-1	-1	-1	
98	93	351c136f66d5dc41	5			yes					99	100	101	102	-1	
99	98	f96aad21e9a6cc74	4			yes					-1	-1	-1	-1	
100	98	158da87f8a9a0d16	4			yes					-1	-1	-1	-1	
101	98	a728fba757df8338	4			yes					-1	-1	-1	-1	
102	98	425185bd65be0c4c	4			yes					-1	-1	-1	-1	
103	85	ce2995ecc93d6cd6	3			yes					-1	-1	104	
104	103	bb1c2d9ac5da71d1	5			yes					-1	-1	-1	-1	-1	
105	85	c79155e1133e9a0c	3			yes					-1	-1	-1	
106	1	df3f9b508a514b27	4			yes					107	112	119	121	
107	106	0f2e7abc14fc01d5	3			yes					108	110	-1	
108	107	aabe0997a8e1550d	5			yes					-1	-1	-1	109	-1	
109	108	38e08f26cb2e26d9	4			yes					-1	-1	-1	-1	
110	107	a7bdd018ed9d305f	5			yes					-1	-1	-1	111	-1	
111	110	35e356a98e52438b	4			yes					-1	-1	-1	-1	
112	106	113a876f07e74448	3			yes					-1	113	118	
113	112	a56decdac411a387	5			yes					114	115	-1	116	117	
114	113	691b52944b62b3b2	4			yes					-1	-1	-1	-1	
115	113	85fc57ca285e72d0	4			yes					-1	-1	-1	-1	
116	113	75312332feb816fd	4			yes					-1	-1	-1	-1	
117	113	f8a2ad61e388b5c5	4			yes					-1	-1	-1	-1	
118	112	93e9f4e2e3567939	5			yes					-1	-1	-1	-1	-1	
119	106	db8fe63adf9b5078	3			yes					-1	-1	120	
120	119	9d00dfeed033ce03	5			yes					-1	-1	-1	-1	-1	
121	106	1aa480b946d15ec2	3			yes					-1	-1	-1	
122	1	e7ba9a9029bd810a	5			yes					123	130	149	161	162	
123	122	37ab7b7cb710cbf8	4			yes					124	126	129	-1	
124	123	3e94cfe494b09485	5			yes					-1	-1	-1	-1	125	
125	124	19e6b2f7e323f1ea	4			yes					-1	-1	-1	-1	
126	123	3b73a620fb6dd59b	5			yes					-1	127	-1	-1	128	
127	126	e46752a2eac41f9a	4			yes					-1	-1	-1	-1	
128	126	1c01db338cfeb0f4	4			yes					-1	-1	-1	-1	
129	123	7da3f393d212ffe2	5			yes					-1	-1	-1	-1	-1	
130	122	29bf86afa40b8e65	4			yes					-1	131	141	148	
131	130	e5eb8f1a6ce2178b	6			yes					132	134	-1	136	138	140	
132	131	299d3154e39107be	5			yes					-1	-1	-1	-1	133	
133	132	b2b13628fefa4642	4			yes					-1	-1	-1	-1	
134	131	c57a340a80adc6dc	5			yes					-1	-1	-1	-1	135	
135	134	5e5633769dc68720	4			yes					-1	-1	-1	-1	
136	131	df5883452cc1baa6	5			yes					-1	-1	-1	-1	137	
137	136	4474843931aafb5a	4			yes					-1	-1	-1	-1	
138	131	896169aa8469ec6e	5			yes					-1	-1	-1	-1	139	
139	138	124d6ed69902ad92	4			yes					-1	-1	-1	-1	
140	131	7ec7886671895677	5			yes					-1	-1	-1	-1	-1	
141	130	6de3587a8c52aa61	6			yes					142	144	-1	146	-1	147	
142	141	a195e6340321ba54	5			yes					-1	-1	-1	-1	143	
143	142	3ab9e1481e4afba8	4			yes					-1	-1	-1	-1	
144	141	4d72e36a601d7b36	5			yes					-1	-1	-1	-1	145	
145	144	d65ee4167d763aca	4			yes					-1	-1	-1	-1	
146	141	63f5aa3e541e3145	5			yes					-1	-1	-1	-1	-1	
147	141	f6cf5f069139eb9d	5			yes					-1	-1	-1	-1	-1	
148	130	dc993de1dca19682	3			yes					-1	-1	-1	
149	122	e30ae7fa7c779a55	4			yes					-1	-1	150	160	
150	149	a24b1323cc170848	6			yes					151	153	155	-1	157	159	
151	150	6e3dad6d4364187d	5			yes					-1	-1	-1	-1	152	
152	151	f511aa115e0f5981	4			yes					-1	-1	-1	-1	
153	150	82daa8332058d91f	5			yes					-1	-1	-1	-1	154	
154	153	19f6af4f3d3398e3	4			yes					-1	-1	-1	-1	
155	150	7d5fe7a1ddbec249	5			yes					-1	-1	-1	-1	156	
156	155	e673e0ddc0d583b5	4			yes					-1	-1	-1	-1	
157	150	ba0b2f2240fb0a1c	5			yes					-1	-1	-1	-1	158	
158	157	2127285e5d904be0	4			yes					-1	-1	-1	-1	
159	150	3967145fd17c49b4	5			yes					-1	-1	-1	-1	-1	
160	149	162c5cb404dd82b2	3			yes					-1	-1	-1	
161	122	ef823bf73e7b4625	4			yes					-1	-1	-1	-1	
162	122	129c21de511799ed	4			yes					-1	-1	-1	-1	
163	0	fa2ac66aa7a3a51a	5			yes					-1	164	216	236	253	
164	163	c6fa07adaf1aa5d9	5			yes					165	184	194	204	215	
165	164	802a150c0902dbbe	4			yes					166	167	173	179	
166	165	8330abc49ced43ae	4			yes					-1	-1	-1	-1	
167	165	2d1d3ccea9e89f25	5			yes					168	169	170	171	172	
168	167	23eafa6382c78748	4			yes					-1	-1	-1	-1	
169	167	70b484e45292b8fc	4			yes					-1	-1	-1	-1	
170	167	47c041f8c18f8efb	4			yes					-1	-1	-1	-1	
171	167	4165ddc6cda32968	4			yes					-1	-1	-1	-1	
172	167	55fbe2b9dc799827	4			yes					-1	-1	-1	-1	
173	165	9047ab5dda6412ab	5			yes					174	175	176	177	178	
174	173	9eb06df0f14b0ac6	4			yes					-1	-1	-1	-1	
175	173	cdee1377211e3572	4			yes					-1	-1	-1	-1	
176	173	474c9d6d86cea27a	4			yes					-1	-1	-1	-1	
177	173	e81ce5ce0dc087ed	4			yes					-1	-1	-1	-1	
178	173	fc0e06245b5b1a23	4			yes					-1	-1	-1	-1	
179	165	9b049b6fb0522405	5			yes					180	181	182	183	-1	
180	179	95f35dc29b7d3c68	4			yes					-1	-1	-1	-1	
181	179	c6ad23454b2803dc	4			yes					-1	-1	-1	-1	
182	179	4c0fad5fecf894d4	4			yes					-1	-1	-1	-1	
183	179	c5ac181565cf6124	4			yes					-1	-1	-1	-1	
184	164	9a65a6933e328b5c	4			yes					-1	185	188	191	
185	184	e1575a4e58763ff4	5			yes					186	-1	-1	-1	187	
186	185	52c23f5071722c78	4			yes					-1	-1	-1	-1	
187	185	d72c9c464535e48c	4			yes					-1	-1	-1	-1	
188	184	925d07f429f44c73	3			yes					189	190	-1	
189	188	2c4bf7a461c9d4be	4			yes					-1	-1	-1	-1	
190	188	e4bcb9734fb7bc8e	4			yes					-1	-1	-1	-1	
191	184	4a58ceace414a217	3			yes					192	193	-1	
192	191	f757656bf13b857b	4			yes					-1	-1	-1	-1	
193	191	f46fd293168e4498	4			yes					-1	-1	-1	-1	
194	164	c24a7ac7fad0be86	4			yes					-1	-1	195	200	
195	194	254e41955527973c	5			yes					196	197	198	-1	199	
196	195	96db248b7c2384b0	4			yes					-1	-1	-1	-1	
197	195	f6f9474b9f02ce84	4			yes					-1	-1	-1	-1	
198	195	1ebf173b4d1b023f	4			yes					-1	-1	-1	-1	
199	195	4907ececd4189fb4	4			yes					-1	-1	-1	-1	
200	194	359d2a750c1e6f2a	5			yes					201	202	203	-1	-1	
201	200	86084f6b251a7ca6	4			yes					-1	-1	-1	-1	
202	200	e62a2cabc63b3692	4			yes					-1	-1	-1	-1	
203	200	0e6c7cdb1422fa29	4			yes					-1	-1	-1	-1	
204	164	cec2a6cab8dc62f6	4			yes					-1	-1	-1	205	
205	204	5eb193a4a3ee1fca	6			yes					206	208	210	212	-1	214	
206	205	ed24f6ba8aea0c46	5			yes					-1	-1	-1	-1	207	
207	206	e3b5862b504a3510	4			yes					-1	-1	-1	-1	
208	205	8d06957a69cb4672	5			yes					-1	-1	-1	-1	209	
209	208	8397e5ebb36b7f24	4			yes					-1	-1	-1	-1	
210	205	6540c50abbd28ac9	5			yes					-1	-1	-1	-1	211	
211	210	6bd1b59b6172b39f	4			yes					-1	-1	-1	-1	
212	205	de3c8a2cd81d8596	5			yes					-1	-1	-1	-1	213	
213	212	d0adfabd02bdbcc0	4			yes					-1	-1	-1	-1	
214	205	5020e335794e269c	5			yes					-1	-1	-1	-1	-1	
215	164	16c76f92753c8c92	4			yes					-1	-1	-1	-1	
216	163	e889b34a6dc2265b	4			yes					217	228	233	235	
217	216	ae59a1ebcbda583c	3			yes					218	221	223	
218	217	7f651b8d1773e03e	5			yes					-1	219	-1	-1	220	
219	218	61e7d4eb3af73d82	4			yes					-1	-1	-1	-1	
220	218	8e8ce553e8f251b2	4			yes					-1	-1	-1	-1	
221	217	761404ede5009070	5			yes					-1	-1	-1	-1	222	
222	221	d1f35faab1386ec6	4			yes					-1	-1	-1	-1	
223	217	685260ac2270d890	5			yes					224	225	226	227	-1	
224	223	66a5a601095fc0fd	4			yes					-1	-1	-1	-1	
225	223	2e5c1d756c21d09e	4			yes					-1	-1	-1	-1	
226	223	0336458d519d5239	4			yes					-1	-1	-1	-1	
227	223	1f1ff67e211b089d	4			yes					-1	-1	-1	-1	
228	216	4f68d2ac7c1b88bd	3			yes					-1	229	230	
229	228	e865c2e97d7743ad	4			yes					-1	-1	-1	-1	
230	228	de238da74b70b5d4	5			yes					231	-1	232	-1	-1	
231	230	6db6e8b96274a658	4			yes					-1	-1	-1	-1	
232	230	e670efe8da676e86	4			yes					-1	-1	-1	-1	
233	216	310c1b786de7f9ca	3			yes					-1	-1	234	
234	233	37d94b0445c7fa87	5			yes					-1	-1	-1	-1	-1	
235	216	38b4db75b7e40f10	3			yes					-1	-1	-1	
236	163	201a15c42e8bde3b	4			yes					237	247	250	252	
237	236	66ca07658893a05c	3			yes					238	241	246	
238	237	b626267fe8d18845	5			yes					-1	-1	239	240	-1	
239	238	80828fc6b05c0d8b	4			yes					-1	-1	-1	-1	
240	238	2478a0ce8b1efb91	4			yes					-1	-1	-1	-1	
241	237	31a663228aba6a78	5			yes					242	243	-1	244	245	
242	241	3f51a58fa1957215	4			yes					-1	-1	-1	-1	
243	241	77a81efbc4eb6276	4			yes					-1	-1	-1	-1	
244	241	a3f8e593e97519ac	4			yes					-1	-1	-1	-1	
245	241	4940bd55ff2b6d7a	4			yes					-1	-1	-1	-1	
246	237	3db7e91437470fad	5			yes					-1	-1	-1	-1	-1	
247	236	87fb74223f5270dd	3			yes					-1	248	-1	
248	247	fc37f4f743220566	5			yes					-1	-1	-1	249	-1	
249	248	6e69724620ed76b2	4			yes					-1	-1	-1	-1	
250	236	24aa68ae7b41c564	3			yes					-1	-1	251	
251	250	11c5b970502e4555	5			yes					-1	-1	-1	-1	-1	
252	236	e5810e2de20bcbde	3			yes					-1	-1	-1	
253	163	189f14048d671416	5			yes					254	274	278	290	291	
254	253	5e4f06a52b7f6a71	4			yes					255	257	267	271	
255	254	1603a43c528f204d	5			yes					-1	-1	-1	-1	256	
256	255	8d2fa3404fe461b1	4			yes					-1	-1	-1	-1	
257	254	b9606c03758577b5	6			yes					258	260	-1	262	264	266	
258	257	b797aaae5eaa6fd8	5			yes					-1	-1	-1	-1	259	
259	258	2cbbadd243c12e24	4			yes					-1	-1	-1	-1	
260	257	ff6e11da3bd47fbb	5			yes					-1	-1	-1	-1	261	
261	260	644216a626bf3e47	4			yes					-1	-1	-1	-1	
262	257	e1cb5520b74d04f0	5			yes					-1	-1	-1	-1	263	
263	262	7ae7525caa26450c	4			yes					-1	-1	-1	-1	
264	257	d5ea8ab39d0e8c50	5			yes					-1	-1	-1	-1	265	
265	264	4ec68dcf8065cdac	4			yes					-1	-1	-1	-1	
266	257	224c6b7f68ee3649	5			yes					-1	-1	-1	-1	-1	
267	254	ef61a1de7a8d0cbb	5			yes					-1	268	-1	-1	270	
268	267	a96fdc0734dc04b5	4			yes					-1	-1	-1	-1	
269	267	7f5ce6424c3798d0	4			no					-1	-2	-1	-2	
270	267	c813dccd0d1e69d4	4			yes					-1	-1	-1	-1	
271	254	ab69bdeb53d57296	3			yes					-1	272	273	
272	271	0824a3f0fbacfa82	5			yes					-1	-1	-1	-1	-1	
273	271	2b69204443bb29cc	5			yes					-1	-1	-1	-1	-1	
274	253	bf7e75e29cbebaf0	4			yes					-1	275	277	-1	
275	274	60f982cf55d2e0a2	5			yes					-1	-1	-1	-1	276	
276	275	478bffdc224185cd	4			yes					-1	-1	-1	-1	
277	274	2629d77c7cadcadb	5			yes					-1	-1	-1	-1	-1	
278	253	1c2f696ed8ad0f49	4			yes					-1	-1	279	289	
279	278	2e8e75bd4c0a831e	6			yes					280	282	284	-1	286	288	
280	279	9d1b10a3650e9092	5			yes					-1	-1	-1	-1	281	
281	280	063717df7865d16e	4			yes					-1	-1	-1	-1	
282	279	fd397363862fdaa6	5			yes					-1	-1	-1	-1	283	
283	282	6615741f9b449b5a	4			yes					-1	-1	-1	-1	
284	279	f19a813f5da3491f	5			yes					-1	-1	-1	-1	285	
285	284	6ab6864340c808e3	4			yes					-1	-1	-1	-1	
286	279	36ce49bcc0e6814a	5			yes					-1	-1	-1	-1	287	
287	286	ade24ec0dd8dc0b6	4			yes					-1	-1	-1	-1	
288	279	b5a272c15161c2e2	5			yes					-1	-1	-1	-1	-1	
289	278	e909d220a00717ae	3			yes					-1	-1	-1	
290	253	10a7b5639aa1d339	4			yes					-1	-1	-1	-1	
291	253	edb9af4af5cd0cf1	4			yes					-1	-1	-1	-1	
292	0	a933c563632a5af9	5			yes					-1	-1	293	346	362	
293	292	b74195a7b1fca7fb	5			yes					294	313	327	334	345	
294	293	f191870617e4d99c	4			yes					295	302	303	308	
295	294	5f48fb2ce202efc3	5			yes					296	297	299	300	301	
296	295	41f7e6c9bc99e47e	4			yes					-1	-1	-1	-1	
297	295	64b9ad82fa3e7ac0	4			yes					-1	298	-1	-1	
298	297	5ceacfcd6b29a192	3			yes					-1	-1	-1	
299	295	671b996373153491	4			yes					-1	-1	-1	-1	
300	295	65fbf773a22142ee	4			yes					-1	-1	-1	-1	
301	295	27ae255b9793e8c1	4			yes					-1	-1	-1	-1	
302	294	7140fb9e3543f1ae	4			yes					-1	-1	-1	-1	
303	294	a55e409b602ef4da	5			yes					-1	304	305	306	307	
304	303	bf86b4ba3b431582	4			yes					-1	-1	-1	-1	
305	303	7ddbc44ba8c3f824	4			yes					-1	-1	-1	-1	
306	303	7971b5311a8de422	4			yes					-1	-1	-1	-1	
307	303	296ef89da4521081	4			yes					-1	-1	-1	-1	
308	294	be8ef3ceea124223	5			yes					309	310	311	312	-1	
309	308	89928e08a763affc	4			yes					-1	-1	-1	-1	
310	308	a45607efb17fa37b	4			yes					-1	-1	-1	-1	
311	308	660b771e22ff4edd	4			yes					-1	-1	-1	-1	
312	308	c9c3651ce979922e	4			yes					-1	-1	-1	-1	
313	293	123fc5b94815098d	4			yes					-1	314	316	322	
314	313	50efaa648c6c9132	4			yes					315	-1	-1	-1	
315	314	e37acf7aa56882be	3			yes					-1	-1	-1	
316	313	a647506ae146f5de	5			yes					317	318	319	320	321	
317	316	15d23574c842e652	4			yes					-1	-1	-1	-1	
318	316	3b0fac625f36ebd1	4			yes					-1	-1	-1	-1	
319	316	7ec2d4ba29abf920	4			yes					-1	-1	-1	-1	
320	316	7a68a5c09be5e526	4			yes					-1	-1	-1	-1	
321	316	2a77e86c253a1185	4			yes					-1	-1	-1	-1	
322	313	bd97e33f6b7a4327	5			yes					323	324	325	326	-1	
323	322	0e028621427e50ab	4			yes					-1	-1	-1	-1	
324	322	20df1f37d50a5d28	4			yes					-1	-1	-1	-1	
325	322	651267efa3974fd9	4			yes					-1	-1	-1	-1	
326	322	cada75ed6811932a	4			yes					-1	-1	-1	-1	
327	293	3bab8be792113e75	4			yes					-1	-1	328	331	
328	327	33932a8085d7f95a	3			yes					329	330	-1	
329	328	e44fd61776a0cced	4			yes					-1	-1	-1	-1	
330	328	c5e087edcf8fac71	4			yes					-1	-1	-1	-1	
331	327	eb96e3d84837173e	3			yes					332	333	-1	
332	331	d3ce6e0a2c2b4dde	4			yes					-1	-1	-1	-1	
333	331	f2613ff095042d42	4			yes					-1	-1	-1	-1	
334	293	bf7934c0a63a60d4	4			yes					-1	-1	-1	335	
335	334	154955ad6f60d62b	6			yes					336	338	340	342	-1	344	
336	335	a6dc30b34664c5a7	5			yes					-1	-1	-1	-1	337	
337	336	a84d40229cc4fcf1	4			yes					-1	-1	-1	-1	
338	335	35d8eebd832f077c	5			yes					-1	-1	-1	-1	339	
339	338	3b499e2c598f3e2a	4			yes					-1	-1	-1	-1	
340	335	2eb80303775c4328	5			yes					-1	-1	-1	-1	341	
341	340	20297392adfc7a7e	4			yes					-1	-1	-1	-1	
342	335	2d1a37e2fe770d79	5			yes					-1	-1	-1	-1	343	
343	342	238b477324d7342f	4			yes					-1	-1	-1	-1	
344	335	1bd8253cb5c0ef7d	5			yes					-1	-1	-1	-1	-1	
345	293	677cfd986bda8eb0	4			yes					-1	-1	-1	-1	
346	292	b2c8378ac7f87475	4			yes					347	356	360	361	
347	346	f418252b61e00a12	3			yes					348	353	355	
348	347	2850dc902064a7da	5			yes					-1	349	350	351	352	
349	348	13a18a3e385832d9	4			yes					-1	-1	-1	-1	
350	348	a8ddc5185b973d86	4			yes					-1	-1	-1	-1	
351	348	f80c13781acd12a0	4			yes					-1	-1	-1	-1	
352	348	759f9d2b07fdb198	4			yes					-1	-1	-1	-1	
353	347	f72d582cbddaacda	5			yes					-1	-1	-1	354	-1	
354	353	6573de9dde15df0e	4			yes					-1	-1	-1	-1	
355	347	3eb306f410b1acf3	5			yes					-1	-1	-1	-1	-1	
356	346	17b667943e11da03	3			yes					-1	357	359	
357	356	d68209d604f5cc46	5			yes					-1	-1	-1	358	-1	
358	357	44dc8f67673abf92	4			yes					-1	-1	-1	-1	
359	356	3daa160591d9adf7	5			yes					-1	-1	-1	-1	-1	
360	346	263559569371c5f4	3			yes					-1	-1	-1	
361	346	77532c630b786190	3			yes					-1	-1	-1	
362	292	8a4d364a6414be58	5			yes					363	384	396	398	399	
363	362	cc9d24ebc20cc03f	4			yes					364	374	376	383	
364	363	68d6bf50889713d6	6			yes					-1	365	367	369	371	373	
365	364	5327e9fe90ab86d5	5			yes					-1	-1	-1	-1	366	
366	365	c80bee828dc0c729	4			yes					-1	-1	-1	-1	
367	364	e85ba6d8f364898a	5			yes					-1	-1	-1	-1	368	
368	367	7377a1a4ee0fc876	4			yes					-1	-1	-1	-1	
369	364	5265b30fc8b4befb	5			yes					-1	-1	-1	-1	370	
370	369	c949b473d5dfff07	4			yes					-1	-1	-1	-1	
371	364	045c59e0601ce833	5			yes					-1	-1	-1	-1	372	
372	371	9f705e9c7d77a9cf	4			yes					-1	-1	-1	-1	
373	364	f3fab82c95fc522a	5			yes					-1	-1	-1	-1	-1	
374	363	0510e1419e28f090	5			yes					-1	-1	-1	-1	375	
375	374	22629c52e9bb95ff	4			yes					-1	-1	-1	-1	
376	363	01f8ca390c956ab8	6			yes					-1	377	379	-1	380	382	
377	376	1b203e1857f88be0	5			yes					-1	-1	-1	-1	378	
378	377	800c39644a93ca1c	4			yes					-1	-1	-1	-1	
379	376	d6f3fc09503fda69	5			yes					-1	-1	-1	-1	-1	
380	376	19b8f638807968ec	5			yes					-1	-1	-1	-1	381	
381	380	8294f1449d122910	4			yes					-1	-1	-1	-1	
382	376	9ad4cd4511fe2b44	5			yes					-1	-1	-1	-1	-1	
383	363	39bb9fa5baa6d8d8	3			yes					-1	-1	-1	
384	362	2f3366549dfd102e	4			yes					-1	385	388	395	
385	384	24bfb0bb2707900c	5			yes					-1	-1	-1	-1	387	
386	385	972ad5a50e038380	4			no					-1	-1	-1	-2	
387	385	03cdcda85094f563	4			yes					-1	-1	-1	-1	
388	384	02e1dac88dfd6bbc	6			yes					389	-1	391	-1	392	394	
389	388	b174bfd6a4f97830	5			yes					-1	-1	-1	-1	390	
390	389	2a58b8aab99239cc	4			yes					-1	-1	-1	-1	
391	388	d5eaecf8d157db6d	5			yes					-1	-1	-1	-1	-1	
392	388	1aa1e6c9011169e8	5			yes					-1	-1	-1	-1	393	
393	392	818de1b51c7a2814	4			yes					-1	-1	-1	-1	
394	388	99cdddb490962a40	5			yes					-1	-1	-1	-1	-1	
395	384	da15dd1ae55708c9	3			yes					-1	-1	-1	
396	362	1eb05896309d0fd9	4			yes					-1	-1	397	-1	
397	396	6b98baa59985a704	5			yes					-1	-1	-1	-1	-1	
398	362	8275972d73d27977	4			yes					-1	-1	-1	-1	
399	362	7f6b8d041cbea6bf	4			yes					-1	-1	-1	-1	
400	0	ca3a25ad54c2b05e	5			yes					-1	-1	-1	401	445	
401	400	603eae45f1280998	5			yes					402	420	434	442	444	
402	401	26eebce4573077ff	4			yes					403	408	412	415	
403	402	746b057bc315b9d6	5			yes					-1	404	405	406	407	
404	403	ab7ff1f9d2bc73d7	4			yes					-1	-1	-1	-1	
405	403	4c38673452026284	4			yes					-1	-1	-1	-1	
406	403	a437ca93f9bc0cac	4			yes					-1	-1	-1	-1	
407	403	29a444c0e48caf94	4			yes					-1	-1	-1	-1	
408	402	1ed19956e3b5f29c	5			yes					-1	-1	409	410	411	
409	408	b3ada794230254fd	4			yes					-1	-1	-1	-1	
410	408	8c8f1fe7807a8148	4			yes					-1	-1	-1	-1	
411	408	663747219624f59e	4			yes					-1	-1	-1	-1	
412	402	fb4960035333a9bf	3			yes					413	414	-1	
413	412	613cd4cef524727e	4			yes					-1	-1	-1	-1	
414	412	3c2bbb81e4fd33de	4			yes					-1	-1	-1	-1	
415	402	010772541d5d3e27	6			yes					-1	-1	416	417	418	419	
416	415	0ec379ceb8f2d7be	5			yes					-1	-1	-1	-1	-1	
417	415	ac7b4c96ddea9846	5			yes					-1	-1	-1	-1	-1	
418	415	5be866de05b9c377	5			yes					-1	-1	-1	-1	-1	
419	415	dfa0977e552e203f	5			yes					-1	-1	-1	-1	-1	
420	401	c540fe5b08c1a7ee	4			yes					-1	421	426	428	
421	420	2fe121946daa8cef	5			yes					422	-1	423	424	425	
422	421	9c74448a44ae9f63	4			yes					-1	-1	-1	-1	
423	421	17b243dbfcbd57bd	4			yes					-1	-1	-1	-1	
424	421	ffbdee7c57033995	4			yes					-1	-1	-1	-1	
425	421	722e602f4a339aad	4			yes					-1	-1	-1	-1	
426	420	18e722bc0cc279ae	3			yes					-1	427	-1	
427	426	3ab6f0215b9b4747	4			yes					-1	-1	-1	-1	
428	420	a2e31d3e578e23d4	6			yes					429	-1	430	431	432	433	
429	428	117678207e8a3058	5			yes					-1	-1	-1	-1	-1	
430	428	97dee0fb201062ba	5			yes					-1	-1	-1	-1	-1	
431	428	0f9f23fc973985b5	5			yes					-1	-1	-1	-1	-1	
432	428	f80c09b44f6ade84	5			yes					-1	-1	-1	-1	-1	
433	428	7c44f8141ffd3dcc	5			yes					-1	-1	-1	-1	-1	
434	401	ae3bb27a7c9e06f7	4			yes					-1	-1	435	436	
435	434	739c6e9d789dd8b7	3			yes					-1	-1	-1	
436	434	2804f9a46461d88b	6			yes					437	438	-1	439	440	441	
437	436	9b919cba4d65cb07	5			yes					-1	-1	-1	-1	-1	
438	436	089542b4882e09dc	5			yes					-1	-1	-1	-1	-1	
439	436	8578c766a4d67eea	5			yes					-1	-1	-1	-1	-1	
440	436	72ebed2e7c8525db	5			yes					-1	-1	-1	-1	-1	
441	436	f6a31c8e2c12c693	5			yes					-1	-1	-1	-1	-1	
442	401	bd9972a2f52bd7d8	4			yes					-1	-1	-1	443	
443	442	2dab5e80d247df7e	3			yes					-1	-1	-1	
444	401	f00c8267d644013e	4			yes					-1	-1	-1	-1	
445	400	01084dfcaac81808	5			yes					446	464	477	480	481	
446	445	47d85f5d0cd0666f	4			yes					447	457	461	462	
447	446	34ed66bb6be60dda	6			yes					-1	448	450	452	454	456	
448	447	ebf992397a4fc7db	5			yes					-1	-1	-1	-1	449	
449	448	70d5954567248627	4			yes					-1	-1	-1	-1	
450	447	0cbe04f4faf1d688	5			yes					-1	-1	-1	-1	451	
451	450	97920388e79a9774	4			yes					-1	-1	-1	-1	
452	447	0e5e6ae42bc5a0f7	5			yes					-1	-1	-1	-1	453	
453	452	95726d9836aee10b	4			yes					-1	-1	-1	-1	
454	447	5867800b836df63f	5			yes					-1	-1	-1	-1	455	
455	454	c34b87779e06b7c3	4			yes					-1	-1	-1	-1	
456	447	afc161c7768d4c26	5			yes					-1	-1	-1	-1	-1	
457	446	42a3616e72a3d7a7	5			yes					-1	-1	458	459	460	
458	457	35eef7bc71c807aa	4			yes					-1	-1	-1	-1	
459	457	092a149341a49549	4			yes					-1	-1	-1	-1	
460	457	65d11c7d0530b2c8	4			yes					-1	-1	-1	-1	
461	446	756cee4dea6cf66f	5			yes					-1	-1	-1	-1	-1	
462	446	b2fee413747a7e88	3			yes					-1	463	-1	
463	462	12da01ab01bf6271	4			yes					-1	-1	-1	-1	
464	445	a4761de25321b67e	4			yes					-1	465	475	476	
465	464	6f674254c55938e3	6			yes					466	-1	468	470	472	474	
466	465	dcf2274aec5d2b6f	5			yes					-1	-1	-1	-1	467	
467	466	47de2036f1366a93	4			yes					-1	-1	-1	-1	
468	465	5734201b544ee3b1	5			yes					-1	-1	-1	-1	469	
469	468	cc1827674925a24d	4			yes					-1	-1	-1	-1	
470	465	55d44e0b857a95ce	5			yes					-1	-1	-1	-1	471	
471	470	cef849779811d432	4			yes					-1	-1	-1	-1	
472	465	03eda4e42dd2c306	5			yes					-1	-1	-1	-1	473	
473	472	98c1a39830b982fa	4			yes					-1	-1	-1	-1	
474	465	f44b4528d832791f	5			yes					-1	-1	-1	-1	-1	
475	464	eb13a561ef075e77	5			yes					-1	-1	-1	-1	-1	
476	464	5150a6ac2b8bae99	3			yes					-1	-1	-1	
477	445	cf0d51c3277e1767	4			yes					-1	-1	478	479	
478	477	9288b186d2c1b18a	5			yes					-1	-1	-1	-1	-1	
479	477	3a2bea8d5fd40f80	3			yes					-1	-1	-1	
480	445	d88de5ceaaedc799	4			yes					-1	-1	-1	-1	
481	445	f42ef6b2d26200ef	4			yes					-1	-1	-1	-1	
482	0	92e5c7c837765e1b	5			yes					-1	-1	-1	-1	483	
483	482	f5189b5b101d6b83	6			yes					484	503	515	523	526	528	
484	483	b3c889fab60515e4	5			yes					485	492	498	500	502	
485	484	16b6d9e44fecbb92	4			yes					486	488	-1	490	
486	485	25fe362c2890e816	6			yes					-1	-1	-1	-1	-1	487	
487	486	bed2315035fba9ea	5			yes					-1	-1	-1	-1	-1	
488	485	28fdefa36dec8d44	6			yes					-1	-1	-1	-1	-1	489	
489	488	b3d1e8df7087ccb8	5			yes					-1	-1	-1	-1	-1	
490	485	fb22a4b41a8f37a5	6			yes					-1	-1	-1	-1	-1	491	
491	490	75fdea954684b386	5			yes					-1	-1	-1	-1	-1	
492	484	7dcd95c53bb31a8b	4			yes					-1	493	-1	495	
493	492	0d065630e67d927d	5			yes					-1	-1	-1	-1	494	
494	493	2a742b2391eef712	4			yes					-1	-1	-1	-1	
495	492	20c4e223e60859af	6			yes					-1	-1	496	-1	-1	497	
496	495	b14c0e8ef60cf060	5			yes					-1	-1	-1	-1	-1	
497	495	ae1bac02ba03dd8c	5			yes					-1	-1	-1	-1	-1	
498	484	b778f490e3cf0ebb	4			yes					-1	-1	-1	499	
499	498	51ba41c7de3c6865	5			yes					-1	-1	-1	-1	-1	
500	484	6b9d395a8c35606b	4			yes					-1	-1	-1	501	
501	500	6fcb314b2195ba46	3			yes					-1	-1	-1	
502	484	b79e81eb1ba5cfc9	4			yes					-1	-1	-1	-1	
503	483	5066cb45e9f4c5f5	5			yes					-1	504	510	512	514	
504	503	9e63d77a6442ca9a	4			yes					-1	505	-1	508	
505	504	7377cb4cc353b87d	6			yes					-1	-1	-1	-1	-1	507	
506	505	e1294dfda09ccba9	5			no					-1	-1	-1	-1	-2	
507	505	e85bcc30de38f981	5			yes					-1	-1	-1	-1	-1	
508	504	a0a8805bb430029c	6			yes					-1	-1	-1	-1	-1	509	
509	508	2e77ce7ae83b86bf	5			yes					-1	-1	-1	-1	-1	
510	503	54d6b62fbc3edeaa	4			yes					-1	-1	-1	511	
511	510	ef41dc6769e304dc	5			yes					-1	-1	-1	-1	-1	
512	503	88337be5d3c4b07a	4			yes					-1	-1	-1	513	
513	512	8c6573f47e646a57	3			yes					-1	-1	-1	
514	503	5430c35444541fd8	4			yes					-1	-1	-1	-1	
515	483	3b1d87649dab64ec	5			yes					-1	-1	516	520	522	
516	515	3fadfa0ec8617fb3	4			yes					-1	-1	-1	517	
517	516	ed19ed8251186f43	6			yes					-1	-1	-1	-1	-1	519	
518	517	099e381019f4325f	5			no					-1	-1	-1	-1	-2	
519	517	63c6a3a30d13eb60	5			yes					-1	-1	-1	-1	-1	
520	515	e34837c4a79b1163	4			yes					-1	-1	-1	521	
521	520	e71e3fd50a3bcb4e	3			yes					-1	-1	-1	
522	515	3f4b8f75300bbec1	4			yes					-1	-1	-1	-1	
523	483	f1a8e63145d770dc	5			yes					-1	-1	-1	524	525	
524	523	29fd56917fe70553	4			yes					-1	-1	-1	-1	
525	523	f5feee20e877aaf1	4			yes					-1	-1	-1	-1	
526	483	2d4d2bfb2a2d1e0c	5			yes					-1	-1	-1	-1	527	
527	526	291b23ea878dc421	4			yes					-1	-1	-1	-1	
528	483	f14e934abdbdb1ae	5			yes					-1	-1	-1	-1	-1	
529	0	ca129a3baec0c15e	5			yes					-1	-1	-1	-1	-1	
