Number of nodes
459
ID	PID	Hash_Value			File_Number	Fully_Enumerated	Children
0	-1	76bc2b76dc7765eb	6			yes					1	151	261	346	416	458	
1	0	a33610083766fe67	5			yes					2	53	78	96	112	
2	1	dfc9a98245ac50ee	5			yes					3	12	31	41	52	
3	2	64b1c98f8c03e3a1	4			yes					4	5	7	9	
4	3	787efb6ae6433c3e	4			yes					-1	-1	-1	-1	
5	3	3253cc2969f1bd11	4			yes					-1	6	-1	-1	
6	5	0de382d344ce4778	3			yes					-1	-1	-1	
7	3	840a0170f45645cc	5			yes					-1	8	-1	-1	-1	
8	7	bbba4f8ad969bfa5	4			yes					-1	-1	-1	-1	
9	3	0584e84b3cc6ae97	3			yes					10	11	-1	
10	9	be759dc14d10eecd	4			yes					-1	-1	-1	-1	
11	9	30e6576db7b9d78e	4			yes					-1	-1	-1	-1	
12	2	76b5f1be8625add6	4			yes					-1	13	21	26	
13	12	ce2e09c96820798e	5			yes					14	17	-1	19	20	
14	13	4ed32679e068afb8	4			yes					15	-1	16	-1	
15	14	bab3e1a1fa74a9e3	3			yes					-1	-1	-1	
16	14	ab584edd3e6175c8	3			yes					-1	-1	-1	
17	13	3a4ece11723c7fd5	4			yes					-1	-1	18	-1	
18	17	dfc5a6b5ac35a5a5	3			yes					-1	-1	-1	
19	13	2ba5616db629a3fe	4			yes					-1	-1	-1	-1	
20	13	04c79e1baf633d60	4			yes					-1	-1	-1	-1	
21	12	41a9ea30ebfa8455	5			yes					22	23	-1	-1	25	
22	21	c154c58063b25263	4			yes					-1	-1	-1	-1	
23	21	b5c92de8f1e6820e	4			yes					-1	-1	-1	24	
24	23	2e14a23524270bd4	3			yes					-1	-1	-1	
25	21	da7465ed3e3b0d8f	4			yes					-1	-1	-1	-1	
26	12	2029fb93d0f8d7b9	5			yes					27	28	-1	30	-1	
27	26	a0d4d42358b0018f	4			yes					-1	-1	-1	-1	
28	26	d4493c4bcae4d1e2	4			yes					-1	-1	-1	-1	
29	26	33e28b6baea4bd44	4			no					-1	-2	-1	-1	
30	26	f1e374181d922b94	4			yes					-1	-1	-1	-1	
31	2	292853f1fff2bc7a	4			yes					-1	-1	32	37	
32	31	d02e67d84ff75bb7	5			yes					33	34	35	-1	36	
33	32	50d34868c7bf8d81	4			yes					-1	-1	-1	-1	
34	32	244ea00055eb5dec	4			yes					-1	-1	-1	-1	
35	32	7a789eb6ddb453ff	4			yes					-1	-1	-1	-1	
36	32	423fdfed1904f1cc	4			yes					-1	-1	-1	-1	
37	31	9f242ae0df4ed752	5			yes					38	39	40	-1	-1	
38	37	1fd9055057060164	4			yes					-1	-1	-1	-1	
39	37	6b44ed38c552d109	4			yes					-1	-1	-1	-1	
40	37	3572d38e4d0ddf1a	4			yes					-1	-1	-1	-1	
41	2	85d0e38600bdefd5	4			yes					-1	-1	-1	42	
42	41	6fb7d7fdc513dc47	6			yes					43	45	47	49	-1	51	
43	42	ef4af84d4d5b0a71	5			yes					-1	-1	-1	-1	44	
44	43	ef778c414a890472	4			yes					-1	-1	-1	-1	
45	42	9bd71025df0fda1c	5			yes					-1	-1	-1	-1	46	
46	45	9bea6429d8ddd41f	4			yes					-1	-1	-1	-1	
47	42	c5e12e935750d40f	5			yes					-1	-1	-1	-1	48	
48	47	c5dc5a9f5082da0c	4			yes					-1	-1	-1	-1	
49	42	1f3b1522d0e93a07	5			yes					-1	-1	-1	-1	50	
50	49	1f06612ed73b3404	4			yes					-1	-1	-1	-1	
51	42	6f8aa3f1c2c1d244	5			yes					-1	-1	-1	-1	-1	
52	2	befc8846f5691dd8	4			yes					-1	-1	-1	-1	
53	1	9e8532599ee51448	4			yes					54	59	66	77	
54	53	c2b5546a5b63d313	3			yes					55	56	58	
55	54	c96bd56a6ce6e320	4			yes					-1	-1	-1	-1	
56	54	98110c7d062cd1dd	4			yes					-1	-1	-1	57	
57	56	323a2ac60c3beb0c	3			yes					-1	-1	-1	
58	54	a9b33909a0ec44d0	4			yes					-1	-1	-1	-1	
59	53	671c0df330523556	3			yes					-1	60	62	
60	59	4353814fb14a3eeb	5			yes					-1	-1	-1	-1	61	
61	60	8e0ab98838eccfce	4			yes					-1	-1	-1	-1	
62	59	710a126d54b4d81a	5			yes					63	64	-1	65	-1	
63	62	f1f73ddddcfc0e2c	4			yes					-1	-1	-1	-1	
64	62	fc45a8bad96fad26	4			yes					-1	-1	-1	-1	
65	62	94817ac98abd026a	4			yes					-1	-1	-1	-1	
66	53	c49c785ddbf4ab73	3			yes					-1	-1	67	
67	66	08ef6b04b9437b87	6			yes					68	70	72	74	-1	76	
68	67	881244b4310badb1	5			yes					-1	-1	-1	-1	69	
69	68	882f30b836d9a3b2	4			yes					-1	-1	-1	-1	
70	67	85a0d1d334980ebb	5			yes					-1	-1	-1	-1	71	
71	70	859da5df334a00b8	4			yes					-1	-1	-1	-1	
72	67	bcce539cc097a768	5			yes					-1	-1	-1	-1	73	
73	72	bcf32790c745a96b	4			yes					-1	-1	-1	-1	
74	67	7863a9dbacb99dc7	5			yes					-1	-1	-1	-1	75	
75	74	785eddd7ab6b93c4	4			yes					-1	-1	-1	-1	
76	67	08d21f08be917584	5			yes					-1	-1	-1	-1	-1	
77	53	ffb0139d2e20597e	3			yes					-1	-1	-1	
78	1	f2d9780ea8371b9a	4			yes					79	85	93	95	
79	78	aee91e3d6db1dcc1	3			yes					80	82	83	
80	79	c492d9074ba64c71	4			yes					-1	-1	-1	81	
81	80	0e7b4ed58ce5089f	3			yes					-1	-1	-1	
82	79	4db687425e1647b3	4			yes					-1	-1	-1	-1	
83	79	5f13ba958329a818	5			yes					-1	84	-1	-1	-1	
84	83	60a3f46fae165271	4			yes					-1	-1	-1	-1	
85	78	5ba520326bbee6a2	3			yes					-1	86	88	
86	85	4444fb1c61c21066	5			yes					-1	-1	-1	-1	87	
87	86	83ec343427f550d8	4			yes					-1	-1	-1	-1	
88	85	3112e0e5d5cd7817	5			yes					89	90	91	92	-1	
89	88	b1efcf555d85ae21	4			yes					-1	-1	-1	-1	
90	88	bc5d5a3258160d2b	4			yes					-1	-1	-1	-1	
91	88	2a594487b56c2a27	4			yes					-1	-1	-1	-1	
92	88	e59259e2905a388f	4			yes					-1	-1	-1	-1	
93	78	94791fcbb6ca7755	3			yes					-1	-1	94	
94	93	ab2cc1f39b736c70	5			yes					-1	-1	-1	-1	-1	
95	78	93ec59ca18f256ac	3			yes					-1	-1	-1	
96	1	0ebc16d385b971d4	4			yes					97	102	109	111	
97	96	528c70e0403fb68f	3			yes					98	99	-1	
98	97	b22c948301019d8a	4			yes					-1	-1	-1	-1	
99	97	e584d71656f33a30	5			yes					-1	100	-1	-1	-1	
100	99	da3499ec7bccc059	4			yes					-1	-1	-1	-1	
101	99	3ca214c2a33b2513	4			no					-1	-2	-2	-2	
102	96	a7c04eef46308cec	3			yes					-1	103	108	
103	102	713c13c9040f0b84	5			yes					104	105	-1	106	107	
104	103	f1c13c798c47ddb2	4			yes					-1	-1	-1	-1	
105	103	fc73a91e89d47eb8	4			yes					-1	-1	-1	-1	
106	103	a81ad01df1c714a7	4			yes					-1	-1	-1	-1	
107	103	bbd5841bc34c4f6a	4			yes					-1	-1	-1	-1	
108	102	d857cdf4ad7e8f1a	5			yes					-1	-1	-1	-1	-1	
109	96	f85deca03fe79d40	3			yes					-1	-1	110	
110	109	cbbbc85023abac55	5			yes					-1	-1	-1	-1	-1	
111	96	03adc47cbc51d6f7	3			yes					-1	-1	-1	
112	1	d91a6e512b103dae	5			yes					113	120	137	149	150	
113	112	852a0862ee96faf5	4			yes					114	116	119	-1	
114	113	527e5642e984d186	5			yes					-1	-1	-1	-1	115	
115	114	5936848d5988e1fa	4			yes					-1	-1	-1	-1	
116	113	f60dd8873985ec38	5			yes					-1	117	-1	-1	118	
117	116	c9bd967d14ba1651	4			yes					-1	-1	-1	-1	
118	116	14109c5845af3639	4			yes					-1	-1	-1	-1	
119	113	95a22895451233d3	5			yes					-1	-1	-1	-1	-1	
120	112	7066366de899c096	4			yes					-1	121	131	135	
121	120	9d01d9eef020e751	6			yes					122	124	-1	126	128	130	
122	121	1dfcf65e78683167	5			yes					-1	-1	-1	-1	123	
123	122	16b42491c864011b	4			yes					-1	-1	-1	-1	
124	121	104e63397dfb926d	5			yes					-1	-1	-1	-1	125	
125	124	1b06b1f6cdf7a211	4			yes					-1	-1	-1	-1	
126	121	788ab14a2e293d21	5			yes					-1	-1	-1	-1	127	
127	126	73c263859e250d5d	4			yes					-1	-1	-1	-1	
128	121	76a031db88a87e7b	5			yes					-1	-1	-1	-1	129	
129	128	7de8e31438a44e07	4			yes					-1	-1	-1	-1	
130	121	96490b21402cd72d	5			yes					-1	-1	-1	-1	-1	
131	120	e318d14786f53cce	5			yes					132	133	-1	-1	134	
132	131	63e5fef70ebdeaf8	4			yes					-1	-1	-1	-1	
133	131	6e576b900b2e49f2	4			yes					-1	-1	-1	-1	
134	131	01059598fadfe6cf	4			yes					-1	-1	-1	-1	
135	120	f0c8d6443ac994f4	3			yes					-1	-1	136	
136	135	3af8e9be0650220a	5			yes					-1	-1	-1	-1	-1	
137	112	2ffb9422914ed13a	4			yes					-1	-1	138	148	
138	137	7eed60d72f68e117	6			yes					139	141	143	-1	145	147	
139	138	fe104f67a7203721	5			yes					-1	-1	-1	-1	140	
140	139	f5589da8172c075d	4			yes					-1	-1	-1	-1	
141	138	f3a2da00a2b3942b	5			yes					-1	-1	-1	-1	142	
142	141	f8ea08cf12bfa457	4			yes					-1	-1	-1	-1	
143	138	d4bb99b9bd2be95f	5			yes					-1	-1	-1	-1	144	
144	143	dff34b760d27d923	4			yes					-1	-1	-1	-1	
145	138	3058702d3ecfb2d7	5			yes					-1	-1	-1	-1	-1	
146	145	3b10a2e28ec382ab	4			no					-1	-2	-2	-1	
147	138	75a5b2189f64d16b	5			yes					-1	-1	-1	-1	-1	
148	137	af55740b431e8558	3			yes					-1	-1	-1	
149	112	830324556e018295	4			yes					-1	-1	-1	-1	
150	112	59b48e78f94069cc	4			yes					-1	-1	-1	-1	
151	0	617d16f611d26480	5			yes					-1	152	199	216	230	
152	151	e88cf827db16aefa	5			yes					153	171	177	187	198	
153	152	91b811b4cfaf1ac4	4			yes					154	155	161	166	
154	153	5e18ebdc11ad881c	4			yes					-1	-1	-1	-1	
155	153	446eb5841481d17b	5			yes					156	157	158	159	160	
156	155	a328aa828bb25a83	4			yes					-1	-1	-1	-1	
157	155	8845fa27f9ebf930	4			yes					-1	-1	-1	-1	
158	155	4d28e867c9388a54	4			yes					-1	-1	-1	-1	
159	155	e8c29a9468a3bc72	4			yes					-1	-1	-1	-1	
160	155	8e872256d3c29595	4			yes					-1	-1	-1	-1	
161	153	673c99ed6fdbefd7	5			yes					162	163	164	-1	165	
162	161	807a86ebf0e8642f	4			yes					-1	-1	-1	-1	
163	161	ab17d64e82b1c79c	4			yes					-1	-1	-1	-1	
164	161	966e5c6fb02a1f65	4			yes					-1	-1	-1	-1	
165	161	cd17bf5665ccd506	4			yes					-1	-1	-1	-1	
166	153	569eac99c91b7ada	5			yes					167	168	169	170	-1	
167	166	b1d8b39f5628f122	4			yes					-1	-1	-1	-1	
168	166	9ab5e33a24715291	4			yes					-1	-1	-1	-1	
169	166	a7cc691b16ea8a68	4			yes					-1	-1	-1	-1	
170	166	0f4702a2113c98e7	4			yes					-1	-1	-1	-1	
171	152	b4f978205b33aaa7	4			yes					-1	172	173	174	
172	171	75d9cea0b485f8d6	4			yes					-1	-1	-1	-1	
173	171	bbbe73405eed4b09	5			yes					-1	-1	-1	-1	-1	
174	171	d5cc59e4ebf6e791	3			yes					175	176	-1	
175	174	98138d77bafe5aef	4			yes					-1	-1	-1	-1	
176	174	645ed67e9c705734	4			yes					-1	-1	-1	-1	
177	152	1e6d02546148426e	4			yes					-1	-1	178	183	
178	177	1d7165c9cd46a749	5			yes					179	180	181	-1	182	
179	178	4ea4899e2c285926	4			yes					-1	-1	-1	-1	
180	178	e911a211d75aa112	4			yes					-1	-1	-1	-1	
181	178	a9505d51b4927ba6	4			yes					-1	-1	-1	-1	
182	178	8f60ddfc9bb50d32	4			yes					-1	-1	-1	-1	
183	177	527b28f15dff2bac	5			yes					184	185	186	-1	-1	
184	183	01aec4a6bc91d5c3	4			yes					-1	-1	-1	-1	
185	183	a61bef2947e32df7	4			yes					-1	-1	-1	-1	
186	183	e65a1069242bf743	4			yes					-1	-1	-1	-1	
187	152	b295b2239e0711c1	4			yes					-1	-1	-1	188	
188	187	a2e8d5ec47a220b9	6			yes					189	191	193	195	-1	197	
189	188	f13d39bba6ccded6	5			yes					-1	-1	-1	-1	190	
190	189	f1004db7a11ed0d5	4			yes					-1	-1	-1	-1	
191	188	568812345dbe26e2	5			yes					-1	-1	-1	-1	192	
192	191	56b566385a6c28e1	4			yes					-1	-1	-1	-1	
193	188	16c9ed743e76fc56	5			yes					-1	-1	-1	-1	194	
194	193	16f4997839a4f255	4			yes					-1	-1	-1	-1	
195	188	d26417335258c6f9	5			yes					-1	-1	-1	-1	196	
196	195	d259633f558ac8fa	4			yes					-1	-1	-1	-1	
197	188	a2d5a1e040702eba	5			yes					-1	-1	-1	-1	-1	
198	152	89b9d9e36bd3e3cc	4			yes					-1	-1	-1	-1	
199	151	7e88628301bb00a2	4			yes					200	209	213	215	
200	199	07bc8b101502b49c	3			yes					201	203	204	
201	200	627fe506272e36f9	4			yes					-1	-1	-1	202	
202	201	a89672d4e06d7217	3			yes					-1	-1	-1	
203	200	eabb48f2064b2f6f	4			yes					-1	-1	-1	-1	
204	200	5744f69f9cc600b6	5			yes					205	206	207	208	-1	
205	204	b002e99903f58b4e	4			yes					-1	-1	-1	-1	
206	204	751faec4d5b462c7	4			yes					-1	-1	-1	-1	
207	204	e2f696bd66be60a4	4			yes					-1	-1	-1	-1	
208	204	83c44f98d951402e	4			yes					-1	-1	-1	-1	
209	199	7ea1af92ba8195c7	3			yes					-1	210	211	
210	209	8ecbdd44abe1f1cc	4			yes					-1	-1	-1	-1	
211	209	0e8ae0abcd562eba	4			yes					212	-1	-1	-1	
212	211	5d5f0cfc2c38d0d5	3			yes					-1	-1	-1	
213	199	182805461f466c6d	3			yes					-1	-1	214	
214	213	012b7f1b6592374e	5			yes					-1	-1	-1	-1	-1	
215	199	1fbd4347b17e4d94	3			yes					-1	-1	-1	
216	151	82ed0c5e2c356aec	4			yes					217	225	227	229	
217	216	fbd9e5cd388cded2	3			yes					218	219	224	
218	217	d4c946da90c307d4	4			yes					-1	-1	-1	-1	
219	217	f631d9db31060c27	5			yes					220	221	-1	222	223	
220	219	1177c6ddae3587df	4			yes					-1	-1	-1	-1	
221	219	d46a818078746e56	4			yes					-1	-1	-1	-1	
222	219	2f171a0fc4ce1304	4			yes					-1	-1	-1	-1	
223	219	3cd84e09f64548c9	4			yes					-1	-1	-1	-1	
224	217	3aac03d4ef8250dd	5			yes					-1	-1	-1	-1	-1	
225	216	82c4c14f970fff89	3			yes					-1	226	-1	
226	225	8e458118869f9772	4			yes					-1	-1	-1	-1	
227	216	740cf62d966b8678	3			yes					-1	-1	228	
228	227	61bc76b8dd4af76b	5			yes					-1	-1	-1	-1	-1	
229	216	8ffcdef115ddcdcf	3			yes					-1	-1	-1	
230	151	554b74dc829c2696	5			yes					231	244	248	259	260	
231	230	2c7f9d4f962592a8	4			yes					232	234	239	241	
232	231	741846f41e6a65a4	5			yes					-1	-1	-1	-1	233	
233	232	7f50943bae6655d8	4			yes					-1	-1	-1	-1	
234	231	a22c5ec6cb60ba79	5			yes					235	236	-1	237	238	
235	234	456a41c054533181	4			yes					-1	-1	-1	-1	
236	234	8077069d8212d808	4			yes					-1	-1	-1	-1	
237	234	33381a70787ce4f4	4			yes					-1	-1	-1	-1	
238	234	40311a19b74a6078	4			yes					-1	-1	-1	-1	
239	231	ac486d9f372f7070	5			yes					-1	-1	-1	-1	240	
240	239	4e5529404b05aa71	4			yes					-1	-1	-1	-1	
241	231	acd17d664475c6ca	3			yes					-1	242	243	
242	241	b686a29ba6526bc2	5			yes					-1	-1	-1	-1	-1	
243	241	a591db1d7c60d101	5			yes					-1	-1	-1	-1	-1	
244	230	5562b9cd39a6b3f3	4			yes					-1	245	247	-1	
245	244	d9ff34c89ed05537	5			yes					-1	-1	-1	-1	246	
246	245	d2b7e6072edc654b	4			yes					-1	-1	-1	-1	
247	244	aa165aa5efa93d16	5			yes					-1	-1	-1	-1	-1	
248	230	a3aa8eaf38c2ca02	4			yes					-1	-1	249	258	
249	248	d4eade3fd189ba29	6			yes					250	252	254	-1	256	257	
250	249	873f326830e74446	5			yes					-1	-1	-1	-1	251	
251	250	8c77e0a780eb743a	4			yes					-1	-1	-1	-1	
252	249	208a19e7cb95bc72	5			yes					-1	-1	-1	-1	253	
253	252	2bc2cb287b998c0e	4			yes					-1	-1	-1	-1	
254	249	7ebc275143cab261	5			yes					-1	-1	-1	-1	255	
255	254	75f4f59ef3c6821d	4			yes					-1	-1	-1	-1	
256	249	9a5fcec5c02ee9e9	5			yes					-1	-1	-1	-1	-1	
257	249	dfa20cf061858a55	5			yes					-1	-1	-1	-1	-1	
258	248	23046e86ea929e60	3			yes					-1	-1	-1	
259	230	0f523ed8c78d99ad	4			yes					-1	-1	-1	-1	
260	230	d5e594f550cc72f4	4			yes					-1	-1	-1	-1	
261	0	d665e65e235eab16	5			yes					-1	-1	262	307	321	
262	261	af351e9f51d17d3c	5			yes					263	277	290	295	306	
263	262	d601f70c4568c902	4			yes					264	268	269	273	
264	263	a0503b48aa49a325	4			yes					-1	265	266	267	
265	264	1156b36268a239ee	3			yes					-1	-1	-1	
266	264	74d0824fefdee3bd	3			yes					-1	-1	-1	
267	264	b1c6f4189cd247ea	3			yes					-1	-1	-1	
268	263	1cfe14d890991836	4			yes					-1	-1	-1	-1	
269	263	15b89508357e4bbd	5			yes					-1	270	271	272	-1	
270	269	147baeec029ec397	4			yes					-1	-1	-1	-1	
271	269	a4be1d22f795d176	4			yes					-1	-1	-1	-1	
272	269	a8188312286fdba0	4			yes					-1	-1	-1	-1	
273	263	a6eefb3b2416a614	5			yes					-1	274	275	276	-1	
274	273	a72dc0df13f62e3e	4			yes					-1	-1	-1	-1	
275	273	17e87311e6fd3cdf	4			yes					-1	-1	-1	-1	
276	273	726e423c6181e68c	4			yes					-1	-1	-1	-1	
277	262	0112497c5b77cd16	4			yes					-1	278	279	285	
278	277	009b6daa3cf71af8	4			yes					-1	-1	-1	-1	
279	277	9d66494dbcaa60a0	5			yes					280	281	282	283	-1	
280	279	ceb3a51a5dc49ecf	4			yes					-1	-1	-1	-1	
281	279	766edbae82120020	4			yes					-1	-1	-1	-1	
282	279	2c60c1677e41fa6b	4			yes					-1	-1	-1	-1	
283	279	20c65f57a1bbf0bd	4			yes					-1	-1	-1	-1	
284	279	b47be084002c9439	4			no					-1	-1	-2	-1	
285	277	2e30277eadc28d09	5			yes					286	287	288	289	-1	
286	285	7de5cb294cac7366	4			yes					-1	-1	-1	-1	
287	285	c538b59d937aed89	4			yes					-1	-1	-1	-1	
288	285	9f36af546f2917c2	4			yes					-1	-1	-1	-1	
289	285	fab09e79e855cd91	4			yes					-1	-1	-1	-1	
290	262	ec3fd5b0ebcbf619	4			yes					-1	-1	291	292	
291	290	907b42a8d86c16b2	5			yes					-1	-1	-1	-1	-1	
292	290	8d0af4745b0ebb2f	3			yes					293	294	-1	
293	292	daf572733bcacac5	4			yes					-1	-1	-1	-1	
294	292	f7169b8cd8c245e0	4			yes					-1	-1	-1	-1	
295	262	f52c549b14c0c207	4			yes					-1	-1	-1	296	
296	295	05f584423ea9a054	6			yes					297	299	301	303	-1	305	
297	296	56206815dfc75e3b	5			yes					-1	-1	-1	-1	298	
298	297	561d1c19d8155038	4			yes					-1	-1	-1	-1	
299	296	88ba3e95b372d568	5			yes					-1	-1	-1	-1	300	
300	299	88874a99b4a0db6b	4			yes					-1	-1	-1	-1	
301	296	b1d4bcda477d7cbb	5			yes					-1	-1	-1	-1	302	
302	301	b1e9c8d640af72b8	4			yes					-1	-1	-1	-1	
303	296	ab4b6a3cc59fb59e	5			yes					-1	-1	-1	-1	304	
304	303	ab761e30c24dbb9d	4			yes					-1	-1	-1	-1	
305	296	05c8f04e397bae57	5			yes					-1	-1	-1	-1	-1	
306	262	ce003f5be114300a	4			yes					-1	-1	-1	-1	
307	261	239b537589408229	4			yes					308	316	319	320	
308	307	5aafbae69df93617	3			yes					309	314	315	
309	308	311ff92451e9d35f	5			yes					-1	310	311	312	313	
310	309	c04d3ca68e1823ed	4			yes					-1	-1	-1	-1	
311	309	36dd54b1f6d436c6	4			yes					-1	-1	-1	-1	
312	309	e8393af0a421cc7c	4			yes					-1	-1	-1	-1	
313	309	fbf66ef696aa97b1	4			yes					-1	-1	-1	-1	
314	308	366aa54bb243d0ec	4			yes					-1	-1	-1	-1	
315	308	e54573531f4a138d	5			yes					-1	-1	-1	-1	-1	
316	307	8dbc049683e63203	3			yes					-1	317	318	
317	316	0e00d0fb3d8293fb	4			yes					-1	-1	-1	-1	
318	316	6d9baf16969e3890	5			yes					-1	-1	-1	-1	-1	
319	307	da026cdf27f7a337	3			yes					-1	-1	-1	
320	307	2e8a81dab0a8250a	3			yes					-1	-1	-1	
321	261	f43d2bf727e9ce53	5			yes					322	334	342	344	345	
322	321	8d09c26433507a6d	4			yes					323	327	329	332	
323	322	813a338a8f53ff3d	5			yes					-1	324	-1	-1	326	
324	323	7068f60850a20f8f	4			yes					-1	-1	-1	325	
325	324	7b2024c7e0ae3ff3	3			yes					-1	-1	-1	
326	323	8a72e1453f5fcf41	4			yes					-1	-1	-1	-1	
327	322	36feb9f09f5ef58e	5			yes					-1	-1	-1	-1	328	
328	327	3db66b3f2f52c5f2	4			yes					-1	-1	-1	-1	
329	322	18d2eced59bbe49e	5			yes					-1	330	-1	-1	331	
330	329	1911d7096e5b6cb4	4			yes					-1	-1	-1	-1	
331	329	facfa83225913e9f	4			yes					-1	-1	-1	-1	
332	322	0da7224de1002e0f	3			yes					-1	-1	333	
333	332	48bc3523d076f7b4	5			yes					-1	-1	-1	-1	-1	
334	321	5a1a7c142d4f7e79	4			yes					-1	335	337	340	
335	334	7b5c556fd87e80e9	5			yes					-1	-1	-1	-1	336	
336	335	701487a06872b095	4			yes					-1	-1	-1	-1	
337	334	900c30a8d06fcf83	5			yes					338	-1	-1	-1	339	
338	337	c3d9dcff310131ec	4			yes					-1	-1	-1	-1	
339	337	72117477ac451582	4			yes					-1	-1	-1	-1	
340	334	dab49c3dff1f2a1b	3			yes					-1	-1	341	
341	340	c062e96659a2dca9	5			yes					-1	-1	-1	-1	-1	
342	321	0da4145d895eef4d	4			yes					-1	-1	343	-1	
343	342	c4ebb7f745e8f29d	5			yes					-1	-1	-1	-1	-1	
344	321	ae2461f362f87168	4			yes					-1	-1	-1	-1	
345	321	7493cbdef5b99a31	4			yes					-1	-1	-1	-1	
346	0	36ab28c8fa01d520	5			yes					-1	-1	-1	347	382	
347	346	5f45fc2d7cd89909	5			yes					348	361	372	379	381	
348	347	267115be68612d37	4			yes					349	355	359	360	
349	348	a657145a564b602a	5			yes					-1	350	352	353	354	
350	349	99e75aa07b749a43	4			yes					-1	351	-1	-1	
351	350	3759b4de80428f89	3			yes					-1	-1	-1	
352	349	08e9fa24ad7d75e0	4			yes					-1	-1	-1	-1	
353	349	a263627b00cd6fb2	4			yes					-1	-1	-1	-1	
354	349	db83f4d4c550c2ab	4			yes					-1	-1	-1	-1	
355	348	36bf5f22d968dc56	5			yes					-1	-1	356	357	358	
356	355	ed96fd546848fc3e	4			yes					-1	-1	-1	-1	
357	355	ef999cf62ca0c375	4			yes					-1	-1	-1	-1	
358	355	fc56c8f01e2b98b8	4			yes					-1	-1	-1	-1	
359	348	daf9c32656b4e95d	3			yes					-1	-1	-1	
360	348	66ddb0a25dfac17c	5			yes					-1	-1	-1	-1	-1	
361	347	f162abce767e2923	4			yes					-1	362	367	368	
362	361	e187c73bfe02dc32	5			yes					363	-1	364	365	366	
363	362	b2522b6c1f6c225d	4			yes					-1	-1	-1	-1	
364	362	3aae654d4f22fc5a	4			yes					-1	-1	-1	-1	
365	362	38a104ef0bcac311	4			yes					-1	-1	-1	-1	
366	362	2b6e50e9394198dc	4			yes					-1	-1	-1	-1	
367	361	0dea7d5648abed49	3			yes					-1	-1	-1	
368	361	48fea971ce0641fb	6			yes					-1	-1	370	-1	371	-1	
369	368	1b2b45262f68bf94	5			no					-1	-2	-2	-2	-2	
370	368	5ac16cb30985c4b6	5			yes					-1	-1	-1	-1	-1	
371	368	71ff1847c1e1cbdf	5			yes					-1	-1	-1	-1	-1	
372	347	f639a411bf516431	4			yes					-1	-1	373	374	
373	372	0ab172898184a05b	3			yes					-1	-1	-1	
374	372	a8983dbf13bd27f6	6			yes					375	376	-1	377	378	-1	
375	374	fb4dd1e8f2d3d999	5			yes					-1	-1	-1	-1	-1	
376	374	25d787689e6652ca	5			yes					-1	-1	-1	-1	-1	
377	374	73b19fc9a29d079e	5			yes					-1	-1	-1	-1	-1	
378	374	91998c891c5aadd2	5			yes					-1	-1	-1	-1	-1	
379	347	a3cd2ab5420d5d63	4			yes					-1	-1	-1	380	
380	379	7e6fe64cdd96f92c	3			yes					-1	-1	-1	
381	347	82e730d4e3433d46	4			yes					-1	-1	-1	-1	
382	346	986161a0113bc181	5			yes					383	403	411	414	415	
383	382	e1558833058275bf	4			yes					384	396	399	401	
384	383	b318711627bd9753	6			yes					-1	385	389	391	393	395	
385	384	8ca83fec0a826d3a	5			yes					-1	386	-1	387	388	
386	385	2216d192f1b478f0	4			yes					-1	-1	-1	-1	
387	385	6709d7d9720af410	4			yes					-1	-1	-1	-1	
388	385	87e0ed23ba8e5d46	4			yes					-1	-1	-1	-1	
389	384	1da69f68dc8b8299	5			yes					-1	-1	-1	-1	390	
390	389	16ee4da76c87b2e5	4			yes					-1	-1	-1	-1	
391	384	3f5eb80f5b526465	5			yes					-1	-1	-1	-1	392	
392	391	34166ac0eb5e5419	4			yes					-1	-1	-1	-1	
393	384	58b999235f350e79	5			yes					-1	-1	-1	-1	394	
394	393	53f14becef393e05	4			yes					-1	-1	-1	-1	
395	384	b850a3d997b1a72f	5			yes					-1	-1	-1	-1	-1	
396	383	d1877458b87c036d	5			yes					-1	-1	-1	397	398	
397	396	c8c4548a637e3d6a	4			yes					-1	-1	-1	-1	
398	396	339a3087c456d96c	4			yes					-1	-1	-1	-1	
399	383	38388606961936fe	5			yes					-1	-1	-1	-1	400	
400	399	337054c926150682	4			yes					-1	-1	-1	-1	
401	383	61fb681ad7d221dd	3			yes					-1	402	-1	
402	401	d9b278b2ea3c2ede	4			yes					-1	-1	-1	-1	
403	382	364636431b9d71ab	4			yes					-1	404	409	410	
404	403	06bfec419f160309	5			yes					405	-1	-1	406	407	
405	404	556a00167e78fd66	4			yes					-1	-1	-1	-1	
406	404	1ffccc9344143d0e	4			yes					-1	-1	-1	-1	
407	404	e4a2a89ee33cd908	4			yes					408	-1	-1	-1	
408	407	b77744c902522767	3			yes					-1	-1	-1	
409	403	594e53c2f976989d	5			yes					-1	-1	-1	-1	-1	
410	403	b6e8d66ac9cd25c9	3			yes					-1	-1	-1	
411	382	311d399cd2b23cb9	4			yes					-1	-1	412	413	
412	411	2e5d4713456e1cdb	5			yes					-1	-1	-1	-1	-1	
413	411	b1b3d9b500e268db	3			yes					-1	-1	-1	
414	382	fec106650fc6ad4e	4			yes					-1	-1	-1	-1	
415	382	18cf8189c36b95e3	4			yes					-1	-1	-1	-1	
416	0	5ae67841022e35e2	5			yes					-1	-1	-1	-1	417	
417	416	5a3c25c1ad8538d2	6			yes					418	436	446	452	455	457	
418	417	2308cc52b93c8cec	5			yes					419	427	431	433	435	
419	418	8d2f9bb1b39a3cc6	4			yes					420	422	-1	425	
420	419	3b9489eb414ae641	5			yes					-1	-1	-1	-1	-1	
421	420	d989cd343d603c40	4			no					-1	-2	-2	-2	
422	419	cf847a3e5934d788	6			yes					-1	423	-1	-1	-1	424	
423	422	f03434c4740b2de1	5			yes					-1	-1	-1	-1	-1	
424	422	c4cca8f1e938e7f4	5			yes					-1	-1	-1	-1	-1	
425	419	63a00fcdba8329ec	6			yes					-1	-1	-1	-1	-1	-1	
426	425	5c10413797bcd385	5			no					-1	-2	-2	-2	-2	
427	418	8a74946e7ab571d4	4			yes					-1	428	-1	430	
428	427	46acbba75f6313a1	5			yes					-1	-1	-1	-1	-1	
429	428	a4b1ff782349c9a0	4			no					-1	-1	-1	-2	
430	427	f6fd19c42816f12d	5			yes					-1	-1	-1	-1	-1	
431	418	d5e9362103626078	4			yes					-1	-1	-1	432	
432	431	952c079f8c6ed67e	5			yes					-1	-1	-1	-1	-1	
433	418	5e98e9920529622e	4			yes					-1	-1	-1	434	
434	433	f1baf5ac7371a186	3			yes					-1	-1	-1	
435	418	8c2ad06ccf644f44	4			yes					-1	-1	-1	-1	
436	417	f41b7222a72388f8	5			yes					-1	437	441	443	445	
437	436	5d672a1e64aa75c0	4			yes					-1	438	-1	440	
438	437	07fd9c70c6d4ecb9	5			yes					-1	-1	-1	-1	-1	
439	438	e5e0d8afbafe36b8	4			no					-1	-1	-1	-2	
440	437	5c147dfd10382729	6			yes					-1	-1	-1	-1	-1	-1	
441	436	02fa88511d7d646c	4			yes					-1	-1	-1	442	
442	441	a45413e8991a8272	5			yes					-1	-1	-1	-1	-1	
443	436	898b57e21b36663a	4			yes					-1	-1	-1	444	
444	443	26a94bdc6d6ea592	3			yes					-1	-1	-1	
445	436	5b396e1cd17b4b50	4			yes					-1	-1	-1	-1	
446	417	f3407dfd6e0cc5ea	5			yes					-1	-1	447	449	451	
447	446	05a1878ed452297e	4			yes					-1	-1	-1	448	
448	447	47652b98a6a9ff4b	5			yes					-1	-1	-1	-1	-1	
449	446	8ed0583dd2192b28	4			yes					-1	-1	-1	450	
450	449	21f24403a441e880	3			yes					-1	-1	-1	
451	446	5c6261c318540642	4			yes					-1	-1	-1	-1	
452	417	acdddfb217dbd446	5			yes					-1	-1	-1	453	454	
453	452	d14dfa72abce3a84	4			yes					-1	-1	-1	-1	
454	452	03ffc38c618317ee	4			yes					-1	-1	-1	-1	
455	417	27ac00011190d610	5			yes					-1	-1	-1	-1	456	
456	455	888e1c3f67c815b8	4			yes					-1	-1	-1	-1	
457	417	f51e39ffdbddfb7a	5			yes					-1	-1	-1	-1	-1	
458	0	0edf9b5f21b2b4d8	5			yes					-1	-1	-1	-1	-1	
