Number of nodes
443
ID	PID	Hash_Value			File_Number	Fully_Enumerated	Children
0	-1	ff6746a6ba271361	6			yes					1	135	240	334	402	442	
1	0	35fa5fd0e582004d	5			yes					2	53	74	94	108	
2	1	553e9bcc3a0e83ed	5			yes					3	14	30	45	52	
3	2	bffc881f17241761	4			yes					4	5	7	9	
4	3	bb5401b851417da4	4			yes					-1	-1	-1	-1	
5	3	a710a61fcd0d7601	4			yes					-1	6	-1	-1	
6	5	5d01460703b556e7	3			yes					-1	-1	-1	
7	3	7cfd174d605f60c5	5			yes					-1	-1	-1	-1	8	
8	7	6c4c0b3200624c92	4			yes					-1	-1	-1	-1	
9	3	834fe8e1a65659a1	3			yes					10	11	13	
10	9	e002c3405fd70ca9	4			yes					-1	-1	-1	-1	
11	9	f9de05f0106c0e66	5			yes					-1	-1	-1	-1	12	
12	11	0ed46dcfaefd1b20	4			yes					-1	-1	-1	-1	
13	9	601bdbb90eb0ed90	5			yes					-1	-1	-1	-1	-1	
14	2	2ad5fdf85362fcb2	4			yes					-1	15	22	26	
15	14	43fedc3d6987e8c2	5			yes					16	18	19	20	21	
16	15	46aaf504aab9b694	4			yes					17	-1	-1	-1	
17	16	472128471f79f73e	3			yes					-1	-1	-1	
18	15	4275017edc47a968	4			yes					-1	-1	-1	-1	
19	15	6f7bbfd2a2cb5c9a	4			yes					-1	-1	-1	-1	
20	15	3fa94046a52e6c60	4			yes					-1	-1	-1	-1	
21	15	540d0bee711b2f06	4			yes					-1	-1	-1	-1	
22	14	fde22d5302f656c2	5			yes					23	24	-1	-1	25	
23	22	f8b6046ac1c80894	4			yes					-1	-1	-1	-1	
24	22	fc69f010b7361768	4			yes					-1	-1	-1	-1	
25	22	a23ffcd7472e1e7f	4			yes					-1	-1	-1	-1	
26	14	c335f433c652a457	5			yes					27	28	-1	29	-1	
27	26	c661dd0a056cfa01	4			yes					-1	-1	-1	-1	
28	26	c2be29707392e5fd	4			yes					-1	-1	-1	-1	
29	26	09ccb17eb323eb9e	4			yes					-1	-1	-1	-1	
30	2	16321c4f0c27f282	4			yes					-1	-1	31	36	
31	30	50142032e08c323f	5			yes					32	33	34	-1	35	
32	31	5540090b23b26c69	4			yes					-1	-1	-1	-1	
33	31	519ffd71554c7395	4			yes					-1	-1	-1	-1	
34	31	28a53f07fb3e1b7a	4			yes					-1	-1	-1	-1	
35	31	20f891290764dd52	4			yes					-1	-1	-1	-1	
36	30	4f795e1e7480c647	6			yes					37	39	41	-1	-1	44	
37	36	4a2d7727b7be9811	5			yes					-1	-1	-1	-1	38	
38	37	bd271f18092f8d57	4			yes					-1	-1	-1	-1	
39	36	4ef2835dc14087ed	5			yes					-1	-1	-1	-1	40	
40	39	b9f8eb627fd192ab	4			yes					-1	-1	-1	-1	
41	36	37c8412b6f32ef02	5			yes					-1	-1	-1	-1	42	
42	41	c0c22914d1a3fa44	4			yes					-1	-1	-1	-1	
43	36	959f631c3992ab7f	5			no					-1	-1	-2	-1	-2	
44	36	b8733621ca11d301	5			yes					-1	-1	-1	-1	-1	
45	2	ea96929ac31dd47c	4			yes					-1	-1	-1	46	
46	45	d6bc80576a5c25b1	6			yes					47	48	49	50	-1	51	
47	46	d3e8a96ea9627be7	5			yes					-1	-1	-1	-1	-1	
48	46	d7375d14df9c641b	5			yes					-1	-1	-1	-1	-1	
49	46	ae0d9f6271ee0cf4	5			yes					-1	-1	-1	-1	-1	
50	46	301192cd9aa5edf9	5			yes					-1	-1	-1	-1	-1	
51	46	d8887e38e35e7572	5			yes					-1	-1	-1	-1	-1	
52	2	698dfb328b7ccd2d	4			yes					-1	-1	-1	-1	
53	1	97575daa455e4963	4			yes					54	61	66	73	
54	53	94eeddb31fdcdcbf	3			yes					55	56	58	
55	54	6881420a9a76a874	4			yes					-1	-1	-1	-1	
56	54	9146a14873250f78	5			yes					-1	-1	-1	-1	57	
57	56	81f7bd371318232f	4			yes					-1	-1	-1	-1	
58	54	795f3e27b6c8f682	5			yes					-1	-1	-1	-1	-1	
59	58	9ff22cbd46313eca	4			no					-1	-2	-2	-2	
60	58	4dfed46ed43aa488	4			no					-1	-2	-2	-2	
61	53	80a2e9b112e38c8d	3			yes					-1	62	64	
62	61	83e2a4e7dd643745	5			yes					-1	-1	-1	-1	63	
63	62	278c494659e214c6	4			yes					-1	-1	-1	-1	
64	61	9d5bfade7540f27c	5			yes					-1	65	-1	-1	-1	
65	64	3510c9ac66f1232e	4			yes					-1	-1	-1	-1	
66	53	28ff54fcbc4d1ef2	3			yes					-1	-1	67	
67	66	80c146f1e52de6fd	6			yes					68	69	70	71	-1	72	
68	67	85956fc82613b8ab	5			yes					-1	-1	-1	-1	-1	
69	67	288a7583f69c37af	5			yes					-1	-1	-1	-1	-1	
70	67	07cd7153d79f9c0c	5			yes					-1	-1	-1	-1	-1	
71	67	666c546b15d42eb5	5			yes					-1	-1	-1	-1	-1	
72	67	8ef5b89e6c2fb63e	5			yes					-1	-1	-1	-1	-1	
73	53	abe43d54f42c07a3	3			yes					-1	-1	-1	
74	1	dd1200a8e963f205	4			yes					75	78	91	93	
75	74	deab80b1b3e167d9	3			yes					76	-1	77	
76	75	78f72d6d96b4ff09	4			yes					-1	-1	-1	-1	
77	75	f9bf63e87c928a34	5			yes					-1	-1	-1	-1	-1	
78	74	a2f9669c800f8d5a	3			yes					-1	79	81	
79	78	8ca202a9d170e322	5			yes					-1	-1	-1	-1	80	
80	79	a7fa45f2eb0d8991	4			yes					-1	-1	-1	-1	
81	78	9f3b61a03542d3db	6			yes					82	84	86	88	-1	90	
82	81	9a6f4899f67c8d8d	5			yes					-1	-1	-1	-1	83	
83	82	6d6520a648ed98cb	4			yes					-1	-1	-1	-1	
84	81	377052d226f30289	5			yes					-1	-1	-1	-1	85	
85	84	c07a3aed986217cf	4			yes					-1	-1	-1	-1	
86	81	39709ce5cb182785	5			yes					-1	-1	-1	-1	87	
87	86	ce7af4da758932c3	4			yes					-1	-1	-1	-1	
88	81	1e2e13e4405e1419	5			yes					-1	-1	-1	-1	-1	
89	81	7d4bfd75e558a9de	5			no					-1	-1	-1	-1	-2	
90	81	6831099f8bd3c69d	5			yes					-1	-1	-1	-1	-1	
91	74	40e186d3829ca443	3			yes					-1	-1	92	
92	91	4b310c27aed42434	5			yes					-1	-1	-1	-1	-1	
93	74	e1a160565811bcc5	3			yes					-1	-1	-1	
94	1	917a2ca96cd3cd26	4			yes					95	98	105	107	
95	94	92c3acb0365158fa	3			yes					96	97	-1	
96	95	02fe93bb489fea50	5			yes					-1	-1	-1	-1	-1	
97	95	ed4a6cb44073cefe	5			yes					-1	-1	-1	-1	-1	
98	94	ee914a9d05bfb279	3			yes					-1	99	104	
99	98	2822ed9d9ccdcd68	5			yes					100	101	-1	102	103	
100	99	2d76c4a45ff3933e	4			yes					-1	-1	-1	-1	
101	99	8069deef8f7c1c3a	4			yes					-1	-1	-1	-1	
102	99	aabe3ca91fb13d13	4			yes					-1	-1	-1	-1	
103	99	0306a89098bfcb27	4			yes					-1	-1	-1	-1	
104	98	b4348658947ef5c8	5			yes					-1	-1	-1	-1	-1	
105	94	d276ab2a5afabc49	3			yes					-1	-1	106	
106	105	d6f056c16c237304	5			yes					-1	-1	-1	-1	-1	
107	94	3f5e61ae05c79bec	3			yes					-1	-1	-1	
108	1	99c75e004c55d317	5			yes					109	115	127	133	134	
109	108	9a7ede1916d746cb	4			yes					110	112	114	-1	
110	109	785191b85f6acd58	5			yes					-1	-1	-1	-1	111	
111	110	3d693521b01d9854	4			yes					-1	-1	-1	-1	
112	109	3648c0886bb4fd0b	5			yes					-1	-1	-1	-1	113	
113	112	7370641184c3a807	4			yes					-1	-1	-1	-1	
114	109	8b9b7eba22b8b8d3	5			yes					-1	-1	-1	-1	-1	
115	108	e62c38342539ac48	4			yes					-1	116	121	125	
116	115	1726157bae0c122f	5			yes					117	118	-1	119	120	
117	116	12723c426d324c79	4			yes					-1	-1	-1	-1	
118	116	bf6d2609bdbdc37d	4			yes					-1	-1	-1	-1	
119	116	6b71890062a5968d	4			yes					-1	-1	-1	-1	
120	116	fdcde5dfd76abffe	4			yes					-1	-1	-1	-1	
121	115	b4e1c5b365702719	5			yes					122	123	-1	-1	124	
122	121	b1b5ec8aa64e794f	4			yes					-1	-1	-1	-1	
123	121	1caaf6c176c1f64b	4			yes					-1	-1	-1	-1	
124	121	0bff12e6e15f8e87	4			yes					-1	-1	-1	-1	
125	115	ff1d0ecc95b8b322	3			yes					-1	126	-1	
126	125	c96c0f96b598edf4	5			yes					-1	-1	-1	-1	-1	
127	108	dacbd9837a7ca278	4			yes					-1	-1	128	132	
128	127	a21e0d607a32e740	5			yes					129	130	131	-1	-1	
129	128	a74a2459b90cb916	4			yes					-1	-1	-1	-1	
130	128	0a553e1269833612	4			yes					-1	-1	-1	-1	
131	128	daaf12556180ce05	4			yes					-1	-1	-1	-1	
132	127	c3faef7bcafdbd12	3			yes					-1	-1	-1	
133	108	266f5756b5468486	4			yes					-1	-1	-1	-1	
134	108	80f668f8fcd4cc7d	4			yes					-1	-1	-1	-1	
135	0	8f53ec1161b4154c	5			yes					-1	136	183	201	214	
136	135	fa3ab201e77b3144	5			yes					137	155	161	175	182	
137	136	60c1b3c306f80516	4			yes					138	139	145	150	
138	137	37e9f51976dbdb95	4			yes					-1	-1	-1	-1	
139	137	73060ffa8b64b351	5			yes					140	141	142	143	144	
140	139	240320a6af6bce3e	4			yes					-1	-1	-1	-1	
141	139	6c59e8ba485f3fa0	4			yes					-1	-1	-1	-1	
142	139	23fe83b43301b2f8	4			yes					-1	-1	-1	-1	
143	139	0f51938147cd37f3	4			yes					-1	-1	-1	-1	
144	139	64f5d82993f87495	4			yes					-1	-1	-1	-1	
145	137	50254d0d8a1f0a8d	5			yes					146	147	148	-1	149	
146	145	07206251ae1077e2	4			yes					-1	-1	-1	-1	
147	145	4f7aaa4d4924867c	4			yes					-1	-1	-1	-1	
148	145	c6f1271dc3b0edc4	4			yes					-1	-1	-1	-1	
149	145	0ff89c89cfc74230	4			yes					-1	-1	-1	-1	
150	137	655b9e7cacd1565d	5			yes					151	152	153	-1	-1	
151	150	325eb12088de2b32	4			yes					-1	-1	-1	-1	
152	150	7a04793c6feadaac	4			yes					-1	-1	-1	-1	
153	150	f38ff46ce57eb114	4			yes					-1	-1	-1	-1	
154	150	e1baed97a85a4785	4			no					-1	-2	-2	-2	
155	136	5aecefe99fcb5c6c	4			yes					-1	156	157	158	
156	155	d871e83f54f5ffe5	4			yes					-1	-1	-1	-1	
157	155	f0fda84a89a751ee	5			yes					-1	-1	-1	-1	-1	
158	155	665f8f172eb912ac	3			yes					159	160	-1	
159	158	5f3e0e53f187f184	4			yes					-1	-1	-1	-1	
160	158	27401815d869d262	5			yes					-1	-1	-1	-1	-1	
161	136	b9363582d152402b	4			yes					-1	-1	162	167	
162	161	8ab94717313ff685	5			yes					163	164	165	-1	166	
163	162	aafd219c0ab23fdd	4			yes					-1	-1	-1	-1	
164	162	8b329a5484ffb72f	4			yes					-1	-1	-1	-1	
165	162	0db570b5038d8c74	4			yes					-1	-1	-1	-1	
166	162	fa55f60cd6d719e8	4			yes					-1	-1	-1	-1	
167	161	95d4393ba53302fd	6			yes					168	170	172	-1	-1	174	
168	167	b5905fb09ebecba5	5			yes					-1	-1	-1	-1	169	
169	168	429a378f202fdee3	4			yes					-1	-1	-1	-1	
170	167	945fe47810f34357	5			yes					-1	-1	-1	-1	171	
171	170	63558c47ae625611	4			yes					-1	-1	-1	-1	
172	167	12d80e999781780c	5			yes					-1	-1	-1	-1	173	
173	172	e5d266a629106d4a	4			yes					-1	-1	-1	-1	
174	167	62de51041ba217bb	5			yes					-1	-1	-1	-1	-1	
175	136	4592bb571e6866d5	4			yes					-1	-1	-1	176	
176	175	0c11e772bbefe10b	6			yes					177	178	179	180	-1	181	
177	176	2c5581f980622853	5			yes					-1	-1	-1	-1	-1	
178	176	0d9a3a310e2fa0a1	5			yes					-1	-1	-1	-1	-1	
179	176	8b1dd0d0895d9bfa	5			yes					-1	-1	-1	-1	-1	
180	176	eabcf5e84b162943	5			yes					-1	-1	-1	-1	-1	
181	176	0225191d32edb1c8	5			yes					-1	-1	-1	-1	-1	
182	136	c689d2ff56097f84	4			yes					-1	-1	-1	-1	
183	135	75941281f0e6a1bc	4			yes					184	196	198	200	
184	183	ef6f1343116595ee	3			yes					185	186	187	
185	184	4e15d381f74b3e37	4			yes					-1	-1	-1	-1	
186	184	39c4d4ac6ad75594	4			yes					-1	-1	-1	-1	
187	184	f7d7cc541c6fea2f	6			yes					188	190	192	-1	-1	195	
188	187	a0d2e30838609740	5			yes					-1	-1	-1	-1	189	
189	188	57d88b3786f18206	4			yes					-1	-1	-1	-1	
190	187	0c2250af7647c407	5			yes					-1	-1	-1	-1	191	
191	190	fb283890c8d6d141	4			yes					-1	-1	-1	-1	
192	187	389f350955b0fbc6	5			yes					-1	-1	-1	-1	193	
193	192	cf955d36eb21ee80	4			yes					-1	-1	-1	-1	
194	187	76c2be1069732ded	5			no					-1	-1	-2	-2	-2	
195	187	00dda46ba2feff69	5			yes					-1	-1	-1	-1	-1	
196	183	3bbbe7473b0e2cd4	3			yes					-1	-1	197	
197	196	7ebe155ce477d1d3	5			yes					-1	-1	-1	-1	-1	
198	183	e86794fa9b19f7fa	3			yes					-1	-1	199	
199	198	c7e1ada4f01623c2	5			yes					-1	-1	-1	-1	-1	
200	183	4927727f4194ef7c	3			yes					-1	-1	-1	
201	135	39fc3e8075569e9f	4			yes					202	209	211	213	
202	201	a3073f4294d5aacd	3			yes					203	204	208	
203	202	83c196164b2fd808	5			yes					-1	-1	-1	-1	-1	
204	202	8230cd5b8f0595d5	5			yes					-1	205	-1	206	207	
205	204	79c551a0e52dbbfd	4			yes					-1	-1	-1	-1	
206	204	9e5ed123a9c21a12	4			yes					-1	-1	-1	-1	
207	204	95c31a8897995211	4			yes					-1	-1	-1	-1	
208	202	ea53df87d9d34d4c	5			yes					-1	-1	-1	-1	-1	
209	201	77d3cb46bebe13f7	3			yes					-1	210	-1	
210	209	a648b1e3b6f8abc2	5			yes					-1	-1	-1	-1	-1	
211	201	7af0b903437feff0	3			yes					-1	-1	212	
212	211	5a20f74232e174f2	5			yes					-1	-1	-1	-1	-1	
213	201	97d873871c42c855	3			yes					-1	-1	-1	
214	135	31414c2955d080ae	5			yes					215	228	232	238	239	
215	214	abba4debb453b4fc	4			yes					216	218	223	225	
216	215	accf718a157c52fa	5			yes					-1	-1	-1	-1	217	
217	216	e9f7d513fa0b07f6	4			yes					-1	-1	-1	-1	
218	215	4fb8f506cf84e5ed	5			yes					219	220	-1	221	222	
219	218	18bdda5aeb8b9882	4			yes					-1	-1	-1	-1	
220	218	b44d69fda5accbc5	4			yes					-1	-1	-1	-1	
221	218	438f6417ab13619f	4			yes					-1	-1	-1	-1	
222	218	a55305a2b6e2483c	4			yes					-1	-1	-1	-1	
223	215	441721d307d82913	5			yes					-1	-1	-1	-1	224	
224	223	012f854ae8af7c1f	4			yes					-1	-1	-1	-1	
225	215	b28b7b1304d2ab96	3			yes					-1	226	227	
226	225	91f2efebd4101a36	5			yes					-1	-1	-1	-1	-1	
227	225	02efbe4f4f62288b	5			yes					-1	-1	-1	-1	-1	
228	214	7f6eb9ef9e380dc6	4			yes					-1	229	231	-1	
229	228	e6da1a8d1515e06b	5			yes					-1	-1	-1	-1	230	
230	229	a3e2be14fa62b567	4			yes					-1	-1	-1	-1	
231	228	079bc1bdcb4089f8	5			yes					-1	-1	-1	-1	-1	
232	214	724dcbaa63f9f1c1	4			yes					-1	-1	233	237	
233	232	2eceace324f0e0b6	5			yes					234	235	236	-1	-1	
234	233	0e8aca681f7d29ee	4			yes					-1	-1	-1	-1	
235	233	2f4571a09130a11c	4			yes					-1	-1	-1	-1	
236	233	567fb3d63f42c9f3	4			yes					-1	-1	-1	-1	
237	232	6b7cfd52d378eeab	3			yes					-1	-1	-1	
238	214	8ee9457facc3d73f	4			yes					-1	-1	-1	-1	
239	214	28707ad1e5519fc4	4			yes					-1	-1	-1	-1	
240	0	8f1aae4b299bfd6b	5			yes					-1	-1	241	293	307	
241	240	c8f4740a5ffce8e1	5			yes					242	262	282	287	292	
242	241	520f75c8be7fdcb3	4			yes					243	249	252	256	
243	242	30fc3d2cf2ec618d	5			yes					244	245	246	247	248	
244	243	65b399aaeec583b4	4			yes					-1	-1	-1	-1	
245	243	456b4a551375035b	4			yes					-1	-1	-1	-1	
246	243	bb0ac47cdb35bace	4			yes					-1	-1	-1	-1	
247	243	bcddfd7cccf59c68	4			yes					-1	-1	-1	-1	
248	243	270feaffea70a649	4			yes					-1	-1	-1	-1	
249	242	41402194e1cca80b	5			yes					-1	-1	-1	250	251	
250	249	03b6fe905d76bfa9	4			yes					-1	-1	-1	-1	
251	249	56b3f647f9506fcf	4			yes					-1	-1	-1	-1	
252	242	ddc312c52dc78c8a	5			yes					-1	253	254	-1	255	
253	252	7a939e148e09c854	4			yes					-1	-1	-1	-1	
254	252	9830eb1020d8b781	4			yes					-1	-1	-1	-1	
255	252	ca30c516355b4b4e	4			yes					-1	-1	-1	-1	
256	242	bf26b3f9a2e8e72c	6			yes					-1	257	259	-1	-1	261	
257	256	18763f280126a3f2	5			yes					-1	-1	-1	-1	258	
258	257	ef7c5717bfb7b6b4	4			yes					-1	-1	-1	-1	
259	256	fad54a2caff7dc27	5			yes					-1	-1	-1	-1	260	
260	259	0ddf22131166c961	4			yes					-1	-1	-1	-1	
261	256	482cdbc61c79f26a	5			yes					-1	-1	-1	-1	-1	
262	241	3eb640687c476c5c	4			yes					-1	263	267	271	
263	262	0651924ff03b0d9f	5			yes					264	-1	-1	265	266	
264	263	2615f4c4cbb6c4c7	4			yes					-1	-1	-1	-1	
265	263	44a74d4b4c811a3d	4			yes					-1	-1	-1	-1	
266	263	11a2459ce8a7ca5b	4			yes					-1	-1	-1	-1	
267	262	542d13d4bbbbd07d	5			yes					268	-1	269	-1	270	
268	267	7469755f80361925	4			yes					-1	-1	-1	-1	
269	267	11deea01b6a4eb76	4			yes					-1	-1	-1	-1	
270	267	43dec407a32717b9	4			yes					-1	-1	-1	-1	
271	262	36c8b2e83494bbdb	6			yes					272	274	276	278	279	280	
272	271	168cd4630f197283	5			yes					-1	-1	-1	-1	273	
273	272	e186bc5cb18867c5	4			yes					-1	-1	-1	-1	
274	271	f1d819f02d055ad2	5			yes					-1	-1	-1	-1	275	
275	274	06d271cf93944f94	4			yes					-1	-1	-1	-1	
276	271	733b4b3d398b80d0	5			yes					-1	-1	-1	-1	277	
277	276	84312302871a9596	4			yes					-1	-1	-1	-1	
278	271	b7ddc0ac41887c19	5			yes					-1	-1	-1	-1	-1	
279	271	d4b82e3de48ec1de	5			yes					-1	-1	-1	-1	-1	
280	271	c1c2dad78a05ae9d	5			yes					-1	-1	-1	281	-1	
281	280	40d7a893ff19695f	4			yes					-1	-1	-1	-1	
282	241	ba864b3f482dcdf3	4			yes					-1	-1	283	284	
283	282	1b4d5e5c0dd6b032	5			yes					-1	-1	-1	-1	-1	
284	282	86352bc1f95f8333	3			yes					285	286	-1	
285	284	62121c0e9ba23dc5	5			yes					-1	-1	-1	-1	-1	
286	284	2503afd58a559851	5			yes					-1	-1	-1	-1	-1	
287	241	22786a6b649bdb3d	4			yes					-1	-1	-1	288	
288	287	b1cb1d6b1f865dcd	6			yes					-1	-1	-1	-1	-1	291	
289	288	918f7be0240b9495	5			no					-1	-1	-1	-1	290	
290	289	668513df9a9a81d3	4			yes					-1	-1	-1	-1	
291	288	46c17554a117488b	5			yes					-1	-1	-1	-1	-1	
292	241	f44714f4ee8ea621	4			yes					-1	-1	-1	-1	
293	240	d568ccbcfc9123cb	4			yes					294	302	305	306	
294	293	4f93cd7e1d121799	3			yes					295	300	301	
295	294	6e9519a6d0fd5f4d	5			yes					-1	296	297	298	299	
296	295	1b026edf31643d9b	4			yes					-1	-1	-1	-1	
297	295	88380b3c20049705	4			yes					-1	-1	-1	-1	
298	295	ed518468093b4ee8	4			yes					-1	-1	-1	-1	
299	295	45b15cabd48f5902	4			yes					-1	-1	-1	-1	
300	294	334dbe81e7e4213e	5			yes					-1	-1	-1	-1	-1	
301	294	96d30ca9e9b2bc47	5			yes					-1	-1	-1	-1	-1	
302	293	232af8dedf2aa776	3			yes					-1	303	304	
303	302	745c0d5af61384aa	5			yes					-1	-1	-1	-1	-1	
304	302	1f3d0db87fcee0b0	5			yes					-1	-1	-1	-1	-1	
305	293	c29d78a7ab2ce625	3			yes					-1	-1	-1	
306	293	7b4c81bb95857501	3			yes					-1	-1	-1	
307	240	ddd5be15dc173dfa	5			yes					308	321	329	332	333	
308	307	472ebfd73d9409a8	4			yes					309	314	316	319	
309	308	a0bff1914a361893	5			yes					-1	310	311	312	313	
310	309	d52886e8abaf7a45	4			yes					-1	-1	-1	-1	
311	309	4612e30bbacfd0db	4			yes					-1	-1	-1	-1	
312	309	2c9e31c1742fe576	4			yes					-1	-1	-1	-1	
313	309	4a5401353350b542	4			yes					-1	-1	-1	-1	
314	308	ee2bf950df1dbf42	5			yes					-1	-1	-1	-1	315	
315	314	ab135dc9306aea4e	4			yes					-1	-1	-1	-1	
316	308	96064f4218bc6e96	5			yes					-1	317	-1	-1	318	
317	316	3156c393bb722a48	4			yes					-1	-1	-1	-1	
318	316	291898179c93c708	4			yes					-1	-1	-1	-1	
319	308	5e1f892f8d1516c2	3			yes					320	-1	-1	
320	319	7ef5eb7c51a2e748	5			yes					-1	-1	-1	-1	-1	
321	307	2b978a77ffacb947	4			yes					-1	322	324	327	
322	321	a93a4a8bceea1ad6	5			yes					-1	-1	-1	-1	323	
323	322	ec02ee12219d4fda	4			yes					-1	-1	-1	-1	
324	321	1fe84e538ec03261	5			yes					325	-1	-1	-1	326	
325	324	3fac28d8b54dfb39	4			yes					-1	-1	-1	-1	
326	324	a0f699060aef9bff	4			yes					-1	-1	-1	-1	
327	321	32a6bc8f4f2da62d	3			yes					-1	-1	-1	
328	327	9dacf8bd4567a203	5			no					-1	-1	-1	-1	-2	
329	307	ca200a0e8baaf814	4			yes					-1	-1	330	331	
330	329	3eb0b34c002918e1	5			yes					-1	-1	-1	-1	-1	
331	329	d3113cf63b2be77e	3			yes					-1	-1	-1	
332	307	627db74325046a6b	4			yes					-1	-1	-1	-1	
333	307	c4e488ed6c962290	4			yes					-1	-1	-1	-1	
334	0	ad6c180bb388c533	5			yes					-1	-1	-1	335	372	
335	334	c0be8644543c9773	5			yes					336	350	362	369	371	
336	335	5a458786b5bfa321	4			yes					337	342	347	348	
337	336	0b3634d2cc52fc61	5			yes					-1	338	339	340	341	
338	337	76598515e8442e90	4			yes					-1	-1	-1	-1	
339	337	80c0cd82e58b2722	4			yes					-1	-1	-1	-1	
340	337	88f2a91c1594edc4	4			yes					-1	-1	-1	-1	
341	337	201271dfc820fa2e	4			yes					-1	-1	-1	-1	
342	336	ee9fe1596b10d596	5			yes					-1	-1	344	345	346	
343	342	fb23258b1120425f	4			no					-1	-2	-2	-2	
344	342	74b65c42b02ab05b	4			yes					-1	-1	-1	-1	
345	342	6d5b7c97b2d6c433	4			yes					-1	-1	-1	-1	
346	342	c5bba4546f62d3d9	4			yes					-1	-1	-1	-1	
347	336	a104877ce244d3c5	4			yes					-1	-1	-1	-1	
348	336	54e540835f25dd13	5			yes					-1	-1	-1	-1	-1	
349	348	d721dd4d86e3ccb6	4			no					-1	-1	-2	-2	
350	335	36fcb226778713ce	4			yes					-1	351	356	357	
351	350	a98e52827ae77002	5			yes					352	-1	353	354	355	
352	351	89ca3409416ab95a	4			yes					-1	-1	-1	-1	
353	351	33a7ef99a1dd15cf	4			yes					-1	-1	-1	-1	
354	351	2a4acf4ca32161a7	4			yes					-1	-1	-1	-1	
355	351	82aa178f7e95764d	4			yes					-1	-1	-1	-1	
356	350	98b1236bd45fcc68	5			yes					-1	-1	-1	-1	-1	
357	350	c1a1132c00d601f7	6			yes					358	-1	359	-1	360	361	
358	357	e1e575a73b5bc8af	5			yes					-1	-1	-1	-1	-1	
359	357	5cd039aab64a1a0d	5			yes					-1	-1	-1	-1	-1	
360	357	46a642eb84f60c35	5			yes					-1	-1	-1	-1	-1	
361	357	4629ac25d88d4111	5			yes					-1	-1	-1	-1	-1	
362	335	bf55e0703d50e82c	4			yes					-1	-1	363	364	
363	362	58fef78bb78c9bf4	5			yes					-1	-1	-1	-1	-1	
364	362	9cc0d8b42bf3e9bb	6			yes					365	-1	-1	-1	367	368	
365	364	bc84be3f107e20e3	5			yes					-1	-1	-1	-1	-1	
366	364	348bebc6384238e9	5			no					-1	-1	-1	-1	-2	
367	364	1bc78973afd3e479	5			yes					-1	-1	-1	-1	-1	
368	364	1b4867bdf3a8a95d	5			yes					-1	-1	-1	-1	-1	
369	335	26e92c90ef3071a4	4			yes					-1	-1	-1	370	
370	369	13525394ab54cfb0	3			yes					-1	-1	-1	
371	335	f505f94010582967	4			yes					-1	-1	-1	-1	
372	334	9790e317702a869c	5			yes					373	388	397	400	401	
373	372	0d6be2d591a9b2ce	4			yes					374	379	384	385	
374	373	c51cdce55699bbbf	5			yes					-1	375	376	377	378	
375	374	b8736d22728f694e	4			yes					-1	-1	-1	-1	
376	374	4eea25b57f4060fc	4			yes					-1	-1	-1	-1	
377	374	493d1cb56880465a	4			yes					-1	-1	-1	-1	
378	374	2ff72c412fff166e	4			yes					-1	-1	-1	-1	
379	373	20b5096ef1db9248	5			yes					-1	380	381	382	383	
380	379	3509cdbc8beb0581	4			yes					-1	-1	-1	-1	
381	379	ba9cb4752ae1f785	4			yes					-1	-1	-1	-1	
382	379	ac94c93ecfc26fad	4			yes					-1	-1	-1	-1	
383	379	ca5ef9ca88bd3f99	4			yes					-1	-1	-1	-1	
384	373	06f236e14facbebd	5			yes					-1	-1	-1	-1	-1	
385	373	145ad42d2128ada4	3			yes					386	387	-1	
386	385	1b56c6084d0d4464	5			yes					-1	-1	-1	-1	-1	
387	385	feff1383ea4f6d93	5			yes					-1	-1	-1	-1	-1	
388	372	61d2d77553910221	4			yes					-1	389	394	395	
389	388	67a4bab5e02c37dc	5			yes					390	-1	391	392	393	
390	389	47e0dc3edba1fe84	4			yes					-1	-1	-1	-1	
391	389	fd8d07ae3b165211	4			yes					-1	-1	-1	-1	
392	389	eb857ae5de35ca39	4			yes					-1	-1	-1	-1	
393	389	8d4f4a11994a9a0d	4			yes					-1	-1	-1	-1	
394	388	9c9c0a843ba4cd96	5			yes					-1	-1	-1	-1	-1	
395	388	78e3e18de3101d4b	3			yes					-1	396	-1	
396	395	b9eea058fbb8c807	5			yes					-1	-1	-1	-1	-1	
397	372	e87b85231946f9c3	4			yes					-1	-1	398	399	
398	397	de0e0c61fff5a109	5			yes					-1	-1	-1	-1	-1	
399	397	f14ab3dba9c7e6a9	3			yes					-1	-1	-1	
400	372	0a63656c1bd5d0da	4			yes					-1	-1	-1	-1	
401	372	8ea1d5efc0ab99f6	4			yes					-1	-1	-1	-1	
402	0	ce82fdf514775bb9	5			yes					-1	-1	-1	-1	403	
403	402	314c5d67d6eaf3eb	6			yes					404	419	429	436	439	441	
404	403	abb75ca53769c7b9	5			yes					405	410	414	416	418	
405	404	5df568c714d24304	4			yes					406	407	-1	408	
406	405	7ed9b1612ad5b21d	5			yes					-1	-1	-1	-1	-1	
407	405	f2bbee2310166abb	5			yes					-1	-1	-1	-1	-1	
408	405	e90e81b602e705f9	6			yes					-1	-1	-1	-1	-1	409	
409	408	c4781651567d01d7	5			yes					-1	-1	-1	-1	-1	
410	404	d45c3a915e05b8e6	4			yes					-1	411	-1	412	
411	410	ce5599f6861e4b2b	5			yes					-1	-1	-1	-1	-1	
412	410	95eb8e2a5a228604	6			yes					-1	-1	-1	-1	-1	413	
413	412	b89d19cd0eb8822a	5			yes					-1	-1	-1	-1	-1	
414	404	e8bbdb260140b6d6	4			yes					-1	-1	-1	415	
415	414	ca84e150f4cf09d9	5			yes					-1	-1	-1	-1	-1	
416	404	0dbf8b6659d14c9e	4			yes					-1	-1	-1	417	
417	416	caa5d5d57cfe8a8d	3			yes					-1	-1	-1	
418	404	6cad0216124601aa	4			yes					-1	-1	-1	-1	
419	403	c70e6905f5517756	5			yes					-1	420	424	426	428	
420	419	b8e50f319c3d0809	4			yes					-1	421	-1	422	
421	420	89442a2d97e9eebf	5			yes					-1	-1	-1	-1	-1	
422	420	d2fa3df14bd52390	6			yes					-1	-1	-1	-1	-1	423	
423	422	ff8caa161f4f27be	5			yes					-1	-1	-1	-1	-1	
424	419	8402ee86c3780639	4			yes					-1	-1	-1	425	
425	424	c6f3b9a2dd5354ca	5			yes					-1	-1	-1	-1	-1	
426	419	6106bec69be9fc71	4			yes					-1	-1	-1	427	
427	426	a61ce075bec63a62	3			yes					-1	-1	-1	
428	419	001437b6d07eb145	4			yes					-1	-1	-1	-1	
429	403	4ea73b53bf868cb4	5			yes					-1	-1	430	433	435	
430	429	0dabbcd089affddb	4			yes					-1	-1	-1	431	
431	430	8251fc8173ebb0f5	6			yes					-1	-1	-1	-1	-1	432	
432	431	af276b662771b4db	5			yes					-1	-1	-1	-1	-1	
433	429	e8afec90d13e0793	4			yes					-1	-1	-1	434	
434	433	2fb5b223f411c180	3			yes					-1	-1	-1	
435	429	89bd65e09aa94aa7	4			yes					-1	-1	-1	-1	
436	403	7240dae4e0c38284	5			yes					-1	-1	-1	437	438	
437	436	d4480d278e7b09a3	4			yes					-1	-1	-1	-1	
438	436	b55a8457c5ec4497	4			yes					-1	-1	-1	-1	
439	403	97448aa4b85278cc	5			yes					-1	-1	-1	-1	440	
440	439	505ed4179d7dbedf	4			yes					-1	-1	-1	-1	
441	403	f65603d4f3c535f8	5			yes					-1	-1	-1	-1	-1	
442	0	a93abed2b0756581	5			yes					-1	-1	-1	-1	-1	
