Number of nodes
429
ID	PID	Hash_Value			File_Number	Fully_Enumerated	Children
0	-1	f2dd888b3002664f	6			yes					1	170	282	326	389	428	
1	0	45941997a37812cb	5			yes					2	67	93	112	135	
2	1	0ad2d6573efe6f8d	5			yes					3	15	40	55	66	
3	2	d8b5cd5404331287	4			yes					4	6	10	12	
4	3	c82c15c2de10a0e9	5			yes					-1	-1	-1	-1	5	
5	4	8ed7106200d0bad9	4			yes					-1	-1	-1	-1	
6	3	52d26a028b500ed8	5			yes					-1	7	-1	-1	9	
7	6	94445b9cd228610e	4			yes					-1	-1	-1	8	
8	7	d2bf5e3c0ce87b3e	3			yes					-1	-1	-1	
9	6	14296fa2559014e8	4			yes					-1	-1	-1	-1	
10	3	c667ff4d6d449836	5			yes					-1	11	-1	-1	-1	
11	10	00f1ced3343cf7e0	4			yes					-1	-1	-1	-1	
12	3	8961d30ae87ca446	3			yes					13	14	-1	
13	12	b56297fd9c48bfeb	4			yes					-1	-1	-1	-1	
14	12	3d12c71f2fa2396c	4			yes					-1	-1	-1	-1	
15	2	e0dadaf7742143bc	4			yes					-1	16	32	36	
16	15	bcd0505a1c6418f6	6			yes					17	23	-1	27	29	31	
17	16	6af0d32e0cd51041	5			yes					18	-1	20	-1	22	
18	17	ad23de2814000fce	4			yes					-1	-1	-1	19	
19	18	ebd8db88cac015fe	3			yes					-1	-1	-1	
20	17	c5ca66133133d623	4			yes					-1	-1	-1	21	
21	20	833163b3eff3cc13	3			yes					-1	-1	-1	
22	17	2c0bd68ed2150a71	4			yes					-1	-1	-1	-1	
23	16	7b035d5c04b10779	5			yes					-1	-1	24	-1	26	
24	23	d439e8613957c11b	4			yes					-1	-1	-1	25	
25	24	92c2edc1e797db2b	3			yes					-1	-1	-1	
26	23	3df858fcda711d49	4			yes					-1	-1	-1	-1	
27	16	13eae5672182de94	5			yes					-1	-1	-1	-1	28	
28	27	5511e0c7ff42c4a4	4			yes					-1	-1	-1	-1	
29	16	1fe223a7c89c7b6e	5			yes					-1	-1	-1	-1	30	
30	29	59192607165c615e	4			yes					-1	-1	-1	-1	
31	16	fa2b55fac2a402c6	5			yes					-1	-1	-1	-1	-1	
32	15	1c5be137cdf632fb	5			yes					33	34	-1	-1	35	
33	32	ca7b6243dd473a4c	4			yes					-1	-1	-1	-1	
34	32	db88ec31d5232d74	4			yes					-1	-1	-1	-1	
35	32	cc5c171255902df5	4			yes					-1	-1	-1	-1	
36	15	e4229384ae4290f7	5			yes					37	38	-1	39	-1	
37	36	320210f0bef39840	4			yes					-1	-1	-1	-1	
38	36	23f19e82b6978f78	4			yes					-1	-1	-1	-1	
39	36	3e5474fcfdb34120	4			yes					-1	-1	-1	-1	
40	2	86b34be9510fa350	4			yes					-1	-1	41	51	
41	40	5340d145d1cc27ab	6			yes					42	44	46	-1	48	50	
42	41	85605231c17d2f1c	5			yes					-1	-1	-1	-1	43	
43	42	c39b57911fbd352c	4			yes					-1	-1	-1	-1	
44	41	9493dc43c9193824	5			yes					-1	-1	-1	-1	45	
45	44	d268d9e317d92214	4			yes					-1	-1	-1	-1	
46	41	2f2b3a2b68b3c785	5			yes					-1	-1	-1	-1	47	
47	46	69d03f8bb673ddb5	4			yes					-1	-1	-1	-1	
48	41	a03755a688a94f0b	5			yes					-1	-1	-1	-1	49	
49	48	e6cc50065669553b	4			yes					-1	-1	-1	-1	
50	41	15bbd4e50f0c3d9b	5			yes					-1	-1	-1	-1	-1	
51	40	d5b5a695001c2cc0	5			yes					52	53	54	-1	-1	
52	51	039525e110ad2477	4			yes					-1	-1	-1	-1	
53	51	1266ab9318c9334f	4			yes					-1	-1	-1	-1	
54	51	a9de4dfbb963ccee	4			yes					-1	-1	-1	-1	
55	2	e5da9443f3ac2b27	4			yes					-1	-1	-1	56	
56	55	a9076df159e3fb85	6			yes					57	59	61	63	-1	65	
57	56	7f27ee854952f332	5			yes					-1	-1	-1	-1	58	
58	57	47181065f8de0d29	4			yes					-1	-1	-1	-1	
59	56	6ed460f74136e40a	5			yes					-1	-1	-1	-1	60	
60	59	56eb9e17f0ba1a11	4			yes					-1	-1	-1	-1	
61	56	d56c869fe09c1bab	5			yes					-1	-1	-1	-1	62	
62	61	ed53787f5110e5b0	4			yes					-1	-1	-1	-1	
63	56	1ee923934c87a969	5			yes					-1	-1	-1	-1	64	
64	63	26d6dd73fd0b5772	4			yes					-1	-1	-1	-1	
65	56	91389311e86f059e	5			yes					-1	-1	-1	-1	-1	
66	2	5b06c809d2b1d94c	4			yes					-1	-1	-1	-1	
67	1	c8eda3972432e599	4			yes					68	74	81	92	
68	67	1fe1fa2b2038e7e5	3			yes					69	71	73	
69	68	6845803d45f5102d	4			yes					-1	-1	-1	-1	
70	69	03618e6b456778f2	3			no					-1	-1	-2	
71	68	62fea059f85a3c1a	4			yes					-1	-1	-1	72	
72	71	b8a316616222339c	3			yes					-1	-1	-1	
73	68	ac01277f32aab5d2	4			yes					-1	-1	-1	-1	
74	67	69d005f62517f017	3			yes					-1	75	78	
75	74	19abe84536908202	5			yes					-1	-1	-1	-1	77	
76	75	cf8b6b3126218ab5	4			no					-1	-1	-1	-2	
77	75	70328f8ecb164a34	4			yes					-1	-1	-1	-1	
78	74	5353ab00aa6c8f6b	5			yes					79	-1	-1	80	-1	
79	78	85732874badd87dc	4			yes					-1	-1	-1	-1	
80	78	fc691e3d978a4909	4			yes					-1	-1	-1	-1	
81	67	27e5e183e960a133	3			yes					-1	-1	82	
82	81	711cda3a6c72e0ea	6			yes					83	85	87	89	-1	91	
83	82	a73c594e7cc3e85d	5			yes					-1	-1	-1	-1	84	
84	83	9f03a7aecd4f1646	4			yes					-1	-1	-1	-1	
85	82	2402ae5980f777fa	5			yes					-1	-1	-1	-1	86	
86	85	1c3d50b9317b89e1	4			yes					-1	-1	-1	-1	
87	82	47a1fffa14cc9334	5			yes					-1	-1	-1	-1	88	
88	87	7f9e011aa5406d2f	4			yes					-1	-1	-1	-1	
89	82	c6f294587916b206	5			yes					-1	-1	-1	-1	-1	
90	89	fecd6ab8c89a4c1d	4			no					-1	-1	-2	-1	
91	82	492324daddfe1ef1	5			yes					-1	-1	-1	-1	-1	
92	67	9939bdc9c87d5358	3			yes					-1	-1	-1	
93	1	c71eb8ac508687cc	4			yes					94	100	108	111	
94	93	1012e110548c85b0	3			yes					95	-1	98	
95	94	5277227411fc573c	5			yes					-1	-1	-1	-1	96	
96	95	148c27d4cf3c4d0c	4			yes					-1	-1	-1	-1	
97	94	94316e8cb286dee5	5			no					-1	-1	-1	-1	109	
98	94	5bfe7988050d7441	5			yes					-1	99	-1	-1	-1	
99	98	9d6848165c751b97	4			yes					-1	-1	-1	-1	
100	93	2d16b40c1a59abfd	3			yes					-1	101	103	
101	100	787d05da9eb5dc54	5			yes					-1	-1	-1	-1	102	
102	101	d20abf42a8d430ee	4			yes					-1	-1	-1	-1	
103	100	24c7c03f87c1ef41	5			yes					104	105	-1	106	107	
104	103	f2e7434b9770e7f6	4			yes					-1	-1	-1	-1	
105	103	71d9b45c6b447851	4			yes					-1	-1	-1	-1	
106	103	389881a7891e9282	4			yes					-1	-1	-1	-1	
107	103	bc40345dcfa189eb	4			yes					-1	-1	-1	-1	
108	93	6cd04b42a29a988c	3			yes					-1	-1	110	
109	97	d2ca6b2c6c46c4d5	4			no					-1	-2	-2	-2	
110	108	9315f45c2b305cd4	5			yes					-1	-1	-1	-1	-1	
111	93	96caa6f2bcc9310d	3			yes					-1	-1	-1	
112	1	88f12bf1b5b3fda6	4			yes					113	120	132	134	
113	112	5ffd724db1b9ffda	3			yes					114	116	-1	
114	113	b98265a25257bf1b	5			yes					-1	-1	-1	-1	115	
115	114	ff7960028c97a52b	4			yes					-1	-1	-1	-1	
116	113	3f34512601336b94	5			yes					-1	117	-1	-1	119	
117	116	f9a260b8584b0442	4			yes					-1	-1	-1	118	
118	117	bf596518868b1e72	3			yes					-1	-1	-1	
119	116	79cf5486dff371a4	4			yes					-1	-1	-1	-1	
120	112	62f92751ff6cd197	3			yes					-1	121	131	
121	120	eb5e8b98dfd46733	6			yes					122	124	-1	126	128	130	
122	121	3d7e08eccf656f84	5			yes					-1	-1	-1	-1	123	
123	122	7b850d4c11a575b4	4			yes					-1	-1	-1	-1	
124	121	be40fffb3351f023	5			yes					-1	-1	-1	-1	125	
125	124	f8bbfa5bed91ea13	4			yes					-1	-1	-1	-1	
126	121	6f5bc78c8c8e01ce	5			yes					-1	-1	-1	-1	127	
127	126	29a0c22c524e1bfe	4			yes					-1	-1	-1	-1	
128	121	486cf8650b2c04ab	5			yes					-1	-1	-1	-1	129	
129	128	0e97fdc5d5ec1e9b	4			yes					-1	-1	-1	-1	
130	121	ada58e3801147d03	5			yes					-1	-1	-1	-1	-1	
131	120	af18a7b89b0f41a2	5			yes					-1	-1	-1	-1	-1	
132	112	0490b64fda42317b	3			yes					-1	-1	133	
133	132	89a828bfe8629d3e	5			yes					-1	-1	-1	-1	-1	
134	112	b165c8a22124e290	3			yes					-1	-1	-1	
135	1	1b7305973dbda339	5			yes					136	143	160	168	169	
136	135	cc7f5c2b39b7a145	4			yes					137	139	142	-1	
137	136	400b954ed40160f1	5			yes					-1	-1	-1	-1	138	
138	137	14ccaa824925e256	4			yes					-1	-1	-1	-1	
139	136	d501ce6539b9a7fa	5			yes					-1	140	-1	-1	141	
140	139	1397fffb60c1c82c	4			yes					-1	-1	-1	-1	
141	139	81c6f1a9a49d255d	4			yes					-1	-1	-1	-1	
142	136	bed5908fa774ee0d	5			yes					-1	-1	-1	-1	-1	
143	135	f17b093777628f08	4			yes					-1	144	154	158	
144	143	a63aa9b3e2255071	6			yes					145	147	-1	149	151	153	
145	144	701a2ac7f29458c6	5			yes					-1	-1	-1	-1	146	
146	145	24dd150b6fb0da61	4			yes					-1	-1	-1	-1	
147	144	f324ddd00ea0c761	5			yes					-1	-1	-1	-1	148	
148	147	a7e3e21c938445c6	4			yes					-1	-1	-1	-1	
149	144	09001c8edfc39613	5			yes					-1	-1	-1	-1	150	
150	149	5dc7234242e714b4	4			yes					-1	-1	-1	-1	
151	144	9f1360ae7f286b66	5			yes					-1	-1	-1	-1	152	
152	151	cbd45f62e20ce9c1	4			yes					-1	-1	-1	-1	
153	144	f2fd967f7f01d2d6	5			yes					-1	-1	-1	-1	-1	
154	143	59c0eb94f0143f55	5			yes					155	156	-1	-1	157	
155	154	8fe068e0e0a537e2	4			yes					-1	-1	-1	-1	
156	154	0cde9ff71c91a845	4			yes					-1	-1	-1	-1	
157	154	d627e9c037de8226	4			yes					-1	-1	-1	-1	
158	143	b4658616a6a98a0b	3			yes					-1	-1	159	
159	158	8bc83e1472dca7df	5			yes					-1	-1	-1	-1	-1	
160	135	97129829524c6fe4	4			yes					-1	-1	161	167	
161	160	c8192f3bc3b1630a	6			yes					162	163	164	-1	165	166	
162	161	1e39ac4fd3006bbd	5			yes					-1	-1	-1	-1	-1	
163	161	9d075b582f34f41a	5			yes					-1	-1	-1	-1	-1	
164	161	b472c4557ace8324	5			yes					-1	-1	-1	-1	-1	
165	161	20c616af3f1d5f03	5			yes					-1	-1	-1	-1	-1	
166	161	9cde10f75e95e1ad	5			yes					-1	-1	-1	-1	-1	
167	160	d20c170883876ae7	3			yes					-1	-1	-1	
168	135	f47b4783f0efe793	4			yes					-1	-1	-1	-1	
169	135	5e6d8ab6ec76a63a	4			yes					-1	-1	-1	-1	
170	0	37d385f3eaf74801	5			yes					-1	171	222	238	253	
171	170	dfd56ec534240bfc	5			yes					172	192	199	214	221	
172	171	76703b13634923a2	4			yes					173	175	183	187	
173	172	8cc28b976cde63e3	5			yes					-1	-1	-1	-1	174	
174	173	ca398e37b21e79d3	4			yes					-1	-1	-1	-1	
175	172	6b0ff55feae69c11	5			yes					176	178	-1	-1	182	
176	175	e1504b546d4b9fbc	4			yes					-1	-1	-1	177	
177	176	a7ab4ef4b38b858c	3			yes					-1	-1	-1	
178	175	5db2d09f9258efcf	4			yes					-1	-1	-1	179	
179	178	1b49d53f4c98f5ff	3			yes					-1	-1	-1	
180	175	0b5a3f3a31944edc	4			no					-1	-1	-1	181	
181	180	4da13a9aef5454ec	3			no					-1	-2	-1	
182	175	2df4f0ff34268621	4			yes					-1	-1	-1	-1	
183	172	ffba60100cf20aff	5			yes					-1	184	185	-1	186	
184	183	c90745d0744c7921	4			yes					-1	-1	-1	-1	
185	183	48542e7219965813	4			yes					-1	-1	-1	-1	
186	183	fbe25849c6206df9	4			yes					-1	-1	-1	-1	
187	172	8fd46053acc839f6	5			yes					-1	188	189	190	191	
188	187	b9694593d4764a28	4			yes					-1	-1	-1	-1	
189	187	383a2e31b9ac6b1a	4			yes					-1	-1	-1	-1	
190	187	938b21cba2174435	4			yes					-1	-1	-1	-1	
191	187	17539431e4a85f5c	4			yes					-1	-1	-1	-1	
192	171	9b189422198116e8	4			yes					-1	193	195	196	
193	192	4f852ffb3781c425	5			yes					-1	-1	-1	-1	194	
194	193	097e2a5be941de15	4			yes					-1	-1	-1	-1	
195	192	ab618af0375cc0c8	5			yes					-1	-1	-1	-1	-1	
196	192	cacc8a7cf5cea029	3			yes					197	198	-1	
197	196	f18c09a82e867ce1	4			yes					-1	-1	-1	-1	
198	196	f16c427dc4edb879	4			yes					-1	-1	-1	-1	
199	171	53b4f37b5bd5c721	4			yes					-1	-1	200	210	
200	199	e9442eeb951d26d1	6			yes					201	203	205	-1	207	209	
201	200	cfb69c9f00bcbcec	5			yes					-1	-1	-1	-1	202	
202	201	894d993fde7ca6dc	4			yes					-1	-1	-1	-1	
203	200	2e9723ed8dc8395e	5			yes					-1	-1	-1	-1	204	
204	203	686c264d5308236e	4			yes					-1	-1	-1	-1	
205	200	dff90b2beda3550f	5			yes					-1	-1	-1	-1	206	
206	205	99020e8b33634f3f	4			yes					-1	-1	-1	-1	
207	200	1a33aa08cc784e71	5			yes					-1	-1	-1	-1	208	
208	207	5cc8afa812b85441	4			yes					-1	-1	-1	-1	
209	200	afbf2b4b4bdd3ce1	5			yes					-1	-1	-1	-1	-1	
210	199	6fb1593b44cd2dba	5			yes					211	212	213	-1	-1	
211	210	4943eb4fd16cb787	4			yes					-1	-1	-1	-1	
212	210	a862543d5c183235	4			yes					-1	-1	-1	-1	
213	210	590c7cfb3c735e64	4			yes					-1	-1	-1	-1	
214	171	30dd2cd1f9764f56	4			yes					-1	-1	-1	215	
215	214	1303925f1d32faff	6			yes					216	217	218	219	-1	220	
216	215	35f1202b889360c2	5			yes					-1	-1	-1	-1	-1	
217	215	d4d09f5905e7e570	5			yes					-1	-1	-1	-1	-1	
218	215	25beb79f658c8921	5			yes					-1	-1	-1	-1	-1	
219	215	a4eddc3d0856a813	5			yes					-1	-1	-1	-1	-1	
220	215	2b3c6cbfacbe04e4	5			yes					-1	-1	-1	-1	-1	
221	171	8e01709bd86bbd3d	4			yes					-1	-1	-1	-1	
222	170	6f9224cbfc5d7c85	4			yes					223	233	235	237	
223	222	c637711dab3054db	3			yes					224	226	228	
224	223	56ba2f4599ddbc71	5			yes					-1	-1	-1	-1	225	
225	224	10412ae5471da641	4			yes					-1	-1	-1	-1	
226	223	e73a3f7f12f1dfdc	5			yes					-1	-1	-1	-1	227	
227	226	a1c13adfcc31c5ec	4			yes					-1	-1	-1	-1	
228	223	28f5287ba57a7578	5			yes					-1	229	230	231	232	
229	228	549ec3151c059556	4			yes					-1	-1	-1	-1	
230	228	72ece09f786df8ea	4			yes					-1	-1	-1	-1	
231	228	34aa69e3aba508bb	4			yes					-1	-1	-1	-1	
232	228	b072dc19ed1a13d2	4			yes					-1	-1	-1	-1	
233	222	53bfb866493e81df	3			yes					-1	-1	234	
234	233	bbd79d1eda5782d9	4			yes					-1	-1	-1	-1	
235	222	c45cd7250e4163c5	3			yes					-1	-1	236	
236	235	f10abc395a7046c1	5			yes					-1	-1	-1	-1	-1	
237	222	3e463a951012ca44	3			yes					-1	-1	-1	
238	170	207db796196806ef	4			yes					239	246	249	251	
239	238	89d8e2404e052eb1	3			yes					240	242	-1	
240	239	0c7ef87997dee993	5			yes					-1	-1	-1	-1	241	
241	240	4a85fdd9491ef3a3	4			yes					-1	-1	-1	-1	
242	239	4c3f00d5a1446aad	5			yes					-1	243	-1	-1	245	
243	242	3054ebbb183b8a83	4			yes					-1	-1	-1	244	
244	243	76afee1bc6fb90b3	3			yes					-1	-1	-1	
245	242	0ac405757f84709d	4			yes					-1	-1	-1	-1	
246	238	1c502b3bac0bfbb5	3			yes					-1	247	-1	
247	246	ac32b218c8876810	5			yes					-1	-1	-1	-1	248	
248	247	eac9b7b816477220	4			yes					-1	-1	-1	-1	
249	238	ac1c2a287699ca32	3			yes					-1	-1	250	
250	249	ebb760da9922872b	5			yes					-1	-1	-1	-1	-1	
251	238	19e954c58dff19d9	3			yes					252	-1	-1	
252	251	62ab1fee6b704933	5			yes					-1	-1	-1	-1	-1	
253	170	b3ff99f091665870	5			yes					254	268	272	280	281	
254	253	1a5acc26c60b702e	4			yes					255	257	261	265	
255	254	04e50b1b66cfa3fb	5			yes					-1	-1	-1	-1	256	
256	255	502234d7fbeb215c	4			yes					-1	-1	-1	-1	
257	254	a60a9f9699cea6c3	5			yes					-1	258	-1	-1	260	
258	257	da6174f820b146ed	4			yes					-1	-1	-1	259	
259	258	8ea64b34bd95c44a	3			yes					-1	-1	-1	
260	257	f2cda05a04ea2464	4			yes					-1	-1	-1	-1	
261	254	cddec17c0703ef34	5			yes					-1	262	263	-1	264	
262	261	b1b52a12be7c0f1a	4			yes					-1	-1	-1	-1	
263	261	7a308f1e1267bdd8	4			yes					-1	-1	-1	-1	
264	261	4239c328c0c95247	4			yes					-1	-1	-1	-1	
265	254	5f44430717c0752d	3			yes					-1	266	267	
266	265	4e1996ec8fd53855	4			yes					-1	-1	-1	-1	
267	265	32ab5d88d62aef10	5			yes					-1	-1	-1	-1	-1	
268	253	8fd2055d2405a52a	4			yes					-1	269	271	-1	
269	268	9af456e545e49f63	5			yes					-1	-1	-1	-1	270	
270	269	ce336929d8c01dc4	4			yes					-1	-1	-1	-1	
271	268	d3d3e532fd6cb6f3	5			yes					-1	-1	-1	-1	-1	
272	253	3f9e044efe9794ad	4			yes					-1	-1	273	279	
273	272	aa06675eb2f1791f	6			yes					274	275	276	-1	277	278	
274	273	8cf4d52a2750e322	5			yes					-1	-1	-1	-1	-1	
275	273	6dd56a58aa246690	5			yes					-1	-1	-1	-1	-1	
276	273	d66d8c300b8e9931	5			yes					-1	-1	-1	-1	-1	
277	273	42d95eca4e5d4516	5			yes					-1	-1	-1	-1	-1	
278	273	fec158922fd5fbb8	5			yes					-1	-1	-1	-1	-1	
279	272	7a808b6f2f5c91ae	3			yes					-1	-1	-1	
280	253	5cf7dbe45c341cda	4			yes					-1	-1	-1	-1	
281	253	f6e116d140ad5d73	4			yes					-1	-1	-1	-1	
282	0	0ffa4520621c4142	5			yes					-1	-1	283	295	306	
283	282	a7832cbc1a050df4	4			yes					284	290	293	294	
284	283	0e26796a4d6825aa	3			yes					285	-1	289	
285	284	0936d679d71b099c	5			yes					-1	286	-1	-1	288	
286	285	ab2849c2ba0adab2	4			yes					-1	-1	-1	287	
287	286	edd34c6264cac082	3			yes					-1	-1	-1	
288	285	4fcdd3d909db13ac	4			yes					-1	-1	-1	-1	
289	284	a73ffb8d3ba55aa1	6			yes					-1	-1	-1	-1	-1	-1	
290	283	f832726cd6d4ea1c	3			yes					-1	-1	291	
291	290	0d7b5590a4fadeed	6			yes					-1	-1	-1	-1	-1	-1	
292	291	682e3590020cbec5	5			no					-1	-1	-1	-2	-1	
293	283	c12e6aeaf8630f64	3			yes					-1	-1	-1	
294	283	90b94d5079dacd26	3			yes					-1	-1	-1	
295	282	6ebd4e340e0ec50e	4			yes					296	301	304	305	
296	295	c7181be25963ed50	3			yes					297	299	-1	
297	296	eefe0e27e194672a	5			yes					-1	-1	-1	-1	298	
298	297	a8050b873f547d1a	4			yes					-1	-1	-1	-1	
299	296	4d4cc3327bd7dcfe	5			yes					-1	-1	-1	-1	300	
300	299	0bb7c692a517c6ce	4			yes					-1	-1	-1	-1	
301	295	310c10e4c2df22e6	3			yes					-1	302	-1	
302	301	79041330a7d1aede	5			yes					-1	-1	-1	-1	303	
303	302	3fff16907911b4ee	4			yes					-1	-1	-1	-1	
304	295	cf80e8550f2bd080	3			yes					-1	-1	-1	
305	295	5729ad679a99da38	3			yes					-1	-1	-1	
306	282	fd3f605286009b91	5			yes					307	315	321	324	325	
307	306	549a3584d16db3cf	4			yes					308	310	312	314	
308	307	22676d4c86d0a5a3	5			yes					-1	-1	-1	-1	309	
309	308	76a052801bf42704	4			yes					-1	-1	-1	-1	
310	307	ce2c8315d821cde6	5			yes					-1	-1	-1	-1	311	
311	310	9aebbcd945054f41	4			yes					-1	-1	-1	-1	
312	307	f2a6b3e4dd1599dd	5			yes					-1	-1	-1	-1	313	
313	312	7d41b1b01adf24ae	4			yes					-1	-1	-1	-1	
314	307	1184baa500a6b6cc	3			yes					-1	-1	-1	
315	306	a28e3e824ad17c79	4			yes					-1	316	318	320	
316	315	56653831e9a606be	5			yes					-1	-1	-1	-1	317	
317	316	02a207fd74828419	4			yes					-1	-1	-1	-1	
318	315	58e21df9424a1d91	5			yes					-1	-1	-1	-1	319	
319	318	d7051fad8580a0e2	4			yes					-1	-1	-1	-1	
320	315	e790b1a39b1a797a	3			yes					-1	-1	-1	
321	306	5c02c63387258e1f	4			yes					-1	-1	322	323	
322	321	8c203e324a31e6e7	5			yes					-1	-1	-1	-1	-1	
323	321	191c491256ee8b1c	3			yes					-1	-1	-1	
324	306	123722464b52df3b	4			yes					-1	-1	-1	-1	
325	306	b821ef7357cb9e92	4			yes					-1	-1	-1	-1	
326	0	e6b495ba566d4e41	5			yes					-1	-1	-1	327	362	
327	326	7b302a314e3ad674	5			yes					328	345	356	359	361	
328	327	d2957fe71957fe2a	4			yes					329	337	343	344	
329	328	644ce3a3788b367c	6			yes					-1	330	332	334	-1	336	
330	329	a2dad23d21f359aa	5			yes					-1	-1	-1	-1	331	
331	330	e421d79dff33439a	4			yes					-1	-1	-1	-1	
332	329	3e552b47a59cbbee	5			yes					-1	-1	-1	-1	333	
333	332	78ae2ee77b5ca1de	4			yes					-1	-1	-1	-1	
334	329	132035f3833bfe4d	5			yes					-1	-1	-1	-1	335	
335	334	55db30535dfbe47d	4			yes					-1	-1	-1	-1	
336	329	22b7e603a64b2c4c	5			yes					-1	-1	-1	-1	-1	
337	328	ec5c14c5caf87640	6			yes					-1	-1	338	340	-1	342	
338	337	0a0406ba7b13003f	5			yes					-1	-1	-1	-1	339	
339	338	4cff031aa5d31a0f	4			yes					-1	-1	-1	-1	
340	337	685958d199a210bd	5			yes					-1	-1	-1	-1	341	
341	340	2ea25d7147620a8d	4			yes					-1	-1	-1	-1	
342	337	aaa7116514386c70	5			yes					-1	-1	-1	-1	-1	
343	328	2f84b8e6978b5b7f	3			yes					-1	-1	-1	
344	328	fad0e8555b22a67d	5			yes					-1	-1	-1	-1	-1	
345	327	248174e182eb319c	4			yes					-1	346	354	355	
346	345	784b2ee8b7305de3	6			yes					347	-1	349	351	-1	353	
347	346	5eb99c9c2291c7de	5			yes					-1	-1	-1	-1	348	
348	347	1842993cfc51ddee	4			yes					-1	-1	-1	-1	
349	346	9e133c9706db2b9c	5			yes					-1	-1	-1	-1	350	
350	349	d8e83937d81b31ac	4			yes					-1	-1	-1	-1	
351	346	fc4e62fce46a3b1e	5			yes					-1	-1	-1	-1	352	
352	351	bab5675c3aaa212e	4			yes					-1	-1	-1	-1	
353	346	3eb02b4869f047d3	5			yes					-1	-1	-1	-1	-1	
354	345	d990b3e00c3794c9	3			yes					-1	-1	-1	
355	345	7644b3740cc00e4e	5			yes					-1	-1	-1	-1	-1	
356	327	9138269104e5fa45	4			yes					-1	-1	357	358	
357	356	6c29e1908a395f10	3			yes					-1	-1	-1	
358	356	41e6b80faa917542	5			yes					-1	-1	-1	-1	-1	
359	327	8621ed30c0e67321	4			yes					-1	-1	-1	360	
360	359	1c1c07a6d163e387	3			yes					-1	-1	-1	
361	327	e10dc0a75fbf46d2	4			yes					-1	-1	-1	-1	
362	326	f2cc7b69f2b4f9c4	5			yes					363	376	382	385	388	
363	362	5b692ebfa5d9d19a	4			yes					364	372	-1	374	
364	363	ae977b3b4d44ab5b	6			yes					-1	365	367	-1	369	371	
365	364	68014aa5143cc48d	5			yes					-1	-1	-1	-1	366	
366	365	3cc675698918462a	4			yes					-1	-1	-1	-1	
367	364	f48eb3df905326c9	5			yes					-1	-1	-1	-1	-1	
368	367	a0498c130d77a46e	4			yes					-1	-1	-1	-1	
369	364	97beb226d049904c	5			yes					-1	-1	-1	-1	-1	
370	369	c3798dea4d6d12eb	4			yes					-1	-1	-1	-1	
371	364	fa5044f7d06029fc	5			yes					-1	-1	-1	-1	-1	
372	363	068b5a931aca954a	5			yes					-1	-1	-1	-1	373	
373	372	524c655f87ee17ed	4			yes					-1	-1	-1	-1	
374	363	1e77a19e7412d499	3			yes					-1	375	-1	
375	374	2fc0a733a79fa97a	4			yes					-1	-1	-1	-1	
376	362	ad7d25b93e651e2c	4			yes					-1	377	-1	381	
377	376	929c60be6702bee9	5			yes					378	-1	-1	-1	380	
378	377	b46ed2caf2a324d4	4			yes					-1	-1	-1	379	
379	378	e0a9ed066f87a673	3			yes					-1	-1	-1	
380	377	c65b5f72fa263c4e	4			yes					-1	-1	-1	-1	
381	376	e863aa98efae1b2f	3			yes					-1	-1	-1	
382	362	18c477c9b86bd5f5	4			yes					-1	-1	383	384	
383	382	fba97671aa1f56d9	5			yes					-1	-1	-1	-1	-1	
384	382	5ddaf8e869a0d0f6	3			yes					-1	-1	-1	
385	362	5902888700a8e684	4			yes					386	387	-1	-1	
386	385	fa146b52cd69bdd1	5			yes					-1	-1	-1	-1	-1	
387	385	02768efcffb00c78	5			yes					-1	-1	-1	-1	-1	
388	362	b7d2f448237ffcc7	4			yes					-1	-1	-1	-1	
389	0	4d9b251a3f8d71d0	5			yes					-1	-1	-1	-1	390	
390	389	2868725fcf8d2e20	6			yes					391	403	413	422	425	427	
391	390	81cd278998e0067e	5			yes					392	394	396	397	399	
392	391	18aa8a2dc01ee95d	6			yes					-1	393	-1	-1	-1	-1	
393	392	de3cbbb39966868b	5			yes					-1	-1	-1	-1	-1	
394	391	3bfbbb317d2f0f0a	6			yes					-1	-1	-1	-1	-1	395	
395	394	6f3c84fde00b8dad	5			yes					-1	-1	-1	-1	-1	
396	391	a53969d824ebc2f2	5			yes					-1	-1	-1	-1	-1	
397	391	c51daf7f156c2779	4			yes					-1	-1	-1	398	
398	397	39d8cfcee9ff0704	3			yes					-1	-1	-1	
399	391	7d08473864732603	4			yes					400	401	402	-1	
400	399	f0706e7f78b5abc0	6			yes					-1	-1	-1	-1	-1	-1	
401	399	d6d0a2fa2040d306	6			yes					-1	-1	-1	-1	-1	-1	
402	399	4de38d8a9c40806f	5			yes					-1	-1	-1	-1	-1	
403	390	77d92c8f035cc9c8	5			yes					-1	404	406	408	410	
404	403	75acff909a06b1a3	6			yes					-1	-1	405	-1	-1	-1	
405	404	eef81c3a7b3d71dd	5			yes					-1	-1	-1	-1	-1	
406	403	9ad33cba4589748e	6			yes					-1	-1	-1	-1	-1	407	
407	406	ce140376d8adf629	5			yes					-1	-1	-1	-1	-1	
408	403	3309a4798ed0e8cf	4			yes					-1	-1	-1	409	
409	408	cfccc4c87243c8b2	3			yes					-1	-1	-1	
410	403	8b1c4c3effcfe9b5	4			yes					-1	411	412	-1	
411	410	9d761bc222adf33e	6			yes					-1	-1	-1	-1	-1	-1	
412	410	77f8257118e6a882	6			yes					-1	-1	-1	-1	-1	-1	
413	390	c2607eff85520211	5			yes					-1	-1	414	419	421	
414	413	4e01e341eaa3cecc	4			yes					415	416	-1	417	
415	414	77d0149d8d875188	5			yes					-1	-1	-1	-1	-1	
416	414	3d235d10b861684f	5			yes					-1	-1	-1	-1	-1	
417	414	7e8023df0dbae9ad	6			yes					-1	-1	-1	-1	-1	418	
418	417	c76c05d8cdf1b706	5			yes					-1	-1	-1	-1	-1	
419	413	86b0f60908de2316	4			yes					-1	-1	-1	420	
420	419	7a7596b8f44d036b	3			yes					-1	-1	-1	
421	413	3ea51e4e79c1226c	4			yes					-1	-1	-1	-1	
422	390	a409efe1a07ce2fd	5			yes					-1	-1	-1	423	424	
423	422	e0d967172df0c3fa	4			yes					-1	-1	-1	-1	
424	422	58cc8f505cefc280	4			yes					-1	-1	-1	-1	
425	390	6cb8faa942010f27	5			yes					-1	-1	-1	-1	426	
426	425	907d9a18be922f5a	4			yes					-1	-1	-1	-1	
427	390	d4ad12ee331e0e5d	5			yes					-1	-1	-1	-1	-1	
428	0	244fe16f72714256	5			yes					-1	-1	-1	-1	-1	
