Number of nodes
135
ID	PID	Hash_Value			File_Number	Fully_Enumerated	Children
0	-1	01bc64fe664b04d9	6			no					1	-2	-2	-2	-2	-2	
1	0	ce11ddf0170f2ace	5			no					2	51	72	94	108	
2	1	e6215273b75fe502	5			yes					3	14	29	43	50	
3	2	c8307d169d27c46a	4			yes					4	5	7	9	
4	3	c6a7a5a0786386e8	4			yes					-1	-1	-1	-1	
5	3	e57bfe3a1080b4a1	4			yes					-1	6	-1	-1	
6	5	a292575edd6e28f6	3			yes					-1	-1	-1	
7	3	df798a4a477d9df6	5			yes					-1	-1	-1	-1	8	
8	7	63d88ae9c96002ec	4			yes					-1	-1	-1	-1	
9	3	b0f9b1b601013d0b	3			yes					10	11	13	
10	9	3d92ee823bc1a896	4			yes					-1	-1	-1	-1	
11	9	45ea4a5347b21b8e	5			yes					-1	-1	-1	-1	12	
12	11	ebbcd0e6d8bc6265	4			yes					-1	-1	-1	-1	
13	9	14e7723d2cba2599	5			yes					-1	-1	-1	-1	-1	
14	2	758372d8fb74abc5	4			yes					-1	15	22	26	
15	14	61df3781d3804899	5			yes					16	18	19	20	21	
16	15	079d4ccb8b249f07	4			yes					17	-1	-1	-1	
17	16	ab53b5ad0ff9be0b	3			yes					-1	-1	-1	
18	15	cd11cee7575d6995	4			yes					-1	-1	-1	-1	
19	15	9a4db1014194034f	4			yes					-1	-1	-1	-1	
20	15	5c3035c47772ea4f	4			yes					-1	-1	-1	-1	
21	15	0cf106e9ea9f1f92	4			yes					-1	-1	-1	-1	
22	14	319a64a2ee21d905	5			yes					23	24	-1	-1	25	
23	22	57d81fe8b6850e9b	4			yes					-1	-1	-1	-1	
24	22	9d549dc46afcf809	4			yes					-1	-1	-1	-1	
25	22	95e7c9218645a416	4			yes					-1	-1	-1	-1	
26	14	253b928e00225d79	5			yes					27	28	-1	-1	-1	
27	26	4379e9c458868ae7	4			yes					-1	-1	-1	-1	
28	26	89f56be884ff7c75	4			yes					-1	-1	-1	-1	
29	2	8ee93c45f41052e9	4			yes					-1	-1	30	35	
30	29	d585569ea057d96c	5			yes					31	32	33	-1	34	
31	30	b3c72dd4f8f30ef2	4			yes					-1	-1	-1	-1	
32	30	794baff8248af860	4			yes					-1	-1	-1	-1	
33	30	926cfffa6db9453b	4			yes					-1	-1	-1	-1	
34	30	f8faf338227b4efe	4			yes					-1	-1	-1	-1	
35	29	5d43365f7c51ee61	6			yes					36	38	40	-1	-1	42	
36	35	3b014d1524f539ff	5			yes					-1	-1	-1	-1	37	
37	36	9557d7a0bbfb4014	4			yes					-1	-1	-1	-1	
38	35	f18dcf39f88ccf6d	5			yes					-1	-1	-1	-1	39	
39	38	5fdb558c6782b686	4			yes					-1	-1	-1	-1	
40	35	1aaa9f3bb1bf7236	5			yes					-1	-1	-1	-1	41	
41	40	b4fc058e2eb10bdd	4			yes					-1	-1	-1	-1	
42	35	f315aceae35f978a	5			yes					-1	-1	-1	-1	-1	
43	2	adb2ad58b93a2125	4			yes					-1	-1	-1	44	
44	43	0c4e0e311759d076	6			yes					45	46	47	48	-1	49	
45	44	6a0c757b4ffd07e8	5			yes					-1	-1	-1	-1	-1	
46	44	a080f7579384f17a	5			yes					-1	-1	-1	-1	-1	
47	44	4ba7a755dab74c21	5			yes					-1	-1	-1	-1	-1	
48	44	7c633869a151705f	5			yes					-1	-1	-1	-1	-1	
49	44	04743cda7a39d8cb	5			yes					-1	-1	-1	-1	-1	
50	2	9ee89ed32b791c63	4			yes					-1	-1	-1	-1	
51	1	5dfbcb1cc1a7759d	4			yes					52	60	64	71	
52	51	f8075c4d16699283	3			yes					53	54	56	
53	52	c2fc97fca21e7c9f	4			yes					-1	-1	-1	-1	
54	52	6112a047f421d7d0	5			yes					-1	-1	-1	-1	55	
55	54	ddb3a0e47a3c48ca	4			yes					-1	-1	-1	-1	
56	52	1fd3f51573638ed5	5			yes					-1	57	-1	-1	59	
57	56	e651767c0dd158a4	4			yes					-1	-1	-1	-1	
58	56	6ffec34dc56b2efc	4			no					-1	-2	-2	-2	
59	56	135b4890627e05e9	4			yes					-1	-1	-1	-1	
60	51	96a6a4da458dda58	3			yes					-1	61	63	
61	60	35b16a2ed08bb455	5			yes					-1	-1	-1	-1	62	
62	61	c3b362bd07aa323b	4			yes					-1	-1	-1	-1	
63	60	ea675c6575a2516c	5			yes					-1	-1	-1	-1	-1	
64	51	16683437cfc2b1ba	3			yes					-1	-1	65	
65	64	6a1037dc4e206a1e	6			yes					66	67	68	69	-1	70	
66	65	0c524c961684bd80	5			yes					-1	-1	-1	-1	-1	
67	65	1eebdd5a20d8bb5c	5			yes					-1	-1	-1	-1	-1	
68	65	9392b4b53092bc6f	5			yes					-1	-1	-1	-1	-1	
69	65	1a3d0184f828ca37	5			yes					-1	-1	-1	-1	-1	
70	65	622a0537234062a3	5			yes					-1	-1	-1	-1	-1	
71	51	253207bc5d818cfc	3			yes					-1	-1	-1	
72	1	ae2c19308574133e	4			yes					73	79	91	93	
73	72	0bd08e6152baf420	3			yes					74	-1	75	
74	73	c80ffe7a49adfa11	4			yes					-1	-1	-1	-1	
75	73	505dddeabc346ffc	5			yes					-1	76	-1	-1	-1	
76	75	17b4748e71daf3ab	4			yes					-1	-1	-1	-1	
77	75	d195e940763764da	4			no					-1	-2	-2	-2	
78	75	5cd5606fad29e4c0	4			no					-1	-2	-2	-2	
79	72	3d8e399bc95f5df9	3			yes					-1	80	82	
80	79	f497af23ad098282	5			yes					-1	-1	-1	-1	81	
81	80	9e4063e27b49368b	4			yes					-1	-1	-1	-1	
82	79	6568da8867ce9d0e	6			yes					83	85	87	89	-1	90	
83	82	032aa1c23f6a4a90	5			yes					-1	-1	-1	-1	84	
84	83	ad7c3b77a064337b	4			yes					-1	-1	-1	-1	
85	82	1193300e09364c4c	5			yes					-1	-1	-1	-1	86	
86	85	bfc5aabb963835a7	4			yes					-1	-1	-1	-1	
87	82	963b74fbbac0c5ce	5			yes					-1	-1	-1	-1	88	
88	87	386dee4e25cebc25	4			yes					-1	-1	-1	-1	
89	82	bd800ce6f61059d1	5			yes					-1	-1	-1	-1	-1	
90	82	cb3e403df8c0e4e5	5			yes					-1	-1	-1	-1	-1	
91	72	4e977b5a07c350b8	3			yes					-1	-1	92	
92	91	67447bc0aad7a03d	5			yes					-1	-1	-1	-1	-1	
93	72	d6e5d5901952ea5f	3			yes					-1	-1	-1	
94	1	8658b3d18f672377	4			yes					95	98	105	107	
95	94	23a4248058a9c469	3			yes					96	97	-1	
96	95	8078f50368018267	5			yes					-1	-1	-1	-1	-1	
97	95	56ecac86b312f474	5			yes					-1	-1	-1	-1	-1	
98	94	15fa937ac34c6db0	3			yes					-1	99	104	
99	98	2e563e276c4f594a	5			yes					100	101	-1	102	103	
100	99	4814456d34eb8ed4	4			yes					-1	-1	-1	-1	
101	99	5aadd4a102b78808	4			yes					-1	-1	-1	-1	
102	99	7e49cf2012e81dbf	4			yes					-1	-1	-1	-1	
103	99	b934e64bdaef09ff	4			yes					-1	-1	-1	-1	
104	98	3d7be0b6e2b0ba0a	5			yes					-1	-1	-1	-1	-1	
105	94	ee90dde7cc28949c	3			yes					-1	-1	106	
106	105	7b1887a453718e22	5			yes					-1	-1	-1	-1	-1	
107	94	5e96d9ccd8aa1e32	3			yes					-1	-1	-1	
108	1	1306ba30accc2237	5			no					109	115	127	-2	-2	
109	108	b6fa2d617b02c529	4			yes					110	112	114	-1	
110	109	b8626bf60e6ddba4	5			yes					-1	-1	-1	-1	111	
111	110	ef4ac5b518e65dc6	4			yes					-1	-1	-1	-1	
112	109	282c46093d97a24c	5			yes					-1	-1	-1	-1	113	
113	112	7f04e84a2b1c242e	4			yes					-1	-1	-1	-1	
114	109	e2be056d64f40528	5			yes					-1	-1	-1	-1	-1	
115	108	80a49a9be0e76cf0	4			yes					-1	116	121	125	
116	115	e4c2a95647ce0182	5			yes					117	118	-1	119	120	
117	116	8280d21c1f6ad61c	4			yes					-1	-1	-1	-1	
118	116	903943d02936d0c0	4			yes					-1	-1	-1	-1	
119	116	d92dab13e33ca354	4			yes					-1	-1	-1	-1	
120	116	d4c4150900baefdc	4			yes					-1	-1	-1	-1	
121	115	5668c1d5a360e039	5			yes					122	123	-1	-1	124	
122	121	302aba9ffbc437a7	4			yes					-1	-1	-1	-1	
123	121	22932b53cd98317b	4			yes					-1	-1	-1	-1	
124	121	4dd2dac16c605458	4			yes					-1	-1	-1	-1	
125	115	86a7064c9ae494d2	3			yes					-1	126	-1	
126	125	d84ca88c11a764e0	5			yes					-1	-1	-1	-1	-1	
127	108	7bced406ef8395dc	4			no					-1	-1	128	134	
128	127	e157abfefe8f8e53	6			yes					129	130	131	-1	132	133	
129	128	8715d0b4a62b59cd	5			yes					-1	-1	-1	-1	-1	
130	128	95ac417890775f11	5			yes					-1	-1	-1	-1	-1	
131	128	a6be029a33611204	5			yes					-1	-1	-1	-1	-1	
132	128	77e74e9bded538d2	5			yes					-1	-1	-1	-1	-1	
133	128	b67f05bde8040831	5			yes					-1	-1	-1	-1	-1	
134	127	7dcd48d195806dfe	3			no					-1	-1	-2	
