Number of nodes
63
ID	PID	Hash_Value			File_Number	Fully_Enumerated	Number_of_children	Children
0	-1	ad5b41ae3edfad6f	7			no					1					1	
1	0	1bf93e520e78a46f	4			no					1					2	
2	1	1b4f6c538463eb89	3			no					2					3	14	
3	2	b1bf337a2a4fc8d4	5			yes					5					4	5	6	6	6	
4	3	fcc0d070fe955368	4			yes					4					-1	-1	-1	-1	
5	3	e295fdc253630563	4			yes					4					-1	-1	-1	-1	
6	3	800a57fc20aa01b4	8			yes					8					7	8	9	10	11	12	-1	13	
7	6	5527d1a11cfe2ebf	7			yes					7					-1	-1	-1	-1	-1	-1	-1	
8	6	73368d0c687802b7	7			yes					7					-1	-1	-1	-1	-1	-1	-1	
9	6	ed765847ddeb0b5b	7			yes					7					-1	-1	-1	-1	-1	-1	-1	
10	6	061939decfec2a7a	7			yes					7					-1	-1	-1	-1	-1	-1	-1	
11	6	4b0a4a0c5c383087	7			yes					7					-1	-1	-1	-1	-1	-1	-1	
12	6	50b4ec3fe6ab24fd	7			yes					7					-1	-1	-1	-1	-1	-1	-1	
13	6	fa7e6547af797ff5	7			yes					7					-1	-1	-1	-1	-1	-1	-1	
14	2	d784cfed16eaad14	5			no					5					15	18	30	45	54	
15	14	6858234161b08c7b	5			yes					5					-1	16	17	-1	-1	
16	15	794752adf696190c	4			yes					4					-1	-1	-1	-1	
17	15	388962c06c40b073	4			yes					4					-1	-1	-1	-1	
18	14	350752f023f05fb0	6			yes					6					19	23	26	-1	28	29	
19	18	e02ad4ad1fa470bb	5			yes					5					20	21	-1	-1	22	
20	19	13160e5d577673b8	4			yes					4					-1	-1	-1	-1	
21	19	8d56db16e2e57a54	4			yes					4					-1	-1	-1	-1	
22	19	80f4befa62188ef5	4			yes					4					-1	-1	-1	-1	
23	18	c63b88006b225cb3	5			yes					5					20	24	-1	-1	25	
24	23	ab4787bb9663565c	4			yes					4					-1	-1	-1	-1	
25	23	a6e5e257169ea2fd	4			yes					4					-1	-1	-1	-1	
26	18	587b5d4bdeb1555f	5			yes					5					21	24	-1	-1	27	
27	26	38a5371ca30dab11	4			yes					4					-1	-1	-1	-1	
28	18	00514e074476baee	5			yes					5					-1	-1	-1	-1	-1	
29	18	55d938a75e4ca1fe	5			yes					5					22	25	27	-1	-1	
30	14	51d6c81429a57de5	6			yes					6					31	36	40	43	-1	44	
31	30	84fb4e4915f152ee	5			yes					5					32	33	34	-1	35	
32	31	77c794b95d2351ed	4			yes					4					-1	-1	-1	-1	
33	31	e98741f2e8b05801	4			yes					4					-1	-1	-1	-1	
34	31	95e43fa582d7c799	4			yes					4					-1	-1	-1	-1	
35	31	e425241e684daca0	4			yes					4					-1	-1	-1	-1	
36	30	a2ea12e461777ee6	5			yes					5					32	37	38	-1	39	
37	36	cf961d5f9c367409	4			yes					4					-1	-1	-1	-1	
38	36	b3f56308f651eb91	4			yes					4					-1	-1	-1	-1	
39	36	c23478b31ccb80a8	4			yes					4					-1	-1	-1	-1	
40	30	3caac7afd4e4770a	5			yes					5					33	37	41	-1	42	
41	40	2db5b64343c2e27d	4			yes					4					-1	-1	-1	-1	
42	40	5c74adf8a9588944	4			yes					4					-1	-1	-1	-1	
43	30	40c9b9f8be83e892	5			yes					5					34	38	41	-1	-1	
44	30	3108a243541983ab	5			yes					5					35	39	42	-1	-1	
45	14	2763a8c6220180bf	6			yes					6					46	49	51	52	53	-1	
46	45	f24e2e9b1e55afb4	5			yes					5					47	48	-1	-1	-1	
47	46	0172f46b5687acb7	4			yes					4					-1	-1	-1	-1	
48	46	9f322120e314a55b	4			yes					4					-1	-1	-1	-1	
49	45	d45f72366ad383bc	5			yes					5					47	50	-1	-1	-1	
50	49	b9237d8d97928953	4			yes					4					-1	-1	-1	-1	
51	45	4a1fa77ddf408a50	5			yes					5					48	50	-1	-1	-1	
52	45	367cd92ab52715c8	5			yes					5					-1	-1	-1	-1	-1	
53	45	77b2e9472ff1bcb7	5			yes					5					-1	-1	-1	-1	-1	
54	14	18fd45d9c5a9d729	7			no					5					55	58	60	61	62	
55	54	cdd0c384f9fdf822	6			yes					6					56	57	-1	-1	-1	-1	
56	55	3eec1974b12ffb21	5			yes					5					-1	-1	-1	-1	-1	
57	55	a0accc3f04bcf2cd	5			yes					5					-1	-1	-1	-1	-1	
58	54	ebc19f298d7bd42a	6			yes					6					56	59	-1	-1	-1	-1	
59	58	86bd9092703adec5	5			yes					5					-1	-1	-1	-1	-1	
60	54	75814a6238e8ddc6	6			yes					6					57	59	-1	-1	-1	-1	
61	54	09e23435528f425e	6			yes					6					-1	-1	-1	-1	-1	-1	
62	54	482c0458c859eb21	6			no					4					-1	-1	-1	-1	
