Number of nodes
526
ID	PID	Hash_Value			File_Number	Fully_Enumerated	Children
0	-1	a65e7573ab000401	6			yes					1	179	298	394	443	525	
1	0	6f13ec5bf5bd110a	5			yes					2	99	115	136	154	
2	1	6ba24251ab095fb8	5			yes					3	18	56	85	98	
3	2	2938f291e99bcac1	4			yes					4	11	15	17	
4	3	7f0928a1551701e8	3			yes					5	7	9	
5	4	20b455d6b3860bce	5			yes					-1	-1	-1	-1	6	
6	5	7eee7be4d54d4586	4			yes					-1	-1	-1	-1	
7	4	104f7b009b64770a	5			yes					-1	-1	-1	-1	8	
8	7	83f31866eb91ab7c	4			yes					-1	-1	-1	-1	
9	4	5dcec22c48ca7df8	5			yes					-1	-1	-1	-1	-1	
10	9	b87a949cb60d6e88	4			no					-1	-2	-2	-2	
11	3	2f11c4fed211cade	3			yes					-1	12	14	
12	11	3a0694f21ad52463	5			yes					-1	-1	-1	-1	13	
13	12	01f2db11692a42ac	4			yes					-1	-1	-1	-1	
14	11	36e0b0f0b40357f6	5			yes					-1	-1	-1	-1	-1	
15	3	c06f864ec37179b6	3			yes					-1	-1	16	
16	15	87a1aa63bf1c86a9	5			yes					-1	-1	-1	-1	-1	
17	3	b94f9880adec7841	3			yes					-1	-1	-1	
18	2	3d93986117859491	4			yes					-1	19	32	45	
19	18	1dbe23efed2634af	6			yes					20	23	25	27	29	31	
20	19	d15736e4cde1ba8a	5			yes					21	-1	-1	-1	22	
21	20	53711a6a511dce2f	4			yes					-1	-1	-1	-1	
22	20	8f0d18d6ab2af4c2	4			yes					-1	-1	-1	-1	
23	19	9f980f6171da400a	5			yes					-1	-1	-1	-1	24	
24	23	c1c2215317110e42	4			yes					-1	-1	-1	-1	
25	19	b8a4ad59b2cf09fd	5			yes					-1	-1	-1	-1	26	
26	25	e6fe836bd40447b5	4			yes					-1	-1	-1	-1	
27	19	b5a34f1cae62fd29	5			yes					-1	-1	-1	-1	28	
28	27	ebf9612ec8a9b361	4			yes					-1	-1	-1	-1	
29	19	1d92f5f2c65d401c	5			yes					-1	-1	-1	-1	30	
30	29	43c8dbc0a0960e54	4			yes					-1	-1	-1	-1	
31	19	43e40ddd8bed7ae7	5			yes					-1	-1	-1	-1	-1	
32	18	2d450d39c5c4486b	6			yes					33	37	40	41	43	44	
33	32	e1ac1832e503c64e	5			yes					34	-1	35	-1	36	
34	33	638a34bc79ffb2eb	4			yes					-1	-1	-1	-1	
35	33	8e6d8073f9519e07	4			yes					-1	-1	-1	-1	
36	33	72107b5495f61a38	4			yes					-1	-1	-1	-1	
37	32	af6321b759383cce	5			yes					-1	-1	38	-1	39	
38	37	c0a2b9f6456a6487	4			yes					-1	-1	-1	-1	
39	37	3cdf42d129cde0b8	4			yes					-1	-1	-1	-1	
40	32	4910a1b730052c4f	5			yes					-1	-1	-1	-1	-1	
41	32	42849578d9961022	5			yes					-1	-1	-1	-1	42	
42	41	d138f61ea963cc54	4			yes					-1	-1	-1	-1	
43	32	d6e76e2c255d1a9b	5			yes					-1	-1	-1	-1	-1	
44	32	bef96e5fb531941d	5			yes					-1	-1	-1	-1	-1	
45	18	60c4b415166a4299	6			yes					46	49	51	52	53	55	
46	45	ac2da11e36adccbc	5			yes					47	-1	-1	-1	48	
47	46	2e0b8d90aa51b819	4			yes					-1	-1	-1	-1	
48	46	4999f7aec86adfcc	4			yes					-1	-1	-1	-1	
49	45	e2e2989b8a96363c	5			yes					-1	-1	-1	-1	50	
50	49	0756ce2b7451254c	4			yes					-1	-1	-1	-1	
51	45	0491189be3ab26bd	5			yes					-1	-1	-1	-1	-1	
52	45	2c3d5e21f023d420	5			yes					-1	-1	-1	-1	-1	
53	45	83d7298f51741b6d	5			yes					-1	-1	-1	-1	54	
54	53	66637f3fafb3081d	4			yes					-1	-1	-1	-1	
55	45	8570e2a5e8ad51e9	5			yes					-1	-1	-1	-1	-1	
56	2	6d8b743e90835fa7	4			yes					-1	-1	57	71	
57	56	070ce2cb44751b02	6			yes					58	62	65	67	68	70	
58	57	cbe5f7c064b29527	5			yes					59	60	-1	-1	61	
59	58	49c3db4ef84ee182	4			yes					-1	-1	-1	-1	
60	58	5cd51297f8b36e07	4			yes					-1	-1	-1	-1	
61	58	f011b823174df3e8	4			yes					-1	-1	-1	-1	
62	57	852ace45d8896fa7	5			yes					-1	63	-1	-1	64	
63	62	121a2b1244889487	4			yes					-1	-1	-1	-1	
64	62	bede81a6ab760968	4			yes					-1	-1	-1	-1	
65	57	903c079cd874e022	5			yes					-1	-1	-1	-1	66	
66	65	abc8487fab8b86ed	4			yes					-1	-1	-1	-1	
67	57	105731d2e30c7a66	5			yes					-1	-1	-1	-1	-1	
68	57	f5504028f4bc060b	5			yes					-1	-1	-1	-1	69	
69	68	cea40fcb874360c4	4			yes					-1	-1	-1	-1	
70	57	3cf8ad28378a7dcd	5			yes					-1	-1	-1	-1	-1	
71	56	0beac6c9eaa36897	6			yes					72	76	79	81	82	84	
72	71	c703d3c2ca64e6b2	5			yes					73	74	-1	-1	75	
73	72	4525ff4c56989217	4			yes					-1	-1	-1	-1	
74	72	5033369556651d92	4			yes					-1	-1	-1	-1	
75	72	22b7857234a3f5c2	4			yes					-1	-1	-1	-1	
76	71	89ccea47765f1c32	5			yes					-1	77	-1	-1	78	
77	76	1efc0f10ea5ee712	4			yes					-1	-1	-1	-1	
78	76	6c78bcf788980f42	4			yes					-1	-1	-1	-1	
79	71	9cda239e76a293b7	5			yes					-1	-1	-1	-1	80	
80	79	796e752e886580c7	4			yes					-1	-1	-1	-1	
81	71	76831b2e3ef738ab	5			yes					-1	-1	-1	-1	-1	
82	71	412257850aa942ec	5			yes					-1	-1	-1	-1	83	
83	82	a4960135f46e519c	4			yes					-1	-1	-1	-1	
84	71	ee5e907914647be7	5			yes					-1	-1	-1	-1	-1	
85	2	82f5368e81e3eccf	4			yes					-1	-1	-1	86	
86	85	12825c9fc5945e4f	3			yes					-1	87	95	
87	86	d073a8dca642cded	6			yes					88	90	-1	92	-1	94	
88	87	1c9abdd7868543c8	5			yes					-1	-1	-1	-1	89	
89	88	0fd0d2000c79e2eb	4			yes					-1	-1	-1	-1	
90	87	525584523abeb948	5			yes					-1	-1	-1	-1	91	
91	90	411feb85b042186b	4			yes					-1	-1	-1	-1	
92	87	bfb2309dba1095a4	5			yes					-1	-1	-1	-1	93	
93	92	acf85f4a30ec3487	4			yes					-1	-1	-1	-1	
94	87	c339c70b2cbe6cce	5			yes					-1	-1	-1	-1	-1	
95	86	701d8678fadd07e5	5			yes					96	97	-1	-1	-1	
96	95	bcf49373da1a89c0	4			yes					-1	-1	-1	-1	
97	95	f23baaf666217340	4			yes					-1	-1	-1	-1	
98	2	fbd52840ef7eed38	4			yes					-1	-1	-1	-1	
99	1	2fc02585fdd00c5f	4			yes					100	106	111	114	
100	99	50a8c7ac768660e7	3			yes					101	102	103	
101	100	5fe3fc5b8173ea72	4			yes					-1	-1	-1	-1	
102	100	3de13913058f3669	5			yes					-1	-1	-1	-1	-1	
103	100	2558692fe903f453	5			yes					-1	104	105	-1	-1	
104	103	c998e6699ee33ca8	4			yes					-1	-1	-1	-1	
105	103	2b0188ec11507c2f	4			yes					-1	-1	-1	-1	
106	99	37d27d855f789bfa	3			yes					-1	107	108	
107	106	d20643fb77b5619a	5			yes					-1	-1	-1	-1	-1	
108	106	54c3c5f3617c12c0	5			yes					109	110	-1	-1	-1	
109	108	982ad0f841bb9ce5	4			yes					-1	-1	-1	-1	
110	108	88e89f26e99ed1ab	4			yes					-1	-1	-1	-1	
111	99	f70dd0386d89499d	3			yes					-1	112	113	
112	111	424221cc2568b722	5			yes					-1	-1	-1	-1	-1	
113	111	677aba2929fefb1d	2			yes					-1	-1	
114	99	bfb74f94b9a7bedf	3			yes					-1	-1	-1	
115	1	aae03670ea8a3d9f	4			yes					116	122	133	135	
116	115	d588d45961dc5127	3			yes					117	119	120	
117	116	ae84d275b1007ee6	5			yes					-1	-1	-1	-1	118	
118	117	5190ed821f685159	4			yes					-1	-1	-1	-1	
119	116	20f545de917db13b	5			yes					-1	-1	-1	-1	-1	
120	116	0134146e024acea2	5			yes					-1	-1	-1	-1	-1	
121	120	9604f1399e4b3582	4			no					-1	-2	-2	-2	
122	115	fcd1ec405606f6b6	3			yes					-1	123	126	
123	122	cc1d5355b2c26c1d	5			yes					124	-1	-1	-1	125	
124	123	00f4465e9205e238	4			yes					-1	-1	-1	-1	
125	123	4c824c63a9e7cba9	4			yes					-1	-1	-1	-1	
126	122	d49422564a84301f	6			yes					127	128	129	130	131	132	
127	126	187d375d6a43be3a	5			yes					-1	-1	-1	-1	-1	
128	126	08bf7883c266f374	5			yes					-1	-1	-1	-1	-1	
129	126	f84bb58c34c327bf	5			yes					-1	-1	-1	-1	-1	
130	126	4b8d929a6ff9a1b5	5			yes					-1	-1	-1	-1	-1	
131	126	46b03e780dd8d834	5			yes					-1	-1	-1	-1	-1	
132	126	312074e6b443236f	5			yes					-1	-1	-1	-1	-1	
133	115	b92e520873ad1511	3			yes					-1	-1	134	
134	133	881b89c34f438749	5			yes					-1	-1	-1	-1	-1	
135	115	3a975c61aefd8f1f	3			yes					-1	-1	-1	
136	1	b5ac802837b34922	4			yes					137	142	151	153	
137	136	cac46201bce5259a	3			yes					138	140	-1	
138	137	cdb6c53fad3680ca	5			yes					-1	-1	-1	139	-1	
139	138	1639b786da8d3d75	4			yes					-1	-1	-1	-1	
140	137	266666186edf81cc	5			yes					-1	-1	-1	141	-1	
141	140	fde914a119643c73	4			yes					-1	-1	-1	-1	
142	136	e39d5a188b3f820b	3			yes					-1	143	149	
143	142	4698f7022a68ce58	6			yes					144	145	-1	146	147	148	
144	143	8a71e2090aaf407d	5			yes					-1	-1	-1	-1	-1	
145	143	9ab3add7a28a0d33	5			yes					-1	-1	-1	-1	-1	
146	143	5ff2d160c18c854d	5			yes					-1	-1	-1	-1	-1	
147	143	1f379f9d85e92a3c	5			yes					-1	-1	-1	-1	-1	
148	143	f51d8f95b3a9df6d	5			yes					-1	-1	-1	-1	-1	
149	142	bfe94646a85458d0	6			yes					-1	-1	-1	-1	-1	150	
150	149	0e0f4ccc3897a113	5			yes					-1	-1	-1	-1	-1	
151	136	b385b6470c39493d	3			yes					-1	-1	152	
152	151	2e10f023eec3b02b	5			yes					-1	-1	-1	-1	-1	
153	136	2f700e760c50a78e	3			yes					-1	-1	-1	
154	1	30d786e433a5d94e	5			yes					155	161	173	177	178	
155	154	4fbf64cdb8f3b5f6	4			yes					156	158	160	-1	
156	155	89f255455b43b9b9	5			yes					-1	-1	-1	-1	157	
157	156	84e5c93e95d3245d	4			yes					-1	-1	-1	-1	
158	155	5ef53ef061b8bdaa	5			yes					-1	-1	-1	-1	159	
159	158	53e2a28baf28204e	4			yes					-1	-1	-1	-1	
160	155	914cc2071332d980	5			yes					-1	-1	-1	-1	-1	
161	154	66e65cd48f291267	4			yes					-1	162	168	172	
162	161	60cf6abbb4a31278	3			yes					163	165	167	
163	162	4da9f1c14ac2850e	5			yes					-1	-1	-1	-1	164	
164	163	ab0bb03a64098081	4			yes					-1	-1	-1	-1	
165	162	3442bb1d7e3f83ac	5			yes					-1	-1	-1	-1	166	
166	165	39552766b0af1e48	4			yes					-1	-1	-1	-1	
167	162	32a571c744aaf2a4	5			yes					-1	-1	-1	-1	-1	
168	161	8fb1280ba5c3a110	3			yes					169	-1	170	
169	168	003a9e59018e4bb9	5			yes					-1	-1	-1	-1	-1	
170	168	8e7ede87b25c7a23	6			yes					-1	-1	-1	-1	-1	171	
171	170	9d34b15038a0db00	5			yes					-1	-1	-1	-1	-1	
172	161	9016a0999a36dfd0	3			yes					-1	-1	-1	
173	154	36feb08b082fd951	4			yes					-1	-1	174	176	
174	173	dfa9c45422c56a26	3			yes					175	-1	-1	
175	174	89423c3e73321b66	5			yes					-1	-1	-1	-1	-1	
176	173	c00e4cc61d3014e6	3			yes					-1	-1	-1	
177	154	d980f23b194f6a39	4			yes					-1	-1	-1	-1	
178	154	c6277aa926ba14f9	4			yes					-1	-1	-1	-1	
179	0	4a4993d39f95ea8d	5			yes					-1	180	237	257	271	
180	179	7f7f2bdd99a484d1	5			yes					181	205	214	229	236	
181	180	2bc85946937d0845	4			yes					-1	182	191	198	
182	181	c38845de020c0e2d	6			yes					183	184	186	188	189	190	
183	182	bbc90eed299dd385	5			yes					-1	-1	-1	-1	-1	
184	182	84c243396117d29b	5			yes					-1	-1	-1	-1	185	
185	184	da986d0b07dc9cd3	4			yes					-1	-1	-1	-1	
186	182	c960d908467ef263	5			yes					-1	-1	-1	-1	187	
187	186	973af73a20b5bc2b	4			yes					-1	-1	-1	-1	
188	182	6b95292d4148c7ab	5			yes					-1	-1	-1	-1	-1	
189	182	c3a493c329777a9e	5			yes					-1	-1	-1	-1	-1	
190	182	9dd26bec64c74065	5			yes					-1	-1	-1	-1	-1	
191	181	03ba0083288bacb8	6			yes					192	193	194	195	-1	197	
192	191	7bfb4bb0031a7110	5			yes					-1	-1	-1	-1	-1	
193	191	44f006644b90700e	5			yes					-1	-1	-1	-1	-1	
194	191	187cc0f128fb24e6	5			yes					-1	-1	-1	-1	-1	
195	191	4cd38dd5d89607c6	5			yes					-1	-1	-1	-1	196	
196	195	df6feeb3a863dbb0	4			yes					-1	-1	-1	-1	
197	191	900663e5587e70ce	5			yes					-1	-1	-1	-1	-1	
198	181	59dd4502476351bb	6			yes					199	200	201	202	203	204	
199	198	219c0e316cf28c13	5			yes					-1	-1	-1	-1	-1	
200	198	1e9743e524788d0d	5			yes					-1	-1	-1	-1	-1	
201	198	421b85704713d9e5	5			yes					-1	-1	-1	-1	-1	
202	198	f0b7c954246c685b	5			yes					-1	-1	-1	-1	-1	
203	198	68135740d532a3d0	5			yes					-1	-1	-1	-1	-1	
204	198	bc6913b2b9a442cb	5			yes					-1	-1	-1	-1	-1	
205	180	2bbe5a3a5fce8d7c	4			yes					-1	206	210	212	
206	205	2d976c5564448d63	3			yes					207	208	209	
207	206	e8e8396f026f7939	5			yes					-1	-1	-1	-1	-1	
208	206	e887749cd89db5bf	5			yes					-1	-1	-1	-1	-1	
209	206	e461509e764bc62a	5			yes					-1	-1	-1	-1	-1	
210	205	c2e92ee575243e0b	3			yes					211	-1	-1	
211	210	bbc58336c517b66f	5			yes					-1	-1	-1	-1	-1	
212	205	bbc9302b1bb93ffc	3			yes					213	-1	-1	
213	212	db9009b51477b295	5			yes					-1	-1	-1	-1	-1	
214	180	79561db2a22e84ce	4			yes					-1	-1	215	223	
215	214	5162953fc1fbfc16	6			yes					216	218	220	-1	-1	222	
216	215	b0159dd18f53a6fc	5			yes					-1	-1	-1	-1	217	
217	216	8be1d232fcacc033	4			yes					-1	-1	-1	-1	
218	215	d344b9b15d0788b3	5			yes					-1	-1	-1	-1	219	
219	218	e8b0f6522ef8ee7c	4			yes					-1	-1	-1	-1	
220	215	bda21a79b61b34ed	5			yes					-1	-1	-1	-1	221	
221	220	8656559ac5e45222	4			yes					-1	-1	-1	-1	
222	215	6a96dadcb2049ad9	5			yes					-1	-1	-1	-1	-1	
223	214	5d84b13d6f2d8f83	6			yes					224	225	226	-1	227	228	
224	223	bcf3b9d32185d569	5			yes					-1	-1	-1	-1	-1	
225	223	dfa29db3f3d1fb26	5			yes					-1	-1	-1	-1	-1	
226	223	b1443e7b18cd4778	5			yes					-1	-1	-1	-1	-1	
227	223	174c20718f27a5f8	5			yes					-1	-1	-1	-1	-1	
228	223	b830e78d91ea9cf3	5			yes					-1	-1	-1	-1	-1	
229	180	96285f02b34e37a6	4			yes					-1	-1	-1	230	
230	229	065f3513f7398526	3			yes					231	-1	235	
231	230	fe8ca5664b0d293e	6			yes					-1	-1	-1	233	-1	234	
232	231	b9c6a3812816f588	5			no					-1	-2	-2	-1	-2	
233	231	b1e52830bb108240	5			yes					-1	-1	-1	-1	-1	
234	231	edc6cab1c1f1881d	5			yes					-1	-1	-1	-1	-1	
235	230	2673f18c7f53e0f1	5			yes					-1	-1	-1	-1	-1	
236	180	ef0841ccddd33651	4			yes					-1	-1	-1	-1	
237	179	bece4c00e92083f4	4			yes					238	250	254	256	
238	237	ea793e9be3f90f60	3			yes					239	241	243	
239	238	7dfecee1d300aea9	5			yes					-1	-1	-1	-1	240	
240	239	82eaf1167d688116	4			yes					-1	-1	-1	-1	
241	238	ade1fbf2d7795bc4	5			yes					-1	-1	-1	-1	242	
242	241	2d7ee4c4cc5cfc70	4			yes					-1	-1	-1	-1	
243	238	81de8f9251b0a823	6			yes					244	245	246	247	248	249	
244	243	f99fc4a17a21758b	5			yes					-1	-1	-1	-1	-1	
245	243	eb872151b25ff146	5			yes					-1	-1	-1	-1	-1	
246	243	fa911fa25498ee3c	5			yes					-1	-1	-1	-1	-1	
247	243	1ec73f5e74cd3989	5			yes					-1	-1	-1	-1	-1	
248	243	13fa93bc16ec4008	5			yes					-1	-1	-1	-1	-1	
249	243	646ad922af77bb53	5			yes					-1	-1	-1	-1	-1	
250	237	d70e7cf2d789169a	3			yes					-1	251	252	
251	250	f274a5b0533520e7	5			yes					-1	-1	-1	-1	-1	
252	250	d3b5f400c0025f7e	5			yes					-1	-1	-1	-1	-1	
253	252	32c2fcee8eaa0594	4			no					-1	-2	-2	-2	
254	237	ad0028787007ab7a	3			yes					-1	-1	255	
255	254	fb88e27d3532e448	5			yes					-1	-1	-1	-1	-1	
256	237	2eb92611ad573174	3			yes					-1	-1	-1	
257	179	a182fa583419f749	4			yes					258	265	268	270	
258	257	f53588c33ec07bdd	3			yes					259	262	264	
259	258	49b54588b6ec3c03	6			yes					-1	-1	260	-1	-1	261	
260	259	97a31757b00435e7	5			yes					-1	-1	-1	-1	-1	
261	259	fa303d1f2f2d2d36	5			yes					-1	-1	-1	-1	-1	
262	258	f31cbeac054a7bc2	2			yes					263	-1	
263	262	edc39bd9d13f3400	5			yes					-1	-1	-1	-1	-1	
264	258	5609736f66fcbb2c	6			yes					-1	-1	-1	-1	-1	-1	
265	257	c842caaa0ab06227	3			yes					-1	266	-1	
266	265	f4e78676ac971010	5			yes					-1	-1	-1	267	-1	
267	266	2f68f4cfdb2cadaf	4			yes					-1	-1	-1	-1	
268	257	a7abcc370f93f756	3			yes					-1	-1	269	
269	268	5d839b9d94b2d32a	5			yes					-1	-1	-1	-1	-1	
270	257	3b5e74060ffa19e5	3			yes					-1	-1	-1	
271	179	24f9fc94300f6725	5			yes					272	288	292	296	297	
272	271	704e8e0f3ad6ebb1	4			yes					273	277	283	287	
273	272	ea42acc048c4916a	6			yes					-1	-1	274	-1	-1	276	
274	273	3454fe1f4e2c988e	5			yes					-1	-1	-1	-1	275	
275	274	d2f6bfe460e79d01	4			yes					-1	-1	-1	-1	
276	273	0ce0ed3b660f94e5	5			yes					-1	-1	-1	-1	-1	
277	272	7667b860015cebae	3			yes					278	280	282	
278	277	85f59d78fb2bf7f9	5			yes					-1	-1	-1	-1	279	
279	278	6357dc83d5e0f276	4			yes					-1	-1	-1	-1	
280	277	55be13ba1b84b475	5			yes					-1	-1	-1	-1	281	
281	280	58a98fc1d5142991	4			yes					-1	-1	-1	-1	
282	277	5359d9602111c57d	5			yes					-1	-1	-1	-1	-1	
283	272	9919fad0103c58c6	3			yes					284	-1	285	
284	283	9c75df5609fbe71d	5			yes					-1	-1	-1	-1	-1	
285	283	679eebae7cf499df	6			yes					-1	-1	-1	-1	-1	286	
286	285	74d48479f60838fc	5			yes					-1	-1	-1	-1	-1	
287	272	86be72422fc92606	3			yes					-1	-1	-1	
288	271	4d39cc660ea6f24b	4			yes					-1	289	291	-1	
289	288	8c74de9ea3f02c76	5			yes					-1	-1	-1	-1	290	
290	289	816342e56d60b192	4			yes					-1	-1	-1	-1	
291	288	43cd2269d17a485c	5			yes					-1	-1	-1	-1	-1	
292	271	22d0cafb0b85673a	4			yes					-1	-1	293	295	
293	292	cb87be24216fd44d	3			yes					-1	294	-1	
294	293	5bc3dc50b17a8aba	5			yes					-1	-1	-1	-1	-1	
295	292	d42036b61e9aaa8d	3			yes					-1	-1	-1	
296	271	cdae884b1ae5d452	4			yes					-1	-1	-1	-1	
297	271	d20900d92510aa92	4			yes					-1	-1	-1	-1	
298	0	aa4d3458a6cb2802	5			yes					-1	-1	299	353	371	
299	298	825509b96614dda6	5			yes					300	322	337	342	352	
300	299	d6e27b226ccd5132	4			yes					301	306	310	316	
301	300	ac4ec3dbf318b095	5			yes					302	303	304	305	-1	
302	301	7ce2f8a70f87f28f	4			yes					-1	-1	-1	-1	
303	301	5d4abc332afec264	4			yes					-1	-1	-1	-1	
304	301	1cb842027aca57f4	4			yes					-1	-1	-1	-1	
305	301	fb13c3a3df2bb31a	4			yes					-1	-1	-1	-1	
306	300	c34a4b94dfaba80a	3			yes					307	308	309	
307	306	df56e9ec0f050628	5			yes					-1	-1	-1	-1	-1	
308	306	99ccf439938445ee	5			yes					-1	-1	-1	-1	-1	
309	306	e55be0c92aff6785	5			yes					-1	-1	-1	-1	-1	
310	300	be370d523888471b	6			yes					-1	311	312	313	-1	315	
311	310	c428e52a8c18feca	5			yes					-1	-1	-1	-1	-1	
312	310	308c9022749901b5	5			yes					-1	-1	-1	-1	-1	
313	310	d53d8586e4fe35cc	5			yes					-1	-1	-1	-1	314	
314	313	4681e6e0940be9ba	4			yes					-1	-1	-1	-1	
315	310	2d8b6e34487d9b6d	5			yes					-1	-1	-1	-1	-1	
316	300	55aa7fa7e874d1bb	6			yes					-1	317	318	319	320	321	
317	316	2fb597df5ce4686a	5			yes					-1	-1	-1	-1	-1	
318	316	db11e2d7a4659715	5			yes					-1	-1	-1	-1	-1	
319	316	cab3cf6bcd094011	5			yes					-1	-1	-1	-1	-1	
320	316	c78e6389af283990	5			yes					-1	-1	-1	-1	-1	
321	316	b01e291716b3c2cb	5			yes					-1	-1	-1	-1	-1	
322	299	383f5ce3d722745b	4			yes					-1	-1	323	330	
323	322	2861dcb2a89dc5a8	6			yes					324	325	326	327	-1	329	
324	323	c916d45ce6359f42	5			yes					-1	-1	-1	-1	-1	
325	323	6cd81d394ea3e015	5			yes					-1	-1	-1	-1	-1	
326	323	a6da41c2e48c8306	5			yes					-1	-1	-1	-1	-1	
327	323	436b546674ebb77f	5			yes					-1	-1	-1	-1	328	
328	327	d0d73700041e6b09	4			yes					-1	-1	-1	-1	
329	323	bbddbfd4d86819de	5			yes					-1	-1	-1	-1	-1	
330	322	c3fcae4778615308	6			yes					331	332	333	334	335	336	
331	330	228ba6a936c909e2	5			yes					-1	-1	-1	-1	-1	
332	330	87456fcc9e5f76b5	5			yes					-1	-1	-1	-1	-1	
333	330	4d473337347015a6	5			yes					-1	-1	-1	-1	-1	
334	330	5ce51e8b5d1cc2a2	5			yes					-1	-1	-1	-1	-1	
335	330	51d8b2693f3dbb23	5			yes					-1	-1	-1	-1	-1	
336	330	2648f8f786a64078	5			yes					-1	-1	-1	-1	-1	
337	299	97fd390fd572249e	4			yes					-1	-1	338	340	
338	337	7eaa4dd0ff9897e9	3			yes					-1	339	-1	
339	338	f861d7c52750c956	5			yes					-1	-1	-1	-1	-1	
340	337	078a531e9105961e	3			yes					-1	341	-1	
341	340	84f6c3359e2beb3d	5			yes					-1	-1	-1	-1	-1	
342	299	6b027d664cfe6ed1	4			yes					-1	-1	-1	343	
343	342	fb7517770889dc51	3			yes					344	348	-1	
344	343	4301a8b75b0ec29d	6			yes					-1	-1	-1	346	-1	347	
345	344	cdba35c7171f8433	5			no					-1	-2	-2	-1	-2	
346	344	280b20638778b04a	5			yes					-1	-1	-1	-1	-1	
347	344	504bc760d1f263be	5			yes					-1	-1	-1	-1	-1	
348	343	d5577957cb1b402e	6			yes					-1	-1	-1	349	-1	350	
349	348	be5df183176d32f9	5			yes					-1	-1	-1	-1	-1	
350	348	c61d168041e7e10d	5			yes					-1	-1	-1	-1	-1	
351	350	ad179e549d9193da	4			no					-1	-1	-2	-1	
352	299	122263a822636f26	4			yes					-1	-1	-1	-1	
353	298	d7858a1e941d2fc9	5			yes					354	362	367	369	370	
354	353	8332f8859ec4a35d	4			yes					355	358	-1	360	
355	354	3958addf2ff20aa0	3			yes					356	-1	357	
356	355	d69973614a9c80f4	5			yes					-1	-1	-1	-1	-1	
357	355	3e4eec208987799d	2			yes					-1	-1	
358	354	47ede130b1e16971	5			yes					-1	-1	-1	359	-1	
359	358	9c629389c65ad4ce	4			yes					-1	-1	-1	-1	
360	354	8424b97a38b1d060	3			yes					-1	361	-1	
361	360	8522d10643d5d07b	6			yes					-1	-1	-1	-1	-1	-1	
362	353	6defdf44252b8634	4			yes					-1	363	-1	365	
363	362	2640c2cc0535e5c9	5			yes					-1	-1	-1	364	-1	
364	363	fdcfb075728e5876	4			yes					-1	-1	-1	-1	
365	362	6af99ebb835ef509	3			yes					-1	366	-1	
366	365	e48ff2faf7015cc3	6			yes					-1	-1	-1	-1	-1	-1	
367	353	cf97d21e36b5b86c	4			yes					-1	-1	-1	368	
368	367	c88193e190c0cb51	3			yes					-1	-1	-1	
369	353	f6cf7fc11947b2cc	3			yes					-1	-1	-1	
370	353	d093cbe132685cf4	4			yes					-1	-1	-1	-1	
371	298	d8f276319c013ab9	5			yes					372	382	388	391	393	
372	371	8c4504aa96d8b62d	4			yes					373	377	380	381	
373	372	362f51f027ee1fd0	3			yes					374	375	376	
374	373	f36ee0f18fd6ff33	5			yes					-1	-1	-1	-1	-1	
375	373	063b5394c816fa97	5			yes					-1	-1	-1	-1	-1	
376	373	9bf5ed415901c9a2	5			yes					-1	-1	-1	-1	-1	
377	372	5ee070c37391ac8c	6			yes					-1	-1	-1	-1	-1	379	
378	377	86e39aa498a9b735	5			no					-1	-1	-1	-2	-2	
379	377	b84231385d5aa903	5			yes					-1	-1	-1	-1	-1	
380	372	5488f1170681f3ef	3			yes					-1	-1	-1	
381	372	7ab5f8e783c77b9a	3			yes					-1	-1	-1	
382	371	6298236b2d379344	4			yes					-1	383	386	387	
383	382	3f4d533fc7452034	6			yes					-1	-1	-1	384	-1	385	
384	383	e74eb9582c7d3b8d	5			yes					-1	-1	-1	-1	-1	
385	383	d9ef12c4e98e25bb	5			yes					-1	-1	-1	-1	-1	
386	382	ba55d6d6bd6ed686	3			yes					-1	-1	-1	
387	382	9468df2638285ef3	3			yes					-1	-1	-1	
388	371	c0e02e313ea9ad1c	4			yes					-1	-1	389	390	
389	388	eeac5550ad19c18e	5			yes					-1	-1	-1	-1	-1	
390	388	3610d27c2bb660ab	3			yes					-1	-1	-1	
391	371	003f838c0c587f7b	4			yes					-1	-1	392	-1	
392	391	eaabd2c0369c92e2	5			yes					-1	-1	-1	-1	-1	
393	371	2e028a7c891ef70e	4			yes					-1	-1	-1	-1	
394	0	244927586a404d30	5			yes					-1	-1	-1	395	420	
395	394	925f71bca27da9f7	5			yes					396	408	414	417	419	
396	395	c6e80327a8a42563	4			yes					397	403	406	407	
397	396	7c82567d19928c9e	3			yes					398	401	402	
398	397	c69602a93ce9b53a	5			yes					-1	-1	399	400	-1	
399	398	d3187151fa9af183	4			yes					-1	-1	-1	-1	
400	398	1d1970104b520885	4			yes					-1	-1	-1	-1	
401	397	77e3f96c3196054f	5			yes					-1	-1	-1	-1	-1	
402	397	bb52a1a578dc2e4b	5			yes					-1	-1	-1	-1	-1	
403	396	90d9d9171428ee4a	3			yes					-1	404	405	
404	403	11722d51d28494e8	5			yes					-1	-1	-1	-1	-1	
405	403	5abd09378a1086c4	5			yes					-1	-1	-1	-1	-1	
406	396	a4932e9ffb97c74a	3			yes					-1	-1	-1	
407	396	8e20a2d25e8980fd	3			yes					-1	-1	-1	
408	395	283524e6134b000a	4			yes					-1	409	412	413	
409	408	7e04fed6afc7cb23	3			yes					-1	410	411	
410	409	70df0ead66501850	5			yes					-1	-1	-1	-1	-1	
411	409	3b102acb3ec40a7c	5			yes					-1	-1	-1	-1	-1	
412	408	4a4e095e4078e223	3			yes					-1	-1	-1	
413	408	60fd8513e566a594	3			yes					-1	-1	-1	
414	395	c46eab8c1ef162de	4			yes					-1	-1	415	416	
415	414	a61586344dc280f7	3			yes					-1	-1	-1	
416	414	8ca60a79e8dcc740	3			yes					-1	-1	-1	
417	395	f0245c04f14e4bde	4			yes					-1	-1	-1	418	
418	417	b8ecfdf10763ee40	3			yes					-1	-1	-1	
419	395	da97d04954500c69	4			yes					-1	-1	-1	-1	
420	394	5dd265c48b5b0b79	5			yes					421	432	438	441	442	
421	420	0965175f818287ed	4			yes					422	427	430	431	
422	421	b30f420530b42e10	3			yes					423	425	426	
423	422	fcaa9f2ecb023d79	5			yes					-1	-1	-1	-1	424	
424	423	f1bd03550592a09d	4			yes					-1	-1	-1	-1	
425	422	b2626e199e3fe5e8	5			yes					-1	-1	-1	-1	-1	
426	422	4c0c5f75c537a662	5			yes					-1	-1	-1	-1	-1	
427	421	5f54cd6f3d0e4cc4	3			yes					-1	428	429	
428	427	2b96061c61252474	5			yes					-1	-1	-1	-1	-1	
429	427	ade3f7e737fb0eed	5			yes					-1	-1	-1	-1	-1	
430	421	7c124ea22705ab1d	5			yes					-1	-1	-1	-1	-1	
431	421	ff95eb12949d4a5a	3			yes					-1	-1	-1	
432	420	e7b8309e3a6da284	4			yes					-1	433	436	437	
433	432	b189eaae86e169ad	3			yes					-1	434	435	
434	433	4a3b25e0d5f1a8cc	5			yes					-1	-1	-1	-1	-1	
435	433	cc4ed41b832f8255	5			yes					-1	-1	-1	-1	-1	
436	432	d887fe18ec10c4f7	5			yes					-1	-1	-1	-1	-1	
437	432	1148ccd32f726f33	3			yes					-1	-1	-1	
438	420	0be3bff437d7c050	4			yes					-1	-1	439	440	
439	438	19dca6f810505763	5			yes					-1	-1	-1	-1	-1	
440	438	fd1343b922c80de7	3			yes					-1	-1	-1	
441	420	4e1c01bc127c23f7	4			yes					-1	-1	-1	-1	
442	420	ab2299899e44c6ce	4			yes					-1	-1	-1	-1	
443	0	40370580c8d1a162	5			yes					-1	-1	-1	-1	444	
444	443	ab5e6c88a6a39eb5	4			yes					445	466	485	503	
445	444	8ad7f2466857495d	5			yes					446	452	461	464	465	
446	445	f5bf106fe30125e5	4			yes					447	449	-1	451	
447	446	22ea4464e1a793e4	6			yes					-1	-1	-1	-1	-1	448	
448	447	c448059fcf6c966b	5			yes					-1	-1	-1	-1	-1	
449	446	c93ae743224e92e2	6			yes					-1	-1	-1	-1	-1	450	
450	449	2f98a6b80c85976d	5			yes					-1	-1	-1	-1	-1	
451	446	691e81c4d5b06e94	6			yes					-1	-1	-1	-1	-1	-1	
452	445	dce62876d4db8274	4			yes					-1	453	458	459	
453	452	e0d2783a0c2063b9	6			yes					454	455	-1	-1	456	457	
454	453	2c3b6d312ce7ed9c	5			yes					-1	-1	-1	-1	-1	
455	453	3cf922ef84c2a0d2	5			yes					-1	-1	-1	-1	-1	
456	453	a1a57b71d2b8a6ed	5			yes					-1	-1	-1	-1	-1	
457	453	edc5e441c2b0fe5d	5			yes					-1	-1	-1	-1	-1	
458	452	f782b6c884542ec1	6			yes					-1	-1	-1	-1	-1	-1	
459	452	12e3ad4eb315ca88	3			yes					-1	460	-1	
460	459	d7a81b4510ef736b	6			yes					-1	-1	-1	-1	-1	-1	
461	445	8cfec42953dd4942	4			yes					-1	-1	462	463	
462	461	7ddff9d7171aaaf8	6			yes					-1	-1	-1	-1	-1	-1	
463	461	42fb4111341301be	3			yes					-1	-1	-1	
464	445	e1758b4e6b9eef72	4			yes					-1	-1	-1	-1	
465	445	44d2777e0f9901a1	4			yes					-1	-1	-1	-1	
466	444	9ef988366bfdf736	5			yes					467	476	480	483	484	
467	466	ca4efaad61247ba2	4			yes					468	469	473	474	
468	467	efffcab090a491e2	6			yes					-1	-1	-1	-1	-1	-1	
469	467	812ed09d699b5460	6			yes					-1	-1	-1	-1	471	472	
470	469	9844f6ff827f1f75	5			no					-1	-2	-2	-2	-2	
471	469	c059d3d6b7039134	5			yes					-1	-1	-1	-1	-1	
472	469	8c394ce6a70bc984	5			yes					-1	-1	-1	-1	-1	
473	467	1e6283e14afccd3d	6			yes					-1	-1	-1	-1	-1	-1	
474	467	044b7f9506ea335e	3			yes					-1	475	-1	
475	474	b654b3e2755444b2	6			yes					-1	-1	-1	-1	-1	-1	
476	466	f739b8c455546258	4			yes					-1	477	-1	479	
477	476	1bbb072de006033e	6			yes					-1	-1	-1	-1	-1	478	
478	477	fd1946d6cecd06b1	5			yes					-1	-1	-1	-1	-1	
479	476	bb9f61aa17f8ff48	6			yes					-1	-1	-1	-1	-1	-1	
480	466	98d0be595077f729	4			yes					-1	-1	481	482	
481	480	0e4c92696d6bc9f9	6			yes					-1	-1	-1	-1	-1	-1	
482	480	56d53b6137b9bfd5	3			yes					-1	-1	-1	
483	466	f55bf13e68345119	4			yes					-1	-1	-1	-1	
484	466	50fc0d0e0c33bfca	4			yes					-1	-1	-1	-1	
485	444	dc3c2a309836c0bd	5			yes					486	495	499	501	502	
486	485	888b58ab92ef4c29	4			yes					487	491	-1	493	
487	486	9b390cc4929c706c	6			yes					-1	-1	488	-1	489	490	
488	487	9560ed076acff810	5			yes					-1	-1	-1	-1	-1	
489	487	da4e0f8f4c04b538	5			yes					-1	-1	-1	-1	-1	
490	487	962e90bf5c0ced88	5			yes					-1	-1	-1	-1	-1	
491	486	a8b1606bfd707a5f	6			yes					-1	-1	-1	-1	-1	492	
492	491	4e132190d3bb7fd0	5			yes					-1	-1	-1	-1	-1	
493	486	468edd93f52104d5	3			yes					494	-1	-1	
494	493	ac436fbb8e5360be	6			yes					-1	-1	-1	-1	-1	-1	
495	485	66567f6a29006940	4			yes					-1	496	-1	498	
496	495	c91c439749a4f6e7	6			yes					-1	-1	-1	-1	-1	497	
497	496	2fbe026c676ff368	5			yes					-1	-1	-1	-1	-1	
498	495	a853fa524ece21bc	3			yes					-1	-1	-1	
499	485	c42e72303a9e5718	4			yes					-1	-1	-1	500	
500	499	7a48786c970ff5aa	6			yes					-1	-1	-1	-1	-1	-1	
501	485	38cafaf97e89fa30	4			yes					-1	-1	-1	-1	
502	485	1239af08fff88841	4			yes					-1	-1	-1	-1	
503	444	ee010cd9c93a1b14	5			yes					504	515	522	524	-1	
504	503	bab67e42c3e39780	4			yes					505	509	-1	-1	
505	504	78639c7041e48515	6			yes					-1	-1	-1	506	507	508	
506	505	555bff19203de9d0	5			yes					-1	-1	-1	-1	-1	
507	505	39149f3b9f7c4041	5			yes					-1	-1	-1	-1	-1	
508	505	7574000b8f7418f1	5			yes					-1	-1	-1	-1	-1	
509	504	998c34e2b3282d9a	6			yes					-1	-1	-1	511	512	513	
510	509	c7578dce16232b84	5			no					-1	-2	-2	-2	-2	
511	509	b4b4578bd2f1415f	5			yes					-1	-1	-1	-1	-1	
512	509	d8fb37a96db0e8ce	5			yes					-1	-1	-1	-1	-1	
513	509	949ba8997db8b07e	5			yes					-1	-1	-1	-1	-1	
514	504	3fd3ce0f5a7bd90b	6			no					-1	-1	-2	-1	-2	-2	
515	503	546b5983780cb2e9	4			yes					-1	516	521	-1	
516	515	f821171e07fca122	6			yes					517	-1	-1	518	519	520	
517	516	19561ff04954fbc8	5			yes					-1	-1	-1	-1	-1	
518	516	d51974776625cde7	5			yes					-1	-1	-1	-1	-1	
519	516	b9561455d9646476	5			yes					-1	-1	-1	-1	-1	
520	516	f5368b65c96c3cc6	5			yes					-1	-1	-1	-1	-1	
521	515	9b467eb5916eb6e1	6			yes					-1	-1	-1	-1	-1	-1	
522	503	b830d6e975b6d03d	4			yes					-1	-1	-1	-1	
523	522	5a1d26556d2e2575	6			no					-1	-1	-1	-1	-1	-2	
524	503	8c7a21619a09f93d	4			yes					-1	-1	-1	-1	
525	0	4d371c7bc5723bd6	5			yes					-1	-1	-1	-1	-1	
