Number of nodes
414
ID	PID	Hash_Value			File_Number	Fully_Enumerated	Children
0	-1	88e05f2d6d0d53da	6			yes					1	53	95	134	173	305	
1	0	99f20466ef4789ff	5			yes					2	17	38	48	52	
2	1	81efc9aaf265cdfd	4			yes					3	6	8	12	
3	2	e7c481db175e4938	4			yes					-1	-1	4	5	
4	3	333eb4418b9bc5d7	3			yes					-1	-1	-1	
5	3	d35f150212876875	3			yes					-1	-1	-1	
6	2	d2597bc4f489becd	4			yes					-1	7	-1	-1	
7	6	3b31c1faaaf77291	3			yes					-1	-1	-1	
8	2	0ad449e313eca2e9	5			yes					-1	9	10	-1	11	
9	8	e3bcf3dd4d926eb5	4			yes					-1	-1	-1	-1	
10	8	8cc3326f4671acba	4			yes					-1	-1	-1	-1	
11	8	38154c88f7d5b7a9	4			yes					-1	-1	-1	-1	
12	2	2f8077229ddd87ab	5			yes					-1	13	14	15	16	
13	12	c6e8cd1cc3a34bf7	4			yes					-1	-1	-1	-1	
14	12	a9970caec84089f8	4			yes					-1	-1	-1	-1	
15	12	3ed9108fa43a9a63	4			yes					-1	-1	-1	-1	
16	12	4678ad3003d962a7	4			yes					-1	-1	-1	-1	
17	1	96c6e1578d28ca2f	4			yes					-1	18	29	36	
18	17	f0ef1c8edae5ff9b	3			yes					19	20	24	
19	18	796f77efc71e7278	4			yes					-1	-1	-1	-1	
20	18	ff264abdce9205cb	5			yes					21	22	-1	-1	23	
21	20	2ec8615a30ee6bf2	4			yes					-1	-1	-1	-1	
22	20	e8e8272d1d534022	4			yes					-1	-1	-1	-1	
23	20	cde74fd62aab108b	4			yes					-1	-1	-1	-1	
24	18	da72747c40a32089	5			yes					25	26	-1	27	28	
25	24	0b9c5f9bbedf4eb0	4			yes					-1	-1	-1	-1	
26	24	cdbc19ec93626560	4			yes					-1	-1	-1	-1	
27	24	cb2b13d179443d41	4			yes					-1	-1	-1	-1	
28	24	b38aae6edea7c585	4			yes					-1	-1	-1	-1	
29	17	6e0485a426680222	3			yes					30	-1	32	
30	29	886666551cf5f0f5	4			yes					-1	-1	-1	31	
31	30	4f255313793dec75	3			yes					-1	-1	-1	
32	29	591fedac7a12b674	5			yes					33	34	-1	-1	35	
33	32	88f1c64b846ed84d	4			yes					-1	-1	-1	-1	
34	32	4ed1803ca9d3f39d	4			yes					-1	-1	-1	-1	
35	32	0c48fd2a8a915c14	4			yes					-1	-1	-1	-1	
36	17	86f654e6e1afb9bb	3			yes					37	-1	-1	
37	36	baa7cf108c838d79	4			yes					-1	-1	-1	-1	
38	1	ffdbf9bfb88abc4b	4			yes					-1	-1	39	46	
39	38	07199d4c13ca7446	3			yes					40	-1	41	
40	39	9b4504a9fb030f2c	4			yes					-1	-1	-1	-1	
41	39	f5e16f604d03a203	5			yes					42	43	44	-1	-1	
42	41	240f4487b37fcc3a	4			yes					-1	-1	-1	-1	
43	41	e22f02f09ec2e7ea	4			yes					-1	-1	-1	-1	
44	41	1c89d55e137d6e5f	4			yes					-1	-1	-1	-1	
45	41	3aad32e6a87d0d80	4			no					-1	-2	-2	-1	
46	38	efeb4c0ed40dcfdf	3			yes					47	-1	-1	
47	46	04a2f338ca5e6fde	4			yes					-1	-1	-1	-1	
48	1	61306095440741f2	4			yes					-1	-1	-1	49	
49	48	7100d52428803266	3			yes					50	-1	-1	
50	49	35339f65d311b797	5			yes					-1	-1	-1	-1	51	
51	50	8b19f127b5e660d2	4			yes					-1	-1	-1	-1	
52	1	89c2b1d783c0fa6b	4			yes					-1	-1	-1	-1	
53	0	a6d232a71ce7976d	5			yes					54	72	82	91	94	
54	53	af591d70060903c2	4			yes					55	59	66	70	
55	54	c2b15f87d18e904d	4			yes					-1	56	57	58	
56	55	20f8979529e18363	3			yes					-1	-1	-1	
57	55	e152d81146661199	3			yes					-1	-1	-1	
58	55	f62acb5ed457b100	3			yes					-1	-1	-1	
59	54	c970e0a951c43676	3			yes					60	62	64	
60	59	10b8950dfda8fbc8	4			yes					-1	-1	-1	61	
61	60	8084e522aaef1902	3			yes					-1	-1	-1	
62	59	1bbecb99633f2999	4			yes					63	-1	-1	-1	
63	62	0aa99a8441a39765	3			yes					-1	-1	-1	
64	59	556aca21b7600f8a	5			yes					-1	-1	-1	-1	65	
65	64	4f9abfbf488f923d	4			yes					-1	-1	-1	-1	
66	54	579b7983ad49cbcf	3			yes					67	-1	68	
67	66	6abd06dc8b17c92f	4			yes					-1	-1	-1	-1	
68	66	fb9cb11facb734f1	5			yes					-1	-1	-1	-1	69	
69	68	45b6df5dca40e3b4	4			yes					-1	-1	-1	-1	
70	54	bf69a8c16a8e7056	3			yes					71	-1	-1	
71	70	9fd2114c4a53540c	4			yes					-1	-1	-1	-1	
72	53	8750034c8ae41a82	4			yes					-1	73	75	79	
73	72	5d4766cbe0e7969f	4			yes					74	-1	-1	-1	
74	73	c49487b1a96805f0	3			yes					-1	-1	-1	
75	72	85ca54ec07828abb	5			yes					76	-1	77	-1	78	
76	75	1c19b5964e0d19d4	4			yes					-1	-1	-1	-1	
77	75	03dd2f60521f84e8	4			yes					-1	-1	-1	-1	
78	75	b70b5187e3bb9ffb	4			yes					-1	-1	-1	-1	
79	72	a09e6a2d89b3aff9	5			yes					80	-1	81	-1	-1	
80	79	394d8b57c03c3c96	4			yes					-1	-1	-1	-1	
81	79	268911a1dc2ea1aa	4			yes					-1	-1	-1	-1	
82	53	c0fbcf7e4b2aa2d9	4			yes					-1	-1	83	89	
83	82	3839ab8de06a6ad4	3			yes					-1	84	85	
84	83	145b19a6ef6d277e	4			yes					-1	-1	-1	-1	
85	83	e17cda2f97f3373f	5			yes					86	87	88	-1	-1	
86	85	78af3b55de7ca450	4			yes					-1	-1	-1	-1	
87	85	aa12c86d29311abc	4			yes					-1	-1	-1	-1	
88	85	08146011c98dfb63	4			yes					-1	-1	-1	-1	
89	82	d0cb7acf27add14d	3			yes					-1	90	-1	
90	89	8bbcee37de30478c	4			yes					-1	-1	-1	-1	
91	53	5e105654b7a75f60	4			yes					-1	-1	-1	92	
92	91	4e20e3e5db202cf4	3			yes					-1	93	-1	
93	92	ba2d826ac77f9fc5	5			yes					-1	-1	-1	-1	-1	
94	53	b6e287167060e4f9	4			yes					-1	-1	-1	-1	
95	0	6f358858fcc93ce4	5			yes					96	114	124	130	133	
96	95	66bea78fe627a84b	4			yes					97	105	107	112	
97	96	1e2f9ae74dbc57ae	3			yes					-1	98	101	
98	97	59af861393331f0a	5			yes					-1	-1	99	-1	100	
99	98	dfb8fd9fc6ae1159	4			yes					-1	-1	-1	-1	
100	98	6b6e8378770a0a4a	4			yes					-1	-1	-1	-1	
101	97	7cfbb8d21d023a48	5			yes					-1	-1	102	103	104	
102	101	faecc35e489f341b	4			yes					-1	-1	-1	-1	
103	101	6da2df7f24e52780	4			yes					-1	-1	-1	-1	
104	101	150362c08306df44	4			yes					-1	-1	-1	-1	
105	96	d5794d26fc951a72	4			yes					-1	-1	-1	106	
106	105	e1e2d9fff94c3b3f	3			yes					-1	-1	-1	
107	96	9e7cc37c4d676046	3			yes					-1	108	109	
108	107	65138a185ce7b82d	4			yes					-1	-1	-1	-1	
109	107	e885bf6f963425fb	5			yes					-1	-1	110	-1	111	
110	109	6e92c4e3c3a92ba8	4			yes					-1	-1	-1	-1	
111	109	56afd12df0c3f2be	4			yes					-1	-1	-1	-1	
112	96	768e123e8aa0dbdf	3			yes					-1	113	-1	
113	112	881a03ed6748de33	4			yes					-1	-1	-1	-1	
114	95	17a4b5305752c301	4			yes					-1	115	117	122	
115	114	7582f8727662ae84	4			yes					116	-1	-1	-1	
116	115	ec5119083fed3deb	3			yes					-1	-1	-1	
117	114	ef66d1c3fc120b0c	3			yes					-1	118	119	
118	117	212ab748cfefefd2	4			yes					-1	-1	-1	-1	
119	117	a24ecffe4cf1b73c	5			yes					120	-1	-1	-1	121	
120	119	3b9d2e84057e2453	4			yes					-1	-1	-1	-1	
121	119	f719df78bc725d5c	4			yes					-1	-1	-1	-1	
122	114	079400813bd5b095	3			yes					-1	123	-1	
123	122	6ade7c043f9aaaf8	4			yes					-1	-1	-1	-1	
124	95	99e8c3fd76b2d0d3	4			yes					-1	-1	125	128	
125	124	b71b80207961f89d	5			yes					-1	126	-1	-1	127	
126	125	a0d5edb0aaa0bd74	4			yes					-1	-1	-1	-1	
127	125	85da854b9d58eddd	4			yes					-1	-1	-1	-1	
128	124	924fbee1f750dddf	5			yes					-1	129	-1	-1	-1	
129	128	8581d37124919836	4			yes					-1	-1	-1	-1	
130	95	97f7ecab5789f4e9	4			yes					-1	-1	-1	131	
131	130	87c7591a3b0e877d	3			yes					-1	-1	132	
132	131	88fc56a6b99cede3	5			yes					-1	-1	-1	-1	-1	
133	95	7f053de9904e4f70	4			yes					-1	-1	-1	-1	
134	0	18d3c2d5d1a442d8	5			yes					135	150	163	170	172	
135	134	1158ed02cb4ad677	4			yes					136	144	147	148	
136	135	69c9d06a60d12992	3			yes					137	139	140	
137	136	9ecadcce4f3c7fee	4			yes					-1	138	-1	-1	
138	137	43782d9e6f3b441f	3			yes					-1	-1	-1	
139	136	52c22fcb0da00350	4			yes					-1	-1	-1	-1	
140	136	956da2654476a791	5			yes					-1	141	-1	142	143	
141	140	7c05185b1a086bcd	4			yes					-1	-1	-1	-1	
142	140	8434c5c87d91ba59	4			yes					-1	-1	-1	-1	
143	140	fc957877da72429d	4			yes					-1	-1	-1	-1	
144	135	1e6c0833a92595a7	3			yes					-1	145	146	
145	144	920e5bcfba600931	4			yes					-1	-1	-1	-1	
146	144	802d644f8554c523	4			yes					-1	-1	-1	-1	
147	135	40a0b49a73261172	4			yes					-1	-1	-1	-1	
148	135	016858b3a7cda5e3	3			yes					-1	-1	149	
149	148	7e6dc19d4633c723	4			yes					-1	-1	-1	-1	
150	134	6042ffbd7a3fbd3d	4			yes					-1	151	157	160	
151	150	6f761a8c1850feed	3			yes					-1	152	153	
152	151	dddc32c419ce2b02	4			yes					-1	-1	-1	-1	
153	151	1a73bf6a50188fc3	5			yes					154	-1	-1	155	156	
154	153	83a05e1019971cac	4			yes					-1	-1	-1	-1	
155	153	0b2ad8c769ff920b	4			yes					-1	-1	-1	-1	
156	153	738b6578ce1c6acf	4			yes					-1	-1	-1	-1	
157	150	e279baf6c00fe318	5			yes					158	-1	-1	-1	159	
158	157	7baa5b8c89807077	4			yes					-1	-1	-1	-1	
159	157	b230a7b857c691cf	4			yes					-1	-1	-1	-1	
160	150	70724a0c16b8cea9	3			yes					-1	-1	161	
161	160	1ff45881a2b6b8ab	5			yes					-1	-1	-1	-1	162	
162	161	05042d1f5d59251c	4			yes					-1	-1	-1	-1	
163	134	17e727e4b3cb0108	4			yes					-1	-1	164	168	
164	163	402b665852fef291	5			yes					165	166	-1	-1	167	
165	164	d9f887221b7161fe	4			yes					-1	-1	-1	-1	
166	164	57e50bc8813fb778	4			yes					-1	-1	-1	-1	
167	164	7fd4690fc4289eb6	4			yes					-1	-1	-1	-1	
168	163	07d79255df4c729c	3			yes					-1	-1	169	
169	168	8be386b81b87fe94	5			yes					-1	-1	-1	-1	-1	
170	134	6e1e423fbf9d5b0e	4			yes					-1	-1	-1	171	
171	170	da4cdd099326bee7	5			yes					-1	-1	-1	-1	-1	
172	134	08e37764bd23314c	4			yes					-1	-1	-1	-1	
173	0	94cd244a4f7092e2	5			yes					174	187	199	211	241	
174	173	4f82bc785d9c069f	4			yes					175	179	186	-1	
175	174	579f71b440be429d	3			yes					176	177	-1	
176	175	7d077a02c50fd6b5	4			yes					-1	-1	-1	-1	
177	175	1d2a81e7dd4df82e	5			yes					-1	-1	-1	178	-1	
178	177	121188bdb2db1475	4			yes					-1	-1	-1	-1	
179	174	40b659493ff3454f	3			yes					-1	180	185	
180	179	e1007ac1a5246203	5			yes					181	182	-1	183	184	
181	180	30ee51265b580c3a	4			yes					-1	-1	-1	-1	
182	180	f6ce175176e527ea	4			yes					-1	-1	-1	-1	
183	180	89e90cdcef46b004	4			yes					-1	-1	-1	-1	
184	180	ca3abfdead220a4a	4			yes					-1	-1	-1	-1	
185	179	58c64c8508f729c9	5			yes					-1	-1	-1	-1	-1	
186	174	29ab41a10a51332b	3			yes					-1	-1	-1	
187	173	70a28ab9ae3c180d	4			yes					188	196	198	-1	
188	187	7929a56eb4d28ca2	3			yes					189	190	195	
189	188	5722fc6047316c1e	4			yes					-1	-1	-1	-1	
190	188	f6ab0834578e24e5	5			yes					191	192	-1	193	194	
191	190	e7bc592975129a19	4			yes					-1	-1	-1	-1	
192	190	08f1dd8532602431	4			yes					-1	-1	-1	-1	
193	190	f990016e3818c8be	4			yes					-1	-1	-1	-1	
194	190	c2309ced525705a8	4			yes					-1	-1	-1	-1	
195	188	5d137bdef5c4ef83	5			yes					-1	-1	-1	-1	-1	
196	187	5120bb52383f95e2	3			yes					-1	197	-1	
197	196	92349ce8c923d07c	5			yes					-1	-1	-1	-1	-1	
198	187	168b7760f9f12db9	3			yes					-1	-1	-1	
199	173	b94530464e12b384	4			yes					200	207	210	-1	
200	199	b0ce1f9154fc272b	3			yes					201	205	206	
201	200	4789b66ff88578c2	5			yes					-1	202	203	204	-1	
202	201	fd9ac3a12624097d	4			yes					-1	-1	-1	-1	
203	201	c19ecde3ad187691	4			yes					-1	-1	-1	-1	
204	201	2f60c072b2e7aac5	4			yes					-1	-1	-1	-1	
205	200	dc7656e6516de2f0	4			yes					-1	-1	-1	-1	
206	200	4e0a75aecf47fe89	5			yes					-1	-1	-1	-1	-1	
207	199	c1d40d2ee5894c61	3			yes					-1	208	209	
208	207	a69dbd58e70a7495	5			yes					-1	-1	-1	-1	-1	
209	207	2521d3a7e01c173b	5			yes					-1	-1	-1	-1	-1	
210	199	4f987be3c4695fb3	3			yes					-1	-1	-1	
211	173	9d4778b698f3940b	5			yes					212	225	232	239	240	
212	211	94cc5761821d00a4	4			yes					213	218	222	223	
213	212	ae1facd8a1f1e51b	5			yes					-1	214	215	216	217	
214	213	477716e6ff8f2947	4			yes					-1	-1	-1	-1	
215	213	92e502132dc7cb72	4			yes					-1	-1	-1	-1	
216	213	c6f6dac5eb93371c	4			yes					-1	-1	-1	-1	
217	213	852569c7a9f78d52	4			yes					-1	-1	-1	-1	
218	212	1bc0c92f1d97a274	5			yes					-1	-1	219	220	221	
219	218	f72a77868f2e51c6	4			yes					-1	-1	-1	-1	
220	218	14fbc07572014e2f	4			yes					-1	-1	-1	-1	
221	218	2f5b5df6184e8339	4			yes					-1	-1	-1	-1	
222	212	01a8d8bad9151ad2	4			yes					-1	-1	-1	-1	
223	212	8e75ddf6ca66448b	5			yes					-1	-1	-1	-1	-1	
224	223	b28f733d46506ae2	4			no					-1	-2	-2	-2	
225	211	e5d645de33686bee	4			yes					-1	226	230	231	
226	225	2101b1d7b59fcd49	5			yes					227	-1	228	229	-1	
227	226	b8d250adfc105e26	4			yes					-1	-1	-1	-1	
228	226	1dfb1f1c39a9e320	4			yes					-1	-1	-1	-1	
229	226	49e8c7cafffd1f4e	4			yes					-1	-1	-1	-1	
230	225	3fcf7ea63d16f428	5			yes					-1	-1	-1	-1	-1	
231	225	8768e62a05d11453	5			yes					-1	-1	-1	-1	-1	
232	211	92739d87fa9cd7db	4			yes					-1	-1	233	234	
233	232	9fd867aae7bc969b	5			yes					-1	-1	-1	-1	-1	
234	232	82ae94d0a22a18f0	6			yes					235	236	-1	-1	-1	238	
235	234	1b7d75aaeba58b9f	5			yes					-1	-1	-1	-1	-1	
236	234	9560f94071eb5d19	5			yes					-1	-1	-1	-1	-1	
237	234	6e442a793093eb42	5			no					-1	-2	-1	-1	-2	
238	234	0b07b0048d582d57	5			yes					-1	-1	-1	-1	-1	
239	211	a2d48bf305ef8349	4			yes					-1	-1	-1	-1	
240	211	41bd04cb4e063fd8	4			yes					-1	-1	-1	-1	
241	173	67af251bbdc6c6c6	6			yes					242	268	287	299	302	304	
242	241	6e240acca7285269	5			yes					243	249	255	260	261	
243	242	4107163217828353	6			yes					-1	244	245	246	247	248	
244	243	a86fac0c49fc4f0f	5			yes					-1	-1	-1	-1	-1	
245	243	c7106dbe421f8d00	5			yes					-1	-1	-1	-1	-1	
246	243	29ee602f5de05154	5			yes					-1	-1	-1	-1	-1	
247	243	e8c63474942882e5	5			yes					-1	-1	-1	-1	-1	
248	243	96099ec6f3f6acde	5			yes					-1	-1	-1	-1	-1	
249	242	8e5194ccd2f9d7a8	6			yes					-1	-1	250	251	253	254	
250	249	0361faa9bb7b09a8	5			yes					-1	-1	-1	-1	-1	
251	249	816a9d96bd6f3bf3	5			yes					-1	-1	-1	-1	252	
252	251	9ebb91b6ff546d17	4			yes					-1	-1	-1	-1	
253	249	2d52e48d4da5e40b	5			yes					-1	-1	-1	-1	-1	
254	249	918098ec90c2814c	5			yes					-1	-1	-1	-1	-1	
255	242	8701f20e7b75ae06	6			yes					-1	-1	-1	256	258	259	
256	255	883afb5414e3425d	5			yes					-1	-1	-1	-1	257	
257	256	97ebf77456d814b9	4			yes					-1	-1	-1	-1	
258	255	2402824fe4299da5	5			yes					-1	-1	-1	-1	-1	
259	255	98d0fe2e394ef8e2	5			yes					-1	-1	-1	-1	-1	
260	242	4116ee6bdce8cc9a	4			yes					-1	-1	-1	-1	
261	242	3ebec127e5f91772	4			yes					262	264	266	-1	
262	261	0b88998c8f221ba1	6			yes					-1	-1	-1	-1	263	-1	
263	262	a249bbca0c881a17	5			yes					-1	-1	-1	-1	-1	
264	261	9e6d67f172f56cc5	6			yes					-1	-1	-1	265	-1	-1	
265	264	91566eab1d63809e	5			yes					-1	-1	-1	-1	-1	
266	261	973d0133db79156b	6			yes					-1	-1	-1	267	-1	-1	
267	266	98060869b4eff930	5			yes					-1	-1	-1	-1	-1	
268	241	1f3e1873165d3923	5			yes					-1	269	275	281	282	
269	268	ce190b3d03ecab01	6			yes					270	-1	271	272	273	274	
270	269	57caea474a63386e	5			yes					-1	-1	-1	-1	-1	
271	269	480e70b15671a552	5			yes					-1	-1	-1	-1	-1	
272	269	a6f07d20498e7906	5			yes					-1	-1	-1	-1	-1	
273	269	67d8297b8046aab7	5			yes					-1	-1	-1	-1	-1	
274	269	191783c9e798848c	5			yes					-1	-1	-1	-1	-1	
275	268	085b191db7a294cf	6			yes					276	-1	-1	277	278	279	
276	275	9188f867fe2d07a0	5			yes					-1	-1	-1	-1	-1	
277	275	07601047d8347894	5			yes					-1	-1	-1	-1	-1	
278	275	ab58695c28fea76c	5			yes					-1	-1	-1	-1	-1	
279	275	178a153df599c22b	5			yes					-1	-1	-1	280	-1	
280	279	18b11c679a0f2e70	4			yes					-1	-1	-1	-1	
281	268	300cfcd46d9da7d0	4			yes					-1	-1	-1	-1	
282	268	4fa4d398548c7c38	4			yes					-1	283	285	-1	
283	282	849684839b4c33f3	6			yes					-1	-1	-1	-1	284	-1	
284	283	2d57a6c518e63245	5			yes					-1	-1	-1	-1	-1	
285	282	1867ea2017ae2fa2	6			yes					-1	-1	-1	286	-1	-1	
286	285	175ce37a7838c3f9	5			yes					-1	-1	-1	-1	-1	
287	241	689bc02adfa98516	5			yes					-1	-1	288	294	295	
288	287	fcc8dff17d0fd927	6			yes					289	290	-1	291	292	293	
289	288	651b3e8b34804a48	5			yes					-1	-1	-1	-1	-1	
290	288	eb06b261aece9cce	5			yes					-1	-1	-1	-1	-1	
291	288	9421a9ec376d0b20	5			yes					-1	-1	-1	-1	-1	
292	288	5509fdb7fea5d891	5			yes					-1	-1	-1	-1	-1	
293	288	2bc65705997bf6aa	5			yes					-1	-1	-1	-1	-1	
294	287	47a9248da4691be5	4			yes					-1	-1	-1	-1	
295	287	38010bc19d78c00d	4			yes					-1	-1	296	-1	
296	295	b647504fe5af41d5	6			yes					-1	-1	-1	-1	298	-1	
297	296	2f94b135ac20d2ba	5			no					-1	-1	-1	-2	-2	
298	296	1f86720966054063	5			yes					-1	-1	-1	-1	-1	
299	241	0186d8c2ea0bf372	5			yes					-1	-1	-1	300	301	
300	299	2eb43c6591cb6d81	4			yes					-1	-1	-1	-1	
301	299	511c1329a8dab669	4			yes					-1	-1	-1	-1	
302	241	489dc1bcc6065835	5			yes					-1	-1	-1	-1	303	
303	302	18070a5784d71d2e	4			yes					-1	-1	-1	-1	
304	241	3735eef0ff1783dd	5			yes					-1	-1	-1	-1	-1	
305	0	d9ed353ef7e17ec9	5			yes					306	335	359	384	-1	
306	305	90bd8665aab15428	5			yes					307	313	327	334	-1	
307	306	88a04ba9b793102a	4			yes					308	310	312	-1	
308	307	6f8d6963cfe00d32	5			yes					-1	-1	-1	-1	309	
309	308	705c65438ddb5bd6	4			yes					-1	-1	-1	-1	
310	307	3ea7f5cd3378f6a2	5			yes					-1	-1	-1	-1	311	
311	310	2176f9ed7143a046	4			yes					-1	-1	-1	-1	
312	307	3c984906810b63aa	5			yes					-1	-1	-1	-1	-1	
313	306	9f896354c8de17f8	4			yes					-1	314	323	-1	
314	313	0f58d20f03c0a0c2	6			yes					315	317	-1	319	321	322	
315	314	deb6f9e8fdbccefb	5			yes					-1	-1	-1	-1	316	
316	315	c167f5c8bf87981f	4			yes					-1	-1	-1	-1	
317	314	1896bf9fd001e52b	5			yes					-1	-1	-1	-1	318	
318	317	0747b3bf923ab3cf	4			yes					-1	-1	-1	-1	
319	314	1e01b5a23a27bd0a	5			yes					-1	-1	-1	-1	320	
320	319	01d0b982781cebee	4			yes					-1	-1	-1	-1	
321	314	ac5ba24e9c9c9361	5			yes					-1	-1	-1	-1	-1	
322	314	1089de2f41fbf626	5			yes					-1	-1	-1	-1	-1	
323	313	5359c40b97114a8e	5			yes					324	325	-1	-1	326	
324	323	82b7efec696d24b7	4			yes					-1	-1	-1	-1	
325	323	4497a99b44d00f67	4			yes					-1	-1	-1	-1	
326	323	84574cff73656503	4			yes					-1	-1	-1	-1	
327	306	f6947bbcfd7c619c	4			yes					-1	-1	328	-1	
328	327	fef7151094b17e44	6			yes					329	330	331	-1	332	333	
329	328	2f193ef76acd107d	5			yes					-1	-1	-1	-1	-1	
330	328	e939788047703bad	5			yes					-1	-1	-1	-1	-1	
331	328	179faf2ecacfb218	5			yes					-1	-1	-1	-1	-1	
332	328	257c3ec6ea465b64	5			yes					-1	-1	-1	-1	-1	
333	328	e1261930d68a28a0	5			yes					-1	-1	-1	-1	-1	
334	306	687fe29601f19c25	4			yes					-1	-1	-1	-1	
335	305	af9db0a459114aba	5			yes					336	346	350	358	-1	
336	335	a6169f7343ffde15	4			yes					337	339	344	-1	
337	336	4af8b73f0930d447	5			yes					-1	-1	-1	-1	338	
338	337	5529bb1f4b0b82a3	4			yes					-1	-1	-1	-1	
339	336	efa1af7b185e03cf	5			yes					340	341	-1	342	343	
340	339	feb6fe663ac2bd33	4			yes					-1	-1	-1	-1	
341	339	11fb7aca7db0031b	4			yes					-1	-1	-1	-1	
342	339	0db58a84292ba48b	4			yes					-1	-1	-1	-1	
343	339	38af278ffc2a2c42	4			yes					-1	-1	-1	-1	
344	336	f237677cfeade0cc	5			yes					-1	-1	-1	-1	345	
345	344	2539ef881ad9cf41	4			yes					-1	-1	-1	-1	
346	335	8e1f814fcf12c755	4			yes					-1	347	349	-1	
347	346	b1b9e8c22716def0	5			yes					-1	-1	-1	-1	348	
348	347	ae68e4e2652d8814	4			yes					-1	-1	-1	-1	
349	346	b386540995654bf8	5			yes					-1	-1	-1	-1	-1	
350	335	c9b44d7d0edc7f0e	4			yes					-1	-1	351	-1	
351	350	ea6aa05f4e41eb78	6			yes					352	353	354	-1	356	357	
352	351	73b9412507ce7817	5			yes					-1	-1	-1	-1	-1	
353	351	a104b21df083c6fb	5			yes					-1	-1	-1	-1	-1	
354	351	03021a61103f2724	5			yes					-1	-1	-1	-1	355	
355	354	1cd31641520471c0	4			yes					-1	-1	-1	-1	
356	351	31e18b8930b6ce58	5			yes					-1	-1	-1	-1	-1	
357	351	f5bbac7f0c7abd9c	5			yes					-1	-1	-1	-1	-1	
358	335	575fd457f25182b7	4			yes					-1	-1	-1	-1	
359	305	667a0a5bb93fe133	5			yes					360	375	381	383	-1	
360	359	6ff1258ca3d1759c	4			yes					361	370	372	-1	
361	360	a9d11ea15e61ba03	6			yes					-1	362	364	366	368	369	
362	361	13c26b6f80c0cbbc	5			yes					-1	-1	-1	-1	363	
363	362	0c13674fc2fb9d58	4			yes					-1	-1	-1	-1	
364	361	2fc6652d0bfcb450	5			yes					-1	-1	-1	-1	365	
365	364	3017690d49c7e2b4	4			yes					-1	-1	-1	-1	
366	361	b888790c6786a7cb	5			yes					-1	-1	-1	-1	367	
367	366	a759752c25bdf12f	4			yes					-1	-1	-1	-1	
368	361	0ad26ee0c13d89a0	5			yes					-1	-1	-1	-1	-1	
369	361	b60012811c5aece7	5			yes					-1	-1	-1	-1	-1	
370	360	5d30a59e242b5e78	5			yes					-1	-1	-1	-1	371	
371	370	42e1a9be6610089c	4			yes					-1	-1	-1	-1	
372	360	e12e690cc42ef1c6	5			yes					-1	-1	373	-1	374	
373	372	6739128091b3ff95	4			yes					-1	-1	-1	-1	
374	372	3620e1f8205ade4b	4			yes					-1	-1	-1	-1	
375	359	1eeb373312a41ed6	4			yes					-1	376	378	-1	
376	375	433d2e11408c1db5	5			yes					-1	-1	-1	-1	377	
377	376	5cec223102b74b51	4			yes					-1	-1	-1	-1	
378	375	e395c7d63347e885	5			yes					379	-1	-1	-1	380	
379	378	7a4626ac7ac87bea	4			yes					-1	-1	-1	-1	
380	378	349b4f22d733c708	4			yes					-1	-1	-1	-1	
381	359	90a741fe33440d04	4			yes					-1	-1	382	-1	
382	381	815780c5eb8639de	5			yes					-1	-1	-1	-1	-1	
383	359	9eb86ea8127f293e	4			yes					-1	-1	-1	-1	
384	305	119c40d694529f0f	5			yes					385	399	411	413	-1	
385	384	18176f018ebc0ba0	4			yes					386	395	397	-1	
386	385	40470416071527da	6			yes					-1	387	389	391	392	393	
387	386	a92fbe28596beb86	5			yes					-1	-1	-1	-1	388	
388	387	b6feb2081b50bd62	4			yes					-1	-1	-1	-1	
389	386	7cbdaadd8b2309b3	5			yes					-1	-1	-1	-1	390	
390	389	636ca6fdc9185f57	4			yes					-1	-1	-1	-1	
391	386	511e63bb3ef23a12	5			yes					-1	-1	-1	-1	-1	
392	386	e344745798491479	5			yes					-1	-1	-1	-1	-1	
393	386	5f960836452e713e	5			yes					-1	-1	-1	394	-1	
394	393	4ecf6f9b7cc96cf6	4			yes					-1	-1	-1	-1	
395	385	622692eaf75d7609	5			yes					-1	-1	-1	-1	396	
396	395	7df79ecab56620ed	4			yes					-1	-1	-1	-1	
397	385	d83a18481aedda53	5			yes					-1	-1	-1	-1	398	
398	397	c7eb146858d68cb7	4			yes					-1	-1	-1	-1	
399	384	690d7dbe3fc960ea	4			yes					-1	400	409	-1	
400	399	cf591919137b0f88	6			yes					401	-1	403	405	407	408	
401	400	568af8635af49ce7	5			yes					-1	-1	-1	-1	402	
402	401	495bf44318cfca03	4			yes					-1	-1	-1	-1	
403	400	f3a3b7d29f4d21e1	5			yes					-1	-1	-1	-1	404	
404	403	ec72bbf2dd767705	4			yes					-1	-1	-1	-1	
405	400	de007eb42a9c1240	5			yes					-1	-1	-1	-1	406	
406	405	c1d1729468a744a4	4			yes					-1	-1	-1	-1	
407	400	6c5a69588c273c2b	5			yes					-1	-1	-1	-1	-1	
408	400	d08815395140596c	5			yes					-1	-1	-1	-1	-1	
409	399	fd218f9eb13db278	5			yes					-1	-1	-1	-1	410	
410	409	e2f083bef306e49c	4			yes					-1	-1	-1	-1	
411	384	1ea8a5e7f63ddcdf	4			yes					-1	-1	412	-1	
412	411	c7d97187e92ce3d1	5			yes					-1	-1	-1	-1	-1	
413	384	6751c03cfa6b86d9	4			yes					-1	-1	-1	-1	
