Number of nodes
552
ID	PID	Hash_Value			File_Number	Fully_Enumerated	Children
0	-1	d77845b93e4d19cf	6			yes					1	172	308	423	503	551	
1	0	6d76afe3fb5182dd	5			yes					2	62	89	115	131	
2	1	bf47398758cfa3b0	5			yes					3	17	35	50	61	
3	2	b0b7a5fda46289d1	4			yes					4	5	8	13	
4	3	60fd27f8ac9ad87e	4			yes					-1	-1	-1	-1	
5	3	2fa928a67835ed5e	5			yes					-1	6	-1	-1	7	
6	5	f9daefd6924ed309	4			yes					-1	-1	-1	-1	
7	5	ccc248cd16187a94	4			yes					-1	-1	-1	-1	
8	3	01fa1a78393da8fe	3			yes					9	10	11	
9	8	fbd9f625caa3851c	4			yes					-1	-1	-1	-1	
10	8	2ac2c1ff9fc65521	4			yes					-1	-1	-1	-1	
11	8	013bce3f5b00b099	5			yes					-1	-1	-1	-1	12	
12	11	0988d8d9558d7d94	4			yes					-1	-1	-1	-1	
13	3	686f35987d25e823	3			yes					14	15	-1	
14	13	ee1079a417c5fd68	4			yes					-1	-1	-1	-1	
15	13	0310b6a8b6cc8d39	5			yes					-1	-1	-1	-1	16	
16	15	0ba3a04eb8414034	4			yes					-1	-1	-1	-1	
17	2	b5da7e1f39c7a0ae	4			yes					-1	18	25	30	
18	17	5df9f61a8d6bac02	5			yes					19	21	22	23	24	
19	18	c8bee21ef583967f	4			yes					20	-1	-1	-1	
20	19	85e044b1f3a06cfa	3			yes					-1	-1	-1	
21	18	10a750b58b485687	4			yes					-1	-1	-1	-1	
22	18	5a7719b20ad664aa	4			yes					-1	-1	-1	-1	
23	18	ece55c0a143f9ac0	4			yes					-1	-1	-1	-1	
24	18	6e8bf71360223e92	4			yes					-1	-1	-1	-1	
25	17	2dcf272baa08b73b	5			yes					26	27	-1	28	29	
26	25	b888332fd2e08d46	4			yes					-1	-1	-1	-1	
27	25	60918184ac2b4dbe	4			yes					-1	-1	-1	-1	
28	25	87e4173f5192aaf6	4			yes					-1	-1	-1	-1	
29	25	48df293826b1dd9f	4			yes					-1	-1	-1	-1	
30	17	3806a8aa776ecf4f	5			yes					31	32	33	34	-1	
31	30	ad41bcae0f86f532	4			yes					-1	-1	-1	-1	
32	30	75580e05714d35ca	4			yes					-1	-1	-1	-1	
33	30	02eb032dd48ecfe5	4			yes					-1	-1	-1	-1	
34	30	9d6ec69719922e2c	4			yes					-1	-1	-1	-1	
35	2	6cf8f402d9bd69a2	4			yes					-1	-1	36	41	
36	35	fcd410f1ff6d6706	5			yes					37	38	39	-1	40	
37	36	699304f587855d7b	4			yes					-1	-1	-1	-1	
38	36	b18ab65ef94e9d83	4			yes					-1	-1	-1	-1	
39	36	2aa7d78115165951	4			yes					-1	-1	-1	-1	
40	36	99c41ee273d40da2	4			yes					-1	-1	-1	-1	
41	35	d50667a6d667bf1e	6			yes					42	44	46	-1	48	49	
42	41	404173a2ae8f8563	5			yes					-1	-1	-1	-1	43	
43	42	48f26544a002486e	4			yes					-1	-1	-1	-1	
44	41	9858c109d044459b	5			yes					-1	-1	-1	-1	45	
45	44	90ebd7efdec98896	4			yes					-1	-1	-1	-1	
46	41	0375a0d63c1c8149	5			yes					-1	-1	-1	-1	47	
47	46	0bc6b63032914c44	4			yes					-1	-1	-1	-1	
48	41	26b9ac43ad3e1a86	5			yes					-1	-1	-1	-1	-1	
49	41	ddb57140d8ea7213	5			yes					-1	-1	-1	-1	-1	
50	2	0e0a8602c590829f	4			yes					-1	-1	-1	51	
51	50	d72d1f313bab82be	6			yes					52	54	56	58	-1	60	
52	51	426a0b354343b8c3	5			yes					-1	-1	-1	-1	53	
53	52	4ad91dd34dce75ce	4			yes					-1	-1	-1	-1	
54	51	9a73b99e3d88783b	5			yes					-1	-1	-1	-1	55	
55	54	92c0af783305b536	4			yes					-1	-1	-1	-1	
56	51	015ed841d1d0bce9	5			yes					-1	-1	-1	-1	57	
57	56	09edcea7df5d71e4	4			yes					-1	-1	-1	-1	
58	51	dbbc877f36333b78	5			yes					-1	-1	-1	-1	59	
59	58	d30f919938bef675	4			yes					-1	-1	-1	-1	
60	51	df9e09d735264fb3	5			yes					-1	-1	-1	-1	-1	
61	2	679fa9e28188c242	4			yes					-1	-1	-1	-1	
62	1	c3f2718e4f30f9cb	4			yes					63	71	77	88	
63	62	f5a28a2c72427658	3			yes					64	65	68	
64	63	8bef2714edc09e25	4			yes					-1	-1	-1	-1	
65	63	3333614066e92890	5			yes					-1	-1	-1	-1	67	
66	65	2c8ed397d250d8af	4			no					-1	-2	-1	-2	
67	65	c87310d1c9c30a8e	4			yes					-1	-1	-1	-1	
68	63	e937ab33f344f05b	5			yes					-1	69	70	-1	-1	
69	68	f68a19e447fd0064	4			yes					-1	-1	-1	-1	
70	68	e5a6337dfedc499d	4			yes					-1	-1	-1	-1	
71	62	5fc5d442796acf4e	3			yes					-1	72	74	
72	71	164e90833c4a868f	5			yes					-1	-1	-1	-1	73	
73	72	ed0ee1129360a491	4			yes					-1	-1	-1	-1	
74	71	cc4a5af0a9e75e44	5			yes					75	76	-1	-1	-1	
75	74	590d4ef4d10f6439	4			yes					-1	-1	-1	-1	
76	74	66dd19a3ab50b9a8	4			yes					-1	-1	-1	-1	
77	62	72bfce0bd26fd8e4	3			yes					-1	-1	78	
78	77	f92a8f6a61fd51bf	6			yes					79	81	83	85	-1	87	
79	78	6c6d9b6e19156bc2	5			yes					-1	-1	-1	-1	80	
80	79	64de8d881798a6cf	4			yes					-1	-1	-1	-1	
81	78	53bdcc39634ab653	5			yes					-1	-1	-1	-1	82	
82	81	5b0edadf6dc77b5e	4			yes					-1	-1	-1	-1	
83	78	e6973dbdd544a180	5			yes					-1	-1	-1	-1	84	
84	83	ee242b5bdbc96c8d	4			yes					-1	-1	-1	-1	
85	78	f5bb17246c65e879	5			yes					-1	-1	-1	-1	86	
86	85	fd0801c262e82574	4			yes					-1	-1	-1	-1	
87	78	f199998c6f709cb2	5			yes					-1	-1	-1	-1	-1	
88	62	1b2ae1eb96779839	3			yes					-1	-1	-1	
89	1	3074fcc839233256	4			yes					90	97	112	114	
90	89	0624076a0451bdc5	3			yes					91	93	94	
91	90	341f7ef090bcf81f	5			yes					-1	-1	-1	-1	92	
92	91	46bfb3290a4f684d	4			yes					-1	-1	-1	-1	
93	90	f9222f193aea9c01	4			yes					-1	-1	-1	-1	
94	90	df161436258ad571	5			yes					-1	95	96	-1	-1	
95	94	0965d346cff1eb26	4			yes					-1	-1	-1	-1	
96	94	2c6846daa01e87f5	4			yes					-1	-1	-1	-1	
97	89	3ae9bb50582b3148	3			yes					-1	98	102	
98	97	f2c11f62b8b7b709	5			yes					99	100	-1	-1	101	
99	98	67860b66c05f8d74	4			yes					-1	-1	-1	-1	
100	98	58565c31ba0050e5	4			yes					-1	-1	-1	-1	
101	98	4febbb811515b1df	4			yes					-1	-1	-1	-1	
102	97	42ade764213a46dd	6			yes					103	105	107	109	110	111	
103	102	d7eaf36059d27ca0	5			yes					-1	-1	-1	-1	104	
104	103	df59e586575fb1ad	4			yes					-1	-1	-1	-1	
105	102	e83aa437238da131	5			yes					-1	-1	-1	-1	106	
106	105	e089b2d12d006c3c	4			yes					-1	-1	-1	-1	
107	102	85e7d5e19a29b9c9	5			yes					-1	-1	-1	-1	108	
108	107	8d54c30794a474c4	4			yes					-1	-1	-1	-1	
109	102	aee2e03ada64faa2	5			yes					-1	-1	-1	-1	-1	
110	102	1c66746a349f53f7	5			yes					-1	-1	-1	-1	-1	
111	102	4a1ef1822fb78bd0	5			yes					-1	-1	-1	-1	-1	
112	89	e4152c5f853ded7f	3			yes					-1	-1	113	
113	112	848c920c30ebe9d3	5			yes					-1	-1	-1	-1	-1	
114	89	e8ac6cade06453a4	3			yes					-1	-1	-1	
115	1	ed8999050112848a	4			yes					116	121	128	130	
116	115	dbd962a73c600b19	3			yes					117	119	-1	
117	116	10bf2aad43c658f0	5			yes					-1	-1	-1	118	-1	
118	117	86a7e58397bdec44	4			yes					-1	-1	-1	-1	
119	116	49e93e00357ef1c5	5			yes					-1	-1	-1	120	-1	
120	119	dff1f12ee1054571	4			yes					-1	-1	-1	-1	
121	115	e714de9d601a8794	3			yes					-1	122	127	
122	121	c3caf011a77b36da	5			yes					123	124	-1	125	126	
123	122	568de415df930ca7	4			yes					-1	-1	-1	-1	
124	122	695db342a5ccd136	4			yes					-1	-1	-1	-1	
125	122	1e632eb01da74265	4			yes					-1	-1	-1	-1	
126	122	e5f7665e473e6186	4			yes					-1	-1	-1	-1	
127	121	bad5d1350aafdb65	5			yes					-1	-1	-1	-1	-1	
128	115	3e36548080604e98	3			yes					-1	-1	129	
129	128	6bcee6ef5fca0b58	5			yes					-1	-1	-1	-1	-1	
130	115	ef7271bfdd08469f	3			yes					-1	-1	-1	
131	1	a42bef297ccb602e	5			yes					132	138	158	170	171	
132	131	927b148b41b9efbd	4			yes					133	135	137	-1	
133	132	111ee6fd237ebab5	5			yes					-1	-1	-1	-1	134	
134	133	7710e36f527fc03e	4			yes					-1	-1	-1	-1	
135	132	823ba6a58fdc2e91	5			yes					-1	-1	-1	-1	136	
136	135	e435a337fedd541a	4			yes					-1	-1	-1	-1	
137	132	a585080c8efbdcd5	5			yes					-1	-1	-1	-1	-1	
138	131	aeb6a8b11dc36330	4			yes					-1	139	149	157	
139	138	bb3f01ab3100067e	6			yes					140	142	-1	144	146	148	
140	139	2e7815af49e83c03	5			yes					-1	-1	-1	-1	141	
141	140	ca2d9cc642c46710	4			yes					-1	-1	-1	-1	
142	139	11a842f833b7e192	5			yes					-1	-1	-1	-1	143	
143	142	f5fdcb91389bba81	4			yes					-1	-1	-1	-1	
144	139	0a23abbba85430bc	5			yes					-1	-1	-1	-1	145	
145	144	ee7622d2a3786baf	4			yes					-1	-1	-1	-1	
146	139	6d179b866f9a78e8	5			yes					-1	-1	-1	-1	147	
147	146	894212ef64b623fb	4			yes					-1	-1	-1	-1	
148	139	5f6a88c23a2c5d6d	5			yes					-1	-1	-1	-1	-1	
149	138	e75972b1d6809c09	6			yes					150	152	-1	-1	154	156	
150	149	721e66b5ae68a674	5			yes					-1	-1	-1	-1	151	
151	150	964befdca544fd67	4			yes					-1	-1	-1	-1	
152	149	4dce31e2d4377be5	5			yes					-1	-1	-1	-1	153	
153	152	a99bb88bdf1b20f6	4			yes					-1	-1	-1	-1	
154	149	4b4345ad29099be5	5			yes					-1	-1	-1	-1	155	
155	154	af16ccc42225c0f6	4			yes					-1	-1	-1	-1	
156	149	030cfbd8ddacc71a	5			yes					-1	-1	-1	-1	-1	
157	138	54a289a2215f64ae	3			yes					-1	-1	-1	
158	131	779422acfdb9aa3c	4			yes					-1	-1	159	169	
159	158	3642456b83e54c34	6			yes					160	162	164	-1	166	168	
160	159	a305516ffb0d7649	5			yes					-1	-1	-1	-1	161	
161	160	4750d806f0212d5a	4			yes					-1	-1	-1	-1	
162	159	9cd506388152abd8	5			yes					-1	-1	-1	-1	163	
163	162	78808f518a7ef0cb	4			yes					-1	-1	-1	-1	
164	159	e031821b699e7263	5			yes					-1	-1	-1	-1	165	
165	164	04640b7262b22970	4			yes					-1	-1	-1	-1	
166	159	9a5872777c6c4bd8	5			yes					-1	-1	-1	-1	167	
167	166	7e0dfb1e774010cb	4			yes					-1	-1	-1	-1	
168	159	d217cc0288c91727	5			yes					-1	-1	-1	-1	-1	
169	158	8d8003bfc125ada2	3			yes					-1	-1	-1	
170	131	156650ace1944101	4			yes					-1	-1	-1	-1	
171	131	5e3fce3a405767b0	4			yes					-1	-1	-1	-1	
172	0	2b4ea9a9d5564692	5			yes					-1	173	230	255	271	
173	172	a998a885c2951184	5			yes					174	193	203	218	229	
174	173	191e1fa71cba7338	4			yes					175	176	182	188	
175	174	c258e25dcab8c7e4	4			yes					-1	-1	-1	-1	
176	174	20df7f07b5b7cb65	5			yes					177	178	179	180	181	
177	176	a4d2876f7b1a1a2a	4			yes					-1	-1	-1	-1	
178	176	1d7e24ed27c7fe12	4			yes					-1	-1	-1	-1	
179	176	7a478939c28c6b4d	4			yes					-1	-1	-1	-1	
180	176	d04654b5c6afd680	4			yes					-1	-1	-1	-1	
181	176	13ad7e0e58fe59f5	4			yes					-1	-1	-1	-1	
182	174	49f31d940b9efa54	5			yes					183	184	185	186	187	
183	182	cdfee5fcc5332b1b	4			yes					-1	-1	-1	-1	
184	182	7452467e99eecf23	4			yes					-1	-1	-1	-1	
185	182	38734412742d6f9a	4			yes					-1	-1	-1	-1	
186	182	ad3cf417afd71b52	4			yes					-1	-1	-1	-1	
187	182	2ce31387872790f0	4			yes					-1	-1	-1	-1	
188	174	a80cb8af55a9e93f	5			yes					189	190	191	192	-1	
189	188	2c0140c79b043870	4			yes					-1	-1	-1	-1	
190	188	95ade345c7d9dc48	4			yes					-1	-1	-1	-1	
191	188	d98ce1292a1a7cf1	4			yes					-1	-1	-1	-1	
192	188	08fac4b468fef2d2	4			yes					-1	-1	-1	-1	
193	173	0aac55471b45e873	4			yes					-1	194	197	200	
194	193	0e557726ffa7d75b	5			yes					195	-1	-1	-1	196	
195	194	24d6c4fb224aaaf6	4			yes					-1	-1	-1	-1	
196	194	ed3e174d918a4091	4			yes					-1	-1	-1	-1	
197	193	bbe1eac2861ac95c	3			yes					198	199	-1	
198	197	581dd211c56b1fdb	4			yes					-1	-1	-1	-1	
199	197	0b3e9e7f18546f24	4			yes					-1	-1	-1	-1	
200	193	d274c522c2028981	3			yes					201	202	-1	
201	200	2dabce418ff91880	4			yes					-1	-1	-1	-1	
202	200	22ece928315eb73c	5			yes					-1	-1	-1	-1	-1	
203	173	7a27650043e7db96	4			yes					-1	-1	204	209	
204	203	8adec28f04aaeebe	5			yes					205	206	207	-1	208	
205	204	a05d7152d9479313	4			yes					-1	-1	-1	-1	
206	204	c78064200289143b	4			yes					-1	-1	-1	-1	
207	204	95637058b0131e81	4			yes					-1	-1	-1	-1	
208	204	efcecc9c8813841a	4			yes					-1	-1	-1	-1	
209	203	a30cb5d82da036a6	6			yes					210	212	214	-1	216	217	
210	209	898f0605f04d4b0b	5			yes					-1	-1	-1	-1	211	
211	210	813c10e3fec08606	4			yes					-1	-1	-1	-1	
212	209	ee5213772b83cc23	5			yes					-1	-1	-1	-1	213	
213	212	e6e10591250e012e	4			yes					-1	-1	-1	-1	
214	209	bcb1070f9919c699	5			yes					-1	-1	-1	-1	215	
215	214	b40211e997940b94	4			yes					-1	-1	-1	-1	
216	209	50b37e3d56f9933e	5			yes					-1	-1	-1	-1	-1	
217	209	abbfa33e232dfbab	5			yes					-1	-1	-1	-1	-1	
218	173	18d517005fca30ab	4			yes					-1	-1	-1	219	
219	218	a127cd4fc06c0b06	6			yes					220	222	224	226	-1	228	
220	219	8ba47e921d8176ab	5			yes					-1	-1	-1	-1	221	
221	220	83176874130cbba6	4			yes					-1	-1	-1	-1	
222	219	ec796be0c64ff183	5			yes					-1	-1	-1	-1	223	
223	222	e4ca7d06c8c23c8e	4			yes					-1	-1	-1	-1	
224	219	be9a7f9874d5fb39	5			yes					-1	-1	-1	-1	225	
225	224	b629697e7a583634	4			yes					-1	-1	-1	-1	
226	219	adb65501cdf4b2c0	5			yes					-1	-1	-1	-1	227	
227	226	a50543e7c3797fcd	4			yes					-1	-1	-1	-1	
228	219	a994dba9cee1c60b	5			yes					-1	-1	-1	-1	-1	
229	173	714038e01bd27076	4			yes					-1	-1	-1	-1	
230	172	82d74ab022e4f51d	4			yes					231	247	252	254	
231	230	3251fd92fccb97a1	3			yes					232	235	237	
232	231	97f834a0284bbb6d	4			yes					-1	-1	-1	234	
233	232	26e49eb0b11f8daf	3			no					-1	-2	-2	
234	232	a48a35a9c50229fd	3			yes					-1	-1	-1	
235	231	9d95d38267cd0b07	5			yes					-1	-1	-1	-1	236	
236	235	20bf7761ca6f0dd1	4			yes					-1	-1	-1	-1	
237	231	b7e36310961318db	6			yes					238	240	242	244	245	246	
238	237	33ee9b7858bec994	5			yes					-1	-1	-1	-1	239	
239	238	3b5d8d9e56330499	4			yes					-1	-1	-1	-1	
240	237	5e4609cf6a67473c	5			yes					-1	-1	-1	-1	241	
241	240	56f51f2964ea8a31	4			yes					-1	-1	-1	-1	
242	237	d79f1001d2afeaf0	5			yes					-1	-1	-1	-1	243	
243	242	df2c06e7dc2227fd	4			yes					-1	-1	-1	-1	
244	237	5bac644e6d4da4a4	5			yes					-1	-1	-1	-1	-1	
245	237	e928f01e83b60df1	5			yes					-1	-1	-1	-1	-1	
246	237	bf5075f6989ed5d6	5			yes					-1	-1	-1	-1	-1	
247	230	bc3ff7d0bb76dc67	3			yes					-1	248	249	
248	247	d8de7099bd78a604	4			yes					-1	-1	-1	-1	
249	247	feea4bb6a218ef74	5			yes					250	-1	251	-1	-1	
250	249	d469f86b7ff592d9	4			yes					-1	-1	-1	-1	
251	249	0d94195a278cbdf0	4			yes					-1	-1	-1	-1	
252	230	56b69a279efa2a34	3			yes					-1	-1	253	
253	252	dc81d029917ab36a	5			yes					-1	-1	-1	-1	-1	
254	230	5a0fdad5fba394ef	3			yes					-1	-1	-1	
255	172	5f2a2f7d1ad543c1	4			yes					256	265	268	270	
256	255	efac985fc4fa217d	3			yes					257	259	264	
257	256	31dbb95e0a00c50f	5			yes					-1	-1	-1	258	-1	
258	257	a7c37670de7b71bb	4			yes					-1	-1	-1	-1	
259	256	8f813d0ae5a2b0ed	5			yes					260	261	-1	262	263	
260	259	0b8cc5622b0f61a2	4			yes					-1	-1	-1	-1	
261	259	662457d519d6ef0a	4			yes					-1	-1	-1	-1	
262	259	1999f22431d90459	4			yes					-1	-1	-1	-1	
263	259	bcf33c0308eb227d	4			yes					-1	-1	-1	-1	
264	256	21d525fad0142153	5			yes					-1	-1	-1	-1	-1	
265	255	61c2921d83476abb	3			yes					-1	266	-1	
266	265	68156180b2eccbc0	5			yes					-1	-1	-1	267	-1	
267	266	fe0daeae66977f74	4			yes					-1	-1	-1	-1	
268	255	8c95e2f89ba789d3	3			yes					-1	-1	269	
269	268	33c3a4cafe5b51e1	5			yes					-1	-1	-1	-1	-1	
270	255	5dd1c7c7c6cf81d4	3			yes					-1	-1	-1	
271	172	16885951670ca765	5			yes					272	290	294	306	307	
272	271	a60eee73b923c5d9	4			yes					273	275	285	287	
273	272	09795f050f4df813	5			yes					-1	-1	-1	-1	274	
274	273	ed2cd66c0461a300	4			yes					-1	-1	-1	-1	
275	272	1ad31a4ac1e9763a	6			yes					276	278	-1	280	282	284	
276	275	9edee2220f44a775	5			yes					-1	-1	-1	-1	277	
277	276	7a8b6b4b0468fc66	4			yes					-1	-1	-1	-1	
278	275	f37670953d9d29dd	5			yes					-1	-1	-1	-1	279	
279	278	1723f9fc36b172ce	4			yes					-1	-1	-1	-1	
280	275	e43826a746533d64	5			yes					-1	-1	-1	-1	281	
281	280	006dafce4d7f6677	4			yes					-1	-1	-1	-1	
282	275	ccfb80679f7308ac	5			yes					-1	-1	-1	-1	283	
283	282	28ae090e945f53bf	4			yes					-1	-1	-1	-1	
284	275	fe869323cac52d29	5			yes					-1	-1	-1	-1	-1	
285	272	6713c8139d644d26	5			yes					-1	-1	-1	-1	286	
286	285	011dcd81ec6537ad	4			yes					-1	-1	-1	-1	
287	272	5c1acf6085bfc247	3			yes					-1	288	289	
288	287	6da64111590e2e00	5			yes					-1	-1	-1	-1	-1	
289	287	476728192f22c325	5			yes					-1	-1	-1	-1	-1	
290	271	2860e431fe9e8e1f	4			yes					-1	291	293	-1	
291	290	a3c7f925084e1494	5			yes					-1	-1	-1	-1	292	
292	291	c5c9fcb7794f6e1f	4			yes					-1	-1	-1	-1	
293	290	8479578c0969e6d0	5			yes					-1	-1	-1	-1	-1	
294	271	c53794d4e67e6d77	4			yes					-1	-1	295	305	
295	294	6e4f074e2274168d	6			yes					296	298	300	-1	302	304	
296	295	44ccb493ff996b20	5			yes					-1	-1	-1	-1	297	
297	296	a0993dfaf4b53033	4			yes					-1	-1	-1	-1	
298	295	2311a1e12457ec08	5			yes					-1	-1	-1	-1	299	
299	298	c74428882f7bb71b	4			yes					-1	-1	-1	-1	
300	295	b83cc03ec80f28da	5			yes					-1	-1	-1	-1	301	
301	300	5c694957c32373c9	4			yes					-1	-1	-1	-1	
302	295	c2553052ddfd1161	5			yes					-1	-1	-1	-1	303	
303	302	2600b93bd6d14a72	4			yes					-1	-1	-1	-1	
304	295	8a1a8e2729584d9e	5			yes					-1	-1	-1	-1	-1	
305	294	3f23b5c7dae26ae9	3			yes					-1	-1	-1	
306	271	a7c5e6d4fa53864a	4			yes					-1	-1	-1	-1	
307	271	ec9c78425b90a0fb	4			yes					-1	-1	-1	-1	
308	0	790aa6acc861c58f	5			yes					-1	-1	309	371	387	
309	308	a0434e8cb03c0e77	5			yes					310	333	352	359	370	
310	309	10c5f9ae6e136ccb	4			yes					311	318	319	324	
311	310	60a228875b50f436	5			yes					312	313	315	316	317	
312	311	6ead4b22453006e9	4			yes					-1	-1	-1	-1	
313	311	7f1f9a50efe90409	4			yes					-1	314	-1	-1	
314	313	8c61c8bc6a7d568d	3			yes					-1	-1	-1	
315	311	93dc7a6bdec4a6b2	4			yes					-1	-1	-1	-1	
316	311	d1be8297c204c2f4	4			yes					-1	-1	-1	-1	
317	311	53d0298eb61966a6	4			yes					-1	-1	-1	-1	
318	310	a1571527189a847e	4			yes					-1	-1	-1	-1	
319	310	6f3437f8d87d0678	5			yes					-1	320	321	322	323	
320	319	47f986b8924592f4	4			yes					-1	-1	-1	-1	
321	319	e01b3f6d24b46206	4			yes					-1	-1	-1	-1	
322	319	d15767438e594ceb	4			yes					-1	-1	-1	-1	
323	319	9e584112e02ab09a	4			yes					-1	-1	-1	-1	
324	310	9a0c931f56789e51	6			yes					325	326	328	330	331	332	
325	324	1dd53b63568794aa	5			yes					-1	-1	-1	-1	-1	
326	324	b2c1225f1c400add	5			yes					-1	-1	-1	-1	327	
327	326	ba7234b912cdc7d0	4			yes					-1	-1	-1	-1	
328	324	15239b8aaab1fa2f	5			yes					-1	-1	-1	-1	329	
329	328	1d908d6ca43c3722	4			yes					-1	-1	-1	-1	
330	324	76439441ad26222e	5			yes					-1	-1	-1	-1	-1	
331	324	c4c7001143dd8b7b	5			yes					-1	-1	-1	-1	-1	
332	324	92bf85f958f5535c	5			yes					-1	-1	-1	-1	-1	
333	309	ac785518b400d55c	4			yes					-1	334	336	342	
334	333	883167cd80ca4f5b	4			yes					335	-1	-1	-1	
335	334	a2b2d4105d2732f6	3			yes					-1	-1	-1	
336	333	31a9da05b964e8bc	5			yes					337	338	339	340	341	
337	336	1b2a69d864899511	4			yes					-1	-1	-1	-1	
338	336	eaa39d194f57e5a2	4			yes					-1	-1	-1	-1	
339	336	be86d29045ad8cc2	4			yes					-1	-1	-1	-1	
340	336	8fca8abeef40a22f	4			yes					-1	-1	-1	-1	
341	336	c0c5acef81335e5e	4			yes					-1	-1	-1	-1	
342	333	c4917ee237617095	6			yes					343	345	347	349	350	351	
343	342	ee12cd3fea8c0d38	5			yes					-1	-1	-1	-1	344	
344	343	e6a1dbd9e401c035	4			yes					-1	-1	-1	-1	
345	342	1f9b39fec1527d8b	5			yes					-1	-1	-1	-1	346	
346	345	17282f18cfdfb086	4			yes					-1	-1	-1	-1	
347	342	4bbe7677cba814eb	5			yes					-1	-1	-1	-1	348	
348	347	430d6091c525d9e6	4			yes					-1	-1	-1	-1	
349	342	28de79bccc3fccea	5			yes					-1	-1	-1	-1	-1	
350	342	9a5aedec22c465bf	5			yes					-1	-1	-1	-1	-1	
351	342	cc22680439ecbd98	5			yes					-1	-1	-1	-1	-1	
352	309	d52883569e0bf94a	4			yes					-1	-1	353	356	
353	352	64653cd30354d865	3			yes					354	355	-1	
354	353	8b41b776e4875944	4			yes					-1	-1	-1	-1	
355	353	a227c59c7cd79261	4			yes					-1	-1	-1	-1	
356	352	0df01333474c98b8	3			yes					357	358	-1	
357	356	86ca13850ae1b2fb	4			yes					-1	-1	-1	-1	
358	356	afac616f92b179de	4			yes					-1	-1	-1	-1	
359	309	110ef1092d632f58	4			yes					-1	-1	-1	360	
360	359	b901e2114cf4fd2d	6			yes					361	363	365	367	-1	369	
361	360	938251cc91198080	5			yes					-1	-1	-1	-1	362	
362	361	9b31472a9f944d8d	4			yes					-1	-1	-1	-1	
363	360	1396a1424e431ac1	5			yes					-1	-1	-1	-1	364	
364	363	1b25b7a440ced7cc	4			yes					-1	-1	-1	-1	
365	360	a6bc50c6f84d0d12	5			yes					-1	-1	-1	-1	366	
366	365	ae0f4620f6c0c01f	4			yes					-1	-1	-1	-1	
367	360	4a7fb0fdc960afa9	5			yes					-1	-1	-1	-1	368	
368	367	42cca61bc7ed62a4	4			yes					-1	-1	-1	-1	
369	360	b1b2f4f742793020	5			yes					-1	-1	-1	-1	-1	
370	309	789bdee9697b6f85	4			yes					-1	-1	-1	-1	
371	308	2271e1c030534d07	4			yes					372	381	385	386	
372	371	92f756e2ee7c2fbb	3			yes					373	378	380	
373	372	e6b701d2fdd898c5	5			yes					-1	374	375	376	377	
374	373	f90ab305496168fa	4			yes					-1	-1	-1	-1	
375	373	ea26999cf0402103	4			yes					-1	-1	-1	-1	
376	373	3b1edf734704ec7a	4			yes					-1	-1	-1	-1	
377	373	c08a979d1d9dcf99	4			yes					-1	-1	-1	-1	
378	372	97a1ab2105f32552	5			yes					-1	-1	-1	379	-1	
379	378	01b9640fd18891e6	4			yes					-1	-1	-1	-1	
380	372	2f98b4c8b9b7f12c	5			yes					-1	-1	-1	-1	-1	
381	371	2e4afa54346f962c	3			yes					-1	382	384	
382	381	bec7d9cb9da3ee77	5			yes					-1	-1	-1	383	-1	
383	382	28df16e549d85ac3	4			yes					-1	-1	-1	-1	
384	381	71055935d8ae1fe8	5			yes					-1	-1	-1	-1	-1	
385	371	be46440c06097b82	3			yes					-1	-1	-1	
386	371	208a097aec498f12	3			yes					-1	-1	-1	
387	308	6bd397ec4d8aa9a3	5			yes					388	408	419	421	422	
388	387	db5520ce93a5cb1f	4			yes					389	399	401	407	
389	388	9e42f0686ba3a861	6			yes					-1	390	392	394	396	398	
390	389	81ff42bfdf1a585e	5			yes					-1	-1	-1	-1	391	
391	390	65aacbd6d436034d	4			yes					-1	-1	-1	-1	
392	389	92d36826663b11a7	5			yes					-1	-1	-1	-1	393	
393	392	7686e14f6d174ab4	4			yes					-1	-1	-1	-1	
394	389	2f5e5a78f2f79ea3	5			yes					-1	-1	-1	-1	395	
395	394	cb0bd311f9dbc5b0	4			yes					-1	-1	-1	-1	
396	389	486a6a453539d6f7	5			yes					-1	-1	-1	-1	397	
397	396	ac3fe32c3e158de4	4			yes					-1	-1	-1	-1	
398	389	7a177901608ff372	5			yes					-1	-1	-1	-1	-1	
399	388	2d87e2aa440df566	5			yes					-1	-1	-1	-1	400	
400	399	4b89e738350c8fed	4			yes					-1	-1	-1	-1	
401	388	7214174c6598b640	6			yes					-1	402	-1	-1	404	406	
402	401	5ad9a60c2fa022cc	5			yes					-1	-1	-1	-1	403	
403	402	be8c2f65248c79df	4			yes					-1	-1	-1	-1	
404	401	de0e20509a11b1ac	5			yes					-1	-1	-1	-1	405	
405	404	3a5ba939913deabf	4			yes					-1	-1	-1	-1	
406	401	96419e256eb4ed53	5			yes					-1	-1	-1	-1	-1	
407	388	214101ddaf39cc81	3			yes					-1	-1	-1	
408	387	67e88c7849b67288	4			yes					-1	409	411	418	
409	408	04e19040dc5d3e43	5			yes					-1	-1	-1	-1	410	
410	409	62ef95d2ad5c44c8	4			yes					-1	-1	-1	-1	
411	408	2c89fab104815884	6			yes					412	-1	414	-1	415	417	
412	411	060a496cd96c2529	5			yes					-1	-1	-1	-1	413	
413	412	e25fc005d2407e3a	4			yes					-1	-1	-1	-1	
414	411	5d09a3377b32cd4a	5			yes					-1	-1	-1	-1	-1	
415	411	8093cdadfb085f68	5			yes					-1	-1	-1	-1	416	
416	415	64c644c4f024047b	4			yes					-1	-1	-1	-1	
417	411	c8dc73d80fad0397	5			yes					-1	-1	-1	-1	-1	
418	408	9dfcad6b752a7516	3			yes					-1	-1	-1	
419	387	f7e432207bd09f26	4			yes					-1	-1	420	-1	
420	419	f6f22bb12f9ffb72	5			yes					-1	-1	-1	-1	-1	
421	387	da9e2869d0d5888c	4			yes					-1	-1	-1	-1	
422	387	91c7b6ff7116ae3d	4			yes					-1	-1	-1	-1	
423	0	d25a457d23949d76	5			yes					-1	-1	-1	424	465	
424	423	b74fa63ae114d625	5			yes					425	441	454	462	464	
425	424	07c911183f3bb499	4			yes					426	431	435	437	
426	425	d096bed72b16bdef	5			yes					-1	427	428	429	430	
427	426	06e579a7c16d83b8	4			yes					-1	-1	-1	-1	
428	426	23e8ec3bae82ef6b	4			yes					-1	-1	-1	-1	
429	426	0d3f607691cac950	4			yes					-1	-1	-1	-1	
430	426	f6ab2898cb53eab3	4			yes					-1	-1	-1	-1	
431	425	1fcc6d6fb88ab985	5			yes					-1	-1	432	433	434	
432	431	ce9e714d013bfb52	4			yes					-1	-1	-1	-1	
433	431	89d4a2416cf10d31	4			yes					-1	-1	-1	-1	
434	431	2cbe6c6655c32b15	4			yes					-1	-1	-1	-1	
435	425	8c204845234f5073	3			yes					436	-1	-1	
436	435	34ccca81001d9c18	4			yes					-1	-1	-1	-1	
437	425	0a3f04cfdb659a44	6			yes					-1	-1	438	439	-1	440	
438	437	71df61266ccee497	5			yes					-1	-1	-1	-1	-1	
439	437	db6d18ed62d4d893	5			yes					-1	-1	-1	-1	-1	
440	437	a206ff8ecc94442b	5			yes					-1	-1	-1	-1	-1	
441	424	bb74bdaee5280d0e	4			yes					-1	442	447	449	
442	441	f16ae157ac8487ea	5			yes					443	-1	444	445	446	
443	442	dbe9528a7169fa47	4			yes					-1	-1	-1	-1	
444	442	0214b3bb2910d56e	4			yes					-1	-1	-1	-1	
445	442	2cc33ff61658f355	4			yes					-1	-1	-1	-1	
446	442	d75777184cc1d0b6	4			yes					-1	-1	-1	-1	
447	441	309de4f3f95ce9e4	3			yes					-1	448	-1	
448	447	15309501878fa61d	4			yes					-1	-1	-1	-1	
449	441	c01924a070cb1cc2	6			yes					450	-1	451	452	-1	453	
450	449	ea9a977dad26616f	5			yes					-1	-1	-1	-1	-1	
451	449	c973757ee971d013	5			yes					-1	-1	-1	-1	-1	
452	449	114b3882c97a5e15	5			yes					-1	-1	-1	-1	-1	
453	449	6820dfe1673ac2ad	5			yes					-1	-1	-1	-1	-1	
454	424	bdd2e1a2801cd53b	4			yes					-1	-1	455	457	
455	454	363bb8ff9c6831d1	3			yes					456	-1	-1	
456	455	4a4f63e3d5a130c5	4			yes					-1	-1	-1	-1	
457	454	a76f9b76a5afbb70	6			yes					458	459	-1	460	-1	461	
458	457	8dec28ab7842c6dd	5			yes					-1	-1	-1	-1	-1	
459	457	0df8d825a7185c9c	5			yes					-1	-1	-1	-1	-1	
460	457	763d87541c1ef9a7	5			yes					-1	-1	-1	-1	-1	
461	457	0f566037b25e651f	5			yes					-1	-1	-1	-1	-1	
462	424	3ca6ff67fd6032cf	4			yes					-1	-1	-1	463	
463	462	b620eb2ebb1bba89	3			yes					-1	-1	-1	
464	424	3dc9b273a76f5e63	4			yes					-1	-1	-1	-1	
465	423	98551aaa3b99623e	5			yes					466	485	498	501	502	
466	465	28d3ad88e5b60082	4			yes					467	477	481	482	
467	466	a8634f6dbd6d8d4b	6			yes					-1	468	470	472	474	476	
468	467	7e10881d5716b31c	5			yes					-1	-1	-1	-1	469	
469	468	9a4501745c3ae80f	4			yes					-1	-1	-1	-1	
470	467	5b1d1d8138f9dfcf	5			yes					-1	-1	-1	-1	471	
471	470	bf4894e833d584dc	4			yes					-1	-1	-1	-1	
472	467	197fe57d2439bb89	5			yes					-1	-1	-1	-1	473	
473	472	fd2a6c142f15e09a	4			yes					-1	-1	-1	-1	
474	467	7e4bd540e3f7f3dd	5			yes					-1	-1	-1	-1	475	
475	474	9a1e5c29e8dba8ce	4			yes					-1	-1	-1	-1	
476	467	4c36c604b641d658	5			yes					-1	-1	-1	-1	-1	
477	466	89c55d74fdd90e3f	5			yes					-1	-1	478	479	480	
478	477	658a5a2a0687b240	4			yes					-1	-1	-1	-1	
479	477	e1b5bda6b2561b82	4			yes					-1	-1	-1	-1	
480	477	efcb58e68cd874b4	4			yes					-1	-1	-1	-1	
481	466	032a292186a0d8ff	5			yes					-1	-1	-1	-1	-1	
482	466	d2c78c9bd92a071c	3			yes					-1	483	-1	
483	482	d1c33ddcd87fb92e	5			yes					-1	-1	-1	-1	484	
484	483	d9702b3ad6f27423	4			yes					-1	-1	-1	-1	
485	465	946e013e3fa5b915	4			yes					-1	486	496	497	
486	485	899f10ed3affb74e	6			yes					487	-1	489	491	493	495	
487	486	a31ca330e712cae3	5			yes					-1	-1	-1	-1	488	
488	487	47492a59ec3e91f0	4			yes					-1	-1	-1	-1	
489	486	7ae14201bf6be5ca	5			yes					-1	-1	-1	-1	490	
490	489	9eb4cb68b447bed9	4			yes					-1	-1	-1	-1	
491	486	3883bafda3ab818c	5			yes					-1	-1	-1	-1	492	
492	491	dcd63394a887da9f	4			yes					-1	-1	-1	-1	
493	486	5fb78ac06465c9d8	5			yes					-1	-1	-1	-1	494	
494	493	bbe203a96f4992cb	4			yes					-1	-1	-1	-1	
495	486	6dca998431d3ec5d	5			yes					-1	-1	-1	-1	-1	
496	485	a3d87ac11d4b1625	5			yes					-1	-1	-1	-1	-1	
497	485	6e7a202d0339be8b	3			yes					-1	-1	-1	
498	465	92c85d325a916120	4			yes					-1	-1	499	500	
499	498	f9ba70b41fce560e	5			yes					-1	-1	-1	-1	-1	
500	498	68dc7c21660d66be	3			yes					-1	-1	-1	
501	465	4c34ca3d8787bd17	4			yes					-1	-1	-1	-1	
502	465	62413bb9070565a0	4			yes					-1	-1	-1	-1	
503	0	0f7972712244431e	5			yes					-1	-1	-1	-1	504	
504	503	ad27dd69437f24cd	6			yes					505	525	538	545	548	550	
505	504	1da16a4b9d504671	5			yes					506	513	519	522	524	
506	505	119a71df996c9d5a	4			yes					507	509	-1	511	
507	506	11b038e0fb39efe5	6			yes					-1	-1	-1	-1	-1	508	
508	507	f5e5b189f015b4f6	5			yes					-1	-1	-1	-1	-1	
509	506	48e62c4d8d8146d0	6			yes					-1	-1	-1	-1	-1	510	
510	509	acb3a52486ad1dc3	5			yes					-1	-1	-1	-1	-1	
511	506	2cc9a480c4b02a54	6			yes					-1	-1	-1	-1	-1	512	
512	511	fc26b8c59e0a1490	5			yes					-1	-1	-1	-1	-1	
513	505	173c2dd3fc58456f	4			yes					-1	514	-1	516	
514	513	6cf53fcc5a759a7f	5			yes					-1	-1	-1	-1	515	
515	514	0afb3a5e2b74e0f4	4			yes					-1	-1	-1	-1	
516	513	58f963a3fafb51ff	6			yes					-1	-1	517	-1	-1	518	
517	516	f78ab7b06d1659bf	5			yes					-1	-1	-1	-1	-1	
518	516	88167fe6a0416f3b	5			yes					-1	-1	-1	-1	-1	
519	505	ce1ea7ce1c228c63	4			yes					-1	-1	-1	520	
520	519	4c6b1ecd6529159d	6			yes					-1	-1	-1	-1	-1	521	
521	520	7f3a369b95f542ca	5			yes					-1	-1	-1	-1	-1	
522	505	620c0aa66987fe8e	4			yes					-1	-1	-1	523	
523	522	d5199189e4461227	3			yes					-1	-1	-1	
524	505	aab4f1641091aad8	4			yes					-1	-1	-1	-1	
525	504	a11cc6fd4743ffe6	5			yes					-1	526	532	535	537	
526	525	ab818165264bfcf8	4			yes					-1	527	-1	530	
527	526	691a73cd0a137cd5	6			yes					-1	-1	-1	-1	-1	529	
528	527	ff02bce3de68c861	5			no					-1	-1	-1	-1	-2	
529	527	8d4ffaa4013f27c6	5			yes					-1	-1	-1	-1	-1	
530	526	0d35fb0043221051	6			yes					-1	-1	-1	-1	-1	531	
531	530	dddae74519982e95	5			yes					-1	-1	-1	-1	-1	
532	525	72a30b78c63135f4	4			yes					-1	-1	-1	533	
533	532	83157f8df93ee2c0	6			yes					-1	-1	-1	-1	-1	534	
534	533	b04457db09e2b597	5			yes					-1	-1	-1	-1	-1	
535	525	deb1a610b3944719	4			yes					-1	-1	-1	536	
536	535	69a43d3f3e55abb0	3			yes					-1	-1	-1	
537	525	16095dd2ca82134f	4			yes					-1	-1	-1	-1	
538	504	a7ba9af1227727d3	5			yes					-1	-1	539	542	544	
539	538	74055774a305edc1	4			yes					-1	-1	-1	540	
540	539	7fbe873d65d40df3	6			yes					-1	-1	-1	-1	-1	541	
541	540	af519b783f6e3337	5			yes					-1	-1	-1	-1	-1	
542	538	d817fa1cd6a09f2c	4			yes					-1	-1	-1	543	
543	542	6f0261335b617385	3			yes					-1	-1	-1	
544	538	10af01deafb6cb7a	4			yes					-1	-1	-1	-1	
545	504	7e9810ecc20deedf	5			yes					-1	-1	-1	546	547	
546	545	0135700136da5620	4			yes					-1	-1	-1	-1	
547	545	c98d8bc34fcc0276	4			yes					-1	-1	-1	-1	
548	504	d28abd84b7a89c32	5			yes					-1	-1	-1	-1	549	
549	548	659f26ab3a69709b	4			yes					-1	-1	-1	-1	
550	504	1a324646cebec864	5			yes					-1	-1	-1	-1	-1	
551	0	3569d253d9fbc667	5			yes					-1	-1	-1	-1	-1	
