Number of nodes
471
ID	PID	Hash_Value			File_Number	Fully_Enumerated	Children
0	-1	f7a6719006b65d02	6			yes					1	175	285	355	423	470	
1	0	1c6f1e4ca594c1d4	5			yes					2	75	99	116	139	
2	1	a04d5a322ebcebba	5			yes					3	22	48	63	74	
3	2	47b12267142643cd	4			yes					4	9	13	17	
4	3	e87170506c29cd46	5			yes					-1	-1	-1	5	7	
5	4	1d5884777000a743	4			yes					-1	-1	-1	6	
6	5	2e7a298f53d83053	3			yes					-1	-1	-1	
7	4	db53dda84ff15a56	4			yes					-1	8	-1	-1	
8	7	87ab12c1932b3357	3			yes					-1	-1	-1	
9	3	339910ee1e402cd1	5			yes					-1	10	-1	-1	12	
10	9	ddde226050ae05d6	4			yes					-1	-1	-1	11	
11	10	eefc8f98737692c6	3			yes					-1	-1	-1	
12	9	00bbbd163d98bbc1	4			yes					-1	-1	-1	-1	
13	3	a8c2fd03c4998abf	5			yes					-1	14	15	-1	16	
14	13	4685cf8d8a77a3b8	4			yes					-1	-1	-1	-1	
15	13	7f040180785191ba	4			yes					-1	-1	-1	-1	
16	13	be47f7bba1b13220	4			yes					-1	-1	-1	-1	
17	3	b15cc46b1e70f127	3			yes					18	19	21	
18	17	cc90ecec9ae260d4	4			yes					-1	-1	-1	-1	
19	17	0cac86bbbc0d2a7c	4			yes					-1	20	-1	-1	
20	19	e2ebb435f2e3037b	3			yes					-1	-1	-1	
21	17	2fb3a3d0b26d3ce0	5			yes					-1	-1	-1	-1	-1	
22	2	d0f201a70f72a7ee	4			yes					-1	23	39	43	
23	22	9efe276d7c70f3a6	6			yes					24	30	-1	34	36	38	
24	23	4e5f034a7664e908	5			yes					25	-1	27	-1	29	
25	24	c4e5b2e0646ed675	4			yes					-1	-1	-1	26	
26	25	f7c71f1847b64165	3			yes					-1	-1	-1	
27	24	be5a97cc6a0824e2	4			yes					-1	-1	-1	28	
28	27	8d783a3449d0b3f2	3			yes					-1	-1	-1	
29	24	7d7daeb255bc7e18	4			yes					-1	-1	-1	-1	
30	23	144496c76e7accdb	5			yes					-1	-1	31	-1	33	
31	30	e441024172160131	4			yes					-1	-1	-1	32	
32	31	d763afb951ce9621	3			yes					-1	-1	-1	
33	30	27663b3f4da25bcb	4			yes					-1	-1	-1	-1	
34	23	6efbb3eb601c3e4c	5			yes					-1	-1	-1	-1	35	
35	34	5dd91e1343c4a95c	4			yes					-1	-1	-1	-1	
36	23	6bd7d34a605999a3	5			yes					-1	-1	-1	-1	37	
37	36	58f57eb243810eb3	4			yes					-1	-1	-1	-1	
38	23	addc8a955fa864b6	5			yes					-1	-1	-1	-1	-1	
39	22	39e1e83511ecf8e5	5			yes					40	41	-1	-1	42	
40	39	e940cc121bf8e24b	4			yes					-1	-1	-1	-1	
41	39	b35b599f03e6c798	4			yes					-1	-1	-1	-1	
42	39	63e988ad156bcb73	4			yes					-1	-1	-1	-1	
43	22	310d9bae5c92036c	5			yes					44	45	-1	46	47	
44	43	e1acbf89568619c2	4			yes					-1	-1	-1	-1	
45	43	bbb72a044e983c11	4			yes					-1	-1	-1	-1	
46	43	751c0bdc22176090	4			yes					-1	-1	-1	-1	
47	43	d3e75ecd95a853eb	4			yes					-1	-1	-1	-1	
48	2	170044260cd89b2a	4			yes					-1	-1	49	59	
49	48	9a60af30b7f1b051	6			yes					50	52	54	-1	56	58	
50	49	4ac18b17bde5aaff	5			yes					-1	-1	-1	-1	51	
51	50	79e326ef9e3d3def	4			yes					-1	-1	-1	-1	
52	49	10da1e9aa5fb8f2c	5			yes					-1	-1	-1	-1	53	
53	52	23f8b3628623183c	4			yes					-1	-1	-1	-1	
54	49	1626b88acde2b57c	5			yes					-1	-1	-1	-1	55	
55	54	25041572ee3a226c	4			yes					-1	-1	-1	-1	
56	49	0a0f4208277928fc	5			yes					-1	-1	-1	-1	57	
57	56	392deff004a1bfec	4			yes					-1	-1	-1	-1	
58	49	a94202c894292741	5			yes					-1	-1	-1	-1	-1	
59	48	b643f351212e00dd	5			yes					60	61	62	-1	-1	
60	59	66e2d7762b3a1a73	4			yes					-1	-1	-1	-1	
61	59	3cf942fb33243fa0	4			yes					-1	-1	-1	-1	
62	59	3a05e4eb5b3d05f0	4			yes					-1	-1	-1	-1	
63	2	d6e3dbd833662659	4			yes					-1	-1	-1	64	
64	63	955cd63a2f4e1641	6			yes					65	67	69	71	-1	73	
65	64	45fdf21d255a0cef	5			yes					-1	-1	-1	-1	66	
66	65	c35cec06458660b3	4			yes					-1	-1	-1	-1	
67	64	1fe667903d44293c	5			yes					-1	-1	-1	-1	68	
68	67	9947798b5d984560	4			yes					-1	-1	-1	-1	
69	64	191ac180555d136c	5			yes					-1	-1	-1	-1	70	
70	69	9fbbdf9b35817f30	4			yes					-1	-1	-1	-1	
71	64	429a2ab993860d44	5			yes					-1	-1	-1	-1	72	
72	71	c43b34a2f35a6118	4			yes					-1	-1	-1	-1	
73	64	13fdc8214f927a1d	5			yes					-1	-1	-1	-1	-1	
74	2	56a0bc3e24ea5950	4			yes					-1	-1	-1	-1	
75	1	58d88b0e5d4a7cd9	4			yes					76	81	87	98	
76	75	3eae11f3e141595d	3			yes					77	78	80	
77	76	0d9f8154eae9c0fb	4			yes					-1	-1	-1	-1	
78	76	76aa665fa962d57a	4			yes					-1	-1	-1	79	
79	78	c06156daab13e432	3			yes					-1	-1	-1	
80	76	04afd61d4f0de6eb	4			yes					-1	-1	-1	-1	
81	75	e635fd1bab875a8d	3			yes					-1	82	84	
82	81	dd5c77f1f87dbbe7	5			yes					-1	-1	-1	-1	83	
83	82	2f48ccc6fb2d1ede	4			yes					-1	-1	-1	-1	
84	81	de03ff9c5cbe13bd	5			yes					85	-1	-1	86	-1	
85	84	0ea2dbbb56aa0913	4			yes					-1	-1	-1	-1	
86	84	2e066b1a40d2de57	4			yes					-1	-1	-1	-1	
87	75	2e760ae44090b13a	3			yes					-1	-1	88	
88	87	a2c82c371f8a9888	6			yes					89	91	93	95	-1	97	
89	88	72690810159e8226	5			yes					-1	-1	-1	-1	90	
90	89	f4c8160b7542ee7a	4			yes					-1	-1	-1	-1	
91	88	4c6ed9d0db85ea7c	5			yes					-1	-1	-1	-1	92	
92	91	cacfc7cbbb598620	4			yes					-1	-1	-1	-1	
93	88	7d0685cd83585ee5	5			yes					-1	-1	-1	-1	-1	
94	93	fba79bd6e38432b9	4			no					-1	-1	-2	-1	
95	88	750ed0b4a342838d	5			yes					-1	-1	-1	-1	-1	
96	95	f3afceafc39eefd1	4			no					-1	-2	-1	-1	
97	88	2469322c7f56f4d4	5			yes					-1	-1	-1	-1	-1	
98	75	ae356d02571cce33	3			yes					-1	-1	-1	
99	1	7745f3fc30fe69fe	4			yes					100	105	113	115	
100	99	113369018cf54c7a	3			yes					101	-1	103	
101	100	d87399b9e72162a0	5			yes					-1	-1	-1	-1	102	
102	101	eb513441c4f9f5b0	4			yes					-1	-1	-1	-1	
103	100	8aef6082b914a2e0	5			yes					-1	104	-1	-1	-1	
104	103	64a8520cf7fa8be7	4			yes					-1	-1	-1	-1	
105	99	07faa869113025aa	3			yes					-1	106	108	
106	105	8fbbc4bf9c2606f9	5			yes					-1	-1	-1	-1	107	
107	106	005fdaa47539b9bf	4			yes					-1	-1	-1	-1	
108	105	ace6ef15ae2a7b3c	5			yes					109	110	-1	111	112	
109	108	7c47cb32a43e6192	4			yes					-1	-1	-1	-1	
110	108	42401af26a2509c8	4			yes					-1	-1	-1	-1	
111	108	f4249557bf71f4b2	4			yes					-1	-1	-1	-1	
112	108	4e0c2a7667102bbb	4			yes					-1	-1	-1	-1	
113	99	e02427649793db3a	3			yes					-1	-1	114	
114	113	5e91bc0efd53b609	5			yes					-1	-1	-1	-1	-1	
115	99	81a815f03aa8db14	3			yes					-1	-1	-1	
116	1	78d27ca31a40677e	4			yes					117	124	136	138	
117	116	1ea4e65ea64b42fa	3			yes					118	120	-1	
118	117	5d384a88bb9525fa	5			yes					-1	-1	-1	-1	119	
119	118	6e1ae770984db2ea	4			yes					-1	-1	-1	-1	
120	117	2124b7089b382e64	5			yes					-1	121	-1	-1	123	
121	120	cf638586d5d60763	4			yes					-1	-1	-1	122	
122	121	fc41287ef60e9073	3			yes					-1	-1	-1	
123	120	12061af0b8e0b974	4			yes					-1	-1	-1	-1	
124	116	086d27363b8e2b2a	3			yes					-1	125	135	
125	124	b652382ff0e7b73d	6			yes					126	128	-1	130	132	134	
126	125	66f31c08faf3ad93	5			yes					-1	-1	-1	-1	127	
127	126	55d1b1f0d92b3a83	4			yes					-1	-1	-1	-1	
128	125	58f4cdc834e8c5c9	5			yes					-1	-1	-1	-1	129	
129	128	6bd66030173052d9	4			yes					-1	-1	-1	-1	
130	125	4959ee16acb006db	5			yes					-1	-1	-1	-1	131	
131	130	7a7b43ee8f6891cb	4			yes					-1	-1	-1	-1	
132	125	437bcc08eccedd38	5			yes					-1	-1	-1	-1	133	
133	132	705961f0cf164a28	4			yes					-1	-1	-1	-1	
134	125	857095d7d33f202d	5			yes					-1	-1	-1	-1	-1	
135	124	c5de7108be922381	5			yes					-1	-1	-1	-1	-1	
136	116	cf9f62b7382417ee	3			yes					-1	-1	137	
137	136	f3f92de2ef2d194c	5			yes					-1	-1	-1	-1	-1	
138	116	a184df7cbfa11940	3			yes					-1	-1	-1	
139	1	124a4da3714ba361	5			yes					140	148	165	173	174	
140	139	743cd75ecd4086e5	4			yes					141	143	147	-1	
141	140	b0a04da6a6da253c	5			yes					-1	-1	-1	-1	142	
142	141	e1f0f9d35836c4c4	4			yes					-1	-1	-1	-1	
143	140	eb9acc50c3f94788	5			yes					-1	144	-1	-1	145	
144	143	05ddfede8d176e8f	4			yes					-1	-1	-1	-1	
145	143	baca78253d15a670	4			yes					-1	-1	-1	-1	
146	145	548d4aab73fb8f77	3			no					-1	-2	-2	
147	140	a4668b589779dede	5			yes					-1	-1	-1	-1	-1	
148	139	62f516365085ef35	4			yes					-1	149	159	163	
149	148	a2335ed660865655	6			yes					150	152	-1	154	156	158	
150	149	72927af16a924cfb	5			yes					-1	-1	-1	-1	151	
151	150	23c2ce84947ead03	4			yes					-1	-1	-1	-1	
152	149	4c95ab31a48924a1	5			yes					-1	-1	-1	-1	153	
153	152	1dc51f445a65c559	4			yes					-1	-1	-1	-1	
154	149	5236ca507cea9bbf	5			yes					-1	-1	-1	-1	155	
155	154	03667e2582067a47	4			yes					-1	-1	-1	-1	
156	149	6db98e8a6b68a2c2	5			yes					-1	-1	-1	-1	157	
157	156	3ce93aff9584433a	4			yes					-1	-1	-1	-1	
158	149	f363eaa39e6ab7ad	5			yes					-1	-1	-1	-1	-1	
159	148	d8673d4deb6af811	5			yes					160	161	-1	-1	162	
160	159	08c6196ae17ee2bf	4			yes					-1	-1	-1	-1	
161	159	36c1c8aa2f658ae5	4			yes					-1	-1	-1	-1	
162	159	df995918d24e0924	4			yes					-1	-1	-1	-1	
163	148	a795050383b598f7	3			yes					-1	-1	164	
164	163	59ad7b2c797c2cb2	5			yes					-1	-1	-1	-1	-1	
165	139	a50753b7532fd3f1	4			yes					-1	-1	166	172	
166	165	fdb3cbf5b3546c1f	6			yes					167	168	169	-1	170	171	
167	166	2d12efd2b94076b1	5			yes					-1	-1	-1	-1	-1	
168	166	13153e12775b1eeb	5			yes					-1	-1	-1	-1	-1	
169	166	71f5dc4fc9476932	5			yes					-1	-1	-1	-1	-1	
170	166	0c611fc82c48139d	5			yes					-1	-1	-1	-1	-1	
171	166	ace37f804db88de7	5			yes					-1	-1	-1	-1	-1	
172	165	60674082801fa433	3			yes					-1	-1	-1	
173	139	64e4cc496c916e82	4			yes					-1	-1	-1	-1	
174	139	d72a5e96a27bd4a3	4			yes					-1	-1	-1	-1	
175	0	5f972832aa6199d7	5			yes					-1	176	224	240	255	
176	175	6b12213e606dffcc	5			yes					177	195	201	216	223	
177	176	88d55c7d8378bf67	4			yes					178	180	186	190	
178	177	b344304cd277b655	5			yes					-1	-1	-1	-1	179	
179	178	80669db4f1af2145	4			yes					-1	-1	-1	-1	
180	177	4a4fbd2daf77b4b5	5			yes					181	183	-1	-1	185	
181	180	80e54ec97dbce0e3	4			yes					-1	-1	-1	182	
182	181	b3c7e3315e6477f3	3			yes					-1	-1	-1	
183	180	958114d733a572d8	4			yes					-1	-1	-1	184	
184	183	a6a3b92f107de5c8	3			yes					-1	-1	-1	
185	180	796d10d58caf23a5	4			yes					-1	-1	-1	-1	
186	177	d11450c075ae12db	5			yes					-1	187	188	-1	189	
187	186	0edaf93ae97cd4b6	4			yes					-1	-1	-1	-1	
188	186	06d2ac43c96609de	4			yes					-1	-1	-1	-1	
189	186	c7915a781086aa44	4			yes					-1	-1	-1	-1	
190	177	788a19bc2ab05637	5			yes					-1	191	192	193	194	
191	190	a744b046b662905a	4			yes					-1	-1	-1	-1	
192	190	af4ce53f96784d32	4			yes					-1	-1	-1	-1	
193	190	204863fe3bebd9b9	4			yes					-1	-1	-1	-1	
194	190	9a60dcdfe38a06b0	4			yes					-1	-1	-1	-1	
195	176	d4c904b1d6fd4f32	4			yes					-1	196	198	199	
196	195	d9649dcd44c6bed7	5			yes					-1	-1	-1	-1	197	
197	196	ea463035671e29c7	4			yes					-1	-1	-1	-1	
198	195	5b1fa1ec15b0a5b0	5			yes					-1	-1	-1	-1	-1	
199	195	2224e2bddcabfdd8	3			yes					200	-1	-1	
200	199	97a5acf024bc1bc7	4			yes					-1	-1	-1	-1	
201	176	dc5f3f2a42098f5c	4			yes					-1	-1	202	212	
202	201	cfcfbf79284ee522	6			yes					203	205	207	-1	209	211	
203	202	194935575b2469bf	5			yes					-1	-1	-1	-1	204	
204	203	2a6b98af78fcfeaf	4			yes					-1	-1	-1	-1	
205	202	45750ed33a44da5f	5			yes					-1	-1	-1	-1	206	
206	205	7657a32b199c4d4f	4			yes					-1	-1	-1	-1	
207	202	10011683b49c234f	5			yes					-1	-1	-1	-1	208	
208	207	2323bb7b9744b45f	4			yes					-1	-1	-1	-1	
209	202	5fa05241b8c67d8f	5			yes					-1	-1	-1	-1	210	
210	209	6c82ffb99b1eea9f	4			yes					-1	-1	-1	-1	
211	202	fced12810b967232	5			yes					-1	-1	-1	-1	-1	
212	201	e3ece318be9155ae	5			yes					213	214	215	-1	-1	
213	212	356a6936cdfbd933	4			yes					-1	-1	-1	-1	
214	212	695652b2ac9b6ad3	4			yes					-1	-1	-1	-1	
215	212	3c224ae2224393c3	4			yes					-1	-1	-1	-1	
216	176	1dbca0d47db7322f	4			yes					-1	-1	-1	217	
217	216	c0f3c673b0f14332	6			yes					218	219	220	221	-1	222	
218	217	16754c5dc39bcfaf	5			yes					-1	-1	-1	-1	-1	
219	217	4a4977d9a2fb7c4f	5			yes					-1	-1	-1	-1	-1	
220	217	1f3d6f892c23855f	5			yes					-1	-1	-1	-1	-1	
221	217	17353af00c395837	5			yes					-1	-1	-1	-1	-1	
222	217	4652d868d02d2f6e	5			yes					-1	-1	-1	-1	-1	
223	176	9dffc7326a3b4d26	4			yes					-1	-1	-1	-1	
224	175	6b167ff2aa8803ed	4			yes					225	235	237	239	
225	224	88d102b1499d4346	3			yes					226	228	230	
226	225	69c33b2ac8742cc9	5			yes					-1	-1	-1	-1	227	
227	226	5ae196d2ebacbbd9	4			yes					-1	-1	-1	-1	
228	225	8edd029617482797	5			yes					-1	-1	-1	-1	229	
229	228	bdffaf6e3490b087	4			yes					-1	-1	-1	-1	
230	225	a0b17301eee2f9c4	5			yes					-1	231	232	233	234	
231	230	2cf764bb94f1fce9	4			yes					-1	-1	-1	-1	
232	230	fcc45b7f70b98e72	4			yes					-1	-1	-1	-1	
233	230	f8730943ffb9764a	4			yes					-1	-1	-1	-1	
234	230	425bb66227d8a943	4			yes					-1	-1	-1	-1	
235	224	824b4fd74e2e4085	3			yes					-1	-1	236	
236	235	158dfe5c1469779b	4			yes					-1	-1	-1	-1	
237	224	fc77ab6a0de5b129	3			yes					-1	-1	238	
238	237	3caa564a52286db3	5			yes					-1	-1	-1	-1	-1	
239	224	9dfb99fea0deb107	3			yes					-1	-1	-1	
240	175	6481f0ad80360d6d	4			yes					241	249	252	254	
241	240	87468dee63234dc6	3			yes					242	244	248	
242	241	5b07058317d060c9	5			yes					-1	-1	-1	-1	243	
243	242	6825a87b3408f7d9	4			yes					-1	-1	-1	-1	
244	241	0b7aa48bccce7540	5			yes					-1	245	-1	-1	247	
245	244	873cb331b6dd706d	4			yes					-1	-1	-1	246	
246	245	b41e1ec99505e77d	3			yes					-1	-1	-1	
247	244	38580973ef16e250	4			yes					-1	-1	-1	-1	
248	241	480974c6f47ab43f	5			yes					-1	-1	-1	-1	-1	
249	240	8ddcc08864904e05	3			yes					-1	250	-1	
250	249	02157567512db968	5			yes					-1	-1	-1	-1	251	
251	250	3137d89f72f52e78	4			yes					-1	-1	-1	-1	
252	240	d3cceeb9a2527dfd	3			yes					-1	-1	253	
253	252	91c2c7a64056c2f6	5			yes					-1	-1	-1	-1	-1	
254	240	bdd7537225d77353	3			yes					-1	-1	-1	
255	175	0e19c1adeb3dc972	5			yes					256	270	274	283	284	
256	255	eddebcee082889d9	4			yes					257	259	263	267	
257	256	eb950dba18845e2f	5			yes					-1	-1	-1	-1	258	
258	257	bac5b9cfe668bfd7	4			yes					-1	-1	-1	-1	
259	256	c1c4dfd3940f1cac	5			yes					-1	260	-1	-1	262	
260	259	4d82c869ee1c1981	4			yes					-1	-1	-1	261	
261	260	1cd27c1c10f0f879	3			yes					-1	-1	-1	
262	259	90946ba66ae3fd54	4			yes					-1	-1	-1	-1	
263	256	8e3898dbc08f85fa	5			yes					-1	264	265	-1	266	
264	263	027e8f61ba9c80d7	4			yes					-1	-1	-1	-1	
265	263	59fe64587c479eff	4			yes					-1	-1	-1	-1	
266	263	89c6fc8ef9ab74cf	4			yes					-1	-1	-1	-1	
267	256	28beafdbdb18fe1b	3			yes					-1	268	269	
268	267	26f29538ebfb7158	4			yes					-1	-1	-1	-1	
269	267	05edb053e59b67c4	5			yes					-1	-1	-1	-1	-1	
270	255	e744f1880f9b8a1a	4			yes					-1	271	273	-1	
271	270	e20256af102fc4e7	5			yes					-1	-1	-1	-1	272	
272	271	b352e2daeec3251f	4			yes					-1	-1	-1	-1	
273	270	57bbd7b74650f1d1	5			yes					-1	-1	-1	-1	-1	
274	255	b954dfb9c959b9e2	4			yes					-1	-1	275	282	
275	274	9f8821b11c2fb7a5	6			yes					276	278	279	-1	-1	281	
276	275	490eab9f6f453b38	5			yes					-1	-1	-1	-1	277	
277	276	185e1fea91a9dac0	4			yes					-1	-1	-1	-1	
278	275	1532901b0e2588d8	5			yes					-1	-1	-1	-1	-1	
279	275	13ce360b663cb288	5			yes					-1	-1	-1	-1	-1	
280	275	6e5af58c8333c827	5			no					-1	-1	-1	-1	-2	
281	275	ced895c4e2c3565d	5			yes					-1	-1	-1	-1	-1	
282	274	7c34cc8c1a69ce20	3			yes					-1	-1	-1	
283	255	78b74047f6e70491	4			yes					-1	-1	-1	-1	
284	255	cb79d298380dbeb0	4			yes					-1	-1	-1	-1	
285	0	c2caff0761677109	5			yes					-1	-1	286	325	336	
286	285	0ba074f678a1462d	5			yes					287	302	314	317	324	
287	286	e86709b59bb40686	4			yes					288	292	294	297	
288	287	d321036e87b33bbf	5			yes					-1	289	-1	-1	291	
289	288	c22c886f0abe03ed	4			yes					-1	-1	-1	290	
290	289	f10e2597296694fd	3			yes					-1	-1	-1	
291	288	e003ae96a46bacaf	4			yes					-1	-1	-1	-1	
292	287	fbce472b03b43e35	5			yes					-1	-1	-1	-1	293	
293	292	c8ecead3206ca925	4			yes					-1	-1	-1	-1	
294	287	3fe7bc1317aed613	5			yes					-1	-1	295	-1	296	
295	294	6392946d89f5a1a5	4			yes					-1	-1	-1	-1	
296	294	2962b6ab72866e8c	4			yes					-1	-1	-1	-1	
297	287	9679f56f48b092ff	5			yes					-1	298	299	300	301	
298	297	ffa33e544d497916	4			yes					-1	-1	-1	-1	
299	297	ca0cdd11d6ebe549	4			yes					-1	-1	-1	-1	
300	297	cebb8f2d59eb1d71	4			yes					-1	-1	-1	-1	
301	297	7493300c818ac278	4			yes					-1	-1	-1	-1	
302	286	2f91074167f39faf	4			yes					-1	303	305	309	
303	302	76b3a5de3cc886e1	5			yes					-1	-1	-1	-1	304	
304	303	459108261f1011f1	4			yes					-1	-1	-1	-1	
305	302	82bf26daddd9300e	5			yes					306	-1	307	-1	308	
306	305	5439acf4aeb3bc93	4			yes					-1	-1	-1	-1	
307	305	deca0ea4438247b8	4			yes					-1	-1	-1	-1	
308	305	943a2c62b8f18891	4			yes					-1	-1	-1	-1	
309	302	2b216fa682c774e2	5			yes					310	-1	311	312	313	
310	309	fda7e588f1adf87f	4			yes					-1	-1	-1	-1	
311	309	775447d81c9c0354	4			yes					-1	-1	-1	-1	
312	309	73e315e4939cfb6c	4			yes					-1	-1	-1	-1	
313	309	c9cbaac54bfd2465	4			yes					-1	-1	-1	-1	
314	286	47b56912ebcbe620	4			yes					-1	-1	315	316	
315	314	db7bd9f881032dd4	5			yes					-1	-1	-1	-1	-1	
316	314	b1588f1ee19d54ca	3			yes					-1	-1	-1	
317	286	7d0ef51c657b8bce	4			yes					-1	-1	-1	318	
318	317	2f5c56c344676208	6			yes					319	320	321	322	-1	323	
319	318	f9dadced370dee95	5			yes					-1	-1	-1	-1	-1	
320	318	c1faa324806810fc	5			yes					-1	-1	-1	-1	-1	
321	318	f092ff39d8b5a465	5			yes					-1	-1	-1	-1	-1	
322	318	73297ebdda3c15be	5			yes					-1	-1	-1	-1	-1	
323	318	a9fd48d824bb0e54	5			yes					-1	-1	-1	-1	-1	
324	286	fd4d92fa72f7f4c7	4			yes					-1	-1	-1	-1	
325	285	a04ddb3eaf6bc143	4			yes					326	331	334	335	
326	325	438aa67d4c7e81e8	3			yes					327	329	-1	
327	326	b911108a1402d5cb	5			yes					-1	-1	-1	-1	328	
328	327	8a33bd7237da42db	4			yes					-1	-1	-1	-1	
329	326	fd03f1956de588ea	5			yes					-1	-1	-1	-1	330	
330	329	ce215c6d4e3d1ffa	4			yes					-1	-1	-1	-1	
331	325	847ca889b03918c1	3			yes					-1	332	-1	
332	331	f8afdd77c3eca6dd	5			yes					-1	-1	-1	-1	333	
333	332	cb8d708fe03431cd	4			yes					-1	-1	-1	-1	
334	325	1ea0ad2b59a6e717	3			yes					-1	-1	-1	
335	325	791b78e10a8abf7d	3			yes					-1	-1	-1	
336	285	cad5ea3ec460055c	5			yes					337	345	351	353	354	
337	336	2912977d277545f7	4			yes					338	340	342	344	
338	337	a6398d1926683fc0	5			yes					-1	-1	-1	-1	339	
339	338	f769396cd884de38	4			yes					-1	-1	-1	-1	
340	337	a31f7addc947d64f	5			yes					-1	-1	-1	-1	341	
341	340	f24fcea837ab37b7	4			yes					-1	-1	-1	-1	
342	337	b8f01eb566ddeec1	5			yes					-1	-1	-1	-1	343	
343	342	bf0e7ae05ff91ff4	4			yes					-1	-1	-1	-1	
344	337	ec728448f4453235	3			yes					-1	-1	-1	
345	336	eee49989db32dcde	4			yes					-1	346	348	350	
346	345	520adaf4a597b3d8	5			yes					-1	-1	-1	-1	347	
347	346	035a6e815b7b5220	4			yes					-1	-1	-1	-1	
348	345	05a8847cacaa08dc	5			yes					-1	-1	-1	-1	349	
349	348	0256e029958ef9e9	4			yes					-1	-1	-1	-1	
350	345	2b848abc0802ab1c	3			yes					-1	-1	-1	
351	336	74389c2b32ad2308	4			yes					-1	-1	352	-1	
352	351	815529f30425a23e	5			yes					-1	-1	-1	-1	-1	
353	336	bc7b6bd4d9bac8bf	4			yes					-1	-1	-1	-1	
354	336	0fb5f90b1750729e	4			yes					-1	-1	-1	-1	
355	0	fa74bd065594ffef	5			yes					-1	-1	-1	356	395	
356	355	99809b12c37ef892	5			yes					357	376	389	392	394	
357	356	7a47e651206bb839	4			yes					358	366	374	375	
358	357	ec0881c7f1d3fd68	6			yes					-1	359	361	363	-1	365	
359	358	024fb349bf3dd46f	5			yes					-1	-1	-1	-1	360	
360	359	316d1eb19ce5437f	4			yes					-1	-1	-1	-1	
361	358	b07da9b96f888ade	5			yes					-1	-1	-1	-1	362	
362	361	835f04414c501dce	4			yes					-1	-1	-1	-1	
363	358	98c81de565397407	5			yes					-1	-1	-1	-1	364	
364	363	abeab01d46e1e317	4			yes					-1	-1	-1	-1	
365	358	df2a2c3fd20b6a78	5			yes					-1	-1	-1	-1	-1	
366	357	133834b408e12d5c	6			yes					-1	-1	367	369	371	373	
367	366	65aa434bdcb91758	5			yes					-1	-1	-1	-1	368	
368	367	5688eeb3ff618048	4			yes					-1	-1	-1	-1	
369	366	ec33e28d54b69cba	5			yes					-1	-1	-1	-1	370	
370	369	df114f75776e0baa	4			yes					-1	-1	-1	-1	
371	366	e611c09314c84759	5			yes					-1	-1	-1	-1	372	
372	371	d5336d6b3710d049	4			yes					-1	-1	-1	-1	
373	366	201a994c2b39ba4c	5			yes					-1	-1	-1	-1	-1	
374	357	757f8b86209809e9	3			yes					-1	-1	-1	
375	357	c65fc6645a25c493	5			yes					-1	-1	-1	-1	-1	
376	356	bdb1e8a5dc2c2110	4			yes					-1	377	387	388	
377	376	0ac24ea3ab07eda3	6			yes					378	-1	380	382	384	386	
378	377	dc44c48dd86d613e	5			yes					-1	-1	-1	-1	379	
379	378	ef666975fbb5f62e	4			yes					-1	-1	-1	-1	
380	377	7c50395c7f5fd7a7	5			yes					-1	-1	-1	-1	381	
381	380	4f7294a45c8740b7	4			yes					-1	-1	-1	-1	
382	377	f5c9989af7505c45	5			yes					-1	-1	-1	-1	383	
383	382	c6eb3562d488cb55	4			yes					-1	-1	-1	-1	
384	377	ffebba84b72e87a6	5			yes					-1	-1	-1	-1	385	
385	384	ccc9177c94f610b6	4			yes					-1	-1	-1	-1	
386	377	39e0e35b88df7ab3	5			yes					-1	-1	-1	-1	-1	
387	376	b2898572dcdf90c0	3			yes					-1	-1	-1	
388	376	c8bb15a610c1eee9	5			yes					-1	-1	-1	-1	-1	
389	356	e93fc087e2b0b4c6	4			yes					-1	-1	390	391	
390	389	e607ad50e2430516	3			yes					-1	-1	-1	
391	389	1aed1f4d7eb1ecf4	5			yes					-1	-1	-1	-1	-1	
392	356	96b8f6c5c38d4942	4			yes					-1	-1	-1	393	
393	392	b7495561dd89d57d	3			yes					-1	-1	-1	
394	356	b87138b6dd7a64ad	4			yes					-1	-1	-1	-1	
395	355	e54892cca9d4107b	5			yes					396	411	418	421	422	
396	395	068fef8f4ac150d0	4			yes					397	406	408	409	
397	396	f6dfc1c8852ce708	6			yes					-1	398	400	402	403	405	
398	397	1898f346cbc2ce0f	5			yes					-1	-1	-1	-1	399	
399	398	49c84733352e2ff7	4			yes					-1	-1	-1	-1	
400	397	aaaae9b61b7790be	5			yes					-1	-1	-1	-1	401	
401	400	fbfa5dc3e59b7146	4			yes					-1	-1	-1	-1	
402	397	ae1dbb8a94776886	5			yes					-1	-1	-1	-1	-1	
403	397	395511948ec2139f	5			yes					-1	-1	-1	-1	404	
404	403	6805a5e1702ef267	4			yes					-1	-1	-1	-1	
405	397	a78f75bd7bc006f0	5			yes					-1	-1	-1	-1	-1	
406	396	88c1b166b48b4fad	5			yes					-1	-1	-1	-1	407	
407	406	d99105134a67ae55	4			yes					-1	-1	-1	-1	
408	396	6b152bbc2f356969	5			yes					-1	-1	-1	-1	-1	
409	396	c3effcba99f12712	3			yes					-1	410	-1	
410	409	0c77844bb78fb764	4			yes					-1	-1	-1	-1	
411	395	c179e17bb686c9f9	4			yes					-1	412	416	417	
412	411	913bcb71176d8f52	5			yes					413	-1	-1	-1	415	
413	412	47bd415f640703cf	4			yes					-1	-1	-1	414	
414	413	16edf52a9aebe237	3			yes					-1	-1	-1	
415	412	c06b7f04e9816eaa	4			yes					-1	-1	-1	-1	
416	411	c81a2fda5e095860	5			yes					-1	-1	-1	-1	-1	
417	411	0419f24e65b6be3b	3			yes					-1	-1	-1	
418	395	95f7c959881a5c2f	4			yes					-1	-1	419	420	
419	418	d68d11337f47c857	5			yes					-1	-1	-1	-1	-1	
420	418	5097da6c5b2a2bed	3			yes					-1	-1	-1	
421	395	722946540eb9a2bf	4			yes					-1	-1	-1	-1	
422	395	202881f97ae467b9	4			yes					-1	-1	-1	-1	
423	0	d17c0eacd2cf7fb5	5			yes					-1	-1	-1	-1	424	
424	423	1548afcafe8c73b4	6			yes					425	441	457	464	467	469	
425	424	f68fd2891d99331f	5			yes					426	430	432	434	436	
426	425	b11cecf8cd3b9580	6			yes					-1	427	-1	-1	-1	428	
427	426	5f5bde7683d5bc87	5			yes					-1	-1	-1	-1	-1	
428	426	e04c588d33d77478	5			yes					-1	429	-1	-1	-1	
429	428	0e0b6a037d395d7f	4			yes					-1	-1	-1	-1	
430	425	a589cb02aa99eda4	6			yes					-1	-1	-1	-1	-1	431	
431	430	f4d97f7754750c5c	5			yes					-1	-1	-1	-1	-1	
432	425	b97670ee279bf020	5			yes					-1	-1	-1	-1	433	
433	432	e826c49bd97711d8	4			yes					-1	-1	-1	-1	
434	425	9ba1f31b4e8d56d5	4			yes					-1	-1	-1	435	
435	434	e3c336361cf8e546	3			yes					-1	-1	-1	
436	425	8eed17a44fec808c	4			yes					437	439	440	-1	
437	436	bcc8e7404ad02541	6			yes					-1	-1	-1	-1	-1	-1	
438	437	528fd5ce043e0c46	5			no					-1	-2	-2	-2	-2	
439	436	a85dc0ba2d725d65	6			yes					-1	-1	-1	-1	-1	-1	
440	436	b4a27b56a07040e1	5			yes					-1	-1	-1	-1	-1	
441	424	3179dc7de1deaa36	5			yes					-1	442	445	452	454	
442	441	42c1b0171c12ba8f	6			yes					-1	-1	443	-1	-1	444	
443	442	12b8d3283c8ee5d4	5			yes					-1	-1	-1	-1	-1	
444	442	13910462e2fe5b77	5			yes					-1	-1	-1	-1	-1	
445	441	8634c269c3badaa6	4			yes					446	448	-1	450	
446	445	f7830eca85432a3f	5			yes					-1	-1	-1	-1	447	
447	446	a6d3babf7bafcbc7	4			yes					-1	-1	-1	-1	
448	445	d4b2cca54f56bd33	5			yes					-1	-1	-1	-1	449	
449	448	85e278d0b1ba5ccb	4			yes					-1	-1	-1	-1	
450	445	9340183d46f9fe36	6			yes					-1	-1	-1	-1	-1	451	
451	450	cfc4a7f03ffeaf0f	5			yes					-1	-1	-1	-1	-1	
452	441	5c57fdefb2cacffc	4			yes					-1	-1	-1	453	
453	452	243538c2e0bf7c6f	3			yes					-1	-1	-1	
454	441	491b1950b3ab19a5	4			yes					-1	455	-1	-1	
455	454	4f15bbaf9bf90a4e	6			yes					-1	-1	456	-1	-1	-1	
456	455	1f6cd890bb655515	5			yes					-1	-1	-1	-1	-1	
457	424	65f7f45fdf423fe0	5			yes					-1	-1	458	460	462	
458	457	e8a4abd0436ac974	6			yes					-1	-1	-1	-1	-1	459	
459	458	b9f41fa5bd86288c	5			yes					-1	-1	-1	-1	-1	
460	457	08d9d5cd8c565a2a	4			yes					-1	-1	-1	461	
461	460	70bb10e0de23e9b9	3			yes					-1	-1	-1	
462	457	1d9531728d378c73	4			yes					-1	-1	463	-1	
463	462	e570a068c48179b5	6			yes					-1	-1	-1	-1	-1	-1	
464	424	a205b1dedce80324	5			yes					-1	-1	-1	465	466	
465	464	cf2b904c8ffc66ee	4			yes					-1	-1	-1	-1	
466	464	da6774f38e9db0b7	4			yes					-1	-1	-1	-1	
467	424	78668e58ad98167e	5			yes					-1	-1	-1	-1	468	
468	467	00044b75ffeda5ed	4			yes					-1	-1	-1	-1	
469	424	6d2a6ae7acf9c027	5			yes					-1	-1	-1	-1	-1	
470	0	5d9c0b43ef7ff452	5			yes					-1	-1	-1	-1	-1	
