Number of nodes
90
ID	PID	Hash_Value			File_Number	Fully_Enumerated	Children
0	-1	5defa120884b8956	5			yes					1	19	40	59	78	
1	0	8e06de6f94d8adfb	5			yes					2	4	10	15	17	
2	1	81544b414dea350a	4			yes					-1	-1	-1	3	
3	2	fc302a1594d0de47	3			yes					-1	-1	-1	
4	1	e62ac9eee622cc44	4			yes					5	6	7	8	
5	4	2ffedee95b637899	3			yes					-1	-1	-1	
6	4	25a3eccacba3ef3e	3			yes					-1	-1	-1	
7	4	be3c4e4337b0a1a3	3			yes					-1	-1	-1	
8	4	8d46d71bf83b0b42	4			yes					-1	-1	-1	9	
9	8	24d7486c918b5f51	3			yes					-1	-1	-1	
10	1	dedea303bbf80a71	4			yes					11	-1	12	13	
11	10	81c595cc3a156050	3			yes					-1	-1	-1	
12	10	581175e5e0d4b4f7	3			yes					-1	-1	-1	
13	10	5f18ab9f95926da3	4			yes					-1	-1	-1	14	
14	13	f68934e8fc2239b0	3			yes					-1	-1	-1	
15	1	50f17d1ff3864248	4			yes					-1	-1	-1	16	
16	15	1a0880c5f17fc228	4			yes					-1	-1	-1	-1	
17	1	f76d643804667e1f	4			yes					18	-1	-1	-1	
18	17	55a1b562fd608a54	4			yes					-1	-1	-1	-1	
19	0	172bc23a06056cec	5			yes					20	28	30	36	38	
20	19	fcb48026beb1d7e2	4			yes					-1	21	23	24	
21	20	197f731696ee3130	4			yes					-1	-1	-1	22	
22	21	641b12424fd4da7d	3			yes					-1	-1	-1	
23	20	0adfa778808e8c49	4			yes					-1	-1	-1	-1	
24	20	39a53e204f0526a8	5			yes					-1	-1	26	-1	27	
25	24	76c384e49b3a485c	4			no					-1	-1	-1	-2	
26	24	0c2f9d7a2e69e343	4			yes					-1	-1	-1	-1	
27	24	9034a15726b572bb	4			yes					-1	-1	-1	-1	
28	19	c96c9c9a4e3f512e	4			yes					-1	-1	-1	29	
29	28	b408fdce9705ba63	3			yes					-1	-1	-1	
30	19	47f3bf562925cb66	4			yes					-1	31	32	33	
31	30	aa511785f93663ca	3			yes					-1	-1	-1	
32	30	0718e55358952588	3			yes					-1	-1	-1	
33	30	1543b43e43dc010a	4			yes					34	-1	-1	35	
34	33	ee05d808c5c517ee	3			yes					-1	-1	-1	
35	33	bcd22b492a6c5519	3			yes					-1	-1	-1	
36	19	c9dc614a615b835f	4			yes					-1	-1	-1	37	
37	36	bc79a33adede6702	4			yes					-1	-1	-1	-1	
38	19	6e40786d96bbbf08	4			yes					-1	39	-1	-1	
39	38	1d9962b9feb5ee70	4			yes					-1	-1	-1	-1	
40	0	54aacf035ec717c1	5			yes					41	48	54	55	57	
41	40	bf358d1fe673accf	4			yes					42	44	45	46	
42	41	dbc3a1aa576a96fb	4			yes					-1	-1	-1	43	
43	42	a6a7c0fe8e507db6	3			yes					-1	-1	-1	
44	41	1cae327786933adb	3			yes					-1	-1	-1	
45	41	6283f7ef7c168421	3			yes					-1	-1	-1	
46	41	d8d67aa7ca1b2414	4			yes					-1	-1	-1	47	
47	46	7147e5d0a3ab7007	3			yes					-1	-1	-1	
48	40	5eb6d7fa9fdaa030	4			yes					-1	-1	49	50	
49	48	5cd8b472ae0ac39f	4			yes					-1	-1	-1	-1	
50	48	6fa22d2a6181697e	5			yes					51	-1	52	-1	53	
51	50	94e4411ce7987f9a	4			yes					-1	-1	-1	-1	
52	50	5a288e7000edac95	4			yes					-1	-1	-1	-1	
53	50	c633b25d08313d6d	4			yes					-1	-1	-1	-1	
54	40	d40fa85930369f8c	4			yes					-1	-1	-1	-1	
55	40	8a5d6c733999f872	4			yes					-1	-1	-1	56	
56	55	720cf491f95f0181	4			yes					-1	-1	-1	-1	
57	40	2dc17554ce79c425	4			yes					-1	-1	58	-1	
58	57	f112be18396058a1	4			yes					-1	-1	-1	-1	
59	0	e2520436d769e4ec	5			yes					60	66	71	76	77	
60	59	09cd462a6fdd5fe2	4			yes					61	62	-1	64	
61	60	7bb1165f2a037220	3			yes					-1	-1	-1	
62	60	20cd86756231b269	4			yes					-1	-1	-1	63	
63	62	5da9e721bb0b5924	3			yes					-1	-1	-1	
64	60	08df9b44d8e28031	4			yes					-1	65	-1	-1	
65	64	47b921800cddeec5	3			yes					-1	-1	-1	
66	59	e84e1ccf1674531d	4			yes					-1	67	-1	69	
67	66	9a098ca9d547da05	4			yes					-1	-1	-1	68	
68	67	e76dedfd0c7d3148	3			yes					-1	-1	-1	
69	66	f4b76548d872d333	4			yes					70	-1	-1	-1	
70	69	0ff1097e5e6bc5d7	3			yes					-1	-1	-1	
71	59	8a7e13b7a5938553	4			yes					-1	-1	-1	72	
72	71	3c99e278641ea860	5			yes					73	74	-1	-1	75	
73	72	c7df8e4ee207be84	4			yes					-1	-1	-1	-1	
74	72	afcc1166e86f28cd	4			yes					-1	-1	-1	-1	
75	72	95087d0f0daefc73	4			yes					-1	-1	-1	-1	
76	59	f0c4f7339bedbea4	4			yes					-1	-1	-1	-1	
77	59	9b39be6147d73708	4			yes					-1	-1	-1	-1	
78	0	2a6858c6039d8f91	5			yes					79	83	86	88	89	
79	78	c1f71adabb29349f	4			yes					80	81	82	-1	
80	79	199b0c2fba5210e8	4			yes					-1	-1	-1	-1	
81	79	74ee46a14a8ddbbb	4			yes					-1	-1	-1	-1	
82	79	08d4bc93f652f4da	4			yes					-1	-1	-1	-1	
83	78	2074403fc2803860	4			yes					-1	84	85	-1	
84	83	afb1b624a267db38	4			yes					-1	-1	-1	-1	
85	83	f4bc429ff6c2a7d8	4			yes					-1	-1	-1	-1	
86	78	42444f477167ee2e	4			yes					-1	-1	87	-1	
87	86	9aa887024b0d98ea	5			yes					-1	-1	-1	-1	-1	
88	78	7ab025aa2cbd281b	4			yes					-1	-1	-1	-1	
89	78	d97730082473caca	4			yes					-1	-1	-1	-1	
