Number of nodes
475
ID	PID	Hash_Value			File_Number	Fully_Enumerated	Children
0	-1	729da41517906891	6			yes					1	152	272	361	433	474	
1	0	27ae1158ab22aa18	5			yes					2	61	87	108	122	
2	1	5475d7b6c3a9be96	5			yes					3	13	36	49	60	
3	2	a5f51789298dcc0b	4			yes					4	5	7	8	
4	3	bd1b249aef1be39b	4			yes					-1	-1	-1	-1	
5	3	5a78352ce6fe5b30	4			yes					-1	6	-1	-1	
6	5	6224159db4f85600	3			yes					-1	-1	-1	
7	3	9f64d8b3f126fa17	4			yes					-1	-1	-1	-1	
8	3	24b684a625119d74	3			yes					9	10	11	
9	8	94e56dd176e2b6dc	4			yes					-1	-1	-1	-1	
10	8	000a6d6bed911772	4			yes					-1	-1	-1	-1	
11	8	1e0710e2d67c9a86	5			yes					-1	-1	-1	-1	-1	
12	11	c32f7efa0d036fe5	4			no					-1	-2	-2	-1	
13	2	41cefb57fcae3ef9	4			yes					-1	14	21	29	
14	13	8643f360ee48d48e	5			yes					15	17	18	19	20	
15	14	a3c6c0dd356aee43	4			yes					16	-1	-1	-1	
16	15	db7403d22b98f78c	3			yes					-1	-1	-1	
17	14	fef1306ff0bacd41	4			yes					-1	-1	-1	-1	
18	14	cca65932557e775e	4			yes					-1	-1	-1	-1	
19	14	d5a290401c074b97	4			yes					-1	-1	-1	-1	
20	14	443339c08ca91fcb	4			yes					-1	-1	-1	-1	
21	13	92d87174ddfc68ca	5			yes					22	25	26	27	28	
22	21	b75d42c906de5207	4			yes					23	-1	-1	24	
23	22	cfef81c6182c4bc8	3			yes					-1	-1	-1	
24	22	84cc1de06babf05f	3			yes					-1	-1	-1	
25	21	ea6ab27bc30e7105	4			yes					-1	-1	-1	-1	
26	21	65963b1bb3b72ccd	4			yes					-1	-1	-1	-1	
27	21	99e8e5f4c6eec55d	4			yes					-1	-1	-1	-1	
28	21	a1492e5db089ca92	4			yes					-1	-1	-1	-1	
29	13	0fd73a4402ed0185	5			yes					30	32	33	34	35	
30	29	2a5209f9d9cf3b48	4			yes					31	-1	-1	-1	
31	30	52e0caf6c73d2287	3			yes					-1	-1	-1	
32	29	7765f94b1c1f184a	4			yes					-1	-1	-1	-1	
33	29	f899702b6ca64582	4			yes					-1	-1	-1	-1	
34	29	7b7679aebf695a7c	4			yes					-1	-1	-1	-1	
35	29	ded8f937161f3cfc	4			yes					-1	-1	-1	-1	
36	2	1577a2a031760bc9	4			yes					-1	-1	37	43	
37	36	fb926467ae74d92e	5			yes					38	39	40	41	42	
38	37	de1757da7556e3e3	4			yes					-1	-1	-1	-1	
39	37	8320a768b086c0e1	4			yes					-1	-1	-1	-1	
40	37	1012fa745f364801	4			yes					-1	-1	-1	-1	
41	37	024bda020ad0b283	4			yes					-1	-1	-1	-1	
42	37	4f6ed0c49036d980	4			yes					-1	-1	-1	-1	
43	36	388c1db7b8297020	5			yes					44	46	47	-1	48	
44	43	1d092e0a630b4aed	4			yes					45	-1	-1	-1	
45	44	65bbed057df95322	3			yes					-1	-1	-1	
46	43	403edeb8a6db69ef	4			yes					-1	-1	-1	-1	
47	43	d30c83a4496be10f	4			yes					-1	-1	-1	-1	
48	43	0ad4d229c29e300d	4			yes					-1	-1	-1	-1	
49	2	247a0ae72b6016d2	4			yes					-1	-1	-1	50	
50	49	2681603e83c4fdd4	6			yes					51	53	55	57	-1	59	
51	50	0304538358e6c719	5			yes					-1	-1	-1	-1	52	
52	51	de2c3d9b8399327a	4			yes					-1	-1	-1	-1	
53	50	5e33a3319d36e41b	5			yes					-1	-1	-1	-1	54	
54	53	831bcd2946491178	4			yes					-1	-1	-1	-1	
55	50	cd01fe2d72866cfb	5			yes					-1	-1	-1	-1	56	
56	55	10299035a9f99998	4			yes					-1	-1	-1	-1	
57	50	d4fea947f0e8c741	5			yes					-1	-1	-1	-1	58	
58	57	09d6c75f2b973222	4			yes					-1	-1	-1	-1	
59	50	fba90e2658bb08b7	5			yes					-1	-1	-1	-1	-1	
60	2	d5364499cf35efe9	4			yes					-1	-1	-1	-1	
61	1	ce15c9d5c0de4063	4			yes					62	69	75	86	
62	61	8884c6b6b9f1b6bd	3			yes					63	64	65	
63	62	f611fa89ae878528	4			yes					-1	-1	-1	-1	
64	62	3ecb23640876eba9	4			yes					-1	-1	-1	-1	
65	62	f08b96f1e1929024	5			yes					-1	66	67	-1	68	
66	65	69784d974ac48caa	4			yes					-1	-1	-1	-1	
67	65	02f45f8892beaab1	4			yes					-1	-1	-1	-1	
68	65	c03fdcf68b4ab778	4			yes					-1	-1	-1	-1	
69	61	b7dd411d9d7a0fe5	3			yes					-1	70	72	
70	69	19ea3d42b02f5e9d	5			yes					-1	-1	-1	-1	71	
71	70	b5c235d710e3ace2	4			yes					-1	-1	-1	-1	
72	69	080ad48ab015cf20	5			yes					73	74	-1	-1	-1	
73	72	2d8fe7376b37f5ed	4			yes					-1	-1	-1	-1	
74	72	34276acf01408e0a	4			yes					-1	-1	-1	-1	
75	61	be1a14842817e827	3			yes					-1	-1	76	
76	75	a4ad2bbc753aebe9	6			yes					77	79	81	83	-1	85	
77	76	81281801ae18d124	5			yes					-1	-1	-1	-1	78	
78	77	5c00761975672447	4			yes					-1	-1	-1	-1	
79	76	988095f9c46faac3	5			yes					-1	-1	-1	-1	80	
80	79	45a8fbe11f105fa0	4			yes					-1	-1	-1	-1	
81	76	899e8367dd21341e	5			yes					-1	-1	-1	-1	82	
82	81	54b6ed7f065ec17d	4			yes					-1	-1	-1	-1	
83	76	56d2e2c50616d17c	5			yes					-1	-1	-1	-1	84	
84	83	8bfa8cdddd69241f	4			yes					-1	-1	-1	-1	
85	76	798545a4ae451e8a	5			yes					-1	-1	-1	-1	-1	
86	61	4f565afacc42111c	3			yes					-1	-1	-1	
87	1	d7870f11dcb83141	4			yes					88	95	105	107	
88	87	91160072a597c79f	3			yes					89	90	91	
89	88	dfd443f67a0de08c	4			yes					-1	-1	-1	-1	
90	88	94c6fbe5ffb22131	4			yes					-1	-1	-1	-1	
91	88	4580903f9f90f005	5			yes					-1	92	93	-1	94	
92	91	7ddcb08ecd96fd35	4			yes					-1	-1	-1	-1	
93	91	a35ba45f6beebb0f	4			yes					-1	-1	-1	-1	
94	91	7534da38f548d759	4			yes					-1	-1	-1	-1	
95	87	c23c23f0e3bfb12e	3			yes					-1	96	99	
96	95	a385f21484c36578	5			yes					97	-1	-1	-1	98	
97	96	8600c1a95fe15fb5	4			yes					-1	-1	-1	-1	
98	96	fed9b3c4b63958b5	4			yes					-1	-1	-1	-1	
99	95	79484bce63336e31	5			yes					100	101	102	103	104	
100	99	5ccd7873b81154fc	4			yes					-1	-1	-1	-1	
101	99	4565f58bd2662f1b	4			yes					-1	-1	-1	-1	
102	99	addac6f3fd86465e	4			yes					-1	-1	-1	-1	
103	99	472598c010e1b9d5	4			yes					-1	-1	-1	-1	
104	99	f357d3cb8710846c	4			yes					-1	-1	-1	-1	
105	87	d269b0ad4ab427ce	3			yes					-1	-1	106	
106	105	a413805b37de2f6d	5			yes					-1	-1	-1	-1	-1	
107	87	56c49c3ed024603e	3			yes					-1	-1	-1	
108	1	474d8cdc5b251d89	4			yes					109	112	119	121	
109	108	01dc83bf220aeb57	3			yes					110	111	-1	
110	109	e33a048637fbe34a	5			yes					-1	-1	-1	-1	-1	
111	109	8afee33ad74116ae	5			yes					-1	-1	-1	-1	-1	
112	108	52f6a03d64229de6	3			yes					-1	113	118	
113	112	ced979ebe3ee0b8e	5			yes					114	115	-1	116	117	
114	113	eb5c4a5638cc3143	4			yes					-1	-1	-1	-1	
115	113	f2f4c7ae52bb4aa4	4			yes					-1	-1	-1	-1	
116	113	09a3f4ee7775b713	4			yes					-1	-1	-1	-1	
117	113	9437aaaf45da64aa	4			yes					-1	-1	-1	-1	
118	112	a2176222091a9fae	5			yes					-1	-1	-1	-1	-1	
119	108	064ff9caa9faa8d6	3			yes					-1	-1	120	
120	119	1f53b389228ef56f	5			yes					-1	-1	-1	-1	-1	
121	108	12285694b4f7c3ee	3			yes					-1	-1	-1	
122	1	3e80259218441f76	5			yes					123	130	144	150	151	
123	122	78112af1616be9a8	4			yes					124	126	128	-1	
124	123	c61f4e16683c5da2	5			yes					-1	-1	-1	-1	125	
125	124	9d7728e13f6d9ba6	4			yes					-1	-1	-1	-1	
126	123	51795901a7aa4bf6	5			yes					-1	-1	-1	-1	127	
127	126	0a113ff6f0fb8df2	4			yes					-1	-1	-1	-1	
128	123	a82732b653433456	5			yes					-1	-1	-1	-1	129	
129	128	f34f54410412f252	4			yes					-1	-1	-1	-1	
130	122	2b3b097327439f19	4			yes					-1	131	136	140	
131	130	22e5aa4a83970cfd	5			yes					132	133	-1	134	135	
132	131	076099f758b53630	4			yes					-1	-1	-1	-1	
133	131	1ec8140f32c24dd7	4			yes					-1	-1	-1	-1	
134	131	7104c96a71d893e4	4			yes					-1	-1	-1	-1	
135	131	00ac448a230e472e	4			yes					-1	-1	-1	-1	
136	130	b2ec034f441371fc	5			yes					137	138	-1	-1	139	
137	136	976930f29f314b31	4			yes					-1	-1	-1	-1	
138	136	8ec1bd0af54630d6	4			yes					-1	-1	-1	-1	
139	136	e5d653171f2e9277	4			yes					-1	-1	-1	-1	
140	130	779ca7246339ebc5	3			yes					-1	141	-1	
141	140	9a84bb3db6c82c15	5			yes					142	143	-1	-1	-1	
142	141	bf0188806dea16d8	4			yes					-1	-1	-1	-1	
143	141	a6a90578079d6d3f	4			yes					-1	-1	-1	-1	
144	122	7f825084ea9baa29	4			yes					-1	-1	145	149	
145	144	3d5f8966430b9b89	5			yes					146	147	148	-1	-1	
146	145	18dabadb9829a144	4			yes					-1	-1	-1	-1	
147	145	01723723f25edaa3	4			yes					-1	-1	-1	-1	
148	145	d6df1775b2490aa6	4			yes					-1	-1	-1	-1	
149	144	2325fed3aee1def5	3			yes					-1	-1	-1	
150	122	4e8ff8c3f08db732	4			yes					-1	-1	-1	-1	
151	122	62278bc55c3e6baa	4			yes					-1	-1	-1	-1	
152	0	5434ef39ce63a6c4	5			yes					-1	153	206	225	240	
153	152	767194e1585b6fee	5			yes					154	173	183	194	205	
154	153	eedfd9003752094b	4			yes					155	156	162	167	
155	154	8707eeef5bb5b4e8	4			yes					-1	-1	-1	-1	
156	154	a391013f825a9292	5			yes					157	158	159	160	161	
157	156	61fcc73157523679	4			yes					-1	-1	-1	-1	
158	156	c509640992b739d7	4			yes					-1	-1	-1	-1	
159	156	35640ab8554b5bf2	4			yes					-1	-1	-1	-1	
160	156	f070621f70150d8b	4			yes					-1	-1	-1	-1	
161	156	61e1cb9fe0bb59d7	4			yes					-1	-1	-1	-1	
162	154	b458f12e465718fd	5			yes					163	164	165	-1	166	
163	162	76353720935fbc16	4			yes					-1	-1	-1	-1	
164	162	d2c0941856bab3b8	4			yes					-1	-1	-1	-1	
165	162	a629d8140433dd68	4			yes					-1	-1	-1	-1	
166	162	87c9ae072b22baa5	4			yes					-1	-1	-1	-1	
167	154	37db9d017419d482	5			yes					168	169	170	171	172	
168	167	f5b65b0fa1117069	4			yes					-1	-1	-1	-1	
169	167	5143f83764f47fc7	4			yes					-1	-1	-1	-1	
170	167	25aab43b367d1117	4			yes					-1	-1	-1	-1	
171	167	2ab49ab1b83c0cc8	4			yes					-1	-1	-1	-1	
172	167	abeb8db24ba41271	4			yes					-1	-1	-1	-1	
173	153	28e0768979832ac1	4			yes					-1	174	177	178	
174	173	9c540f093a6ab212	5			yes					-1	-1	-1	175	176	
175	174	3ce17d98f42aa057	4			yes					-1	-1	-1	-1	
176	174	8ad8ce0212cc399b	4			yes					-1	-1	-1	-1	
177	173	4e407d5f5e1e0b25	4			yes					-1	-1	-1	-1	
178	173	a9a3e5a6751f7bbe	3			yes					179	180	182	
179	178	4f66bda8e844b411	4			yes					-1	-1	-1	-1	
180	178	dfa6b2df5d6d4f47	5			yes					-1	-1	-1	-1	181	
181	180	028edcc78612ba24	4			yes					-1	-1	-1	-1	
182	178	cf23b50e79446bb4	5			yes					-1	-1	-1	-1	-1	
183	153	3773e1f7aa84dab1	4			yes					-1	-1	184	189	
184	183	b7490f60c126b70a	5			yes					185	186	187	-1	188	
185	184	18a461122c0fad3b	4			yes					-1	-1	-1	-1	
186	184	cffbcc6fdfd4aec5	4			yes					-1	-1	-1	-1	
187	184	9a7aa7bb693d68fd	4			yes					-1	-1	-1	-1	
188	184	03b5bbc3ff64b7a4	4			yes					-1	-1	-1	-1	
189	183	745776b0d77b1e04	5			yes					190	191	192	-1	193	
190	189	dbba18c23a520435	4			yes					-1	-1	-1	-1	
191	189	0ce5b5bfc98907cb	4			yes					-1	-1	-1	-1	
192	189	5964de6b7f60c1f3	4			yes					-1	-1	-1	-1	
193	189	460fb92eadcc5e29	4			yes					-1	-1	-1	-1	
194	153	067e49b0b092c7aa	4			yes					-1	-1	-1	195	
195	194	6a5a0b39ec9693f0	6			yes					196	198	200	202	-1	204	
196	195	c5b7654b01bf89c1	5			yes					-1	-1	-1	-1	197	
197	196	189f0b53dac07ca2	4			yes					-1	-1	-1	-1	
198	195	12e8c836f2648a3f	5			yes					-1	-1	-1	-1	199	
199	198	cfc0a62e291b7f5c	4			yes					-1	-1	-1	-1	
200	195	4769a3e2448d4c07	5			yes					-1	-1	-1	-1	201	
201	200	9a41cdfa9ff2b964	4			yes					-1	-1	-1	-1	
202	195	9825c2409fbaa965	5			yes					-1	-1	-1	-1	203	
203	202	450dac5844c55c06	4			yes					-1	-1	-1	-1	
204	195	b772652137e96693	5			yes					-1	-1	-1	-1	-1	
205	153	f73207ce54c73e91	4			yes					-1	-1	-1	-1	
206	152	4112543b90f8a401	4			yes					207	216	222	224	
207	206	d9bc19dafff1c2a4	3			yes					208	209	210	
208	207	2d5bff96b443c55b	4			yes					-1	-1	-1	-1	
209	207	c78efe105856d199	4			yes					-1	-1	-1	-1	
210	207	2a7a2ce60fc2c895	5			yes					211	212	213	214	215	
211	210	e817eae8daca6c7e	4			yes					-1	-1	-1	-1	
212	210	ef4fb646450e62fe	4			yes					-1	-1	-1	-1	
213	210	b32a17a508353339	4			yes					-1	-1	-1	-1	
214	210	1417ffe87c101f71	4			yes					-1	-1	-1	-1	
215	210	a065b4e3ebe122c8	4			yes					-1	-1	-1	-1	
216	206	1c036172f5992155	3			yes					-1	217	218	
217	216	da7b56a45638a756	4			yes					-1	-1	-1	-1	
218	216	af3f1d0ab418791d	5			yes					219	-1	220	-1	221	
219	218	00d273785931632c	4			yes					-1	-1	-1	-1	
220	218	fb70c230a5df1601	4			yes					-1	-1	-1	-1	
221	218	9f8b570ddec05e41	4			yes					-1	-1	-1	-1	
222	206	44fceb8706f4b28e	3			yes					-1	-1	223	
223	222	6ae4a0deae725774	5			yes					-1	-1	-1	-1	-1	
224	206	c051c7149c64f57e	3			yes					-1	-1	-1	
225	152	d1d8d7f6176588c9	4			yes					226	235	237	239	
226	225	49769a17786cee6c	3			yes					227	229	234	
227	226	0e0a266687645349	5			yes					-1	-1	-1	-1	-1	
228	227	b962722155462504	4			no					-1	-1	-2	-2	
229	226	1f74e7471aa825bc	5			yes					230	231	-1	232	233	
230	229	dd192149cfa08157	4			yes					-1	-1	-1	-1	
231	229	da417de750648fd7	4			yes					-1	-1	-1	-1	
232	229	a81cb300c88a53f1	4			yes					-1	-1	-1	-1	
233	229	09f8264c320eae35	4			yes					-1	-1	-1	-1	
234	226	4f7f61b277985ea7	5			yes					-1	-1	-1	-1	-1	
235	225	8cc9e2bf72040d9d	3			yes					-1	236	-1	
236	235	a5c37d613d5eeb02	5			yes					-1	-1	-1	-1	-1	
237	225	90daa2e0e5ba3d96	3			yes					-1	-1	238	
238	237	d1a4930cbb228d76	5			yes					-1	-1	-1	-1	-1	
239	225	84bd0dbef8b756ae	3			yes					-1	-1	-1	
240	152	a8157eb854048a36	5			yes					241	257	263	270	271	
241	240	30bb33593b0dec93	4			yes					242	244	249	252	
242	241	7e609f964a55207d	5			yes					-1	-1	-1	-1	243	
243	242	2508f9611d04e679	4			yes					-1	-1	-1	-1	
244	241	a9413959fd8b82b8	5			yes					245	246	-1	247	248	
245	244	6b2cff5728832653	4			yes					-1	-1	-1	-1	
246	244	6c74a3f9b74728d3	4			yes					-1	-1	-1	-1	
247	244	72f752dbcc1ffe0a	4			yes					-1	-1	-1	-1	
248	244	76d22c357c52cd22	4			yes					-1	-1	-1	-1	
249	241	c5c27eb1f1be26bb	5			yes					-1	250	-1	-1	251	
250	249	00f7e411bb728cd0	4			yes					-1	-1	-1	-1	
251	249	9eaa1846a6efe0bf	4			yes					-1	-1	-1	-1	
252	241	6c1c9d0e7f77984f	3			yes					-1	253	255	
253	252	46666632168aea7e	5			yes					-1	-1	-1	254	-1	
254	253	9dd00db0271e96cc	4			yes					-1	-1	-1	-1	
255	252	ade3ffb5500722ac	5			yes					-1	-1	-1	-1	256	
256	255	70cb91ad8b78d7cf	4			yes					-1	-1	-1	-1	
257	240	f5044bf131650f62	4			yes					-1	258	261	-1	
258	257	fb579d9d90fe8069	5			yes					-1	-1	-1	-1	260	
259	258	54baf3ef7dd79a58	4			no					-1	-1	-2	-2	
260	258	a03ffb6ac7af466d	4			yes					-1	-1	-1	-1	
261	257	7903975afc7bc564	5			yes					-1	-1	-1	-1	262	
262	261	226bf1adab2a0360	4			yes					-1	-1	-1	-1	
263	240	e9170baea6db3f69	4			yes					-1	-1	264	269	
264	263	f3a8a9e3daa7e390	5			yes					265	266	267	-1	268	
265	264	5c45c791378ef9a1	4			yes					-1	-1	-1	-1	
266	264	8b1a6aecc455fa5f	4			yes					-1	-1	-1	-1	
267	264	182837f02be572bf	4			yes					-1	-1	-1	-1	
268	264	c5068d0ba63df97c	4			yes					-1	-1	-1	-1	
269	263	b5b0a5f9e2a14bb5	3			yes					-1	-1	-1	
270	240	d81aa3e9bccd2272	4			yes					-1	-1	-1	-1	
271	240	f4b2d0ef107efeea	4			yes					-1	-1	-1	-1	
272	0	87cf0dfff9b40f17	5			yes					-1	-1	273	318	332	
273	272	fe52da906e948105	5			yes					274	290	304	310	317	
274	273	66fc9771019de7a0	4			yes					275	281	282	286	
275	274	7800a1e539250ff5	5			yes					276	277	278	279	280	
276	275	63843cb07b7608fe	4			yes					-1	-1	-1	-1	
277	275	f60d981bfe978ea4	4			yes					-1	-1	-1	-1	
278	275	9edb9585cd5b44ff	4			yes					-1	-1	-1	-1	
279	275	65de51c0593946d9	4			yes					-1	-1	-1	-1	
280	275	6e8c60ee1183847c	4			yes					-1	-1	-1	-1	
281	274	08c93e2bfa4ca6d7	4			yes					-1	-1	-1	-1	
282	274	7bf2b30679398cfa	5			yes					-1	283	284	-1	285	
283	282	c768b13e49b23794	4			yes					-1	-1	-1	-1	
284	282	d8acb25888533728	4			yes					-1	-1	-1	-1	
285	282	5db58e7980a305b5	4			yes					-1	-1	-1	-1	
286	274	f6c2e073f5c0dc08	5			yes					-1	287	288	289	-1	
287	286	4a58e24bc54b6766	4			yes					-1	-1	-1	-1	
288	286	559ce12d04aa67da	4			yes					-1	-1	-1	-1	
289	286	c8af337d86120bec	4			yes					-1	-1	-1	-1	
290	273	c50b8f4d19b0828b	4			yes					-1	291	295	299	
291	290	f026ec9068a61409	5			yes					292	-1	293	-1	294	
292	291	5fcb82e2858f0e38	4			yes					-1	-1	-1	-1	
293	291	3002cbaa237a704a	4			yes					-1	-1	-1	-1	
294	291	e6aa2d9b40009f80	4			yes					-1	-1	-1	-1	
295	290	7c6e22793386493a	5			yes					296	-1	297	-1	298	
296	295	d3834c0bdeaf530b	4			yes					-1	-1	-1	-1	
297	295	df302327c2ecf2e8	4			yes					-1	-1	-1	-1	
298	295	5a291f06ca1cc075	4			yes					-1	-1	-1	-1	
299	290	f15e710cbf7f19c8	5			yes					300	301	302	303	-1	
300	299	5eb31f7e525603f9	4			yes					-1	-1	-1	-1	
301	299	b8c124278bb29c5a	4			yes					-1	-1	-1	-1	
302	299	520070524e15a21a	4			yes					-1	-1	-1	-1	
303	299	cf33a202ccadce2c	4			yes					-1	-1	-1	-1	
304	273	bfae42f1011bd071	4			yes					-1	-1	305	306	
305	304	4613fdb90f1c0f76	4			yes					-1	-1	-1	-1	
306	304	3eedd1de0d87810e	3			yes					307	309	-1	
307	306	9ecdc9aba1ced9a6	5			yes					-1	-1	-1	-1	308	
308	307	43e5a7b37ab12cc5	4			yes					-1	-1	-1	-1	
309	306	d61e679c2ad8b8dc	5			yes					-1	-1	-1	-1	-1	
310	273	634813727b3e6520	4			yes					-1	-1	-1	311	
311	310	7b599f430f16b80f	6			yes					312	313	314	315	-1	316	
312	311	d4b4f131e23fa23e	5			yes					-1	-1	-1	-1	-1	
313	311	47742106be43f925	5			yes					-1	-1	-1	-1	-1	
314	311	566a3798a70d67f8	5			yes					-1	-1	-1	-1	-1	
315	311	3945f03fb4f8ac30	5			yes					-1	-1	-1	-1	-1	
316	311	a671f15bd4694d6c	5			yes					-1	-1	-1	-1	-1	
317	273	7f1149bf6208d07a	4			yes					-1	-1	-1	-1	
318	272	8f5a4abcaa5bf4ca	4			yes					319	327	330	331	
319	318	17f4075dc552926f	3			yes					320	325	326	
320	319	d00fff114a09d605	5			yes					-1	321	322	323	324	
321	320	5e02c6ef8dbb5754	4			yes					-1	-1	-1	-1	
322	320	227036683925ec90	4			yes					-1	-1	-1	-1	
323	320	3d18be9650f9d3eb	4			yes					-1	-1	-1	-1	
324	320	8ae12c55ec3db921	4			yes					-1	-1	-1	-1	
325	319	b38e465b35c30cc1	5			yes					-1	-1	-1	-1	-1	
326	319	8513962c6ba8e2b1	5			yes					-1	-1	-1	-1	-1	
327	318	b4031f61dd7ff744	3			yes					-1	328	329	
328	327	5a74f5022f01ab0e	5			yes					-1	-1	-1	-1	-1	
329	327	828f075321172771	5			yes					-1	-1	-1	-1	-1	
330	318	f692c274f7ffbb4c	3			yes					-1	-1	-1	
331	318	da3f90f445892aad	3			yes					-1	-1	-1	
332	272	f697e3f2e93af635	5			yes					333	347	355	359	360	
333	332	6e39ae1386339090	4			yes					334	339	341	344	
334	333	a5bb889b1708ba79	5			yes					-1	335	336	337	338	
335	334	2bb6b165d0ba3b28	4			yes					-1	-1	-1	-1	
336	334	57c441e2642480ec	4			yes					-1	-1	-1	-1	
337	334	b86578be7714f355	4			yes					-1	-1	-1	-1	
338	334	7a289df796d1f5e3	4			yes					-1	-1	-1	-1	
339	333	7a51fe46135d2c68	5			yes					-1	-1	-1	-1	340	
340	339	213998b1440cea6c	4			yes					-1	-1	-1	-1	
341	333	95e8f74126a10ce3	5			yes					-1	342	-1	-1	343	
342	341	2972f579162ab78d	4			yes					-1	-1	-1	-1	
343	341	c2d2a7197d9cef68	4			yes					-1	-1	-1	-1	
344	333	329e0044c249e44c	3			yes					345	346	-1	
345	344	4a9cd7f0fc09d2bf	5			yes					-1	-1	-1	-1	-1	
346	344	d6bc3c55df8803fa	4			yes					-1	-1	-1	-1	
347	332	cdceb62f9e1ef5bb	4			yes					-1	348	350	353	
348	347	24eec39cb9754b55	5			yes					-1	-1	-1	-1	349	
349	348	7f86a56bee248d51	4			yes					-1	-1	-1	-1	
350	347	9274663e6c1ec923	5			yes					351	-1	-1	-1	352	
351	350	3d99084c8137d312	4			yes					-1	-1	-1	-1	
352	350	c54e366637232aa8	4			yes					-1	-1	-1	-1	
353	347	91691878da648167	3			yes					-1	354	-1	
354	353	7af1c086f1a9c789	5			yes					-1	-1	-1	-1	-1	
355	332	8f5f6b3ab49eb9b3	4			yes					-1	-1	356	358	
356	355	f242deda6542c251	5			yes					-1	-1	-1	-1	357	
357	356	a92ab82d32130455	4			yes					-1	-1	-1	-1	
358	355	d3f8c56df0e4cd6f	3			yes					-1	-1	-1	
359	332	86983ea301f35e71	4			yes					-1	-1	-1	-1	
360	332	aa304da5ad4082e9	4			yes					-1	-1	-1	-1	
361	0	42873c25527d46fe	5			yes					-1	-1	-1	362	403	
362	361	7400863e3dcf4cbe	5			yes					363	379	392	400	402	
363	362	ecaecbdf52c62a1b	4			yes					364	369	373	374	
364	363	948275ef3333b8df	5			yes					-1	365	366	367	368	
365	364	4aa63bf60ae926cb	4			yes					-1	-1	-1	-1	
366	364	7259418fc74df3d5	4			yes					-1	-1	-1	-1	
367	364	7995346829c3bd31	4			yes					-1	-1	-1	-1	
368	364	ce6ca6ab9507d7fb	4			yes					-1	-1	-1	-1	
369	363	40e01b5804fe3515	5			yes					-1	-1	370	371	372	
370	369	66e31e5971d5f21c	4			yes					-1	-1	-1	-1	
371	369	f7884f1fd6dc4358	4			yes					-1	-1	-1	-1	
372	369	566cda532c58be9c	4			yes					-1	-1	-1	-1	
373	363	0e8c907d5fcf9788	4			yes					-1	-1	-1	-1	
374	363	b21bb10d855be5b2	6			yes					-1	-1	375	376	377	378	
375	374	ddf9de44a0f6bc44	5			yes					-1	-1	-1	-1	-1	
376	374	9418b40cf07022bb	5			yes					-1	-1	-1	-1	-1	
377	374	5f3eb97b25c6bfd6	5			yes					-1	-1	-1	-1	-1	
378	374	bc7af3f01de7f5d1	5			yes					-1	-1	-1	-1	-1	
379	362	4f59d3e34aeb4f30	4			yes					-1	380	385	386	
380	379	cde5fc057c10263c	5			yes					381	-1	382	383	384	
381	380	6208927791393c0d	4			yes					-1	-1	-1	-1	
382	380	8ca96847d704d825	4			yes					-1	-1	-1	-1	
383	380	20f2bd8266e023d2	4			yes					-1	-1	-1	-1	
384	380	970b2f41da244918	4			yes					-1	-1	-1	-1	
385	379	745a4e60978f8dcd	4			yes					-1	-1	-1	-1	
386	379	3a02a5d851268d9e	6			yes					387	-1	388	389	390	391	
387	386	95efcbaabc0f97af	5			yes					-1	-1	-1	-1	-1	
388	386	06be31be2e8e57dc	5			yes					-1	-1	-1	-1	-1	
389	386	1c01a0d9240d4a97	5			yes					-1	-1	-1	-1	-1	
390	386	d727adaef1bbd7fa	5			yes					-1	-1	-1	-1	-1	
391	386	3463e725c99a9dfd	5			yes					-1	-1	-1	-1	-1	
392	362	61bbaadf02c8ccd1	4			yes					-1	-1	393	394	
393	392	fecf69fdbe0cb109	5			yes					-1	-1	-1	-1	-1	
394	392	821512808fc3fe7a	6			yes					395	396	-1	397	398	399	
395	394	2df87cf262eae44b	5			yes					-1	-1	-1	-1	-1	
396	394	be38acc53e96bf50	5			yes					-1	-1	-1	-1	-1	
397	394	a4161781fae83973	5			yes					-1	-1	-1	-1	-1	
398	394	6f301af62f5ea41e	5			yes					-1	-1	-1	-1	-1	
399	394	8c74507d177fee19	5			yes					-1	-1	-1	-1	-1	
400	362	825a32ef30b1ad92	4			yes					-1	-1	-1	401	
401	400	b64c34dd272ae544	3			yes					-1	-1	-1	
402	362	4016800c2a540468	4			yes					-1	-1	-1	-1	
403	361	ef052536f55c8717	5			yes					404	417	427	431	432	
404	403	77ab68d79a55e1b2	4			yes					405	410	413	414	
405	404	e13602656e32d4a3	5			yes					-1	406	407	408	409	
406	405	3f124c7c57e84ab7	4			yes					-1	-1	-1	-1	
407	405	07ed36059a4c9fa9	4			yes					-1	-1	-1	-1	
408	405	fce8f2400e2e9d8f	4			yes					-1	-1	-1	-1	
409	405	3ea51709efeb9b39	4			yes					-1	-1	-1	-1	
410	404	a4a5ec89b894ef58	5			yes					-1	-1	-1	411	412	
411	410	a2023eecafd21e38	4			yes					-1	-1	-1	-1	
412	410	ffcd8a7eefc5295c	4			yes					-1	-1	-1	-1	
413	404	aa8c994f80e3871d	4			yes					-1	-1	-1	-1	
414	404	2b0cc680de2f956e	3			yes					415	416	-1	
415	414	0e115d0e8533bc65	5			yes					-1	-1	-1	-1	-1	
416	414	7375c01e1ca03261	4			yes					-1	-1	-1	-1	
417	403	d45c70eb82788499	4			yes					-1	418	423	425	
418	417	b8518b8f21114a40	5			yes					419	-1	420	421	422	
419	418	17bce5fdcc385071	4			yes					-1	-1	-1	-1	
420	418	f91d1fcd8a05b459	4			yes					-1	-1	-1	-1	
421	418	a58f7baa410d036c	4			yes					-1	-1	-1	-1	
422	418	67c29ee3a0c805da	4			yes					-1	-1	-1	-1	
423	417	dad28be8b9e93fd1	5			yes					-1	-1	-1	-1	424	
424	423	81baed1feeb8f9d5	4			yes					-1	-1	-1	-1	
425	417	88fbdebcc602f045	3			yes					-1	426	-1	
426	425	5776d4e4ca102286	5			yes					-1	-1	-1	-1	-1	
427	403	fabe09d7ca5b0778	4			yes					-1	-1	428	430	
428	427	f9a1ca06ab2cbce1	5			yes					-1	-1	-1	-1	429	
429	428	a2c9acf1fc7d7ae5	4			yes					-1	-1	-1	-1	
430	427	a619a7808e2173a4	3			yes					-1	-1	-1	
431	403	eaeb9a8a63509198	4			yes					-1	-1	-1	-1	
432	403	b3a28b61b126f3cb	4			yes					-1	-1	-1	-1	
433	0	e003b815b7f95ee8	5			yes					-1	-1	-1	-1	434	
434	433	1ce2ac5ff52f32e8	6			yes					435	451	461	468	471	473	
435	434	844ce1be9a26544d	5			yes					436	441	446	448	450	
436	435	bf15b463ed0257c3	4			yes					437	438	-1	439	
437	436	c715f2012e1b975a	5			yes					-1	-1	-1	-1	-1	
438	436	0870fa6c649d9edd	5			yes					-1	-1	-1	-1	-1	
439	436	9dba30a5aab22221	6			yes					-1	-1	-1	-1	-1	440	
440	439	948ebd8a551f1b7f	5			yes					-1	-1	-1	-1	-1	
441	435	91f7cd5fa521d422	4			yes					-1	442	-1	443	
442	441	a79855d5ce3b771d	5			yes					-1	-1	-1	-1	-1	
443	441	801ad310368e4bd7	6			yes					-1	-1	444	-1	-1	445	
444	443	89c871d91697f4f2	5			yes					-1	-1	-1	-1	-1	
445	443	892e5e3fc9237289	5			yes					-1	-1	-1	-1	-1	
446	435	c54e94a868f9e112	4			yes					-1	-1	-1	447	
447	446	8f69ec18890fcb12	5			yes					-1	-1	-1	-1	-1	
448	435	6643cf4feb8f0707	4			yes					-1	-1	-1	449	
449	448	6fe00c2abafc36be	3			yes					-1	-1	-1	
450	435	8def22dbcb5565f4	4			yes					-1	-1	-1	-1	
451	434	27bbf982820b3166	5			yes					-1	452	456	458	460	
452	451	3200d563bd0cb109	4			yes					-1	453	-1	454	
453	452	936b2165867e6f1d	5			yes					-1	-1	-1	-1	-1	
454	452	3ca422af8279d3b0	6			yes					-1	-1	-1	-1	-1	455	
455	454	3590af807dd4eaee	5			yes					-1	-1	-1	-1	-1	
456	451	66b98c9470d48439	4			yes					-1	-1	-1	457	
457	456	3934257005ca6d03	5			yes					-1	-1	-1	-1	-1	
458	451	c5b4d773f3a2622c	4			yes					-1	-1	-1	459	
459	458	cc171416a2d15395	3			yes					-1	-1	-1	
460	451	2e183ae7d37800df	4			yes					-1	-1	-1	-1	
461	434	095980beca28b287	5			yes					-1	-1	462	465	467	
462	461	485bf5a838f707d8	4			yes					-1	-1	-1	463	
463	462	592d9c77cb36c013	6			yes					-1	-1	-1	-1	-1	464	
464	463	50191158349bf94d	5			yes					-1	-1	-1	-1	-1	
465	461	eb56ae4fbb81e1cd	4			yes					-1	-1	-1	466	
466	465	e2f56d2aeaf2d074	3			yes					-1	-1	-1	
467	461	00fa43db9b5b833e	4			yes					-1	-1	-1	-1	
468	434	5de0d94907f087b7	5			yes					-1	-1	-1	469	470	
469	468	bfeff7b87659d4fd	4			yes					-1	-1	-1	-1	
470	468	54431a2c5683b60e	4			yes					-1	-1	-1	-1	
471	434	feed82ae848661a2	5			yes					-1	-1	-1	-1	472	
472	471	f74e41cbd5f5501b	4			yes					-1	-1	-1	-1	
473	434	15416f3aa45c0351	5			yes					-1	-1	-1	-1	-1	
474	0	244cd3bb6ee1734c	5			yes					-1	-1	-1	-1	-1	
