Number of nodes
138
ID	PID	Hash_Value			File_Number	Fully_Enumerated	Children
0	-1	df1047504785c512	6			no					1	-2	-2	-2	-2	-2	
1	0	6754a75e01c7475b	5			no					2	103	118	-2	-2	
2	1	1007dc094eda823b	5			yes					3	17	58	89	102	
3	2	14e785a97924e5cb	4			yes					4	10	14	16	
4	3	47cda5ecfa5c115e	3			yes					5	7	9	
5	4	5d53d357910363f1	5			yes					-1	-1	-1	-1	6	
6	5	e73870667f2da089	4			yes					-1	-1	-1	-1	
7	4	88f52f509823f1e8	5			yes					-1	-1	-1	-1	8	
8	7	a6f30aa09c5956d7	4			yes					-1	-1	-1	-1	
9	4	21196394f11169f3	5			yes					-1	-1	-1	-1	-1	
10	3	aa0f3122c9a7e3ac	3			yes					-1	11	13	
11	10	682d6aa651b7b11e	5			yes					-1	-1	-1	-1	12	
12	11	2b379ba0d48b593a	4			yes					-1	-1	-1	-1	
13	10	5964dacb10ba2b33	5			yes					-1	-1	-1	-1	-1	
14	3	ef962152672dd15f	3			yes					-1	-1	15	
15	14	7fc4d897ed30c583	5			yes					-1	-1	-1	-1	-1	
16	3	16b330352df2c666	3			yes					-1	-1	-1	
17	2	432dfc4ccda276ae	4			yes					-1	18	32	45	
18	17	6cc339d806a63f58	6			yes					19	23	26	28	30	31	
19	18	428f8eb00aee48e4	5			yes					20	-1	21	-1	22	
20	19	e8013ab6b09491e6	4			yes					-1	-1	-1	-1	
21	19	7d9309c074e6928a	4			yes					-1	-1	-1	-1	
22	19	f8e42d81e4c08b9c	4			yes					-1	-1	-1	-1	
23	18	c64d8ddebcdce65a	5			yes					-1	-1	24	-1	25	
24	23	f9510aaec2d43c34	4			yes					-1	-1	-1	-1	
25	23	7c262eef52f22522	4			yes					-1	-1	-1	-1	
26	18	5282d23c641afffe	5			yes					-1	-1	-1	-1	27	
27	26	e8e9710d8a343c86	4			yes					-1	-1	-1	-1	
28	18	53dfbea878aee536	5			yes					-1	-1	-1	-1	29	
29	28	e9b41d999680264e	4			yes					-1	-1	-1	-1	
30	18	859f6ffaaa86b476	4			yes					-1	-1	-1	-1	
31	18	d6a89ae9e888fc20	5			yes					-1	-1	-1	-1	-1	
32	17	b965c5df0f86ad41	6			yes					33	37	40	41	43	44	
33	32	972972b703cedafd	5			yes					34	-1	35	-1	36	
34	33	3da7c6b1b9b403ff	4			yes					-1	-1	-1	-1	
35	33	823c1f1bec724b1d	4			yes					-1	-1	-1	-1	
36	33	b92f574707b47dc2	4			yes					-1	-1	-1	-1	
37	32	13eb71d9b5fc7443	5			yes					-1	-1	38	-1	39	
38	37	06fe1c755a40e5a3	4			yes					-1	-1	-1	-1	
39	37	3ded5429b186d37c	4			yes					-1	-1	-1	-1	
40	32	ff40baf20975c685	5			yes					-1	-1	-1	-1	-1	
41	32	ac70a873e03a3ca1	5			yes					-1	-1	-1	-1	42	
42	41	82768d83e4409b9e	4			yes					-1	-1	-1	-1	
43	32	d7f211ef5f7d549a	4			yes					-1	-1	-1	-1	
44	32	9763e02f0bfc0a7e	5			yes					-1	-1	-1	-1	-1	
45	17	1089891b66b4355a	6			yes					46	50	53	54	55	57	
46	45	3ec53e736afc42e6	5			yes					47	-1	-1	48	49	
47	46	944b8a75d0869be4	4			yes					-1	-1	-1	-1	
48	46	7d208cb937533c35	4			yes					-1	-1	-1	-1	
49	46	543a77cf2fe1cd95	4			yes					-1	-1	-1	-1	
50	45	ba073d1ddcceec58	5			yes					-1	-1	-1	51	52	
51	50	f9e28fd78161928b	4			yes					-1	-1	-1	-1	
52	50	d0f874a199d3632b	4			yes					-1	-1	-1	-1	
53	45	56acf63660475e9e	5			yes					-1	-1	-1	-1	-1	
54	45	ebfd8735a87334da	5			yes					-1	-1	-1	-1	-1	
55	45	536c3bd13b1b4b89	5			yes					-1	-1	-1	-1	56	
56	55	3993726d7e06c4fa	4			yes					-1	-1	-1	-1	
57	45	7a76c0a723a9ba29	5			yes					-1	-1	-1	-1	-1	
58	2	aeef6882fe59845c	4			yes					-1	-1	59	72	
59	58	59bd8029c612edb7	6			yes					60	64	67	69	70	71	
60	59	77f13741ca5a9a0b	5			yes					61	62	-1	-1	63	
61	60	dd7f834770204309	4			yes					-1	-1	-1	-1	
62	60	c2e01b0cc1537243	4			yes					-1	-1	-1	-1	
63	60	34ebc6474f66722f	4			yes					-1	-1	-1	-1	
64	59	f333342f7c6834b5	5			yes					-1	65	-1	-1	66	
65	64	462218627761dcfd	4			yes					-1	-1	-1	-1	
66	64	b029c529f954dc91	4			yes					-1	-1	-1	-1	
67	59	ecacac64cd1b05ff	5			yes					-1	-1	-1	-1	68	
68	67	afb65d624827eddb	4			yes					-1	-1	-1	-1	
69	59	2365dbb408ad3379	5			yes					-1	-1	-1	-1	-1	
70	59	4b0b74be73849838	4			yes					-1	-1	-1	-1	
71	59	1aa7712f432e0593	5			yes					-1	-1	-1	-1	-1	
72	58	68f43044871f779a	6			yes					73	78	82	85	86	88	
73	72	46b8872c8b570026	5			yes					74	75	-1	76	77	
74	73	ec36332a312dd924	4			yes					-1	-1	-1	-1	
75	73	f3a9ab61805ee86e	4			yes					-1	-1	-1	-1	
76	73	91147e59be4e5392	4			yes					-1	-1	-1	-1	
77	73	2c47ce90ce4a8f55	4			yes					-1	-1	-1	-1	
78	72	c27a84423d65ae98	5			yes					-1	79	-1	80	81	
79	78	776ba80f366c46d0	4			yes					-1	-1	-1	-1	
80	78	15d67d37087cfd2c	4			yes					-1	-1	-1	-1	
81	78	a885cdfe787821eb	4			yes					-1	-1	-1	-1	
82	72	dde51c098c169fd2	5			yes					-1	-1	-1	83	84	
83	82	0a49e57cb90fcc66	4			yes					-1	-1	-1	-1	
84	82	b71a55b5c90b10a1	4			yes					-1	-1	-1	-1	
85	72	8c809feacd3f9a31	5			yes					-1	-1	-1	-1	-1	
86	72	bf58c931b206242e	5			yes					-1	-1	-1	-1	87	
87	86	d5a7808df71bab5d	4			yes					-1	-1	-1	-1	
88	72	020b79f8c202f8e9	5			yes					-1	-1	-1	-1	-1	
89	2	eb7678f250d3b6af	4			yes					-1	-1	-1	90	
90	89	e922cd6e04059502	3			yes					-1	91	99	
91	90	a179aebc4ada4893	6			yes					92	94	-1	96	-1	98	
92	91	8f3519d446923f2f	5			yes					-1	-1	-1	-1	93	
93	92	1ab7f5462503d9a4	4			yes					-1	-1	-1	-1	
94	91	0bf71abaf0a09191	5			yes					-1	-1	-1	-1	95	
95	94	9e75f6289331771a	4			yes					-1	-1	-1	-1	
96	91	b46cc310a566d973	5			yes					-1	-1	-1	-1	97	
97	96	21ee2f82c6f73ff8	4			yes					-1	-1	-1	-1	
98	91	34fb422e294bae18	5			yes					-1	-1	-1	-1	-1	
99	90	58ac6379e132503f	5			yes					100	101	-1	-1	-1	
100	99	76e0d411ed7a2783	4			yes					-1	-1	-1	-1	
101	99	f222d77f5b48893d	4			yes					-1	-1	-1	-1	
102	2	125369951a0ca196	4			yes					-1	-1	-1	-1	
103	1	9486c7e988205744	4			yes					104	110	114	117	
104	103	4d97ceb79cb852b4	3			yes					105	106	107	
105	104	2633d4578ae61342	4			yes					-1	-1	-1	-1	
106	104	139ce30db4cd95a9	5			yes					-1	-1	-1	-1	-1	
107	104	2d8bd249350bbe8f	5			yes					-1	108	109	-1	-1	
108	107	b973ffc962944b58	4			yes					-1	-1	-1	-1	
109	107	c2c7b4f3676e85eb	4			yes					-1	-1	-1	-1	
110	103	b94aa817e5e1184f	3			yes					111	112	113	
111	110	5e766512cadda3d5	4			yes					-1	-1	-1	-1	
112	110	eca7faf4f90340e5	5			yes					-1	-1	-1	-1	-1	
113	110	7abda3360453db60	5			yes					-1	-1	-1	-1	-1	
114	103	f689d33c2d8f6956	3			yes					-1	115	116	
115	114	c36684e51627eb97	5			yes					-1	-1	-1	-1	-1	
116	114	f4dd66a079594afb	2			yes					-1	-1	
117	103	96d27275dcf674e9	3			yes					-1	-1	-1	
118	1	e4c35af443ece493	4			yes					119	126	135	137	
119	118	3dd253aa5774e163	3			yes					120	122	123	
120	119	7f9f543a35e98121	5			yes					-1	-1	-1	-1	121	
121	120	47b385e27b2a6ac0	4			yes					-1	-1	-1	-1	
122	119	6be4866c6fcf7f92	5			yes					-1	-1	-1	-1	-1	
123	119	49b7f9ca132c2ace	5			yes					-1	124	125	-1	-1	
124	123	fca6d5871825c286	4			yes					-1	-1	-1	-1	
125	123	c9bf253dceb153c2	4			yes					-1	-1	-1	-1	
126	118	0ec9c8adccac6c1d	3			yes					127	129	130	
127	126	a6c2f2d2b2301032	5			yes					-1	-1	-1	-1	128	
128	127	9eee230afcf3fbd3	4			yes					-1	-1	-1	-1	
129	126	67dc76facc3ebb32	5			yes					-1	-1	-1	-1	-1	
130	126	19ca218ec947f998	6			yes					131	132	-1	-1	133	134	
131	130	378696e6c50f8e24	5			yes					-1	-1	-1	-1	-1	
132	130	20727b1c37a0cb9f	5			yes					-1	-1	-1	-1	-1	
133	130	496697a65b28cd2a	5			yes					-1	-1	-1	-1	-1	
134	130	733568328c5a76eb	5			yes					-1	-1	-1	-1	-1	
135	118	314f2e9bcf0eaed3	3			yes					-1	-1	136	
136	135	5ddf1950bc1491a1	5			yes					-1	-1	-1	-1	-1	
137	118	e697ef68173ac73e	3			yes					-1	-1	-1	
