Number of nodes
589
ID	PID	Hash_Value			File_Number	Fully_Enumerated	Children
0	-1	4d3d0e5c5dd11330	6			yes					1	193	329	444	541	588	
1	0	bc68421ab4ea247a	5			yes					2	73	105	136	159	
2	1	b1c634af143b82aa	5			yes					3	18	40	61	72	
3	2	7a2459458225e3d6	4			yes					4	6	9	14	
4	3	ce10316ac0d82a8e	5			yes					-1	-1	-1	-1	5	
5	4	f6578beda962c088	4			yes					-1	-1	-1	-1	
6	3	f167a02d5d70a444	5			yes					-1	7	-1	-1	8	
7	6	d7843b67bc71025f	4			yes					-1	-1	-1	-1	
8	6	63de1d81b01ede8e	4			yes					-1	-1	-1	-1	
9	3	a6728be88c990a53	3			yes					10	11	12	
10	9	05ab6d93e628c16d	4			yes					-1	-1	-1	-1	
11	9	d7946740736e02e6	4			yes					-1	-1	-1	-1	
12	9	aa436fb7b87a5cd6	5			yes					-1	-1	-1	-1	13	
13	12	e97e74f9f76d4af4	4			yes					-1	-1	-1	-1	
14	3	2abb5edfced6b53a	3			yes					15	16	-1	
15	14	59169421e4d15811	4			yes					-1	-1	-1	-1	
16	14	ce2dc126cdf1ee54	5			yes					-1	-1	-1	-1	17	
17	16	8d10da6882e6f876	4			yes					-1	-1	-1	-1	
18	2	18d922363362c079	4			yes					-1	19	26	33	
19	18	a23744ac557c9e26	5			yes					20	22	23	24	25	
20	19	0a5eb33a86426978	4			yes					21	-1	-1	-1	
21	20	9de2a7c7227733bc	3			yes					-1	-1	-1	
22	19	358b5051f149c4e2	4			yes					-1	-1	-1	-1	
23	19	14f5f8f6121d2c8b	4			yes					-1	-1	-1	-1	
24	19	4c11d1cc67ead7c4	4			yes					-1	-1	-1	-1	
25	19	6731ca5102fc56d5	4			yes					-1	-1	-1	-1	
26	18	bd2d973268afcbb4	5			yes					27	29	30	31	32	
27	26	154460a4bb913cea	4			yes					28	-1	-1	-1	
28	27	82f874591fa4662e	3			yes					-1	-1	-1	
29	26	2a9183cfcc9a9170	4			yes					-1	-1	-1	-1	
30	26	1f1ed794be37bc20	4			yes					-1	-1	-1	-1	
31	26	110f879405fa2288	4			yes					-1	-1	-1	-1	
32	26	31c4b36bccc63332	4			yes					-1	-1	-1	-1	
33	18	e1906e806a5652c8	5			yes					34	36	37	38	39	
34	33	49f99916b968a596	4			yes					35	-1	-1	-1	
35	34	de458deb1d5dff52	3			yes					-1	-1	-1	
36	33	762c7a7dce63080c	4			yes					-1	-1	-1	-1	
37	33	43a32e26bcce255c	4			yes					-1	-1	-1	-1	
38	33	8ca18ec326bce39b	4			yes					-1	-1	-1	-1	
39	33	f0d7438eed796b5d	4			yes					-1	-1	-1	-1	
40	2	ee34ae44f3089cc6	4			yes					-1	-1	41	48	
41	40	6f129de1fde9083f	5			yes					42	44	45	46	47	
42	41	c77b6a772ed7ff61	4			yes					43	-1	-1	-1	
43	42	50c77e8a8ae2a5a5	3			yes					-1	-1	-1	
44	41	f8ae891c59dc52fb	4			yes					-1	-1	-1	-1	
45	41	49f106ab1ce8ae24	4			yes					-1	-1	-1	-1	
46	41	95df5c783263f307	4			yes					-1	-1	-1	-1	
47	41	e3fbb9b85980f0b9	4			yes					-1	-1	-1	-1	
48	40	76ab3b874376e48d	6			yes					49	53	56	-1	58	60	
49	48	dec2cc11904813d3	5			yes					50	51	-1	-1	52	
50	49	497ed8ec347d4917	4			yes					-1	-1	-1	-1	
51	49	f821575b7149b5c8	4			yes					-1	-1	-1	-1	
52	49	9dffd75fdf5f05f1	4			yes					-1	-1	-1	-1	
53	48	e1172f7ae743be49	5			yes					-1	54	-1	-1	55	
54	53	c7f4b43006421852	4			yes					-1	-1	-1	-1	
55	53	a22a3434a854a86b	4			yes					-1	-1	-1	-1	
56	48	5048a0cda2774296	5			yes					-1	-1	-1	-1	57	
57	56	1375bb83ed6054b4	4			yes					-1	-1	-1	-1	
58	48	a1db34a21d6a9f82	5			yes					-1	-1	-1	-1	59	
59	58	e2e62fec527d89a0	4			yes					-1	-1	-1	-1	
60	48	359620c90c61f2af	5			yes					-1	-1	-1	-1	-1	
61	2	6d90e6021a876b2f	4			yes					-1	-1	-1	62	
62	61	12c5951636fd560f	6			yes					63	65	67	69	-1	71	
63	62	baac6280e5c3a151	5			yes					-1	-1	-1	-1	64	
64	63	f99179ceaad4b773	4			yes					-1	-1	-1	-1	
65	62	857981eb92c80ccb	5			yes					-1	-1	-1	-1	66	
66	65	c6449aa5dddf1ae9	4			yes					-1	-1	-1	-1	
67	62	34260e5cd7fcf014	5			yes					-1	-1	-1	-1	68	
68	67	771b151298ebe636	4			yes					-1	-1	-1	-1	
69	62	e186393c952c2ca2	5			yes					-1	-1	-1	-1	70	
70	69	a2bb2272da3b3a80	4			yes					-1	-1	-1	-1	
71	62	51f88e5879ea402d	5			yes					-1	-1	-1	-1	-1	
72	2	e159333558c8d446	4			yes					-1	-1	-1	-1	
73	1	71d8253ece629b9f	4			yes					74	84	93	104	
74	73	795711ccaf95a672	3			yes					75	76	80	
75	74	43ad61169f3e288f	4			yes					-1	-1	-1	-1	
76	74	e4eb9f7b7dce6134	5			yes					-1	77	78	-1	79	
77	76	e298f792b6593867	4			yes					-1	-1	-1	-1	
78	76	17a83351de1f1b99	4			yes					-1	-1	-1	-1	
79	76	ea1eb28740d72655	4			yes					-1	-1	-1	-1	
80	74	60698b9ad5f1067d	5			yes					-1	81	82	-1	83	
81	80	661ae3731e665f2e	4			yes					-1	-1	-1	-1	
82	80	932a27b076207cd0	4			yes					-1	-1	-1	-1	
83	80	b2d462d199e25959	4			yes					-1	-1	-1	-1	
84	73	8446e1c523b88284	3			yes					-1	85	89	
85	84	8d5ff884f7f49685	5			yes					86	87	-1	-1	88	
86	85	25360f1224ca61db	4			yes					-1	-1	-1	-1	
87	85	26f9290a7df43b2a	4			yes					-1	-1	-1	-1	
88	85	83aad578caedd1e4	4			yes					-1	-1	-1	-1	
89	84	09ddec655fcbf1cc	5			yes					90	91	-1	-1	92	
90	89	a1b41bf38cf50692	4			yes					-1	-1	-1	-1	
91	89	a27b3debd5cb5c63	4			yes					-1	-1	-1	-1	
92	89	db60052e13d8aee8	4			yes					-1	-1	-1	-1	
93	73	ad8ef793c0de721a	3			yes					-1	-1	94	
94	93	0e4fa3c6325e5e2c	6			yes					95	97	99	101	-1	103	
95	94	a6265450e160a972	5			yes					-1	-1	-1	-1	96	
96	95	e51b4f1eae77bf50	4			yes					-1	-1	-1	-1	
97	94	a5e97248b85ef383	5			yes					-1	-1	-1	-1	98	
98	97	e6d46906f749e5a1	4			yes					-1	-1	-1	-1	
99	94	083ccb2ff9c9077f	5			yes					-1	-1	-1	-1	100	
100	99	4b01d061b6de115d	4			yes					-1	-1	-1	-1	
101	94	fd0c0fec918f2481	5			yes					-1	-1	-1	-1	102	
102	101	be3114a2de9832a3	4			yes					-1	-1	-1	-1	
103	94	4d72b8887d49480e	5			yes					-1	-1	-1	-1	-1	
104	73	214722a48291cd73	3			yes					-1	-1	-1	
105	1	2cfb4f444d007ae2	4			yes					106	115	133	135	
106	105	24747bb62cf7470f	3			yes					107	110	111	
107	106	ce1d51e84212ca4d	5			yes					-1	108	-1	-1	109	
108	107	b331c2f3a2d056bc	4			yes					-1	-1	-1	-1	
109	107	82c86696deed804e	4			yes					-1	-1	-1	-1	
110	106	445469f023b5ea64	4			yes					-1	-1	-1	-1	
111	106	eb2958a6e0cacc19	5			yes					-1	112	113	-1	114	
112	111	cdcac3ec01cb6a02	4			yes					-1	-1	-1	-1	
113	111	b3bad4135cb68398	4			yes					-1	-1	-1	-1	
114	111	3994b1edacd9933d	4			yes					-1	-1	-1	-1	
115	105	85e459dd6a593831	3			yes					-1	116	120	
116	115	2ae30b0ff6d93a0f	5			yes					117	118	-1	-1	119	
117	116	828afc9925e7cd51	4			yes					-1	-1	-1	-1	
118	116	8145da817cd997a0	4			yes					-1	-1	-1	-1	
119	116	1a5093afbd40ce5b	4			yes					-1	-1	-1	-1	
120	115	1d66eefee0bc5212	6			yes					121	124	126	128	130	132	
121	120	b50f19683382a54c	5			yes					122	-1	-1	-1	123	
122	121	1ea9c8e6b98208e3	4			yes					-1	-1	-1	-1	
123	121	f63202267c95b36e	4			yes					-1	-1	-1	-1	
124	120	b6c03f706abcffbd	5			yes					-1	-1	-1	-1	125	
125	124	f5fd243e25abe99f	4			yes					-1	-1	-1	-1	
126	120	604a7de5007ecee3	5			yes					-1	-1	-1	-1	127	
127	126	237766ab4f69d8c1	4			yes					-1	-1	-1	-1	
128	120	633a43c6d39665af	5			yes					-1	-1	-1	-1	129	
129	128	200758889c81738d	4			yes					-1	-1	-1	-1	
130	120	43820375c5c1e79f	5			yes					-1	-1	-1	-1	131	
131	130	00bf183b8ad6f1bd	4			yes					-1	-1	-1	-1	
132	120	5e5bf5b0afab4430	5			yes					-1	-1	-1	-1	-1	
133	105	f10f25f10a5d29d2	3			yes					-1	-1	134	
134	133	dff3fc129fde28ea	5			yes					-1	-1	-1	-1	-1	
135	105	7c6448de01f32c0e	3			yes					-1	-1	-1	
136	1	8c126148e2877ab2	4			yes					137	144	156	158	
137	136	849d55ba8370475f	3			yes					138	141	-1	
138	137	d36ee9e937b016f7	5			yes					-1	-1	139	140	-1	
139	138	47d034e3d61ae983	4			yes					-1	-1	-1	-1	
140	138	ad8fdf8ce2ea5476	4			yes					-1	-1	-1	-1	
141	137	123275af72546a12	5			yes					-1	142	-1	143	-1	
142	141	34d1eee59355cc09	4			yes					-1	-1	-1	-1	
143	141	6cd343caa70e2893	4			yes					-1	-1	-1	-1	
144	136	250d77d1c5de3861	3			yes					-1	145	155	
145	144	5df8ebba7d8ba036	6			yes					146	148	150	151	153	154	
146	145	f5911c2caeb55768	5			yes					-1	-1	-1	-1	147	
147	146	60bc694b428a2fcd	4			yes					-1	-1	-1	-1	
148	145	f65e3a34f78b0d99	5			yes					-1	-1	-1	-1	149	
149	148	63734f531bb4753c	4			yes					-1	-1	-1	-1	
150	145	eb3a57e03aea129b	5			yes					-1	-1	-1	-1	-1	
151	145	c94a8e485809d46e	5			yes					-1	-1	-1	-1	152	
152	151	5c67fb2fb436accb	4			yes					-1	-1	-1	-1	
153	145	21bfffb03bdd9c04	4			yes					-1	-1	-1	-1	
154	145	c8d59edd91b4d893	5			yes					-1	-1	-1	-1	-1	
155	144	4551bf6302e497eb	5			yes					-1	-1	-1	-1	-1	
156	136	d3e0fba305b464de	3			yes					-1	-1	157	
157	156	976eb5b097a25460	5			yes					-1	-1	-1	-1	-1	
158	136	fe62b880a19d6152	3			yes					-1	-1	-1	
159	1	967dddd16d4f73a3	5			yes					160	168	187	191	192	
160	159	9ef2e9230cb84e4e	4			yes					161	163	166	-1	
161	160	41f6512780bdeb4c	5			yes					-1	-1	-1	-1	162	
162	161	cd097c14af50fa33	4			yes					-1	-1	-1	-1	
163	160	fb7e61a089dbbacb	5			yes					-1	164	-1	-1	165	
164	163	dd9dfaea68da1cd0	4			yes					-1	-1	-1	-1	
165	163	77814c93a636abb4	4			yes					-1	-1	-1	-1	
166	160	c76c6693ec91c279	5			yes					-1	-1	-1	-1	167	
167	166	4b934ba0c37cd306	4			yes					-1	-1	-1	-1	
168	159	3f62cb484a163170	4			yes					-1	169	180	185	
169	168	fabc0efe95c6d7b8	6			yes					170	172	174	175	177	178	
170	169	52d5f96846f820e6	5			yes					-1	-1	-1	-1	171	
171	170	9bfcba293c80415e	4			yes					-1	-1	-1	-1	
172	169	511adf701fc67a17	5			yes					-1	-1	-1	-1	173	
173	172	98339c3165be1baf	4			yes					-1	-1	-1	-1	
174	169	4c7eb2a4d2a76515	5			yes					-1	-1	-1	-1	-1	
175	169	149a9b9ea7509e5a	5			yes					-1	-1	-1	-1	176	
176	175	ddb3d8dfdd28ffe2	4			yes					-1	-1	-1	-1	
177	169	92024c6356b1c006	5			yes					-1	-1	-1	-1	-1	
178	169	33954dbfefbeb600	5			yes					-1	-1	-1	-1	179	
179	178	5b2b0f222cc9a1be	4			yes					-1	-1	-1	-1	
180	168	e33419e544aad8f5	3			yes					181	182	-1	
181	180	83ca98995ae08e21	5			yes					-1	-1	-1	-1	-1	
182	180	cc9714d31060d52f	5			yes					183	-1	-1	-1	184	
183	182	64fee345c35e2271	4			yes					-1	-1	-1	-1	
184	182	406839e03f8dc450	4			yes					-1	-1	-1	-1	
185	168	8b2b7cb48878ca04	3			yes					-1	186	-1	
186	185	f04fc2dbde1fd738	5			yes					-1	-1	-1	-1	-1	
187	159	c98f473a8a7c6dcf	4			yes					-1	-1	188	190	
188	187	15d9959784c0844a	3			yes					189	-1	-1	
189	188	51f5924acfa64daa	5			yes					-1	-1	-1	-1	-1	
190	187	7dc6f0c6481296bb	3			yes					-1	-1	-1	
191	159	4a2b0f7c63f39a26	4			yes					-1	-1	-1	-1	
192	159	22346a2daf2188d7	4			yes					-1	-1	-1	-1	
193	0	a435eb09f7895ec2	5			yes					-1	194	254	279	298	
194	193	f3b3ed17a2e0a7c1	5			yes					195	215	227	242	253	
195	194	bee871b99f78d172	4			yes					196	198	204	210	
196	195	a93461920017f74c	5			yes					-1	-1	-1	-1	197	
197	196	7209fc65bb0f87e8	4			yes					-1	-1	-1	-1	
198	195	fc2ac7db98519b7a	5			yes					199	200	201	202	203	
199	198	f17ec8aff0ff0fbc	4			yes					-1	-1	-1	-1	
200	198	56c35783b85c5221	4			yes					-1	-1	-1	-1	
201	198	8c9d84b12db5dc8c	4			yes					-1	-1	-1	-1	
202	198	120c52bbaac7d298	4			yes					-1	-1	-1	-1	
203	198	392c4926cfd15389	4			yes					-1	-1	-1	-1	
204	195	3b1e40c052fd61d3	5			yes					205	206	207	208	209	
205	204	364a4fb43a53f515	4			yes					-1	-1	-1	-1	
206	204	91f7d09872f0a888	4			yes					-1	-1	-1	-1	
207	204	b3cf5986e3be6283	4			yes					-1	-1	-1	-1	
208	204	51de946018a5a21e	4			yes					-1	-1	-1	-1	
209	204	45ac52cab3b89d00	4			yes					-1	-1	-1	-1	
210	195	33f84de425ea877d	5			yes					211	212	213	214	-1	
211	210	3eac42904d4413bb	4			yes					-1	-1	-1	-1	
212	210	9911ddbc05e74e26	4			yes					-1	-1	-1	-1	
213	210	bb2954a294a9842d	4			yes					-1	-1	-1	-1	
214	210	2c87f385eec75aee	4			yes					-1	-1	-1	-1	
215	194	9e60d37298e4d7b6	4			yes					-1	216	219	222	
216	215	661aaaf34ce9aa1c	5			yes					217	-1	-1	-1	218	
217	216	14b916336a77cf30	4			yes					-1	-1	-1	-1	
218	216	f4a3175fa187d0d6	4			yes					-1	-1	-1	-1	
219	215	423601df96583e33	3			yes					220	221	-1	
220	219	3136ab468f3b8aae	4			yes					-1	-1	-1	-1	
221	219	40e96d9e62f70cbe	4			yes					-1	-1	-1	-1	
222	215	ceffd4e8d417815a	3			yes					223	225	-1	
223	222	089a18a8a510944d	5			yes					-1	-1	-1	-1	224	
224	223	4ba703e6ea07826f	4			yes					-1	-1	-1	-1	
225	222	5950cbf8dc68e00c	5			yes					-1	-1	-1	-1	226	
226	225	1a6dd0b6937ff62e	4			yes					-1	-1	-1	-1	
227	194	ac4177fc45d3b9ad	4			yes					-1	-1	228	233	
228	227	9548251422df6505	5			yes					229	230	231	-1	232	
229	228	e7eb99d404410029	4			yes					-1	-1	-1	-1	
230	228	02f431e986ea3fc1	4			yes					-1	-1	-1	-1	
231	228	933b4dfde9483c56	4			yes					-1	-1	-1	-1	
232	228	19a1014d86b69d83	4			yes					-1	-1	-1	-1	
233	227	8cf183729c4089b7	6			yes					234	236	238	-1	240	241	
234	233	fe523fb2badeec9b	5			yes					-1	-1	-1	-1	235	
235	234	bd6f24fcf5c9fab9	4			yes					-1	-1	-1	-1	
236	233	1b4d978f3875d373	5			yes					-1	-1	-1	-1	237	
237	236	58708cc17762c551	4			yes					-1	-1	-1	-1	
238	233	8a82eb9b57d7d0e4	5			yes					-1	-1	-1	-1	239	
239	238	c9bff0d518c0c6c6	4			yes					-1	-1	-1	-1	
240	233	5b818c57c25cf2b8	5			yes					-1	-1	-1	-1	-1	
241	233	cfcc983cd3579f95	5			yes					-1	-1	-1	-1	-1	
242	194	2fe53fbaac5c4e44	4			yes					-1	-1	-1	243	
243	242	e89f2de3e9cb3b35	6			yes					244	246	248	250	-1	252	
244	243	9a3c9123cf555e19	5			yes					-1	-1	-1	-1	245	
245	244	d9018a6d8042483b	4			yes					-1	-1	-1	-1	
246	243	7f23391e4dfe61f1	5			yes					-1	-1	-1	-1	247	
247	246	3c1e225002e977d3	4			yes					-1	-1	-1	-1	
248	243	eeec450a225c6266	5			yes					-1	-1	-1	-1	249	
249	248	add15e446d4b7444	4			yes					-1	-1	-1	-1	
250	243	1bdc81c94a1a4198	5			yes					-1	-1	-1	-1	251	
251	250	58e19a87050d57ba	4			yes					-1	-1	-1	-1	
252	243	aba236ada6dc2d17	5			yes					-1	-1	-1	-1	-1	
253	194	a32cea8dee13f12d	4			yes					-1	-1	-1	-1	
254	193	4472036c9681453b	4			yes					255	270	276	278	
255	254	09299fc2ab193388	3			yes					256	258	260	
256	255	b114ce03f432f11a	5			yes					-1	-1	-1	-1	257	
257	256	fdc1f97d68cdbb19	4			yes					-1	-1	-1	-1	
258	255	fcf9dace67141c0d	5			yes					-1	-1	-1	-1	259	
259	258	cc4a426e2c8de859	4			yes					-1	-1	-1	-1	
260	255	1b6eca8db8726d63	6			yes					261	263	265	267	268	269	
261	260	163ac5f9d0dcf9a5	5			yes					-1	-1	-1	-1	262	
262	261	5507deb79fcbef87	4			yes					-1	-1	-1	-1	
263	260	ae072d2f6cafddd5	5			yes					-1	-1	-1	-1	264	
264	263	ed3a366123b8cbf7	4			yes					-1	-1	-1	-1	
265	260	dbb8b32be533b062	5			yes					-1	-1	-1	-1	266	
266	265	9885a865aa24a640	4			yes					-1	-1	-1	-1	
267	260	653267b58b585ade	5			yes					-1	-1	-1	-1	-1	
268	260	458a27069d0fd8ee	5			yes					-1	-1	-1	-1	-1	
269	260	5853d1c3f7657b41	5			yes					-1	-1	-1	-1	-1	
270	254	c030f1813636736f	3			yes					-1	271	272	
271	270	d329632e322ce43c	4			yes					-1	-1	-1	-1	
272	270	7c545278f153c241	5			yes					273	-1	274	-1	275	
273	272	0ef7eeb8d7cda76d	4			yes					-1	-1	-1	-1	
274	272	24c7decd4d2f8dc0	4			yes					-1	-1	-1	-1	
275	272	aee9bb33bd409d65	4			yes					-1	-1	-1	-1	
276	254	998669d9d1dc160b	3			yes					-1	-1	277	
277	276	39237237444b4df3	5			yes					-1	-1	-1	-1	-1	
278	254	14ed04f6da7213d7	3			yes					-1	-1	-1	
279	193	e49b2d603906456b	4			yes					280	292	295	297	
280	279	a9c0b1ce049e33d8	3			yes					281	284	291	
281	280	2dd3f783de2f3ce2	5			yes					-1	-1	-1	283	-1	
282	281	54397f0c7fc161b5	4			no					-1	-1	-2	-2	
283	281	5332c1e60b757e63	4			yes					-1	-1	-1	-1	
284	280	8be23a7bec468634	6			yes					285	286	287	288	289	290	
285	284	86b6350f84e812f2	5			yes					-1	-1	-1	-1	-1	
286	284	3e8bddd9389b3682	5			yes					-1	-1	-1	-1	-1	
287	284	50c8992edfa76c1a	5			yes					-1	-1	-1	-1	-1	
288	284	1f505f89c9c4f26c	5			yes					-1	-1	-1	-1	-1	
289	284	f7a52e71aa10ba06	4			yes					-1	-1	-1	-1	
290	284	1ecf4f1c0079fe91	5			yes					-1	-1	-1	-1	-1	
291	280	83e50f838b33db2b	5			yes					-1	-1	-1	-1	-1	
292	279	60d9df8d99b1733f	3			yes					-1	293	-1	
293	292	854f7f7163cd644a	5			yes					-1	-1	-1	294	-1	
294	293	fbae4914b69726cb	4			yes					-1	-1	-1	-1	
295	279	bb69b78bde355b07	3			yes					-1	-1	296	
296	295	71be3b954c373179	5			yes					-1	-1	-1	-1	-1	
297	279	96ebf4a87a1c5e8b	3			yes					-1	-1	-1	
298	193	fef491f9b6ce4c7a	5			yes					299	319	323	327	328	
299	298	b3af0d578b563ac9	4			yes					300	302	313	317	
300	299	99880cc55b408fdd	5			yes					-1	-1	-1	-1	301	
301	300	157721f674ad9ea2	4			yes					-1	-1	-1	-1	
302	299	2ca6df3f040bf1ba	6			yes					303	305	307	309	311	312	
303	302	21f2d04b6ca5657c	5			yes					-1	-1	-1	-1	304	
304	303	e8db930a16dd04c4	4			yes					-1	-1	-1	-1	
305	302	99cf389dd0d6410c	5			yes					-1	-1	-1	-1	306	
306	305	50e67bdcaaae20b4	4			yes					-1	-1	-1	-1	
307	302	f78c7c6a37ea1b94	5			yes					-1	-1	-1	-1	308	
308	307	3ea53f2b4d927a2c	4			yes					-1	-1	-1	-1	
309	302	c2804a5f369db858	5			yes					-1	-1	-1	-1	310	
310	309	0ba9091e4ce5d9e0	4			yes					-1	-1	-1	-1	
311	302	44189da2c77ce604	5			yes					-1	-1	-1	-1	-1	
312	302	e58f9c7e7e739002	5			yes					-1	-1	-1	-1	-1	
313	299	6ff9dffa85ead34c	3			yes					314	315	-1	
314	313	b7575e4c33f3c5e2	5			yes					-1	-1	-1	-1	-1	
315	313	1a8dc51281adf32d	5			yes					-1	-1	-1	-1	316	
316	315	9672e821ae40e252	4			yes					-1	-1	-1	-1	
317	299	07e6baab4938c1bd	3			yes					-1	318	-1	
318	317	2655131a4fd2f13a	5			yes					-1	-1	-1	-1	-1	
319	298	7ab6631416797a2e	4			yes					-1	320	322	-1	
320	319	6c036b7e9842b493	5			yes					-1	-1	-1	-1	321	
321	320	e0fc464db7afa5ec	4			yes					-1	-1	-1	-1	
322	319	50116c4dfd08cc21	5			yes					-1	-1	-1	-1	-1	
323	298	a1060b1251fd5216	4			yes					-1	-1	324	326	
324	323	7d50d9bf5f41bb93	3			yes					-1	325	-1	
325	324	c6889894de3f43f2	5			yes					-1	-1	-1	-1	-1	
326	323	154fbcee9393a962	3			yes					-1	-1	-1	
327	298	22a24354b872a5ff	4			yes					-1	-1	-1	-1	
328	298	4abd260574a0b70e	4			yes					-1	-1	-1	-1	
329	0	a9c98d53d876717a	5			yes					-1	-1	330	394	413	
330	329	6ef8ec73283b997e	5			yes					331	355	375	382	393	
331	330	23a370dd15a3efcd	4			yes					332	339	341	346	
332	331	3dcae012f7eac3cf	5			yes					333	334	336	337	338	
333	332	e9a618fb02b0e463	4			yes					-1	-1	-1	-1	
334	332	5019906e6d5ace1c	4			yes					-1	335	-1	-1	
335	334	088a1cdbd126819d	3			yes					-1	-1	-1	
336	332	65596ca74b968c4e	4			yes					-1	-1	-1	-1	
337	332	fd7d5fcaffc21e2b	4			yes					-1	-1	-1	-1	
338	332	219bbbf8dbbeb81a	4			yes					-1	-1	-1	-1	
339	331	74696bb4e59acbff	5			yes					-1	-1	-1	-1	340	
340	339	be59e9f78b4e3628	4			yes					-1	-1	-1	-1	
341	331	4a8af7dd169d2ab5	5			yes					-1	342	343	344	345	
342	341	df0c52e76b95bd74	4			yes					-1	-1	-1	-1	
343	341	82d3ddb87edd7fc1	4			yes					-1	-1	-1	-1	
344	341	0dd7a4e0ef3cb23f	4			yes					-1	-1	-1	-1	
345	341	c663d384b2f4d233	4			yes					-1	-1	-1	-1	
346	331	e2bbdb441215deab	6			yes					347	348	350	352	353	354	
347	346	3e5ad4a24c0856a7	5			yes					-1	-1	-1	-1	-1	
348	346	773d7e7e6f1d496a	5			yes					-1	-1	-1	-1	349	
349	348	34006530200a5f48	4			yes					-1	-1	-1	-1	
350	346	2ae2f1217a558bdf	5			yes					-1	-1	-1	-1	351	
351	350	69dfea6f35429dfd	4			yes					-1	-1	-1	-1	
352	346	9ce7767c213fe916	5			yes					-1	-1	-1	-1	-1	
353	346	bc5f36cf37686b26	5			yes					-1	-1	-1	-1	-1	
354	346	a186c00a5d02c889	5			yes					-1	-1	-1	-1	-1	
355	330	6a464321e2654ba2	4			yes					-1	356	359	365	
356	355	5eb0cf30d2770e37	5			yes					357	-1	-1	-1	358	
357	356	2c1373f0f4e96b1b	4			yes					-1	-1	-1	-1	
358	356	94804d73bca3f3e0	4			yes					-1	-1	-1	-1	
359	355	801b0542ea3e7fcf	5			yes					360	361	362	363	364	
360	359	f2b8b982cca01ae3	4			yes					-1	-1	-1	-1	
361	359	714ee1c113165054	4			yes					-1	-1	-1	-1	
362	359	48422f27827e2abb	4			yes					-1	-1	-1	-1	
363	359	c746567f139fe745	4			yes					-1	-1	-1	-1	
364	359	0cf2211b4e578749	4			yes					-1	-1	-1	-1	
365	355	282a29dbeeb68bd1	6			yes					366	368	370	372	373	374	
366	365	5a89951bc828eefd	5			yes					-1	-1	-1	-1	367	
367	366	19b48e55873ff8df	4			yes					-1	-1	-1	-1	
368	365	d97fcd58179ea44a	5			yes					-1	-1	-1	-1	369	
369	368	9a42d6165889b268	4			yes					-1	-1	-1	-1	
370	365	e07303be86f6dea5	5			yes					-1	-1	-1	-1	371	
371	370	a34e18f0c9e1c887	4			yes					-1	-1	-1	-1	
372	365	567684e3dd9cbc6c	5			yes					-1	-1	-1	-1	-1	
373	365	76cec450cbcb3e5c	5			yes					-1	-1	-1	-1	-1	
374	365	6b173295a1a19df3	5			yes					-1	-1	-1	-1	-1	
375	330	c52ce6cbb5891b06	4			yes					-1	-1	376	379	
376	375	197a3466bb35f283	3			yes					377	378	-1	
377	376	3665bce713229589	4			yes					-1	-1	-1	-1	
378	376	1cbc186324cf5041	4			yes					-1	-1	-1	-1	
379	375	95b3e151f97a4dea	3			yes					380	381	-1	
380	379	f27be6a48323f432	5			yes					-1	-1	-1	-1	-1	
381	379	d8a24220b4ce31fa	5			yes					-1	-1	-1	-1	-1	
382	330	b2ae3ede268770fb	4			yes					-1	-1	-1	383	
383	382	7f55c80fd853f972	6			yes					384	386	388	390	-1	392	
384	383	0df674cffecd9c5e	5			yes					-1	-1	-1	-1	385	
385	384	4ecb6f81b1da8a7c	4			yes					-1	-1	-1	-1	
386	383	d4f31981525354dd	5			yes					-1	-1	-1	-1	387	
387	386	97ce02cf1d4442ff	4			yes					-1	-1	-1	-1	
388	383	7926a0e613c4a021	5			yes					-1	-1	-1	-1	389	
389	388	3a1bbba85cd3b603	4			yes					-1	-1	-1	-1	
390	383	27c644ba642fb6f3	5			yes					-1	-1	-1	-1	391	
391	390	64fb5ff42b38a0d1	4			yes					-1	-1	-1	-1	
392	383	3c68d3419744ef50	5			yes					-1	-1	-1	-1	-1	
393	330	3e67ebe964c8cf92	4			yes					-1	-1	-1	-1	
394	329	ce0b2ecf5906a694	4			yes					395	407	411	412	
395	394	8350b261649ed027	3			yes					396	404	406	
396	395	ba3c3717bbbb5f3c	6			yes					-1	397	398	400	402	403	
397	396	d7ef476b210b52ef	5			yes					-1	-1	-1	-1	-1	
398	396	497f9b3d186a2591	5			yes					-1	-1	-1	-1	399	
399	398	dc52ee5af4555d34	4			yes					-1	-1	-1	-1	
400	396	36bb30b58a6d6ce0	5			yes					-1	-1	-1	-1	-1	
401	400	a39645d266521445	4			no					-1	-1	-2	-1	
402	396	c67b231dfded630e	4			yes					-1	-1	-1	-1	
403	396	2f11427057842799	5			yes					-1	-1	-1	-1	-1	
404	395	75740d6209f89fe3	5			yes					-1	-1	-1	405	-1	
405	404	0b953b07dca2dd62	4			yes					-1	-1	-1	-1	
406	395	a72ca7d48d3f5ff4	5			yes					-1	-1	-1	-1	-1	
407	394	cab5819d93587448	3			yes					-1	408	410	
408	407	5fada9e63e155a2b	5			yes					-1	-1	-1	409	-1	
409	408	214c9f83eb4f18aa	4			yes					-1	-1	-1	-1	
410	407	6dbd554b719c0a8e	5			yes					-1	-1	-1	-1	-1	
411	394	3b95ea34b4dcbf8f	3			yes					-1	-1	-1	
412	394	bc7bf7071a1cbd74	3			yes					-1	-1	-1	
413	329	d4649256d6ceaf85	5			yes					414	433	440	442	443	
414	413	993f0ef8eb56d936	4			yes					415	425	427	431	
415	414	ac734ba9d0e16835	6			yes					-1	416	418	420	422	424	
416	415	c1a03bd54a5165e6	5			yes					-1	-1	-1	-1	417	
417	416	088978943029045e	4			yes					-1	-1	-1	-1	
418	415	5f30e78373301298	5			yes					-1	-1	-1	-1	419	
419	418	9619a4c209487320	4			yes					-1	-1	-1	-1	
420	415	6cc4f471d8c9b5d1	5			yes					-1	-1	-1	-1	421	
421	420	a5edb730a2b1d469	4			yes					-1	-1	-1	-1	
422	415	4362d826be6bec8e	5			yes					-1	-1	-1	-1	423	
423	422	8a4b9b67c4138d36	4			yes					-1	-1	-1	-1	
424	415	655a08e8aa99098d	5			yes					-1	-1	-1	-1	-1	
425	414	8138329d1c184886	5			yes					-1	-1	-1	-1	426	
426	425	0dc71fae33f559f9	4			yes					-1	-1	-1	-1	
427	414	4569dc55e5ea30b3	3			yes					428	430	-1	
428	427	df636c869bf6e95e	5			yes					-1	-1	-1	-1	429	
429	428	539c41b5b41bf821	4			yes					-1	-1	-1	-1	
430	427	b00449edafeadac5	5			yes					-1	-1	-1	-1	-1	
431	414	2d76b90429382242	3			yes					432	-1	-1	
432	431	58f6722c8800d212	5			yes					-1	-1	-1	-1	-1	
433	413	d0da3d041c907d59	4			yes					-1	434	437	439	
434	433	abe196192bf58d4e	5			yes					-1	-1	-1	-1	436	
435	434	d9422ad90d6be862	4			no					-1	-1	-2	-2	
436	434	271ebb2a04189c31	4			yes					-1	-1	-1	-1	
437	433	0c8cefa9122c94dc	3			yes					-1	438	-1	
438	437	9added6998071f0d	5			yes					-1	-1	-1	-1	-1	
439	433	64938af8defe862d	3			yes					-1	-1	-1	
440	413	21fa56ad3b14b69e	4			yes					-1	-1	441	-1	
441	440	5482b999b99d58f2	5			yes					-1	-1	-1	-1	-1	
442	413	083240fbd8724600	4			yes					-1	-1	-1	-1	
443	413	602d25aa14a054f1	4			yes					-1	-1	-1	-1	
444	0	4b8b990b1778f06f	5			yes					-1	-1	-1	445	495	
445	444	c4a034e2928e49fc	5			yes					446	469	485	492	494	
446	445	89fba84caf163f4f	4			yes					447	455	462	465	
447	446	15c824a44ce76a85	6			yes					-1	448	449	451	453	454	
448	447	7c3f67f43ea667c3	5			yes					-1	-1	-1	-1	-1	
449	447	4d5ba811f09b2504	5			yes					-1	-1	-1	-1	450	
450	449	d876dd761ca45da1	4			yes					-1	-1	-1	-1	
451	447	994f23067d315959	5			yes					-1	-1	-1	-1	452	
452	451	0c625661910e21fc	4			yes					-1	-1	-1	-1	
453	447	698f30ae0ab156b7	4			yes					-1	-1	-1	-1	
454	447	80e551c3a0d81220	5			yes					-1	-1	-1	-1	-1	
455	446	74f6d804ca71902b	6			yes					-1	456	457	458	460	461	
456	455	35edf92720f76feb	5			yes					-1	-1	-1	-1	-1	
457	455	6d3a3d6dc31b7822	5			yes					-1	-1	-1	-1	-1	
458	455	f871dfa6fba7a3f7	5			yes					-1	-1	-1	-1	459	
459	458	6d5caac11798db52	4			yes					-1	-1	-1	-1	
460	455	08b1cc0e8c27ac19	4			yes					-1	-1	-1	-1	
461	455	e1dbad63264ee88e	5			yes					-1	-1	-1	-1	-1	
462	446	714d6892086ac51e	3			yes					463	464	-1	
463	462	9e6af829852874df	5			yes					-1	-1	-1	-1	-1	
464	462	0fc01f2588bd145a	5			yes					-1	-1	-1	-1	-1	
465	446	a5f076f90da67844	6			yes					-1	-1	466	467	-1	468	
466	465	1c54be922cd2a914	5			yes					-1	-1	-1	-1	-1	
467	465	99dd1919e0568272	5			yes					-1	-1	-1	-1	-1	
468	465	ea669ffe2fc60622	5			yes					-1	-1	-1	-1	-1	
469	445	c01e9bb058d09b20	4			yes					-1	470	478	480	
470	469	5e2f7c80fd9c55e3	6			yes					471	-1	473	474	475	476	
471	470	2c8cc040db0230cf	5			yes					-1	-1	-1	-1	472	
472	471	b9a1b527373d486a	4			yes					-1	-1	-1	-1	
473	470	47e399e9f4f6bdea	5			yes					-1	-1	-1	-1	-1	
474	470	d2a87b22cc4a663f	5			yes					-1	-1	-1	-1	-1	
475	470	2268688abbca69d1	4			yes					-1	-1	-1	-1	
476	470	cb0209e711a32d46	5			yes					-1	-1	-1	477	-1	
477	476	47850e4520751e9a	4			yes					-1	-1	-1	-1	
478	469	38a85b6effac6171	3			yes					-1	479	-1	
479	478	2519bba1bf50d192	5			yes					-1	-1	-1	-1	-1	
480	469	31883491c218d4e3	6			yes					481	-1	482	483	-1	484	
481	480	432b8851e486b1cf	5			yes					-1	-1	-1	-1	-1	
482	480	24cc5cad2a6bcc52	5			yes					-1	-1	-1	-1	-1	
483	480	0da55b712fe82ed5	5			yes					-1	-1	-1	-1	-1	
484	480	7e1edd96e078aa85	5			yes					-1	-1	-1	-1	-1	
485	445	6dbf227bb5d70b2f	4			yes					-1	-1	486	487	
486	485	9509e2a512abf17e	3			yes					-1	-1	-1	
487	485	c8cc28994c1077e8	6			yes					488	489	-1	490	-1	491	
488	487	ba6f94596a8e12c4	5			yes					-1	-1	-1	-1	-1	
489	487	636af917c610da47	5			yes					-1	-1	-1	-1	-1	
490	487	f4e14779a1e08dde	5			yes					-1	-1	-1	-1	-1	
491	487	875ac19e6e70098e	5			yes					-1	-1	-1	-1	-1	
492	445	3c16f43c35f2b3ad	4			yes					-1	-1	-1	493	
493	492	e0fa2565d09fe6bc	3			yes					-1	-1	-1	
494	445	184ce5bb77e31ced	4			yes					-1	-1	-1	-1	
495	444	8947f82c55ac4ef8	5			yes					496	521	535	539	540	
496	495	c41c64826834384b	4			yes					497	507	517	518	
497	496	0387581a27bd5d8c	6			yes					-1	498	500	502	504	506	
498	497	6a701b4a55fc50ca	5			yes					-1	-1	-1	-1	499	
499	498	a359580b2f843172	4			yes					-1	-1	-1	-1	
500	497	5b14d4af9bc1120d	5			yes					-1	-1	-1	-1	501	
501	500	923d97eee1b973b5	4			yes					-1	-1	-1	-1	
502	497	c330e7c22f958068	5			yes					-1	-1	-1	-1	503	
503	502	0a19a48355ede1d0	4			yes					-1	-1	-1	-1	
504	497	ec96cb954937d937	5			yes					-1	-1	-1	-1	505	
505	504	25bf88d4334fb88f	4			yes					-1	-1	-1	-1	
506	497	caae1b5b5dc53c34	5			yes					-1	-1	-1	-1	-1	
507	496	62b9a4baa12ba722	6			yes					-1	508	510	512	514	516	
508	507	23a285994bad58e2	5			yes					-1	-1	-1	-1	509	
509	508	ea8bc6d831d5395a	4			yes					-1	-1	-1	-1	
510	507	7b7541d3a8414f2b	5			yes					-1	-1	-1	-1	511	
511	510	b25c0292d2392e93	4			yes					-1	-1	-1	-1	
512	507	a20e1b62a9037ac6	5			yes					-1	-1	-1	-1	513	
513	512	6b275823d37b1b7e	4			yes					-1	-1	-1	-1	
514	507	8da83735cfa12399	5			yes					-1	-1	-1	-1	515	
515	514	44817474b5d94221	4			yes					-1	-1	-1	-1	
516	507	ab90e7fbdb53c69a	5			yes					-1	-1	-1	-1	-1	
517	496	96bc90d5b1ff613b	5			yes					-1	-1	-1	-1	-1	
518	496	7055d37eaa5ac33f	3			yes					519	520	-1	
519	518	f702619f7f5ce7ab	5			yes					-1	-1	-1	-1	-1	
520	518	963c9d3ff9ca1d05	5			yes					-1	-1	-1	-1	-1	
521	495	8df9577e9ff29c24	4			yes					-1	522	532	533	
522	521	4860003e96c662ea	6			yes					523	-1	525	527	529	531	
523	522	3ac3bcfeb05807c6	5			yes					-1	-1	-1	-1	524	
524	523	f3eaffbfca20667e	4			yes					-1	-1	-1	-1	
525	522	51ace5579fac8ae3	5			yes					-1	-1	-1	-1	526	
526	525	9885a616e5d4eb5b	4			yes					-1	-1	-1	-1	
527	522	88d7bfe69eeebf0e	5			yes					-1	-1	-1	-1	528	
528	527	41fefca7e496deb6	4			yes					-1	-1	-1	-1	
529	522	a77193b1f84ce651	5			yes					-1	-1	-1	-1	530	
530	529	6e58d0f0823487e9	4			yes					-1	-1	-1	-1	
531	522	8149437fecbe0352	5			yes					-1	-1	-1	-1	-1	
532	521	9506bca8cdc2dcb9	5			yes					-1	-1	-1	-1	-1	
533	521	39b0e0825d9c6750	3			yes					-1	534	-1	
534	533	bce539bbce27d8cd	5			yes					-1	-1	-1	-1	-1	
535	495	2058eeb572f50c2b	4			yes					-1	-1	536	538	
536	535	165d5f85e5c0475d	5			yes					-1	-1	-1	-1	537	
537	536	9aa272b6ca2d5622	4			yes					-1	-1	-1	-1	
538	535	94115949b09bf75f	3			yes					-1	-1	-1	
539	495	54b3929912f11dc8	4			yes					-1	-1	-1	-1	
540	495	3d0e4fd097c2b58c	4			yes					-1	-1	-1	-1	
541	0	53435bddc4842f4d	5			yes					-1	-1	-1	-1	542	
542	541	8120e457b9bf0db4	6			yes					543	563	575	582	585	587	
543	542	cc7b78f984277b07	5			yes					544	552	557	560	562	
544	543	c8c5d7ab4e79a9db	4			yes					545	547	-1	549	
545	544	17ba7ca7e689a234	6			yes					-1	-1	-1	-1	-1	546	
546	545	de933fe69cf1c38c	5			yes					-1	-1	-1	-1	-1	
547	544	3470c7b2d564df76	6			yes					-1	-1	-1	-1	-1	548	
548	547	fd5984f3af1cbece	5			yes					-1	-1	-1	-1	-1	
549	544	e85b0e16896ca2be	6			yes					-1	-1	-1	-1	-1	551	
550	549	cfe3c3dfad12845a	5			no					-1	-2	-2	-2	-2	
551	549	e5e7ddf83162457f	5			yes					-1	-1	-1	-1	-1	
552	543	65646e60a37e39d4	4			yes					-1	553	-1	555	
553	552	4f1d8646315e0135	6			yes					-1	-1	-1	-1	-1	554	
554	553	8634c5074b26608d	5			yes					-1	-1	-1	-1	-1	
555	552	23baafd418c55c34	6			yes					-1	-1	-1	-1	-1	556	
556	555	2e067c3aa0cbbbf5	5			yes					-1	-1	-1	-1	-1	
557	543	9389e2126314656b	4			yes					-1	-1	-1	558	
558	557	a19daa8281ac1255	6			yes					-1	-1	-1	-1	-1	559	
559	558	5d987424f3f429c3	5			yes					-1	-1	-1	-1	-1	
560	543	8ac0f242b6d8a1bc	4			yes					-1	-1	-1	561	
561	560	f25323200a348e63	3			yes					-1	-1	-1	
562	543	b4e8a99b38cb54d8	4			yes					-1	-1	-1	-1	
563	542	859e4b0573e1df68	5			yes					-1	564	569	572	574	
564	563	2c815d9c54b89dbb	4			yes					-1	565	-1	567	
565	564	65c422c206b3c4fd	6			yes					-1	-1	-1	-1	-1	566	
566	565	aced61837ccba545	5			yes					-1	-1	-1	-1	-1	
567	564	09630b502f2899fc	6			yes					-1	-1	-1	-1	-1	568	
568	567	04dfd8be97267e3d	5			yes					-1	-1	-1	-1	-1	
569	563	da6cd1ee94d2c104	4			yes					-1	-1	-1	570	
570	569	522a49ec7a0f54b7	6			yes					-1	-1	-1	-1	-1	571	
571	570	5f969a02c201b376	5			yes					-1	-1	-1	-1	-1	
572	563	c325c1be411e05d3	4			yes					-1	-1	-1	573	
573	572	bbb610dcfdf22a0c	3			yes					-1	-1	-1	
574	563	fd0d9a67cf0df0b7	4			yes					-1	-1	-1	-1	
575	542	283ff2ce9ee64f67	5			yes					-1	-1	576	579	581	
576	575	77cd682579d5510b	4			yes					-1	-1	-1	577	
577	576	d171aac1520dcf53	6			yes					-1	-1	-1	-1	-1	578	
578	577	dccd792fea032892	5			yes					-1	-1	-1	-1	-1	
579	575	6e847875ac1995dc	4			yes					-1	-1	-1	580	
580	579	1617a91710f5ba03	3			yes					-1	-1	-1	
581	575	50ac23ac220a60b8	4			yes					-1	-1	-1	-1	
582	542	ded27ebc5e8c13d8	5			yes					-1	-1	-1	583	584	
583	582	9869f4076c73c963	4			yes					-1	-1	-1	-1	
584	582	a641afdee2603c07	4			yes					-1	-1	-1	-1	
585	542	c79b6eec8b40d70f	5			yes					-1	-1	-1	-1	586	
586	585	bf08bf8e37acf8d0	4			yes					-1	-1	-1	-1	
587	542	f9b335350553226b	5			yes					-1	-1	-1	-1	-1	
588	0	e461e8ca1538c7d0	5			yes					-1	-1	-1	-1	-1	
