Number of nodes
360
ID	PID	Hash_Value			File_Number	Fully_Enumerated	Children
0	-1	fb101c61a171949f	6			yes					1	152	228	286	324	359	
1	0	0384bc53fec2f2e3	5			yes					2	52	81	100	114	
2	1	07efdcdd8e75dec0	5			yes					3	17	29	40	51	
3	2	7d169da5f9b71078	4			yes					4	5	8	11	
4	3	ed81581a54f1b8c2	4			yes					-1	-1	-1	-1	
5	3	9249a096cece22df	4			yes					-1	6	-1	-1	
6	5	501bb0018b666c00	3			yes					-1	-1	-1	
7	5	dbe0bd7a9b6bb571	3			no					-1	-2	-1	
8	3	856cbcff67ec6749	4			yes					-1	9	10	-1	
9	8	473eac6822442996	3			yes					-1	-1	-1	
10	8	f91f7a93a7c6a362	3			yes					-1	-1	-1	
11	3	9aa7f302cc21c1e3	3			yes					12	13	15	
12	11	074f63b22d0f9cf6	4			yes					-1	-1	-1	-1	
13	11	d6cf57767d2cb652	4			yes					-1	14	-1	-1	
14	13	149d47e13884f88d	3			yes					-1	-1	-1	
15	11	ed9b89ba76cd6aa4	5			yes					-1	-1	-1	-1	16	
16	15	38e7a2525112abf8	4			yes					-1	-1	-1	-1	
17	2	61d357f1fdd30744	4			yes					-1	18	22	26	
18	17	9f49322de856f79a	5			yes					19	20	-1	-1	21	
19	18	846229570e25849b	4			yes					-1	-1	-1	-1	
20	18	c87d5c9aa73987ed	4			yes					-1	-1	-1	-1	
21	18	66893a6b014bbca1	4			yes					-1	-1	-1	-1	
22	17	29a2ca06c2b8fc8e	5			yes					23	24	-1	-1	25	
23	22	3289d17c24cb8f8f	4			yes					-1	-1	-1	-1	
24	22	7e96a4b18dd78cf9	4			yes					-1	-1	-1	-1	
25	22	d062c2402ba5b7b5	4			yes					-1	-1	-1	-1	
26	17	25a5664e97d0cafc	5			yes					27	28	-1	-1	-1	
27	26	3e8e7d3471a3b9fd	4			yes					-1	-1	-1	-1	
28	26	729108f9d8bfba8b	4			yes					-1	-1	-1	-1	
29	2	04748208fa253239	4			yes					-1	-1	30	35	
30	29	8e62c6e9a2d699a3	5			yes					31	32	33	-1	34	
31	30	9549dd9344a5eaa2	4			yes					-1	-1	-1	-1	
32	30	e0404447680600a0	4			yes					-1	-1	-1	-1	
33	30	4c30d67ee77ed77c	4			yes					-1	-1	-1	-1	
34	30	b8a1b7e4e6ff15bc	4			yes					-1	-1	-1	-1	
35	29	7a754e70656190a2	5			yes					36	37	38	-1	39	
36	35	615e550a8312e3a3	4			yes					-1	-1	-1	-1	
37	35	1457ccdeafb109a1	4			yes					-1	-1	-1	-1	
38	35	b8275ee720c9de7d	4			yes					-1	-1	-1	-1	
39	35	775aa47c83269381	4			yes					-1	-1	-1	-1	
40	2	f8effa2645a22a5e	4			yes					-1	-1	-1	41	
41	40	412190bc6e804c54	6			yes					42	44	46	48	-1	50	
42	41	5a0a8bc688f33f55	5			yes					-1	-1	-1	-1	43	
43	42	8f76a02eaf2cfe09	4			yes					-1	-1	-1	-1	
44	41	2f031212a450d557	5			yes					-1	-1	-1	-1	45	
45	44	fa7f39fa838f140b	4			yes					-1	-1	-1	-1	
46	41	8373802b2b28028b	5			yes					-1	-1	-1	-1	47	
47	46	560fabc30cf7c3d7	4			yes					-1	-1	-1	-1	
48	41	3d5256d0aeaa887f	5			yes					-1	-1	-1	-1	49	
49	48	e82e7d3889754923	4			yes					-1	-1	-1	-1	
50	41	945dbb54495f8d08	5			yes					-1	-1	-1	-1	-1	
51	2	e05eb27abbe30f5b	4			yes					-1	-1	-1	-1	
52	1	78d320cd0e273d1e	4			yes					53	58	62	75	
53	52	1946351dac336308	5			yes					-1	54	55	56	57	
54	53	cdb1b82bdc5a8442	4			yes					-1	-1	-1	-1	
55	53	6535f3716c19a723	4			yes					-1	-1	-1	-1	
56	53	0ad498caee14b34f	4			yes					-1	-1	-1	-1	
57	53	e0863d5b452e2833	4			yes					-1	-1	-1	-1	
58	52	ca51e9e781da1c71	5			yes					59	60	-1	-1	61	
59	58	d17af29d67a96f70	4			yes					-1	-1	-1	-1	
60	58	94a5b2777310d9e4	4			yes					-1	-1	-1	-1	
61	58	3391e1a168c7574a	4			yes					-1	-1	-1	-1	
62	52	87d30636c5f0c980	3			yes					63	64	65	
63	62	11ea7a5ad189d93b	4			yes					-1	-1	-1	-1	
64	62	baee2bb7334610c6	4			yes					-1	-1	-1	-1	
65	62	948d3de5b355994f	6			yes					66	68	70	72	-1	74	
66	65	8fa6269f5526ea4e	5			yes					-1	-1	-1	-1	67	
67	66	5ada0d7772f92b12	4			yes					-1	-1	-1	-1	
68	65	ca796675419f5cda	5			yes					-1	-1	-1	-1	69	
69	68	1f054d9d66409d86	4			yes					-1	-1	-1	-1	
70	65	b3a5591513325e1d	5			yes					-1	-1	-1	-1	71	
71	70	66d972fd34ed9f41	4			yes					-1	-1	-1	-1	
72	65	e8fefb89737f5d64	5			yes					-1	-1	-1	-1	73	
73	72	3d82d06154a09c38	4			yes					-1	-1	-1	-1	
74	65	41f1160d948a5813	5			yes					-1	-1	-1	-1	-1	
75	52	9f624e6a3bb1ec85	3			yes					76	78	-1	
76	75	96c0a84094e78696	5			yes					-1	-1	77	-1	-1	
77	76	eab36e2c54cd42bd	4			yes					-1	-1	-1	-1	
78	75	45d774bab90ef9ef	5			yes					79	80	-1	-1	-1	
79	78	5efc6fc05f7d8aee	4			yes					-1	-1	-1	-1	
80	78	1b232f2a4bc43c7a	4			yes					-1	-1	-1	-1	
81	1	408b780bfd41be4f	4			yes					82	87	96	98	
82	81	46c79802f9657cc7	5			yes					-1	83	84	85	86	
83	82	ee647ed79249dbd5	4			yes					-1	-1	-1	-1	
84	82	19619892775ce77b	4			yes					-1	-1	-1	-1	
85	82	555535d5bb42ac80	4			yes					-1	-1	-1	-1	
86	82	bf079044107837fc	4			yes					-1	-1	-1	-1	
87	81	6a4af0b2899ba3f1	3			yes					88	89	90	
88	87	9ab1da324ec5a023	4			yes					-1	-1	-1	-1	
89	87	dd03bec4ded03976	4			yes					-1	-1	-1	-1	
90	87	8b31211acc459296	5			yes					91	92	93	94	95	
91	90	901a3a602a36e197	4			yes					-1	-1	-1	-1	
92	90	d5c57a8a3e8f5703	4			yes					-1	-1	-1	-1	
93	90	4280ef77e5615afa	4			yes					-1	-1	-1	-1	
94	90	56e37ad4f04244cd	4			yes					-1	-1	-1	-1	
95	90	51bcd549019aa8a3	4			yes					-1	-1	-1	-1	
96	81	8a626a80dec7c0df	3			yes					-1	-1	97	
97	96	f73eda33a30d330f	5			yes					-1	-1	-1	-1	-1	
98	81	a73a16acc8d76fd4	3			yes					99	-1	-1	
99	98	c941055fc1b19959	5			yes					-1	-1	-1	-1	-1	
100	1	55f73f7b86a24d73	4			yes					101	104	111	113	
101	100	12e5b3e519294189	3			yes					102	103	-1	
102	101	7dd93eb327ea3f67	5			yes					-1	-1	-1	-1	-1	
103	101	cc98a17db3ce1e99	5			yes					-1	-1	-1	-1	-1	
104	100	7f36b7c2f27850cd	3			yes					-1	105	110	
105	104	88e87cb4c466109f	5			yes					106	107	-1	108	109	
106	105	93c367ce2215639e	4			yes					-1	-1	-1	-1	
107	105	d61c272436acd50a	4			yes					-1	-1	-1	-1	
108	105	ce4c648f836d25ab	4			yes					-1	-1	-1	-1	
109	105	41d998e57a0080d3	4			yes					-1	-1	-1	-1	
110	104	59e6caaf40afab74	5			yes					-1	-1	-1	-1	-1	
111	100	566c61aef2f2a18a	3			yes					-1	-1	112	
112	111	1051e9103d27b1f3	5			yes					-1	-1	-1	-1	-1	
113	100	6e485af29f01fdbd	3			yes					-1	-1	-1	
114	1	3e445db4165fbf3b	5			yes					115	125	138	150	151	
115	114	7956d12a89d4b3c1	4			yes					116	118	120	122	
116	115	14c69f4f8ef0b0c2	5			yes					-1	-1	-1	-1	117	
117	116	5c334194f70d10bf	4			yes					-1	-1	-1	-1	
118	115	d46d95e29b277c26	5			yes					-1	-1	-1	-1	119	
119	118	9c984b39e2dadc5b	4			yes					-1	-1	-1	-1	
120	115	498be2c7717d7706	5			yes					-1	-1	-1	-1	121	
121	120	017e3c1c0880d77b	4			yes					-1	-1	-1	-1	
122	115	d65af097cb5d05d9	3			yes					123	124	-1	
123	122	9e9ceb25b1a6249f	4			yes					-1	-1	-1	-1	
124	122	3e1dfa30d00c4878	4			yes					-1	-1	-1	-1	
125	114	1485d50d6285a285	4			yes					-1	126	131	135	
126	125	719582ab622c51d3	5			yes					127	128	-1	129	130	
127	126	6abe99d1845f22d2	4			yes					-1	-1	-1	-1	
128	126	2f61d93b90e69446	4			yes					-1	-1	-1	-1	
129	126	7da0679956366f93	4			yes					-1	-1	-1	-1	
130	126	0b4865ec09118ba7	4			yes					-1	-1	-1	-1	
131	125	0388573edc3b63b1	5			yes					132	133	-1	-1	134	
132	131	18a34c443a4810b0	4			yes					-1	-1	-1	-1	
133	131	5d7c0cae2ef1a624	4			yes					-1	-1	-1	-1	
134	131	7955b079b706b9c5	4			yes					-1	-1	-1	-1	
135	125	bb89f4b0200c149d	3			yes					-1	136	137	
136	135	7d0ef0f7d8d82502	5			yes					-1	-1	-1	-1	-1	
137	135	0f13256266cf1760	5			yes					-1	-1	-1	-1	-1	
138	114	3ddf0361620f53c2	4			yes					-1	-1	139	149	
139	138	8cab80adde33474f	6			yes					140	142	144	-1	146	148	
140	139	97809bd73840344e	5			yes					-1	-1	-1	-1	141	
141	140	df75450c41bd9433	4			yes					-1	-1	-1	-1	
142	139	d25fdb3d2cf982da	5			yes					-1	-1	-1	-1	143	
143	142	9aaa05e6550422a7	4			yes					-1	-1	-1	-1	
144	139	4ef9903a9b9b0990	5			yes					-1	-1	-1	-1	145	
145	144	060c4ee1e266a9ed	4			yes					-1	-1	-1	-1	
146	139	c082b001a718e957	5			yes					-1	-1	-1	-1	147	
147	146	88776edadee5492a	4			yes					-1	-1	-1	-1	
148	139	c45e5e76a7cee732	5			yes					-1	-1	-1	-1	-1	
149	138	92d322dc2086e5da	3			yes					-1	-1	-1	
150	114	c1447b4fdd884ba5	4			yes					-1	-1	-1	-1	
151	114	91487c0954d60923	4			yes					-1	-1	-1	-1	
152	0	caff468d2e262db1	5			yes					-1	153	183	196	206	
153	152	1f16321e657444a0	5			yes					154	166	169	178	182	
154	153	e692a937655157bc	4			yes					155	156	161	163	
155	154	b6dd2d948683f482	4			yes					-1	-1	-1	-1	
156	154	f5a951fb3bd4e7ce	5			yes					157	158	159	-1	160	
157	156	4cd532cbe91e1d7c	4			yes					-1	-1	-1	-1	
158	156	69b5da4c2be8c10b	4			yes					-1	-1	-1	-1	
159	156	d09505f31ff1a90c	4			yes					-1	-1	-1	-1	
160	156	0c6959bdd2c9acf5	4			yes					-1	-1	-1	-1	
161	154	e9de7d9af88c98f7	4			yes					-1	162	-1	-1	
162	161	75c2f62de8b0be32	3			yes					-1	-1	-1	
163	154	74d0cd682c10f9a9	5			yes					-1	164	165	-1	-1	
164	163	e8cc46df3c2cdf6c	4			yes					-1	-1	-1	-1	
165	163	24181e96cf9772b1	4			yes					-1	-1	-1	-1	
166	153	e2ae8da08a34dae0	4			yes					-1	167	-1	168	
167	166	0bfbd113babaa968	4			yes					-1	-1	-1	-1	
168	166	051fe307bfa20b7b	3			yes					-1	-1	-1	
169	153	1c8d6ccb1124a859	4			yes					-1	-1	170	174	
170	169	05515da47accfc23	5			yes					171	172	173	-1	-1	
171	170	7033a9f4a16a632f	4			yes					-1	-1	-1	-1	
172	170	6b73df0ab01c6520	4			yes					-1	-1	-1	-1	
173	170	22793954daab3b71	4			yes					-1	-1	-1	-1	
174	169	f146d53dbd7bf522	5			yes					175	176	177	-1	-1	
175	174	8424216d66dd6a2e	4			yes					-1	-1	-1	-1	
176	174	9f64579377ab6c21	4			yes					-1	-1	-1	-1	
177	174	d66eb1cd1d1c3270	4			yes					-1	-1	-1	-1	
178	153	e01614e5aea3b03e	4			yes					-1	-1	-1	179	
179	178	ca120bf1b69a29d4	6			yes					-1	-1	-1	-1	-1	181	
180	179	bf70ffa16d3cb6d8	5			no					-1	-1	-2	-1	-2	
181	179	1f6e20199145e888	5			yes					-1	-1	-1	-1	-1	
182	153	f8a75cb950e2953b	4			yes					-1	-1	-1	-1	
183	152	9529b67432bca6d5	4			yes					184	189	192	194	
184	183	6cad2d5d3299b5c9	3			yes					185	186	187	
185	184	53fb31d8c5dba821	4			yes					-1	-1	-1	-1	
186	184	9a6197bd1fb87adb	4			yes					-1	-1	-1	-1	
187	184	76f20a6049f58b55	5			yes					-1	-1	-1	-1	188	
188	187	00b49f7b983c25f0	4			yes					-1	-1	-1	-1	
189	183	85a735924059fc6e	5			yes					190	-1	-1	-1	191	
190	189	f0c5c1c29bff6362	4			yes					-1	-1	-1	-1	
191	189	7c673dd4a944b755	4			yes					-1	-1	-1	-1	
192	183	5fc0a4ff113ad845	3			yes					-1	-1	193	
193	192	a9a1ec27a6c28394	5			yes					-1	-1	-1	-1	-1	
194	183	7298d8d3072a774e	3			yes					-1	195	-1	
195	194	0a21a8cf788d19f0	5			yes					-1	-1	-1	-1	-1	
196	152	8055f104495f55e9	4			yes					197	202	204	205	
197	196	79d16a2d497a46f5	3			yes					198	199	-1	
198	197	462afe5f1f48e98c	5			yes					-1	-1	-1	-1	-1	
199	197	7e878c809c220c50	5			yes					-1	-1	-1	200	201	
200	199	e7b247b18d0e2f37	4			yes					-1	-1	-1	-1	
201	199	874784c6753f476b	4			yes					-1	-1	-1	-1	
202	196	c1a0a0756dd64f2b	3			yes					-1	203	-1	
203	202	e2a81578296e2edd	5			yes					-1	-1	-1	-1	-1	
204	196	83ceafd13d0fb910	3			yes					-1	-1	-1	
205	196	bbea948d50fce527	3			yes					-1	-1	-1	
206	152	ebe693cbd9a2a7a1	5			yes					207	218	221	226	227	
207	206	126208e2d987b4bd	4			yes					208	210	212	214	
208	207	1cf7308e2ae8e3fa	5			yes					-1	-1	-1	-1	209	
209	208	5402ee5553154387	4			yes					-1	-1	-1	-1	
210	207	d4db467deba13400	5			yes					-1	-1	-1	-1	211	
211	210	9c2e98a6925c947d	4			yes					-1	-1	-1	-1	
212	207	f1f90180f366c159	5			yes					-1	-1	-1	-1	213	
213	212	b90cdf5b8a9b6124	4			yes					-1	-1	-1	-1	
214	207	bd6e295f9b0e02a5	3			yes					-1	215	217	
215	214	ea1bdd7f16362721	5			yes					-1	-1	-1	-1	216	
216	215	3f67f69731e9e67d	4			yes					-1	-1	-1	-1	
217	214	bd3bc7bb59f622d1	5			yes					-1	-1	-1	-1	-1	
218	206	aa13c2bafd2bbd63	4			yes					-1	219	-1	-1	
219	218	20b9b936391bc3e7	5			yes					-1	-1	-1	-1	220	
220	219	684c67ed40e6639a	4			yes					-1	-1	-1	-1	
221	206	e87dcd1eadf24b58	4			yes					-1	-1	222	224	
222	221	d234b6b9dbfcf7d4	6			yes					-1	-1	-1	-1	-1	223	
223	222	9ac16862a20157a9	5			yes					-1	-1	-1	-1	-1	
224	221	4771eca3ef7bfd40	3			yes					-1	-1	225	
225	224	4ecedf0438e80168	5			yes					-1	-1	-1	-1	-1	
226	206	14e6b5301275533f	4			yes					-1	-1	-1	-1	
227	206	44eab2769b2b11b9	4			yes					-1	-1	-1	-1	
228	0	7c1d133998843d48	5			yes					-1	-1	229	255	263	
229	228	fc654e30ec0ada33	5			yes					230	240	248	250	254	
230	229	05e1d519ec2fc92f	4			yes					231	235	236	237	
231	230	a47f0995f5b2da37	5			yes					-1	232	233	-1	234	
232	231	b88a87a0d506e5d5	4			yes					-1	-1	-1	-1	
233	231	fbd909057b8b418b	4			yes					-1	-1	-1	-1	
234	231	5dbf01d31caf910c	4			yes					-1	-1	-1	-1	
235	230	a6fefcebe26a1d42	4			yes					-1	-1	-1	-1	
236	230	86c9c857e6176a97	5			yes					-1	-1	-1	-1	-1	
237	230	0497dec9c5212813	5			yes					-1	238	239	-1	-1	
238	237	57b573f265a76359	4			yes					-1	-1	-1	-1	
239	237	f68ad9c6b18d1969	4			yes					-1	-1	-1	-1	
240	229	886a2be3892fbcd8	4			yes					-1	241	242	245	
241	240	189730bf91d066ec	4			yes					-1	-1	-1	-1	
242	240	504584387bab81b2	5			yes					243	-1	244	-1	-1	
243	242	25277068a00d1ebe	4			yes					-1	-1	-1	-1	
244	242	a25883370f07b0c8	4			yes					-1	-1	-1	-1	
245	240	d21b92a6589dc336	5			yes					246	-1	247	-1	-1	
246	245	a77966f6833b5c3a	4			yes					-1	-1	-1	-1	
247	245	200695a92c31f24c	4			yes					-1	-1	-1	-1	
248	229	953ab6a69b4150f2	4			yes					-1	-1	-1	249	
249	248	728bd801aed78169	3			yes					-1	-1	-1	
250	229	036568cb27dd2ead	4			yes					-1	-1	-1	251	
251	250	d9111433c0932ad5	6			yes					252	-1	-1	-1	-1	253	
252	251	ac73e0631b35b5d9	5			yes					-1	-1	-1	-1	-1	
253	251	0c6d3fdbe74ceb89	5			yes					-1	-1	-1	-1	-1	
254	229	1bd42097d99c0ba8	4			yes					-1	-1	-1	-1	
255	228	91447f7c134ed1d8	4			yes					256	259	261	262	
256	255	68c0e455136bc2c4	3			yes					257	258	-1	
257	256	4016f34753926745	5			yes					-1	-1	-1	-1	-1	
258	256	34f555eaa1ee3b0d	5			yes					-1	-1	-1	-1	-1	
259	255	e54b1aaf766bb733	3			yes					-1	260	-1	
260	259	746f859e9cc245b2	5			yes					-1	-1	-1	-1	-1	
261	255	b6349b737ca3c539	3			yes					-1	-1	-1	
262	255	aafb1af50aed6116	3			yes					-1	-1	-1	
263	228	faf71db383b32390	5			yes					264	276	283	284	285	
264	263	0373869a8396308c	4			yes					265	269	271	273	
265	264	04b72068398114ef	5			yes					-1	266	267	-1	268	
266	265	1842ae5d19352b0d	4			yes					-1	-1	-1	-1	
267	265	78c4e604f9abd0c4	4			yes					-1	-1	-1	-1	
268	265	7e6ac72f52bcce9b	4			yes					-1	-1	-1	-1	
269	264	1c2556aa3c259d57	5			yes					-1	-1	-1	-1	270	
270	269	54d0887145d83d2a	4			yes					-1	-1	-1	-1	
271	264	e6e2b7e9a97150e5	5			yes					-1	-1	-1	-1	272	
272	271	ae176932d08cf098	4			yes					-1	-1	-1	-1	
273	264	ac7fa727c11f8694	3			yes					274	-1	275	
274	273	082c52348375603e	5			yes					-1	-1	-1	-1	-1	
275	273	43bdda7ced37f591	5			yes					-1	-1	-1	-1	-1	
276	263	8ef87860e696457b	4			yes					-1	277	279	281	
277	276	44478ca5f4e29e1d	5			yes					-1	-1	-1	-1	278	
278	277	0cb2527e8d1f3e60	4			yes					-1	-1	-1	-1	
279	276	306efb8634cdbbc0	5			yes					-1	-1	-1	-1	280	
280	279	789b255d4d301bbd	4			yes					-1	-1	-1	-1	
281	276	21f459dda41ff363	3			yes					-1	-1	282	
282	281	95319613708b1eb4	5			yes					-1	-1	-1	-1	-1	
283	263	dd87f9bcec5e3771	4			yes					-1	-1	-1	-1	
284	263	05f73b484864d70e	4			yes					-1	-1	-1	-1	
285	263	55fb3c0ec13a9588	4			yes					-1	-1	-1	-1	
286	0	04445341b3f3ab98	5			yes					-1	-1	-1	287	302	
287	286	2f7049f1c12f27e0	5			yes					288	294	297	299	300	
288	287	d6f4d2d8c10a34fc	4			yes					289	290	-1	293	
289	288	06c3d0dd7716339a	5			yes					-1	-1	-1	-1	-1	
290	288	bab45310dfcf39c5	5			yes					-1	-1	-1	291	292	
291	290	23819821cee31aa2	4			yes					-1	-1	-1	-1	
292	290	43745b5636d272fe	4			yes					-1	-1	-1	-1	
293	288	45526a4fced36ca9	5			yes					-1	-1	-1	-1	-1	
294	287	5b7f2c22a40a410b	4			yes					-1	295	-1	296	
295	294	3901e624cdcee49f	5			yes					-1	-1	-1	-1	-1	
296	294	13b8810b0576b03a	6			yes					-1	-1	-1	-1	-1	-1	
297	287	05b1c148b5f53a5e	4			yes					-1	-1	-1	298	
298	297	73d9b5685c50aeb9	6			yes					-1	-1	-1	-1	-1	-1	
299	287	dda0f6881fecb383	4			yes					-1	-1	-1	-1	
300	287	559ac93acf19fc2a	4			yes					-1	-1	-1	301	
301	300	a74a764311da6849	3			yes					-1	-1	-1	
302	286	c2af457570d5a0c1	5			yes					303	313	320	322	323	
303	302	3b2bde5c70f0b3dd	4			yes					304	308	-1	310	
304	303	426203f21d054030	5			yes					-1	305	306	-1	307	
305	304	3b9768a15726749a	4			yes					-1	-1	-1	-1	
306	304	1dc40362933cdb8c	4			yes					-1	-1	-1	-1	
307	304	38bfe4b576389a44	4			yes					-1	-1	-1	-1	
308	303	6a76a875cc996829	5			yes					-1	-1	-1	-1	309	
309	308	228376aeb564c854	4			yes					-1	-1	-1	-1	
310	303	9427ffe1327905c5	3			yes					311	312	-1	
311	310	4ef971aea7f134e1	5			yes					-1	-1	-1	-1	-1	
312	310	c63f651ebb80f97a	4			yes					-1	-1	-1	-1	
313	302	b6a020a615f0c62a	4			yes					-1	314	-1	318	
314	313	7da0350ba7dd9735	5			yes					315	-1	316	-1	317	
315	314	08c2c15b7c7b0839	4			yes					-1	-1	-1	-1	
316	314	807a37f87b41efdf	4			yes					-1	-1	-1	-1	
317	314	077dd24ccce04d41	4			yes					-1	-1	-1	-1	
318	313	19ac011b57797032	3			yes					-1	319	-1	
319	318	713b47571d29e3e4	5			yes					-1	-1	-1	-1	-1	
320	302	e86ecdcc040fbd7f	4			yes					-1	-1	-1	321	
321	320	4762ec7146860b67	3			yes					-1	-1	-1	
322	302	084657fe5353de51	4			yes					-1	-1	-1	-1	
323	302	6da364c8325c16d9	4			yes					-1	-1	-1	-1	
324	0	389f972aebd2917d	5			yes					-1	-1	-1	-1	325	
325	324	6b0f5c13239116d4	6			yes					326	337	346	353	356	358	
326	325	928bc73a23b405c8	5			yes					327	329	330	331	333	
327	326	580f19fdf2036d38	6			yes					-1	-1	-1	-1	-1	328	
328	327	10fac7268bfecd45	5			yes					-1	-1	-1	-1	-1	
329	326	8b58f83a9e85e139	5			yes					-1	-1	-1	-1	-1	
330	326	3b67360ef17a1638	5			yes					-1	-1	-1	-1	-1	
331	326	3f352bc16b69b170	4			yes					-1	-1	-1	332	
332	331	5d55b3bf65af97ac	3			yes					-1	-1	-1	
333	326	f0eb5f442d722314	4			yes					334	335	336	-1	
334	333	bd309d7f410825ff	6			yes					-1	-1	-1	-1	-1	-1	
335	333	1e0f32699b899bbc	5			yes					-1	-1	-1	-1	-1	
336	333	ae30fc5df4766cbd	5			yes					-1	-1	-1	-1	-1	
337	325	1f0039c046b4703f	5			yes					-1	338	340	341	343	
338	337	330d3a35058092f8	6			yes					-1	-1	-1	-1	-1	339	
339	338	7bf8e4ee7c7d3285	5			yes					-1	-1	-1	-1	-1	
340	337	78cdd6fd90cb7df3	5			yes					-1	-1	-1	-1	-1	
341	337	b2bed53b0e69c487	4			yes					-1	-1	-1	342	
342	341	d0de4d4500afe25b	3			yes					-1	-1	-1	
343	337	7d60a1be487256e3	4			yes					-1	344	345	-1	
344	343	d632beb7b68bda3f	6			yes					-1	-1	-1	-1	-1	-1	
345	343	ed9a1cae95c70776	5			yes					-1	-1	-1	-1	-1	
346	325	41ced4aa574b0b6a	5			yes					-1	-1	347	349	351	
347	346	9bb89c4232b5fda7	6			yes					-1	-1	-1	-1	-1	348	
348	347	d34d42994b485dda	5			yes					-1	-1	-1	-1	-1	
349	346	ec7038511f96bfd2	4			yes					-1	-1	-1	350	
350	349	8e10a02f1150990e	3			yes					-1	-1	-1	
351	346	23ae4cd4598d2db6	4			yes					-1	-1	352	-1	
352	351	7e8718c081beb560	6			yes					-1	-1	-1	-1	-1	-1	
353	325	689402c657c1fa2d	5			yes					-1	-1	-1	354	355	
354	353	c52aee3d1f1c4e95	4			yes					-1	-1	-1	-1	
355	353	0af49ab85907dcf1	4			yes					-1	-1	-1	-1	
356	325	c6b1b0e86b4ca26c	5			yes					-1	-1	-1	-1	357	
357	356	a4d12896658a84b0	4			yes					-1	-1	-1	-1	
358	325	096fc46d2d573008	5			yes					-1	-1	-1	-1	-1	
359	0	72ad31edb1304c60	5			yes					-1	-1	-1	-1	-1	
