Number of nodes
305
ID	PID	Hash_Value			File_Number	Fully_Enumerated	Children
0	-1	d2f6e25f2aa8765a	6			yes					1	92	173	232	275	304	
1	0	883ab8f6158b3429	5			yes					2	40	49	64	73	
2	1	78ddf9d921337d48	5			yes					3	12	25	36	39	
3	2	b80965fd7bad102c	4			yes					4	5	6	7	
4	3	f9f352efbbe5ff43	4			yes					-1	-1	-1	-1	
5	3	0da8028fa31366c8	4			yes					-1	-1	-1	-1	
6	3	85ad72c0f547bb74	4			yes					-1	-1	-1	-1	
7	3	889d159fc41af303	3			yes					8	10	-1	
8	7	a6bea9461ebcd359	5			yes					-1	-1	-1	-1	9	
9	8	e88de1b3dbfa0634	4			yes					-1	-1	-1	-1	
10	7	c77e4653dee4d56f	5			yes					-1	-1	-1	-1	11	
11	10	894d0ea61ba20002	4			yes					-1	-1	-1	-1	
12	2	f6ab663a92d3429d	4			yes					-1	13	17	21	
13	12	450bab038eae3751	5			yes					14	15	-1	-1	16	
14	13	db0730c8addbd07f	4			yes					-1	-1	-1	-1	
15	13	8c133068de421053	4			yes					-1	-1	-1	-1	
16	13	2d0d26f59bf9d18a	4			yes					-1	-1	-1	-1	
17	12	055ff8bd0a7fb7cd	5			yes					18	19	-1	-1	20	
18	17	9b536376290a50e3	4			yes					-1	-1	-1	-1	
19	17	cc4763d65a9390cf	4			yes					-1	-1	-1	-1	
20	17	dfb2831ad87e4e88	4			yes					-1	-1	-1	-1	
21	12	3aca5e1646170511	5			yes					22	23	-1	-1	24	
22	21	a4c6c5dd6562e23f	4			yes					-1	-1	-1	-1	
23	21	f3d2c57d16fb2213	4			yes					-1	-1	-1	-1	
24	21	98fa75397685e457	4			yes					-1	-1	-1	-1	
25	2	dd0f274cb6541b88	4			yes					-1	-1	26	31	
26	25	0bfb939fec7c3b2b	5			yes					27	28	29	-1	30	
27	26	95f70854cf09dc05	4			yes					-1	-1	-1	-1	
28	26	c2e308f4bc901c29	4			yes					-1	-1	-1	-1	
29	26	3ba27b56a834794b	4			yes					-1	-1	-1	-1	
30	26	d116e8383e7dc26e	4			yes					-1	-1	-1	-1	
31	25	ed9b572e09e3f8a7	3			yes					-1	32	35	
32	31	c15f30e0f6bbc06c	5			yes					33	34	-1	-1	-1	
33	32	5f53ab2bd5ce2742	4			yes					-1	-1	-1	-1	
34	32	0847ab8ba657e76e	4			yes					-1	-1	-1	-1	
35	31	a843c69caa059d0d	5			yes					-1	-1	-1	-1	-1	
36	2	dbe4ad30c1aed75e	4			yes					-1	-1	-1	37	
37	36	eb70dd527e193471	3			yes					-1	38	-1	
38	37	a6e7adbe4c0611eb	5			yes					-1	-1	-1	-1	-1	
39	2	484989bb9e849e67	4			yes					-1	-1	-1	-1	
40	1	b9bf3eeb613eb188	4			yes					41	44	46	48	
41	40	9b3ffc5b396d3623	3			yes					-1	42	43	
42	41	4809b9f974aae91f	4			yes					-1	-1	-1	-1	
43	41	18c5b342c39232aa	5			yes					-1	-1	-1	-1	-1	
44	40	be6fe2cce6abecf4	3			yes					-1	-1	45	
45	44	66473ce78fa564a2	5			yes					-1	-1	-1	-1	-1	
46	40	15c46ef5607139f8	3			yes					-1	-1	47	
47	46	25501e97dfc6dad7	2			yes					-1	-1	
48	40	892b4e89de8952a7	3			yes					-1	-1	-1	
49	1	9d5ea4aa6efa3433	4			yes					50	53	61	63	
50	49	bfde661a36a9b398	3			yes					51	-1	52	
51	50	cb93a8d8285eb15b	4			yes					-1	-1	-1	-1	
52	50	013214645d11b6a8	5			yes					-1	-1	-1	-1	-1	
53	49	1f68b735496cbc33	3			yes					-1	54	55	
54	53	ac87e38dbcb93500	4			yes					-1	-1	-1	-1	
55	53	8bb833525746da76	6			yes					56	58	-1	-1	-1	60	
56	55	15b4a89974333d58	5			yes					-1	-1	-1	-1	57	
57	56	5b87e06cb175e835	4			yes					-1	-1	-1	-1	
58	55	05bdaabb23f17f35	5			yes					-1	-1	-1	-1	59	
59	58	4b8ee24ee6b7aa58	4			yes					-1	-1	-1	-1	
60	55	c58b7ba792000f1b	5			yes					-1	-1	-1	-1	-1	
61	49	9022a14dc072ec84	3			yes					-1	-1	62	
62	61	01081053452184d5	5			yes					-1	-1	-1	-1	-1	
63	49	adcad4c8d14dd71c	3			yes					-1	-1	-1	
64	1	a8fbd29b494d3f66	4			yes					65	68	70	72	
65	64	8a7b102b111eb8cd	3			yes					66	67	-1	
66	65	a20028448b08cc57	5			yes					-1	-1	-1	-1	-1	
67	65	cd9112e5041ee6aa	5			yes					-1	-1	-1	-1	-1	
68	64	2acdc1046edbb766	3			yes					-1	69	-1	
69	68	39e7a59274621171	5			yes					-1	-1	-1	-1	-1	
70	64	0d290c0ede2a59a6	3			yes					-1	-1	71	
71	70	a33a5931a6f98ecc	5			yes					-1	-1	-1	-1	-1	
72	64	05640fbae8a2696b	3			yes					-1	-1	-1	
73	1	250d22dc94666c4d	5			yes					74	81	87	90	91	
74	73	078de06ccc35ebe6	4			yes					75	76	77	78	
75	74	af157e7b2a60e3f2	4			yes					-1	-1	-1	-1	
76	74	cd894ad7eb643f8f	4			yes					-1	-1	-1	-1	
77	74	9d8b9c7c1cfe1588	4			yes					-1	-1	-1	-1	
78	74	84dd99e3506c44d6	3			yes					-1	79	-1	
79	78	ed9627864dad0734	5			yes					-1	-1	-1	-1	80	
80	79	a3a56f7388ebd259	4			yes					-1	-1	-1	-1	
81	73	a73b3143b3f0e44d	4			yes					-1	82	83	84	
82	81	0ccec998e19b4340	5			yes					-1	-1	-1	-1	-1	
83	81	5c6300b7d311c34e	5			yes					-1	-1	-1	-1	-1	
84	81	246b48cc2fa94b7d	3			yes					-1	85	86	
85	84	7f11c967168ae01a	5			yes					-1	-1	-1	-1	-1	
86	84	08f97d0a186fe8cf	5			yes					-1	-1	-1	-1	-1	
87	73	80dffc4903010a8d	4			yes					-1	-1	88	89	
88	87	f7a0248c6d87a54d	5			yes					-1	-1	-1	-1	-1	
89	87	038f85c69f58a5bd	3			yes					-1	-1	-1	
90	73	8634763574fbc65b	4			yes					-1	-1	-1	-1	
91	73	a65d5b53083fc37d	4			yes					-1	-1	-1	-1	
92	0	bc06f5a29da3aabf	5			yes					-1	93	131	143	152	
93	92	ebb17b3385684f4f	5			yes					94	107	116	126	130	
94	93	f289be86a4e800c2	4			yes					95	96	100	103	
95	94	006bef8e159af3f3	5			yes					-1	-1	-1	-1	-1	
96	94	af9c6c40ace68f09	5			yes					-1	97	-1	98	99	
97	96	d79f8e533a310d75	4			yes					-1	-1	-1	-1	
98	96	a201c5c56850d7b7	4			yes					-1	-1	-1	-1	
99	96	f03951e8dcadae50	4			yes					-1	-1	-1	-1	
100	94	b0e493dff1ef30a7	5			yes					-1	101	-1	-1	102	
101	100	c8e771cc6738b2db	4			yes					-1	-1	-1	-1	
102	100	6a09e87823eec9e2	4			yes					-1	-1	-1	-1	
103	94	815c15a170e4ce44	5			yes					-1	104	105	-1	106	
104	103	f95ff7b2e6334c38	4			yes					-1	-1	-1	-1	
105	103	0a8cb66567e3056c	4			yes					-1	-1	-1	-1	
106	103	244aeade22d4b597	4			yes					-1	-1	-1	-1	
107	93	e0e26b1cfc4e3762	4			yes					-1	108	109	110	
108	107	a347c0a6cfa4e07f	4			yes					-1	-1	-1	-1	
109	107	a9bcb1bbc0dee4cf	4			yes					-1	-1	-1	-1	
110	107	d0761b7e43f9d44d	3			yes					111	112	114	
111	110	54ca33693a06a3bd	5			yes					-1	-1	-1	-1	-1	
112	110	e56888020fe794a5	5			yes					-1	-1	-1	-1	113	
113	112	ab5bc0f7caa141c8	4			yes					-1	-1	-1	-1	
114	110	98baf576095ed801	5			yes					-1	-1	-1	-1	115	
115	114	d689bd83cc180d6c	4			yes					-1	-1	-1	-1	
116	93	81c6f111078c7e99	4			yes					-1	-1	117	118	
117	116	d0ec65c67fe5418a	5			yes					-1	-1	-1	-1	-1	
118	116	ede3c3d4e47f3f19	6			yes					119	121	123	-1	-1	125	
119	118	a090e0ae9d43473b	5			yes					-1	-1	-1	-1	120	
120	119	eea3a85b58059256	4			yes					-1	-1	-1	-1	
121	118	24fb58bfb493181b	5			yes					-1	-1	-1	-1	122	
122	121	6ac8104a71d5cd76	4			yes					-1	-1	-1	-1	
123	118	2813d19dbd3fc152	5			yes					-1	-1	-1	-1	124	
124	123	662099687879143f	4			yes					-1	-1	-1	-1	
125	118	a3d08b212139ea74	5			yes					-1	-1	-1	-1	-1	
126	93	48882fda65f5e559	4			yes					-1	-1	-1	127	
127	126	781c5fb8da420676	3			yes					128	-1	129	
128	127	135cc6dcb7969681	5			yes					-1	-1	-1	-1	-1	
129	127	735430c5399ce7ac	5			yes					-1	-1	-1	-1	-1	
130	93	db250b513adfac60	4			yes					-1	-1	-1	-1	
131	92	f45351c3d588c269	4			yes					132	138	140	142	
132	131	ed6b9476f4088de4	3			yes					133	134	135	
133	132	b1f0ba64d57d53f3	4			yes					-1	-1	-1	-1	
134	132	19c9ea18c4cb07e5	4			yes					-1	-1	-1	-1	
135	132	ddffe4144bbf6ecb	2			yes					136	-1	
136	135	74642729cac9bc8c	5			yes					-1	-1	-1	-1	137	
137	136	3a576fdc0f8f69e1	4			yes					-1	-1	-1	-1	
138	131	0c9a8b6a809ef0e5	3			yes					-1	-1	139	
139	138	09d9c6f24ead0b83	5			yes					-1	-1	-1	-1	-1	
140	131	d1656f7ecb219e2e	3			yes					-1	-1	141	
141	140	8305ac19ccdbd69f	5			yes					-1	-1	-1	-1	-1	
142	131	c4c721a16a3f2146	3			yes					-1	-1	-1	
143	92	ced5958b08672cd4	4			yes					144	148	150	151	
144	143	d7ed503e29e76359	3			yes					145	146	147	
145	144	0889db3e99bf2aa2	5			yes					-1	-1	-1	-1	-1	
146	144	c3a5c1df4b3b99d7	5			yes					-1	-1	-1	-1	-1	
147	144	1348c6d508cc292c	5			yes					-1	-1	-1	-1	-1	
148	143	361c4f225d711e58	3			yes					-1	149	-1	
149	148	8bfbdc16b3e8f7b7	5			yes					-1	-1	-1	-1	-1	
150	143	4c6ec23dd5792b0c	3			yes					-1	-1	-1	
151	143	634a48aaa9887ad9	3			yes					-1	-1	-1	
152	92	432365ccd54c7fff	5			yes					153	162	167	171	172	
153	152	5a1ba079f4cc3072	4			yes					154	155	156	158	
154	153	391660fe3fa699cf	4			yes					-1	-1	-1	-1	
155	153	d8773cbcaea12e23	5			yes					-1	-1	-1	-1	-1	
156	153	70f3d8b2baa991ef	5			yes					-1	-1	-1	-1	157	
157	156	a8abe48eaa6d244d	4			yes					-1	-1	-1	-1	
158	153	d94bd9f668959f42	3			yes					159	161	-1	
159	158	aaacacbf8cd27b59	5			yes					-1	-1	-1	-1	160	
160	159	e49fe44a4994ae34	4			yes					-1	-1	-1	-1	
161	158	659f314407fcb9c0	5			yes					-1	-1	-1	-1	-1	
162	152	bbeabf65805a4d73	4			yes					-1	163	164	165	
163	162	230e2c0634b1661f	5			yes					-1	-1	-1	-1	-1	
164	162	1c459b3265b12caf	4			yes					-1	-1	-1	-1	
165	162	38bac6ea1c03e243	3			yes					-1	166	-1	
166	165	06e75692bb076908	5			yes					-1	-1	-1	-1	-1	
167	152	c198327a08527827	4			yes					-1	-1	168	169	
168	167	57ebc46f1a207502	5			yes					-1	-1	-1	-1	-1	
169	167	42c84bf5940bd717	3			yes					-1	-1	170	
170	169	0371b9d2d15e5e83	5			yes					-1	-1	-1	-1	-1	
171	152	e01a312535d1d5e9	4			yes					-1	-1	-1	-1	
172	152	c0731c434915d0cf	4			yes					-1	-1	-1	-1	
173	0	10cdd26d46378e77	5			yes					-1	-1	174	202	211	
174	173	d6036cd61e4b01c3	5			yes					175	188	197	199	201	
175	174	cf3ba9633fcb4e4e	4			yes					176	179	180	183	
176	175	883915ae4594cdc4	5			yes					-1	177	178	-1	-1	
177	176	5430e1bc341278a4	4			yes					-1	-1	-1	-1	
178	176	d1681cd6976bc650	4			yes					-1	-1	-1	-1	
179	175	1780a25c7bd6daf8	5			yes					-1	-1	-1	-1	-1	
180	175	92bcbba731420963	5			yes					-1	-1	181	182	-1	
181	180	d06c22a2728bb19a	4			yes					-1	-1	-1	-1	
182	180	c59157e3d8bd6958	4			yes					-1	-1	-1	-1	
183	175	ffafd901807cad61	3			yes					184	186	187	
184	183	dc98c9496a089d8a	5			yes					-1	-1	185	-1	-1	
185	184	85c9c031b8f7961e	4			yes					-1	-1	-1	-1	
186	183	10c86e470922d12f	5			yes					-1	-1	-1	-1	-1	
187	183	0d53d17afdcb2398	5			yes					-1	-1	-1	-1	-1	
188	174	020c492a02b3b7ac	4			yes					-1	189	190	194	
189	188	a7f39f578c7988ec	5			yes					-1	-1	-1	-1	-1	
190	188	6590f318062b41c4	5			yes					191	-1	192	193	-1	
191	190	28e3d0627f1739e6	4			yes					-1	-1	-1	-1	
192	190	27406a1d45e2f93d	4			yes					-1	-1	-1	-1	
193	190	32bd1f5cefd421ff	4			yes					-1	-1	-1	-1	
194	188	32983948bd045483	3			yes					-1	195	196	
195	194	a0bb534cfe8d833b	5			yes					-1	-1	-1	-1	-1	
196	194	fa7f99c5caa26b3f	5			yes					-1	-1	-1	-1	-1	
197	174	5e9ac4c26252b0db	4			yes					-1	-1	-1	198	
198	197	6e0eb4a0dde553f4	3			yes					-1	-1	-1	
199	174	753a383ffed6abd5	4			yes					-1	-1	-1	200	
200	199	45ae485d416148fa	3			yes					-1	-1	-1	
201	174	e6971cb4a1fce2ec	4			yes					-1	-1	-1	-1	
202	173	2342e3f4155f6462	4			yes					203	207	209	210	
203	202	3a7a264134df2bef	3			yes					204	206	-1	
204	203	3ee342f52e2ce54d	5			yes					-1	-1	-1	-1	205	
205	204	92faf47a06dbe518	4			yes					-1	-1	-1	-1	
206	203	720ccceb47e7ae9e	5			yes					-1	-1	-1	-1	-1	
207	202	f74dc60809a7d20d	3			yes					-1	208	-1	
208	207	31a9db7147a8e426	5			yes					-1	-1	-1	-1	-1	
209	202	462b2574be1e9206	3			yes					-1	-1	-1	
210	202	a85e26c996390f86	3			yes					-1	-1	-1	
211	173	0a449bd77bd7d6ad	5			yes					212	222	228	230	231	
212	211	137c5e625a579920	4			yes					213	216	217	218	
213	212	b1f0677dad63c6b9	5			yes					-1	214	215	-1	-1	
214	213	6df9936fdce573d9	4			yes					-1	-1	-1	-1	
215	213	8405fcb9d441ba72	4			yes					-1	-1	-1	-1	
216	212	5a3806c46db7ad09	5			yes					-1	-1	-1	-1	-1	
217	212	a05c862b46752d8f	5			yes					-1	-1	-1	-1	-1	
218	212	902c27edc60e3610	3			yes					219	220	221	
219	218	b03c5bf5c1d5ead5	5			yes					-1	-1	-1	-1	-1	
220	218	7fd17c50e201a21e	5			yes					-1	-1	-1	-1	-1	
221	218	40a627f83c64e23f	5			yes					-1	-1	-1	-1	-1	
222	211	de4bbe2b672f60c2	4			yes					-1	223	224	225	
223	222	f6f7d73c093c9431	5			yes					-1	-1	-1	-1	-1	
224	222	5770ce94711c6528	5			yes					-1	-1	-1	-1	-1	
225	222	5d1bc7a4fb76cff2	3			yes					-1	226	227	
226	225	d31eada8868a9b26	5			yes					-1	-1	-1	-1	-1	
227	225	b78a6f470b0daa98	5			yes					-1	-1	-1	-1	-1	
228	211	6f2d5d57d09620c9	4			yes					-1	-1	-1	229	
229	228	ec7d24d84ccf8ff9	3			yes					-1	-1	-1	
230	211	2b0e5f460a60a0b6	4			yes					-1	-1	-1	-1	
231	211	8914e258e78e799d	4			yes					-1	-1	-1	-1	
232	0	2a733be75f72723a	5			yes					-1	-1	-1	233	252	
233	232	b5f4fd03b36bf51e	5			yes					234	241	246	249	251	
234	233	accc38b692ebba93	4			yes					235	237	239	240	
235	234	81616abaebc503dd	5			yes					-1	-1	-1	-1	236	
236	235	2d78dc35c3320388	4			yes					-1	-1	-1	-1	
237	234	9ebd6abfafdc8dcf	5			yes					-1	-1	-1	-1	238	
238	237	32a4dc30872b8d9a	4			yes					-1	-1	-1	-1	
239	234	f08748555be77cbe	5			yes					-1	-1	-1	-1	-1	
240	234	56668bdc5cf91c16	5			yes					-1	-1	-1	-1	-1	
241	233	61fbd8ffaf934371	4			yes					-1	242	244	245	
242	241	01570e3d6628ad71	5			yes					-1	-1	-1	-1	243	
243	242	ad4eb8b24edfad24	4			yes					-1	-1	-1	-1	
244	241	ae10004b797c7dae	5			yes					-1	-1	-1	-1	-1	
245	241	15bc54553313fbc2	5			yes					-1	-1	-1	-1	-1	
246	233	3b8262e0008bcacb	4			yes					-1	-1	247	248	
247	246	f5369bb4ed5cd730	5			yes					-1	-1	-1	-1	-1	
248	246	252b2bd13b9e4821	5			yes					-1	-1	-1	-1	-1	
249	233	ea7fd77107022452	4			yes					-1	-1	-1	250	
250	249	43417faa8e98c637	3			yes					-1	-1	-1	
251	233	1cca55d83af1177b	4			yes					-1	-1	-1	-1	
252	232	cd6d03c2bc49b1b0	5			yes					253	263	270	273	274	
253	252	d455c6779dc9fe3d	4			yes					254	257	259	260	
254	253	0e724f32688a2029	5			yes					-1	255	256	-1	-1	
255	254	015d01d377380486	4			yes					-1	-1	-1	-1	
256	254	5723464aba752bbd	4			yes					-1	-1	-1	-1	
257	253	11ae4f372c93ae3b	5			yes					-1	258	-1	-1	-1	
258	257	0a5fa0f3486580ba	4			yes					-1	-1	-1	-1	
259	253	ed8adeaf975a1cda	4			yes					-1	-1	-1	-1	
260	253	5705bff80190510d	3			yes					261	262	-1	
261	260	0fbe73ba043c0c45	5			yes					-1	-1	-1	-1	-1	
262	260	106273bf40258257	5			yes					-1	-1	-1	-1	-1	
263	252	1962263ea0b107df	4			yes					-1	264	267	268	
264	263	8e442bb5e5678e85	5			yes					265	-1	266	-1	-1	
265	264	c33708cf9c5bf6a7	4			yes					-1	-1	-1	-1	
266	264	ba8051c7ef3f56ad	4			yes					-1	-1	-1	-1	
267	263	790b51d86402ca0e	4			yes					-1	-1	-1	-1	
268	263	9a325fb13ce8a8ef	3			yes					-1	269	-1	
269	268	8f88173d89d1a2e9	5			yes					-1	-1	-1	-1	-1	
270	252	431b9c210fa98e65	4			yes					-1	-1	271	272	
271	270	222dca27f0226090	4			yes					-1	-1	-1	-1	
272	270	c04be5ae93f02155	3			yes					-1	-1	-1	
273	252	c011062512c16907	4			yes					-1	-1	-1	-1	
274	252	4e3d7a4d20101e80	4			yes					-1	-1	-1	-1	
275	0	4e0e6a07ea8fb1d2	5			yes					-1	-1	-1	-1	276	
276	275	0e82a4de916d62db	4			yes					277	283	289	296	
277	276	d7206660ab629edb	4			yes					278	280	282	-1	
278	277	f5a0a4d0f3311970	3			yes					-1	279	-1	
279	278	cabfcd8d20a252a4	5			yes					-1	-1	-1	-1	-1	
280	277	551675ff8cf416db	3			yes					-1	281	-1	
281	280	80aefdfd26dcee50	5			yes					-1	-1	-1	-1	-1	
282	277	72f2b8f53c05f81b	3			yes					-1	-1	-1	
283	276	b10e2170ea488d69	4			yes					284	287	288	-1	
284	283	a836e4c5cbc8c2e4	3			yes					285	286	-1	
285	284	0fa70456bd039eac	5			yes					-1	-1	-1	-1	-1	
286	284	7aec99b0198566f6	5			yes					-1	-1	-1	-1	-1	
287	283	49c7fbd9bf5ebfe5	3			yes					-1	-1	-1	
288	283	33b576c637568ab1	3			yes					-1	-1	-1	
289	276	477da22ec52d6c88	4			yes					290	293	295	-1	
290	289	5e45679be4ad2305	3			yes					291	292	-1	
291	290	87aa1a9a7c921a6c	5			yes					-1	-1	-1	-1	-1	
292	290	75221383635b1a90	5			yes					-1	-1	-1	-1	-1	
293	289	937287d2d9d5dae7	3			yes					-1	294	-1	
294	293	3687041963145028	5			yes					-1	-1	-1	-1	-1	
295	289	221464ae6e6c9aec	3			yes					-1	-1	-1	
296	276	bfea7410e1716552	5			yes					297	300	302	303	-1	
297	296	a6d2b1a5c0f12adf	4			yes					298	299	-1	-1	
298	297	382832d5b97bfcfc	5			yes					-1	-1	-1	-1	-1	
299	297	27f432d0fd6272ee	5			yes					-1	-1	-1	-1	-1	
300	296	6be551ecfd89d33d	4			yes					-1	301	-1	-1	
301	300	b81e565234965250	5			yes					-1	-1	-1	-1	-1	
302	296	319cebf352915a87	4			yes					-1	-1	-1	-1	
303	296	e0615e625518b41e	4			yes					-1	-1	-1	-1	
304	0	927a2c86514aa553	5			yes					-1	-1	-1	-1	-1	
