Number of nodes
184
ID	PID	Hash_Value			File_Number	Fully_Enumerated	Children
0	-1	db1414fe1d72b985	6			yes					1	28	48	72	95	139	
1	0	c8d8f9749449afe2	5			yes					2	9	20	25	27	
2	1	ad09d01217d98fce	4			yes					3	4	5	6	
3	2	4c0fdc691024d485	4			yes					-1	-1	-1	-1	
4	2	528eb8c14ded47a2	4			yes					-1	-1	-1	-1	
5	2	a3abec88a6ec07a4	4			yes					-1	-1	-1	-1	
6	2	a0341ec056085d3e	3			yes					7	8	-1	
7	6	539442731cb48bd9	4			yes					-1	-1	-1	-1	
8	6	7cf04c2f7665e8d0	4			yes					-1	-1	-1	-1	
9	1	f6f63dd6c174a98a	4			yes					-1	10	14	16	
10	9	392621df25c105c4	5			yes					11	-1	-1	-1	13	
11	10	901e5ef6562a5321	4			yes					-1	-1	-1	12	
12	11	66f592498eef232b	3			yes					-1	-1	-1	
13	10	cfcded60fd0475ce	4			yes					-1	-1	-1	-1	
14	9	25ce939fd412da41	4			yes					15	-1	-1	-1	
15	14	8cf6ecb6a7f98ca4	3			yes					-1	-1	-1	
16	9	fbcbf30480a57b7a	3			yes					-1	17	19	
17	16	26bdbfc529515a98	5			yes					18	-1	-1	-1	-1	
18	17	8f85c0ec5aba0c7d	4			yes					-1	-1	-1	-1	
19	16	57305872e59a3fa7	4			yes					-1	-1	-1	-1	
20	1	1d7afae03feb1a43	4			yes					-1	-1	21	23	
21	20	5face479fd585760	5			yes					22	-1	-1	-1	-1	
22	21	f6949b508eb30185	4			yes					-1	-1	-1	-1	
23	20	104734327e3ac8b3	3			yes					-1	-1	24	
24	23	2ba28bb18d7a045c	5			yes					-1	-1	-1	-1	-1	
25	1	836020823cde4115	4			yes					-1	-1	-1	26	
26	25	8e5dee507d0f93e5	3			yes					-1	-1	-1	
27	1	c5e537a6d5987d12	4			yes					-1	-1	-1	-1	
28	0	6468dae1f9bfff4b	5			yes					29	37	41	45	47	
29	28	c4064ebb7ba5a8a5	4			yes					30	31	32	33	
30	29	7632e5824684f1fc	4			yes					-1	-1	-1	-1	
31	29	d1a9228b52b0c0a4	4			yes					-1	-1	-1	-1	
32	29	208c76c2b9b180a2	4			yes					-1	-1	-1	-1	
33	29	c93b80693a747a55	3			yes					34	35	36	
34	33	69a97b984a14aea0	4			yes					-1	-1	-1	-1	
35	33	ffd7d66569386fd6	4			yes					-1	-1	-1	-1	
36	33	cbc3a5b4ab5bb66f	4			yes					-1	-1	-1	-1	
37	28	334980eac0fede48	4			yes					-1	38	-1	39	
38	37	6f7e7b652abd2b5c	4			yes					-1	-1	-1	-1	
39	37	3e744e38812f0cb8	3			yes					-1	40	-1	
40	39	41008f8b1135842e	4			yes					-1	-1	-1	-1	
41	28	b1cad975521d4aea	4			yes					-1	-1	42	43	
42	41	bee3a77625e4e529	5			yes					-1	-1	-1	-1	-1	
43	41	bcf717a713cc981a	3			yes					-1	-1	44	
44	43	caedc8be55c6b615	5			yes					-1	-1	-1	-1	-1	
45	28	2fd00317512811bc	4			yes					-1	-1	-1	46	
46	45	22edcdc510f9c34c	3			yes					-1	-1	-1	
47	28	69551433b86e2dbb	4			yes					-1	-1	-1	-1	
48	0	a18c73e9ca59f0c4	5			yes					49	60	66	68	71	
49	48	01e2e7b34843a72a	4			yes					50	54	55	56	
50	49	92f166a85cf3dbed	5			yes					-1	51	52	-1	53	
51	50	bde589b09cbb1328	4			yes					-1	-1	-1	-1	
52	50	41abc20a5cfbac82	4			yes					-1	-1	-1	-1	
53	50	641aaa178436abe7	4			yes					-1	-1	-1	-1	
54	49	20c9f29bc8f227f4	4			yes					-1	-1	-1	-1	
55	49	d65c49ca21536670	4			yes					-1	-1	-1	-1	
56	49	0cdf2961099275da	3			yes					57	58	59	
57	56	8d6af8b2506384b1	5			yes					-1	-1	-1	-1	-1	
58	56	eeb138f47e952959	4			yes					-1	-1	-1	-1	
59	56	3d139abc33b950bd	4			yes					-1	-1	-1	-1	
60	48	3cc8496ab0a38423	4			yes					-1	61	62	63	
61	60	a13206299d94987b	4			yes					-1	-1	-1	-1	
62	60	28c2d3dacf495e9f	4			yes					-1	-1	-1	-1	
63	60	31f587b8f17256d3	3			yes					-1	64	65	
64	63	02b606397d59afd9	4			yes					-1	-1	-1	-1	
65	63	84168d7ea0258e0f	4			yes					-1	-1	-1	-1	
66	48	7bafb9fd11a61f0e	4			yes					-1	-1	-1	67	
67	66	7692772f5077cdfe	3			yes					-1	-1	-1	
68	48	ea34aa1f62ce1e33	4			yes					-1	-1	-1	70	
69	68	e2293207d68a2de4	4			no					-1	-2	-1	-1	
70	68	e70964cd231fccc3	3			yes					-1	-1	-1	
71	48	acb1bd3b8b882234	4			yes					-1	-1	-1	-1	
72	0	c38bba5d5f6241b5	5			yes					73	82	89	91	94	
73	72	63e52e07dd78165b	4			yes					74	78	-1	79	
74	73	6adacfb688e20ee2	5			yes					-1	75	76	-1	77	
75	74	88aedee9352a5597	4			yes					-1	-1	-1	-1	
76	74	8ccb3c4d217b3f32	4			yes					-1	-1	-1	-1	
77	74	9c31030950277ee8	4			yes					-1	-1	-1	-1	
78	73	e8457d5dca3ef99c	4			yes					-1	-1	-1	-1	
79	73	6ed8e0d59ca9c4ab	3			yes					80	81	-1	
80	79	754151ac847251be	5			yes					-1	-1	-1	-1	-1	
81	79	8304109aacacf6b9	4			yes					-1	-1	-1	-1	
82	72	5ecf80de25983552	4			yes					-1	83	-1	87	
83	82	572a0c12efb2621c	5			yes					84	-1	85	-1	86	
84	83	a0e5484702aa4496	4			yes					-1	-1	-1	-1	
85	83	b13bffe9462b53cc	4			yes					-1	-1	-1	-1	
86	83	a1c1c0ad37771216	4			yes					-1	-1	-1	-1	
87	82	53f24e0c6449e7a2	3			yes					-1	88	-1	
88	87	48b19208e3223d40	5			yes					-1	-1	-1	-1	-1	
89	72	fda57eff0a5f47dd	4			yes					-1	-1	-1	90	
90	89	f098b02d4b8e952d	3			yes					-1	-1	-1	
91	72	0e39a4a9ec0cf791	4			yes					-1	-1	92	93	
92	91	ff10c5c01efbc7a8	4			yes					-1	-1	-1	-1	
93	91	1abc37a77ad71272	5			yes					-1	-1	-1	-1	-1	
94	72	ceb6748f1eb39345	4			yes					-1	-1	-1	-1	
95	0	eeadf2ce952db7ff	5			yes					96	101	107	112	125	
96	95	024f17a5cad9980b	4			yes					97	98	100	-1	
97	96	22dd4a5e9d7b9f60	5			yes					-1	-1	-1	-1	-1	
98	96	3c61d3079fe49e63	3			yes					-1	99	-1	
99	98	446af36e99c9d2f9	5			yes					-1	-1	-1	-1	-1	
100	96	d7ed1431617b2daa	3			yes					-1	-1	-1	
101	95	aeff3430a72fc8a2	4			yes					102	105	106	-1	
102	101	0e91a06a25359f4c	3			yes					-1	103	-1	
103	102	e7b39d5160daf094	5			yes					-1	-1	-1	-1	104	
104	103	115851eeb81f809e	4			yes					-1	-1	-1	-1	
105	101	1f2d89fafa2bf39e	5			yes					-1	-1	-1	-1	-1	
106	101	7b5d37a40c8d7d03	3			yes					-1	-1	-1	
107	95	6b1b9d3894c9c72d	4			yes					108	110	111	-1	
108	107	cb75096216d390c3	3			yes					109	-1	-1	
109	108	efbdb419e0fb0cd0	5			yes					-1	-1	-1	-1	-1	
110	107	f65fa7bbee33b3ca	3			yes					-1	-1	-1	
111	107	635f94d1ed1db520	5			yes					-1	-1	-1	-1	-1	
112	95	d5633efd7fcc9945	5			yes					113	117	120	121	122	
113	112	750daaa7fdd6ceab	4			yes					114	115	-1	-1	
114	113	17961d0734ead9df	5			yes					-1	-1	-1	-1	-1	
115	113	243445b44201a1e6	5			yes					-1	-1	-1	-1	116	
116	115	d2df890b9ac4d1ec	4			yes					-1	-1	-1	-1	
117	112	4827047e0536eda2	4			yes					-1	118	-1	119	
118	117	2a66dea353bab521	5			yes					-1	-1	-1	-1	-1	
119	117	26fc17e2b52c4694	5			yes					-1	-1	-1	-1	-1	
120	112	eb4dfa5f2af19f2d	4			yes					-1	-1	-1	-1	
121	112	fb26450619c541e6	4			yes					-1	-1	-1	-1	
122	112	2d411180cbd4fdc2	4			yes					123	-1	124	-1	
123	122	f31d2b45a7604b1d	5			yes					-1	-1	-1	-1	-1	
124	122	87558dd125fd28e2	5			yes					-1	-1	-1	-1	-1	
125	95	a38822349356f703	5			yes					126	131	134	137	138	
126	125	03e6b66e114ca0ed	4			yes					127	128	129	-1	
127	126	415996f28e70a90c	5			yes					-1	-1	-1	-1	-1	
128	126	299a6f93ddfda709	5			yes					-1	-1	-1	-1	-1	
129	126	65c28f5782c2f336	5			yes					-1	-1	-1	-1	-1	
130	129	69a8a2301a7f9363	4			no					-1	-2	-2	-2	
131	125	3ecc18b7e9ac83e4	4			yes					-1	132	133	-1	
132	131	7ca95556e920c5f2	5			yes					-1	-1	-1	-1	-1	
133	131	4f32d7ab6c9319c2	5			yes					-1	-1	-1	-1	-1	
134	125	9da6e696c66bf16b	4			yes					-1	-1	135	136	
135	134	00db487dfe16834c	5			yes					-1	-1	-1	-1	-1	
136	134	e888ad4d534296a8	3			yes					-1	-1	-1	
137	125	762a21a038f442a2	4			yes					-1	-1	-1	-1	
138	125	d6a669ef067f90c0	4			yes					-1	-1	-1	-1	
139	0	790ddb10e84658ee	5			yes					140	153	163	175	-1	
140	139	f699b7b73bffff2d	5			yes					141	144	149	152	-1	
141	140	93489ed1b86fdf01	4			yes					142	143	-1	-1	
142	141	b68e3db1505cc4da	4			yes					-1	-1	-1	-1	
143	141	df75b97cade0ce16	4			yes					-1	-1	-1	-1	
144	140	c8b773156ec2f945	4			yes					-1	145	147	-1	
145	144	c3a7c00765b9159b	5			yes					146	-1	-1	-1	-1	
146	145	6a9fbf2e1652437e	4			yes					-1	-1	-1	-1	
147	144	adde01612e2bb1eb	4			yes					148	-1	-1	-1	
148	147	04e67e485dc0e70e	3			yes					-1	-1	-1	
149	140	233bb423905d4a8c	4			yes					-1	-1	150	-1	
150	149	151d6c300f8283cd	5			yes					-1	-1	-1	-1	-1	
151	150	bc2513197c69d528	4			no					-1	-2	-1	-2	
152	140	bd216e41936811da	4			yes					-1	-1	-1	-1	
153	139	5a2994225609af84	5			yes					154	158	160	162	-1	
154	153	fa470078d413f86a	4			yes					155	156	157	-1	
155	154	8cb3045a06fce1a3	4			yes					-1	-1	-1	-1	
156	154	5c522336b2bd4910	4			yes					-1	-1	-1	-1	
157	154	7bd0f2e171987bb6	4			yes					-1	-1	-1	-1	
158	153	0d08ce296f488e87	4			yes					-1	159	-1	-1	
159	158	e2857ad8cab0a2e8	4			yes					-1	-1	-1	-1	
160	153	8f8b97b6fdab1a25	4			yes					-1	-1	161	-1	
161	160	f4522f3fd73e3184	5			yes					-1	-1	-1	-1	-1	
162	153	11914dd4fe9e4173	4			yes					-1	-1	-1	-1	
163	139	9fcd3d2a65efa00b	5			yes					164	170	173	174	-1	
164	163	3fa3a970e7f5f7e5	4			yes					165	168	169	-1	
165	164	687087701c8bcbb2	5			yes					-1	166	-1	-1	-1	
166	165	47646868dcc30377	4			yes					-1	-1	-1	-1	
167	165	bb2a23d21c83bcdd	4			no					-1	-2	-2	-2	
168	164	f7ab41abe7f4996c	4			yes					-1	-1	-1	-1	
169	164	8d00cde9e97a9d64	4			yes					-1	-1	-1	-1	
170	163	028907a91f15d4ec	4			yes					-1	171	172	-1	
171	170	fd639e285c298a12	4			yes					-1	-1	-1	-1	
172	170	29ebc730a69ea28f	4			yes					-1	-1	-1	-1	
173	163	45eef73ebe104fc1	4			yes					-1	-1	-1	-1	
174	163	d475e4dccd784efc	4			yes					-1	-1	-1	-1	
175	139	fdcaf49ef0d4117a	5			yes					176	180	182	183	-1	
176	175	5da460c472ce4694	4			yes					177	179	-1	-1	
177	176	905b2e6ec89a1ebd	5			yes					-1	178	-1	-1	-1	
178	177	722f3f31755245c8	4			yes					-1	-1	-1	-1	
179	176	39357e6589a39343	4			yes					-1	-1	-1	-1	
180	175	608ece1d8a2e659d	4			yes					-1	181	-1	-1	
181	180	adabedcaafca7243	5			yes					-1	-1	-1	-1	-1	
182	175	c3e4303ca5e91712	4			yes					-1	-1	-1	-1	
183	175	3078ea6a43baa75e	4			yes					-1	-1	-1	-1	
