Number of nodes
138
ID	PID	Hash_Value			File_Number	Fully_Enumerated	Children
0	-1	f843bbd67c0c3603	6			yes					1	20	40	60	77	93	
1	0	4e1a95ddfdc5eee3	5			yes					2	7	13	17	19	
2	1	7ff9007f592f3dca	4			yes					3	4	-1	5	
3	2	58709ad408e27743	4			yes					-1	-1	-1	-1	
4	2	6aaf41be6369ddd5	4			yes					-1	-1	-1	-1	
5	2	9bfe9a58e2a0285a	5			yes					-1	-1	-1	-1	6	
6	5	f3142301ec63db71	4			yes					-1	-1	-1	-1	
7	1	9cd436bd314068a5	4			yes					-1	8	9	10	
8	7	caf3980662f9c3d0	5			yes					-1	-1	-1	-1	-1	
9	7	397a9cbc207a325c	4			yes					-1	-1	-1	-1	
10	7	006c003332666133	3			yes					-1	11	12	
11	10	cfaee660efee1460	5			yes					-1	-1	-1	-1	-1	
12	10	5dbccc40ce455098	4			yes					-1	-1	-1	-1	
13	1	7a9735400acf371a	4			yes					-1	-1	14	15	
14	13	5b340bb0b7052e33	5			yes					-1	-1	-1	-1	-1	
15	13	e62f03ce09e93e8c	3			yes					-1	-1	16	
16	15	d72af85a96e249f2	5			yes					-1	-1	-1	-1	-1	
17	1	4b18a0d19c438500	4			yes					-1	-1	-1	18	
18	17	d7a0965f9f658c96	3			yes					-1	-1	-1	
19	1	d2a2a353fee3e775	4			yes					-1	-1	-1	-1	
20	0	44b9621c235e061f	5			yes					21	29	33	37	39	
21	20	098bdb39a989067d	4			yes					22	23	24	25	
22	21	f856531385ff6072	4			yes					-1	-1	-1	-1	
23	21	a32262df5301fd4f	4			yes					-1	-1	-1	-1	
24	21	2c1818a3743e4aec	4			yes					-1	-1	-1	-1	
25	21	9533edb7aaaf0feb	3			yes					-1	27	28	
26	25	a228d17782b162e4	4			no					-1	-1	-1	-2	
27	25	c87c4b9276cb699c	4			yes					-1	-1	-1	-1	
28	25	98f7447c0aede606	4			yes					-1	-1	-1	-1	
29	20	e0051a3a1f7dbbee	4			yes					-1	30	-1	31	
30	29	f7a236ffdb51c00c	4			yes					-1	-1	-1	-1	
31	29	58f046c1233c020d	5			yes					-1	-1	-1	-1	32	
32	31	301aff982dfff126	4			yes					-1	-1	-1	-1	
33	20	7034c281d454dfe6	4			yes					-1	-1	34	35	
34	33	698cf9c819379ba1	5			yes					-1	-1	-1	-1	-1	
35	33	ec8cf40fd772d670	3			yes					-1	-1	36	
36	35	e5920a2238d0fc60	5			yes					-1	-1	-1	-1	-1	
37	20	41bb571042d86dfc	4			yes					-1	-1	-1	38	
38	37	dd03619e41fe646a	3			yes					-1	-1	-1	
39	20	d801549220780f89	4			yes					-1	-1	-1	-1	
40	0	2e78ee22548dc43a	5			yes					41	50	55	57	59	
41	40	634a5707de5ac458	4			yes					42	44	45	46	
42	41	d4e64ec2bd648d4b	5			yes					-1	-1	-1	-1	43	
43	42	bfbf2215d2ec6045	4			yes					-1	-1	-1	-1	
44	41	7920d379d1657e49	4			yes					-1	-1	-1	-1	
45	41	3a5016fcf628f5b1	4			yes					-1	-1	-1	-1	
46	41	fff26189dd7ccdce	3			yes					47	-1	49	
47	46	d7559b4cdc2f936e	5			yes					-1	-1	-1	-1	-1	
48	46	cda5585df858ac3b	4			no					-1	-1	-2	-2	
49	46	8ebf4a2388fb595b	4			yes					-1	-1	-1	-1	
50	40	27e3cba8dc0b898e	4			yes					-1	51	52	53	
51	50	28b33230d8f33fae	5			yes					-1	-1	-1	-1	-1	
52	50	174446a2be807047	4			yes					-1	-1	-1	-1	
53	50	bb5bfd26df2d8018	3			yes					-1	-1	54	
54	53	a3ab1a7dc053dcad	4			yes					-1	-1	-1	-1	
55	40	dd139f2d60f12fa3	4			yes					-1	-1	-1	56	
56	55	df69f8a90bb1b247	5			yes					-1	-1	-1	-1	-1	
57	40	2b7adb2e350bafd9	4			yes					-1	-1	-1	58	
58	57	b7c2eda0362da64f	3			yes					-1	-1	-1	
59	40	b2c0d8ac57abcdac	4			yes					-1	-1	-1	-1	
60	0	fed25ed06a987ca6	5			yes					61	68	72	74	75	
61	60	b3e0e7f5e04f7cc4	4			yes					62	64	-1	65	
62	61	58421ce3a8541b46	5			yes					-1	-1	-1	-1	63	
63	62	331b7034c7dcf648	4			yes					-1	-1	-1	-1	
64	61	206adb4ae0a9e3c2	4			yes					-1	-1	-1	-1	
65	61	2f58d17be3697552	3			yes					66	67	-1	
66	65	5bf1c96dc91f0563	5			yes					-1	-1	-1	-1	-1	
67	65	933d3aec0cbda314	4			yes					-1	-1	-1	-1	
68	60	f7497b5ae21e3112	4			yes					-1	69	-1	70	
69	68	bc131395f6cd606a	5			yes					-1	-1	-1	-1	-1	
70	68	6bf14dd4e1383884	3			yes					-1	71	-1	
71	70	0f44f2331ad920bc	5			yes					-1	-1	-1	-1	-1	
72	60	2c1cfdb0a61dfae0	4			yes					-1	-1	-1	73	
73	72	b0a4cb3ea53bf376	3			yes					-1	-1	-1	
74	60	96a64d86087612bc	5			yes					-1	-1	-1	-1	-1	
75	60	626a685e69be7530	4			yes					-1	-1	-1	-1	
76	75	742daaa980e6fec2	5			no					-1	-2	-2	-1	-2	
77	0	00f7cb540cd30f17	5			yes					78	84	88	91	92	
78	77	4dc5727186040f75	4			yes					79	80	82	-1	
79	78	8a0fa34034017cfa	5			yes					-1	-1	-1	-1	-1	
80	78	011005d2fe2e2c3f	4			yes					-1	-1	-1	81	
81	80	3c5cba3bce5b033c	3			yes					-1	-1	-1	
82	78	94386870156453f4	5			yes					-1	-1	-1	-1	83	
83	82	12f09cddf98dc605	4			yes					-1	-1	-1	-1	
84	77	096ceede845542a3	4			yes					-1	85	86	-1	
85	84	e6ba400305a4618f	5			yes					-1	-1	-1	-1	-1	
86	84	a00284c6acfebb3d	5			yes					-1	-1	-1	-1	87	
87	86	26ca706b40172ecc	4			yes					-1	-1	-1	-1	
88	77	d2396834c0568951	4			yes					-1	-1	89	-1	
89	88	b86f477da4f22ddf	6			yes					-1	-1	-1	-1	-1	90	
90	89	3ea7b3d0481bb82e	5			yes					-1	-1	-1	-1	-1	
91	77	347a6bc9fbd9d6ee	4			yes					-1	-1	-1	-1	
92	77	a2ea9f5239de1269	4			yes					-1	-1	-1	-1	
93	0	5248d670f91ca5d2	5			yes					94	103	111	119	127	
94	93	ba5c77ae6f36462a	5			yes					95	96	99	102	-1	
95	94	8bbfe20ccbdc9503	4			yes					-1	-1	-1	-1	
96	94	6892d4cea3b3c06c	4			yes					-1	97	98	-1	
97	96	957c27ad9d7bd44f	5			yes					-1	-1	-1	-1	-1	
98	96	d3029a77f678a62e	4			yes					-1	-1	-1	-1	
99	94	8ed1d733983c9fd3	4			yes					-1	-1	101	-1	
100	99	5df8bc83852657b3	4			no					-1	-1	-1	-2	
101	99	9e7183fe0b321cfe	5			yes					-1	-1	-1	-1	-1	
102	94	bf5e42a20eb02dc9	4			yes					-1	-1	-1	-1	
103	93	b0ff806fb1adaed6	5			yes					104	107	108	110	-1	
104	103	fdcd394a3b7aaeb4	4			yes					-1	105	106	-1	
105	104	94759fe2b54e7729	4			yes					-1	-1	-1	-1	
106	104	782321fc52c203d2	4			yes					-1	-1	-1	-1	
107	103	1443f8498d8e1327	4			yes					-1	-1	-1	-1	
108	103	847220f246a7772f	4			yes					-1	-1	109	-1	
109	108	acc97186a500a96c	5			yes					-1	-1	-1	-1	-1	
110	103	b5fdb563d02bc535	4			yes					-1	-1	-1	-1	
111	93	da3e0c51c67e6cf3	5			yes					112	115	117	118	-1	
112	111	970cb5744ca96c91	4			yes					113	-1	114	-1	
113	112	15c071580518d358	5			yes					-1	-1	-1	-1	-1	
114	112	6e6b2fa3d0d4bc8f	4			yes					-1	-1	-1	-1	
115	111	d3a529db4ef82147	4			yes					-1	-1	116	-1	
116	115	437f7ffd987c3979	4			yes					-1	-1	-1	-1	
117	111	29557d5ef202876a	4			yes					-1	-1	-1	-1	
118	111	df3c395da7f80710	4			yes					-1	-1	-1	-1	
119	93	0a94bca3f86bd46f	5			yes					120	123	125	126	-1	
120	119	47a6058672bcd40d	4			yes					121	122	-1	-1	
121	120	9964237910284555	5			yes					-1	-1	-1	-1	-1	
122	120	ae275c1d889cd579	4			yes					-1	-1	-1	-1	
123	119	030f992970ed99db	4			yes					-1	124	-1	-1	
124	123	325e94c29ef856d1	5			yes					-1	-1	-1	-1	-1	
125	119	d85a1fc334ee5229	4			yes					-1	-1	-1	-1	
126	119	e452aea3af1c5c51	5			yes					-1	-1	-1	-1	-1	
127	93	584c2da229107c69	5			yes					128	132	135	137	-1	
128	127	157e9487a3c77c0b	4			yes					129	130	131	-1	
129	128	d3af2bd8e29ab92e	5			yes					-1	-1	-1	-1	-1	
130	128	58b08d4a28b5e9eb	4			yes					-1	-1	-1	-1	
131	128	b88fcf902e797518	5			yes					-1	-1	-1	-1	-1	
132	127	51d70828a19631dd	4			yes					-1	133	134	-1	
133	132	bf1ac89bd33fa45b	5			yes					-1	-1	-1	-1	-1	
134	132	8cb5232697e39dd1	5			yes					-1	-1	-1	-1	-1	
135	127	8a828ec2e595fa2f	4			yes					-1	-1	136	-1	
136	135	94d8e09d9fef0b33	6			yes					-1	-1	-1	-1	-1	-1	
137	127	6cc18d3fde1aa590	4			yes					-1	-1	-1	-1	
