Number of nodes
827
ID	PID	Hash_Value			File_Number	Fully_Enumerated	Children
0	-1	e8e6430837aebda6	7			no					1	-2	-2	-2	-2	-2	-2	
1	0	47df6a54f26faa8a	4			no					2	-2	-2	-2	
2	1	a8348e3ff7bc484b	5			no					3	-2	-2	-2	-2	
3	2	406f364accb39fbc	4			no					4	-2	-2	-2	
4	3	0f7a8d7a926dfa72	3			no					5	-2	-2	
5	4	6211ee14d760c4a6	5			no					6	-2	-2	-2	-2	
6	5	f923b878ec845c7c	4			no					7	-2	-2	-2	
7	6	81898318a6f58a2f	3			no					8	-2	-2	
8	7	1ac71af53d90d67a	4			no					9	373	-2	-2	
9	8	651d62cd78d7643d	3			yes					10	46	90	
10	9	b60288f7a422e7a9	5			yes					11	15	21	37	45	
11	10	5a5f1fbf733fb0ef	4			yes					12	13	-1	14	
12	11	5f383da55c224921	3			yes					-1	-1	-1	
13	11	bc6bd868b057be97	3			yes					-1	-1	-1	
14	11	79c6d002a3f05845	6			yes					-1	-1	-1	-1	-1	-1	
15	10	b365aaed8b3f1e67	4			yes					-1	16	-1	18	
16	15	55516d3a4857101f	3			yes					-1	-1	17	
17	16	59a0ade72d12af92	5			yes					-1	-1	-1	-1	-1	
18	15	41984fb028b1f6f5	6			yes					-1	-1	-1	19	-1	20	
19	18	9af354e6b1c2671f	5			yes					-1	-1	-1	-1	-1	
20	18	da5b527d93fe6444	5			yes					-1	-1	-1	-1	-1	
21	10	50364f20674ae9d1	4			yes					-1	-1	22	24	
22	21	d370da349e8a50fc	6			yes					-1	-1	-1	-1	-1	23	
23	22	9814fb350c4b8536	5			yes					-1	-1	-1	-1	-1	
24	21	13a3785f45e65253	7			yes					25	27	29	31	33	34	36	
25	24	c5b2366332a7a655	6			yes					-1	-1	-1	-1	-1	26	
26	25	e3ae0248a5bf72c9	5			yes					-1	-1	-1	-1	-1	
27	24	67f594e9a2e06c39	6			yes					-1	-1	-1	-1	-1	28	
28	27	41e9a0c235f8b8a5	5			yes					-1	-1	-1	-1	-1	
29	24	9a2eb03d7fb23c67	6			yes					-1	-1	-1	-1	-1	30	
30	29	bc328416e8aae8fb	5			yes					-1	-1	-1	-1	-1	
31	24	ac0c32aa588ca600	6			yes					-1	-1	-1	-1	-1	32	
32	31	8a100681cf94729c	5			yes					-1	-1	-1	-1	-1	
33	24	0634a0db466ffe4c	6			yes					-1	-1	-1	-1	-1	-1	
34	24	a7eeccb223e82888	6			yes					-1	-1	-1	-1	-1	35	
35	34	81f2f899b4f0fc14	5			yes					-1	-1	-1	-1	-1	
36	24	35bf4c74d2fe86cf	6			yes					-1	-1	-1	-1	-1	-1	
37	10	3d5af78cf0b26d0c	4			yes					-1	-1	-1	38	
38	37	465819a61a61ae89	6			yes					39	40	41	42	43	44	
39	38	9049579a6d205a8f	5			yes					-1	-1	-1	-1	-1	
40	38	320ef510fd6790e3	5			yes					-1	-1	-1	-1	-1	
41	38	cfd5d1c42035c0bd	5			yes					-1	-1	-1	-1	-1	
42	38	f9f75353070b5ada	5			yes					-1	-1	-1	-1	-1	
43	38	462e7fbfab3b2fbf	5			yes					-1	-1	-1	-1	-1	
44	38	941346040623d13d	5			yes					-1	-1	-1	-1	-1	
45	10	84560dfe6ff82a55	4			yes					-1	-1	-1	-1	
46	9	28244ce004b6c02f	5			yes					47	51	61	65	73	
47	46	8c76c9eee6d9cf2c	6			yes					-1	-1	48	-1	-1	50	
48	47	c68099e01e53018d	5			yes					-1	-1	-1	-1	-1	
49	47	99861428886c32dd	5			no					-1	-1	-2	-2	-2	
50	47	f5aa9bc344ccfc71	5			yes					-1	-1	-1	-1	-1	
51	46	475986bc06eef9ed	4			yes					52	53	54	55	
52	51	91f3a5dbe8ef3049	5			yes					-1	-1	-1	-1	-1	
53	51	8d0d980ff96cb8f4	5			yes					-1	-1	-1	-1	-1	
54	51	cd94b7b7ed51e942	5			yes					-1	-1	-1	-1	-1	
55	51	35fe7671ded2f16e	3			yes					56	58	60	
56	55	8692c08c0443bcda	6			yes					-1	-1	-1	-1	-1	57	
57	56	325bc4d8c62bec38	5			yes					-1	-1	-1	-1	-1	
58	55	9a6cfd5815c03467	6			yes					-1	-1	-1	-1	-1	59	
59	58	2ea5f90cd7a86485	5			yes					-1	-1	-1	-1	-1	
60	55	be77f3320111559e	5			yes					-1	-1	-1	-1	-1	
61	46	bd71f8716d220abd	4			yes					-1	-1	62	63	
62	61	5d87809a9a229396	5			yes					-1	-1	-1	-1	-1	
63	61	cfd608bcb51e023e	3			yes					-1	-1	64	
64	63	85098da91d3a6a68	5			yes					-1	-1	-1	-1	-1	
65	46	d011db82e3671627	6			yes					66	68	69	70	72	-1	
66	65	060095be9426e221	5			yes					-1	-1	67	-1	-1	
67	66	4cf6c5b06cac2c80	4			yes					-1	-1	-1	-1	
68	65	0a20979d07ed0f59	5			yes					-1	-1	-1	-1	-1	
69	65	9a056d5c23511b2e	5			yes					-1	-1	-1	-1	-1	
70	65	9ae78b8c1bedd886	5			yes					-1	-1	-1	71	-1	
71	70	8f17564a75582577	4			yes					-1	-1	-1	-1	
72	65	c5e106448dd2ebd6	5			yes					-1	-1	-1	-1	-1	
73	46	5a83bc2ddc8ac8ac	4			yes					74	-1	-1	82	
74	73	9b17acb90a7543bf	7			yes					-1	-1	75	77	79	80	81	
75	74	d1e1fcb7f2ff8d1e	6			yes					-1	-1	-1	-1	-1	76	
76	75	6528f8e33097ddfc	5			yes					-1	-1	-1	-1	-1	
77	74	8ee7717f64c0be4e	6			yes					-1	-1	-1	-1	-1	78	
78	77	3a2e752ba6a8eeac	5			yes					-1	-1	-1	-1	-1	
79	74	674ac428085af405	6			yes					-1	-1	-1	-1	-1	-1	
80	74	41639f9786a4ac93	6			yes					-1	-1	-1	-1	-1	-1	
81	74	2fdea8edc81d135d	6			yes					-1	-1	-1	-1	-1	-1	
82	73	a3f29f070f27aafb	6			yes					83	85	86	87	89	-1	
83	82	75e3d13b78665efd	5			yes					-1	-1	84	-1	-1	
84	83	3f15813580ec905c	4			yes					-1	-1	-1	-1	
85	82	79c3d318ebadb385	5			yes					-1	-1	-1	-1	-1	
86	82	e9e629d9cf11a7f2	5			yes					-1	-1	-1	-1	-1	
87	82	e904cf09f7ad645a	5			yes					-1	-1	-1	88	-1	
88	87	fcf412cf991899ab	4			yes					-1	-1	-1	-1	
89	82	b60242c16192570a	5			yes					-1	-1	-1	-1	-1	
90	9	b3a0ccb8bb578bf4	6			yes					91	166	268	318	370	372	
91	90	7a37977e011d1ca8	5			yes					92	102	107	120	142	
92	91	8e3b4923b82ae952	6			yes					-1	93	94	98	100	101	
93	92	935cc3c68ea0d59f	5			yes					-1	-1	-1	-1	-1	
94	92	90db93bcffc43b25	5			yes					-1	-1	95	-1	96	
95	94	4bb088ea66b7aacf	4			yes					-1	-1	-1	-1	
96	94	23de3be0572da04a	4			yes					-1	-1	-1	-1	
97	96	f8b520b6ce5e31a0	3			no					-1	-2	-2	
98	92	55505275215978b8	5			yes					-1	-1	-1	-1	99	
99	98	e655fa2989b0e3d7	4			yes					-1	-1	-1	-1	
100	92	770c2b34501491ad	5			yes					-1	-1	-1	-1	-1	
101	92	3d3ee17f10c3723d	5			yes					-1	-1	-1	-1	-1	
102	91	b6e5d05c329369f2	5			yes					-1	103	-1	105	106	
103	102	fcf16682f2a564fb	4			yes					-1	-1	-1	104	
104	103	4ff4cede5a4cff94	3			yes					-1	-1	-1	
105	102	4fd2b24bdaad110d	4			yes					-1	-1	-1	-1	
106	102	05e078009a7af29d	4			yes					-1	-1	-1	-1	
107	91	e35737c923f8edc2	6			yes					-1	108	112	116	118	119	
108	107	a9438117e3cee0cb	5			yes					-1	109	110	-1	111	
109	108	e3b5d1191b442e6a	4			yes					-1	-1	-1	-1	
110	108	b7a35b88a42032bc	4			yes					-1	-1	-1	-1	
111	108	1a46294b4b277ba4	4			yes					-1	-1	-1	-1	
112	107	a9a167c7db722363	5			yes					-1	-1	113	-1	115	
113	112	b741bd589c9cf114	4			yes					-1	-1	-1	114	
114	113	0444150434756a7b	3			yes					-1	-1	-1	
115	112	1aa4cf9b739bb80c	4			yes					-1	-1	-1	-1	
116	107	fdb7ed5664163fb5	5			yes					-1	-1	-1	-1	117	
117	116	4eb2450accffa4da	4			yes					-1	-1	-1	-1	
118	107	b1e25c57c751ff22	5			yes					-1	-1	-1	-1	-1	
119	107	50529f958b1176ad	5			yes					-1	-1	-1	-1	-1	
120	91	0b3308e4f93bc347	7			yes					121	125	126	131	135	138	141	
121	120	17d6c0a0e9d1b6d5	6			yes					-1	122	-1	123	-1	124	
122	121	5d2090ae115b7874	5			yes					-1	-1	-1	-1	-1	
123	121	ccbddbf670a2273f	5			yes					-1	-1	-1	-1	-1	
124	121	6d029ad7a9e14a92	5			yes					-1	-1	-1	-1	-1	
125	120	4127be3a390dce4e	6			yes					-1	-1	-1	-1	-1	-1	
126	120	41c558ea01b10de6	6			yes					-1	-1	127	128	129	130	
127	126	5f258275465fdf91	5			yes					-1	-1	-1	-1	-1	
128	126	9aae43bc98c29c0c	5			yes					-1	-1	-1	-1	-1	
129	126	e9aee5244e71c741	5			yes					-1	-1	-1	-1	-1	
130	126	3b11029d4181f1a1	5			yes					-1	-1	-1	-1	-1	
131	120	15d3d27bbed51130	6			yes					-1	-1	-1	132	133	134	
132	131	ceb8c92d27a680da	5			yes					-1	-1	-1	-1	-1	
133	131	bdb86fb5f115db97	5			yes					-1	-1	-1	-1	-1	
134	131	6f07880cfee5ed77	5			yes					-1	-1	-1	-1	-1	
135	120	d05813b2604852ad	6			yes					-1	-1	-1	-1	136	137	
136	135	7833ae7c2f88980a	5			yes					-1	-1	-1	-1	-1	
137	135	aa8c49c52078aeea	5			yes					-1	-1	-1	-1	-1	
138	120	a358b52ab6fb09e0	6			yes					139	-1	-1	-1	-1	140	
139	138	bfbd7d6ea6117c72	5			yes					-1	-1	-1	-1	-1	
140	138	d98cef5df6cbf5a7	5			yes					-1	-1	-1	-1	-1	
141	120	71e75293b90b3f00	6			yes					-1	-1	-1	-1	-1	-1	
142	91	bcadd04f56bd9c44	4			yes					143	147	149	154	
143	142	e257ccc34ad0eb74	6			yes					-1	-1	144	145	-1	-1	
144	143	fcb7165c0d3e3903	5			yes					-1	-1	-1	-1	-1	
145	143	393cd795d3a37a9e	5			yes					-1	-1	-1	-1	-1	
146	145	27dc0d0a944da8e9	4			no					-1	-1	-1	-2	
147	142	da8955bcc0696bd4	5			yes					-1	148	-1	-1	-1	
148	147	909de362005f66dd	4			yes					-1	-1	-1	-1	
149	142	8f3bb229d102efe4	6			yes					-1	150	151	153	-1	-1	
150	149	c52f04f71134e2ed	5			yes					-1	-1	-1	-1	-1	
151	149	c5cde22729882145	5			yes					-1	-1	152	-1	-1	
152	151	db2d38b86e66f332	4			yes					-1	-1	-1	-1	
153	149	91db68b696ec3d93	5			yes					-1	-1	-1	-1	-1	
154	142	b6f06df3d930480d	7			yes					155	156	157	161	163	165	-1	
155	154	aa15a5b7c9da3d9f	6			yes					-1	-1	-1	-1	-1	-1	
156	154	fce4db2d19064504	6			yes					-1	-1	-1	-1	-1	-1	
157	154	fc063dfd21ba86ac	6			yes					-1	-1	158	159	160	-1	
158	157	e2e6e762665454db	5			yes					-1	-1	-1	-1	-1	
159	157	276d26abb8c91746	5			yes					-1	-1	-1	-1	-1	
160	157	546d80336e7a4c0b	5			yes					-1	-1	-1	-1	-1	
161	154	a810b76c9ede9a7a	6			yes					-1	-1	-1	162	-1	-1	
162	161	737bac3a07ad0b90	5			yes					-1	-1	-1	-1	-1	
163	154	6d9b76a54043d9e7	6			yes					-1	-1	-1	-1	164	-1	
164	163	c5f0cb6b0f831340	5			yes					-1	-1	-1	-1	-1	
165	154	1e9bd03d96f082aa	6			yes					-1	-1	-1	-1	-1	-1	
166	90	dcdd06e4b90fb236	5			yes					-1	167	183	202	235	
167	166	12a46d3007302c7d	6			yes					168	173	176	178	181	182	
168	167	c4b5230c7071d87b	5			yes					169	-1	170	-1	172	
169	168	1e846f1394fbc105	4			yes					-1	-1	-1	-1	
170	168	6483cfc3b5fc8adc	4			yes					-1	-1	-1	171	
171	170	d786679f1d1511b3	3			yes					-1	-1	-1	
172	168	77b08b50d8984314	4			yes					-1	-1	-1	-1	
173	167	c895212fe3ba3503	5			yes					-1	-1	174	-1	175	
174	173	68a3cde0263767a4	4			yes					-1	-1	-1	-1	
175	173	7b9089734b53ae6c	4			yes					-1	-1	-1	-1	
176	167	e62424a716915c4f	5			yes					-1	-1	-1	-1	177	
177	176	55218cfbbe78c720	4			yes					-1	-1	-1	-1	
178	167	b29281ffc2bd7eda	5			yes					-1	-1	-1	-1	180	
179	178	4612c868d31c0ee8	4			no					-1	-1	-2	-2	
180	178	019729a36a54e5b5	4			yes					-1	-1	-1	-1	
181	167	eb930f27ef0e5482	5			yes					-1	-1	-1	-1	-1	
182	167	a1a1c56cafd9b712	5			yes					-1	-1	-1	-1	-1	
183	166	ee17919baeef8a4d	6			yes					184	190	194	197	199	201	
184	183	3806dfa7d9ae7e4b	5			yes					185	186	187	-1	189	
185	184	e23793b83d246735	4			yes					-1	-1	-1	-1	
186	184	25615542ef244286	4			yes					-1	-1	-1	-1	
187	184	26e605389e40ac3c	4			yes					-1	-1	-1	188	
188	187	95e3ad6436a93753	3			yes					-1	-1	-1	
189	184	8b0377fb7147e524	4			yes					-1	-1	-1	-1	
190	183	3426dd844a659333	5			yes					-1	191	192	-1	193	
191	190	294157617cefaffe	4			yes					-1	-1	-1	-1	
192	190	2ac6071b0d8b4144	4			yes					-1	-1	-1	-1	
193	190	872375d8e28c085c	4			yes					-1	-1	-1	-1	
194	183	f3701b7e9865b680	5			yes					-1	-1	195	-1	196	
195	194	ed90c1e1df8b64f7	4			yes					-1	-1	-1	-1	
196	194	4075b322308c2def	4			yes					-1	-1	-1	-1	
197	183	f0f74b04e901583a	5			yes					-1	-1	-1	-1	198	
198	197	43f2e35841e8c355	4			yes					-1	-1	-1	-1	
199	183	bca2fa054a4698ad	5			yes					-1	-1	-1	-1	200	
200	199	0fa75259e2af03c2	4			yes					-1	-1	-1	-1	
201	183	5d1239c706061122	5			yes					-1	-1	-1	-1	-1	
202	166	0673aeb6742ca4c8	7			yes					203	212	218	221	228	231	234	
203	202	d062e08a036d50ce	6			yes					204	-1	205	208	210	211	
204	203	e3ff9816bcb1dee5	7			yes					-1	-1	-1	-1	-1	-1	-1	
205	203	ce823a15448382b9	5			yes					-1	-1	206	-1	207	
206	205	395a88347be753a1	6			yes					-1	-1	-1	-1	-1	-1	
207	205	036d52ada4805e2d	7			yes					-1	-1	-1	-1	-1	-1	-1	
208	203	0b09fbdc9a1ec124	5			yes					-1	-1	-1	-1	209	
209	208	deb5996f34f77ec5	7			yes					-1	-1	-1	-1	-1	-1	-1	
210	203	78095d444cad9a69	5			yes					-1	-1	-1	-1	-1	
211	203	aab6bafd435dac89	5			yes					-1	-1	-1	-1	-1	
212	202	dc42e2a990a6bdb6	6			yes					-1	-1	213	214	216	217	
213	212	1eaca46ff805b049	7			yes					-1	-1	-1	-1	-1	-1	-1	
214	212	0729f9ff09d52c5c	5			yes					-1	-1	215	-1	-1	
215	214	4228839a162b4dbb	6			yes					-1	-1	-1	-1	-1	-1	
216	212	74295f67df667711	5			yes					-1	-1	-1	-1	-1	
217	212	a696b8ded09641f1	5			yes					-1	-1	-1	-1	-1	
218	202	1b14245342a69805	6			yes					-1	-1	-1	219	-1	220	
219	218	c07f3f05dbd509ef	5			yes					-1	-1	-1	-1	-1	
220	218	61c07e2402966442	5			yes					-1	-1	-1	-1	-1	
221	202	1893742933c276bf	6			yes					-1	-1	-1	222	226	227	
222	221	c3f86f7faab1e755	5			yes					-1	-1	-1	223	224	
223	222	d592c217700ec9be	7			yes					-1	-1	-1	-1	-1	-1	-1	
224	222	15b4a9baf5b2ba97	8			yes					-1	-1	-1	-1	-1	-1	-1	225	
225	224	f30f629cb8d9ebe5	7			yes					-1	-1	-1	-1	-1	-1	-1	
226	221	b0f8c9e77c02bc18	5			yes					-1	-1	-1	-1	-1	
227	221	62472e5e73f28af8	5			yes					-1	-1	-1	-1	-1	
228	202	dd18b5e0ed5f3522	6			yes					-1	-1	-1	-1	229	230	
229	228	7573082ea29fff85	5			yes					-1	-1	-1	-1	-1	
230	228	a7ccef97ad6fc965	5			yes					-1	-1	-1	-1	-1	
231	202	ae1813783bec6e6f	6			yes					-1	-1	232	-1	-1	233	
232	231	b37f999d0d6652a2	5			yes					-1	-1	-1	-1	-1	
233	231	d4cc490f7bdc9228	5			yes					-1	-1	-1	-1	-1	
234	202	7ca7f4c1341c588f	6			yes					-1	-1	-1	-1	-1	-1	
235	166	1a4741d5eeaf32da	4			yes					-1	236	243	253	
236	235	7ec8e8d0f5ca2e5b	6			yes					237	239	240	241	242	-1	
237	236	a8d9a6ec828bda5d	5			yes					-1	-1	238	-1	-1	
238	237	08ef4a23470688fa	4			yes					-1	-1	-1	-1	
239	236	a4f9a4cf11403725	5			yes					-1	-1	-1	-1	-1	
240	236	8a48a147e46b5e69	5			yes					-1	-1	-1	-1	-1	
241	236	defe041f30477cfc	5			yes					-1	-1	-1	-1	-1	
242	236	87ff8ac71df456a4	5			yes					-1	-1	-1	-1	-1	
243	235	827b147b5c15886b	6			yes					244	247	249	251	252	-1	
244	243	546a5a472b547c6d	5			yes					245	-1	246	-1	-1	
245	244	8e5b1658cfde6513	4			yes					-1	-1	-1	-1	
246	244	4a8a80d86cbaae1a	4			yes					-1	-1	-1	-1	
247	243	584a5864b89f9115	5			yes					-1	-1	248	-1	-1	
248	247	46aa82fbff714362	4			yes					-1	-1	-1	-1	
249	243	9f1c9e9e6a9fb4a6	5			yes					-1	-1	250	-1	-1	
250	249	81fc44012d7166d1	4			yes					-1	-1	-1	-1	
251	243	9c9bcee41bfb5a1c	5			yes					-1	-1	-1	-1	-1	
252	243	d0ce7fe5b8bc9a8b	5			yes					-1	-1	-1	-1	-1	
253	235	bbb0cba154272f82	7			yes					254	258	260	261	265	267	-1	
254	253	6da1859d2366db84	6			yes					-1	-1	255	256	257	-1	
255	254	73415f02648809f3	5			yes					-1	-1	-1	-1	-1	
256	254	b6ca9ecbba154a6e	5			yes					-1	-1	-1	-1	-1	
257	254	c5ca38536ca61123	5			yes					-1	-1	-1	-1	-1	
258	253	618187beb0ad36fc	6			yes					-1	-1	-1	259	-1	-1	
259	258	0a57188936ea803c	7			yes					-1	-1	-1	-1	-1	-1	-1	
260	253	a6d7414462ad134f	6			yes					-1	-1	-1	-1	-1	-1	
261	253	a550113e13c9fdf5	6			yes					-1	262	-1	263	264	-1	
262	261	d78fd34ba69da0d4	7			yes					-1	-1	-1	-1	-1	-1	-1	
263	261	7e3b0a688aba6c1f	5			yes					-1	-1	-1	-1	-1	
264	261	0d3bacf05c093752	5			yes					-1	-1	-1	-1	-1	
265	253	60dbd0f7cd54be68	6			yes					-1	-1	-1	-1	266	-1	
266	265	c8b06d39829474cf	5			yes					-1	-1	-1	-1	-1	
267	253	13db766f1be7e525	6			yes					-1	-1	-1	-1	-1	-1	
268	90	0dbe55e8818961ae	5			yes					-1	-1	269	284	303	
269	268	a90583eb232c866d	6			yes					270	275	276	277	278	280	
270	269	7f14cdd7546d726b	5			yes					271	272	-1	273	274	
271	270	a52581c8b0e76b15	4			yes					-1	-1	-1	-1	
272	270	35007b09945b7f62	4			yes					-1	-1	-1	-1	
273	270	926fb7861e03451a	4			yes					-1	-1	-1	-1	
274	270	cc11658bfc84e904	4			yes					-1	-1	-1	-1	
275	269	7334cff4c7a69f13	5			yes					-1	-1	-1	-1	-1	
276	269	e3113535e31a8b64	5			yes					-1	-1	-1	-1	-1	
277	269	184a66f0b17a4c6f	5			yes					-1	-1	-1	-1	-1	
278	269	447ef9ba6942b11c	5			yes					-1	-1	-1	-1	279	
279	278	f77b51e6c1ab2a73	4			yes					-1	-1	-1	-1	
280	269	1a002bb78bc51d02	5			yes					-1	281	282	283	-1	
281	280	c03167a86f4f047c	4			yes					-1	-1	-1	-1	
282	280	50149d694bf3100b	4			yes					-1	-1	-1	-1	
283	280	ab4fceac1993d700	4			yes					-1	-1	-1	-1	
284	268	3ead37c9fe952468	6			yes					285	290	294	298	300	302	
285	284	e8bc79f589d4d06e	5			yes					286	287	-1	288	289	
286	285	d5b26d0925f53574	7			yes					-1	-1	-1	-1	-1	-1	-1	
287	285	4203d2c4405d91b3	6			yes					-1	-1	-1	-1	-1	-1	
288	285	40d7c43bc6141ac9	4			yes					-1	-1	-1	-1	
289	285	92682382c9e42c29	4			yes					-1	-1	-1	-1	
290	284	e49c7bd61a1f3d16	5			yes					-1	291	-1	292	293	
291	290	fef9b3f5156256ac	6			yes					-1	-1	-1	-1	-1	-1	
292	290	2710d62121fd82b3	7			yes					-1	-1	-1	-1	-1	-1	-1	
293	290	9e4821a15a2fc151	4			yes					-1	-1	-1	-1	
294	284	74b981173ea32961	5			yes					-1	-1	-1	295	296	
295	294	13f7668c0fad97f0	6			yes					-1	-1	-1	-1	-1	-1	
296	294	f7808ab328f5b98f	7			yes					-1	-1	-1	-1	-1	-1	-1	
297	296	8e9369192efeda9d	6			no					-1	-2	-1	-1	-2	-2	
298	284	948b53445c0dd691	5			yes					-1	-1	-1	-1	299	
299	298	ee5f09331c3d2ad6	4			yes					-1	-1	-1	-1	
300	284	96c68a07b155eecf	5			yes					-1	-1	-1	-1	301	
301	300	ec12d070f1651288	4			yes					-1	-1	-1	-1	
302	284	44796dbebea5d82f	5			yes					-1	-1	-1	-1	-1	
303	268	cb2412d9d629e142	4			yes					-1	-1	304	311	
304	303	c569060bd1d6844b	6			yes					305	307	308	309	310	-1	
305	304	13784837a697704d	5			yes					306	-1	-1	-1	-1	
306	305	c9490428421d6933	4			yes					-1	-1	-1	-1	
307	304	1f584a14355c9d35	5			yes					-1	-1	-1	-1	-1	
308	304	8f7db0d511e08942	5			yes					-1	-1	-1	-1	-1	
309	304	7426e31043804e49	5			yes					-1	-1	-1	-1	-1	
310	304	28127c5a9bb8b33a	5			yes					-1	-1	-1	-1	-1	
311	303	836e52dede9eaf22	6			yes					312	314	315	316	317	-1	
312	311	557f1ce2a9df5b24	5			yes					-1	-1	-1	313	-1	
313	312	fd14a12ce61f9183	4			yes					-1	-1	-1	-1	
314	311	595f1ec13a14b65c	5			yes					-1	-1	-1	-1	-1	
315	311	c97ae4001ea8a22b	5			yes					-1	-1	-1	-1	-1	
316	311	294836537c065ddb	5			yes					-1	-1	-1	-1	-1	
317	311	2b05ef10915e6585	5			yes					-1	-1	-1	-1	-1	
318	90	3082f68192c43cf3	5			yes					-1	-1	-1	319	343	
319	318	61fa3c490620a396	6			yes					320	327	332	337	340	342	
320	319	b7eb727571615790	5			yes					321	322	323	325	326	
321	320	6dda3e6a95eb4eee	4			yes					-1	-1	-1	-1	
322	320	2a95b7a794a4816d	6			yes					-1	-1	-1	-1	-1	-1	
323	320	fd1d227b89eb9931	4			yes					-1	-1	324	-1	
324	323	11ec0d3373327996	7			yes					-1	-1	-1	-1	-1	-1	-1	
325	320	a90ba8ea368f85e7	4			yes					-1	-1	-1	-1	
326	320	c43370509bd808a1	4			yes					-1	-1	-1	-1	
327	319	bbcb7056e2aabae8	5			yes					-1	328	329	331	-1	
328	327	19774155c3c94090	6			yes					-1	-1	-1	-1	-1	-1	
329	327	f13d20581a207449	4			yes					-1	-1	330	-1	
330	329	80ea765fe9353100	7			yes					-1	-1	-1	-1	-1	-1	-1	
331	327	a52baac9a544689f	4			yes					-1	-1	-1	-1	
332	319	2bee8a97c616ae9f	5			yes					-1	-1	333	335	-1	
333	332	6118da993e9c603e	4			yes					-1	-1	334	-1	
334	333	30c185c9db3bf1d3	6			yes					-1	-1	-1	-1	-1	-1	
335	332	a50157a3bdc9b2dd	6			yes					336	-1	-1	-1	-1	-1	
336	335	dc12b409bbc2d1cf	5			yes					-1	-1	-1	-1	-1	
337	319	2b0c6c47feaa6d37	5			yes					-1	-1	-1	338	339	
338	337	35ecb6d8b944bf40	4			yes					-1	-1	-1	-1	
339	337	58d46e6214133206	4			yes					-1	-1	-1	-1	
340	319	7f1ae6d641ce71e1	5			yes					-1	-1	-1	-1	341	
341	340	0cc2e4f3ab772ed0	4			yes					-1	-1	-1	-1	
342	319	12223e6cec99fca7	5			yes					-1	-1	-1	-1	-1	
343	318	f618b1b0c564bc1f	4			yes					-1	-1	-1	344	
344	343	5413a1cdac73e87d	7			yes					345	351	354	358	364	366	369	
345	344	8202eff1db321c7b	6			yes					-1	-1	346	348	-1	350	
346	345	c8f4bfff23b8d2da	5			yes					-1	-1	-1	-1	347	
347	346	1d4a9d2d30206ad8	4			yes					-1	-1	-1	-1	
348	345	9ce2356e9cdcce0c	5			yes					-1	-1	-1	-1	349	
349	348	495c17bc8f44760e	4			yes					-1	-1	-1	-1	
350	345	57bccd23c8aaa479	5			yes					-1	-1	-1	-1	-1	
351	344	8e22edd248f9f103	6			yes					-1	-1	352	-1	-1	353	
352	351	c4d4bddcb0733fa2	5			yes					-1	-1	-1	-1	-1	
353	351	5b9ccf005b614901	5			yes					-1	-1	-1	-1	-1	
354	344	1e0717136c45e574	6			yes					-1	-1	355	356	-1	357	
355	354	27a19bcad5f7b470	8			yes					-1	-1	-1	-1	-1	-1	-1	-1	
356	354	957807bcd42dc880	7			yes					-1	-1	-1	-1	-1	-1	-1	
357	354	cbb935c17fdd5d76	5			yes					-1	-1	-1	-1	-1	
358	344	1ee5f1c354f926dc	6			yes					-1	-1	-1	359	361	362	
359	358	00052b5c1317f4ab	5			yes					-1	-1	-1	-1	360	
360	359	d5bb098e008f4ca9	4			yes					-1	-1	-1	-1	
361	358	8d6a4cb0078b8a04	5			yes					-1	-1	-1	-1	-1	
362	358	cb5bd31147619ede	5			yes					-1	-1	363	-1	-1	
363	362	04c0d7aa8daedc39	8			yes					-1	-1	-1	-1	-1	-1	-1	-1	
364	344	4af37b52eb9d3a0a	6			yes					-1	-1	-1	-1	-1	365	
365	364	9f4d5980f8058208	5			yes					-1	-1	-1	-1	-1	
366	344	c79c1cbeff0144a5	6			yes					367	-1	-1	-1	368	-1	
367	366	118d52828840b0a3	5			yes					-1	-1	-1	-1	-1	
368	366	d97cc621b8ef96d2	5			yes					-1	-1	-1	-1	-1	
369	344	81ad831fbfeb507f	6			yes					-1	-1	-1	-1	-1	-1	
370	90	5d4c75c2fcff732f	5			yes					-1	-1	-1	-1	371	
371	370	9bd632f3ab5ff3c3	4			yes					-1	-1	-1	-1	
372	90	753a8b89ecf70b18	5			yes					-1	-1	-1	-1	-1	
373	8	af86707516bb3fce	3			no					-1	374	427	
374	373	8d69cfa173635b99	5			yes					375	392	403	404	413	
375	374	fc6c1313550e59ab	4			yes					376	-1	377	378	
376	375	8e32d04d40da24d4	5			yes					-1	-1	-1	-1	-1	
377	375	7de5d57adf8c88cc	5			yes					-1	-1	-1	-1	-1	
378	375	26266826b5bf45be	7			yes					-1	380	382	384	386	388	390	
379	378	444e2b9c32d4d29e	6			no					-1	-1	-1	-1	-2	-2	
380	378	8cd03a45272200b3	6			yes					-1	-1	-1	-1	-1	381	
381	380	38193e11e54a5051	5			yes					-1	-1	-1	-1	-1	
382	378	f3905d72071ef531	6			yes					-1	-1	-1	-1	-1	383	
383	382	47595926c576a5d3	5			yes					-1	-1	-1	-1	-1	
384	378	8fc87b66ebc16ad6	6			yes					-1	-1	-1	-1	-1	385	
385	384	3b017f3229a93a34	5			yes					-1	-1	-1	-1	-1	
386	378	da7b00b7b790f204	6			yes					-1	-1	-1	-1	-1	387	
387	386	6eb204e375f8a2e6	5			yes					-1	-1	-1	-1	-1	
388	378	fc525b08396eaa92	6			yes					-1	-1	-1	-1	-1	389	
389	388	489b5f5cfb06fa70	5			yes					-1	-1	-1	-1	-1	
390	378	92ef6c7277d7155c	6			yes					391	-1	-1	-1	-1	-1	
391	390	f0872fc8f0bc827c	5			yes					-1	-1	-1	-1	-1	
392	374	a47b7d40c9797022	4			yes					-1	-1	-1	393	
393	392	ea87298b0209b4ac	7			yes					394	398	-1	-1	400	-1	402	
394	393	4504ead4093adaeb	6			yes					395	-1	-1	-1	-1	397	
395	394	16762302218ce5cb	5			yes					-1	-1	-1	-1	396	
396	395	7f38884755790b55	4			yes					-1	-1	-1	-1	
397	394	2c4a41917dcf3475	5			yes					-1	-1	-1	-1	-1	
398	393	b9f5e05d2abf8b8c	6			yes					-1	-1	-1	-1	-1	399	
399	398	d0bb4b185e4a6512	5			yes					-1	-1	-1	-1	-1	
400	393	0d3b290e070f7a1f	6			yes					-1	-1	-1	-1	-1	401	
401	400	6475824b73fa9481	5			yes					-1	-1	-1	-1	-1	
402	393	83c982ce76fc5a32	6			yes					-1	-1	-1	-1	-1	-1	
403	374	8f5ffd812bee087a	7			yes					-1	-1	-1	-1	-1	-1	-1	
404	374	18f135dca66d0ea7	7			yes					405	408	410	411	412	-1	-1	
405	404	b772f683ad5e60e0	6			yes					406	407	-1	-1	-1	-1	
406	405	e4003f5585e85fc0	5			yes					-1	-1	-1	-1	-1	
407	405	4cff5f16705120cc	5			yes					-1	-1	-1	-1	-1	
408	404	4b83fc0a8edb3187	6			yes					-1	409	-1	-1	-1	-1	
409	408	b00e559f53d471ab	5			yes					-1	-1	-1	-1	-1	
410	404	e37c9c497b624e8b	6			yes					-1	-1	-1	-1	-1	-1	
411	404	b20767bf34f04baa	6			yes					-1	-1	-1	-1	-1	-1	
412	404	cd47008814ccbe28	6			yes					-1	-1	-1	-1	-1	-1	
413	374	ffce3f6cab5f531a	4			yes					-1	-1	414	417	
414	413	983e98d6c74284e9	8			yes					-1	-1	-1	-1	-1	-1	-1	416	
415	414	cb4c5100eff4bbc9	7			no					-1	-1	-1	-1	-1	-1	-2	
416	414	2cf79c82052ad40b	7			yes					-1	-1	-1	-1	-1	-1	-1	
417	413	6b1271594a2db27b	7			yes					418	421	423	424	425	426	-1	
418	417	c491b206411edc3c	6			yes					419	420	-1	-1	-1	-1	
419	418	97e37bd069a8e31c	5			yes					-1	-1	-1	-1	-1	
420	418	3f1c1b939c119c10	5			yes					-1	-1	-1	-1	-1	
421	417	3860b88f629b8d5b	6			yes					-1	422	-1	-1	-1	-1	
422	421	c3ed111abf94cd77	5			yes					-1	-1	-1	-1	-1	
423	417	909fd8cc9722f257	6			yes					-1	-1	-1	-1	-1	-1	
424	417	c1e4233ad8b0f776	6			yes					-1	-1	-1	-1	-1	-1	
425	417	bea4440df88c02f4	6			yes					-1	-1	-1	-1	-1	-1	
426	417	c2fc621914539d13	6			yes					-1	-1	-1	-1	-1	-1	
427	373	9a5e1b500cc5330d	6			no					428	516	602	666	745	-2	
428	427	eb5bc7e22aa8313f	5			yes					429	440	446	464	489	
429	428	a286a19178fd1e52	6			yes					430	431	433	436	438	439	
430	429	4a8c907137ec2547	5			yes					-1	-1	-1	-1	-1	
431	429	e8d169c08972aa1c	5			yes					-1	-1	-1	-1	-1	
432	431	33ba729610013bf6	4			no					-1	-1	-2	-2	
433	429	330428ac673afd21	5			yes					-1	-1	434	-1	435	
434	433	e86f33fafe496ccb	4			yes					-1	-1	-1	-1	
435	433	800180f0cfd3664e	4			yes					-1	-1	-1	-1	
436	429	79edbac7e18e8fb8	5			yes					-1	-1	-1	-1	437	
437	436	cae8129b496714d7	4			yes					-1	-1	-1	-1	
438	429	5bb1c38690c366ad	5			yes					-1	-1	-1	-1	-1	
439	429	118309cdd014853d	5			yes					-1	-1	-1	-1	-1	
440	428	2a9aa5558b248a0d	5			yes					441	442	-1	444	445	
441	440	48f2e6ef0c4f1d2d	4			yes					-1	-1	-1	-1	
442	440	806cf73619b9cf00	4			yes					-1	-1	-1	443	
443	442	33695f6ab150546f	3			yes					-1	-1	-1	
444	440	d3adc742631af2f2	4			yes					-1	-1	-1	-1	
445	440	999f0d0923cd1162	4			yes					-1	-1	-1	-1	
446	428	6d1a6e72f4d0085e	6			yes					447	452	457	460	462	463	
447	446	0f722dc873bb9f7e	5			yes					448	449	450	-1	451	
448	447	a5847fabe126da73	4			yes					-1	-1	-1	-1	
449	447	dac4189cc11a2ff1	4			yes					-1	-1	-1	-1	
450	447	9ef0a4f56c7c7c0d	4			yes					-1	-1	-1	-1	
451	447	bc778594db520411	4			yes					-1	-1	-1	-1	
452	446	c7ec3c11664d4d53	5			yes					-1	453	455	-1	456	
453	452	125a0945d4ecfddc	4			yes					-1	-1	-1	454	
454	453	a15fa1197c0566b3	3			yes					-1	-1	-1	
455	452	566eb52c798aae20	4			yes					-1	-1	-1	-1	
456	452	74e9944dcea4d63c	4			yes					-1	-1	-1	-1	
457	446	b8ac5b264671b8d1	5			yes					-1	-1	458	-1	459	
458	457	292ed21b59b65ba2	4			yes					-1	-1	-1	-1	
459	457	0ba9f37aee9823be	4			yes					-1	-1	-1	-1	
460	446	fc98e74feb17eb2d	5			yes					-1	-1	-1	-1	461	
461	460	4f9d4f1343fe7042	4			yes					-1	-1	-1	-1	
462	446	3faf05ec10791abe	5			yes					-1	-1	-1	-1	-1	
463	446	de1fc62e5c399331	5			yes					-1	-1	-1	-1	-1	
464	428	857e515f2e1326db	7			yes					465	468	474	479	483	486	488	
465	464	e71612e5a978b1fb	6			yes					-1	-1	-1	466	-1	467	
466	465	3c7d09b3300b2011	5			yes					-1	-1	-1	-1	-1	
467	465	9dc24892e9484dbc	5			yes					-1	-1	-1	-1	-1	
468	464	2f88033cbc8e63d6	6			yes					-1	469	470	471	472	473	
469	468	fa3e36680e2fd359	5			yes					-1	-1	-1	-1	-1	
470	468	c8bd107d02b9db86	7			yes					-1	-1	-1	-1	-1	-1	-1	
471	468	f4e3186a25fdf23c	5			yes					-1	-1	-1	-1	-1	
472	468	87e3bef2f34ea971	5			yes					-1	-1	-1	-1	-1	
473	468	555c594bfcbe9f91	5			yes					-1	-1	-1	-1	-1	
474	464	50c8640b9cb29654	6			yes					-1	-1	475	476	477	478	
475	474	9ea359e30ab545a2	6			yes					-1	-1	-1	-1	-1	-1	
476	474	8ba37f5d05c107be	5			yes					-1	-1	-1	-1	-1	
477	474	f8a3d9c5d3725cf3	5			yes					-1	-1	-1	-1	-1	
478	474	2a1c3e7cdc826a13	5			yes					-1	-1	-1	-1	-1	
479	464	14fcd86231d4c5a8	6			yes					-1	-1	-1	480	481	482	
480	479	cf97c334a8a75442	5			yes					-1	-1	-1	-1	-1	
481	479	bc9765ac7e140f0f	5			yes					-1	-1	-1	-1	-1	
482	479	6e28821571e439ef	5			yes					-1	-1	-1	-1	-1	
483	464	5e154a09b760b731	6			yes					-1	-1	-1	-1	484	485	
484	483	f67ef7c7f8a07d96	5			yes					-1	-1	-1	-1	-1	
485	483	24c1107ef7504b76	5			yes					-1	-1	-1	-1	-1	
486	464	2d15ec9161d3ec7c	6			yes					-1	-1	-1	-1	-1	487	
487	486	57c1b6e621e3103b	5			yes					-1	-1	-1	-1	-1	
488	464	ffaa0b286e23da9c	6			yes					-1	-1	-1	-1	-1	-1	
489	428	2dc180d37d08b1d3	4			yes					490	494	496	505	
490	489	ceea24718a071c74	6			yes					-1	-1	491	492	493	-1	
491	490	5f68ad4c95c0ff07	5			yes					-1	-1	-1	-1	-1	
492	490	15813f2713748d9e	5			yes					-1	-1	-1	-1	-1	
493	490	37dd46666239648b	5			yes					-1	-1	-1	-1	-1	
494	489	46f620b579de882b	5			yes					-1	495	-1	-1	-1	
495	494	ec0072d6eb43cd26	4			yes					-1	-1	-1	-1	
496	489	0176eb92062a0a78	6			yes					497	498	501	503	504	-1	
497	496	631ea82881419d58	5			yes					-1	-1	-1	-1	-1	
498	496	ab80b9f194b74f75	5			yes					-1	499	500	-1	-1	
499	498	7e368ca52616fffa	4			yes					-1	-1	-1	-1	
500	498	3a0230cc8b70ac06	4			yes					-1	-1	-1	-1	
501	496	d4c0dec6b48bbaf7	5			yes					-1	-1	502	-1	-1	
502	501	454257fbab4c5984	4			yes					-1	-1	-1	-1	
503	496	90f462af19ede90b	5			yes					-1	-1	-1	-1	-1	
504	496	53c3800ce2831898	5			yes					-1	-1	-1	-1	-1	
505	489	38bd34480e18ad91	7			yes					506	507	509	511	513	515	-1	
506	505	5ad577f289733ab1	6			yes					-1	-1	-1	-1	-1	-1	
507	505	924b662b9c85e89c	6			yes					-1	-1	-1	508	-1	-1	
508	507	49207d7d05f67976	5			yes					-1	-1	-1	-1	-1	
509	505	ed0b011cbcb91d1e	6			yes					-1	-1	-1	510	-1	-1	
510	509	36601a4a25ca8cf4	5			yes					-1	-1	-1	-1	-1	
511	505	a93fbd7511df4ee2	6			yes					-1	-1	-1	-1	-1	-1	
512	511	53ba5024292f0283	7			yes					-1	-1	-1	-1	-1	-1	-1	
513	505	e3d62f1e976b3c7b	6			yes					-1	-1	-1	-1	514	-1	
514	513	4bbd92d0d8abf6dc	5			yes					-1	-1	-1	-1	-1	
515	505	90d6898641d86736	6			yes					-1	-1	-1	-1	-1	-1	
516	427	b34ca9b1b6df18b6	5			yes					-1	517	525	553	574	
517	516	ca97894f2a15be30	6			yes					518	521	-1	-1	523	524	
518	517	65144a102126d077	5			yes					519	-1	-1	-1	520	
519	518	366683c60990ef57	4			yes					-1	-1	-1	-1	
520	518	d611e24c89cf4b18	4			yes					-1	-1	-1	-1	
521	517	99e5409902a38110	5			yes					-1	-1	-1	-1	522	
522	521	2ae0e8c5aa4a1a7f	4			yes					-1	-1	-1	-1	
523	517	33a0eb58c22bc6cf	5			yes					-1	-1	-1	-1	-1	
524	517	7992211382fc255f	5			yes					-1	-1	-1	-1	-1	
525	516	481e72a4995367f2	7			yes					526	537	544	545	548	550	552	
526	525	e79db1fb926009b5	6			yes					527	-1	531	533	535	536	
527	526	b4ef782dbad63695	5			yes					-1	528	529	-1	530	
528	527	0b4032d8a7bcc2c6	4			yes					-1	-1	-1	-1	
529	527	f072182bc84f3d18	4			yes					-1	-1	-1	-1	
530	527	07ead071123fadfa	4			yes					-1	-1	-1	-1	
531	526	5832fb0e8f0afde6	5			yes					-1	-1	-1	-1	532	
532	531	eb37535227e36689	4			yes					-1	-1	-1	-1	
533	526	a300d1fde0f90238	5			yes					-1	-1	-1	-1	534	
534	533	100579a148109957	4			yes					-1	-1	-1	-1	
535	526	883cd3b652242b16	5			yes					-1	-1	-1	-1	-1	
536	526	549819a73a8992da	5			yes					-1	-1	-1	-1	-1	
537	525	1b6cbb72b1e558d2	6			yes					-1	-1	538	540	541	542	
538	537	a4c3f187ac8fac81	5			yes					-1	-1	-1	-1	539	
539	538	17c659db046637ee	4			yes					-1	-1	-1	-1	
540	537	5ff1db74c37c535f	5			yes					-1	-1	-1	-1	-1	
541	537	74cdd93f71a17a71	5			yes					-1	-1	-1	-1	-1	
542	537	a869132e190cc3bd	5			yes					-1	-1	-1	543	-1	
543	542	ecf473286b95c830	4			yes					-1	-1	-1	-1	
544	525	db67ea6b24db1775	6			yes					-1	-1	-1	-1	-1	-1	
545	525	f7b13851843993a1	6			yes					-1	-1	-1	546	-1	547	
546	545	b32c5857f6a0982c	5			yes					-1	-1	-1	-1	-1	
547	545	44b4900d2cd008ce	5			yes					-1	-1	-1	-1	-1	
548	525	0c8312a2ebca6c7f	6			yes					-1	-1	-1	-1	-1	549	
549	548	bf86bafe4323f710	5			yes					-1	-1	-1	-1	-1	
550	525	27bf10e959174551	6			yes					-1	-1	-1	-1	-1	551	
551	550	94bab8b5f1fede3e	5			yes					-1	-1	-1	-1	-1	
552	525	fb1bdaf831bafc9d	6			yes					-1	-1	-1	-1	-1	-1	
553	516	02ee59133dcd6265	7			yes					554	560	565	567	570	571	573	
554	553	ad6d9a4c36fe0c22	6			yes					555	556	557	-1	558	559	
555	554	fe1f539a1e483302	5			yes					-1	-1	-1	-1	-1	
556	554	3e1402838b767ca5	5			yes					-1	-1	-1	-1	-1	
557	554	12c2d0b92b94f871	5			yes					-1	-1	-1	-1	-1	
558	554	05062782793ec685	5			yes					-1	-1	-1	-1	-1	
559	554	d7b9c03b76cef065	5			yes					-1	-1	-1	-1	-1	
560	553	519c90c5157b5d45	6			yes					-1	561	562	-1	563	564	
561	560	c2e5080aa8f32dc2	5			yes					-1	-1	-1	-1	-1	
562	560	ee33da300811a916	5			yes					-1	-1	-1	-1	-1	
563	560	f9f72d0b5abb97e2	5			yes					-1	-1	-1	-1	-1	
564	560	2b48cab2554ba102	5			yes					-1	-1	-1	-1	-1	
565	553	9197c1dc804512e2	6			yes					-1	-1	-1	-1	-1	566	
566	565	eb439babc075eea5	5			yes					-1	-1	-1	-1	-1	
567	553	bd4113e620a79636	6			yes					-1	-1	-1	-1	568	569	
568	567	152aae286f675c91	5			yes					-1	-1	-1	-1	-1	
569	567	c795499160976a71	5			yes					-1	-1	-1	-1	-1	
570	553	02983f0a8c97e353	6			yes					-1	-1	-1	-1	-1	-1	
571	553	aa85e4dd720da8c2	6			yes					-1	-1	-1	-1	-1	572	
572	571	d051beaa323d5485	5			yes					-1	-1	-1	-1	-1	
573	553	783a03647dfd9e22	6			yes					-1	-1	-1	-1	-1	-1	
574	516	75d6ee80e17f985a	4			yes					-1	575	578	589	
575	574	a6fb0cafd8efbc16	6			yes					576	577	-1	-1	-1	-1	
576	575	0978cff0d3dcd251	5			yes					-1	-1	-1	-1	-1	
577	575	f589c579f0598336	5			yes					-1	-1	-1	-1	-1	
578	574	2472f7446ba965d4	7			yes					579	583	-1	586	587	588	-1	
579	578	8bf1341b609a0b93	6			yes					580	-1	581	582	-1	-1	
580	579	d883fdcd482c34b3	5			yes					-1	-1	-1	-1	-1	
581	579	345e7eee7df0ffc0	5			yes					-1	-1	-1	-1	-1	
582	579	cf6c541d1203001e	5			yes					-1	-1	-1	-1	-1	
583	578	77003e92431f5af4	6			yes					-1	-1	584	585	-1	-1	
584	583	c8af74675e75aea7	5			yes					-1	-1	-1	-1	-1	
585	583	339d5e9431865179	5			yes					-1	-1	-1	-1	-1	
586	578	9bddbdb176c39187	6			yes					-1	-1	-1	-1	-1	-1	
587	578	60ef974219306e59	6			yes					-1	-1	-1	-1	-1	-1	
588	578	4bd39509abed4777	6			yes					-1	-1	-1	-1	-1	-1	
589	574	bf2d3c041dc6e92f	7			yes					590	594	597	598	600	601	-1	
590	589	10aeff5b16f58768	6			yes					591	-1	592	-1	593	-1	
591	590	43dc368d3e43b848	5			yes					-1	-1	-1	-1	-1	
592	590	af01b5ae0b9f733b	5			yes					-1	-1	-1	-1	-1	
593	590	b8c5429559354dcf	5			yes					-1	-1	-1	-1	-1	
594	589	ec5ff5d23570d60f	6			yes					-1	-1	595	-1	596	-1	
595	594	53f0bf27281a225c	5			yes					-1	-1	-1	-1	-1	
596	594	4434481c7ab01ca8	5			yes					-1	-1	-1	-1	-1	
597	589	2c54a4cba04e99a8	6			yes					-1	-1	-1	-1	-1	-1	
598	589	008276f100ac1d7c	6			yes					-1	-1	-1	-1	599	-1	
599	598	a8e9cb3f4f6cd7db	5			yes					-1	-1	-1	-1	-1	
600	589	bf5b5a1dac9c6819	6			yes					-1	-1	-1	-1	-1	-1	
601	589	174681ca52062388	6			yes					-1	-1	-1	-1	-1	-1	
602	427	f343aa21a5ece6b9	5			yes					-1	-1	603	624	647	
603	602	1c311c4f080569dd	7			yes					604	612	617	620	-1	622	623	
604	603	b3b2df100336079a	6			yes					605	608	610	-1	-1	611	
605	604	e0c016c62b8038ba	5			yes					606	-1	-1	-1	607	
606	605	1b4dbf53f68f7896	4			yes					-1	-1	-1	-1	
607	605	53c5be9a8369a3d5	4			yes					-1	-1	-1	-1	
608	604	483f7685de3947b6	5			yes					-1	-1	-1	-1	609	
609	608	fb3aded976d0dcd9	4			yes					-1	-1	-1	-1	
610	604	19448d7391ab4297	5			yes					-1	-1	-1	-1	-1	
611	604	00b7774cabdf9cf5	5			yes					-1	-1	-1	-1	-1	
612	603	4f43d59920b356fd	6			yes					-1	613	615	-1	-1	616	
613	612	b4ce7c0cfdbc16d1	5			yes					-1	-1	-1	-1	614	
614	613	07cbd45055558dbe	4			yes					-1	-1	-1	-1	
615	612	e5b587fab22e13f0	5			yes					-1	-1	-1	-1	-1	
616	612	fc467dc5885acd92	5			yes					-1	-1	-1	-1	-1	
617	603	e7bcb5dad50a29f1	6			yes					-1	-1	618	-1	-1	619	
618	617	4d4ae7b947976cfc	5			yes					-1	-1	-1	-1	-1	
619	617	54b91d867de3b29e	5			yes					-1	-1	-1	-1	-1	
620	603	b6c74e2c9a982cd0	6			yes					-1	-1	-1	-1	-1	621	
621	620	05c2e6703271b7bf	5			yes					-1	-1	-1	-1	-1	
622	603	73907e02c8414b7e	6			yes					-1	-1	-1	-1	-1	-1	
623	603	af34b413a0ecf2b2	6			yes					-1	-1	-1	-1	-1	-1	
624	602	d7036801bde2d916	7			yes					625	631	636	640	643	644	646	
625	624	7880ab5eb6d1b751	6			yes					626	627	628	-1	629	630	
626	625	2bf262889e678871	5			yes					-1	-1	-1	-1	-1	
627	625	830d02cb6bdef77d	5			yes					-1	-1	-1	-1	-1	
628	625	d276f93d244cf25c	5			yes					-1	-1	-1	-1	-1	
629	625	d0eb1690f9117df6	5			yes					-1	-1	-1	-1	-1	
630	625	0254f129f6e14b16	5			yes					-1	-1	-1	-1	-1	
631	624	8471a1d79554e636	6			yes					-1	632	633	-1	634	635	
632	631	7ffc0842485ba61a	5			yes					-1	-1	-1	-1	-1	
633	631	2e87f3b407c9a33b	5			yes					-1	-1	-1	-1	-1	
634	631	2c1a1c19da942c91	5			yes					-1	-1	-1	-1	-1	
635	631	fea5fba0d5641a71	5			yes					-1	-1	-1	-1	-1	
636	624	2c8ec19460ed993a	6			yes					-1	-1	637	-1	638	639	
637	636	867893f7f270dc37	5			yes					-1	-1	-1	-1	-1	
638	636	84e57c5a2f2d539d	5			yes					-1	-1	-1	-1	-1	
639	636	565a9be320dd657d	5			yes					-1	-1	-1	-1	-1	
640	624	7df53a622f7f9c1b	6			yes					-1	-1	-1	-1	641	642	
641	640	d59e87ac60bf56bc	5			yes					-1	-1	-1	-1	-1	
642	640	072160156f4f605c	5			yes					-1	-1	-1	-1	-1	
643	624	7f3516c663e762a6	6			yes					-1	-1	-1	-1	-1	-1	
644	624	7f68d5cff22213b1	6			yes					-1	-1	-1	-1	-1	645	
645	644	05bc8fb8b212eff6	5			yes					-1	-1	-1	-1	-1	
646	624	add73276fdd22551	6			yes					-1	-1	-1	-1	-1	-1	
647	602	35d9ed10f24c6655	4			yes					-1	-1	648	657	
648	647	705d99affaff6bfb	7			yes					649	652	654	655	-1	656	-1	
649	648	dfde5af0f1cc05bc	6			yes					650	651	-1	-1	-1	-1	
650	649	8cac9326d97a3a9c	5			yes					-1	-1	-1	-1	-1	
651	649	2453f3652cc34590	5			yes					-1	-1	-1	-1	-1	
652	648	232f5079d24954db	6			yes					-1	653	-1	-1	-1	-1	
653	652	d8a2f9ec0f4614f7	5			yes					-1	-1	-1	-1	-1	
654	648	8bd0303a27f02bd7	6			yes					-1	-1	-1	-1	-1	-1	
655	648	daabcbcc68622ef6	6			yes					-1	-1	-1	-1	-1	-1	
656	648	1ffcfbe23abb4958	6			yes					-1	-1	-1	-1	-1	-1	
657	647	6ac00d169de9525c	7			yes					658	661	663	664	-1	665	-1	
658	657	c543ce4996da3c1b	6			yes					659	660	-1	-1	-1	-1	
659	658	9631079fbe6c033b	5			yes					-1	-1	-1	-1	-1	
660	658	3ece67dc4bd57c37	5			yes					-1	-1	-1	-1	-1	
661	657	39b2c4c0b55f6d7c	6			yes					-1	662	-1	-1	-1	-1	
662	661	c23f6d5568502d50	5			yes					-1	-1	-1	-1	-1	
663	657	914da48340e61270	6			yes					-1	-1	-1	-1	-1	-1	
664	657	c0365f750f741751	6			yes					-1	-1	-1	-1	-1	-1	
665	657	c2abb0d8d22998fb	6			yes					-1	-1	-1	-1	-1	-1	
666	427	197c21692556840a	5			yes					-1	-1	-1	667	703	
667	666	9a664f332bc8588b	7			yes					668	682	691	696	699	701	702	
668	667	35e58c6c20fb36cc	6			yes					669	674	678	679	680	681	
669	668	669745ba084d09ec	5			yes					670	671	672	673	-1	
670	669	8003cb0f97633662	6			yes					-1	-1	-1	-1	-1	-1	
671	669	a6d6e27c4165dcb2	6			yes					-1	-1	-1	-1	-1	-1	
672	669	0739d8b2d1644570	6			yes					-1	-1	-1	-1	-1	-1	
673	669	9447f3cdc01781cd	5			yes					-1	-1	-1	-1	-1	
674	668	ce6825f9fdf476e0	5			yes					-1	675	676	677	-1	
675	674	8f02201400bc74f7	6			yes					-1	-1	-1	-1	-1	-1	
676	674	f6a870faa8ec5ba0	6			yes					-1	-1	-1	-1	-1	-1	
677	674	f11275564150e0f8	6			yes					-1	-1	-1	-1	-1	-1	
678	668	9f13de0fb26673c1	5			yes					-1	-1	-1	-1	-1	
679	668	e053b938925a8643	5			yes					-1	-1	-1	-1	-1	
680	668	a46705513f3cd5bf	5			yes					-1	-1	-1	-1	-1	
681	668	463d8e49ca4269fd	5			yes					-1	-1	-1	-1	-1	
682	667	c91486e5037e67ab	6			yes					-1	683	687	688	689	690	
683	682	32992f70de712787	5			yes					-1	684	685	686	-1	
684	683	2b7e94a462182499	6			yes					-1	-1	-1	-1	-1	-1	
685	683	fc7c031b287ef3f7	6			yes					-1	-1	-1	-1	-1	-1	
686	683	fbc606b7c1c248af	6			yes					-1	-1	-1	-1	-1	-1	
687	682	63e2d48691e322a6	5			yes					-1	-1	-1	-1	-1	
688	682	1ca2b3b1b1dfd724	5			yes					-1	-1	-1	-1	-1	
689	682	58960fd81cb984d8	5			yes					-1	-1	-1	-1	-1	
690	682	bacc84c0e9c7389a	5			yes					-1	-1	-1	-1	-1	
691	667	61ebe6a6f6c718a7	6			yes					-1	-1	692	693	694	695	
692	691	cb1db4c5645a5daa	5			yes					-1	-1	-1	-1	-1	
693	691	b45dd3f24466a828	5			yes					-1	-1	-1	-1	-1	
694	691	f0696f9be900fbd4	5			yes					-1	-1	-1	-1	-1	
695	691	1233e4831c7e4796	5			yes					-1	-1	-1	-1	-1	
696	667	30901d50b9551d86	6			yes					-1	-1	-1	697	698	-1	
697	696	e52628040bf4ad09	5			yes					-1	-1	-1	-1	-1	
698	696	a112946da692fef5	5			yes					-1	-1	-1	-1	-1	
699	667	4fd07a679969e804	6			yes					-1	-1	-1	-1	700	-1	
700	699	de52f35a86ae0b77	5			yes					-1	-1	-1	-1	-1	
701	667	0be4c60e340fbbf8	6			yes					-1	-1	-1	-1	-1	-1	
702	667	e9be4d16c17107ba	6			yes					-1	-1	-1	-1	-1	-1	
703	666	dfe6665872f604e6	4			yes					-1	-1	-1	704	
704	703	af8fd2b7819b1360	8			yes					705	718	728	736	739	741	743	744	
705	704	000c11e88aa87d27	7			yes					706	709	711	713	715	716	717	
706	705	537ed83ea21e4207	6			yes					-1	-1	-1	-1	-1	708	
707	706	b07a9b10fe874c3f	7			no					-1	-2	-2	-2	-2	-2	-2	
708	706	86c0faecb186fa05	5			yes					-1	-1	-1	-1	-1	
709	705	fb81b87d57a73d0b	6			yes					-1	-1	-1	-1	-1	710	
710	709	2e3f9aaf443f8509	5			yes					-1	-1	-1	-1	-1	
711	705	aafa438b1835382a	6			yes					-1	-1	-1	-1	-1	712	
712	711	7f4461590bad8028	5			yes					-1	-1	-1	-1	-1	
713	705	d5ba24bc3809cda8	6			yes					-1	-1	-1	-1	-1	714	
714	713	0004066e2b9175aa	5			yes					-1	-1	-1	-1	-1	
715	705	926189e229d9e422	7			yes					-1	-1	-1	-1	-1	-1	-1	
716	705	9383ac9bd9dad1ff	6			yes					-1	-1	-1	-1	-1	-1	
717	705	d5b2333a9930c525	6			yes					-1	-1	-1	-1	-1	-1	
718	704	fcfd1b61a92d2c40	7			yes					-1	719	721	723	725	726	727	
719	718	0770b2f474226c6c	6			yes					-1	-1	-1	-1	-1	720	
720	719	d2ce902667bad46e	5			yes					-1	-1	-1	-1	-1	
721	718	560b49023bb0694d	6			yes					-1	-1	-1	-1	-1	722	
722	721	83b56bd02828d14f	5			yes					-1	-1	-1	-1	-1	
723	718	294b2e351b8c9ccf	6			yes					-1	-1	-1	-1	-1	724	
724	723	fcf50ce7081424cd	5			yes					-1	-1	-1	-1	-1	
725	718	fe0d93c5bb286e85	7			yes					-1	-1	-1	-1	-1	-1	-1	
726	718	6f72a612fa5f8098	6			yes					-1	-1	-1	-1	-1	-1	
727	718	294339b3bab59442	6			yes					-1	-1	-1	-1	-1	-1	
728	704	54027b225c94534c	7			yes					-1	-1	729	731	733	734	735	
729	728	fef42941ce091641	6			yes					-1	-1	-1	-1	-1	730	
730	729	2b4a0b93dd91ae43	5			yes					-1	-1	-1	-1	-1	
731	728	81b44e76ee35e3c3	6			yes					-1	-1	-1	-1	-1	732	
732	731	540a6ca4fdad5bc1	5			yes					-1	-1	-1	-1	-1	
733	728	42accb6ce9b05134	8			yes					-1	-1	-1	-1	-1	-1	-1	-1	
734	728	c78dc6510fe6ff94	6			yes					-1	-1	-1	-1	-1	-1	
735	728	81bc59f04f0ceb4e	6			yes					-1	-1	-1	-1	-1	-1	
736	704	057980d41306566d	7			yes					-1	-1	-1	737	-1	-1	738	
737	736	d0cfb580a1a7e6e2	6			yes					-1	-1	-1	-1	-1	-1	
738	736	d0c7a206009eee6f	6			yes					-1	-1	-1	-1	-1	-1	
739	704	7a39e7e3333aa3ef	7			yes					-1	-1	-1	-1	-1	-1	740	
740	739	af87c53120a21bed	6			yes					-1	-1	-1	-1	-1	-1	
741	704	3e0d5b8a9e5cf013	7			yes					-1	-1	-1	-1	-1	-1	742	
742	741	ebb379588dc44811	6			yes					-1	-1	-1	-1	-1	-1	
743	704	3c006fc4d2e9bfb8	7			yes					-1	-1	-1	-1	-1	-1	-1	
744	704	7a31f0659203ab62	7			yes					-1	-1	-1	-1	-1	-1	-1	
745	427	74b2a22a4b6dcbd6	5			no					-1	-1	-1	-1	746	
746	745	5da9d4ee77f92bfa	9			no					747	785	813	-2	-2	-2	-2	-2	-2	
747	746	f22a17b17cca45bd	8			yes					748	758	767	772	776	779	782	784	
748	747	a158de67547c7a9d	7			yes					-1	749	750	751	752	755	756	
749	748	0bae8c04c6e13f90	6			yes					-1	-1	-1	-1	-1	-1	
750	748	74eeeb33e6ddca12	6			yes					-1	-1	-1	-1	-1	-1	
751	748	61554ea8b01a0c20	6			yes					-1	-1	-1	-1	-1	-1	
752	748	7a33c531cd0feb77	6			yes					753	-1	-1	-1	-1	754	
753	752	ec94d86cf28cd4ae	6			yes					-1	-1	-1	-1	-1	-1	
754	752	bd24fa51ad349c7a	5			yes					-1	-1	-1	-1	-1	
755	748	093363a91bbcb03a	6			yes					-1	-1	-1	-1	-1	-1	
756	748	664fe10734470d90	6			yes					-1	-1	-1	-1	-1	757	
757	756	ce245cc97b87c737	5			yes					-1	-1	-1	-1	-1	
758	747	09a7be24a1c50591	7			yes					-1	759	760	761	762	763	764	
759	758	a351ec473358409c	6			yes					-1	-1	-1	-1	-1	-1	
760	758	dc118b701364b51e	6			yes					-1	-1	-1	-1	-1	-1	
761	758	0400c833315d6d15	7			yes					-1	-1	-1	-1	-1	-1	-1	
762	758	d2cca57238b6947b	6			yes					-1	-1	-1	-1	-1	-1	
763	758	a1cc03eaee05cf36	6			yes					-1	-1	-1	-1	-1	-1	
764	758	ceb08144c1fe729c	6			yes					-1	-1	-1	-1	765	766	
765	764	15db9a12588de376	5			yes					-1	-1	-1	-1	-1	
766	764	66db3c8a8e3eb83b	5			yes					-1	-1	-1	-1	-1	
767	747	58dc45d2ee5700b0	7			yes					-1	-1	768	-1	769	770	771	
768	767	8d6a70865cf6b03f	6			yes					-1	-1	-1	-1	-1	-1	
769	767	83b75e847724915a	6			yes					-1	-1	-1	-1	-1	-1	
770	767	f0b7f81ca197ca17	6			yes					-1	-1	-1	-1	-1	-1	
771	767	9fcb7ab28e6c77bd	6			yes					-1	-1	-1	-1	-1	-1	
772	747	279c22e5ce6bf532	7			yes					-1	-1	-1	-1	773	774	775	
773	772	fcf739b3571864d8	6			yes					-1	-1	-1	-1	-1	-1	
774	772	8ff79f2b81ab3f95	6			yes					-1	-1	-1	-1	-1	-1	
775	772	e08b1d85ae50823f	6			yes					-1	-1	-1	-1	-1	-1	
776	747	63a89e8c630da6ce	7			yes					-1	-1	-1	-1	777	-1	778	
777	776	8692d1a5897d153a	7			yes					-1	-1	-1	-1	-1	-1	-1	
778	776	a4bfa1ec0336d1c3	6			yes					-1	-1	-1	-1	-1	-1	
779	747	29410ce7e5b9d457	7			yes					-1	-1	-1	-1	-1	780	781	
780	779	812ab129aa791ef0	6			yes					-1	-1	-1	-1	-1	-1	
781	779	ee5633878582a35a	6			yes					-1	-1	-1	-1	-1	-1	
782	747	5a41aa7f330a8f1a	7			yes					-1	-1	-1	-1	-1	-1	783	
783	782	9d56951f5331f817	6			yes					-1	-1	-1	-1	-1	-1	
784	747	353d28d11cf132b0	7			yes					-1	-1	-1	-1	-1	-1	-1	
785	746	0edb1d385f4f14da	8			yes					-1	786	795	800	804	807	810	812	
786	785	f556b4ad824054f6	7			yes					-1	787	788	789	790	792	793	
787	786	5fa0e6ce10dd11fb	6			yes					-1	-1	-1	-1	-1	-1	
788	786	20e081f930e1e479	6			yes					-1	-1	-1	-1	-1	-1	
789	786	0ed4bbd2b1cfc542	7			yes					-1	-1	-1	-1	-1	-1	-1	
790	786	2e3daffb1b33c51c	6			yes					-1	-1	-1	-1	-1	791	
791	790	e92a909b7b08b211	5			yes					-1	-1	-1	-1	-1	
792	786	5d3d0963cd809e51	6			yes					-1	-1	-1	-1	-1	-1	
793	786	32418bcde27b23fb	6			yes					-1	-1	-1	-1	-1	794	
794	793	9a2a3603adbbe95c	5			yes					-1	-1	-1	-1	-1	
795	785	a42d4f5bcdd251d7	7			yes					-1	-1	796	-1	797	798	799	
796	795	719b7a0f7f73e158	6			yes					-1	-1	-1	-1	-1	-1	
797	795	7f46540d54a1c03d	6			yes					-1	-1	-1	-1	-1	-1	
798	795	0c46f29582129b70	6			yes					-1	-1	-1	-1	-1	-1	
799	795	633a703bade926da	6			yes					-1	-1	-1	-1	-1	-1	
800	785	db6d286cedeea455	7			yes					-1	-1	-1	-1	801	802	803	
801	800	0006333a749d35bf	6			yes					-1	-1	-1	-1	-1	-1	
802	800	730695a2a22e6ef2	6			yes					-1	-1	-1	-1	-1	-1	
803	800	1c7a170c8dd5d358	6			yes					-1	-1	-1	-1	-1	-1	
804	785	9f5994054088f7a9	7			yes					-1	-1	-1	-1	805	-1	806	
805	804	eafecb821b8c9f9d	7			yes					-1	-1	-1	-1	-1	-1	-1	
806	804	584eab6520b380a4	6			yes					-1	-1	-1	-1	-1	-1	
807	785	d5b0066ec63c8530	7			yes					-1	-1	-1	-1	-1	808	809	
808	807	7ddbbba089fc4f97	6			yes					-1	-1	-1	-1	-1	-1	
809	807	12a7390ea607f23d	6			yes					-1	-1	-1	-1	-1	-1	
810	785	a6b0a0f6108fde7d	7			yes					-1	-1	-1	-1	-1	-1	811	
811	810	61a79f9670b4a970	6			yes					-1	-1	-1	-1	-1	-1	
812	785	c9cc22583f7463d7	7			yes					-1	-1	-1	-1	-1	-1	-1	
813	746	a6247d7baaf66bd6	8			no					-1	-1	814	819	823	826	-2	-2	
814	813	0cd22f18386b2edb	7			yes					-1	-1	815	-1	816	817	818	
815	814	d9641a4c8aca9e54	6			yes					-1	-1	-1	-1	-1	-1	
816	814	d7b9344ea118bf31	6			yes					-1	-1	-1	-1	-1	-1	
817	814	a4b992d677abe47c	6			yes					-1	-1	-1	-1	-1	-1	
818	814	cbc51078585059d6	6			yes					-1	-1	-1	-1	-1	-1	
819	813	7392482f1857db59	7			yes					-1	-1	-1	-1	820	821	822	
820	819	a8f9537981244ab3	6			yes					-1	-1	-1	-1	-1	-1	
821	819	dbf9f5e1579711fe	6			yes					-1	-1	-1	-1	-1	-1	
822	819	b485774f786cac54	6			yes					-1	-1	-1	-1	-1	-1	
823	813	37a6f446b53188a5	7			yes					-1	-1	-1	-1	824	-1	825	
824	823	565f932b4914a02c	8			yes					-1	-1	-1	-1	-1	-1	-1	-1	
825	823	f0b1cb26d50affa8	6			yes					-1	-1	-1	-1	-1	-1	
826	813	7d4f662d3385fa3c	7			no					-1	-1	-2	-2	-2	-2	-2	
