Number of nodes
154
ID	PID	Hash_Value			File_Number	Fully_Enumerated	Children
0	-1	dde5617ca3bae837	6			yes					1	24	47	69	86	104	
1	0	33e5e61b781640c0	5			yes					2	7	15	21	23	
2	1	d4fb47cf4a3565d3	4			yes					3	4	-1	5	
3	2	f42603aeab658d24	4			yes					-1	-1	-1	-1	
4	2	6c3bcb6d78c1c636	4			yes					-1	-1	-1	-1	
5	2	ddec49cc330e66c2	5			yes					-1	-1	-1	-1	6	
6	5	ac944b013c919d1f	4			yes					-1	-1	-1	-1	
7	1	0f3ec25c501d875a	4			yes					-1	8	10	11	
8	7	41cce189011d1a15	5			yes					9	-1	-1	-1	-1	
9	8	47b97ebb1e27c7be	4			yes					-1	-1	-1	-1	
10	7	67fe59c8ecde9c3c	4			yes					-1	-1	-1	-1	
11	7	9f4b9447e3fe0bbb	3			yes					-1	13	14	
12	11	c666762b37df9eb5	4			no					-1	-1	-1	-2	
13	11	e801f4b429bb2bfe	5			yes					-1	-1	-1	-1	-1	
14	11	95e89fac3631d4c3	4			yes					-1	-1	-1	-1	
15	1	a4a6046a1593cc75	4			yes					-1	-1	16	18	
16	15	721e8591ff245088	5			yes					-1	-1	-1	-1	17	
17	16	92c4981d5af36381	4			yes					-1	-1	-1	-1	
18	15	34d35271a6704094	3			yes					19	-1	20	
19	18	2eb2e738f1b24df1	4			yes					-1	-1	-1	-1	
20	18	f8004adccd4d8d9b	5			yes					-1	-1	-1	-1	-1	
21	1	dcf331f9c44ee2dd	4			yes					-1	-1	-1	22	
22	21	4c8667e277ad6e3c	3			yes					-1	-1	-1	
23	1	a390b000cbf5cc21	4			yes					-1	-1	-1	-1	
24	0	110637c8fc296da3	5			yes					25	34	38	44	46	
25	24	2a484d96d6abbb94	4			yes					26	28	29	30	
26	25	eb4573ebe38bd14c	5			yes					-1	-1	-1	-1	-1	
27	26	18c81c50c9ef221f	4			no					-1	-1	-2	-1	
28	25	9b2f3a97c2fcaee8	4			yes					-1	-1	-1	-1	
29	25	fbf53a2c1eb5ec02	4			yes					-1	-1	-1	-1	
30	25	ba3d1b8d65483775	3			yes					31	32	33	
31	30	69b01e9dc670d9c2	5			yes					-1	-1	-1	-1	-1	
32	30	d9a616c24b8f252f	4			yes					-1	-1	-1	-1	
33	30	fae98a1e751fc956	4			yes					-1	-1	-1	-1	
34	24	d36e19d648bc747e	4			yes					-1	35	-1	36	
35	34	9c6ec46c9f049fcd	4			yes					-1	-1	-1	-1	
36	34	134ea827249ea192	5			yes					-1	-1	-1	-1	37	
37	36	6236aaea2b015a4f	4			yes					-1	-1	-1	-1	
38	24	8645d5b991ace116	4			yes					-1	-1	39	41	
39	38	786826fb092ae5d4	5			yes					-1	-1	-1	-1	40	
40	39	98b23b77acfdd6dd	4			yes					-1	-1	-1	-1	
41	38	163083a2224f6df7	3			yes					-1	42	43	
42	41	e653cbb30455fe45	4			yes					-1	-1	-1	-1	
43	41	f276e9b63b4338c7	5			yes					-1	-1	-1	-1	-1	
44	24	fe10e02a4071cfbe	4			yes					-1	-1	-1	45	
45	44	6e65b631f392435f	3			yes					-1	-1	-1	
46	24	817361d34fcae142	4			yes					-1	-1	-1	-1	
47	0	c85e68ee78274cde	5			yes					48	57	64	66	68	
48	47	f31012b052a59ae9	4			yes					49	51	52	53	
49	48	1f174f1ca226b264	5			yes					-1	-1	-1	-1	50	
50	49	ec9a20a788424137	4			yes					-1	-1	-1	-1	
51	48	eb1e72a51dcffaf3	4			yes					-1	-1	-1	-1	
52	48	b2ffcb9435db409a	4			yes					-1	-1	-1	-1	
53	48	636544abe1461608	3			yes					54	55	56	
54	53	9de2226a87ddbaea	5			yes					-1	-1	-1	-1	-1	
55	53	e41148d9dd160dce	4			yes					-1	-1	-1	-1	
56	53	b3e37ba65e7165ce	4			yes					-1	-1	-1	-1	
57	47	8c3e1a9dae9b6605	4			yes					-1	58	60	61	
58	57	0db417f33f07086c	5			yes					-1	-1	-1	-1	59	
59	58	fe3978481563fb3f	4			yes					-1	-1	-1	-1	
60	57	4ef4cdcbdbb93425	4			yes					-1	-1	-1	-1	
61	57	1c4b4c861d78eae4	3			yes					-1	62	63	
62	61	8f417a851afc00e2	5			yes					-1	-1	-1	-1	-1	
63	61	4fe87df9b0131171	4			yes					-1	-1	-1	-1	
64	47	004d89d4f385d210	4			yes					-1	-1	-1	65	
65	64	2100338361ce84d7	5			yes					-1	-1	-1	-1	-1	
66	47	2748bf0cc47feec3	4			yes					-1	-1	-1	67	
67	66	b73de917779c6222	3			yes					-1	-1	-1	
68	47	582b3ef5cbc4c03f	4			yes					-1	-1	-1	-1	
69	0	b4ed953e6fedbbe2	5			yes					70	77	81	83	84	
70	69	8fa3ef60456f6dd5	4			yes					71	73	-1	74	
71	70	ef88d9b132a27430	5			yes					-1	-1	-1	-1	72	
72	71	1c05b60a18c68763	4			yes					-1	-1	-1	-1	
73	70	962aa197df6ebdf6	4			yes					-1	-1	-1	-1	
74	70	1fd6b97bf68ce134	3			yes					75	76	-1	
75	74	6d7db4c717597cbe	5			yes					-1	-1	-1	-1	-1	
76	74	79ced4e261f68cac	4			yes					-1	-1	-1	-1	
77	69	f08de74db9519139	4			yes					-1	78	-1	79	
78	77	a5f92c14ee304c89	5			yes					-1	-1	-1	-1	-1	
79	77	60f8b1560ab21dd8	3			yes					-1	80	-1	
80	79	4a1d596150a87dd3	5			yes					-1	-1	-1	-1	-1	
81	69	8836b17947e67c78	4			yes					-1	-1	-1	82	
82	81	1843e762f405f099	3			yes					-1	-1	-1	
83	69	ca9147b46a417939	5			yes					-1	-1	-1	-1	-1	
84	69	2498c325dc0e3703	4			yes					-1	-1	-1	85	
85	84	d4d6bbf0fb50f5d7	5			yes					-1	-1	-1	-1	-1	
86	0	0e3741ccbfdc0fa3	5			yes					87	94	99	102	103	
87	86	35793b92955ed994	4			yes					88	90	92	-1	
88	87	05b577f54873e082	6			yes					-1	-1	-1	-1	-1	89	
89	88	f638184e621713d1	5			yes					-1	-1	-1	-1	-1	
90	87	b5d513111828bc95	5			yes					-1	-1	-1	-1	91	
91	90	46587caa324c4fc6	4			yes					-1	-1	-1	-1	
92	87	b43df7fb83c06b7c	5			yes					-1	-1	-1	-1	93	
93	92	47b09840a9a4982f	4			yes					-1	-1	-1	-1	
94	86	4a5733bf69602578	4			yes					-1	95	97	-1	
95	94	a402ca0f9fee732f	6			yes					-1	-1	-1	-1	-1	96	
96	95	578fa5b4b58a807c	5			yes					-1	-1	-1	-1	-1	
97	94	9b341c03e6f03c34	5			yes					-1	-1	-1	-1	98	
98	97	68b973b8cc94cf67	4			yes					-1	-1	-1	-1	
99	86	32ec658b97d7c839	4			yes					-1	-1	100	-1	
100	99	962a681650ff6d52	6			yes					-1	-1	-1	-1	-1	101	
101	100	65a707ad7a9b9e01	5			yes					-1	-1	-1	-1	-1	
102	86	9974a3bdd2598316	4			yes					-1	-1	-1	-1	
103	86	d4b6ce1bb9b0b7c3	4			yes					-1	-1	-1	-1	
104	0	fcf22b97da040983	5			yes					105	115	125	135	143	
105	104	bd371aa372ac27cb	5			yes					106	109	112	114	-1	
106	105	5a29bb77408f02d8	4			yes					107	108	-1	-1	
107	106	98a2afd92a4bb41f	4			yes					-1	-1	-1	-1	
108	106	1705bb8351ca207c	4			yes					-1	-1	-1	-1	
109	105	81ec3ee45aa7e051	4			yes					-1	110	111	-1	
110	109	4555d64e69f1eaba	5			yes					-1	-1	-1	-1	-1	
111	109	8256745a60bd67c2	4			yes					-1	-1	-1	-1	
112	105	2a74f8d21f29ab7e	4			yes					-1	-1	113	-1	
113	112	8909289b3f69e79d	5			yes					-1	-1	-1	-1	-1	
114	105	5221cd41cef485d6	4			yes					-1	-1	-1	-1	
115	104	9fd4cb70f6930aa8	5			yes					116	120	122	124	-1	
116	115	a49ab12edc11dc9f	4			yes					117	118	119	-1	
117	116	7b6e01766c1e9fa2	5			yes					-1	-1	-1	-1	-1	
118	116	e0114a79ebf748a2	4			yes					-1	-1	-1	-1	
119	116	864afadf51a55f3c	4			yes					-1	-1	-1	-1	
120	115	5dbce56e42061375	4			yes					-1	121	-1	-1	
121	120	6ac1e9ac7dfe40ea	4			yes					-1	-1	-1	-1	
122	115	089729019b16861d	4			yes					-1	-1	123	-1	
123	122	837f8bf1c96752c1	5			yes					-1	-1	-1	-1	-1	
124	115	70c21c924acba8b5	4			yes					-1	-1	-1	-1	
125	104	468c9456729d2bd5	5			yes					126	130	133	134	-1	
126	125	7dc2ee08581ffde2	4			yes					127	128	129	-1	
127	126	8f3c3d812db3fc8a	5			yes					-1	-1	-1	-1	-1	
128	126	f16f4ecd5aafc0e4	4			yes					-1	-1	-1	-1	
129	126	cf400b677acbf3a4	4			yes					-1	-1	-1	-1	
130	125	02ece625a421010e	4			yes					-1	131	132	-1	
131	130	9d9f656eb0924682	5			yes					-1	-1	-1	-1	-1	
132	130	334b0d3894a9871b	4			yes					-1	-1	-1	-1	
133	125	8e9f756cf93fb51b	4			yes					-1	-1	-1	-1	
134	125	a99a43b4cec589c8	4			yes					-1	-1	-1	-1	
135	104	3a3f69866557dce9	5			yes					136	139	141	142	-1	
136	135	017113d84fd50ade	4			yes					137	138	-1	-1	
137	136	7fa3ab2cbd373ade	5			yes					-1	-1	-1	-1	-1	
138	136	718bd0fdfd6f7768	4			yes					-1	-1	-1	-1	
139	135	7e5f1bf5b3ebf632	4			yes					-1	140	-1	-1	
140	139	42585d7ecc318617	5			yes					-1	-1	-1	-1	-1	
141	135	06e44dc14d5c1b73	4			yes					-1	-1	-1	-1	
142	135	8a0253924a8bd3fc	5			yes					-1	-1	-1	-1	-1	
143	104	6c4ecf795ed40c05	5			yes					144	148	151	153	-1	
144	143	5700b5277456da32	4			yes					145	146	147	-1	
145	144	959e0568c7e6ae6c	6			yes					-1	-1	-1	-1	-1	-1	
146	144	25fe618c97bdf27b	5			yes					-1	-1	-1	-1	-1	
147	144	241685660c552592	5			yes					-1	-1	-1	-1	-1	
148	143	282ebd0a886826de	4			yes					-1	149	150	-1	
149	148	3429b892107b3dc1	6			yes					-1	-1	-1	-1	-1	-1	
150	148	0b1f6e9e696572da	5			yes					-1	-1	-1	-1	-1	
151	143	5095eb3e76dfcb9f	4			yes					-1	-1	152	-1	
152	151	06011a8bdf6a23bc	6			yes					-1	-1	-1	-1	-1	-1	
153	143	fb0d2d08335180b0	4			yes					-1	-1	-1	-1	
