Number of nodes
552
ID	PID	Hash_Value			File_Number	Fully_Enumerated	Children
0	-1	000242b4e1a59014	6			yes					1	175	311	426	504	551	
1	0	2dfa943a73ffa938	5			yes					2	61	92	118	134	
2	1	522a3a3c0e0f5675	5			yes					3	17	34	49	60	
3	2	b5b275729c119b30	4			yes					4	5	8	13	
4	3	5c5c74feb766a2a6	4			yes					-1	-1	-1	-1	
5	3	4d0a50cff28f9d9e	5			yes					-1	6	-1	-1	7	
6	5	979fa41c58dbff86	4			yes					-1	-1	-1	-1	
7	5	814bb34a7e99ab8a	4			yes					-1	-1	-1	-1	
8	3	d0a6ab74308f7c22	3			yes					9	10	11	
9	8	d4fbce3c99c53363	4			yes					-1	-1	-1	-1	
10	8	29cdc15473eaf81d	4			yes					-1	-1	-1	-1	
11	8	d87e9a32492a4e33	5			yes					-1	-1	-1	-1	12	
12	11	28f4f1bc7932aacc	4			yes					-1	-1	-1	-1	
13	3	f6a6bf180ccbc437	3			yes					14	15	-1	
14	13	8a1e32af048fe843	4			yes					-1	-1	-1	-1	
15	13	3e5a8350a5410192	5			yes					-1	-1	-1	-1	16	
16	15	ced0e8de9559e56d	4			yes					-1	-1	-1	-1	
17	2	5c6ddd089899c3b3	4			yes					-1	18	25	30	
18	17	1a55aa0312ee74bc	5			yes					19	21	22	23	24	
19	18	d54b8e4825eef90c	4			yes					20	-1	-1	-1	
20	19	f9734e34485c835f	3			yes					-1	-1	-1	
21	18	366d6a7f7f5c0eef	4			yes					-1	-1	-1	-1	
22	18	56d500f4b36e90c0	4			yes					-1	-1	-1	-1	
23	18	15fc87d9c9cbc814	4			yes					-1	-1	-1	-1	
24	18	a00f631a2017af37	4			yes					-1	-1	-1	-1	
25	17	1df3c8f84409ceff	5			yes					26	27	-1	28	29	
26	25	d2edecb37309434f	4			yes					-1	-1	-1	-1	
27	25	31cb088429bbb4ac	4			yes					-1	-1	-1	-1	
28	25	e38360ce6fa20cf8	4			yes					-1	-1	-1	-1	
29	25	487c37e670b1d66b	4			yes					-1	-1	-1	-1	
30	17	4316346bd94315df	5			yes					31	32	-1	33	-1	
31	30	8c081020ee43986f	4			yes					-1	-1	-1	-1	
32	30	6f2ef417b4f16f8c	4			yes					-1	-1	-1	-1	
33	30	27daaa0b3def90f6	4			yes					-1	-1	-1	-1	
34	2	cfdfbc1638cce096	4			yes					-1	-1	35	40	
35	34	e0c5c790ae260581	5			yes					36	37	38	-1	39	
36	35	2fdbe3db99268831	4			yes					-1	-1	-1	-1	
37	35	ccfd07ecc3947fd2	4			yes					-1	-1	-1	-1	
38	35	3a50334304726799	4			yes					-1	-1	-1	-1	
39	35	b54a388e9a9e1d15	4			yes					-1	-1	-1	-1	
40	34	f7528594788dfc0e	6			yes					41	43	45	-1	47	48	
41	40	384ca1df4f8d71be	5			yes					-1	-1	-1	-1	42	
42	41	c8c6ca517f959541	4			yes					-1	-1	-1	-1	
43	40	db6a45e8153f865d	5			yes					-1	-1	-1	-1	44	
44	43	2be02e66252762a2	4			yes					-1	-1	-1	-1	
45	40	2dc77147d2d99e16	5			yes					-1	-1	-1	-1	46	
46	45	dd4d1ac9e2c17ae9	4			yes					-1	-1	-1	-1	
47	40	be70b09364c6f43b	5			yes					-1	-1	-1	-1	-1	
48	40	07d8ee1a489518f1	5			yes					-1	-1	-1	-1	-1	
49	2	373ee43aa291b167	4			yes					-1	-1	-1	50	
50	49	11769cf694e6b3af	6			yes					51	53	55	57	-1	59	
51	50	de68b8bda3e63e1f	5			yes					-1	-1	-1	-1	52	
52	51	2ee2d33393fedae0	4			yes					-1	-1	-1	-1	
53	50	3d4e5c8af954c9fc	5			yes					-1	-1	-1	-1	54	
54	53	cdc43704c94c2d03	4			yes					-1	-1	-1	-1	
55	50	cbe368253eb2d1b7	5			yes					-1	-1	-1	-1	56	
56	55	3b6903ab0eaa3548	4			yes					-1	-1	-1	-1	
57	50	eb7a482d1835c808	5			yes					-1	-1	-1	-1	58	
58	57	1bf023a3282d2cf7	4			yes					-1	-1	-1	-1	
59	50	e1fcf778a4fe5750	5			yes					-1	-1	-1	-1	-1	
60	2	113ef0569ed50972	4			yes					-1	-1	-1	-1	
61	1	68ade2214cacb1c6	4			yes					62	72	80	91	
62	61	b11ff8340663cb7c	3			yes					63	64	68	
63	62	d35dacc7cf228920	4			yes					-1	-1	-1	-1	
64	62	6227fab9ca506d41	5			yes					-1	65	66	-1	67	
65	64	0114eaeefd33e016	4			yes					-1	-1	-1	-1	
66	64	982b2e62468316e6	4			yes					-1	-1	-1	-1	
67	64	7a59c9832c04900d	4			yes					-1	-1	-1	-1	
68	62	2dfc5b298d2106f7	5			yes					-1	69	70	-1	-1	
69	68	4ecf4b7eba428ba0	4			yes					-1	-1	-1	-1	
70	68	d7f08ff201f27d50	4			yes					-1	-1	-1	-1	
71	68	bcb80ba5e7eb4027	4			yes					-1	-1	-1	-1	
72	61	ffb20e79768bc2af	3			yes					-1	73	77	
73	72	a21a49315180cac8	5			yes					74	75	-1	-1	76	
74	73	6d046d7a66804778	4			yes					-1	-1	-1	-1	
75	73	52a8527a601ef802	4			yes					-1	-1	-1	-1	
76	73	ba647a0bb7d43784	4			yes					-1	-1	-1	-1	
77	72	edc1e8a116f1a17e	5			yes					78	79	-1	-1	-1	
78	77	22dfccea21f12cce	4			yes					-1	-1	-1	-1	
79	77	1d73f3ea276f93b4	4			yes					-1	-1	-1	-1	
80	61	0db93c27e03256d4	3			yes					-1	-1	81	
81	80	745aa34555fd1479	6			yes					82	84	86	88	-1	90	
82	81	bb44870e62fd99c9	5			yes					-1	-1	-1	-1	83	
83	82	4bceec8052e57d36	4			yes					-1	-1	-1	-1	
84	81	84e8b80e646326b3	5			yes					-1	-1	-1	-1	85	
85	84	7462d380547bc24c	4			yes					-1	-1	-1	-1	
86	81	1769b312629e992e	5			yes					-1	-1	-1	-1	87	
87	86	e7e3d89c52867dd1	4			yes					-1	-1	-1	-1	
88	81	8e56779ed92e6fde	5			yes					-1	-1	-1	-1	89	
89	88	7edc1c10e9368b21	4			yes					-1	-1	-1	-1	
90	81	84d0c8cb65e5f086	5			yes					-1	-1	-1	-1	-1	
91	61	2bb9284bdc76eec1	3			yes					-1	-1	-1	
92	1	09ae16ef8c982364	4			yes					93	100	115	117	
93	92	d01c0cfac65759de	3			yes					94	96	97	
94	93	70664761a6465285	5			yes					-1	-1	-1	-1	95	
95	94	9b411ef9f922388a	4			yes					-1	-1	-1	-1	
96	93	d3869c5b78bce9af	4			yes					-1	-1	-1	-1	
97	93	255ad9f5e44aa3b7	5			yes					-1	98	99	-1	-1	
98	97	ffcf2d264e1ec1af	4			yes					-1	-1	-1	-1	
99	97	6e566b769cc5921f	4			yes					-1	-1	-1	-1	
100	92	07e9f1db1a0eb6a2	3			yes					-1	101	105	
101	100	e536d17f9ba4a6f5	5			yes					102	103	-1	-1	104	
102	101	2a28f534aca42b45	4			yes					-1	-1	-1	-1	
103	101	1584ca34aa3a943f	4			yes					-1	-1	-1	-1	
104	101	84b8c587a5f1305c	4			yes					-1	-1	-1	-1	
105	100	41f166fc8e70ef1e	6			yes					106	108	110	112	113	114	
106	105	8eef42b7b97062ae	5			yes					-1	-1	-1	-1	107	
107	106	7e65293989688651	4			yes					-1	-1	-1	-1	
108	105	b1437db7bfeeddd4	5			yes					-1	-1	-1	-1	109	
109	108	41c916398ff6392b	4			yes					-1	-1	-1	-1	
110	105	d3e2a13d8a20e5bb	5			yes					-1	-1	-1	-1	111	
111	110	2368cab3ba380144	4			yes					-1	-1	-1	-1	
112	105	c748fd77f2cffd84	5			yes					-1	-1	-1	-1	-1	
113	105	db8c08c44e6943ba	5			yes					-1	-1	-1	-1	-1	
114	105	b17b0d72be680be1	5			yes					-1	-1	-1	-1	-1	
115	92	94e1374b4c83b07b	3			yes					-1	-1	116	
116	115	199455528e96163c	5			yes					-1	-1	-1	-1	-1	
117	92	4abadc851c427c63	3			yes					-1	-1	-1	
118	1	489e3c3be0bb817a	4			yes					119	124	131	133	
119	118	912c262eaa74fbc0	3			yes					120	122	-1	
120	119	fc4aa795a56727b9	5			yes					-1	-1	-1	121	-1	
121	120	5720af2272ca9f95	4			yes					-1	-1	-1	-1	
122	119	07e7ceaff22b095a	5			yes					-1	-1	-1	123	-1	
123	122	ac8dc6182586b176	4			yes					-1	-1	-1	-1	
124	118	46d9db0f762d14bc	3			yes					-1	125	130	
125	124	34c66a030f2bb68d	5			yes					126	127	-1	128	129	
126	125	fbd84e48382b3b3d	4			yes					-1	-1	-1	-1	
127	125	c47471483eb58447	4			yes					-1	-1	-1	-1	
128	125	c9d68126424d9c86	4			yes					-1	-1	-1	-1	
129	125	8e3c7ed2ea78710d	4			yes					-1	-1	-1	-1	
130	124	629245f85128dc71	5			yes					-1	-1	-1	-1	-1	
131	118	d56bba11d6783799	3			yes					-1	-1	132	
132	131	9fa44a90bb07170f	5			yes					-1	-1	-1	-1	-1	
133	118	4a007b0bea9a599f	3			yes					-1	-1	-1	
134	1	8021e425f9358893	5			yes					135	141	161	173	174	
135	134	5993fe30b3faf229	4			yes					136	138	140	-1	
136	135	24ff9d1555d1907b	5			yes					-1	-1	-1	-1	137	
137	136	6859a4efdf5346d5	4			yes					-1	-1	-1	-1	
138	135	2c70157da5eeda8c	5			yes					-1	-1	-1	-1	139	
139	138	60d62c872f6c0c22	4			yes					-1	-1	-1	-1	
140	135	507eb133c98e8441	5			yes					-1	-1	-1	-1	-1	
141	134	8e6603116fa31d55	4			yes					-1	142	152	160	
142	141	6668482b06f506c7	6			yes					143	145	-1	147	149	151	
143	142	a9766c6031f58b77	5			yes					-1	-1	-1	-1	144	
144	143	9dd463c506e6520e	4			yes					-1	-1	-1	-1	
145	142	96da5360376b340d	5			yes					-1	-1	-1	-1	146	
146	145	a2785cc50078ed74	4			yes					-1	-1	-1	-1	
147	142	69c165f1ddd0ba6f	5			yes					-1	-1	-1	-1	148	
148	147	5d636a54eac36316	4			yes					-1	-1	-1	-1	
149	142	4827b7884b283ed7	5			yes					-1	-1	-1	-1	150	
150	149	7c85b82d7c3be7ae	4			yes					-1	-1	-1	-1	
151	142	52ca478e31e6dfbe	5			yes					-1	-1	-1	-1	-1	
152	141	2ca4048cb8dad469	6			yes					153	155	-1	-1	157	159	
153	152	e3ba20c78fda59d9	5			yes					-1	-1	-1	-1	154	
154	153	d7182f62b8c980a0	4			yes					-1	-1	-1	-1	
155	152	dc161fc78944e6a3	5			yes					-1	-1	-1	-1	156	
156	155	e8b41062be573fda	4			yes					-1	-1	-1	-1	
157	152	a054e3741b8e478b	5			yes					-1	-1	-1	-1	158	
158	157	94f6ecd12c9d9ef2	4			yes					-1	-1	-1	-1	
159	152	18060b298fc90d10	5			yes					-1	-1	-1	-1	-1	
160	141	21534239d0922b4b	3			yes					-1	-1	-1	
161	134	1dd4620fcff63e70	4			yes					-1	-1	162	172	
162	161	d1920be452f51f17	6			yes					163	165	167	-1	169	171	
163	162	1e8c2faf65f592a7	5			yes					-1	-1	-1	-1	164	
164	163	2a2e200a52e64bde	4			yes					-1	-1	-1	-1	
165	162	212010af636b2ddd	5			yes					-1	-1	-1	-1	166	
166	165	15821f0a5478f4a4	4			yes					-1	-1	-1	-1	
167	162	0b07ff37f8a17d0f	5			yes					-1	-1	-1	-1	168	
168	167	3fa5f092cfb2a476	4			yes					-1	-1	-1	-1	
169	162	5d62ec1cf1a18cf5	5			yes					-1	-1	-1	-1	170	
170	169	69c0e3b9c6b2558c	4			yes					-1	-1	-1	-1	
171	162	e530044165e6c66e	5			yes					-1	-1	-1	-1	-1	
172	161	b2e1232770c7086e	3			yes					-1	-1	-1	
173	134	e5353a2355ab6f81	4			yes					-1	-1	-1	-1	
174	134	2f14a50d4604be8d	4			yes					-1	-1	-1	-1	
175	0	4b8cad3f3482f665	5			yes					-1	176	233	258	274	
176	175	d891afb732fe0afa	5			yes					177	196	206	221	232	
177	176	37f705938a32403f	4			yes					178	179	185	191	
178	177	26111706f7482eee	4			yes					-1	-1	-1	-1	
179	177	dd5dc641c4d0dd9b	5			yes					180	181	182	183	184	
180	179	f60de8c2abee01e7	4			yes					-1	-1	-1	-1	
181	179	a0f25837e25042d9	4			yes					-1	-1	-1	-1	
182	179	24eecc91387a333c	4			yes					-1	-1	-1	-1	
183	179	1516733c87ed7612	4			yes					-1	-1	-1	-1	
184	179	67070f58f6290610	4			yes					-1	-1	-1	-1	
185	177	e935046800a52c7e	5			yes					186	187	188	189	190	
186	185	c2652aeb6f9bf002	4			yes					-1	-1	-1	-1	
187	185	949a9a1e2625b33c	4			yes					-1	-1	-1	-1	
188	185	f12c778920fb35ba	4			yes					-1	-1	-1	-1	
189	185	1b693c0a5d58426e	4			yes					-1	-1	-1	-1	
190	185	bcbafb76341d34ea	4			yes					-1	-1	-1	-1	
191	177	ee79bd5857262b83	5			yes					192	193	194	195	-1	
192	191	c52993db3818f7ff	4			yes					-1	-1	-1	-1	
193	191	93d6232e71a6b4c1	4			yes					-1	-1	-1	-1	
194	191	f660ceb977783247	4			yes					-1	-1	-1	-1	
195	191	bbe586fa6a316756	4			yes					-1	-1	-1	-1	
196	176	54933862b24b4433	4			yes					-1	197	200	203	
197	196	9c28abc8b1184001	5			yes					198	-1	-1	-1	199	
198	197	c8309f0233d0e100	4			yes					-1	-1	-1	-1	
199	197	5069484d3d0e7615	4			yes					-1	-1	-1	-1	
200	196	3187e6641ed5a321	3			yes					201	202	-1	
201	200	5b9a446386d35d76	4			yes					-1	-1	-1	-1	
202	200	f8ef3a53307d2582	4			yes					-1	-1	-1	-1	
203	196	1787f20822911b34	3			yes					204	205	-1	
204	203	7bf327df62dc10d7	4			yes					-1	-1	-1	-1	
205	203	ef787857e6d6dc0d	5			yes					-1	-1	-1	-1	-1	
206	176	4564299d043dbc19	4			yes					-1	-1	207	212	
207	206	c265339586d9c67f	5			yes					208	209	210	-1	211	
208	207	967d075f0411677e	4			yes					-1	-1	-1	-1	
209	207	ee5df3e9eb6bbc2c	4			yes					-1	-1	-1	-1	
210	207	a15623c2b1ba4b28	4			yes					-1	-1	-1	-1	
211	207	97eacc8bb261deeb	4			yes					-1	-1	-1	-1	
212	206	d5f2719150723ff0	6			yes					213	215	217	-1	219	220	
213	212	81ea455bd2ba9ef1	5			yes					-1	-1	-1	-1	214	
214	213	71602ed5e2a27a0e	4			yes					-1	-1	-1	-1	
215	212	f9cab1ed3dc045a3	5			yes					-1	-1	-1	-1	216	
216	215	0940da630dd8a15c	4			yes					-1	-1	-1	-1	
217	212	b6c161c66711b2a7	5			yes					-1	-1	-1	-1	218	
218	217	464b0a4857095658	4			yes					-1	-1	-1	-1	
219	212	9cd044964c3937c5	5			yes					-1	-1	-1	-1	-1	
220	212	25781a1f606adb0f	5			yes					-1	-1	-1	-1	-1	
221	176	bd8571b19e60ede8	4			yes					-1	-1	-1	222	
222	221	33d668f3bc197051	6			yes					223	225	227	229	-1	231	
223	222	67ce5c393ed1d150	5			yes					-1	-1	-1	-1	224	
224	223	974437b70ec935af	4			yes					-1	-1	-1	-1	
225	222	1feea88fd1ab0a02	5			yes					-1	-1	-1	-1	226	
226	225	ef64c301e1b3eefd	4			yes					-1	-1	-1	-1	
227	222	50e578a48b7afd06	5			yes					-1	-1	-1	-1	228	
228	227	a06f132abb6219f9	4			yes					-1	-1	-1	-1	
229	222	c9dabc2830ca0bf6	5			yes					-1	-1	-1	-1	230	
230	229	3950d7a600d2ef09	4			yes					-1	-1	-1	-1	
231	222	c35c037d8c0194ae	5			yes					-1	-1	-1	-1	-1	
232	176	9b8565dda22455fd	4			yes					-1	-1	-1	-1	
233	175	6ff2622824be6cd5	4			yes					234	250	255	257	
234	233	8094c80c9c722610	3			yes					235	238	240	
235	234	7ecd49786ec6fef9	5			yes					-1	236	-1	-1	237	
236	235	755a8988ec96daa2	4			yes					-1	-1	-1	-1	
237	235	95ea10e031a294f6	4			yes					-1	-1	-1	-1	
238	234	eea2e38fd0a61757	5			yes					-1	-1	-1	-1	239	
239	238	8f2cf777eef381fe	4			yes					-1	-1	-1	-1	
240	234	defef38cf5e5c134	6			yes					241	243	245	247	248	249	
241	240	f5aedd0f9adb1d48	5			yes					-1	-1	-1	-1	242	
242	241	0524b681aac3f9b7	4			yes					-1	-1	-1	-1	
243	240	83dbde11eed87833	5			yes					-1	-1	-1	-1	244	
244	243	7351b59fdec09ccc	4			yes					-1	-1	-1	-1	
245	240	9a3b9d23f8bd3fba	5			yes					-1	-1	-1	-1	246	
246	245	6ab1f6adc8a5db45	4			yes					-1	-1	-1	-1	
247	240	58476807895ad3ae	5			yes					-1	-1	-1	-1	-1	
248	240	44839db435fc6d90	5			yes					-1	-1	-1	-1	-1	
249	240	2e749802c5fd25cb	5			yes					-1	-1	-1	-1	-1	
250	233	313d41eae80d86dd	3			yes					-1	251	252	
251	250	02a4675c3b2b3430	4			yes					-1	-1	-1	-1	
252	250	f47822f2a7dd7e28	5			yes					253	-1	254	-1	-1	
253	252	a06016382515df29	4			yes					-1	-1	-1	-1	
254	252	bf749071df524f80	4			yes					-1	-1	-1	-1	
255	233	f2bd438ce4a5ffca	3			yes					-1	-1	256	
256	255	5e189ee467727214	5			yes					-1	-1	-1	-1	-1	
257	233	2ce6a842b46433d2	3			yes					-1	-1	-1	
258	175	2ec248fc489dcecb	4			yes					259	268	271	273	
259	258	c1a4e2d8f051840e	3			yes					260	262	267	
260	259	c7c6db1bdd2f61fb	5			yes					-1	-1	-1	261	-1	
261	260	6cacd3ac0a82d9d7	4			yes					-1	-1	-1	-1	
262	259	d640caea0f4418d4	5			yes					263	264	-1	265	266	
263	262	fd10e469607ac4a8	4			yes					-1	-1	-1	-1	
264	262	8b65e7771479a1d3	4			yes					-1	-1	-1	-1	
265	262	7d2ac25dd8e9a0f8	4			yes					-1	-1	-1	-1	
266	262	6c1a03f33dbdc35f	4			yes					-1	-1	-1	-1	
267	259	423db8fbd6b4db8a	5			yes					-1	-1	-1	-1	-1	
268	258	700d6b3e842e24c3	3			yes					-1	269	-1	
269	268	d6c535a8b1bcd4c5	5			yes					-1	-1	-1	270	-1	
270	269	7daf3d1f66116ce9	4			yes					-1	-1	-1	-1	
271	258	b337ced67e5e7828	3			yes					-1	-1	272	
272	271	d828812652e37327	5			yes					-1	-1	-1	-1	-1	
273	258	2c5c0fcc42bc162e	3			yes					-1	-1	-1	
274	175	e67d90e25113c722	5			yes					275	293	297	309	310	
275	274	091b3ac6e9df8de7	4			yes					276	278	288	290	
276	275	79b5f392f2207268	5			yes					-1	-1	-1	-1	277	
277	276	4d17fc37c533ab11	4			yes					-1	-1	-1	-1	
278	275	e393c89eb8878a8e	6			yes					279	281	-1	283	285	287	
279	278	c8c3e61dd7b956f2	5			yes					-1	-1	-1	-1	280	
280	279	fc61e9b8e0aa8f8b	4			yes					-1	-1	-1	-1	
281	278	beb6e503a3ba3389	5			yes					-1	-1	-1	-1	282	
282	281	8a14eaa694a9eaf0	4			yes					-1	-1	-1	-1	
283	278	fd5a02763c3106eb	5			yes					-1	-1	-1	-1	284	
284	283	c9f80dd30b22df92	4			yes					-1	-1	-1	-1	
285	278	cddc373df55ab29e	5			yes					-1	-1	-1	-1	286	
286	285	f97e3898c2496be7	4			yes					-1	-1	-1	-1	
287	278	d731c73b8f9453f7	5			yes					-1	-1	-1	-1	-1	
288	275	40d41f5083427bf7	5			yes					-1	-1	-1	-1	289	
289	288	0c7226aa09c0ad59	4			yes					-1	-1	-1	-1	
290	275	a62e7bee56eebbf9	3			yes					-1	291	292	
291	290	683a6814a8832d37	5			yes					-1	-1	-1	-1	-1	
292	290	cab3de5d4eb41cd0	5			yes					-1	-1	-1	-1	-1	
293	274	b8b2b3209da02d2a	4			yes					-1	294	296	-1	
294	293	fd52ee7ae6790713	5			yes					-1	-1	-1	-1	295	
295	294	b1f4d7806cfbd1bd	4			yes					-1	-1	-1	-1	
296	293	815c4a348a1959de	5			yes					-1	-1	-1	-1	-1	
297	274	7b8816c867d071c1	4			yes					-1	-1	298	308	
298	297	961ec052bb117b3f	6			yes					299	301	303	-1	305	307	
299	298	c206f49839d9da3e	5			yes					-1	-1	-1	-1	300	
300	299	f6a4fb3d0eca0347	4			yes					-1	-1	-1	-1	
301	298	ba26002ed6a3016c	5			yes					-1	-1	-1	-1	302	
302	301	8e840f8be1b0d815	4			yes					-1	-1	-1	-1	
303	298	4c8b348111451927	5			yes					-1	-1	-1	-1	304	
304	303	78293b242656c05e	4			yes					-1	-1	-1	-1	
305	298	1aee27aa1845e8dd	5			yes					-1	-1	-1	-1	306	
306	305	2e4c280f2f5631a4	4			yes					-1	-1	-1	-1	
307	298	a2bccff78c02a246	5			yes					-1	-1	-1	-1	-1	
308	297	d4bd57e0d8e147df	3			yes					-1	-1	-1	
309	274	83694ee4fd8d2030	4			yes					-1	-1	-1	-1	
310	274	4948d1caee22f13c	4			yes					-1	-1	-1	-1	
311	0	100592187fab0544	5			yes					-1	-1	312	374	390	
312	311	63f9deff38820375	5			yes					313	336	355	362	373	
313	312	8c9f74db804e49b0	4			yes					314	321	322	327	
314	313	b7e2a4e4214ed1a3	5			yes					315	316	318	319	320	
315	314	9dcc4617a630dbdc	4			yes					-1	-1	-1	-1	
316	314	d4d1b4b3162d5cf4	4			yes					-1	317	-1	-1	
317	316	9fdd06306ea26d5c	3			yes					-1	-1	-1	
318	314	fcee166759c1e00b	4			yes					-1	-1	-1	-1	
319	314	b84b893efa6b6d0b	4			yes					-1	-1	-1	-1	
320	314	0db86dfd13b70a28	4			yes					-1	-1	-1	-1	
321	313	98c089486d302058	4			yes					-1	-1	-1	-1	
322	313	767ff395719a3e0c	5			yes					-1	323	324	325	326	
323	322	b60407aa13999236	4			yes					-1	-1	-1	-1	
324	322	4a5eaef056a07400	4			yes					-1	-1	-1	-1	
325	322	2b633fac66515790	4			yes					-1	-1	-1	-1	
326	322	77fe5e1793fddded	4			yes					-1	-1	-1	-1	
327	313	c6ac0c130888eeb0	6			yes					328	329	331	333	334	335	
328	327	10143767c987bcf7	5			yes					-1	-1	-1	-1	-1	
329	327	06d7f82c6a8b428a	5			yes					-1	-1	-1	-1	330	
330	329	f65d93a25a93a675	4			yes					-1	-1	-1	-1	
331	327	fa8d51762fb2a4bc	5			yes					-1	-1	-1	-1	332	
332	331	0a073af81faa4043	4			yes					-1	-1	-1	-1	
333	327	401597987437fc2a	5			yes					-1	-1	-1	-1	-1	
334	327	5cd1622bc8914214	5			yes					-1	-1	-1	-1	-1	
335	327	3626679d38900a4f	5			yes					-1	-1	-1	-1	-1	
336	312	cac04b692b215073	4			yes					-1	337	339	345	
337	336	ab5940be1e229f35	4			yes					338	-1	-1	-1	
338	337	ff4174749cea3e34	3			yes					-1	-1	-1	
339	336	b0df32a6da9248eb	5			yes					340	341	342	343	344	
340	339	e4c7066c585ae9ea	4			yes					-1	-1	-1	-1	
341	339	34a40814505e6170	4			yes					-1	-1	-1	-1	
342	339	8cfe6fc3fda802e7	4			yes					-1	-1	-1	-1	
343	339	edc3fe9fcd592177	4			yes					-1	-1	-1	-1	
344	339	b15e9f2438f5ab0a	4			yes					-1	-1	-1	-1	
345	336	000ccd20a3809857	6			yes					346	348	350	352	353	354	
346	345	5414f9ea21483956	5			yes					-1	-1	-1	-1	347	
347	346	a49e92641150dda9	4			yes					-1	-1	-1	-1	
348	345	8477f792294cb1cc	5			yes					-1	-1	-1	-1	349	
349	348	74fd9c1c19545533	4			yes					-1	-1	-1	-1	
350	345	3c2d904584bad25b	5			yes					-1	-1	-1	-1	351	
351	350	cca7fbcbb4a236a4	4			yes					-1	-1	-1	-1	
352	345	86b556abdf3f8acd	5			yes					-1	-1	-1	-1	-1	
353	345	9a71a318639934f3	5			yes					-1	-1	-1	-1	-1	
354	345	f086a6ae93987ca8	5			yes					-1	-1	-1	-1	-1	
355	312	605f2bde972ba1d6	4			yes					-1	-1	356	359	
356	355	054bf5d83bb546c4	3			yes					357	358	-1	
357	356	6c21f75213b86b5f	4			yes					-1	-1	-1	-1	
358	356	5fb83ea460aad432	4			yes					-1	-1	-1	-1	
359	355	234be1b407f1fed1	3			yes					360	361	-1	
360	359	78af4e10273f3cbe	4			yes					-1	-1	-1	-1	
361	359	4b3687e6542d83d3	4			yes					-1	-1	-1	-1	
362	312	06ed00f9941ce467	4			yes					-1	-1	-1	363	
363	362	5e5cd59c146972c7	6			yes					364	366	368	370	-1	372	
364	363	0a44e15696a1d3c6	5			yes					-1	-1	-1	-1	365	
365	364	face8ad8a6b93739	4			yes					-1	-1	-1	-1	
366	363	aeeeced725f7400d	5			yes					-1	-1	-1	-1	367	
367	366	5e64a55915efa4f2	4			yes					-1	-1	-1	-1	
368	363	3d6fc5cb230aff90	5			yes					-1	-1	-1	-1	369	
369	368	cde5ae4513121b6f	4			yes					-1	-1	-1	-1	
370	363	1550671f6ce6436f	5			yes					-1	-1	-1	-1	371	
371	370	e5da0c915cfea790	4			yes					-1	-1	-1	-1	
372	363	aed6be1224719638	5			yes					-1	-1	-1	-1	-1	
373	312	20ed1495a8585c72	4			yes					-1	-1	-1	-1	
374	311	d3de94da9b69b24f	4			yes					375	384	388	389	
375	374	3cb83efe23a5f88a	3			yes					376	381	383	
376	375	f4fbd98b94fb1104	5			yes					-1	377	378	379	380	
377	376	97c8c9dca3989c53	4			yes					-1	-1	-1	-1	
378	376	0ef70d5018286aa3	4			yes					-1	-1	-1	-1	
379	376	09eb32aed99d3b0f	4			yes					-1	-1	-1	-1	
380	376	4e01cd5a71a8d684	4			yes					-1	-1	-1	-1	
381	375	f5b43bd146a21214	5			yes					-1	-1	-1	-1	-1	
382	381	5ede3366910faa38	4			no					-1	-2	-2	-2	
383	375	0ae22de1a31acb2a	5			yes					-1	-1	-1	-1	-1	
384	374	7ae7014c88cae149	3			yes					-1	385	387	
385	384	c62df22735b0ad79	5			yes					-1	-1	-1	386	-1	
386	385	6d47fa90e21d1555	4			yes					-1	-1	-1	-1	
387	384	cc42ecd20812bdcd	5			yes					-1	-1	-1	-1	-1	
388	374	44c17882a14ec126	3			yes					-1	-1	-1	
389	374	d140d3ea91486aaa	3			yes					-1	-1	-1	
390	311	1b614cc482e7bba6	5			yes					391	410	422	424	425	
391	390	f407e6e03a2bf163	4			yes					392	401	403	409	
392	391	a655fba39d25a14e	6			yes					-1	393	395	397	399	400	
393	392	c566ebf4aa462c19	5			yes					-1	-1	-1	-1	394	
394	393	f1c4e4519d55f560	4			yes					-1	-1	-1	-1	
395	392	5c592f7811f6dae9	5			yes					-1	-1	-1	-1	396	
396	395	68fb20dd26e50390	4			yes					-1	-1	-1	-1	
397	392	a9fcd67946001de6	5			yes					-1	-1	-1	-1	398	
398	397	9d5ed9dc7113c49f	4			yes					-1	-1	-1	-1	
399	392	881a0400d0f8995e	5			yes					-1	-1	-1	-1	-1	
400	392	92f7f406aa367837	5			yes					-1	-1	-1	-1	-1	
401	391	63245664fe6702d8	5			yes					-1	-1	-1	-1	402	
402	401	2f826f9e74e5d476	4			yes					-1	-1	-1	-1	
403	391	44d46c954ae8c332	6			yes					-1	404	-1	-1	406	408	
404	403	84af98aa28eb6f08	5			yes					-1	-1	-1	-1	405	
405	404	b00d970f1ff8b671	4			yes					-1	-1	-1	-1	
406	403	c8248b6de9bc50d0	5			yes					-1	-1	-1	-1	407	
407	406	fc8684c8deaf89a9	4			yes					-1	-1	-1	-1	
408	403	707663307dfb1a4b	5			yes					-1	-1	-1	-1	-1	
409	391	5b32a7c8851ac77d	3			yes					-1	-1	-1	
410	390	b258d9529144e8a0	4			yes					-1	411	414	421	
411	410	50bd9f928d75bdb5	5			yes					-1	-1	-1	-1	413	
412	411	04a5ab580fbd1cb4	4			no					-1	-1	-1	-2	
413	411	1c1ba66807f76b1b	4			yes					-1	-1	-1	-1	
414	410	8274ada6e1e0b5d5	6			yes					415	-1	417	-1	418	420	
415	414	d66c996c632814d4	5			yes					-1	-1	-1	-1	416	
416	415	e2ce96c9543bcdad	4			yes					-1	-1	-1	-1	
417	414	9a6dde47c1beac11	5			yes					-1	-1	-1	-1	-1	
418	414	0e844a5e42b42637	5			yes					-1	-1	-1	-1	419	
419	418	3a2645fb75a7ff4e	4			yes					-1	-1	-1	-1	
420	414	b6d6a203d6f36cac	5			yes					-1	-1	-1	-1	-1	
421	410	1d6d987a2e75debe	3			yes					-1	-1	-1	
422	390	8c7ea09cb8c0c8cf	4			yes					-1	-1	423	-1	
423	422	b2e3f6be7aa1e036	5			yes					-1	-1	-1	-1	-1	
424	390	7e7592c22e795cb4	4			yes					-1	-1	-1	-1	
425	390	b4540dec3dd68db8	4			yes					-1	-1	-1	-1	
426	0	036d1be86b0f6abf	5			yes					-1	-1	-1	427	466	
427	426	ab5d6dc29d81a305	5			yes					428	443	456	463	465	
428	427	443bc7e6254de9c0	4			yes					429	434	438	441	
429	428	fc5d5b57fd90b444	5			yes					-1	430	431	432	433	
430	429	26c8af8457c4d65c	4			yes					-1	-1	-1	-1	
431	429	b751e9d4851f85ec	4			yes					-1	-1	-1	-1	
432	429	014db072b0f69e4f	4			yes					-1	-1	-1	-1	
433	429	46a74f8618c373c4	4			yes					-1	-1	-1	-1	
434	428	ef46b0d41affdaac	5			yes					-1	-1	435	436	437	
435	434	2b25a733d9c703ab	4			yes					-1	-1	-1	-1	
436	434	442cb863cd526280	4			yes					-1	-1	-1	-1	
437	434	551c79cd28060127	4			yes					-1	-1	-1	-1	
438	428	be2f31cb9d9c963c	3			yes					439	440	-1	
439	438	5c37d13edec9b9f6	4			yes					-1	-1	-1	-1	
440	438	91d66e822ed5a3d5	4			yes					-1	-1	-1	-1	
441	428	50cad5b2a6bc4df4	5			yes					-1	-1	-1	442	-1	
442	441	adda3e97ebda67ff	4			yes					-1	-1	-1	-1	
443	427	0264f8548e22f003	4			yes					-1	444	449	451	
444	443	2d7fa050be0769db	5			yes					445	-1	446	447	448	
445	444	7967949a3ccfc8da	4			yes					-1	-1	-1	-1	
446	444	667312d3c6885873	4			yes					-1	-1	-1	-1	
447	444	d06f4b75f36143d0	4			yes					-1	-1	-1	-1	
448	444	9785b4815b54ae5b	4			yes					-1	-1	-1	-1	
449	443	f8700e7936f38fff	3			yes					-1	450	-1	
450	449	8d152a399d5e6469	4			yes					-1	-1	-1	-1	
451	443	200d487aaaf0a801	6			yes					452	-1	453	454	-1	455	
452	451	74157cb028380900	5			yes					-1	-1	-1	-1	-1	
453	451	abacfa94a2251c39	5			yes					-1	-1	-1	-1	-1	
454	451	e46e5f9d69c87106	5			yes					-1	-1	-1	-1	-1	
455	451	36089a62df76b369	5			yes					-1	-1	-1	-1	-1	
456	427	a51a8af60b1736c3	4			yes					-1	-1	457	458	
457	456	5f0e7cdbb3c6493f	3			yes					-1	-1	-1	
458	456	f5dc4e51f6527f5c	6			yes					459	460	-1	461	-1	462	
459	458	a1c47a9b749ade5d	5			yes					-1	-1	-1	-1	-1	
460	458	056e551ac7cc4d96	5			yes					-1	-1	-1	-1	-1	
461	458	31bf59b6356aa65b	5			yes					-1	-1	-1	-1	-1	
462	458	e3d99c4983d46434	5			yes					-1	-1	-1	-1	-1	
463	427	51499bef2550dcf9	4			yes					-1	-1	-1	464	
464	463	4818d8863df98c05	3			yes					-1	-1	-1	
465	427	b20c2eab8528f3f9	4			yes					-1	-1	-1	-1	
466	426	7a62b80a42d32904	5			yes					467	486	499	502	503	
467	466	9504122efa1f63c1	4			yes					468	478	482	483	
468	467	aef3797ff44e040e	6			yes					-1	469	471	473	475	477	
469	468	74668dac5e1a6616	5			yes					-1	-1	-1	-1	470	
470	469	40c482096909bf6f	4			yes					-1	-1	-1	-1	
471	468	e5ffcbfc8cc135a6	5			yes					-1	-1	-1	-1	472	
472	471	d15dc459bbd2ecdf	4			yes					-1	-1	-1	-1	
473	468	a15a54a52f6bb8a6	5			yes					-1	-1	-1	-1	474	
474	473	95f85b00187861df	4			yes					-1	-1	-1	-1	
475	468	80bc86dcb9933c1e	5			yes					-1	-1	-1	-1	476	
476	475	b41e89798e80e567	4			yes					-1	-1	-1	-1	
477	468	9a5176dac35ddd77	5			yes					-1	-1	-1	-1	-1	
478	467	bd92a29356227aa5	5			yes					-1	-1	479	480	481	
479	478	3b2b39182a9d683f	4			yes					-1	-1	-1	-1	
480	478	f00ac4eccaaea438	4			yes					-1	-1	-1	-1	
481	478	f1349b69dca0ac0b	4			yes					-1	-1	-1	-1	
482	467	c41c7bbbab857875	5			yes					-1	-1	-1	-1	-1	
483	467	3a315306452e55df	3			yes					-1	484	-1	
484	483	d65bf8a0b02d3acd	5			yes					-1	-1	-1	-1	485	
485	484	26d1932e8035de32	4			yes					-1	-1	-1	-1	
486	466	d35b2d9c51707a02	4			yes					-1	487	497	498	
487	486	7fd18278b7d9d991	6			yes					488	-1	490	492	494	496	
488	487	2bc9b6b235117890	5			yes					-1	-1	-1	-1	489	
489	488	1f6bb9170202a1e9	4			yes					-1	-1	-1	-1	
490	487	34dd30fbcf56e839	5			yes					-1	-1	-1	-1	491	
491	490	007f3f5ef8453140	4			yes					-1	-1	-1	-1	
492	487	7078afa26cfc6539	5			yes					-1	-1	-1	-1	493	
493	492	44daa0075befbc40	4			yes					-1	-1	-1	-1	
494	487	519e7ddbfa04e181	5			yes					-1	-1	-1	-1	495	
495	494	653c727ecd1738f8	4			yes					-1	-1	-1	-1	
496	487	4b738ddd80ca00e8	5			yes					-1	-1	-1	-1	-1	
497	486	b4ce69aacdd0d536	5			yes					-1	-1	-1	-1	-1	
498	486	7c6e6cb4ee414c1c	3			yes					-1	-1	-1	
499	466	74255f3ed445bcc2	4			yes					-1	-1	500	501	
500	499	6e07482e82dad3a1	5			yes					-1	-1	-1	-1	-1	
501	499	db101e166b748adc	3			yes					-1	-1	-1	
502	466	e72d99ae82c8ba1b	4			yes					-1	-1	-1	-1	
503	466	d557f922fde21f1a	4			yes					-1	-1	-1	-1	
504	0	891365e6b2491a4b	5			yes					-1	-1	-1	-1	505	
505	504	92ee8287b4eae926	6			yes					506	526	538	545	548	550	
506	505	7d8828a30c26a3e3	5			yes					507	515	521	523	525	
507	506	d4b1bd351f85f0e5	4			yes					508	511	-1	513	
508	507	5cfd9e8aed501d5b	6			yes					-1	-1	-1	-1	-1	510	
509	508	f797963d3afda577	5			no					-1	-1	-2	-2	-2	
510	508	685f912fda43c422	5			yes					-1	-1	-1	-1	-1	
511	507	a750f7b0ba1c33b8	6			yes					-1	-1	-1	-1	-1	512	
512	511	93f2f8158d0feac1	5			yes					-1	-1	-1	-1	-1	
513	507	602e3b26c82192cf	6			yes					-1	-1	-1	-1	-1	514	
514	513	fc3f198f986bf9ac	5			yes					-1	-1	-1	-1	-1	
515	506	73cfcf979ab03625	4			yes					-1	516	-1	518	
516	515	5ba221a3f66c68f5	6			yes					-1	-1	-1	-1	-1	517	
517	516	6f002e06c17fb18c	5			yes					-1	-1	-1	-1	-1	
518	515	546e35262e996099	6			yes					-1	-1	519	-1	-1	520	
519	518	3cda4f8702f1c19e	5			yes					-1	-1	-1	-1	-1	
520	518	c87f178f7ed30bfa	5			yes					-1	-1	-1	-1	-1	
521	506	e07dae893ae51500	4			yes					-1	-1	-1	522	
522	521	eac59f8bb82c2f10	5			yes					-1	-1	-1	-1	-1	
523	506	6b3971de6bc3213e	4			yes					-1	-1	-1	524	
524	523	3a8bf488b3f67023	3			yes					-1	-1	-1	
525	506	2c3aadf5d413f2fe	4			yes					-1	-1	-1	-1	
526	505	3bd71711a749ba20	5			yes					-1	527	533	535	537	
527	526	3590f02531df2fe6	4			yes					-1	528	-1	531	
528	527	76720cb7f98bee27	6			yes					-1	-1	-1	-1	-1	530	
529	528	dd1804002e26560b	5			no					-1	-1	-1	-1	-2	
530	528	42d00312ce98375e	5			yes					-1	-1	-1	-1	-1	
531	527	b10cc0218bb64f50	6			yes					-1	-1	-1	-1	-1	532	
532	531	2d1de288dbfc2433	5			yes					-1	-1	-1	-1	-1	
533	526	a622913b918a0cc3	4			yes					-1	-1	-1	534	
534	533	b18c034433dbd2ba	5			yes					-1	-1	-1	-1	-1	
535	526	2d664e6cc0ac38fd	4			yes					-1	-1	-1	536	
536	535	7cd4cb3a189969e0	3			yes					-1	-1	-1	
537	526	6a6592477f7ceb3d	4			yes					-1	-1	-1	-1	
538	505	9ca965b3227c7ce0	5			yes					-1	-1	539	542	544	
539	538	015ce39914bfca03	4			yes					-1	-1	-1	540	
540	539	82b37cab7b0ef6b8	6			yes					-1	-1	-1	-1	-1	541	
541	540	1ea25e022b449ddb	5			yes					-1	-1	-1	-1	-1	
542	538	8a183cce4599fe3d	4			yes					-1	-1	-1	543	
543	542	dbaab9989dacaf20	3			yes					-1	-1	-1	
544	538	cd1be0e5fa492dfd	4			yes					-1	-1	-1	-1	
545	505	0f1b04ad82295fc5	5			yes					-1	-1	-1	546	547	
546	545	19aa5dd0e5ccdd18	4			yes					-1	-1	-1	-1	
547	545	5ea981fb5a1c0ed8	4			yes					-1	-1	-1	-1	
548	505	845fdbfad30f6bfb	5			yes					-1	-1	-1	-1	549	
549	548	d5ed5eac0b3a3ae6	4			yes					-1	-1	-1	-1	
550	505	c35c07d16cdfb83b	5			yes					-1	-1	-1	-1	-1	
551	0	fc0f97a70035baf9	5			yes					-1	-1	-1	-1	-1	
