Number of nodes
94
ID	PID	Hash_Value			File_Number	Fully_Enumerated	Children
0	-1	6d7549ed7598d488	5			yes					1	22	44	64	82	
1	0	dfb74672c1c1b643	5			yes					2	6	12	18	21	
2	1	74c4e8434259e64f	4			yes					3	4	-1	5	
3	2	7e005c7434661e00	4			yes					-1	-1	-1	-1	
4	2	fd051f8143494861	3			yes					-1	-1	-1	
5	2	7976aa566e406727	4			yes					-1	-1	-1	-1	
6	1	a1b43cc6c4213d4b	4			yes					-1	7	8	9	
7	6	66085935984b9678	4			yes					-1	-1	-1	-1	
8	6	f334d7cb3cbfc262	4			yes					-1	-1	-1	-1	
9	6	5de34451a3c26a8c	5			yes					-1	-1	-1	-1	11	
10	9	33b2f1226779c7fc	4			no					-1	-1	-1	-2	
11	9	ff40481cf98660f5	4			yes					-1	-1	-1	-1	
12	1	772e670e7106ac37	4			yes					-1	-1	13	14	
13	12	344040722ef8a3c6	4			yes					-1	-1	-1	-1	
14	12	e620621502247c6f	5			yes					15	-1	-1	-1	17	
15	14	b51e5c0247a3135e	4			yes					-1	-1	-1	-1	
16	14	2b6e8c4c93a9db9d	4			no					-1	-2	-1	-2	
17	14	44836e5858607616	4			yes					-1	-1	-1	-1	
18	1	55f76cd20c940cc3	4			yes					-1	-1	-1	19	
19	18	7de9f5f936bfc170	3			yes					-1	20	-1	
20	19	23da353acb45ad2d	4			yes					-1	-1	-1	-1	
21	1	f7a9df59fbea7bf0	4			yes					-1	-1	-1	-1	
22	0	425d1101cec8ca80	5			yes					23	31	34	40	43	
23	22	a791ea3bcac011d2	4			yes					24	25	27	28	
24	23	760001f3078fce1d	4			yes					-1	-1	-1	-1	
25	23	d6b39bd4816121c2	4			yes					-1	-1	-1	26	
26	25	f89704370bf797b7	3			yes					-1	-1	-1	
27	23	d5acd649675774af	4			yes					-1	-1	-1	-1	
28	23	7b7b45d3f82adc41	5			yes					-1	-1	-1	-1	30	
29	28	b635ab8a69a77bb3	4			no					-1	-1	-1	-2	
30	28	d9d8499ea26ed638	4			yes					-1	-1	-1	-1	
31	22	ef0b69cd43b1b615	4			yes					-1	32	-1	33	
32	31	a34b0ab09ba32768	4			yes					-1	-1	-1	-1	
33	31	6e610a6c7a86b924	4			yes					-1	-1	-1	-1	
34	22	eac4307d7e0fd0f4	4			yes					-1	-1	35	36	
35	34	84b05545c602afa1	4			yes					-1	-1	-1	-1	
36	34	56d07722eade7008	5			yes					37	-1	-1	-1	39	
37	36	de829dfdf4146c71	4			yes					-1	-1	-1	-1	
38	36	531d03ae9dd2a257	4			no					-1	-1	-1	-2	
39	36	f4737b6fb09a7a71	4			yes					-1	-1	-1	-1	
40	22	c81d3ba1039d7000	4			yes					-1	-1	-1	41	
41	40	e003a28a39b6bdb3	3			yes					-1	-1	42	
42	41	5e7568de6dea4da0	5			yes					-1	-1	-1	-1	-1	
43	22	6a43882af4e30733	4			yes					-1	-1	-1	-1	
44	0	df6396e0abb75c01	5			yes					45	52	58	60	63	
45	44	3aaf6ddaafbf8753	4			yes					46	48	49	50	
46	45	f7f839ccbbf02207	4			yes					-1	-1	-1	47	
47	46	d9dca62f31669472	3			yes					-1	-1	-1	
48	45	c6af41f8c31a7277	3			yes					-1	-1	-1	
49	45	7ae43e08ff2857e3	4			yes					-1	-1	-1	-1	
50	45	d433ad926055ff0d	5			yes					-1	-1	-1	-1	51	
51	50	7690a1df3a11f574	4			yes					-1	-1	-1	-1	
52	44	1fe6b9ab5e6e448f	4			yes					-1	53	54	55	
53	52	dfeb65c7c94db464	4			yes					-1	-1	-1	-1	
54	52	bbe02aef9c21632f	4			yes					-1	-1	-1	-1	
55	52	1537b975035ccbc1	5			yes					-1	-1	56	-1	57	
56	55	345b5e22be60772a	4			yes					-1	-1	-1	-1	
57	55	b794b5385918c1b8	4			yes					-1	-1	-1	-1	
58	44	871767fa06afb4ef	4			yes					-1	-1	-1	59	
59	58	2cc0f422fb27231b	4			yes					-1	-1	-1	-1	
60	44	5523bc4066e2e681	4			yes					-1	-1	-1	61	
61	60	7d3d256b5cc92b32	3			yes					-1	-1	-1	
62	61	aa0adcf908d238ac	4			no					-1	-1	-2	-1	
63	44	f77d0fcb919c91b2	4			yes					-1	-1	-1	-1	
64	0	c81304cf61d28ff8	5			yes					65	72	77	80	81	
65	64	2ddffff565da54aa	4			yes					66	68	-1	70	
66	65	3e737339580d5936	4			yes					-1	-1	-1	67	
67	66	1057ecdad29bef43	3			yes					-1	-1	-1	
68	65	51715b6ef830b49d	4			yes					-1	-1	-1	69	
69	68	7f55c48d72a602e8	3			yes					-1	-1	-1	
70	65	6821ffe903749353	5			yes					-1	-1	-1	-1	71	
71	70	ca82f3a45930992a	4			yes					-1	-1	-1	-1	
72	64	08962b84940b9776	4			yes					-1	73	-1	75	
73	72	a85b027a45fd6681	4			yes					-1	-1	-1	74	
74	73	867f9d99cf6bd0f4	3			yes					-1	-1	-1	
75	72	f30c9aec08eefd33	5			yes					-1	-1	-1	-1	76	
76	75	51af96a152aaf74a	4			yes					-1	-1	-1	-1	
77	64	b6107e7b643204f0	4			yes					-1	-1	-1	78	
78	77	a63d04c528fe9fd6	5			yes					-1	-1	-1	-1	79	
79	78	049e088872ba95af	4			yes					-1	-1	-1	-1	
80	64	735437eece1a8567	4			yes					-1	-1	-1	-1	
81	64	e00d9de45bf9424b	4			yes					-1	-1	-1	-1	
82	0	7297ec285c123a6c	5			yes					83	87	88	91	93	
83	82	975b1712581ae13e	4			yes					-1	-1	-1	-1	
84	83	618985db1eac0c0e	4			no					-1	-2	-2	-2	
85	83	e5bb7311887fe5aa	4			no					-1	-1	-2	-2	
86	83	b6f016ffa25a2592	4			yes					-1	-1	-1	-1	
87	82	b212c363a9cb22e2	4			yes					-1	-1	-1	-1	
88	82	0c94969c59f2b164	4			yes					-1	89	90	-1	
89	88	a134cfd4b0fbefa1	4			yes					-1	-1	-1	-1	
90	88	e5496f77b114f567	5			yes					-1	-1	-1	-1	-1	
91	82	da0ecd54ecd52018	4			yes					-1	92	-1	-1	
92	91	2ddd73faa9c04bf2	4			yes					-1	-1	-1	-1	
93	82	f3d38fb944f652a0	4			yes					-1	-1	-1	-1	
