Number of nodes
160
ID	PID	Hash_Value			File_Number	Fully_Enumerated	Children
0	-1	5e879f2bd1ed1eab	5			yes					1	25	46	65	101	
1	0	ed7098db3d25764f	4			yes					2	11	18	24	
2	1	5f7aba9b432237cb	3			yes					3	7	9	
3	2	6013c8efb07ec13d	5			yes					-1	-1	4	5	6	
4	3	95b361fa23115f94	4			yes					-1	-1	-1	-1	
5	3	48d9e2c282c8986c	4			yes					-1	-1	-1	-1	
6	3	72b7b0bffc522fab	4			yes					-1	-1	-1	-1	
7	2	1d4ca2e7fc19ce58	4			yes					-1	-1	-1	8	
8	7	0fe8dab7b03520ce	3			yes					-1	-1	-1	
9	2	d525c060b3575963	5			yes					-1	-1	-1	-1	10	
10	9	0491ba6e317bea6f	4			yes					-1	-1	-1	-1	
11	1	b2c7143f5683fa7e	3			yes					-1	12	17	
12	11	246b332839a80469	5			yes					13	14	-1	15	16	
13	12	3a31267771e0e8ac	4			yes					-1	-1	-1	-1	
14	12	c741102a5d29233e	4			yes					-1	-1	-1	-1	
15	12	1506cdf7885f3ea2	4			yes					-1	-1	-1	-1	
16	12	36cf4b787584eaff	4			yes					-1	-1	-1	-1	
17	11	0b715ae8811188f5	5			yes					-1	-1	-1	-1	-1	
18	1	01cd47f7350f0c12	3			yes					-1	-1	19	
19	18	eb7636f148b1664d	5			yes					20	21	22	-1	23	
20	19	f52c23ae00f98a88	4			yes					-1	-1	-1	-1	
21	19	1ad87887d83074e2	4			yes					-1	-1	-1	-1	
22	19	dc2e0abcd7f71603	4			yes					-1	-1	-1	-1	
23	19	1fb953d92a7f166e	4			yes					-1	-1	-1	-1	
24	1	010071881d8bb7e8	3			yes					-1	-1	-1	
25	0	92b55cf9693096b5	4			yes					26	38	43	45	
26	25	d6175403f6929683	3			yes					27	31	36	
27	26	a2d213179feff022	5			yes					-1	-1	28	29	30	
28	27	ce3e23c8cf7febef	4			yes					-1	-1	-1	-1	
29	27	8a18393aad59a973	4			yes					-1	-1	-1	-1	
30	27	b0766b47d3c31eb4	4			yes					-1	-1	-1	-1	
31	26	bdf6ccdc5aaa0a0f	5			yes					-1	32	33	34	35	
32	31	130e8848c40f94ba	4			yes					-1	-1	-1	-1	
33	31	1a4eb1363e64bcae	4			yes					-1	-1	-1	-1	
34	31	06dc8c0007d7affa	4			yes					-1	-1	-1	-1	
35	31	af52b48c1686e499	4			yes					-1	-1	-1	-1	
36	26	0929afecdcf94f43	5			yes					-1	-1	-1	-1	37	
37	36	6f71c50fce63b2bb	4			yes					-1	-1	-1	-1	
38	25	0b94e93ae86c4f5c	3			yes					-1	39	41	
39	38	c11c1ae79ab02e86	4			yes					-1	-1	-1	40	
40	39	d3b862b7d69cc010	3			yes					-1	-1	-1	
41	38	6f08be4385e1ca84	5			yes					-1	-1	-1	-1	42	
42	41	bebcc44d07cd7988	4			yes					-1	-1	-1	-1	
43	25	31f3546a3e501878	3			yes					-1	-1	44	
44	43	60ab9e59e7b8e891	5			yes					-1	-1	-1	-1	-1	
45	25	7ec5b5aa499e5712	3			yes					-1	-1	-1	
46	0	d38f8a3fd80c7b7d	4			yes					47	58	62	64	
47	46	972d82c547ae7b4b	3			yes					48	53	57	
48	47	9f420a641874c9ac	5			yes					-1	49	50	51	52	
49	48	ff5ee234fba5974d	4			yes					-1	-1	-1	-1	
50	48	71a96a7b5df7863c	4			yes					-1	-1	-1	-1	
51	48	b78820492ac290fd	4			yes					-1	-1	-1	-1	
52	48	8de672345458273a	4			yes					-1	-1	-1	-1	
53	47	c1b38f942026f469	5			yes					-1	54	-1	55	56	
54	53	261e25d3e93933d8	4			yes					-1	-1	-1	-1	
55	53	e979a5b91290ad38	4			yes					-1	-1	-1	-1	
56	53	d317f7c46c0a1aff	4			yes					-1	-1	-1	-1	
57	47	0b5c6b50fbd03720	5			yes					-1	-1	-1	-1	-1	
58	46	e6ad9582d3db94dc	3			yes					-1	59	61	
59	58	2ab9cb3ecbe1c512	4			yes					-1	-1	-1	60	
60	59	381db36e87cd2b84	3			yes					-1	-1	-1	
61	58	fe7dde509fba6d75	5			yes					-1	-1	-1	-1	-1	
62	46	fad994e6143e42f7	3			yes					-1	-1	63	
63	62	2aad42f2896c67b9	5			yes					-1	-1	-1	-1	-1	
64	46	58d6099e5847d61d	3			yes					-1	-1	-1	
65	0	59d47e31e6a4428d	5			yes					66	86	95	98	100	
66	65	1d7676cb790642bb	4			yes					67	73	78	79	
67	66	b57a18e4102928e3	5			yes					-1	68	69	71	72	
68	67	b3c00fa5ad01db4f	4			yes					-1	-1	-1	-1	
69	67	fec46b673514f76b	4			yes					-1	-1	-1	70	
70	69	ec601337793819fd	3			yes					-1	-1	-1	
71	67	747bccc41485ada8	4			yes					-1	-1	-1	-1	
72	67	a7de60b45c05c675	4			yes					-1	-1	-1	-1	
73	66	bbba1099c963ef1f	5			yes					-1	74	75	76	77	
74	73	5c17bade007c28ae	4			yes					-1	-1	-1	-1	
75	73	9b02e15602c5435e	4			yes					-1	-1	-1	-1	
76	73	7abbc4b9cdcf6a54	4			yes					-1	-1	-1	-1	
77	73	a91e68c9854f0189	4			yes					-1	-1	-1	-1	
78	66	94595ffd2ed3a668	4			yes					-1	-1	-1	-1	
79	66	77161b653be3b5f7	3			yes					80	82	85	
80	79	a035d26017165c5d	5			yes					-1	-1	81	-1	-1	
81	80	eb8ba1e3322b83d5	4			yes					-1	-1	-1	-1	
82	79	aef5da1dce5c9ba1	5			yes					-1	83	84	-1	-1	
83	82	4958705a07435c10	4			yes					-1	-1	-1	-1	
84	82	8e4d2bd205fa37e0	4			yes					-1	-1	-1	-1	
85	79	dfc5a5950bb91bb4	4			yes					-1	-1	-1	-1	
86	65	6cf6618ced73ad2c	4			yes					-1	87	92	93	
87	86	407d095c80f35f0a	5			yes					88	-1	89	90	91	
88	87	6758dc74cb0c2a12	4			yes					-1	-1	-1	-1	
89	87	5dd72ef2c1b2b520	4			yes					-1	-1	-1	-1	
90	87	68b72371b245065b	4			yes					-1	-1	-1	-1	
91	87	52d9710cccdfb19c	4			yes					-1	-1	-1	-1	
92	86	bbd89eea27837a43	4			yes					-1	-1	-1	-1	
93	86	06960c22af965a60	3			yes					-1	94	-1	
94	93	5532c3d887cc2bb4	5			yes					-1	-1	-1	-1	-1	
95	65	6111d1b5564c31fc	4			yes					-1	-1	96	97	
96	95	ecc7c4776220df0d	4			yes					-1	-1	-1	-1	
97	95	0b71bc1b14a9c6b0	3			yes					-1	-1	-1	
98	65	2325d56d66786baa	4			yes					-1	-1	-1	99	
99	98	4945b8c3249d9ce6	3			yes					-1	-1	-1	
100	65	33b4139fa441b5c1	4			yes					-1	-1	-1	-1	
101	0	e6cd4124493c4f4c	4			yes					102	118	134	150	
102	101	d938e58ae323f315	5			yes					103	107	112	116	117	
103	102	6b32c7ca9d24b291	4			yes					104	105	-1	106	
104	103	01df4e5beded87ed	5			yes					-1	-1	-1	-1	-1	
105	103	7c802453a18a8888	4			yes					-1	-1	-1	-1	
106	103	ccdae4f5b5174ba3	5			yes					-1	-1	-1	-1	-1	
107	102	868f696e88857f24	4			yes					-1	108	109	110	
108	107	45a7b59c643b42b9	5			yes					-1	-1	-1	-1	-1	
109	107	c2950fef07bc75bf	5			yes					-1	-1	-1	-1	-1	
110	107	fff39ae300d09d11	3			yes					-1	111	-1	
111	110	553b5cea897f63a5	5			yes					-1	-1	-1	-1	-1	
112	102	35853aa6eb098948	4			yes					-1	-1	113	114	
113	112	8d6b7034c51315bb	5			yes					-1	-1	-1	-1	-1	
114	112	4cf9c92b635c6b7d	3			yes					115	-1	-1	
115	114	6c1ccd254ccea994	4			yes					-1	-1	-1	-1	
116	102	787c820595de55dd	4			yes					-1	-1	-1	-1	
117	102	a04416076b761120	4			yes					-1	-1	-1	-1	
118	101	a6fd21a8b73613ef	5			yes					119	126	129	132	133	
119	118	e25f2952289413d9	4			yes					120	121	122	123	
120	119	c31e95a3c27cb6f2	5			yes					-1	-1	-1	-1	-1	
121	119	dc3a4a6807394cdf	5			yes					-1	-1	-1	-1	-1	
122	119	3d08b0c91157949c	5			yes					-1	-1	-1	-1	-1	
123	119	9b23dadfa0c1f1ec	3			yes					124	125	-1	
124	123	d3827cd52f3897ee	5			yes					-1	-1	-1	-1	-1	
125	123	cca6a31eea7d6dc3	5			yes					-1	-1	-1	-1	-1	
126	118	3fdc946b366aca06	4			yes					-1	127	-1	128	
127	126	a0d09c53c7236856	4			yes					-1	-1	-1	-1	
128	126	7c7ad77e8209ae45	5			yes					-1	-1	-1	-1	-1	
129	118	05bb293be0569d22	4			yes					-1	-1	130	131	
130	129	06b6d89c6a1a9b67	5			yes					-1	-1	-1	-1	-1	
131	129	7cc7dab668037f17	3			yes					-1	-1	-1	
132	118	07b94627c1cbb527	4			yes					-1	-1	-1	-1	
133	118	df81d2253f63f1da	4			yes					-1	-1	-1	-1	
134	101	cc21dbc687fafb30	5			yes					135	142	146	148	149	
135	134	8883d33c1858fb06	4			yes					136	138	-1	139	
136	135	fe8e8cd045e78f7c	5			yes					-1	137	-1	-1	-1	
137	136	9e926480a636d19d	4			yes					-1	-1	-1	-1	
138	135	a07f09207db5b2b9	5			yes					-1	-1	-1	-1	-1	
139	135	f1ff20b1900d1933	3			yes					140	141	-1	
140	139	ee1265a6a8a3ae60	5			yes					-1	-1	-1	-1	-1	
141	139	b0e3e05690f193a5	5			yes					-1	-1	-1	-1	-1	
142	134	f903c47b8c2d1491	4			yes					-1	143	-1	144	
143	142	4b754d8a967283c2	4			yes					-1	-1	-1	-1	
144	142	807f37f60478f6a4	3			yes					-1	145	-1	
145	144	5be9a4fc7b36a2de	4			yes					-1	-1	-1	-1	
146	134	e577c51f4bc8c2ba	4			yes					-1	-1	-1	147	
147	146	5ee5755d15c90b66	5			yes					-1	-1	-1	-1	-1	
148	134	21aafa13d0123428	4			yes					-1	-1	-1	-1	
149	134	b55d284b0faf1905	4			yes					-1	-1	-1	-1	
150	101	f851559206123f82	5			yes					151	156	158	159	-1	
151	150	bcf35d6899b03fb4	4			yes					152	154	-1	-1	
152	151	d4b69e504dba6e33	5			yes					-1	-1	153	-1	-1	
153	152	9f08edd36887b1bb	4			yes					-1	-1	-1	-1	
154	151	da76962d94f0a9cf	5			yes					-1	155	-1	-1	-1	
155	154	3ddb3c6a5def6e7e	4			yes					-1	-1	-1	-1	
156	150	cd734a2f0dc5d023	4			yes					-1	157	-1	-1	
157	156	21b18fe8dd6019da	5			yes					-1	-1	-1	-1	-1	
158	150	c094fa16b6fa4cf3	4			yes					-1	-1	-1	-1	
159	150	82a0fece86ce16a5	4			yes					-1	-1	-1	-1	
