Number of nodes
968
ID	PID	Hash_Value			File_Number	Fully_Enumerated	Children
0	-1	f61bf0234b52622b	6			yes					1	291	709	-1	-1	-1	
1	0	e5523c6cd0fa1522	4			yes					2	73	132	-1	
2	1	327213429f43cdd8	5			yes					3	12	30	43	-1	
3	2	73912ba036833f50	4			yes					4	5	7	-1	
4	3	d320fe0e7d5d2ff0	4			yes					-1	-1	-1	-1	
5	3	6c8160985976585a	4			yes					-1	-1	-1	6	
6	5	a10baeb71295f1d3	3			yes					-1	-1	-1	
7	3	ee2c93a6b7772b95	5			yes					-1	-1	8	9	10	
8	7	910313095ae4c841	5			yes					-1	-1	-1	-1	-1	
9	7	6a6ec545c3ac4cf6	4			yes					-1	-1	-1	-1	
10	7	ec97716d298212c0	4			yes					-1	-1	11	-1	
11	10	02275328a0b24178	5			yes					-1	-1	-1	-1	-1	
12	2	acd48b268327d06d	4			yes					-1	13	18	-1	
13	12	5b32143850a1b467	5			yes					14	16	-1	-1	17	
14	13	91b3d8e5abb4335a	4			yes					15	-1	-1	-1	
15	14	c074858d9f7a8755	3			yes					-1	-1	-1	
16	13	0af54950646f0068	4			yes					-1	-1	-1	-1	
17	13	96b8da171b421dee	4			yes					-1	-1	-1	-1	
18	12	d99fe706bea0c7a8	6			yes					19	21	-1	23	25	26	
19	18	5a8cf57a87346548	5			yes					-1	-1	-1	-1	20	
20	19	2bbf698cab534ec7	4			yes					-1	-1	-1	-1	
21	18	5964f17baae6bdf3	6			yes					-1	-1	-1	-1	-1	22	
22	21	28576d8d8681967c	5			yes					-1	-1	-1	-1	-1	
23	18	6bbee2209bc643bd	5			yes					-1	-1	-1	-1	24	
24	23	1a8d7ed6b7a16832	4			yes					-1	-1	-1	-1	
25	18	89143545f3a93e0c	5			yes					-1	-1	-1	-1	-1	
26	18	db2405cd2055fefd	5			yes					27	28	-1	29	-1	
27	26	c9a8b55b7d62ec71	5			yes					-1	-1	-1	-1	-1	
28	26	ca40b15a50b034ca	6			yes					-1	-1	-1	-1	-1	-1	
29	26	f89aa2016190ca84	5			yes					-1	-1	-1	-1	-1	
30	2	eab96b42bdd805fa	4			yes					-1	-1	31	-1	
31	30	c65099463716aa1a	5			yes					32	34	37	-1	39	
32	31	94c2128e9acfb31d	5			yes					-1	-1	-1	-1	33	
33	32	e5f18e78b6a89892	4			yes					-1	-1	-1	-1	
34	31	e7c9a710715b51b4	6			yes					35	-1	-1	-1	-1	36	
35	34	73ee214060e1c3ad	5			yes					-1	-1	-1	-1	-1	
36	34	96fa3be65d3c7a3b	5			yes					-1	-1	-1	-1	-1	
37	31	ea963e55d9704e13	5			yes					-1	-1	-1	-1	38	
38	37	9ba5a2a3f517659c	4			yes					-1	-1	-1	-1	
39	31	c4eb7b8da9e3934f	4			yes					40	41	42	-1	
40	39	07e652af60993a24	5			yes					-1	-1	-1	-1	-1	
41	39	74ede7318b0dd88d	6			yes					-1	-1	-1	-1	-1	-1	
42	39	79b27e742326c72a	5			yes					-1	-1	-1	-1	-1	
43	2	79ece7e6315eb3ff	6			yes					44	54	61	63	68	71	
44	43	b36d2b3bca4b34c2	5			yes					45	47	48	50	51	
45	44	45a1a6bab191d37c	5			yes					-1	-1	-1	-1	46	
46	45	34923a4c9df6f8f3	4			yes					-1	-1	-1	-1	
47	44	66b6854dcc5da305	4			yes					-1	-1	-1	-1	
48	44	648dc69e10c30126	4			yes					-1	-1	-1	49	
49	48	15be5a683ca42aa9	3			yes					-1	-1	-1	
50	44	af0bd304c56d0055	4			yes					-1	-1	-1	-1	
51	44	b1d6c9f054be0d97	4			yes					52	-1	53	-1	
52	51	d685e69b4bc75a45	5			yes					-1	-1	-1	-1	-1	
53	51	f7a986bfea95881f	4			yes					-1	-1	-1	-1	
54	43	282bba8e059007f0	5			yes					-1	55	56	58	59	
55	54	2b0c43e599085fb4	5			yes					-1	-1	-1	-1	-1	
56	54	eab4c60d1e684eaf	5			yes					-1	-1	-1	-1	57	
57	56	9b875afb320f6520	4			yes					-1	-1	-1	-1	
58	54	9214a42c69c489c1	5			yes					-1	-1	-1	-1	-1	
59	54	2a9058459b653ea5	4			yes					-1	-1	60	-1	
60	59	7990862ce43ec796	5			yes					-1	-1	-1	-1	-1	
61	43	5d84317993037c57	5			yes					-1	-1	-1	-1	62	
62	61	2cb7ad8fbf6457d8	4			yes					-1	-1	-1	-1	
63	43	5c3fc8e4859e1a7a	5			yes					-1	-1	64	-1	65	
64	63	499f8cf029c11cd5	5			yes					-1	-1	-1	-1	-1	
65	63	cc9b328bb5cb574d	5			yes					66	-1	-1	-1	67	
66	65	58bcb4dba471c554	4			yes					-1	-1	-1	-1	
67	65	2e8cee5c63faf5fb	4			yes					-1	-1	-1	-1	
68	43	fdaeb1054585d49c	5			yes					-1	-1	-1	69	70	
69	68	8b273f7360da3815	5			yes					-1	-1	-1	-1	-1	
70	68	ff1553cedb70edc9	4			yes					-1	-1	-1	-1	
71	43	7b57052dafab8aaa	5			yes					-1	-1	72	-1	-1	
72	71	cea071586955f56e	5			yes					-1	-1	-1	-1	-1	
73	1	fbf0ba361fbcb288	5			yes					74	94	107	117	128	
74	73	ec77ea763a576188	4			yes					75	80	81	86	
75	74	f61a00d1cd1756c6	5			yes					76	77	78	-1	79	
76	75	f7c685633fc1f1fc	4			yes					-1	-1	-1	-1	
77	75	b906926e22cf4c4a	4			yes					-1	-1	-1	-1	
78	75	179348503a13efe3	4			yes					-1	-1	-1	-1	
79	75	dbd74d94f90d3c02	4			yes					-1	-1	-1	-1	
80	74	d8feb402ff2dad78	4			yes					-1	-1	-1	-1	
81	74	abc27772d9b0747e	5			yes					-1	82	83	84	85	
82	81	db6d14be34af79b2	4			yes					-1	-1	-1	-1	
83	81	4a4b3ff32eb4cd5b	4			yes					-1	-1	-1	-1	
84	81	f332c5ed000f2bba	4			yes					-1	-1	-1	-1	
85	81	efa5d5db1b30dc94	4			yes					-1	-1	-1	-1	
86	74	df8f7608c989b200	5			yes					87	88	91	-1	93	
87	86	f9fc3a01111d85b9	4			yes					-1	-1	-1	-1	
88	86	af2015c42496bfcc	4			yes					-1	89	-1	90	
89	88	4ea95d45d39206e9	3			yes					-1	-1	-1	
90	88	b36416903c97b60d	3			yes					-1	-1	-1	
91	86	3e063e893e8d0b25	4			yes					-1	-1	-1	92	
92	91	22423ddd268c02e4	3			yes					-1	-1	-1	
93	86	c3cb755cd188bbc1	4			yes					-1	-1	-1	-1	
94	73	ad0fe6354940d719	4			yes					-1	95	97	100	
95	94	f1f8281f5cdc6708	5			yes					96	-1	-1	-1	-1	
96	95	29da1f99e4fddfec	4			yes					-1	-1	-1	-1	
97	94	85f49a63d0c12363	5			yes					-1	-1	98	-1	99	
98	97	647dd2e227c59a46	4			yes					-1	-1	-1	-1	
99	97	c19338ca12418b89	4			yes					-1	-1	-1	-1	
100	94	f1b99b19c0f8e51d	5			yes					101	102	104	-1	106	
101	100	299bac9f78d95df9	4			yes					-1	-1	-1	-1	
102	100	51716e4b44233091	4			yes					-1	-1	-1	103	
103	102	4d356d1f5c223950	3			yes					-1	-1	-1	
104	100	1030d39837fc5c38	4			yes					-1	-1	-1	105	
105	104	0c74d0cc2ffd55f9	3			yes					-1	-1	-1	
106	100	edfd984dd8f9ecdc	4			yes					-1	-1	-1	-1	
107	73	5a273bad472845c4	4			yes					-1	-1	108	109	
108	107	3fe6cc131bf393c0	4			yes					-1	-1	-1	-1	
109	107	cf57289aec245f88	5			yes					110	112	114	115	116	
110	109	17751f1c5405e76c	4			yes					-1	-1	-1	111	
111	110	26a248e50818b6ab	3			yes					-1	-1	-1	
112	109	dcb5b757fac2d81a	4			yes					-1	-1	-1	113	
113	112	ed62e0aea6df89dd	3			yes					-1	-1	-1	
114	109	ba4227a2d5cc5d81	4			yes					-1	-1	-1	-1	
115	109	8f02f08acb326cb8	4			yes					-1	-1	-1	-1	
116	109	fe807f63b0390e4f	4			yes					-1	-1	-1	-1	
117	73	46719330afe37cb1	6			yes					118	119	120	123	125	127	
118	117	9e53a4b617c2c455	5			yes					-1	-1	-1	-1	-1	
119	117	55930cfdb905fb23	5			yes					-1	-1	-1	-1	-1	
120	117	36def0fc42fc717d	5			yes					-1	-1	121	-1	122	
121	120	d757b87db5f8c858	4			yes					-1	-1	-1	-1	
122	120	72b95255807cd997	4			yes					-1	-1	-1	-1	
123	117	a7f8dbb158e7c594	5			yes					-1	-1	-1	-1	124	
124	123	e39f79189a676d7e	4			yes					-1	-1	-1	-1	
125	117	1e8121af765c2375	5			yes					-1	-1	126	-1	-1	
126	125	6e2e42639b432eb9	4			yes					-1	-1	-1	-1	
127	117	021631996d63d45b	5			yes					-1	-1	-1	-1	-1	
128	73	2003d538dacddda3	4			yes					-1	-1	-1	129	
129	128	34212ef2f22d62d6	6			yes					-1	-1	130	131	-1	-1	
130	129	448e4d3e1f326f1a	5			yes					-1	-1	-1	-1	-1	
131	129	d5a866730529dbf3	5			yes					-1	-1	-1	-1	-1	
132	1	a9645dd6431a4502	6			yes					133	156	178	202	222	240	
133	132	f5a99adee2a2741e	5			yes					134	139	148	153	155	
134	133	d3dad6d73a3643a7	4			yes					135	136	-1	137	
135	134	4171ffd70ffdd7ba	4			yes					-1	-1	-1	-1	
136	134	34b065c10e9119c9	4			yes					-1	-1	-1	-1	
137	134	e52596cfcfb1c425	5			yes					-1	-1	-1	-1	138	
138	137	78f8d94e3fe9f19b	4			yes					-1	-1	-1	-1	
139	133	97733bdc23a62b95	4			yes					-1	140	142	143	
140	139	d1ec864635e1cecf	5			yes					141	-1	-1	-1	-1	
141	140	3e91331edd06fe68	4			yes					-1	-1	-1	-1	
142	139	1a6066a9754bdd1b	4			yes					-1	-1	-1	-1	
143	139	13a661b31f595bb5	3			yes					144	145	147	
144	143	4584603bca963cb3	4			yes					-1	-1	-1	-1	
145	143	b4b681fc7c912f08	5			yes					146	-1	-1	-1	-1	
146	145	5bcb34a494761faf	4			yes					-1	-1	-1	-1	
147	143	85372af521863cf3	4			yes					-1	-1	-1	-1	
148	133	d07ab5dc5662dd9b	4			yes					-1	-1	149	150	
149	148	34aa3751d0013275	5			yes					-1	-1	-1	-1	-1	
150	148	54afefb36a9dadbb	3			yes					151	-1	152	
151	150	d52b0d363bf7a4f7	4			yes					-1	-1	-1	-1	
152	150	cd3bdaa7aa0e9816	5			yes					-1	-1	-1	-1	-1	
153	133	e5af986691afb197	4			yes					-1	-1	-1	154	
154	153	617ac209ad50c1b7	3			yes					-1	-1	-1	
155	133	717cc0b1de5d043e	4			yes					-1	-1	-1	-1	
156	132	e1298c61b17fa119	5			yes					157	166	170	175	177	
157	156	390bbbe7095e19fd	4			yes					158	160	161	162	
158	157	34444a75e1603044	5			yes					-1	-1	-1	-1	159	
159	158	72d0273c98c2cac3	4			yes					-1	-1	-1	-1	
160	157	f96bd6f7c3e73a9e	4			yes					-1	-1	-1	-1	
161	157	99609ebd48f25a53	4			yes					-1	-1	-1	-1	
162	157	bddee18835a169dd	3			yes					163	164	165	
163	162	ef0d68bd689aff7d	5			yes					-1	-1	-1	-1	-1	
164	162	18f0be00f68187a0	4			yes					-1	-1	-1	-1	
165	162	3c3076c6743882d1	4			yes					-1	-1	-1	-1	
166	156	692240534313a4c8	4			yes					-1	167	-1	168	
167	166	c7169dacc9f8bb61	4			yes					-1	-1	-1	-1	
168	166	38ebb10d9ae9e51c	5			yes					-1	-1	-1	-1	169	
169	168	a536fe8c6ab1d0a2	4			yes					-1	-1	-1	-1	
170	156	c4faa36305bf089c	4			yes					-1	-1	171	172	
171	170	1629bc3eb6275660	5			yes					-1	-1	-1	-1	-1	
172	170	402ff90c394078bc	3			yes					-1	173	174	
173	172	3fe4c5d51dae4053	4			yes					-1	-1	-1	-1	
174	172	efb851c8cc28fc03	5			yes					-1	-1	-1	-1	-1	
175	156	f12f8ed9c2726490	4			yes					-1	-1	-1	176	
176	175	75fad4b6fe8d14b0	3			yes					-1	-1	-1	
177	156	65fcd60e8d80d139	4			yes					-1	-1	-1	-1	
178	132	566c72d184db5f2a	5			yes					179	190	197	199	201	
179	178	8e4e45573cfae7ce	4			yes					180	183	184	185	
180	179	3a241cf923d79e93	5			yes					-1	-1	-1	-1	182	
181	180	f3bed56295135d47	4			no					-1	-1	-1	-2	
182	180	7cb071b05a756414	4			yes					-1	-1	-1	-1	
183	179	a794ec1ee6ead69e	4			yes					-1	-1	-1	-1	
184	179	c3ca9c61f9803d3d	4			yes					-1	-1	-1	-1	
185	179	0a9b1f38000597ee	3			yes					186	188	189	
186	185	e16d3e31aa2d51aa	5			yes					-1	-1	-1	-1	-1	
187	186	28f7f7aa1ce9927e	4			no					-1	-1	-1	-2	
188	185	86314cd368dc608d	4			yes					-1	-1	-1	-1	
189	185	669a741ac54ae5bf	4			yes					-1	-1	-1	-1	
190	178	458eed1c923dd8b8	4			yes					-1	191	193	194	
191	190	f8df5d39f920bf30	5			yes					-1	-1	-1	-1	192	
192	191	be4b3070808245b7	4			yes					-1	-1	-1	-1	
193	190	ce83cdaaca92e13a	4			yes					-1	-1	-1	-1	
194	190	c15bb773aec2a898	3			yes					-1	195	196	
195	194	23967ff170da7009	5			yes					-1	-1	-1	-1	-1	
196	194	6bd325d1f65839b8	4			yes					-1	-1	-1	-1	
197	178	5f13f09ce1358adf	4			yes					-1	-1	-1	198	
198	197	b0f0479441ccd0ac	5			yes					-1	-1	-1	-1	-1	
199	178	466a7069f7d69aa3	4			yes					-1	-1	-1	200	
200	199	c2bf2a06cb29ea83	3			yes					-1	-1	-1	
201	178	d2b928beb8242f0a	4			yes					-1	-1	-1	-1	
202	132	6eee88a5a73c26c5	5			yes					203	213	217	219	220	
203	202	b6ccbf231f1d9e21	4			yes					204	208	-1	209	
204	203	29cda300ea2acbc3	5			yes					-1	-1	205	-1	207	
205	204	54625cfd1fa0a327	4			yes					-1	-1	-1	206	
206	205	12f631b4660259a0	3			yes					-1	-1	-1	
207	204	6f59ce4993883144	4			yes					-1	-1	-1	-1	
208	203	3d905ca4e16f9b8c	4			yes					-1	-1	-1	-1	
209	203	3219e54c23e2ee01	3			yes					210	212	-1	
210	209	f28481c863d004fa	5			yes					-1	-1	-1	-1	-1	
211	210	8f2b7e35965a6c1e	4			no					-1	-1	-1	-2	
212	209	b6f821d6886fe4f6	4			yes					-1	-1	-1	-1	
213	202	7d0c1768b1daa157	4			yes					-1	214	-1	215	
214	213	a998b923d40fb0c0	5			yes					-1	-1	-1	-1	-1	
215	213	f9d94d078d25d177	3			yes					-1	216	-1	
216	215	22f0c451bd0fcfba	5			yes					-1	-1	-1	-1	-1	
217	202	0c3429a76638794e	4			yes					-1	-1	-1	218	
218	217	88e173c85ac7096e	3			yes					-1	-1	-1	
219	202	68ceb34a2f8c527f	5			yes					-1	-1	-1	-1	-1	
220	202	ea3bd2ca9bc356e5	4			yes					-1	-1	-1	221	
221	220	724c883b249cae2c	5			yes					-1	-1	-1	-1	-1	
222	132	a36149b45432d8e1	5			yes					223	230	235	238	239	
223	222	7b437e32ec136005	4			yes					224	226	228	-1	
224	223	836ecc58a660d4db	5			yes					-1	-1	-1	-1	225	
225	224	212b0730366e1733	4			yes					-1	-1	-1	-1	
226	223	f2d1149b2b4a3123	4			yes					-1	-1	-1	227	
227	226	5094dff3bb44f2cb	3			yes					-1	-1	-1	
228	223	d3e3eafd60747ff9	5			yes					-1	-1	-1	-1	229	
229	228	957787b419d6857e	4			yes					-1	-1	-1	-1	
230	222	b083d67942d45f73	4			yes					-1	231	233	-1	
231	230	1543ea131ef92694	5			yes					-1	-1	-1	-1	232	
232	231	b706217b8ef7e57c	4			yes					-1	-1	-1	-1	
233	230	335c1d9eea261521	5			yes					-1	-1	-1	-1	234	
234	233	75c870d79384efa6	4			yes					-1	-1	-1	-1	
235	222	c1bbe8b69536876a	4			yes					-1	-1	236	-1	
236	235	3451f89c03490fce	6			yes					-1	-1	-1	-1	-1	237	
237	236	72c595d57aebf549	5			yes					-1	-1	-1	-1	-1	
238	222	86b266b6e0f27164	4			yes					-1	-1	-1	-1	
239	222	8cc9264bdb03c978	4			yes					-1	-1	-1	-1	
240	132	2f032d0587d286d2	5			yes					241	252	262	272	280	
241	240	a87181011eec08ea	5			yes					242	245	249	251	-1	
242	241	8e02cd08c6783f53	4			yes					243	244	-1	-1	
243	242	5043e9a95df09a62	4			yes					-1	-1	-1	-1	
244	242	1554c52af71f2edf	4			yes					-1	-1	-1	-1	
245	241	caab2003dfe85761	4			yes					-1	246	248	-1	
246	245	bd24d951d2e0fd1c	5			yes					247	-1	-1	-1	-1	
247	246	52596c093a07cdbb	4			yes					-1	-1	-1	-1	
248	245	715ae28563beb565	4			yes					-1	-1	-1	-1	
249	241	8da2ae03aa2ca16f	4			yes					-1	-1	250	-1	
250	249	011603e5930bb774	5			yes					-1	-1	-1	-1	-1	
251	241	b87783b96de1cd63	4			yes					-1	-1	-1	-1	
252	240	bcf197be4d31dded	5			yes					253	257	259	261	-1	
253	252	64d3a038f5106509	4			yes					254	255	256	-1	
254	253	38e6c44f7bd39451	5			yes					-1	-1	-1	-1	-1	
255	253	d88f761c3a690d88	4			yes					-1	-1	-1	-1	
256	253	f155b23daaa81ca6	4			yes					-1	-1	-1	-1	
257	252	34fa5b8cbf5dd83c	4			yes					-1	258	-1	-1	
258	257	ed44137646594f70	4			yes					-1	-1	-1	-1	
259	252	9922b8bcf9f17468	4			yes					-1	-1	260	-1	
260	259	2395888af52dd361	5			yes					-1	-1	-1	-1	-1	
261	252	acf795063e3c1864	4			yes					-1	-1	-1	-1	
262	240	0bb4690e789523de	5			yes					263	267	270	271	-1	
263	262	d3965e88c0b49b3a	4			yes					264	265	266	-1	
264	263	368692c3b9643a86	5			yes					-1	-1	-1	-1	-1	
265	263	5d333126036cb96e	4			yes					-1	-1	-1	-1	
266	263	abffb0e11bda7bc8	4			yes					-1	-1	-1	-1	
267	262	1856f6c36e73a44c	4			yes					-1	268	269	-1	
268	267	f47dd30363931b25	5			yes					-1	-1	-1	-1	-1	
269	267	a6b6e12a28c8a7cf	4			yes					-1	-1	-1	-1	
270	262	02cbeb431d7bf62b	4			yes					-1	-1	-1	-1	
271	262	1bb26bb60b98e657	4			yes					-1	-1	-1	-1	
272	240	3336937a5b725a31	5			yes					273	276	278	279	-1	
273	272	eb14a4fce353e2d5	4			yes					274	275	-1	-1	
274	273	256f2d3a70996fd6	5			yes					-1	-1	-1	-1	-1	
275	273	fb85c5e9cb1b53ae	4			yes					-1	-1	-1	-1	
276	272	20d40cb74d94dda3	4			yes					-1	277	-1	-1	
277	276	6f8d206efe7b78e2	5			yes					-1	-1	-1	-1	-1	
278	272	51ec32789a7605ba	4			yes					-1	-1	-1	-1	
279	272	b291cdb1d0748717	5			yes					-1	-1	-1	-1	-1	
280	240	19d28f3fb01b3016	5			yes					281	285	288	290	-1	
281	280	c1f0b8b9083a88f2	4			yes					282	283	284	-1	
282	281	11246cd9b148d751	5			yes					-1	-1	-1	-1	-1	
283	281	609bb41a3c6232a9	4			yes					-1	-1	-1	-1	
284	281	df4164c7fac7dbec	5			yes					-1	-1	-1	-1	-1	
285	280	0a3010f2a6fdb784	4			yes					-1	286	287	-1	
286	285	87094a9209d1251e	5			yes					-1	-1	-1	-1	-1	
287	285	3ffe93a47095b134	5			yes					-1	-1	-1	-1	-1	
288	280	7b082e3d711f6f9d	4			yes					-1	-1	289	-1	
289	288	38f376a699faabdb	6			yes					-1	-1	-1	-1	-1	-1	
290	280	3c01a03d04db9993	4			yes					-1	-1	-1	-1	
291	0	809a5225a0d8e123	4			yes					292	402	486	536	
292	291	437464c3d1e09728	5			yes					293	302	341	372	392	
293	292	231c14898207d569	5			yes					294	295	297	299	301	
294	293	1d65fb798b5c0b01	4			yes					-1	-1	-1	-1	
295	293	471fc7afe1edcfd1	4			yes					-1	-1	-1	296	
296	295	59ad317bf46d0eb7	5			yes					-1	-1	-1	-1	-1	
297	293	06cf3b8b36c77cec	4			yes					-1	-1	-1	298	
298	297	f3a5cf64e6c6a41b	5			yes					-1	-1	-1	-1	-1	
299	293	ae80cb3ce94ea468	4			yes					-1	-1	-1	300	
300	299	c720db42c040b6f3	5			yes					-1	-1	-1	-1	-1	
301	293	f235cc61b5381c54	4			yes					-1	-1	-1	-1	
302	292	646b8577000eebc1	4			yes					303	307	319	323	
303	302	8dcabce40bc2cf53	4			yes					304	-1	-1	305	
304	303	b3b353140299113b	3			yes					-1	-1	-1	
305	303	5ce3640c3cfd066e	3			yes					-1	-1	306	
306	305	c42b0d0214852b40	5			yes					-1	-1	-1	-1	-1	
307	302	c341bc9728732349	5			yes					308	311	314	315	317	
308	307	a82edff13e5ac15c	4			yes					-1	-1	-1	309	
309	308	30df214e3a79ce52	5			yes					-1	-1	-1	-1	310	
310	309	abd2b28129f7aa45	4			yes					-1	-1	-1	-1	
311	307	d0a3235a3e95a4db	4			yes					-1	-1	-1	312	
312	311	a13b392c02fcbb3a	5			yes					-1	-1	-1	-1	313	
313	312	3a36aae31172df2d	4			yes					-1	-1	-1	-1	
314	307	47f583f2d97ca04f	4			yes					-1	-1	-1	-1	
315	307	2d101b26c6ff2fbc	4			yes					-1	-1	-1	316	
316	315	80d49fbea7eb469d	5			yes					-1	-1	-1	-1	-1	
317	307	1268647f1f4cea74	4			yes					-1	-1	318	-1	
318	317	33f06573cafb4685	5			yes					-1	-1	-1	-1	-1	
319	302	07b6acfb0f396948	4			yes					320	321	-1	322	
320	319	6cd9cf9d19108b5d	3			yes					-1	-1	-1	
321	319	1454333619dfeeda	3			yes					-1	-1	-1	
322	319	71f27ee66521b072	3			yes					-1	-1	-1	
323	302	f28ed0c6ff14a398	5			yes					324	332	337	338	339	
324	323	99e1b3a0e93d418d	4			yes					325	-1	327	328	
325	324	8a3b47ce39cf6a62	5			yes					-1	-1	-1	-1	326	
326	325	a59cdca203332790	4			yes					-1	-1	-1	-1	
327	324	45322c3b41fed984	4			yes					-1	-1	-1	-1	
328	324	9701c23518412366	3			yes					329	-1	330	
329	328	3e914f6d10bd4387	5			yes					-1	-1	-1	-1	-1	
330	328	d9cfc6a458966848	5			yes					-1	-1	-1	-1	331	
331	330	4384e28adc1aa6c8	4			yes					-1	-1	-1	-1	
332	323	e16c4f0be9f2240a	4			yes					-1	-1	333	334	
333	332	3b04241fc9e1aabf	4			yes					-1	-1	-1	-1	
334	332	ef8c3e9e188e46e1	3			yes					-1	-1	335	
335	334	a7f9ce80d0891b73	5			yes					-1	-1	-1	-1	336	
336	335	3db2eaae5405d5f3	4			yes					-1	-1	-1	-1	
337	323	c130ebdc40460376	5			yes					-1	-1	-1	-1	-1	
338	323	7f120f73945dd299	4			yes					-1	-1	-1	-1	
339	323	fc6ea1530e68c173	4			yes					-1	-1	340	-1	
340	339	759ae37f69342a93	5			yes					-1	-1	-1	-1	-1	
341	292	9bbf1cc3f37b5f0a	4			yes					342	-1	346	352	
342	341	1cfe99defe13817a	4			yes					343	-1	-1	344	
343	342	2287762ef7485f12	3			yes					-1	-1	-1	
344	342	cdd74136c92c4847	3			yes					-1	345	-1	
345	344	51f990f0120f4ee8	5			yes					-1	-1	-1	-1	-1	
346	341	61788e4a721b5c2f	5			yes					347	348	349	350	351	
347	346	0a17ed2c6432be3a	4			yes					-1	-1	-1	-1	
348	346	729a118764fddbbd	4			yes					-1	-1	-1	-1	
349	346	03a22f48b31f03a4	4			yes					-1	-1	-1	-1	
350	346	fd93f8508d9cbda6	4			yes					-1	-1	-1	-1	
351	346	86bc2bb33e4cdb85	4			yes					-1	-1	-1	-1	
352	341	831a51dc932ad470	5			yes					353	361	367	369	370	
353	352	e87532ba85033665	4			yes					354	356	-1	358	
354	353	99d2f837f0323f32	5			yes					-1	-1	-1	-1	355	
355	354	b675635bcace72c0	4			yes					-1	-1	-1	-1	
356	353	b87bf203cbec8627	4			yes					-1	-1	-1	357	
357	356	97dc696ff110cbd5	3			yes					-1	-1	-1	
358	353	e695432f747f548e	3			yes					359	360	-1	
359	358	2d78f094d94016d7	5			yes					-1	-1	-1	-1	-1	
360	358	0cd1faa0e29eafc2	4			yes					-1	-1	-1	-1	
361	352	90f8ce1185cc53e2	4			yes					-1	362	364	365	
362	361	5f0c4e6b45810257	5			yes					-1	-1	-1	-1	363	
363	362	70abd5077f7d4fa5	4			yes					-1	-1	-1	-1	
364	361	b1d1bc001d614261	4			yes					-1	-1	-1	-1	
365	361	9e18bf8474b03109	3			yes					-1	366	-1	
366	365	eba646c86cf32bb2	5			yes					-1	-1	-1	-1	-1	
367	352	e1c0f0de522e8bfb	4			yes					-1	-1	-1	368	
368	367	ef20814ba352e910	3			yes					-1	-1	-1	
369	352	df8a5da840764223	5			yes					-1	-1	-1	-1	-1	
370	352	8dfa20496256b69b	4			yes					-1	-1	-1	371	
371	370	0133d1d49f910110	5			yes					-1	-1	-1	-1	-1	
372	292	a7786f69eb2d2a91	4			yes					373	-1	-1	375	
373	372	09edc1c9b469b46f	4			yes					374	-1	-1	-1	
374	373	37942e39bd326a07	3			yes					-1	-1	-1	
375	372	aa9fdbdf1e136ae7	5			yes					-1	376	383	388	391	
376	375	b97d441208f5ed75	4			yes					377	379	381	382	
377	376	0392e1510c836262	5			yes					-1	-1	-1	-1	378	
378	377	2c357a3d367f2f90	4			yes					-1	-1	-1	-1	
379	376	e6c09ef50f173f11	5			yes					-1	-1	-1	-1	380	
380	379	c967059935eb72e3	4			yes					-1	-1	-1	-1	
381	376	6b3af26c55b54b35	4			yes					-1	-1	-1	-1	
382	376	d726989cb2588b03	4			yes					-1	-1	-1	-1	
383	375	c8457adddf17356c	4			yes					384	-1	386	387	
384	383	2227592a41261e8a	4			yes					-1	-1	-1	385	
385	384	0d80c2467bda5378	3			yes					-1	-1	-1	
386	383	6c37176ebcda51da	5			yes					-1	-1	-1	-1	-1	
387	383	41b2e476f128f426	4			yes					-1	-1	-1	-1	
388	375	8f4cf4ddaad3c362	4			yes					389	-1	-1	-1	
389	388	f8fa5ce064ea8ed1	4			yes					-1	-1	-1	-1	
390	388	09be14247aa050c3	5			no					-1	-1	-1	-1	-2	
391	375	3f8472ab750b9389	4			yes					-1	-1	-1	-1	
392	292	8e3bd464b30b10f9	4			yes					393	-1	-1	-1	
393	392	fcd5bdf444447ebf	5			yes					394	395	398	400	-1	
394	393	c2ac52044d1fa0d7	4			yes					-1	-1	-1	-1	
395	393	ed0739d8dd1f2752	5			yes					396	-1	-1	-1	397	
396	395	027a8c8035f817f5	4			yes					-1	-1	-1	-1	
397	395	c2a0a2b4e7e36aa0	4			yes					-1	-1	-1	-1	
398	393	f07b20cbd2685027	5			yes					399	-1	-1	-1	-1	
399	398	1f0695933a8f6080	4			yes					-1	-1	-1	-1	
400	393	e488836344f48ac8	5			yes					401	-1	-1	-1	-1	
401	400	0bf5363bac13ba6f	4			yes					-1	-1	-1	-1	
402	291	bb3d7ca25827d94c	5			yes					403	416	436	460	475	
403	402	550a93ef17cc7c4b	5			yes					404	406	410	412	415	
404	403	480db65f3e71ed58	4			yes					405	-1	-1	-1	
405	404	527103bbe4bc395b	3			yes					-1	-1	-1	
406	403	4f76260bcd01a848	4			yes					-1	-1	407	409	
407	406	c2eaf9bea648d949	3			yes					-1	-1	408	
408	407	333fb3c89841ed3d	5			yes					-1	-1	-1	-1	-1	
409	406	9e5ffee3fa3e6175	3			yes					-1	-1	-1	
410	403	5bce9709af06fd2c	4			yes					-1	-1	-1	411	
411	410	5064f1d0092b5685	5			yes					-1	-1	-1	-1	-1	
412	403	d8964c5a7c850d4a	4			yes					-1	-1	-1	413	
413	412	64016d2f5deeaf94	6			yes					-1	-1	-1	414	-1	-1	
414	413	42d648bb7831432c	5			yes					-1	-1	-1	-1	-1	
415	403	84234b0720f3b576	4			yes					-1	-1	-1	-1	
416	402	b6e091cba4b58455	4			yes					417	423	425	428	
417	416	1a13991f63c65975	5			yes					418	419	420	421	422	
418	417	1bcf1cad9110fe4f	4			yes					-1	-1	-1	-1	
419	417	78baaded1a60b683	4			yes					-1	-1	-1	-1	
420	417	3fc0b61dd706f0f0	4			yes					-1	-1	-1	-1	
421	417	978f46aa088f2874	4			yes					-1	-1	-1	-1	
422	417	cb3a41f754f99048	4			yes					-1	-1	-1	-1	
423	416	41438f7613f33c0c	4			yes					-1	-1	-1	424	
424	423	906a579e24ccf531	3			yes					-1	-1	-1	
425	416	89c3954006e81c10	4			yes					426	-1	427	-1	
426	425	01fc78380aa2c869	3			yes					-1	-1	-1	
427	425	ac10ba42b228b595	3			yes					-1	-1	-1	
428	416	7cfbe97df6c5d6c0	5			yes					429	430	431	433	435	
429	428	f4c40405fa8f02b9	4			yes					-1	-1	-1	-1	
430	428	2e906c5a22bf6e16	4			yes					-1	-1	-1	-1	
431	428	5928c67f42057f45	4			yes					-1	-1	-1	432	
432	431	57c8b7eab3791dae	3			yes					-1	-1	-1	
433	428	f16736c89d8ca7c1	4			yes					-1	-1	-1	434	
434	433	ff87475d6cf0c52a	3			yes					-1	-1	-1	
435	428	721b98e807b9b42b	4			yes					-1	-1	-1	-1	
436	402	3bdcfaade2016b3d	4			yes					437	-1	442	445	
437	436	6d8c5eb30e3eed65	5			yes					-1	438	-1	-1	440	
438	437	77f0eb57d4f33966	4			yes					-1	-1	-1	439	
439	438	7cda5efa710d1f4a	6			yes					-1	-1	-1	-1	-1	-1	
440	437	bca5865b39012458	4			yes					-1	-1	-1	441	
441	440	2d9f72dc5a0a03c4	5			yes					-1	-1	-1	-1	-1	
442	436	73724402bfae26d0	5			yes					-1	443	444	-1	-1	
443	442	d245433b1da7c909	4			yes					-1	-1	-1	-1	
444	442	690ef1e66563f2d3	4			yes					-1	-1	-1	-1	
445	436	864a383f4f83ec00	6			yes					446	447	450	452	456	458	
446	445	bb7dada56ca9cfdc	5			yes					-1	-1	-1	-1	-1	
447	445	277d3f06ed8a03d9	5			yes					-1	448	-1	-1	449	
448	447	3d018ae23747d7da	4			yes					-1	-1	-1	-1	
449	447	299d4e931cf66132	4			yes					-1	-1	-1	-1	
450	445	9c368ddb954e3803	5			yes					-1	-1	-1	-1	451	
451	450	92d6fc4e64325ae8	4			yes					-1	-1	-1	-1	
452	445	b008f185eebbfc49	5			yes					-1	453	454	-1	455	
453	452	113ff6bc4cb21390	4			yes					-1	-1	-1	-1	
454	452	aa7444613476284a	4			yes					-1	-1	-1	-1	
455	452	bee880101fc79ea2	4			yes					-1	-1	-1	-1	
456	445	0bd6e78a24ca9d01	5			yes					-1	-1	-1	-1	457	
457	456	0536961fd5b6ffea	4			yes					-1	-1	-1	-1	
458	445	88aa49aabeff8eeb	5			yes					-1	-1	-1	-1	-1	
459	458	0fd7a50645dbe639	5			no					-1	-2	-2	-2	-2	
460	402	5f31770862ea64f5	4			yes					461	-1	-1	464	
461	460	7ffb46af21a21d4d	4			yes					462	463	-1	-1	
462	461	62fc631f081f8c5e	3			yes					-1	-1	-1	
463	461	6587f34bfb6fc94e	3			yes					-1	-1	-1	
464	460	a8abf237a75c97aa	5			yes					465	468	471	473	474	
465	464	20941f4fab1643d3	4			yes					466	467	-1	-1	
466	465	95864e968dbd9267	6			yes					-1	-1	-1	-1	-1	-1	
467	465	a8f4ab90727c7069	5			yes					-1	-1	-1	-1	-1	
468	464	099cf50e05557873	4			yes					-1	469	-1	470	
469	468	13e040eadf98ac70	3			yes					-1	-1	-1	
470	468	9c875c7a6e4d811d	3			yes					-1	-1	-1	
471	464	b2d747d37d9143a9	4			yes					-1	-1	-1	472	
472	471	27cceea71689bac7	3			yes					-1	-1	-1	
473	464	a66ff6d11f9616cd	4			yes					-1	-1	-1	-1	
474	464	3db05b43cc446ec4	4			yes					-1	-1	-1	-1	
475	402	7672cc053acc5e9d	4			yes					476	-1	-1	-1	
476	475	8ac33a92d18fd79d	5			yes					477	478	481	482	-1	
477	476	97c41f22f832468e	4			yes					-1	-1	-1	-1	
478	476	90bf8f760b42039e	4			yes					-1	479	480	-1	
479	478	e1426b5154b9203c	5			yes					-1	-1	-1	-1	-1	
480	478	1097ebe91cf5d106	5			yes					-1	-1	-1	-1	-1	
481	476	89740d333ed6580e	5			yes					-1	-1	-1	-1	-1	
482	476	075fe527bac6a69c	4			yes					-1	-1	483	484	
483	482	a104c7a8625bbca0	5			yes					-1	-1	-1	-1	-1	
484	482	db54df91c0322263	7			yes					-1	-1	-1	-1	-1	-1	485	
485	484	411ffbbf44beece3	6			yes					-1	-1	-1	-1	-1	-1	
486	291	24f8922ddef700ef	5			yes					487	496	514	524	531	
487	486	bb5d36f78bb56f1d	5			yes					488	489	492	494	495	
488	487	9d2e7afe532158a4	4			yes					-1	-1	-1	-1	
489	487	d98797f54ab13096	4			yes					-1	490	491	-1	
490	489	779965a468c1fe5f	3			yes					-1	-1	-1	
491	489	2aa561591a559357	3			yes					-1	-1	-1	
492	487	1543c4a6a9c5a1d4	4			yes					-1	-1	493	-1	
493	492	e661320af9210215	3			yes					-1	-1	-1	
494	487	487fc05bdb51ccdc	4			yes					-1	-1	-1	-1	
495	487	1995e9f66b04053a	4			yes					-1	-1	-1	-1	
496	486	7207ce2e880b657e	4			yes					497	501	507	510	
497	496	b62bbb889687ee41	5			yes					498	-1	499	500	-1	
498	497	b7f73e3a6451497b	4			yes					-1	-1	-1	-1	
499	497	183549d9b4f72088	4			yes					-1	-1	-1	-1	
500	497	45094d24c6634d80	4			yes					-1	-1	-1	-1	
501	496	8377629c88a492ab	5			yes					502	503	504	505	506	
502	501	0b488fe484ee46d2	4			yes					-1	-1	-1	-1	
503	501	25f85abe789f4365	4			yes					-1	-1	-1	-1	
504	501	7f5afcf74c24cc51	4			yes					-1	-1	-1	-1	
505	501	70559430d840316a	4			yes					-1	-1	-1	-1	
506	501	21bfbd9d6815f88c	4			yes					-1	-1	-1	-1	
507	496	14837a9afc30f55e	4			yes					508	-1	-1	509	
508	507	9cbc97e2f07a2127	3			yes					-1	-1	-1	
509	507	c5aaa272cb0f3c63	3			yes					-1	-1	-1	
510	496	5d6c33738ff4b1c3	5			yes					-1	-1	511	513	-1	
511	510	f372c122ad847f0a	4			yes					-1	-1	512	-1	
512	511	0050378efd60dccb	3			yes					-1	-1	-1	
513	510	ae4ec5dfdf101202	4			yes					-1	-1	-1	-1	
514	486	03e773990f197c06	4			yes					515	-1	518	522	
515	514	2565eea9c0579ca7	4			yes					-1	-1	516	517	
516	515	d647180590b33f66	3			yes					-1	-1	-1	
517	515	9a3e03a3dd37805a	6			yes					-1	-1	-1	-1	-1	-1	
518	514	6b10c8e0807a0103	5			yes					519	520	-1	-1	521	
519	518	e32f25988c30d57a	4			yes					-1	-1	-1	-1	
520	518	78f2572d969c8691	4			yes					-1	-1	-1	-1	
521	518	ba391008b745c83e	4			yes					-1	-1	-1	-1	
522	514	3a6719d0e1989fb1	5			yes					-1	-1	-1	523	-1	
523	522	c945ef7cb17c3c70	4			yes					-1	-1	-1	-1	
524	486	6f828f17f3835c9e	4			yes					525	-1	-1	529	
525	524	501eb6db1b864cc4	4			yes					-1	526	527	528	
526	525	32c417d9da82134f	3			yes					-1	-1	-1	
527	525	958035e32eafa10f	3			yes					-1	-1	-1	
528	525	81376e332cb985f9	3			yes					-1	-1	-1	
529	524	45d038c1825a71b7	5			yes					-1	-1	-1	-1	530	
530	529	72151754ff0dec20	4			yes					-1	-1	-1	-1	
531	486	25d80c44ecd34945	4			yes					532	-1	-1	-1	
532	531	19f1ff3268420859	5			yes					-1	533	534	535	-1	
533	532	1d5ab520ebcf6d26	5			yes					-1	-1	-1	-1	-1	
534	532	b7ef0d634a32c690	4			yes					-1	-1	-1	-1	
535	532	ead3099e38a6ab98	4			yes					-1	-1	-1	-1	
536	291	f964659710513bb0	6			yes					537	593	640	677	701	708	
537	536	e626c95e56e437fc	5			yes					538	555	564	573	580	
538	537	b059d01c0687ae17	5			yes					539	541	545	549	553	
539	538	b18555aef451092d	4			yes					-1	-1	-1	540	
540	539	e04c157129fd96d0	3			yes					-1	-1	-1	
541	538	afc5237db1ad6765	5			yes					542	-1	-1	-1	544	
542	541	cc5d9da254b6e015	4			yes					-1	-1	-1	-1	
543	541	f3518d2f75a3ce1e	4			no					-1	-1	-1	-2	
544	541	9d00390bbb96d364	4			yes					-1	-1	-1	-1	
545	538	958aff1eb2470792	4			yes					-1	546	547	548	
546	545	e39834fd3d5828a4	5			yes					-1	-1	-1	-1	-1	
547	545	a59c6aabff05318b	5			yes					-1	-1	-1	-1	-1	
548	545	d184e4fa1aa0b512	5			yes					-1	-1	-1	-1	-1	
549	538	3dc50fa96dcedf16	4			yes					-1	550	-1	551	
550	549	30ade6fb3044eda2	4			yes					-1	-1	-1	-1	
551	549	5a544262a1fa2a0d	6			yes					-1	-1	-1	-1	-1	552	
552	551	c01f664c2576e48d	5			yes					-1	-1	-1	-1	-1	
553	538	e19090c3db2b31ea	4			yes					-1	554	-1	-1	
554	553	060daac4a818b773	5			yes					-1	-1	-1	-1	-1	
555	537	f359512e0b9f0cb0	4			yes					556	557	558	561	
556	555	4d8f00ddad40b41d	5			yes					-1	-1	-1	-1	-1	
557	555	d25c756b165c9cb3	5			yes					-1	-1	-1	-1	-1	
558	555	7ec58e9b60d67db1	3			yes					-1	-1	559	
559	558	7754051c6268f8a2	6			yes					-1	-1	-1	-1	-1	560	
560	559	ed1f2132e6e43622	5			yes					-1	-1	-1	-1	-1	
561	555	a29011f1d633934d	3			yes					562	563	-1	
562	561	e4478964b4f5640b	5			yes					-1	-1	-1	-1	-1	
563	561	7b94fcd20fe94ca5	5			yes					-1	-1	-1	-1	-1	
564	537	82cdd03467a17b58	4			yes					565	566	569	570	
565	564	0e66191d5fc85a7d	5			yes					-1	-1	-1	-1	-1	
566	564	e0177136a6a524d3	3			yes					-1	-1	567	
567	566	ea7480421549c22d	5			yes					-1	-1	-1	-1	568	
568	567	7179138d06c7a63a	4			yes					-1	-1	-1	-1	
569	564	64efacf6dfb9d692	5			yes					-1	-1	-1	-1	-1	
570	564	d30490ebba0de4a5	3			yes					571	-1	572	
571	570	a7ae90a4467d8a6b	5			yes					-1	-1	-1	-1	-1	
572	570	0f3dce79f94c6726	5			yes					-1	-1	-1	-1	-1	
573	537	c4e5a86e24d3a592	4			yes					574	575	578	-1	
574	573	9426007ba379072d	5			yes					-1	-1	-1	-1	-1	
575	573	a63f096ce5d7fa19	3			yes					-1	576	577	
576	575	812b35eeb9238539	5			yes					-1	-1	-1	-1	-1	
577	575	4fbcfbdb97f59210	4			yes					-1	-1	-1	-1	
578	573	e136876c90130c17	3			yes					-1	-1	579	
579	578	07b00b891c7d36f5	5			yes					-1	-1	-1	-1	-1	
580	537	e2066c293765d25d	5			yes					581	582	588	591	592	
581	580	c4752020eff1e5e4	4			yes					-1	-1	-1	-1	
582	580	80dccd2bf6618dd6	4			yes					-1	583	585	586	
583	582	9517bde3329239e2	5			yes					-1	-1	-1	-1	584	
584	583	bab0268f086e7410	4			yes					-1	-1	-1	-1	
585	582	94bc5d3b21402a44	4			yes					-1	-1	-1	-1	
586	582	8e3cbcbe071def3d	3			yes					-1	587	-1	
587	586	21bdb5401be01007	5			yes					-1	-1	-1	-1	-1	
588	580	c7d5432b83a57bd8	4			yes					-1	-1	589	590	
589	588	f78a042c9d458f92	5			yes					-1	-1	-1	-1	-1	
590	588	c93532be72d91933	3			yes					-1	-1	-1	
591	580	6f9ab39c5c2ca35c	4			yes					-1	-1	-1	-1	
592	580	ece61dbcc619b0b6	4			yes					-1	-1	-1	-1	
593	536	af9b399446ad5e21	5			yes					-1	594	608	615	621	
594	593	b585e599e6983ece	5			yes					595	600	602	603	607	
595	594	3dba08e1ead2eab7	4			yes					-1	596	597	598	
596	595	9a6aa2920169959e	4			yes					-1	-1	-1	-1	
597	595	f1edbb45d22bd516	4			yes					-1	-1	-1	-1	
598	595	c74df77a4a778fc7	5			yes					-1	-1	-1	-1	599	
599	598	5c4064b559f9ebd0	4			yes					-1	-1	-1	-1	
600	594	130addbb16a3ef00	4			yes					-1	-1	-1	601	
601	600	42c39d64cb0f70fd	3			yes					-1	-1	-1	
602	594	f2e54a304a94eb4b	4			yes					-1	-1	-1	-1	
603	594	38193a2c8dd14fcf	4			yes					-1	-1	-1	604	
604	603	69d07af3507dd032	3			yes					605	-1	-1	
605	604	b32a67a71bc475be	5			yes					-1	-1	-1	-1	606	
606	605	296143899f48bb3e	4			yes					-1	-1	-1	-1	
607	594	e44ca5463b34a133	4			yes					-1	-1	-1	-1	
608	593	c6501c758017c2c2	4			yes					609	612	613	614	
609	608	4e6ff10d8c5d16bb	3			yes					-1	-1	610	
610	609	6a7523928b0ba93c	5			yes					-1	-1	-1	-1	611	
611	610	f178b05d9885cd2b	4			yes					-1	-1	-1	-1	
612	608	4e5bd047727bc713	3			yes					-1	-1	-1	
613	608	51fd6195238a4e55	3			yes					-1	-1	-1	
614	608	97995caa5dbb5d3f	3			yes					-1	-1	-1	
615	593	8078642fc3651c08	4			yes					616	618	619	620	
616	615	08478957cf2fc871	3			yes					-1	617	-1	
617	616	b8c89bf0e2091260	4			yes					-1	-1	-1	-1	
618	615	0873a81d310919d9	3			yes					-1	-1	-1	
619	615	a5ab4b2d77a5b58d	3			yes					-1	-1	-1	
620	615	25e70e484ae6782d	3			yes					-1	-1	-1	
621	593	049a3ed78f0d053e	4			yes					622	627	633	635	
622	621	ef70e1562a575301	5			yes					623	624	625	626	-1	
623	622	eeac64e4d881f43b	4			yes					-1	-1	-1	-1	
624	622	b2a7a267816a9e96	5			yes					-1	-1	-1	-1	-1	
625	622	d25a0b552e0e412e	5			yes					-1	-1	-1	-1	-1	
626	622	c6a9a8fdb8929bc1	5			yes					-1	-1	-1	-1	-1	
627	621	eaacd4d3ca48c3d8	5			yes					628	629	630	631	-1	
628	627	73e7ffd96305a622	5			yes					-1	-1	-1	-1	-1	
629	627	4c23ecf13a731216	4			yes					-1	-1	-1	-1	
630	627	adcc7b7a6644165d	4			yes					-1	-1	-1	-1	
631	627	67300b66a101b2d9	4			yes					632	-1	-1	-1	
632	631	2fd78d3802acc472	4			yes					-1	-1	-1	-1	
633	621	99792d3facc73fd4	4			yes					634	-1	-1	-1	
634	633	dedf2b31a27980d9	5			yes					-1	-1	-1	-1	-1	
635	621	b0fca73c21fe8143	4			yes					636	-1	638	-1	
636	635	449f32575ec8dd89	5			yes					-1	-1	-1	-1	637	
637	636	6b38a93b6434907b	4			yes					-1	-1	-1	-1	
638	635	952f883e953e28c6	3			yes					639	-1	-1	
639	638	5bdaa6dd812da0b5	4			yes					-1	-1	-1	-1	
640	536	de7b8423c1bf4759	5			yes					-1	-1	641	652	658	
641	640	a0f1aabed88343e5	5			yes					642	645	648	650	651	
642	641	28ce47c6d4c9979c	4			yes					643	-1	644	-1	
643	642	e5fca1a58acec9a1	5			yes					-1	-1	-1	-1	-1	
644	642	d3cb518569d711fe	4			yes					-1	-1	-1	-1	
645	641	b3133573ce65c477	4			yes					-1	-1	-1	646	
646	645	e2da75ac13c95b8a	3			yes					647	-1	-1	
647	646	4c34281c937b19b7	5			yes					-1	-1	-1	-1	-1	
648	641	244595db298cc0e3	4			yes					-1	-1	-1	649	
649	648	758cd504f4205f1e	3			yes					-1	-1	-1	
650	641	4ea00d0f360f4f10	4			yes					-1	-1	-1	-1	
651	641	f138ea61052fdc18	4			yes					-1	-1	-1	-1	
652	640	373d9a9ff6c1e23b	4			yes					653	655	656	657	
653	652	bf0277e7fa8b3642	3			yes					654	-1	-1	
654	653	906ea885c6e592a2	5			yes					-1	-1	-1	-1	-1	
655	652	24df0552e02765a9	3			yes					-1	-1	-1	
656	652	3e4218d2932f37ce	3			yes					-1	-1	-1	
657	652	92a2f0f87f42861e	3			yes					-1	-1	-1	
658	640	757a8360081f1c46	4			yes					659	-1	666	672	
659	658	ac706064274ff1a6	4			yes					660	661	662	-1	
660	659	50ed81c79d874dee	5			yes					-1	-1	-1	-1	-1	
661	659	cf3ef471269b6540	5			yes					-1	-1	-1	-1	-1	
662	659	eba9ef837b00496e	5			yes					663	-1	-1	-1	-1	
663	662	8831515c9e1bce1e	4			yes					-1	-1	-1	-1	
664	662	c381d9ccb9f2d6c4	4			no					-1	-2	-2	-1	
665	662	0b716749bdd67de9	4			no					-1	-2	-2	-1	
666	658	ffd89bf4f453bef3	5			yes					667	668	670	671	-1	
667	666	847529ed130be7b7	5			yes					-1	-1	-1	-1	-1	
668	666	ec3a0439e2b53961	4			yes					669	-1	-1	-1	
669	668	f89e20bfba093052	5			yes					-1	-1	-1	-1	-1	
670	666	7b6ca491055c3df5	4			yes					-1	-1	-1	-1	
671	666	11893c451adfb206	4			yes					-1	-1	-1	-1	
672	658	07b9598c145a7f70	4			yes					673	675	-1	-1	
673	672	1e35308befbabae7	5			yes					-1	-1	-1	-1	674	
674	673	3192abe7d546f715	4			yes					-1	-1	-1	-1	
675	672	145bc64102bcf8e2	3			yes					676	-1	-1	
676	675	8d0c299ff6226b51	5			yes					-1	-1	-1	-1	-1	
677	536	21af1d9732caf392	5			yes					-1	-1	-1	678	687	
678	677	c2f243966ae36048	5			yes					679	683	684	685	686	
679	678	4acdaeee66a9b431	4			yes					680	681	-1	682	
680	679	8387177c0f18c7f2	5			yes					-1	-1	-1	-1	-1	
681	679	9c667b9995471f2d	4			yes					-1	-1	-1	-1	
682	679	31de0d579ba786ac	5			yes					-1	-1	-1	-1	-1	
683	678	d110dc5b7c05e7da	4			yes					-1	-1	-1	-1	
684	678	a028e294abe73fc3	4			yes					-1	-1	-1	-1	
685	678	5e19358c956481c1	4			yes					-1	-1	-1	-1	
686	678	65eca5ad242fede9	4			yes					-1	-1	-1	-1	
687	677	8aae1ad4fb6aa88d	4			yes					688	-1	-1	693	
688	687	dde4e17e4b71864e	4			yes					689	690	692	-1	
689	688	130498076f0fa38e	5			yes					-1	-1	-1	-1	-1	
690	688	5ede88e13c3bebc8	5			yes					-1	691	-1	-1	-1	
691	690	76f6beaefec97462	4			yes					-1	-1	-1	-1	
692	688	d184420526ab2415	5			yes					-1	-1	-1	-1	-1	
693	687	42bd74b8c481908b	5			yes					694	696	698	700	-1	
694	693	7ac8bf5d8853af8e	5			yes					-1	-1	-1	-1	695	
695	694	556f2431b2afe27c	4			yes					-1	-1	-1	-1	
696	693	515feb75d2671719	4			yes					697	-1	-1	-1	
697	696	9ee596663fdf3e01	5			yes					-1	-1	-1	-1	-1	
698	693	2067d5ba0585cf00	4			yes					699	-1	-1	-1	
699	698	7f7446b4f663adf8	4			yes					-1	-1	-1	-1	
700	693	de5602a23b067102	4			yes					-1	-1	-1	-1	
701	536	1d686e3d2a9c8609	5			yes					-1	-1	-1	-1	702	
702	701	b669697ee33cdd16	4			yes					703	-1	-1	-1	
703	702	f4616b7dc64838d9	4			yes					704	705	707	-1	
704	703	8944816193befede	5			yes					-1	-1	-1	-1	-1	
705	703	95a3b0fc978139c2	5			yes					-1	-1	-1	-1	706	
706	705	ba042b90ad7d7430	4			yes					-1	-1	-1	-1	
707	703	17923cc4c4b68662	5			yes					-1	-1	-1	-1	-1	
708	536	526562d4d9f160af	5			yes					-1	-1	-1	-1	-1	
709	0	5f63b1f44a654328	4			yes					710	-1	797	832	
710	709	3ce8b045eb324ca2	5			yes					711	732	748	760	773	
711	710	5fc0854bfc4c3bb0	5			yes					712	713	720	725	731	
712	711	2073dcf30bc724a4	4			yes					-1	-1	-1	-1	
713	711	3d1a24493d48643b	4			yes					-1	714	715	716	
714	713	71256838f5042ad7	6			yes					-1	-1	-1	-1	-1	-1	
715	713	9a6c1b0d4b69152a	5			yes					-1	-1	-1	-1	-1	
716	713	dd363db1a98d2e38	6			yes					717	-1	718	-1	-1	719	
717	716	324b88e9416a1e9f	5			yes					-1	-1	-1	-1	-1	
718	716	1c36899aefa0c9b3	5			yes					-1	-1	-1	-1	-1	
719	716	463bae7eba034a2f	5			yes					-1	-1	-1	-1	-1	
720	711	7a13aa49488c9235	4			yes					-1	-1	721	722	
721	720	1b61fb47433bcdd3	6			yes					-1	-1	-1	-1	-1	-1	
722	720	1490e78bffb1467b	6			yes					-1	-1	724	-1	-1	-1	
723	722	fbed52d3175676dc	5			no					-1	-2	-1	-1	-1	
724	722	d59053a0b99ca1f0	5			yes					-1	-1	-1	-1	-1	
725	711	d25c5afe97054ab1	4			yes					-1	-1	-1	726	
726	725	9f40411344ebd964	7			yes					-1	-1	727	-1	-1	-1	729	
727	726	5e40f53802c63eef	6			yes					-1	-1	-1	-1	-1	728	
728	727	c40bd116864af06f	5			yes					-1	-1	-1	-1	-1	
729	726	050b653dc06717e4	6			yes					730	-1	-1	-1	-1	-1	
730	729	ea76d06528802743	5			yes					-1	-1	-1	-1	-1	
731	711	b526080de906981b	4			yes					-1	-1	-1	-1	
732	710	8d55d20a6738be0f	5			yes					733	736	739	744	747	
733	732	44fa2052d3b6faff	4			yes					-1	-1	734	735	
734	733	f69588fc8aab64b1	4			yes					-1	-1	-1	-1	
735	733	147d60f4453b30fe	5			yes					-1	-1	-1	-1	-1	
736	732	3db7a2d8b564c5d9	4			yes					-1	-1	737	738	
737	736	9719920ec0639314	4			yes					-1	-1	-1	-1	
738	736	d7512f9ea02e6672	3			yes					-1	-1	-1	
739	732	1e37d07918d1ed8c	4			yes					740	741	742	743	
740	739	77bd72144eed4143	4			yes					-1	-1	-1	-1	
741	739	9d9094775c61fc6f	4			yes					-1	-1	-1	-1	
742	739	0d5936c99724a74a	4			yes					-1	-1	-1	-1	
743	739	3d6962dadec73311	4			yes					-1	-1	-1	-1	
744	732	00c90dbf0c71cf0e	4			yes					-1	-1	-1	745	
745	744	9f859c2ba54e3e5a	5			yes					-1	-1	-1	-1	746	
746	745	05ceb80521c2f0da	4			yes					-1	-1	-1	-1	
747	732	67b35f4c72721da4	4			yes					-1	-1	-1	-1	
748	710	f564ef87a2321cb2	4			yes					749	753	755	757	
749	748	3ccb1ddf16bc5842	3			yes					750	-1	751	
750	749	b3472f15117e9b18	4			yes					-1	-1	-1	-1	
751	749	89e5f2b6153f27fe	5			yes					-1	-1	-1	-1	752	
752	751	12e8617906b143e9	4			yes					-1	-1	-1	-1	
753	748	cd25399909a3f5a0	4			yes					-1	-1	-1	754	
754	753	56dd685c1c5d5bf2	3			yes					-1	-1	-1	
755	748	e8221e4d71f47661	5			yes					-1	756	-1	-1	-1	
756	755	2922aa6637d991ea	4			yes					-1	-1	-1	-1	
757	748	1f8262c1b778bf19	3			yes					-1	758	759	
758	757	cdd0fb930fd33fe5	4			yes					-1	-1	-1	-1	
759	757	d978a1ce78837689	5			yes					-1	-1	-1	-1	-1	
760	710	a80d76cf8726357c	4			yes					761	764	768	772	
761	760	61a2849733a8718c	3			yes					762	763	-1	
762	761	8f9522307caf5a1b	4			yes					-1	-1	-1	-1	
763	761	1cc0f3f484d7747d	4			yes					-1	-1	-1	-1	
764	760	dfcaf166c7a836a8	5			yes					-1	-1	765	766	767	
765	764	3f1279ac017e022f	4			yes					-1	-1	-1	-1	
766	764	84693165cc4b9ee0	4			yes					-1	-1	-1	-1	
767	764	4432a0a3d25698fa	4			yes					-1	-1	-1	-1	
768	760	8dde59cd33e69cf9	3			yes					-1	769	770	
769	768	a8cfa56e089cf0a8	4			yes					-1	-1	-1	-1	
770	768	d1f5643e9db2275a	5			yes					-1	-1	-1	-1	-1	
771	770	10f5d015db9fc0d1	4			no					-1	-2	-2	-2	
772	760	adfc3023a0259a0b	3			yes					-1	-1	-1	
773	710	2e809e033a1089e1	5			yes					774	782	788	795	796	
774	773	e72f6c5b8e9ecd11	4			yes					775	776	777	778	
775	774	a6000ab5dfe830ec	4			yes					-1	-1	-1	-1	
776	774	e8fb5c6bf824eac7	4			yes					-1	-1	-1	-1	
777	774	fc08ffc36eb83028	4			yes					-1	-1	-1	-1	
778	774	e9cf1dce7fe2affa	3			yes					-1	779	780	
779	778	eb25b3c4cc8a1efb	4			yes					-1	-1	-1	-1	
780	778	60f5155c77d081e4	5			yes					-1	-1	-1	-1	781	
781	780	fabe3172f35c4f64	4			yes					-1	-1	-1	-1	
782	773	6f00737a9a7bfe9f	4			yes					-1	783	785	786	
783	782	fb6b94437bc7a4ac	4			yes					-1	-1	-1	784	
784	783	d4cc0f2f413be95e	3			yes					-1	-1	-1	
785	782	3092277f46eeb66b	4			yes					-1	-1	-1	-1	
786	782	d8085d3d0e35fdde	5			yes					-1	-1	-1	-1	787	
787	786	4305cef21dbb99c9	4			yes					-1	-1	-1	-1	
788	773	0b53b1018ed02064	4			yes					-1	-1	789	793	
789	788	21cf6b9b1c8a9e3d	5			yes					-1	790	791	-1	792	
790	789	e0cfdfb05aa779b6	4			yes					-1	-1	-1	-1	
791	789	f67498e0d7f9ac84	4			yes					-1	-1	-1	-1	
792	789	2d77cfe6d7a34985	4			yes					-1	-1	-1	-1	
793	788	05b3c0947fac428f	3			yes					-1	794	-1	
794	793	4fc19ce052b58d49	4			yes					-1	-1	-1	-1	
795	773	a31c41b65159f8e0	4			yes					-1	-1	-1	-1	
796	773	2060ef96cb6ceb0a	4			yes					-1	-1	-1	-1	
797	709	c6a1f2612e2fe10e	5			yes					798	-1	808	815	824	
798	797	c848da08c426adfb	5			yes					799	801	802	805	806	
799	798	30704a345525ded3	4			yes					-1	-1	-1	800	
800	799	4368b45d45a294a4	6			yes					-1	-1	-1	-1	-1	-1	
801	798	89415f3bf9639834	5			yes					-1	-1	-1	-1	-1	
802	798	29c19289332214de	4			yes					-1	-1	-1	803	
803	802	74bb4e0772ff2796	6			yes					-1	-1	-1	-1	-1	804	
804	803	efb6ddc861714381	5			yes					-1	-1	-1	-1	-1	
805	798	8cd9951957b5a4a9	5			yes					-1	-1	-1	-1	-1	
806	798	22ae574ed16c0e50	4			yes					-1	-1	-1	-1	
807	806	89b49d31ff135271	5			no					-1	-1	-2	-2	-2	
808	797	677673fa76bb1642	4			yes					809	-1	812	813	
809	808	95cd4e2003ca56cd	5			yes					-1	-1	-1	810	811	
810	809	95bcb857c1630200	5			yes					-1	-1	-1	-1	-1	
811	809	7754505f0ef3564f	6			yes					-1	-1	-1	-1	-1	-1	
812	808	e6b2ca0048665ce3	4			yes					-1	-1	-1	-1	
813	808	b81c1093307bc046	3			yes					814	-1	-1	
814	813	c3fe58fc27817faa	6			yes					-1	-1	-1	-1	-1	-1	
815	797	f8c1a167bb25abf6	4			yes					816	-1	-1	818	
816	815	cd75ab0fc5fabe16	4			yes					-1	-1	817	-1	
817	816	a0657a0ba41709a4	6			yes					-1	-1	-1	-1	-1	-1	
818	815	27abc20efde57df2	3			yes					819	-1	-1	
819	818	737acc7f62d459c1	6			yes					-1	820	821	822	-1	-1	
820	819	6b4537936a166f2a	5			yes					-1	-1	-1	-1	-1	
821	819	6c4ff1fe57532fd6	5			yes					-1	-1	-1	-1	-1	
822	819	3b3cb4911cb8fdb8	5			yes					-1	-1	-1	-1	-1	
823	819	abe6fc8bd3014ddf	5			no					-1	-2	-2	-2	-2	
824	797	19cb910868ef370a	4			yes					825	-1	-1	-1	
825	824	2c4e26db20106cbb	5			yes					826	827	828	831	-1	
826	825	f7c2bcfe6cd0bd41	6			yes					-1	-1	-1	-1	-1	-1	
827	825	3d1e9592d6617b94	5			yes					-1	-1	-1	-1	-1	
828	825	c01146a45b8d0e73	6			yes					-1	829	830	-1	-1	-1	
829	828	d82ebd48534f3898	5			yes					-1	-1	-1	-1	-1	
830	828	df247b256e0a7864	5			yes					-1	-1	-1	-1	-1	
831	825	3e510957a0f8d890	5			yes					-1	-1	-1	-1	-1	
832	709	6e601200957c792d	6			yes					833	-1	861	923	948	955	
833	832	2e2567b12aa5f9a9	6			yes					834	836	838	845	852	856	
834	833	d61df78dbba68a81	5			yes					-1	-1	-1	-1	835	
835	834	52c8ade28759faa1	4			yes					-1	-1	-1	-1	
836	833	f19190ddd65df6dc	6			yes					-1	-1	-1	-1	-1	837	
837	836	b705fd94afff0c5b	5			yes					-1	-1	-1	-1	-1	
838	833	0e2133484f8c0682	6			yes					-1	839	841	-1	842	844	
839	838	161ec8a4474e3069	5			yes					-1	-1	-1	-1	840	
840	839	508aa5ed3eeccaee	4			yes					-1	-1	-1	-1	
841	838	d99ac03384ff343b	5			yes					-1	-1	-1	-1	-1	
842	838	b161c37aeac345d8	5			yes					-1	-1	-1	-1	843	
843	842	f7f5ae339361bf5f	4			yes					-1	-1	-1	-1	
844	838	48b55e01362efc05	5			yes					-1	-1	-1	-1	-1	
845	833	9cb448f0cf0d44ad	5			yes					-1	-1	846	848	849	
846	845	ed4453eedc261409	6			yes					-1	-1	-1	-1	-1	847	
847	846	abd03ea7a584ee8e	5			yes					-1	-1	-1	-1	-1	
848	845	2f1bba567552317a	5			yes					-1	-1	-1	-1	-1	
849	845	1861129ff3f2348d	4			yes					-1	-1	850	851	
850	849	360d712655dcdb30	6			yes					-1	-1	-1	-1	-1	-1	
851	849	8a4b522d4998e9f8	5			yes					-1	-1	-1	-1	-1	
852	833	59231a93d96fe05d	5			yes					-1	-1	853	-1	854	
853	852	9edced1904dd51d1	5			yes					-1	-1	-1	-1	-1	
854	852	ddf640fce590907d	4			yes					-1	-1	855	-1	
855	854	0283f31f9b17881f	5			yes					-1	-1	-1	-1	-1	
856	833	aaf03dde165a8989	5			yes					-1	857	858	-1	-1	
857	856	2ad8b2155fa739e5	6			yes					-1	-1	-1	-1	-1	-1	
858	856	d5681180c676c9bb	6			yes					-1	859	-1	-1	860	-1	
859	858	cd57ea6cceb4ff50	5			yes					-1	-1	-1	-1	-1	
860	858	6a28e1b263398ae1	5			yes					-1	-1	-1	-1	-1	
861	832	497ff3b4449205c4	5			yes					862	-1	886	908	913	
862	861	f0586bfef1cf13d8	6			yes					863	865	867	869	873	877	
863	862	498818c21b3c08c5	6			yes					-1	-1	-1	-1	-1	864	
864	863	0f1c758b629ef242	5			yes					-1	-1	-1	-1	-1	
865	862	f5f799e8d9162e6c	6			yes					-1	-1	-1	-1	-1	866	
866	865	b363f4a1a0b4d4eb	5			yes					-1	-1	-1	-1	-1	
867	862	111a59bed9cf9f18	6			yes					-1	-1	-1	-1	-1	868	
868	867	578e34f7a06d659f	5			yes					-1	-1	-1	-1	-1	
869	862	0f661dee10d426e1	6			yes					-1	870	-1	-1	-1	872	
870	869	1759e6021816100a	5			yes					-1	-1	-1	-1	-1	
871	870	51cd8b4b61b4ea8d	4			no					-1	-1	-2	-1	
872	869	49f270a76976dc66	5			yes					-1	-1	-1	-1	-1	
873	862	5025aaf89be56e2d	6			yes					-1	874	-1	-1	875	876	
874	873	481a5114932758c6	5			yes					-1	-1	-1	-1	-1	
875	873	57b055840bdc6cc7	5			yes					-1	-1	-1	-1	-1	
876	873	390ce9d20c5980a3	5			yes					-1	-1	-1	-1	-1	
877	862	748d3191cd3063f8	5			yes					878	879	880	881	883	
878	877	92c13a0a92c6c7fc	6			yes					-1	-1	-1	-1	-1	-1	
879	877	2ebebb2050ece155	6			yes					-1	-1	-1	-1	-1	-1	
880	877	ca537b7650355021	6			yes					-1	-1	-1	-1	-1	-1	
881	877	d42f3f26992ee9d8	6			yes					-1	882	-1	-1	-1	-1	
882	881	cc10c4ca91ecdf33	5			yes					-1	-1	-1	-1	-1	
883	877	cc7ab4fe042fb7e3	6			yes					-1	884	-1	-1	885	-1	
884	883	d4454f120ced8108	5			yes					-1	-1	-1	-1	-1	
885	883	cbef4b829416b509	5			yes					-1	-1	-1	-1	-1	
886	861	91b48bb46609cde6	4			yes					887	-1	899	900	
887	886	5daf039ee3e8651d	7			yes					-1	888	890	892	894	896	898	
888	887	4590f872eb2a53f6	6			yes					-1	-1	-1	-1	-1	889	
889	888	0304953b9288a971	5			yes					-1	-1	-1	-1	-1	
890	887	326dab98e68c86f7	6			yes					-1	-1	-1	-1	-1	891	
891	890	74f9c6d19f2e7c70	5			yes					-1	-1	-1	-1	-1	
892	887	2000fc6316620df9	6			yes					-1	-1	-1	-1	-1	893	
893	892	6694912a6fc0f77e	5			yes					-1	-1	-1	-1	-1	
894	887	5a3afce273d167f7	6			yes					-1	-1	-1	-1	-1	895	
895	894	1cae91ab0a739d70	5			yes					-1	-1	-1	-1	-1	
896	887	e2eff3ac46a72647	6			yes					-1	-1	-1	-1	-1	897	
897	896	a47b9ee53f05dcc0	5			yes					-1	-1	-1	-1	-1	
898	887	1b3b6ed79a4a9f9a	6			yes					-1	-1	-1	-1	-1	-1	
899	886	e711a317e7afbd31	5			yes					-1	-1	-1	-1	-1	
900	886	17d3fb67a2c10e36	3			yes					901	-1	907	
901	900	510d8da4795bc108	7			yes					-1	902	903	904	905	906	-1	
902	901	493276487199f7e3	6			yes					-1	-1	-1	-1	-1	-1	
903	901	3ecf25a27c3f22e2	6			yes					-1	-1	-1	-1	-1	-1	
904	901	2ca272598cd1a9ec	6			yes					-1	-1	-1	-1	-1	-1	
905	901	569872d8e962c3e2	6			yes					-1	-1	-1	-1	-1	-1	
906	901	ee4d7d96dc148252	6			yes					-1	-1	-1	-1	-1	-1	
907	900	053220be91b8116d	5			yes					-1	-1	-1	-1	-1	
908	861	d8d04b464322814c	4			yes					909	-1	-1	911	
909	908	ca6160c8079cd14a	6			yes					-1	-1	-1	-1	-1	910	
910	909	6824aba0979212a2	5			yes					-1	-1	-1	-1	-1	
911	908	5eb73b9587ea429c	3			yes					912	-1	-1	
912	911	582bc04910b4d2c0	6			yes					-1	-1	-1	-1	-1	-1	
913	861	cf188367805ac614	4			yes					914	-1	-1	-1	
914	913	ad8070210d816f2c	6			yes					915	916	917	918	920	-1	
915	914	452a96f8818facd0	6			yes					-1	-1	-1	-1	-1	-1	
916	914	f95517d243a58a79	6			yes					-1	-1	-1	-1	-1	-1	
917	914	1db8d784437c3b0d	6			yes					-1	-1	-1	-1	-1	-1	
918	914	03c493d48a6782f4	6			yes					-1	919	-1	-1	-1	-1	
919	918	1bfb683882a5b41f	5			yes					-1	-1	-1	-1	-1	
920	914	79b2b3588e982799	6			yes					-1	921	-1	-1	-1	-1	
921	920	618d48b4865a1172	5			yes					-1	-1	-1	-1	-1	
922	920	7e274c241ea12573	5			no					-1	-2	-2	-2	-2	
923	832	b6ab6a00b7e7b10f	5			yes					924	-1	-1	937	942	
924	923	747c7d78aa4a9d60	5			yes					925	927	-1	929	933	
925	924	6c863488e67785f5	6			yes					-1	-1	-1	-1	-1	926	
926	925	2a1259c19fd57f72	5			yes					-1	-1	-1	-1	-1	
927	924	1105f51522b1b6bf	6			yes					-1	-1	-1	-1	-1	928	
928	927	5791985c5b134c38	5			yes					-1	-1	-1	-1	-1	
929	924	752b86b266aee31d	6			yes					-1	930	-1	-1	931	932	
930	929	6d147d5e6e6cd5f6	5			yes					-1	-1	-1	-1	-1	
931	929	72be79cef697e1f7	5			yes					-1	-1	-1	-1	-1	
932	929	1c02c598f1120d93	5			yes					-1	-1	-1	-1	-1	
933	924	f0a9271796b5ed40	4			yes					934	935	-1	936	
934	933	b7cf16406f8d4acc	6			yes					-1	-1	-1	-1	-1	-1	
935	933	ca4cd7ddab4b7986	6			yes					-1	-1	-1	-1	-1	-1	
936	933	e97498b4f9643ad3	6			yes					-1	-1	-1	-1	-1	-1	
937	923	2704d2f2b0573587	4			yes					938	-1	-1	940	
938	937	ef6f4c82fad75c7a	6			yes					-1	-1	-1	-1	-1	939	
939	938	4d2a87ea6ad99f92	5			yes					-1	-1	-1	-1	-1	
940	937	a163a221749ff657	3			yes					941	-1	-1	
941	940	7d25ec03edff5ff0	6			yes					-1	-1	-1	-1	-1	-1	
942	923	30cc1ad3732f72df	4			yes					943	-1	-1	-1	
943	942	29a466a75604e194	5			yes					944	945	-1	946	-1	
944	943	6024bab27cc421e0	6			yes					-1	-1	-1	-1	-1	-1	
945	943	1da77b2fb80212aa	6			yes					-1	-1	-1	-1	-1	-1	
946	943	5cbc9f1273d3aaa9	6			yes					-1	-1	-1	-1	-1	-1	
947	946	448364fe7b119c42	5			no					-1	-2	-2	-2	-2	
948	832	ffcfaaf292ccfda5	5			yes					949	-1	-1	-1	952	
949	948	40cf00428f093ce0	4			yes					-1	-1	950	-1	
950	949	c6b8342bb8133ab4	6			yes					-1	-1	-1	-1	-1	951	
951	950	802c5962c1b1c033	5			yes					-1	-1	-1	-1	-1	
952	948	79a8da2156043e75	4			yes					953	-1	-1	-1	
953	952	fa7cc6c96b20d417	4			yes					-1	-1	954	-1	
954	953	ca1aba1122a09ea1	6			yes					-1	-1	-1	-1	-1	-1	
955	832	e80762d351b4bafd	5			yes					956	-1	-1	-1	-1	
956	955	73fd7c6ed6eb855d	6			yes					957	958	959	963	966	-1	
957	956	8bc5ec5247e8f675	5			yes					-1	-1	-1	-1	-1	
958	956	fd331ee74cee52c9	6			yes					-1	-1	-1	-1	-1	-1	
959	956	0283bd72d53fa297	6			yes					-1	960	-1	-1	962	-1	
960	959	1abc469eddfd947c	5			yes					-1	-1	-1	-1	-1	
961	959	d5384e091e4c902e	5			no					-1	-1	-1	-1	-2	
962	959	bdc34d407070e1cd	5			yes					-1	-1	-1	-1	-1	
963	956	c16c532f33433859	5			yes					-1	-1	964	965	-1	
964	963	e1e6ddd44695b01c	6			yes					-1	-1	-1	-1	-1	-1	
965	963	472e96d69708778f	5			yes					-1	-1	-1	-1	-1	
966	956	04fb014c25219ca9	5			yes					-1	-1	967	-1	-1	
967	966	b74bf4b911a01865	5			yes					-1	-1	-1	-1	-1	
