Number of nodes
155
ID	PID	Hash_Value			File_Number	Fully_Enumerated	Children
0	-1	a9645dd6431a4502	6			yes					1	24	46	68	87	104	
1	0	f5a99adee2a2741e	5			yes					2	7	16	21	23	
2	1	d3dad6d73a3643a7	4			yes					3	4	-1	5	
3	2	4171ffd70ffdd7ba	4			yes					-1	-1	-1	-1	
4	2	34b065c10e9119c9	4			yes					-1	-1	-1	-1	
5	2	e52596cfcfb1c425	5			yes					-1	-1	-1	-1	6	
6	5	78f8d94e3fe9f19b	4			yes					-1	-1	-1	-1	
7	1	97733bdc23a62b95	4			yes					-1	8	10	11	
8	7	d1ec864635e1cecf	5			yes					9	-1	-1	-1	-1	
9	8	3e91331edd06fe68	4			yes					-1	-1	-1	-1	
10	7	1a6066a9754bdd1b	4			yes					-1	-1	-1	-1	
11	7	13a661b31f595bb5	3			yes					12	13	15	
12	11	4584603bca963cb3	4			yes					-1	-1	-1	-1	
13	11	b4b681fc7c912f08	5			yes					14	-1	-1	-1	-1	
14	13	5bcb34a494761faf	4			yes					-1	-1	-1	-1	
15	11	85372af521863cf3	4			yes					-1	-1	-1	-1	
16	1	d07ab5dc5662dd9b	4			yes					-1	-1	17	18	
17	16	34aa3751d0013275	5			yes					-1	-1	-1	-1	-1	
18	16	54afefb36a9dadbb	3			yes					19	-1	20	
19	18	d52b0d363bf7a4f7	4			yes					-1	-1	-1	-1	
20	18	cd3bdaa7aa0e9816	5			yes					-1	-1	-1	-1	-1	
21	1	e5af986691afb197	4			yes					-1	-1	-1	22	
22	21	617ac209ad50c1b7	3			yes					-1	-1	-1	
23	1	717cc0b1de5d043e	4			yes					-1	-1	-1	-1	
24	0	e1298c61b17fa119	5			yes					25	34	38	43	45	
25	24	390bbbe7095e19fd	4			yes					26	28	29	30	
26	25	34444a75e1603044	5			yes					-1	-1	-1	-1	27	
27	26	72d0273c98c2cac3	4			yes					-1	-1	-1	-1	
28	25	f96bd6f7c3e73a9e	4			yes					-1	-1	-1	-1	
29	25	99609ebd48f25a53	4			yes					-1	-1	-1	-1	
30	25	bddee18835a169dd	3			yes					31	32	33	
31	30	ef0d68bd689aff7d	5			yes					-1	-1	-1	-1	-1	
32	30	18f0be00f68187a0	4			yes					-1	-1	-1	-1	
33	30	3c3076c6743882d1	4			yes					-1	-1	-1	-1	
34	24	692240534313a4c8	4			yes					-1	35	-1	36	
35	34	c7169dacc9f8bb61	4			yes					-1	-1	-1	-1	
36	34	38ebb10d9ae9e51c	5			yes					-1	-1	-1	-1	37	
37	36	a536fe8c6ab1d0a2	4			yes					-1	-1	-1	-1	
38	24	c4faa36305bf089c	4			yes					-1	-1	39	40	
39	38	1629bc3eb6275660	5			yes					-1	-1	-1	-1	-1	
40	38	402ff90c394078bc	3			yes					-1	41	42	
41	40	3fe4c5d51dae4053	4			yes					-1	-1	-1	-1	
42	40	efb851c8cc28fc03	5			yes					-1	-1	-1	-1	-1	
43	24	f12f8ed9c2726490	4			yes					-1	-1	-1	44	
44	43	75fad4b6fe8d14b0	3			yes					-1	-1	-1	
45	24	65fcd60e8d80d139	4			yes					-1	-1	-1	-1	
46	0	566c72d184db5f2a	5			yes					47	56	63	65	67	
47	46	8e4e45573cfae7ce	4			yes					48	50	51	52	
48	47	3a241cf923d79e93	5			yes					-1	-1	-1	-1	49	
49	48	7cb071b05a756414	4			yes					-1	-1	-1	-1	
50	47	a794ec1ee6ead69e	4			yes					-1	-1	-1	-1	
51	47	c3ca9c61f9803d3d	4			yes					-1	-1	-1	-1	
52	47	0a9b1f38000597ee	3			yes					53	54	55	
53	52	e16d3e31aa2d51aa	5			yes					-1	-1	-1	-1	-1	
54	52	86314cd368dc608d	4			yes					-1	-1	-1	-1	
55	52	669a741ac54ae5bf	4			yes					-1	-1	-1	-1	
56	46	458eed1c923dd8b8	4			yes					-1	57	59	60	
57	56	f8df5d39f920bf30	5			yes					-1	-1	-1	-1	58	
58	57	be4b3070808245b7	4			yes					-1	-1	-1	-1	
59	56	ce83cdaaca92e13a	4			yes					-1	-1	-1	-1	
60	56	c15bb773aec2a898	3			yes					-1	61	62	
61	60	23967ff170da7009	5			yes					-1	-1	-1	-1	-1	
62	60	6bd325d1f65839b8	4			yes					-1	-1	-1	-1	
63	46	5f13f09ce1358adf	4			yes					-1	-1	-1	64	
64	63	b0f0479441ccd0ac	5			yes					-1	-1	-1	-1	-1	
65	46	466a7069f7d69aa3	4			yes					-1	-1	-1	66	
66	65	c2bf2a06cb29ea83	3			yes					-1	-1	-1	
67	46	d2b928beb8242f0a	4			yes					-1	-1	-1	-1	
68	0	6eee88a5a73c26c5	5			yes					69	78	82	84	85	
69	68	b6ccbf231f1d9e21	4			yes					70	73	-1	74	
70	69	29cda300ea2acbc3	5			yes					-1	-1	71	-1	72	
71	70	54625cfd1fa0a327	4			yes					-1	-1	-1	-1	
72	70	6f59ce4993883144	4			yes					-1	-1	-1	-1	
73	69	3d905ca4e16f9b8c	4			yes					-1	-1	-1	-1	
74	69	3219e54c23e2ee01	3			yes					75	77	-1	
75	74	f28481c863d004fa	5			yes					-1	-1	-1	-1	-1	
76	75	8f2b7e35965a6c1e	4			no					-1	-1	-1	-2	
77	74	b6f821d6886fe4f6	4			yes					-1	-1	-1	-1	
78	68	7d0c1768b1daa157	4			yes					-1	79	-1	80	
79	78	a998b923d40fb0c0	5			yes					-1	-1	-1	-1	-1	
80	78	f9d94d078d25d177	3			yes					-1	81	-1	
81	80	22f0c451bd0fcfba	5			yes					-1	-1	-1	-1	-1	
82	68	0c3429a76638794e	4			yes					-1	-1	-1	83	
83	82	88e173c85ac7096e	3			yes					-1	-1	-1	
84	68	68ceb34a2f8c527f	5			yes					-1	-1	-1	-1	-1	
85	68	ea3bd2ca9bc356e5	4			yes					-1	-1	-1	86	
86	85	724c883b249cae2c	5			yes					-1	-1	-1	-1	-1	
87	0	a36149b45432d8e1	5			yes					88	95	99	102	103	
88	87	7b437e32ec136005	4			yes					89	91	93	-1	
89	88	836ecc58a660d4db	5			yes					-1	-1	-1	-1	90	
90	89	212b0730366e1733	4			yes					-1	-1	-1	-1	
91	88	f2d1149b2b4a3123	4			yes					-1	-1	-1	92	
92	91	5094dff3bb44f2cb	3			yes					-1	-1	-1	
93	88	d3e3eafd60747ff9	5			yes					-1	-1	-1	-1	94	
94	93	957787b419d6857e	4			yes					-1	-1	-1	-1	
95	87	b083d67942d45f73	4			yes					-1	96	97	-1	
96	95	1543ea131ef92694	5			yes					-1	-1	-1	-1	-1	
97	95	335c1d9eea261521	5			yes					-1	-1	-1	-1	98	
98	97	75c870d79384efa6	4			yes					-1	-1	-1	-1	
99	87	c1bbe8b69536876a	4			yes					-1	-1	100	-1	
100	99	3451f89c03490fce	6			yes					-1	-1	-1	-1	-1	101	
101	100	72c595d57aebf549	5			yes					-1	-1	-1	-1	-1	
102	87	86b266b6e0f27164	4			yes					-1	-1	-1	-1	
103	87	8cc9264bdb03c978	4			yes					-1	-1	-1	-1	
104	0	2f032d0587d286d2	5			yes					105	116	126	136	144	
105	104	a87181011eec08ea	5			yes					106	109	113	115	-1	
106	105	8e02cd08c6783f53	4			yes					107	108	-1	-1	
107	106	5043e9a95df09a62	4			yes					-1	-1	-1	-1	
108	106	1554c52af71f2edf	4			yes					-1	-1	-1	-1	
109	105	caab2003dfe85761	4			yes					-1	110	112	-1	
110	109	bd24d951d2e0fd1c	5			yes					111	-1	-1	-1	-1	
111	110	52596c093a07cdbb	4			yes					-1	-1	-1	-1	
112	109	715ae28563beb565	4			yes					-1	-1	-1	-1	
113	105	8da2ae03aa2ca16f	4			yes					-1	-1	114	-1	
114	113	011603e5930bb774	5			yes					-1	-1	-1	-1	-1	
115	105	b87783b96de1cd63	4			yes					-1	-1	-1	-1	
116	104	bcf197be4d31dded	5			yes					117	121	123	125	-1	
117	116	64d3a038f5106509	4			yes					118	119	120	-1	
118	117	38e6c44f7bd39451	5			yes					-1	-1	-1	-1	-1	
119	117	d88f761c3a690d88	4			yes					-1	-1	-1	-1	
120	117	f155b23daaa81ca6	4			yes					-1	-1	-1	-1	
121	116	34fa5b8cbf5dd83c	4			yes					-1	122	-1	-1	
122	121	ed44137646594f70	4			yes					-1	-1	-1	-1	
123	116	9922b8bcf9f17468	4			yes					-1	-1	124	-1	
124	123	2395888af52dd361	5			yes					-1	-1	-1	-1	-1	
125	116	acf795063e3c1864	4			yes					-1	-1	-1	-1	
126	104	0bb4690e789523de	5			yes					127	131	134	135	-1	
127	126	d3965e88c0b49b3a	4			yes					128	129	130	-1	
128	127	368692c3b9643a86	5			yes					-1	-1	-1	-1	-1	
129	127	5d333126036cb96e	4			yes					-1	-1	-1	-1	
130	127	abffb0e11bda7bc8	4			yes					-1	-1	-1	-1	
131	126	1856f6c36e73a44c	4			yes					-1	132	133	-1	
132	131	f47dd30363931b25	5			yes					-1	-1	-1	-1	-1	
133	131	a6b6e12a28c8a7cf	4			yes					-1	-1	-1	-1	
134	126	02cbeb431d7bf62b	4			yes					-1	-1	-1	-1	
135	126	1bb26bb60b98e657	4			yes					-1	-1	-1	-1	
136	104	3336937a5b725a31	5			yes					137	140	142	143	-1	
137	136	eb14a4fce353e2d5	4			yes					138	139	-1	-1	
138	137	256f2d3a70996fd6	5			yes					-1	-1	-1	-1	-1	
139	137	fb85c5e9cb1b53ae	4			yes					-1	-1	-1	-1	
140	136	20d40cb74d94dda3	4			yes					-1	141	-1	-1	
141	140	6f8d206efe7b78e2	5			yes					-1	-1	-1	-1	-1	
142	136	51ec32789a7605ba	4			yes					-1	-1	-1	-1	
143	136	b291cdb1d0748717	5			yes					-1	-1	-1	-1	-1	
144	104	19d28f3fb01b3016	5			yes					145	149	152	154	-1	
145	144	c1f0b8b9083a88f2	4			yes					146	147	148	-1	
146	145	11246cd9b148d751	5			yes					-1	-1	-1	-1	-1	
147	145	609bb41a3c6232a9	4			yes					-1	-1	-1	-1	
148	145	df4164c7fac7dbec	5			yes					-1	-1	-1	-1	-1	
149	144	0a3010f2a6fdb784	4			yes					-1	150	151	-1	
150	149	87094a9209d1251e	5			yes					-1	-1	-1	-1	-1	
151	149	3ffe93a47095b134	5			yes					-1	-1	-1	-1	-1	
152	144	7b082e3d711f6f9d	4			yes					-1	-1	153	-1	
153	152	38f376a699faabdb	6			yes					-1	-1	-1	-1	-1	-1	
154	144	3c01a03d04db9993	4			yes					-1	-1	-1	-1	
