Number of nodes
375
ID	PID	Hash_Value			File_Number	Fully_Enumerated	Children
0	-1	a54bcd6f02b92f43	6			yes					1	132	210	273	327	374	
1	0	d90c291970d5b89d	5			yes					2	46	65	82	97	
2	1	f8822f0f2786f7c8	5			yes					3	11	27	37	45	
3	2	4d03a199660c6cde	4			yes					4	5	7	8	
4	3	566e4229aeb2c25a	4			yes					-1	-1	-1	-1	
5	3	4e7d4f0a08efd882	4			yes					-1	6	-1	-1	
6	5	f412c9f4d3f52b79	3			yes					-1	-1	-1	
7	3	f8c1296ce5685e70	5			yes					-1	-1	-1	-1	-1	
8	3	542fd62c12039be1	3			yes					9	10	-1	
9	8	5c7f8e0af1f524c9	4			yes					-1	-1	-1	-1	
10	8	1d72523ceccbdc17	4			yes					-1	-1	-1	-1	
11	2	74b37ad43cbb0eaa	4			yes					-1	12	20	24	
12	11	ee549a559be37bec	5			yes					13	16	-1	18	19	
13	12	255ec8b7c8df0ef5	4			yes					14	-1	15	-1	
14	13	e1eca23f3193a0f8	3			yes					-1	-1	-1	
15	13	f77bf84d36f755e3	3			yes					-1	-1	-1	
16	12	2ae6f0dd62afd5e1	4			yes					-1	-1	17	-1	
17	16	f8c3c0279c878ef7	3			yes					-1	-1	-1	
18	12	3c71aaaf65cb20fa	4			yes					-1	-1	-1	-1	
19	12	c615a25fa48e4d43	4			yes					-1	-1	-1	-1	
20	11	42bce3d545fdac26	5			yes					21	22	-1	-1	23	
21	20	89b6b13716c1d93f	4			yes					-1	-1	-1	-1	
22	20	860e895dbcb1022b	4			yes					-1	-1	-1	-1	
23	20	f0176d967cabdcb1	4			yes					-1	-1	-1	-1	
24	11	68a4cd7484a349ff	5			yes					25	26	-1	-1	-1	
25	24	a3ae9f96d79f3ce6	4			yes					-1	-1	-1	-1	
26	24	ac16a7fc7defe7f2	4			yes					-1	-1	-1	-1	
27	2	d0d229f7a5d711d5	4			yes					-1	-1	28	33	
28	27	30c601589054cacc	5			yes					29	30	31	-1	32	
29	28	fbcc53bac368bfd5	4			yes					-1	-1	-1	-1	
30	28	f4746bd0691864c1	4			yes					-1	-1	-1	-1	
31	28	2b8b1733f38599f7	4			yes					-1	-1	-1	-1	
32	28	63f0d2360ed4d1bf	4			yes					-1	-1	-1	-1	
33	27	423ef3c4392ed1c4	5			yes					34	35	36	-1	-1	
34	33	8934a1266a12a4dd	4			yes					-1	-1	-1	-1	
35	33	868c994cc0627fc9	4			yes					-1	-1	-1	-1	
36	33	5973e5af5aff82ff	4			yes					-1	-1	-1	-1	
37	2	08ccaa00ace97356	4			yes					-1	-1	-1	38	
38	37	97851d087af14688	6			yes					39	41	42	43	-1	44	
39	38	5c8f4fea29cd3391	5			yes					-1	-1	-1	-1	-1	
40	39	2c63a1e286bbe1dd	4			no					-1	-2	-1	-1	
41	38	5337778083bde885	5			yes					-1	-1	-1	-1	-1	
42	38	8cc80b63192015b3	5			yes					-1	-1	-1	-1	-1	
43	38	a25947b0e00ddfbc	5			yes					-1	-1	-1	-1	-1	
44	38	e769f300d58794c4	5			yes					-1	-1	-1	-1	-1	
45	2	e1ae58ba538900f7	4			yes					-1	-1	-1	-1	
46	1	ac999af80e066f6c	4			yes					47	52	57	64	
47	46	3d6934eaa1a526ef	3			yes					48	49	51	
48	47	3f0a1a709bf0abed	4			yes					-1	-1	-1	-1	
49	47	bf5cd418421123a8	4			yes					-1	-1	-1	-1	
50	49	6221deb53d14ad6d	3			no					-1	-2	-1	
51	47	b0f9ee55cb982152	4			yes					-1	-1	-1	-1	
52	46	78925ca850c33a22	3			yes					-1	53	55	
53	52	7a921782b8a4db90	5			yes					-1	-1	-1	-1	54	
54	53	4ae89da3f12a3460	4			yes					-1	-1	-1	-1	
55	52	cf2dce9136ae4290	5			yes					-1	-1	-1	-1	-1	
56	55	1d08fe6bc8861986	4			no					-1	-2	-1	-1	
57	46	5cd71ff78569ebf2	3			yes					-1	-1	58	
58	57	36aa9e65aad5037d	6			yes					59	60	61	62	-1	63	
59	58	fda0cc87f9e97664	5			yes					-1	-1	-1	-1	-1	
60	58	d9706c0aa193729f	5			yes					-1	-1	-1	-1	-1	
61	58	a7a09384eb2aca5c	5			yes					-1	-1	-1	-1	-1	
62	58	0376c4dd30299a49	5			yes					-1	-1	-1	-1	-1	
63	58	4646706d05a3d131	5			yes					-1	-1	-1	-1	-1	
64	46	b5b5ed4d7a099853	3			yes					-1	-1	-1	
65	1	3ba3c59260154407	4			yes					66	71	79	81	
66	65	aa536b80cfb60d84	3			yes					67	-1	69	
67	66	e14bb48ceffc1a89	4			yes					-1	-1	-1	-1	
68	66	400b285389dde37a	4			no					-1	-2	-2	-2	
69	66	d09dc5449d8fdc91	5			yes					-1	70	-1	-1	-1	
70	69	6af243ba46952f6a	4			yes					-1	-1	-1	-1	
71	65	b79290497b28bd65	3			yes					-1	72	74	
72	71	de443e4aec7a6e71	5			yes					-1	-1	-1	-1	73	
73	72	9bb9a2ccfaecbd60	4			yes					-1	-1	-1	-1	
74	71	e39f7ce7737fdde3	5			yes					75	76	-1	77	78	
75	74	28952e052043a8fa	4			yes					-1	-1	-1	-1	
76	74	0c458e887839ac01	4			yes					-1	-1	-1	-1	
77	74	85f6885c5a901bec	4			yes					-1	-1	-1	-1	
78	74	c1cf88ce13550ddf	4			yes					-1	-1	-1	-1	
79	65	04ed8c7cc09147de	3			yes					-1	-1	80	
80	79	3e3edd6ff175d7d5	5			yes					-1	-1	-1	-1	-1	
81	65	228fb227141ab338	3			yes					-1	-1	-1	
82	1	3e1a5161cc531ac4	4			yes					83	87	94	96	
83	82	afeaff7363f05347	3			yes					84	85	-1	
84	83	8a7bfe9c1f7d84d9	4			yes					-1	-1	-1	-1	
85	83	e81f4d8d9972c92e	4			yes					-1	86	-1	-1	
86	85	5270cb7342683ad5	3			yes					-1	-1	-1	
87	82	b22b04bad76ee3a6	3			yes					-1	88	93	
88	87	4c22f62844f397fe	5			yes					89	90	-1	91	92	
89	88	8728a4ca17cfe2e7	4			yes					-1	-1	-1	-1	
90	88	a3f804474fb5e61c	4			yes					-1	-1	-1	-1	
91	88	b53fe549b29c0838	4			yes					-1	-1	-1	-1	
92	88	6463ce227b9ea151	4			yes					-1	-1	-1	-1	
93	87	6bd772743f57be4f	5			yes					-1	-1	-1	-1	-1	
94	82	164a57994e02fcd9	3			yes					-1	-1	95	
95	94	1e508d41dfbc8956	5			yes					-1	-1	-1	-1	-1	
96	82	3591fd3136cf56fc	3			yes					-1	-1	-1	
97	1	4f0693b70f9a8452	5			yes					98	105	122	130	131	
98	97	def63da5a039cdd1	4			yes					99	101	104	-1	
99	98	12daa78ad9421aef	5			yes					-1	-1	-1	-1	100	
100	99	f84a50438bc759ba	4			yes					-1	-1	-1	-1	
101	98	9be9008c2b47496c	5			yes					-1	102	-1	-1	103	
102	101	21868672f05dba97	4			yes					-1	-1	-1	-1	
103	101	7179f74579c20a39	4			yes					-1	-1	-1	-1	
104	98	4a7893348588ce7a	5			yes					-1	-1	-1	-1	-1	
105	97	c337c66c14a77d30	4			yes					-1	106	116	120	
106	105	8188e7111e197cb6	6			yes					107	109	-1	111	113	115	
107	106	4a82b5f34d2509af	5			yes					-1	-1	-1	-1	108	
108	107	a012423a1fa04afa	4			yes					-1	-1	-1	-1	
109	106	6e52157e155f0d54	5			yes					-1	-1	-1	-1	110	
110	109	84c2e2b747da4e01	4			yes					-1	-1	-1	-1	
111	106	53add7ebe03127a0	5			yes					-1	-1	-1	-1	112	
112	111	b93d2022b2b464f5	4			yes					-1	-1	-1	-1	
113	106	07edcd710401d1f9	5			yes					-1	-1	-1	-1	114	
114	113	ed7d3ab8568492ac	4			yes					-1	-1	-1	-1	
115	106	6b1810d84c9c3fe3	5			yes					-1	-1	-1	-1	-1	
116	105	088afb32cfeb7af3	5			yes					117	118	-1	-1	119	
117	116	c380a9d09cd70fea	4			yes					-1	-1	-1	-1	
118	116	e750095dc4ad0b11	4			yes					-1	-1	-1	-1	
119	116	b8871b8b5dfea258	4			yes					-1	-1	-1	-1	
120	105	49ee2de5a69d2b00	3			yes					-1	-1	121	
121	120	321a4d4b14008ace	5			yes					-1	-1	-1	-1	-1	
122	97	6756954f8dcb624f	4			yes					-1	-1	123	129	
123	122	804fcb82dfd93b7d	6			yes					124	125	126	-1	127	128	
124	123	4b4599608ce54e64	5			yes					-1	-1	-1	-1	-1	
125	123	6f9539edd49f4a9f	5			yes					-1	-1	-1	-1	-1	
126	123	9b02dde9bc086846	5			yes					-1	-1	-1	-1	-1	
127	123	a208bd18ae5b4d05	5			yes					-1	-1	-1	-1	-1	
128	123	6adf3c4b8d5c7828	5			yes					-1	-1	-1	-1	-1	
129	122	ed8f7ec63ff1347f	3			yes					-1	-1	-1	
130	97	bf4816b884f500cc	4			yes					-1	-1	-1	-1	
131	97	c5df783ebda0d262	4			yes					-1	-1	-1	-1	
132	0	5f09c8bf3f6cc217	5			yes					-1	133	152	167	179	
133	132	82787f3c608d9d93	4			yes					134	145	147	151	
134	133	e5ee8375dd15b566	3			yes					135	136	140	
135	134	2b01b1c3b2469340	4			yes					-1	-1	-1	-1	
136	134	7453259279a129e0	5			yes					-1	137	138	-1	139	
137	136	e5592873385ee0c1	4			yes					-1	-1	-1	-1	
138	136	145bc2d34c677bd5	4			yes					-1	-1	-1	-1	
139	136	51cd080ae74ca53e	4			yes					-1	-1	-1	-1	
140	134	b37929865f8f1ff2	5			yes					-1	141	142	143	144	
141	140	227324671e70d6d3	4			yes					-1	-1	-1	-1	
142	140	86a5733ec57386c6	4			yes					-1	-1	-1	-1	
143	140	d510dd3d7660d9fd	4			yes					-1	-1	-1	-1	
144	140	9129ddaf3fa5cfce	4			yes					-1	-1	-1	-1	
145	133	8be5a7ab37340e32	3			yes					-1	-1	146	
146	145	534899914ffb3a9c	4			yes					-1	-1	-1	-1	
147	133	7727536b9e2e4c6b	3			yes					-1	-1	148	
148	147	6cf5286c7008f27f	6			yes					-1	-1	-1	149	-1	150	
149	148	0cfdcf2d45cea04a	5			yes					-1	-1	-1	-1	-1	
150	148	1c19c664df7e2033	5			yes					-1	-1	-1	-1	-1	
151	133	9b54088914826aac	3			yes					-1	-1	-1	
152	132	f7805be9bb2e72bd	4			yes					153	161	164	166	
153	152	9016a7a006b65a48	3			yes					154	155	156	
154	153	e7ae6d1652704a8c	4			yes					-1	-1	-1	-1	
155	153	4369cf8c3b016c69	4			yes					-1	-1	-1	-1	
156	153	d3ff229b2f535382	5			yes					-1	157	158	159	160	
157	156	c8b234f04c8200b9	4			yes					-1	-1	-1	-1	
158	156	0ce268b4e75d1cdc	4			yes					-1	-1	-1	-1	
159	156	b596d62006bc958d	4			yes					-1	-1	-1	-1	
160	156	f1afd6b24f7983be	4			yes					-1	-1	-1	-1	
161	152	41f4c2126913dc13	3			yes					-1	-1	163	
162	161	74a15976dd04b2e1	4			yes					-1	-1	-1	-1	
163	161	c76f30320c6422c7	4			yes					-1	-1	-1	-1	
164	152	c8ce12071baa7164	3			yes					-1	-1	165	
165	164	47b82ab3f7cf0834	5			yes					-1	-1	-1	-1	-1	
166	152	eeac2c5ccf218582	3			yes					-1	-1	-1	
167	132	f239cf1a17682c7e	4			yes					168	174	176	178	
168	167	95af3353aaf0048b	3			yes					169	170	172	
169	168	6ecd0d8966e7c62e	4			yes					-1	-1	-1	-1	
170	168	eb7daa522bae463d	4			yes					-1	171	-1	-1	
171	170	f030bc39487f1506	3			yes					-1	-1	-1	
172	168	c8e70beb985aa9c6	5			yes					-1	-1	-1	-1	-1	
173	172	dc63653ac48753a9	4			no					-1	-2	-2	-1	
174	167	444d56e1c55582d0	3			yes					-1	175	-1	
175	174	256e0fc0b24f2d67	4			yes					-1	-1	-1	-1	
176	167	da69c9e29539ca63	3			yes					-1	-1	177	
177	176	67d67a9dd90656b7	5			yes					-1	-1	-1	-1	-1	
178	167	f9b2634aedf46046	3			yes					-1	-1	-1	
179	132	83250dccd4a1b2e8	5			yes					180	194	199	208	209	
180	179	e4b3f18569399a1d	4			yes					181	183	187	191	
181	180	6f8c01f2fbcd18db	5			yes					-1	-1	-1	-1	182	
182	181	851cf63ba9485b8e	4			yes					-1	-1	-1	-1	
183	180	988be753999bc67f	5			yes					-1	184	-1	-1	186	
184	183	83c6f138fa4a9544	4			yes					-1	-1	-1	185	
185	184	695606f1a8cfd611	3			yes					-1	-1	-1	
186	183	721b109acb1e852a	4			yes					-1	-1	-1	-1	
187	180	491a74eb37544169	5			yes					-1	188	189	-1	190	
188	187	5257628054851252	4			yes					-1	-1	-1	-1	
189	187	7cc62e53ada8d85d	4			yes					-1	-1	-1	-1	
190	187	f9179452a54199c2	4			yes					-1	-1	-1	-1	
191	180	6e6a1a0cdb03cc2d	3			yes					-1	192	193	
192	191	1e10b5e35e175304	4			yes					-1	-1	-1	-1	
193	191	cbab5b2f1dc8c448	5			yes					-1	-1	-1	-1	-1	
194	179	35519437069c1c46	4			yes					-1	195	197	198	
195	194	d82b0edec457589c	5			yes					-1	-1	-1	-1	196	
196	195	32bbf91796d21bc9	4			yes					-1	-1	-1	-1	
197	194	f72b4badaf21888f	5			yes					-1	-1	-1	-1	-1	
198	194	bf887fbeb4a64a76	3			yes					-1	-1	-1	
199	179	ab750b3456f054f5	4			yes					-1	-1	200	207	
200	199	f9c93c5ed963e49c	6			yes					201	202	203	-1	204	205	
201	200	602d01877eef918b	5			yes					-1	-1	-1	-1	-1	
202	200	3d7b56d6202f4a91	5			yes					-1	-1	-1	-1	-1	
203	200	e2842a35bab2b7a7	5			yes					-1	-1	-1	-1	-1	
204	200	db8e4ac4a8e192e4	5			yes					-1	-1	-1	-1	-1	
205	200	1359cb978be6a7c9	5			yes					-1	-1	206	-1	-1	
206	205	0814ddfce837f4f2	4			yes					-1	-1	-1	-1	
207	199	21ace0bde4ca02c5	3			yes					-1	-1	-1	
208	179	736b88c35fce3676	4			yes					-1	-1	-1	-1	
209	179	09fce645669be4d8	4			yes					-1	-1	-1	-1	
210	0	4a9b19f9be4859e2	5			yes					-1	-1	211	246	254	
211	210	e5740be780ca5426	5			yes					212	224	235	238	245	
212	211	82e2f7ae3d527cd3	4			yes					213	215	216	219	
213	212	fce1466b5c385321	4			yes					-1	214	-1	-1	
214	213	750decf4207195a3	3			yes					-1	-1	-1	
215	212	1bcf0c86cf827657	4			yes					-1	-1	-1	-1	
216	212	c3a9ad994225d930	5			yes					-1	-1	217	-1	218	
217	216	1cb4e7b68a2b966e	4			yes					-1	-1	-1	-1	
218	216	0e8cc203c25263a1	4			yes					-1	-1	-1	-1	
219	212	0134512668308dbb	5			yes					-1	220	221	222	223	
220	219	1b8cd51fbe70b1da	4			yes					-1	-1	-1	-1	
221	219	de291b09a03ec2e5	4			yes					-1	-1	-1	-1	
222	219	675da59d41df4bb4	4			yes					-1	-1	-1	-1	
223	219	2364a50f081a5d87	4			yes					-1	-1	-1	-1	
224	211	e67b1d8e98aefe27	4			yes					-1	225	226	230	
225	224	31d2073ef07f6350	4			yes					-1	-1	-1	-1	
226	224	fbe7d0bd2e8a5f0a	5			yes					227	-1	228	-1	229	
227	226	6203ed6489062a1d	4			yes					-1	-1	-1	-1	
228	226	24fa9a92e6841054	4			yes					-1	-1	-1	-1	
229	226	36c2bf27aefde59b	4			yes					-1	-1	-1	-1	
230	224	397a2c02049f0b81	5			yes					231	-1	232	233	234	
231	230	a09e11dba3137e96	4			yes					-1	-1	-1	-1	
232	230	e667662dcc9144df	4			yes					-1	-1	-1	-1	
233	230	5f13d8b92d70cd8e	4			yes					-1	-1	-1	-1	
234	230	1b2ad82b64b5dbbd	4			yes					-1	-1	-1	-1	
235	211	8dfb189a5a9cf155	4			yes					-1	-1	236	237	
236	235	287c78b94c14db9e	5			yes					-1	-1	-1	-1	-1	
237	235	94d76f2f2e93066a	3			yes					-1	-1	-1	
238	211	153a8ee80ba5d0b8	4			yes					-1	-1	-1	239	
239	238	8e85e1c90c97d519	6			yes					240	241	242	243	-1	244	
240	239	1761dc10ab1ba00e	5			yes					-1	-1	-1	-1	-1	
241	239	615f13a607d1a4fb	5			yes					-1	-1	-1	-1	-1	
242	239	1f8fec284d681c38	5			yes					-1	-1	-1	-1	-1	
243	239	5198abe6c4999a47	5			yes					-1	-1	-1	-1	-1	
244	239	fe690fc1a3e10755	5			yes					-1	-1	-1	-1	-1	
245	211	fc587c52f4c5a319	4			yes					-1	-1	-1	-1	
246	210	bb19802001a59b82	4			yes					247	250	252	253	
247	246	dc8f7c69bc3db377	3			yes					248	249	-1	
248	247	36e1ef8ac4cc7177	4			yes					-1	-1	-1	-1	
249	247	16b4149952f804a8	4			yes					-1	-1	-1	-1	
250	246	b816964919c13183	3			yes					-1	251	-1	
251	250	c08e124a660eaa0f	4			yes					-1	-1	-1	-1	
252	246	6f1246705f60cecc	3			yes					-1	-1	-1	
253	246	b0922c70fb39d7ba	3			yes					-1	-1	-1	
254	210	ca0542f6c26c0514	5			yes					255	263	269	271	272	
255	254	ad93bebf7ff42de1	4			yes					256	258	260	262	
256	255	6a319f801d90c832	5			yes					-1	-1	-1	-1	257	
257	256	80a168494f158b67	4			yes					-1	-1	-1	-1	
258	255	5f7be925b872aee2	5			yes					-1	-1	-1	-1	259	
259	258	b5eb1eeceaf7edb7	4			yes					-1	-1	-1	-1	
260	255	9bd1075670379f50	5			yes					-1	-1	-1	-1	261	
261	260	2bdce7efe22247fb	4			yes					-1	-1	-1	-1	
262	255	274a5536cdce7bd1	3			yes					-1	-1	-1	
263	254	c90a549fda08af15	4			yes					-1	264	266	268	
264	263	44b49803e2d7bff7	5			yes					-1	-1	-1	-1	265	
265	264	ae246fcab052fca2	4			yes					-1	-1	-1	-1	
266	263	a39f7a721c98196a	5			yes					-1	-1	-1	-1	267	
267	266	13929acb8e8dc1c1	4			yes					-1	-1	-1	-1	
268	263	43d3bf166832f925	3			yes					-1	-1	-1	
269	254	1e0e84a69ca9505a	4			yes					-1	-1	270	-1	
270	269	c690cb3d4793037a	5			yes					-1	-1	-1	-1	-1	
271	254	3a4bc7f94903818a	4			yes					-1	-1	-1	-1	
272	254	40dca97f70565324	4			yes					-1	-1	-1	-1	
273	0	e51132242415ebd0	5			yes					-1	-1	-1	274	300	
274	273	8af2d5d8fb1a2131	5			yes					275	286	294	297	299	
275	274	ed642991468209c4	4			yes					276	280	284	285	
276	275	d7f711785fb248fd	5			yes					-1	277	278	279	-1	
277	276	6d98978684a8bb06	4			yes					-1	-1	-1	-1	
278	276	08ea5b5797bc07a3	4			yes					-1	-1	-1	-1	
279	276	03b13ca984159bbe	4			yes					-1	-1	-1	-1	
280	275	172de698127e0b97	5			yes					-1	-1	281	282	283	
281	280	fa425486dce32d8d	4			yes					-1	-1	-1	-1	
282	280	ee30f5f9e4119451	4			yes					-1	-1	-1	-1	
283	280	3f6cde922d133d38	4			yes					-1	-1	-1	-1	
284	275	523393c1f8581d73	3			yes					-1	-1	-1	
285	275	79eb9f1074c20d88	5			yes					-1	-1	-1	-1	-1	
286	274	89fdc3b1e37e8b30	4			yes					-1	287	292	293	
287	286	237089ee748dfd48	5			yes					288	-1	289	290	291	
288	287	ba94b437d301885f	4			yes					-1	-1	-1	-1	
289	287	ce1f3bf0ba10db52	4			yes					-1	-1	-1	-1	
290	287	da6d9a8f82e2628e	4			yes					-1	-1	-1	-1	
291	287	0b31b1e44be0cbe7	4			yes					-1	-1	-1	-1	
292	286	36aa79e15da49f87	3			yes					-1	-1	-1	
293	286	1d4c5e3594668c5e	5			yes					-1	-1	-1	-1	-1	
294	274	06c38003e027d853	4			yes					-1	-1	295	296	
295	294	b9943a535efdcce4	3			yes					-1	-1	-1	
296	294	67be95537fd2d1c9	5			yes					-1	-1	-1	-1	-1	
297	274	35a56f8845c03586	4			yes					-1	-1	-1	298	
298	297	e8a8bffbbec17b96	3			yes					-1	-1	-1	
299	274	57ff05ab001b6f21	4			yes					-1	-1	-1	-1	
300	273	5d3f1d9cac7f2e7f	5			yes					301	315	322	325	326	
301	300	3aa9e1d511e7068a	4			yes					302	310	312	313	
302	301	9e38ecc4b538e2b7	6			yes					-1	303	305	-1	307	309	
303	302	24576a3a6e22114c	5			yes					-1	-1	-1	-1	304	
304	303	cec79df33ca75219	4			yes					-1	-1	-1	-1	
305	302	4125a6eb7d36ade9	5			yes					-1	-1	-1	-1	306	
306	305	abb551222fb3eebc	4			yes					-1	-1	-1	-1	
307	302	185dc6a4af204ff8	5			yes					-1	-1	-1	-1	308	
308	307	f2cd316dfda50cad	4			yes					-1	-1	-1	-1	
309	302	74a81b0de7bda1e2	5			yes					-1	-1	-1	-1	-1	
310	301	0af1278fac9d5ef0	5			yes					-1	-1	-1	-1	311	
311	310	e061d046fe181da5	4			yes					-1	-1	-1	-1	
312	301	a77e4a7376576c24	5			yes					-1	-1	-1	-1	-1	
313	301	b0700a5ca3dd50ba	3			yes					-1	314	-1	
314	313	f3325f446a97d418	4			yes					-1	-1	-1	-1	
315	300	5e300bf5b41b847e	4			yes					-1	316	320	321	
316	315	3eac48f9ca6ea82f	5			yes					317	-1	-1	-1	319	
317	316	a74875206de2dd38	4			yes					-1	-1	-1	318	
318	317	4dd882e93f679e6d	3			yes					-1	-1	-1	
319	316	d43cbf3098ebeb7a	4			yes					-1	-1	-1	-1	
320	315	a10f96bd7098cee0	5			yes					-1	-1	-1	-1	-1	
321	315	d4e9e07c0621d24e	3			yes					-1	-1	-1	
322	300	d10e4847b742d71d	4			yes					-1	-1	323	324	
323	322	056d62a6019a7039	5			yes					-1	-1	-1	-1	-1	
324	322	5bd7a3ce0578812d	3			yes					-1	-1	-1	
325	300	627154720cfb2da6	4			yes					-1	-1	-1	-1	
326	300	d7e6f6151e45784f	4			yes					-1	-1	-1	-1	
327	0	04a37fa812509d22	5			yes					-1	-1	-1	-1	328	
328	327	52cbf260e637e4dc	6			yes					329	347	360	368	371	373	
329	328	355d0e295bafcc29	5			yes					330	334	337	340	342	
330	329	5e5c3542fff11e48	6			yes					-1	331	-1	-1	332	333	
331	330	e433b3bc24ebedb3	5			yes					-1	-1	-1	-1	-1	
332	330	1a2e1829cf0a1720	5			yes					-1	-1	-1	-1	-1	
333	330	ee51d5fb6de4c6e3	5			yes					-1	-1	-1	-1	-1	
334	329	b24b2175e198b21e	6			yes					-1	-1	-1	335	-1	336	
335	334	4b56321417f72dd8	5			yes					-1	-1	-1	-1	-1	
336	334	58dbd6bcb31df14b	5			yes					-1	-1	-1	-1	-1	
337	329	091cc0f8a247f950	5			yes					-1	-1	-1	-1	339	
338	337	4d6eed9392bcf038	4			no					-1	-2	-1	-2	
339	337	b9112041305221fb	4			yes					-1	-1	-1	-1	
340	329	a0754f62b5551b0b	4			yes					-1	-1	-1	341	
341	340	a76e454a8108b57e	3			yes					-1	-1	-1	
342	329	324604016ff2625c	4			yes					343	345	346	-1	
343	342	489276b84b63615b	6			yes					-1	344	-1	-1	-1	-1	
344	343	f2fdf046907992a0	5			yes					-1	-1	-1	-1	-1	
345	342	fe418824d621c3b8	6			yes					-1	-1	-1	-1	-1	-1	
346	342	1fd2830216d58643	5			yes					-1	-1	-1	-1	-1	
347	328	51c4e409fe534edd	5			yes					-1	348	353	356	358	
348	347	ddf5b1d2e56eb7bf	4			yes					349	350	-1	351	
349	348	e911ca31edcc0406	5			yes					-1	-1	-1	-1	-1	
350	348	46043b6d40feadb8	5			yes					-1	-1	-1	-1	-1	
351	348	f5c1ae2161ca27ae	6			yes					-1	-1	352	-1	-1	-1	
352	351	f2695f35eb11699b	5			yes					-1	-1	-1	-1	-1	
353	347	34d0b084b2aa144d	6			yes					-1	-1	-1	354	-1	355	
354	353	cdcda3e544c58b8b	5			yes					-1	-1	-1	-1	-1	
355	353	de40474de02f5718	5			yes					-1	-1	-1	-1	-1	
356	347	c4eca54210a999ff	4			yes					-1	-1	-1	357	
357	356	c3f7af6a24f4378a	3			yes					-1	-1	-1	
358	347	56dfee21ca0ee0a8	4			yes					-1	-1	359	-1	
359	358	78da19d5851365eb	6			yes					-1	-1	-1	-1	-1	-1	
360	328	defaa7bbfd0a1dbe	5			yes					-1	-1	361	364	366	
361	360	5a787cb0c7b34f45	6			yes					-1	-1	-1	362	-1	363	
362	361	a3656fd131dcd083	5			yes					-1	-1	-1	-1	-1	
363	361	b0e88b7995360c10	5			yes					-1	-1	-1	-1	-1	
364	360	4bd2e6f013f0ca9c	4			yes					-1	-1	-1	365	
365	364	4cc9ecd827ad64e9	3			yes					-1	-1	-1	
366	360	d9e1ad93c957b3cb	4			yes					-1	-1	367	-1	
367	366	1672d5e1f00a3ee3	6			yes					-1	-1	-1	-1	-1	-1	
368	328	7a9bf498646602c1	5			yes					-1	-1	-1	369	370	
369	368	efb3b5d38a9cd5e3	4			yes					-1	-1	-1	-1	
370	368	7d80feb0503bacb4	4			yes					-1	-1	-1	-1	
371	328	c7e3b32b08cd33fe	5			yes					-1	-1	-1	-1	372	
372	371	c0f8b9033c909d8b	4			yes					-1	-1	-1	-1	
373	328	55d0f848d26a4aa9	5			yes					-1	-1	-1	-1	-1	
374	0	886778bcc50d7ad9	5			yes					-1	-1	-1	-1	-1	
