Number of nodes
166
ID	PID	Hash_Value			File_Number	Fully_Enumerated	Children
0	-1	0d9f0dcba6d8e29c	6			yes					1	23	43	64	82	122	
1	0	04d9c236c92ab10a	5			yes					2	6	15	20	22	
2	1	9e50600f1ace2d48	4			yes					3	4	-1	5	
3	2	4051e76d7e88737c	4			yes					-1	-1	-1	-1	
4	2	403e18b81c02637b	4			yes					-1	-1	-1	-1	
5	2	b40634f4f665fc23	4			yes					-1	-1	-1	-1	
6	1	7a18dcfd4bf2d903	4			yes					-1	7	10	11	
7	6	35d85dff39a609ff	4			yes					8	9	-1	-1	
8	7	5cb8a6194965b1eb	3			yes					-1	-1	-1	
9	7	6a9c6fd39a7bce98	3			yes					-1	-1	-1	
10	6	b664b8797e7a0ed7	4			yes					-1	-1	-1	-1	
11	6	5c63c55112b8576e	3			yes					-1	12	14	
12	11	a34215f6e92478b5	5			yes					-1	-1	-1	-1	13	
13	12	82384120612a0f25	4			yes					-1	-1	-1	-1	
14	11	223c7f000248f4b2	4			yes					-1	-1	-1	-1	
15	1	204cd94636553a27	4			yes					-1	-1	16	18	
16	15	fb833ce0988cbc46	5			yes					-1	-1	-1	-1	17	
17	16	acdae1ed258378b2	4			yes					-1	-1	-1	-1	
18	15	0637c0ea6f1fb44a	3			yes					-1	-1	19	
19	18	dac9469ef12f4327	5			yes					-1	-1	-1	-1	-1	
20	1	e6a6be2ef709f10b	4			yes					-1	-1	-1	21	
21	20	c0dda782ae437f66	3			yes					-1	-1	-1	
22	1	22a2db9a90603f67	4			yes					-1	-1	-1	-1	
23	0	293c3cef22fe3e6c	5			yes					24	32	35	40	42	
24	23	dec126fd154a1106	4			yes					25	26	28	29	
25	24	c893a46b8ca04806	4			yes					-1	-1	-1	-1	
26	24	d83789f579b7387d	4			yes					-1	27	-1	-1	
27	26	1080c931fd0a1620	3			yes					-1	-1	-1	
28	24	1ada9f9722cb1871	4			yes					-1	-1	-1	-1	
29	24	f8ba3f514c009f6b	3			yes					-1	30	31	
30	29	b6f5e55e3a6bfe09	4			yes					-1	-1	-1	-1	
31	29	e71ee252815e9b84	4			yes					-1	-1	-1	-1	
32	23	176c64d6afa26a2b	4			yes					-1	33	-1	34	
33	32	13e0c81da16e45e9	4			yes					-1	-1	-1	-1	
34	32	00c0a12fe68f24c6	4			yes					-1	-1	-1	-1	
35	23	0da9279fdd81b541	4			yes					-1	-1	36	38	
36	35	9775cb00922ea384	5			yes					-1	-1	-1	-1	37	
37	36	c02c160d2f216770	4			yes					-1	-1	-1	-1	
38	35	2bd23e3384cb3b2c	3			yes					-1	-1	39	
39	38	b63fb17efb8d5ce5	5			yes					-1	-1	-1	-1	-1	
40	23	cb4340f71cdd7e6d	4			yes					-1	-1	-1	41	
41	40	ed38595b4597f000	3			yes					-1	-1	-1	
42	23	0f4725437bb4b001	4			yes					-1	-1	-1	-1	
43	0	ff0614211750f20a	5			yes					44	52	57	60	63	
44	43	08fb0e3320e4dd60	4			yes					45	47	48	49	
45	44	8356b497b8b8a1f9	4			yes					-1	-1	-1	46	
46	45	d40f699a05b7650d	3			yes					-1	-1	-1	
47	44	118403608721930a	3			yes					-1	-1	-1	
48	44	ce095794c06638cb	4			yes					-1	-1	-1	-1	
49	44	2e80179f79ae530d	3			yes					50	-1	51	
50	49	a21ccee9d11b5e98	4			yes					-1	-1	-1	-1	
51	49	33cd2a5163f3bb3e	4			yes					-1	-1	-1	-1	
52	43	60af79f1c5dfd3d5	4			yes					-1	53	54	55	
53	52	2c6bbde8a24ad4a7	4			yes					-1	-1	-1	-1	
54	52	fc01a52296d84730	4			yes					-1	-1	-1	-1	
55	52	46d4605d9c955db8	3			yes					-1	-1	56	
56	55	01c5d8e7354dc4c5	4			yes					-1	-1	-1	-1	
57	43	ac5012768252c0d9	4			yes					-1	-1	-1	58	
58	57	3d50a515d30982a1	5			yes					-1	-1	-1	-1	59	
59	58	1c2af1c35b07f531	4			yes					-1	-1	-1	-1	
60	43	1d7968392973b20b	4			yes					-1	-1	61	62	
61	60	68b12fa58197b7de	4			yes					-1	-1	-1	-1	
62	60	3b02719570393c66	3			yes					-1	-1	-1	
63	43	d97d0d8d4e1a7c67	4			yes					-1	-1	-1	-1	
64	0	4d7da0582b5c0402	5			yes					65	73	78	80	81	
65	64	ba80ba4a1ce82b68	4			yes					66	68	-1	70	
66	65	400c876055132a76	4			yes					-1	67	-1	-1	
67	66	b726eaebf9b54798	3			yes					-1	-1	-1	
68	65	e8ede6db0238a707	4			yes					-1	-1	-1	69	
69	68	bfb43bd6bf3763f3	3			yes					-1	-1	-1	
70	65	9cfba3e645a2a505	3			yes					71	72	-1	
71	70	ea26f8045d016fc0	4			yes					-1	-1	-1	-1	
72	70	c9a79ca56b9b5866	4			yes					-1	-1	-1	-1	
73	64	d2d4cd88f9d325dd	4			yes					-1	74	-1	76	
74	73	25de38c4e6265b7c	4			yes					75	-1	-1	-1	
75	74	d2ac73c1acc8197c	3			yes					-1	-1	-1	
76	73	f4afd424a099abb0	3			yes					-1	77	-1	
77	76	8ff447a0ee341eca	4			yes					-1	-1	-1	-1	
78	64	33bcbe93a9846c0b	4			yes					-1	-1	-1	79	
79	78	15c7a73ff0cee266	3			yes					-1	-1	-1	
80	64	30ee70a53ea9e8d1	4			yes					-1	-1	-1	-1	
81	64	6b06b9f472168a6f	4			yes					-1	-1	-1	-1	
82	0	71df3f7a7ef5cfef	5			yes					83	88	93	98	110	
83	82	c831a7bbbd88925b	4			yes					84	85	87	-1	
84	83	468110b82066a76f	4			yes					-1	-1	-1	-1	
85	83	b6f0b9703f50fa52	3			yes					-1	86	-1	
86	85	ae32eeca5da24097	5			yes					-1	-1	-1	-1	-1	
87	83	eca4bccb42f71976	3			yes					-1	-1	-1	
88	82	e5d45962565c1d3d	4			yes					89	91	92	-1	
89	88	1229437061e83257	3			yes					-1	90	-1	
90	89	1ba31ba8e4ef3204	4			yes					-1	-1	-1	-1	
91	88	13a3bb40111f6b06	5			yes					-1	-1	-1	-1	-1	
92	88	c1414212a9239610	3			yes					-1	-1	-1	
93	82	33ee71ac63f2d15b	4			yes					94	96	97	-1	
94	93	c4136bbe5446fe31	3			yes					95	-1	-1	
95	94	98c6db830bfc122e	4			yes					-1	-1	-1	-1	
96	93	ac471c7cb17df084	3			yes					-1	-1	-1	
97	93	30205e29678fba83	5			yes					-1	-1	-1	-1	-1	
98	82	39cc80b51044a2c7	5			yes					99	103	106	108	109	
99	98	ce319aa727f08dad	4			yes					100	101	-1	102	
100	99	32aec3693c70384b	5			yes					-1	-1	-1	-1	-1	
101	99	f37d89cfb17c14d0	4			yes					-1	-1	-1	-1	
102	99	79e6db521dab3320	5			yes					-1	-1	-1	-1	-1	
103	98	a665ed65c2cb8318	4			yes					-1	104	-1	105	
104	103	577c7ccd8f454941	5			yes					-1	-1	-1	-1	-1	
105	103	236c2943becc0c10	5			yes					-1	-1	-1	-1	-1	
106	98	470d9e7e929ccace	4			yes					-1	-1	-1	107	
107	106	fdf4f5d69c943201	5			yes					-1	-1	-1	-1	-1	
108	98	d57f6700c2f6ec83	4			yes					-1	-1	-1	-1	
109	98	fa268ebcb55128f8	4			yes					-1	-1	-1	-1	
110	82	5749fed21dce3c0e	5			yes					111	115	118	120	121	
111	110	a0b4e4c02a7a1364	4			yes					112	113	114	-1	
112	111	e91b79145a892576	4			yes					-1	-1	-1	-1	
113	111	02e0dff84f52580b	4			yes					-1	-1	-1	-1	
114	111	9b2a4021a574ebd0	4			yes					-1	-1	-1	-1	
115	110	c8e09302cf411dd1	4			yes					-1	116	117	-1	
116	115	635534fbd8629505	5			yes					-1	-1	-1	-1	-1	
117	115	01d66faa1e1eac8c	4			yes					-1	-1	-1	-1	
118	110	2988e0199f165407	4			yes					-1	-1	119	-1	
119	118	40d6d192aef24480	5			yes					-1	-1	-1	-1	-1	
120	110	73dce5a2e2b1b723	4			yes					-1	-1	-1	-1	
121	110	32007279989ced91	4			yes					-1	-1	-1	-1	
122	0	f236acf67bde82e9	5			yes					123	135	146	158	-1	
123	122	6c44cf26dedff0f3	5			yes					124	127	132	134	-1	
124	123	f6cd6d1f0d3b6cb1	4			yes					125	-1	-1	-1	
125	124	30a768d6b7f58d7f	4			yes					-1	-1	-1	-1	
126	124	30c89703d57f9d78	4			no					-1	-1	-2	-2	
127	123	1285d1ed5c0798fa	4			yes					-1	128	130	-1	
128	127	2f4d7b7b806efb5b	5			yes					-1	-1	-1	-1	129	
129	128	3829d8af9877b22c	4			yes					-1	-1	-1	-1	
130	127	40aee47f1807e79c	5			yes					-1	-1	-1	-1	131	
131	130	57ca47ab001eaeeb	4			yes					-1	-1	-1	-1	
132	123	48d1d45621a07bde	4			yes					-1	-1	133	-1	
133	132	8b75b35b51f14245	5			yes					-1	-1	-1	-1	-1	
134	123	8e3bb33ee0fcb0f2	4			yes					-1	-1	-1	-1	
135	122	41a131ff350b7f95	5			yes					136	141	142	145	-1	
136	135	b65c2bed02bf50ff	4			yes					137	138	139	-1	
137	136	b8652bd045ddb605	4			yes					-1	-1	-1	-1	
138	136	df21626eca7ff745	4			yes					-1	-1	-1	-1	
139	136	1e348241d823aacd	5			yes					-1	-1	-1	-1	140	
140	139	09502195c03ae3ba	4			yes					-1	-1	-1	-1	
141	135	7ff169c6b8572bd2	4			yes					-1	-1	-1	-1	
142	135	65342a8fca74f4b8	4			yes					-1	143	144	-1	
143	142	631647a66813bbea	4			yes					-1	-1	-1	-1	
144	142	e78344bb5b535d87	5			yes					-1	-1	-1	-1	-1	
145	135	a3de4de70b283f94	4			yes					-1	-1	-1	-1	
146	122	979b193100a5b3f3	5			yes					147	152	156	157	-1	
147	146	6066032337119c99	4			yes					148	-1	150	-1	
148	147	f3a03b2c71c55ffa	4			yes					-1	-1	-1	-1	
149	147	fdfc70c0c2790839	4			no					-1	-1	-1	-2	
150	147	cae74a423a8e8a77	5			yes					-1	-1	-1	-1	151	
151	150	dd83e9962297c300	4			yes					-1	-1	-1	-1	
152	146	083274e1d22a922c	4			yes					-1	153	154	-1	
153	152	5c9d32536b372aa4	4			yes					-1	-1	-1	-1	
154	152	f8efb8f46c30f58c	5			yes					-1	-1	-1	-1	155	
155	154	ef8b1b207429bcfb	4			yes					-1	-1	-1	-1	
156	146	c4cd1f6695a78120	4			yes					-1	-1	-1	-1	
157	146	75e465293e86f3f2	4			yes					-1	-1	-1	-1	
158	122	25e0ad483ca945fb	5			yes					159	162	164	165	-1	
159	158	d21db75a0b1d6a91	4			yes					160	161	-1	-1	
160	159	6713d1fbd6e8cf10	4			yes					-1	-1	-1	-1	
161	159	981b6960cb455904	4			yes					-1	-1	-1	-1	
162	158	ba49c098ee266424	4			yes					-1	163	-1	-1	
163	162	02c16e5f65ddbe1a	4			yes					-1	-1	-1	-1	
164	158	5b21b383be712df2	4			yes					-1	-1	-1	-1	
165	158	58737db5295ca928	4			yes					-1	-1	-1	-1	
