Number of nodes
151
ID	PID	Hash_Value			File_Number	Fully_Enumerated	Children
0	-1	e014de6be30f5ef3	6			yes					1	23	44	65	84	101	
1	0	cf6ba2d0d1d3130c	5			yes					2	7	15	20	22	
2	1	6be344a8c255ed06	4			yes					3	4	-1	5	
3	2	3bc41a5dac88ed6d	4			yes					-1	-1	-1	-1	
4	2	35736b6efeb7bdfe	4			yes					-1	-1	-1	-1	
5	2	417ceef6c4333b1d	5			yes					-1	-1	-1	-1	6	
6	5	0065fe483412ee5b	4			yes					-1	-1	-1	-1	
7	1	969d047a697bff2c	4			yes					-1	8	10	11	
8	7	d4c27af1ee1ee1ac	5			yes					9	-1	-1	-1	-1	
9	8	b978095dd31fcc01	4			yes					-1	-1	-1	-1	
10	7	caa3dbe2c765530a	4			yes					-1	-1	-1	-1	
11	7	3956846a539edd4b	3			yes					12	13	14	
12	11	9c9d2dafb67800b5	4			yes					-1	-1	-1	-1	
13	11	c4fe65a384b39af1	5			yes					-1	-1	-1	-1	-1	
14	11	64755d1a46867d0d	4			yes					-1	-1	-1	-1	
15	1	fe4476331a2791e6	4			yes					-1	-1	16	17	
16	15	99cdaa8300b41e17	5			yes					-1	-1	-1	-1	-1	
17	15	518ff62320c2b381	3			yes					18	-1	19	
18	17	c49d13037f7ad90b	4			yes					-1	-1	-1	-1	
19	17	69dc5de8e1ba473c	5			yes					-1	-1	-1	-1	-1	
20	1	639a14215a3fb2a7	4			yes					-1	-1	-1	21	
21	20	cc51943160da90c0	3			yes					-1	-1	-1	
22	1	60a022c0eb36316b	4			yes					-1	-1	-1	-1	
23	0	7da9ae3e71e61ca6	5			yes					24	32	36	41	43	
24	23	ae5d88ab622dc56d	4			yes					25	26	27	28	
25	24	4658facc25de99f3	4			yes					-1	-1	-1	-1	
26	24	b4d51281fe8f6253	4			yes					-1	-1	-1	-1	
27	24	27c4e748e25d8c32	4			yes					-1	-1	-1	-1	
28	24	019608bb58c8e70a	3			yes					29	30	31	
29	28	ca9f031f22c6a3ef	4			yes					-1	-1	-1	-1	
30	28	453b6aec7f4206a6	4			yes					-1	-1	-1	-1	
31	28	1e19a7bd31bab6a3	4			yes					-1	-1	-1	-1	
32	23	e1e1c4976936d8ed	4			yes					-1	33	-1	34	
33	32	c9098d0f6ff60278	4			yes					-1	-1	-1	-1	
34	32	ef5ad65b77338e58	5			yes					-1	-1	-1	-1	35	
35	34	ae43c6e587125b1e	4			yes					-1	-1	-1	-1	
36	23	4c867addba129e4c	4			yes					-1	-1	37	38	
37	36	7b10003d0cc85a25	5			yes					-1	-1	-1	-1	-1	
38	36	e34dfacd80f7bc2b	3			yes					-1	39	40	
39	38	26ee3ec3d9503729	4			yes					-1	-1	-1	-1	
40	38	8b01f756edc6030e	5			yes					-1	-1	-1	-1	-1	
41	23	d15818cffa0abd0d	4			yes					-1	-1	-1	42	
42	41	7e9398dfc0ef9f6a	3			yes					-1	-1	-1	
43	23	d2622e2e4b033ec1	4			yes					-1	-1	-1	-1	
44	0	24a3964b8f7e1bae	5			yes					45	54	60	62	64	
45	44	f757b0de9cb5c265	4			yes					46	48	49	50	
46	45	49f3df72718e2b59	5			yes					-1	-1	-1	-1	47	
47	46	cf949f531c33cf43	4			yes					-1	-1	-1	-1	
48	45	85cf1095ddab32c8	4			yes					-1	-1	-1	-1	
49	45	603c3a6248f93e83	4			yes					-1	-1	-1	-1	
50	45	589c30cea650e002	3			yes					51	52	53	
51	50	8e8d8fedec121a05	5			yes					-1	-1	-1	-1	-1	
52	50	fdf7a993ad1a85c5	4			yes					-1	-1	-1	-1	
53	50	59e17a979b1e0412	4			yes					-1	-1	-1	-1	
54	44	07ef7eaf75f44aca	4			yes					-1	55	56	57	
55	54	056c6f522f7478a3	5			yes					-1	-1	-1	-1	-1	
56	54	f900a7e5a03bfe76	4			yes					-1	-1	-1	-1	
57	54	a824febf4f1168ad	3			yes					-1	58	59	
58	57	c2123fcdb2e849ff	5			yes					-1	-1	-1	-1	-1	
59	57	c0dde71073dcc4e7	4			yes					-1	-1	-1	-1	
60	44	f382f89058480b63	4			yes					-1	-1	-1	61	
61	60	d4f428eda6d7cfc8	5			yes					-1	-1	-1	-1	-1	
62	44	885220ba0492ba05	4			yes					-1	-1	-1	63	
63	62	2799a0aa3e779862	3			yes					-1	-1	-1	
64	44	8b68165bb59b39c9	4			yes					-1	-1	-1	-1	
65	0	7f63eb7fbe8da92f	5			yes					66	75	79	81	82	
66	65	ac97cdeaad4670e4	4			yes					67	70	-1	71	
67	66	496825cd393c42f3	5			yes					-1	-1	-1	-1	69	
68	67	e7dbc9fd9c4ef329	4			no					-1	-2	-1	-2	
69	67	cf0f65ec5481a6e9	4			yes					-1	-1	-1	-1	
70	66	2799a14a52dca5ae	4			yes					-1	-1	-1	-1	
71	66	035c4dfa97a35283	3			yes					72	74	-1	
72	71	8e167552a4a073af	5			yes					-1	-1	-1	-1	-1	
73	72	20a5996201d2c275	4			no					-1	-2	-1	-2	
74	71	cf7fbefc2f048415	4			yes					-1	-1	-1	-1	
75	65	5c2f039b4407f84b	4			yes					-1	76	-1	77	
76	75	8d740feebaa81b49	5			yes					-1	-1	-1	-1	-1	
77	75	f3e4838b7ee2da2c	3			yes					-1	78	-1	
78	77	65921058c7703af2	5			yes					-1	-1	-1	-1	-1	
79	65	26954dd50625450f	4			yes					-1	-1	-1	80	
80	79	895ecdc53cc06768	3			yes					-1	-1	-1	
81	65	35d259f71173c7d9	5			yes					-1	-1	-1	-1	-1	
82	65	d0a86b6f84688b48	4			yes					-1	-1	-1	83	
83	82	f3a8bcd7107083c8	5			yes					-1	-1	-1	-1	-1	
84	0	52447994974d921f	5			yes					85	91	96	99	100	
85	84	81b05f0184864bd4	4			yes					86	88	89	-1	
86	85	bd175e4501f5912f	5			yes					-1	-1	-1	-1	87	
87	86	9ad992cacf16eb6b	4			yes					-1	-1	-1	-1	
88	85	328d1aba6ef3e20f	4			yes					-1	-1	-1	-1	
89	85	9016eb5a0a40ed65	5			yes					-1	-1	-1	-1	90	
90	89	1671ab7b67fd097f	4			yes					-1	-1	-1	-1	
91	84	710891706dc7c37b	4			yes					-1	92	94	-1	
92	91	f111b33f72b79195	5			yes					-1	-1	-1	-1	93	
93	92	d6df7fb0bc54ebd1	4			yes					-1	-1	-1	-1	
94	91	59d7b3f21345243e	5			yes					-1	-1	-1	-1	95	
95	94	dfb0f3d37ef8c024	4			yes					-1	-1	-1	-1	
96	84	0bb2df3e2fe57e3f	4			yes					-1	-1	97	-1	
97	96	e87cdda56a4d7280	6			yes					-1	-1	-1	-1	-1	98	
98	97	6e1b9d8407f0969a	5			yes					-1	-1	-1	-1	-1	
99	84	636bad775cb910f5	4			yes					-1	-1	-1	-1	
100	84	9861bc389a1de665	4			yes					-1	-1	-1	-1	
101	0	062ed7e97487e84c	5			yes					102	112	122	132	140	
102	101	6622d38da32cbd02	5			yes					103	106	109	111	-1	
103	102	c2aa35f5b0aa4308	4			yes					104	105	-1	-1	
104	103	10ebc8458e11de1d	4			yes					-1	-1	-1	-1	
105	103	1fe4d4e5b348cf78	4			yes					-1	-1	-1	-1	
106	102	3fd475271b845122	4			yes					-1	107	108	-1	
107	106	1ce470838eaf2c83	5			yes					-1	-1	-1	-1	-1	
108	106	da6b9ad2a0439f41	4			yes					-1	-1	-1	-1	
109	102	570d076e68d83fe8	4			yes					-1	-1	110	-1	
110	109	01d4a9d06addd065	5			yes					-1	-1	-1	-1	-1	
111	102	cad3657c28c01ca9	4			yes					-1	-1	-1	-1	
112	101	d4e0df630319b2a8	5			yes					113	117	119	121	-1	
113	112	0714f9f610d26b63	4			yes					114	115	116	-1	
114	113	970679427099aedb	4			yes					-1	-1	-1	-1	
115	113	9e42ad0ab37010d5	4			yes					-1	-1	-1	-1	
116	113	2990167ba9808883	4			yes					-1	-1	-1	-1	
117	112	48a8b5ca1bc976e3	4			yes					-1	118	-1	-1	
118	117	54687dd92aaaaf04	4			yes					-1	-1	-1	-1	
119	112	e5cf0b80c8ed3042	4			yes					-1	-1	120	-1	
120	119	e309036e66a19457	5			yes					-1	-1	-1	-1	-1	
121	112	7811699288f51303	4			yes					-1	-1	-1	-1	
122	101	8deae716fd81b5a0	5			yes					123	127	130	131	-1	
123	122	5e1ec183ee4a6c6b	4			yes					124	125	126	-1	
124	123	cda3c4d3d99236df	5			yes					-1	-1	-1	-1	-1	
125	123	c024cf78ce82ea22	4			yes					-1	-1	-1	-1	
126	123	6e68cb5103243a32	4			yes					-1	-1	-1	-1	
127	122	aea60ff2070be4c4	4			yes					-1	128	129	-1	
128	127	813c74f387686525	5			yes					-1	-1	-1	-1	-1	
129	127	f75456d6ebe6fac7	4			yes					-1	-1	-1	-1	
130	122	5acb89cd2ab7a56d	4			yes					-1	-1	-1	-1	
131	122	211b51e7766d140b	4			yes					-1	-1	-1	-1	
132	101	d62a9a22cc720721	5			yes					133	136	138	139	-1	
133	132	05debcb7dfb9deea	4			yes					134	135	-1	-1	
134	133	cd383e6c91205f75	5			yes					-1	-1	-1	-1	-1	
135	133	a09d3c5a69af78f7	4			yes					-1	-1	-1	-1	
136	132	f56672c636f85645	4			yes					-1	137	-1	-1	
137	136	0a7092fe81dbc610	5			yes					-1	-1	-1	-1	-1	
138	132	8fdc3c8874daeb01	4			yes					-1	-1	-1	-1	
139	132	452ef2e2ea866618	5			yes					-1	-1	-1	-1	-1	
140	101	446df3660a6f248e	5			yes					141	145	148	150	-1	
141	140	9799d5f319a4fd45	4			yes					142	143	144	-1	
142	141	d4373801a9f274ca	5			yes					-1	-1	-1	-1	-1	
143	141	5bad7cfec6f407ea	4			yes					-1	-1	-1	-1	
144	141	1446f0fba25cf0e3	5			yes					-1	-1	-1	-1	-1	
145	140	67211b82f0e575ea	4			yes					-1	146	147	-1	
146	145	9831d57bdab07470	5			yes					-1	-1	-1	-1	-1	
147	145	dd87a853bb5939b8	5			yes					-1	-1	-1	-1	-1	
148	140	1d9b55ccb2c7c8ae	4			yes					-1	-1	149	-1	
149	148	6c2cc604c2516f06	6			yes					-1	-1	-1	-1	-1	-1	
150	140	75422785c19ba664	4			yes					-1	-1	-1	-1	
