Number of nodes
477
ID	PID	Hash_Value			File_Number	Fully_Enumerated	Children
0	-1	9681642f37406900	6			yes					1	158	270	357	434	476	
1	0	d7b832062762b898	5			yes					2	59	84	103	119	
2	1	d8b03fcadc1c7e8d	5			yes					3	19	37	47	58	
3	2	2ad29150e6749204	4			yes					4	7	9	13	
4	3	b4d491a2fe65945d	4			yes					-1	5	-1	6	
5	4	27a4ca5d8cde6def	3			yes					-1	-1	-1	
6	4	94b420cbbbbe32a4	3			yes					-1	-1	-1	
7	3	cb3f185bd7b3e8cd	4			yes					-1	8	-1	-1	
8	7	d88a07e54ee1345a	3			yes					-1	-1	-1	
9	3	b200b20fc99b0c50	5			yes					-1	10	11	-1	12	
10	9	a1b5adb150c9d0c7	4			yes					-1	-1	-1	-1	
11	9	3e7dbb1b582d8a92	4			yes					-1	-1	-1	-1	
12	9	176feaa79f04e07d	4			yes					-1	-1	-1	-1	
13	3	b0b7832019169a4a	3			yes					14	15	17	
14	13	3a62cd3adc42313c	4			yes					-1	-1	-1	-1	
15	13	f47a94868a970c91	4			yes					-1	16	-1	-1	
16	15	e7cf8b3813c5d006	3			yes					-1	-1	-1	
17	13	8fae0cdcced16576	5			yes					-1	-1	-1	-1	18	
18	17	caa3f1ed62d31421	4			yes					-1	-1	-1	-1	
19	2	b5cf879e8020ab6f	4			yes					-1	20	28	33	
20	19	57814f6e9cbffa2e	5			yes					21	24	-1	26	27	
21	20	3eb84c57533f2042	4			yes					22	-1	23	-1	
22	21	c840d908623b9b34	3			yes					-1	-1	-1	
23	21	9d2e91a48fd72933	3			yes					-1	-1	-1	
24	20	a179da31adbb4158	4			yes					-1	-1	25	-1	
25	24	02ef07c271534829	3			yes					-1	-1	-1	
26	20	f417929d4057f35f	4			yes					-1	-1	-1	-1	
27	20	77e1fe07d9645cd7	4			yes					-1	-1	-1	-1	
28	19	401a72030ee1f537	5			yes					29	31	-1	-1	32	
29	28	2923713ac1612f5b	4			yes					-1	-1	-1	30	
30	29	b7b41e56434ad226	3			yes					-1	-1	-1	
31	28	b6e2e75c3fe54e41	4			yes					-1	-1	-1	-1	
32	28	de8d1d6f8cca084a	4			yes					-1	-1	-1	-1	
33	19	7340a8e47ff9d2d7	5			yes					34	35	-1	36	-1	
34	33	1a79abddb07908bb	4			yes					-1	-1	-1	-1	
35	33	85b83dbb4efd69a1	4			yes					-1	-1	-1	-1	
36	33	8dbe33e1af67f043	4			yes					-1	-1	-1	-1	
37	2	8e7fa966ce32a76b	4			yes					-1	-1	38	43	
38	37	ff0857da061766c2	5			yes					39	40	41	-1	42	
39	38	963154e3c997bcae	4			yes					-1	-1	-1	-1	
40	38	09f0c2853713ddb4	4			yes					-1	-1	-1	-1	
41	38	0a38f2f03d80afd0	4			yes					-1	-1	-1	-1	
42	38	0435aebbf436d1e8	4			yes					-1	-1	-1	-1	
43	37	25d81ce05aca64da	5			yes					44	45	46	-1	-1	
44	43	4ce11fd9954abeb6	4			yes					-1	-1	-1	-1	
45	43	d32089bf6bcedfac	4			yes					-1	-1	-1	-1	
46	43	d0e8b9ca615dadc8	4			yes					-1	-1	-1	-1	
47	2	53b792128b18e8c3	4			yes					-1	-1	-1	48	
48	47	5e0c84ba1e8c0d3d	6			yes					49	51	53	55	-1	57	
49	48	37358783d10cd751	5			yes					-1	-1	-1	-1	50	
50	49	72387ab27d0ea606	4			yes					-1	-1	-1	-1	
51	48	a8f411e52f88b64b	5			yes					-1	-1	-1	-1	52	
52	51	edf9ecd4838ac71c	4			yes					-1	-1	-1	-1	
53	48	ab3c2190251bc42f	5			yes					-1	-1	-1	-1	54	
54	53	ee31dca18919b578	4			yes					-1	-1	-1	-1	
55	48	d2718dae8f3a8bff	5			yes					-1	-1	-1	-1	56	
56	55	977c709f2338faa8	4			yes					-1	-1	-1	-1	
57	48	1b01798bb28e7c6a	5			yes					-1	-1	-1	-1	-1	
58	2	42d52dba237e76c3	4			yes					-1	-1	-1	-1	
59	1	f1f54490cb7c06d8	4			yes					60	65	72	83	
60	59	b644fc234838609c	3			yes					61	62	64	
61	60	b3077fba99dd788f	4			yes					-1	-1	-1	-1	
62	60	25016f5819ee66ac	4			yes					-1	-1	-1	63	
63	62	fb118d5a8d979f9e	3			yes					-1	-1	-1	
64	60	1a064abd234a8853	4			yes					-1	-1	-1	-1	
65	59	56d3071b2b22f844	3			yes					-1	66	68	
66	65	de017ef12852f562	5			yes					-1	-1	-1	-1	67	
67	66	5c906b33bcebfe31	4			yes					-1	-1	-1	-1	
68	65	9b9a75813c0dd1c4	5			yes					69	70	-1	71	-1	
69	68	f2a376b8f38d0ba8	4			yes					-1	-1	-1	-1	
70	68	2fcf86a98f9ce439	4			yes					-1	-1	-1	-1	
71	68	380ca872e0e5d8b5	4			yes					-1	-1	-1	-1	
72	59	7af2e9489c789096	3			yes					-1	-1	73	
73	72	2c37919473ff3692	6			yes					74	76	78	80	-1	82	
74	73	450e92adbc7fecfe	5			yes					-1	-1	-1	-1	75	
75	74	00036f9c107d9da9	4			yes					-1	-1	-1	-1	
76	73	986262bcc06e036f	5			yes					-1	-1	-1	-1	77	
77	76	dd6f9f8d6c6c7238	4			yes					-1	-1	-1	-1	
78	73	e99147e7a78e4aa4	5			yes					-1	-1	-1	-1	79	
79	78	ac9cbad60b8c3bf3	4			yes					-1	-1	-1	-1	
80	73	a04a9880e249b050	5			yes					-1	-1	-1	-1	81	
81	80	e54765b14e4bc107	4			yes					-1	-1	-1	-1	
82	73	693a6ca5dffd47c5	5			yes					-1	-1	-1	-1	-1	
83	59	6b9056e0341e0e96	3			yes					-1	-1	-1	
84	1	86b8f997265cc9e9	4			yes					85	92	100	102	
85	84	c1094124a518afad	3			yes					86	88	89	
86	85	37bf83f624a31cb9	4			yes					-1	-1	-1	87	
87	86	17df329f6178ba40	3			yes					-1	-1	-1	
88	85	0d24cd7a4fba8898	4			yes					-1	-1	-1	-1	
89	85	5e59e8e1b02e927b	5			yes					-1	90	91	-1	-1	
90	89	4decf75f297c4eec	4			yes					-1	-1	-1	-1	
91	89	23e3e86905fb3421	4			yes					-1	-1	-1	-1	
92	84	ebc741c37a601c0b	3			yes					-1	93	95	
93	92	5d4316dd59868ba0	5			yes					-1	-1	-1	-1	94	
94	93	08c8b9c7c876a7a2	4			yes					-1	-1	-1	-1	
95	92	27f542f9e8cef665	5			yes					96	97	98	99	-1	
96	95	4ecc41c0274e2c09	4			yes					-1	-1	-1	-1	
97	95	93a0b1d15b5fc398	4			yes					-1	-1	-1	-1	
98	95	87ad4a68a61d5cac	4			yes					-1	-1	-1	-1	
99	95	1622ee4799e3ff68	4			yes					-1	-1	-1	-1	
100	84	b0ab1297201abbe8	3			yes					-1	-1	101	
101	100	5592ee50924ff68b	5			yes					-1	-1	-1	-1	-1	
102	84	1cddebe7d93ec1a7	3			yes					-1	-1	-1	
103	1	f30ad280eaca08bc	4			yes					104	109	116	118	
104	103	b4bb6a33698e6ef8	3			yes					105	106	-1	
105	104	7275d00424d49ce9	4			yes					-1	-1	-1	-1	
106	104	d7aad1709c7975df	5			yes					-1	107	-1	108	-1	
107	106	c41fcece052ba948	4			yes					-1	-1	-1	-1	
108	106	a205a2818b8db85b	4			yes					-1	-1	-1	-1	
109	103	9e756ad4b6f6dd5e	3			yes					-1	110	115	
110	109	67f77419b31c0996	5			yes					111	112	-1	113	114	
111	110	0ece77207c9cd3fa	4			yes					-1	-1	-1	-1	
112	110	d3a28731008d3c6b	4			yes					-1	-1	-1	-1	
113	110	125807e8a4e8c412	4			yes					-1	-1	-1	-1	
114	110	4797c570f6c7af6f	4			yes					-1	-1	-1	-1	
115	109	db4c395fbf703352	5			yes					-1	-1	-1	-1	-1	
116	103	a5c5442cf8e4d15a	3			yes					-1	-1	117	
117	116	0fc68c15eb17b0d9	5			yes					-1	-1	-1	-1	-1	
118	103	7c01964bcd566a40	3			yes					-1	-1	-1	
119	1	5ca6a4312bdbc404	5			yes					120	127	144	156	157	
120	119	1b171c82a89fa240	4			yes					121	123	126	-1	
121	120	67936b565105abc7	5			yes					-1	-1	-1	-1	122	
122	121	bc876be90599bf00	4			yes					-1	-1	-1	-1	
123	120	e7ba0af452c92177	5			yes					-1	124	-1	-1	125	
124	123	f40f154acb9bfde0	4			yes					-1	-1	-1	-1	
125	123	104a98cced160215	4			yes					-1	-1	-1	-1	
126	120	9c1dfba599fe6304	5			yes					-1	-1	-1	-1	-1	
127	119	31d91c6577e711e6	4			yes					-1	128	138	142	
128	127	c66bd3edb14a4b3f	6			yes					129	131	-1	133	135	137	
129	128	af52d0d47eca9153	5			yes					-1	-1	-1	-1	130	
130	129	7446d06b2a568594	4			yes					-1	-1	-1	-1	
131	128	723e20c502db7ec2	5			yes					-1	-1	-1	-1	132	
132	131	a92a207a56476a05	4			yes					-1	-1	-1	-1	
133	128	65fd0e1e6da2424e	5			yes					-1	-1	-1	-1	134	
134	133	bee90ea1393e5689	4			yes					-1	-1	-1	-1	
135	128	ee5898cf0f6dc69b	5			yes					-1	-1	-1	-1	136	
136	135	354c98705bf1d25c	4			yes					-1	-1	-1	-1	
137	128	1d7fd352e5d65ff8	5			yes					-1	-1	-1	-1	-1	
138	127	4610313e78d43339	5			yes					139	140	-1	-1	141	
139	138	2f293207b754e955	4			yes					-1	-1	-1	-1	
140	138	f245c216cb4506c4	4			yes					-1	-1	-1	-1	
141	138	b1e0a306c70b105b	4			yes					-1	-1	-1	-1	
142	127	9a7983c7c66e29ec	3			yes					-1	-1	143	
143	142	39bae2880d24ea9b	5			yes					-1	-1	-1	-1	-1	
144	119	0a69329d39f51de2	4			yes					-1	-1	145	155	
145	144	9f83e36584ab38b0	6			yes					146	148	150	-1	152	154	
146	145	f6bae05c4b2be2dc	5			yes					-1	-1	-1	-1	147	
147	146	2daee0e31fb7f61b	4			yes					-1	-1	-1	-1	
148	145	2bd6104d373a0d4d	5			yes					-1	-1	-1	-1	149	
149	148	f0c210f263a6198a	4			yes					-1	-1	-1	-1	
150	145	6ab3464fbf3cf1a2	5			yes					-1	-1	-1	-1	151	
151	150	b1a746f0eba0e565	4			yes					-1	-1	-1	-1	
152	145	9d8cc873223f4ba4	5			yes					-1	-1	-1	-1	153	
153	152	4698c8cc76a35f63	4			yes					-1	-1	-1	-1	
154	145	4497e3dad0372c77	5			yes					-1	-1	-1	-1	-1	
155	144	a1c9ad3f887c25e8	3			yes					-1	-1	-1	
156	119	d7a109e97cdf524a	4			yes					-1	-1	-1	-1	
157	119	f7063b939a52fc0e	4			yes					-1	-1	-1	-1	
158	0	cfb459f82fa89654	5			yes					-1	159	207	224	238	
159	158	a82726fcbaf3aba2	5			yes					160	178	185	195	206	
160	159	ade7a35d1701aa34	4			yes					161	162	168	173	
161	160	74ebac095cf88787	4			yes					-1	-1	-1	-1	
162	160	b788337a3a24e9a6	5			yes					163	164	165	166	167	
163	162	a687e8e311b79bbe	4			yes					-1	-1	-1	-1	
164	162	eecc98a7a602487e	4			yes					-1	-1	-1	-1	
165	162	053b831c8a475adf	4			yes					-1	-1	-1	-1	
166	162	da98714b420dc640	4			yes					-1	-1	-1	-1	
167	162	97e882137fff4f5f	4			yes					-1	-1	-1	-1	
168	160	82e2de31d17485d5	5			yes					169	170	171	-1	172	
169	168	93ed05a8fae7f7cd	4			yes					-1	-1	-1	-1	
170	168	dba675ec4d52240d	4			yes					-1	-1	-1	-1	
171	168	8fd864d29dc142a1	4			yes					-1	-1	-1	-1	
172	168	5cf23c33450d7ce7	4			yes					-1	-1	-1	-1	
173	160	bde5fbd4ebd06b2a	5			yes					174	175	176	177	-1	
174	173	acea204dc0431932	4			yes					-1	-1	-1	-1	
175	173	e4a1500977f6caf2	4			yes					-1	-1	-1	-1	
176	173	b0df4137a765ac5e	4			yes					-1	-1	-1	-1	
177	173	ff0748a8a90b7883	4			yes					-1	-1	-1	-1	
178	159	426daca517ba4670	4			yes					-1	179	181	182	
179	178	beb7ac7e242ca585	4			yes					180	-1	-1	-1	
180	179	54bf980ce3ea15be	3			yes					-1	-1	-1	
181	178	422460791a0c32a9	5			yes					-1	-1	-1	-1	-1	
182	178	d808bed5e8d84e3e	3			yes					183	184	-1	
183	182	fa5df0917edf22e6	4			yes					-1	-1	-1	-1	
184	182	c5f458b70e240915	4			yes					-1	-1	-1	-1	
185	159	fee8b050a8dd7244	4			yes					-1	-1	186	191	
186	185	4caf13c8e1b7b9b1	5			yes					187	188	189	-1	190	
187	186	a6a727ba2671098a	4			yes					-1	-1	-1	-1	
188	186	ba578697d0b302c7	4			yes					-1	-1	-1	-1	
189	186	8909c5bb35c6c587	4			yes					-1	-1	-1	-1	
190	186	b792eaa913960e9b	4			yes					-1	-1	-1	-1	
191	185	967f58f2bd6abba9	5			yes					192	193	194	-1	-1	
192	191	7c776c807aac0b92	4			yes					-1	-1	-1	-1	
193	191	6087cdad8c6e00df	4			yes					-1	-1	-1	-1	
194	191	53d98e81691bc79f	4			yes					-1	-1	-1	-1	
195	159	23208b24edf73dec	4			yes					-1	-1	-1	196	
196	195	edabc0a8f92cd24e	6			yes					197	199	201	203	-1	205	
197	196	07a3f4da3eea6275	5			yes					-1	-1	-1	-1	198	
198	197	42ae09eb92e81322	4			yes					-1	-1	-1	-1	
199	196	1b5355f7c8286938	5			yes					-1	-1	-1	-1	200	
200	199	5e5ea8c6642a186f	4			yes					-1	-1	-1	-1	
201	196	280d16db2d5dae78	5			yes					-1	-1	-1	-1	202	
202	201	6d00ebea815fdf2f	4			yes					-1	-1	-1	-1	
203	196	61d6c9bc689a548c	5			yes					-1	-1	-1	-1	204	
204	203	24db348dc49825db	4			yes					-1	-1	-1	-1	
205	196	a8a63d99552ea319	5			yes					-1	-1	-1	-1	-1	
206	159	3242348c4591a3ec	4			yes					-1	-1	-1	-1	
207	158	0b1fd86a1f00a715	4			yes					208	217	221	223	
208	207	0edf5dcbb2f2a683	3			yes					209	211	212	
209	208	59fd8e868af4d72b	4			yes					-1	-1	-1	210	
210	209	799d3fefcf2f71d2	3			yes					-1	-1	-1	
211	208	2b635504a07d87ad	4			yes					-1	-1	-1	-1	
212	208	bc427888297d83fd	5			yes					213	214	215	216	-1	
213	212	ad4da31102eef1e5	4			yes					-1	-1	-1	-1	
214	212	f214e95c60f1aedd	4			yes					-1	-1	-1	-1	
215	212	0598f034b813ec05	4			yes					-1	-1	-1	-1	
216	212	8d95d43658508af0	4			yes					-1	-1	-1	-1	
217	207	a9b67cd154d67bd9	3			yes					-1	218	219	
218	217	df5801a37bf44506	4			yes					-1	-1	-1	-1	
219	217	de06f4af4d03f1de	4			yes					220	-1	-1	-1	
220	219	340ec0dd8ac541e5	3			yes					-1	-1	-1	
221	207	3d0c336a1946d514	3			yes					-1	-1	222	
222	221	940ebf6c189c1257	5			yes					-1	-1	-1	-1	-1	
223	207	917aca1ae062af5b	3			yes					-1	-1	-1	
224	158	7eadf37dd3966640	4			yes					225	233	235	237	
225	224	7b6d76dc7e6467d6	3			yes					226	227	232	
226	225	981c2fdb7d81cf60	4			yes					-1	-1	-1	-1	
227	225	68837a57d96da59a	5			yes					228	229	-1	230	231	
228	227	798ca1cef2fed782	4			yes					-1	-1	-1	-1	
229	227	26d5eb8390e188ba	4			yes					-1	-1	-1	-1	
230	227	1d2c09a6ce99681e	4			yes					-1	-1	-1	-1	
231	227	48e3cb3e9cb60363	4			yes					-1	-1	-1	-1	
232	225	3f60d6fb23a16d91	5			yes					-1	-1	-1	-1	-1	
233	224	dc0457c69840ba8c	3			yes					-1	234	-1	
234	233	8b024e65f88f26df	4			yes					-1	-1	-1	-1	
235	224	286265d1c1b8bfa6	3			yes					-1	-1	236	
236	235	ce5add2961c45405	5			yes					-1	-1	-1	-1	-1	
237	224	f1a6b7b6f40a04bc	3			yes					-1	-1	-1	
238	158	d10185cc1287aaf8	5			yes					239	252	256	268	269	
239	238	d4c1006dbf75ab6e	4			yes					240	242	247	249	
240	239	a7ac56fdf398b81d	5			yes					-1	-1	-1	-1	241	
241	240	7cb85642a704acda	4			yes					-1	-1	-1	-1	
242	239	807a499852b45827	5			yes					243	244	-1	245	246	
243	242	9175920179272a3f	4			yes					-1	-1	-1	-1	
244	242	ce2cd84c1b387507	4			yes					-1	-1	-1	-1	
245	242	f4798f9e961a9034	4			yes					-1	-1	-1	-1	
246	242	778adba0ed6b7b45	4			yes					-1	-1	-1	-1	
247	239	ee55e17ed9ed2af2	5			yes					-1	-1	-1	-1	248	
248	247	19a5734666320990	4			yes					-1	-1	-1	-1	
249	239	7f619fcf0efc9364	3			yes					-1	250	251	
250	249	ae761df834ff46af	5			yes					-1	-1	-1	-1	-1	
251	249	0f4791e96e7893cf	5			yes					-1	-1	-1	-1	-1	
252	238	73a8217759517634	4			yes					-1	253	255	-1	
253	252	7e91a66b9a249af0	5			yes					-1	-1	-1	-1	254	
254	253	a585a6d4ceb88e37	4			yes					-1	-1	-1	-1	
255	252	6c3929d34a695dfd	5			yes					-1	-1	-1	-1	-1	
256	238	87ce136000a9731e	4			yes					-1	-1	257	267	
257	256	5e1fb2590e78dc6c	6			yes					258	260	262	-1	264	266	
258	257	b417862bc9be6c57	5			yes					-1	-1	-1	-1	259	
259	258	6f0386949d227890	4			yes					-1	-1	-1	-1	
260	257	a8e727063f7c671a	5			yes					-1	-1	-1	-1	261	
261	260	73f327b96be073dd	4			yes					-1	-1	-1	-1	
262	257	ab2f177335ef157e	5			yes					-1	-1	-1	-1	263	
263	262	703b17cc617301b9	4			yes					-1	-1	-1	-1	
264	257	5c10994fa8ecaf78	5			yes					-1	-1	-1	-1	265	
265	264	870499f0fc70bbbf	4			yes					-1	-1	-1	-1	
266	257	850bb2e65ae4c8ab	5			yes					-1	-1	-1	-1	-1	
267	256	2c6e8cc2b1204b14	3			yes					-1	-1	-1	
268	238	5a06281445833cb6	4			yes					-1	-1	-1	-1	
269	238	7aa11a6ea30e92f2	4			yes					-1	-1	-1	-1	
270	0	ef39caaf1202c313	5			yes					-1	-1	271	318	332	
271	270	97f6cc5a84046277	5			yes					272	287	300	306	317	
272	271	923649fb29f663e1	4			yes					273	277	278	283	
273	272	23f367253904d0d2	4			yes					-1	274	275	276	
274	273	19ba2ef614f8104c	3			yes					-1	-1	-1	
275	273	1224cb9b4829d9df	3			yes					-1	-1	-1	
276	273	e436244023fef92a	3			yes					-1	-1	-1	
277	272	729e84fadf2423da	4			yes					-1	-1	-1	-1	
278	272	11310f9aee543f4e	5			yes					-1	279	280	281	282	
279	278	c96307b33d3be4e5	4			yes					-1	-1	-1	-1	
280	278	2b784649c3a8ffd0	4			yes					-1	-1	-1	-1	
281	278	aab9fe358a1a5b4a	4			yes					-1	-1	-1	-1	
282	278	c41a05be0d1971c2	4			yes					-1	-1	-1	-1	
283	272	25534e68b35ba6fb	5			yes					-1	284	285	286	-1	
284	283	fd01464160347d50	4			yes					-1	-1	-1	-1	
285	283	1f1a07bb9ea76665	4			yes					-1	-1	-1	-1	
286	283	1484e2d6c276aff6	4			yes					-1	-1	-1	-1	
287	271	161d99712c7da8cc	4			yes					-1	288	289	295	
288	287	4b60e11a3cbc8900	4			yes					-1	-1	-1	-1	
289	287	5200e76bdcef031d	5			yes					290	291	292	293	294	
290	289	b808d3191b29b326	4			yes					-1	-1	-1	-1	
291	289	bee2862a6d395a2d	4			yes					-1	-1	-1	-1	
292	289	6849aeb8f113c383	4			yes					-1	-1	-1	-1	
293	289	e98816c4b8a16719	4			yes					-1	-1	-1	-1	
294	289	872bed4f3fa24d91	4			yes					-1	-1	-1	-1	
295	287	6662a69981e09aa8	5			yes					296	297	298	299	-1	
296	295	8c6a92eb46262a93	4			yes					-1	-1	-1	-1	
297	295	8a80c7d83036c398	4			yes					-1	-1	-1	-1	
298	295	5c2bef4aac1c5a36	4			yes					-1	-1	-1	-1	
299	295	57b50a27f0cd93a5	4			yes					-1	-1	-1	-1	
300	271	95496f22aded552d	4			yes					-1	-1	301	303	
301	300	5d3049ba20149f35	5			yes					-1	-1	-1	-1	-1	
302	301	dfa15c78b4ad9466	4			no					-1	-2	-1	-1	
303	300	0f2c7d52528f5d63	3			yes					304	305	-1	
304	303	fc28d862fd0386bb	4			yes					-1	-1	-1	-1	
305	303	e1d962e87b10c28f	4			yes					-1	-1	-1	-1	
306	271	1cf16182d300f439	4			yes					-1	-1	-1	307	
307	306	5ec1af435fda7c5d	6			yes					308	310	312	314	-1	316	
308	307	b4c99b31981ccc66	5			yes					-1	-1	-1	-1	309	
309	308	f1c46600341ebd31	4			yes					-1	-1	-1	-1	
310	307	ea945c6bec4b49a0	5			yes					-1	-1	-1	-1	311	
311	310	af99a15a404938f7	4			yes					-1	-1	-1	-1	
312	307	9b6779308bab006b	5			yes					-1	-1	-1	-1	313	
313	312	de6a840127a9713c	4			yes					-1	-1	-1	-1	
314	307	237bafcbea0fda07	5			yes					-1	-1	-1	-1	315	
315	314	667652fa460dab50	4			yes					-1	-1	-1	-1	
316	307	1bcc5272f3d80d0a	5			yes					-1	-1	-1	-1	-1	
317	271	0d93de2a7b666a39	4			yes					-1	-1	-1	-1	
318	270	ac06d7cac249574d	4			yes					319	327	330	331	
319	318	a9c6526b6fbb56db	3			yes					320	325	326	
320	319	a045d604a640ce5d	5			yes					-1	321	322	323	324	
321	320	ad7f6ce7eaf50929	4			yes					-1	-1	-1	-1	
322	320	b75db95661b59cb0	4			yes					-1	-1	-1	-1	
323	320	d5eaa5f5b1b403d9	4			yes					-1	-1	-1	-1	
324	320	8025676de39b68a4	4			yes					-1	-1	-1	-1	
325	319	8762962eb6367095	4			yes					-1	-1	-1	-1	
326	319	247909708ddca9e0	5			yes					-1	-1	-1	-1	-1	
327	318	2ded82e16a309df6	3			yes					-1	328	329	
328	327	85f7270cebce5113	4			yes					-1	-1	-1	-1	
329	327	6748e181bf6795b3	5			yes					-1	-1	-1	-1	-1	
330	318	0b2094412217a9d1	3			yes					-1	-1	-1	
331	318	230d9301e5d535b1	3			yes					-1	-1	-1	
332	270	03aaa17b03589bf5	5			yes					333	345	353	355	356	
333	332	066a24daaeaa9a63	4			yes					334	338	340	343	
334	333	a163b461b74a1bb6	5			yes					-1	335	-1	-1	337	
335	334	ac590e82fbffdcc2	4			yes					-1	-1	-1	336	
336	335	774d0e3daf63c805	3			yes					-1	-1	-1	
337	334	7a77b4dee3d60f71	4			yes					-1	-1	-1	-1	
338	333	a1d97e0e70441c40	5			yes					-1	-1	-1	-1	339	
339	338	7acd7eb124d80887	4			yes					-1	-1	-1	-1	
340	333	869e107593e70230	5			yes					-1	341	-1	-1	342	
341	340	5ecc185c4088d99b	4			yes					-1	-1	-1	-1	
342	340	716e824d2c382152	4			yes					-1	-1	-1	-1	
343	333	adcabb781f23a269	3			yes					-1	-1	344	
344	343	ca32c3ac2b4bd5a0	5			yes					-1	-1	-1	-1	-1	
345	332	8241f450ab21514e	4			yes					-1	346	348	351	
346	345	8e93a25bcf4eaba9	5			yes					-1	-1	-1	-1	347	
347	346	5587a2e49bd2bf6e	4			yes					-1	-1	-1	-1	
348	345	c5aff884a15c3e63	5			yes					349	-1	-1	-1	350	
349	348	2fa7ccf6669a8e58	4			yes					-1	-1	-1	-1	
350	348	325f6abc1e831d01	4			yes					-1	-1	-1	-1	
351	345	29e16bf21aa86944	3			yes					-1	-1	352	
352	351	89032b5d19f0e9f3	5			yes					-1	-1	-1	-1	-1	
353	332	a48ce2f0e3066569	4			yes					-1	-1	354	-1	
354	353	eb2856f9999782cd	5			yes					-1	-1	-1	-1	-1	
355	332	88ad0ca3545c0dbb	4			yes					-1	-1	-1	-1	
356	332	a80a3ed9b2d1a3ff	4			yes					-1	-1	-1	-1	
357	0	dd5ffa53ff818370	5			yes					-1	-1	-1	358	399	
358	357	3f46fa33d856074f	5			yes					359	376	388	396	398	
359	358	3a867f9275a406d9	4			yes					360	367	371	374	
360	359	a32f26d77618a754	5			yes					-1	361	364	365	366	
361	360	b09a3969ef4a7bc3	4			yes					-1	362	363	-1	
362	361	cd2039e15a9fdd99	3			yes					-1	-1	-1	
363	361	8c9b42ec56091fe4	3			yes					-1	-1	-1	
364	360	de95265fc3cd010e	4			yes					-1	-1	-1	-1	
365	360	9f2e5d52cf5bc373	4			yes					-1	-1	-1	-1	
366	360	fae8c02719d8023e	4			yes					-1	-1	-1	-1	
367	359	89a77a8c59f30cf2	5			yes					-1	-1	368	369	370	
368	367	244d7fe921a9730e	4			yes					-1	-1	-1	-1	
369	367	fc08097d4e07c176	4			yes					-1	-1	-1	-1	
370	367	a9c7cbe51c28aa0b	4			yes					-1	-1	-1	-1	
371	359	8b894e3e4aa0033e	3			yes					372	373	-1	
372	371	60a072e2ac86b9d1	4			yes					-1	-1	-1	-1	
373	371	1fe5ff9685d2b14a	4			yes					-1	-1	-1	-1	
374	359	3fe47b065474720b	5			yes					-1	-1	-1	375	-1	
375	374	03e50083ed37162c	4			yes					-1	-1	-1	-1	
376	358	beadaf18702fcdf4	4			yes					-1	377	382	383	
377	376	7ce2892bbd7a5662	5			yes					378	-1	379	380	381	
378	377	96eabd597abce659	4			yes					-1	-1	-1	-1	
379	377	d1088c4ec520299e	4			yes					-1	-1	-1	-1	
380	377	094dfadaaa8e9be6	4			yes					-1	-1	-1	-1	
381	377	5c823842f8a1f09b	4			yes					-1	-1	-1	-1	
382	376	0fa29eb44f2bc813	3			yes					-1	-1	-1	
383	376	8909cc2584f81007	6			yes					384	-1	385	386	-1	387	
384	383	6301f857433ea03c	5			yes					-1	-1	-1	-1	-1	
385	383	138274660ac7bca8	5			yes					-1	-1	-1	-1	-1	
386	383	24e3c940fca26ffb	5			yes					-1	-1	-1	-1	-1	
387	383	57a9ebfcd327f184	5			yes					-1	-1	-1	-1	-1	
388	358	52394267846ad2ad	4			yes					-1	-1	389	391	
389	388	e33673cbbb6ed74a	3			yes					-1	390	-1	
390	389	206c2152896b43b4	4			yes					-1	-1	-1	-1	
391	388	5d15c59430134a7e	6			yes					392	393	-1	394	-1	395	
392	391	b71df1e6f7d5fa45	5			yes					-1	-1	-1	-1	-1	
393	391	e94036bc83827f83	5			yes					-1	-1	-1	-1	-1	
394	391	f0ffc0f148493582	5			yes					-1	-1	-1	-1	-1	
395	391	83b5e24d67ccabfd	5			yes					-1	-1	-1	-1	-1	
396	358	8e49cb9fe75202a8	4			yes					-1	-1	-1	397	
397	396	e95468de59b71ecf	3			yes					-1	-1	-1	
398	358	585b597266b31b28	4			yes					-1	-1	-1	-1	
399	357	74e71c7cee7854c4	5			yes					400	421	429	432	433	
400	399	712799dd438a5552	4			yes					401	413	417	419	
401	400	03a84e8d3d690880	6			yes					-1	402	406	408	410	412	
402	401	101d5133a43bd417	5			yes					-1	403	-1	404	405	
403	402	6da751bb11ee724d	4			yes					-1	-1	-1	-1	
404	402	382e1a111a1c59b3	4			yes					-1	-1	-1	-1	
405	402	cb09518cf0a7c0d0	4			yes					-1	-1	-1	-1	
406	401	7e124e0588bcaeda	5			yes					-1	-1	-1	-1	407	
407	406	a5064ebadc20ba1d	4			yes					-1	-1	-1	-1	
408	401	35cef03f4a20ff7a	5			yes					-1	-1	-1	-1	409	
409	408	eedaf0801ebcebbd	4			yes					-1	-1	-1	-1	
410	401	2b9b05af834e8524	5			yes					-1	-1	-1	-1	411	
411	410	f08f0510d7d291e3	4			yes					-1	-1	-1	-1	
412	401	d8bc4e3269f51c47	5			yes					-1	-1	-1	-1	-1	
413	400	df52a4fe667d9e98	5			yes					-1	-1	-1	415	416	
414	413	ee85084017509795	4			no					-1	-1	-1	-2	
415	413	b7a583f7bd74321c	4			yes					-1	-1	-1	-1	
416	413	28a236c6d9a2bdfa	4			yes					-1	-1	-1	-1	
417	400	f1578232feec362a	5			yes					-1	-1	-1	-1	418	
418	417	2a43828daa7022ed	4			yes					-1	-1	-1	-1	
419	400	da87067ff2036d58	3			yes					-1	420	-1	
420	419	2b430708a98aab4e	4			yes					-1	-1	-1	-1	
421	399	f50c495746019e7f	4			yes					-1	422	427	428	
422	421	2a17575982f4c408	5			yes					423	-1	-1	425	426	
423	422	c01f632b45327433	4			yes					-1	-1	-1	424	
424	423	37eff113faed5751	3			yes					-1	-1	-1	
425	422	42e0705059fd688c	4			yes					-1	-1	-1	-1	
426	422	dde7c5613d2be76a	4			yes					-1	-1	-1	-1	
427	421	853797a45a23df12	5			yes					-1	-1	-1	-1	-1	
428	421	5eacd6f5f788a675	3			yes					-1	-1	-1	
429	399	1998a428b2448126	4			yes					-1	-1	430	431	
430	429	09f8cf128ad2449e	5			yes					-1	-1	-1	-1	-1	
431	429	b2383b8a03cdb92c	3			yes					-1	-1	-1	
432	399	42f4f77ce83e26c5	4			yes					-1	-1	-1	-1	
433	399	df4783de5ff16cce	4			yes					-1	-1	-1	-1	
434	0	8ecf520397ddedb3	5			yes					-1	-1	-1	-1	435	
435	434	efc85840d0ee41ec	6			yes					436	454	464	470	473	475	
436	435	ea08dde17d1c407a	5			yes					437	445	449	451	453	
437	436	6be388cad5658ac1	4			yes					438	440	-1	443	
438	437	46e1fee7b246af8d	5			yes					-1	-1	-1	-1	439	
439	438	b1116cdf0d998cef	4			yes					-1	-1	-1	-1	
440	437	04ed2b8433194a45	6			yes					-1	441	-1	-1	-1	442	
441	440	1758343aaa4b96d2	5			yes					-1	-1	-1	-1	-1	
442	440	dff92b3b67855e82	5			yes					-1	-1	-1	-1	-1	
443	437	b23a988400fbf066	6			yes					-1	444	-1	-1	-1	-1	
444	443	a18f873a99a92cf1	5			yes					-1	-1	-1	-1	-1	
445	436	877765b521209598	4			yes					-1	446	-1	448	
446	445	801fbe4262a4e745	5			yes					-1	-1	-1	-1	447	
447	446	77ef2c7add7bc427	4			yes					-1	-1	-1	-1	
448	445	a6e44d8452ecaa94	5			yes					-1	-1	-1	-1	-1	
449	436	bcc74b4d6f32999c	4			yes					-1	-1	-1	450	
450	449	2ce3c84ad445ee70	5			yes					-1	-1	-1	-1	-1	
451	436	861b0191000fd1ec	4			yes					-1	-1	-1	452	
452	451	ba5b7bd3e66bc6bf	3			yes					-1	-1	-1	
453	436	d648a7a39b785729	4			yes					-1	-1	-1	-1	
454	435	6e230d6b78978b57	5			yes					-1	455	459	461	463	
455	454	035cb53f24ab5eb5	4			yes					-1	456	-1	458	
456	455	bf9660866e1d15bb	5			yes					-1	-1	-1	-1	457	
457	456	4866f2bed1c236d9	4			yes					-1	-1	-1	-1	
458	455	421e4af2d36cce9f	6			yes					-1	-1	-1	-1	-1	-1	
459	454	38ec9bc76ab952b1	4			yes					-1	-1	-1	460	
460	459	06463ba0f36da0cf	5			yes					-1	-1	-1	-1	-1	
461	454	0230d11b05841ac1	4			yes					-1	-1	-1	462	
462	461	3e70ab59e3e00d92	3			yes					-1	-1	-1	
463	454	526377299ef39c04	4			yes					-1	-1	-1	-1	
464	435	82b7e0148cd2940e	5			yes					-1	-1	465	467	469	
465	464	d47876b89efc4de8	4			yes					-1	-1	-1	466	
466	465	26d20a0c1943ae1d	5			yes					-1	-1	-1	-1	-1	
467	464	eea43c64f1c10598	4			yes					-1	-1	-1	468	
468	467	d2e4462617a512cb	3			yes					-1	-1	-1	
469	464	bef79a566ab6835d	4			yes					-1	-1	-1	-1	
470	435	b907ceecc2c0980a	5			yes					-1	-1	-1	471	472	
471	470	d514129cbfd3099c	4			yes					-1	-1	-1	-1	
472	470	8547b4ae24a48f59	4			yes					-1	-1	-1	-1	
473	435	83db8430adfdd07a	5			yes					-1	-1	-1	-1	474	
474	473	bf9bfe724b99c729	4			yes					-1	-1	-1	-1	
475	435	d3882202368a56bf	5			yes					-1	-1	-1	-1	-1	
476	0	32246d2e45d4ea1c	5			yes					-1	-1	-1	-1	-1	
