Number of nodes
297
ID	PID	Hash_Value			File_Number	Fully_Enumerated	Children
0	-1	055804c2ed713e4b	6			yes					1	99	169	223	261	296	
1	0	2f65d8226f2f5965	5			yes					2	36	54	68	76	
2	1	c726a0e6cadb17f1	5			yes					3	11	22	30	35	
3	2	31b95996f727a04b	4			yes					4	5	6	7	
4	3	d193cffa29772f04	4			yes					-1	-1	-1	-1	
5	3	283d1ad61bace041	4			yes					-1	-1	-1	-1	
6	3	f47ad67e9ba01159	4			yes					-1	-1	-1	-1	
7	3	83afc7e6b82c208d	3			yes					8	9	10	
8	7	98c7d53584e3a569	4			yes					-1	-1	-1	-1	
9	7	db6bb0ea8cfb4e80	4			yes					-1	-1	-1	-1	
10	7	fc62a9900e71711b	5			yes					-1	-1	-1	-1	-1	
11	2	b7c1a3fda0f1b932	4			yes					-1	12	16	19	
12	11	bd2a39341b71006b	5			yes					13	14	-1	-1	15	
13	12	16b18da6a8a0c28c	4			yes					-1	-1	-1	-1	
14	12	b346d6f1b0614580	4			yes					-1	-1	-1	-1	
15	12	d4489be4622e26d7	4			yes					-1	-1	-1	-1	
16	11	9339f388964e0095	5			yes					-1	17	-1	-1	18	
17	16	9d551c4d3d5e457e	4			yes					-1	-1	-1	-1	
18	16	fa5b5158ef112629	4			yes					-1	-1	-1	-1	
19	11	d898a7363800643e	5			yes					20	21	-1	-1	-1	
20	19	730313a48bd1a6d9	4			yes					-1	-1	-1	-1	
21	19	d6f448f3931021d5	4			yes					-1	-1	-1	-1	
22	2	0f50972deccae554	4			yes					-1	-1	23	26	
23	22	134c38a2f6b1f2f0	5			yes					24	25	-1	-1	-1	
24	23	b8d78c3045603017	4			yes					-1	-1	-1	-1	
25	23	1d20d7675da1b71b	4			yes					-1	-1	-1	-1	
26	22	fd0e2d7bd4e90954	5			yes					27	28	29	-1	-1	
27	26	569599e96738cbb3	4			yes					-1	-1	-1	-1	
28	26	f362c2be7ff94cbf	4			yes					-1	-1	-1	-1	
29	26	3393b4444cb59779	4			yes					-1	-1	-1	-1	
30	2	fc1853d03ecc6b1a	4			yes					-1	-1	-1	31	
31	30	da073401566336cf	6			yes					-1	-1	-1	-1	-1	34	
32	31	719c8093e5b2f428	5			no					-1	-2	-2	-1	-2	
33	31	d46bdbc4fd737324	5			no					-1	-2	-2	-1	-2	
34	31	ebccef3c2334183a	5			yes					-1	-1	-1	-1	-1	
35	2	75303e9685d09737	4			yes					-1	-1	-1	-1	
36	1	8ec9f3dd048669bb	4			yes					37	41	45	51	
37	36	17a799cb5fb8bb27	5			yes					-1	38	39	-1	40	
38	37	c73dbde14c901712	4			yes					-1	-1	-1	-1	
39	37	0cdb44cbf322f76d	4			yes					-1	-1	-1	-1	
40	37	7ec53b1b26e79d9b	4			yes					-1	-1	-1	-1	
41	36	49d50e06e53dd2b5	5			yes					42	43	-1	-1	44	
42	41	e24eba9456ec1052	4			yes					-1	-1	-1	-1	
43	41	a76b2606c1b2b373	4			yes					-1	-1	-1	-1	
44	41	20b7acd69c62f409	4			yes					-1	-1	-1	-1	
45	36	b5f700ebf0911550	3			yes					46	47	48	
46	45	1fc544e479dadd53	4			yes					-1	-1	-1	-1	
47	45	dd98ddb3bbdba098	4			yes					-1	-1	-1	-1	
48	45	2fca50d7c15dde87	6			yes					-1	-1	-1	-1	-1	50	
49	48	8451e445728c1c60	5			no					-1	-1	-1	-1	-2	
50	48	1e018beab40af072	5			yes					-1	-1	-1	-1	-1	
51	36	3cdf6dad4b8de97d	3			yes					52	53	-1	
52	51	3f80389a4ff5fcdb	5			yes					-1	-1	-1	-1	-1	
53	51	61f2af57f5709549	5			yes					-1	-1	-1	-1	-1	
54	1	a533fa65a41ef2b4	4			yes					55	58	64	66	
55	54	74c31aa5e767954e	5			yes					-1	-1	56	-1	57	
56	55	e764d65111583b67	4			yes					-1	-1	-1	-1	
57	55	1da1b8759e38b3f2	4			yes					-1	-1	-1	-1	
58	54	d5d4f97ece345c77	3			yes					59	60	61	
59	58	61390ff83059a1b1	4			yes					-1	-1	-1	-1	
60	58	a9fae8de8a196f61	4			yes					-1	-1	-1	-1	
61	58	55952e83db9ae45a	5			yes					62	63	-1	-1	-1	
62	61	fe0e9a11684b26bd	4			yes					-1	-1	-1	-1	
63	61	bb2b0683ff15859c	4			yes					-1	-1	-1	-1	
64	54	0d24f76f7f50a35f	3			yes					-1	-1	65	
65	64	ddcadef5d0e012c4	5			yes					-1	-1	-1	-1	-1	
66	54	17256415eb157272	3			yes					67	-1	-1	
67	66	5ce4bbf4f72ad2b2	5			yes					-1	-1	-1	-1	-1	
68	1	e71714387ca738eb	4			yes					69	72	74	75	
69	68	28c27e3c26d6b5b1	3			yes					70	71	-1	
70	69	2a84b9306849350d	5			yes					-1	-1	-1	-1	-1	
71	69	6ac313fec8952d08	5			yes					-1	-1	-1	-1	-1	
72	68	97f01723168d9628	3			yes					-1	73	-1	
73	72	a0b5fc5984d1b7ed	5			yes					-1	-1	-1	-1	-1	
74	68	2f6123f35ab6ca4e	3			yes					-1	-1	-1	
75	68	77445ed4164ad13c	3			yes					-1	-1	-1	
76	1	96c6cdacef485806	5			yes					77	82	92	97	98	
77	76	5913a7a8b539d55c	4			yes					78	80	-1	-1	
78	77	ea8b90da44d7727d	5			yes					-1	-1	-1	-1	79	
79	78	91776322620549d0	4			yes					-1	-1	-1	-1	
80	77	f6be4091632288df	5			yes					-1	-1	-1	-1	81	
81	80	8d42b36945f0b372	4			yes					-1	-1	-1	-1	
82	76	e621ceb78562f6c5	4			yes					-1	83	87	89	
83	82	349fb6b646788e5e	5			yes					84	85	-1	-1	86	
84	83	9f040224f5a94cb9	4			yes					-1	-1	-1	-1	
85	83	da219eb662f7ef98	4			yes					-1	-1	-1	-1	
86	83	349a5c21edb102fa	4			yes					-1	-1	-1	-1	
87	82	1a8c7c0acb478ea0	5			yes					-1	-1	-1	-1	88	
88	87	1a89969d608e0204	4			yes					-1	-1	-1	-1	
89	82	3c9daef988770314	3			yes					-1	90	91	
90	89	75df5fa084a363ba	5			yes					-1	-1	-1	-1	-1	
91	89	5bcc951c099c6344	5			yes					-1	-1	-1	-1	-1	
92	76	5eb0fa67c959aaa3	4			yes					-1	-1	93	95	
93	92	3f617a1cacbc4f12	6			yes					-1	-1	-1	-1	-1	94	
94	93	449d89e48a6e74bf	5			yes					-1	-1	-1	-1	-1	
95	92	840c9a29c44c5f72	3			yes					-1	-1	96	
96	95	020bdc5d4d3396f3	5			yes					-1	-1	-1	-1	-1	
97	76	adf83e9a1b5f24ed	4			yes					-1	-1	-1	-1	
98	76	4c7aade2e25dadd7	4			yes					-1	-1	-1	-1	
99	0	c295c067789f92e4	5			yes					-1	100	126	138	148	
100	99	7adf8764c2d3f1aa	5			yes					101	112	115	121	125	
101	100	f3a8187340732bee	4			yes					102	103	107	109	
102	101	1a25c5b85c8fed07	4			yes					-1	-1	-1	-1	
103	101	98e0a2412685dfd8	5			yes					-1	104	105	-1	106	
104	103	5c49ae6d15687495	4			yes					-1	-1	-1	-1	
105	103	04513c215655e2c4	4			yes					-1	-1	-1	-1	
106	103	f18200915fdaf964	4			yes					-1	-1	-1	-1	
107	101	cc273bc9cae5011d	4			yes					-1	-1	-1	-1	
108	107	088e37e5f908aa50	3			no					-1	-2	-1	
109	101	34128eba9dc6992a	5			yes					-1	110	111	-1	-1	
110	109	f0bb8296ae2b3267	4			yes					-1	-1	-1	-1	
111	109	a66cebcf55141e93	4			yes					-1	-1	-1	-1	
112	100	c829c59a1fadd4cc	4			yes					-1	113	-1	114	
113	112	438f605248d824f1	4			yes					-1	-1	-1	-1	
114	112	7a3f5bea50a6540a	3			yes					-1	-1	-1	
115	100	b2a9b0afe4c2030f	4			yes					-1	-1	116	117	
116	115	a1c551f43b1bd5dc	5			yes					-1	-1	-1	-1	-1	
117	115	4f87442d19432e78	5			yes					118	119	120	-1	-1	
118	117	438a3afa7f9907d6	4			yes					-1	-1	-1	-1	
119	117	41ebabe8b2536b93	4			yes					-1	-1	-1	-1	
120	117	94057e0199be7c30	4			yes					-1	-1	-1	-1	
121	100	41e1745236c48d41	4			yes					-1	-1	-1	122	
122	121	688e5d579bc911e3	6			yes					-1	-1	-1	123	-1	124	
123	122	73f2805737535da9	5			yes					-1	-1	-1	-1	-1	
124	122	5945866aee9e3f16	5			yes					-1	-1	-1	-1	-1	
125	100	c8c919148dd8716c	4			yes					-1	-1	-1	-1	
126	99	aad8380ed77a0d3f	4			yes					127	133	135	137	
127	126	23afa71955dad77b	3			yes					128	129	130	
128	127	25ca90f52a5c142f	4			yes					-1	-1	-1	-1	
129	127	3499ba62ca7a7202	4			yes					-1	-1	-1	-1	
130	127	138fdc58415e5ebe	5			yes					-1	131	-1	-1	132	
131	130	43aa15c1f842c632	4			yes					-1	-1	-1	-1	
132	130	52cadfd9284c3ffe	4			yes					-1	-1	-1	-1	
133	126	93760c6d16e50b69	3			yes					-1	-1	134	
134	133	63cc2d8d248a0dcd	5			yes					-1	-1	-1	-1	-1	
135	126	02cf35040c345cd4	3			yes					-1	-1	136	
136	135	9a8ed3758a74dda0	5			yes					-1	-1	-1	-1	-1	
137	126	18cea67e98718df9	3			yes					-1	-1	-1	
138	99	e8fcd6530fc3c760	4			yes					139	144	146	147	
139	138	618b49448d631d24	3			yes					140	141	-1	
140	139	bcb91325246edb66	5			yes					-1	-1	-1	-1	-1	
141	139	7869b2f7fb7726d2	5			yes					-1	-1	-1	142	143	
142	141	17c120cb2c986b31	4			yes					-1	-1	-1	-1	
143	141	110b10278228006e	4			yes					-1	-1	-1	-1	
144	138	d152e230ce5cc136	3			yes					-1	145	-1	
145	144	035513ac6f2be365	5			yes					-1	-1	-1	-1	-1	
146	138	208ae19829d235c5	3			yes					-1	-1	-1	
147	138	78af9cbf652e2eb7	3			yes					-1	-1	-1	
148	99	992d0fc79c2ca78d	5			yes					149	159	162	167	168	
149	148	105a90d01e8c7dc9	4			yes					150	151	153	155	
150	149	78e9db9fa4df7d50	4			yes					-1	-1	-1	-1	
151	149	6001cbd564000392	5			yes					-1	-1	-1	-1	152	
152	151	1bfd382d42d2383f	4			yes					-1	-1	-1	-1	
153	149	b12891fa1dbc7567	5			yes					-1	-1	-1	-1	154	
154	153	cad462023b6e4eca	4			yes					-1	-1	-1	-1	
155	149	cae6f09e13998818	3			yes					-1	156	158	
156	155	c89c2cb142d9ded3	5			yes					-1	-1	-1	-1	157	
157	156	f957f78c378ef026	4			yes					-1	-1	-1	-1	
158	155	ecaa86aee1dc4545	5			yes					-1	-1	-1	-1	-1	
159	148	a0833ba45db3a1db	4			yes					-1	160	-1	-1	
160	159	7370c0d4a6a23a0b	5			yes					-1	-1	-1	-1	161	
161	160	088c332c807001a6	4			yes					-1	-1	-1	-1	
162	148	515b380cba3d5528	4			yes					-1	-1	163	165	
163	162	7825779cf6288076	6			yes					-1	-1	-1	-1	-1	164	
164	163	03d98464d0fabbdb	5			yes					-1	-1	-1	-1	-1	
165	162	8be75842b728a0f9	3			yes					-1	-1	166	
166	165	454fd1dd17a75997	5			yes					-1	-1	-1	-1	-1	
167	148	a213fcf1683bdb66	4			yes					-1	-1	-1	-1	
168	148	43916f899139525c	4			yes					-1	-1	-1	-1	
169	0	546174094e1e4902	5			yes					-1	-1	170	194	200	
170	169	193b132848cfaab2	5			yes					171	181	187	189	193	
171	170	904c8c3fca6f70f6	4			yes					172	176	177	178	
172	171	8650880cbc40227e	5			yes					-1	173	174	-1	175	
173	172	64944db930b02144	4			yes					-1	-1	-1	-1	
174	172	15f744f84a7f8c57	4			yes					-1	-1	-1	-1	
175	172	ef322adcc51f04c2	4			yes					-1	-1	-1	-1	
176	171	6667b0befc4b8d9e	4			yes					-1	-1	-1	-1	
177	171	dc7bd3c02f09a60b	5			yes					-1	-1	-1	-1	-1	
178	171	ccb365e90e0f82f3	5			yes					-1	179	180	-1	-1	
179	178	88ee16455ff61a0f	4			yes					-1	-1	-1	-1	
180	178	04faee4c9b5ee503	4			yes					-1	-1	-1	-1	
181	170	77ca66ffc3270fda	4			yes					-1	182	183	184	
182	181	bd656c9dc2b765db	4			yes					-1	-1	-1	-1	
183	181	e356304dc5bde1b2	5			yes					-1	-1	-1	-1	-1	
184	181	f39e8664e4bbc54a	5			yes					185	-1	186	-1	-1	
185	184	ff93f8b38261ece4	4			yes					-1	-1	-1	-1	
186	184	3bd70dc171eaa2ba	4			yes					-1	-1	-1	-1	
187	170	6eae8786b2548301	4			yes					-1	-1	-1	188	
188	187	dcb819f6fd5f03c7	3			yes					-1	-1	-1	
189	170	2205e01ebcd8d659	4			yes					-1	-1	-1	190	
190	189	00878b664ef3d7ad	6			yes					-1	-1	-1	-1	-1	192	
191	190	0c8af5b12829fe03	5			no					-1	-1	-1	-1	-2	
192	190	314c505b3ba4f958	5			yes					-1	-1	-1	-1	-1	
193	170	ab2d8d5807c42a74	4			yes					-1	-1	-1	-1	
194	169	bfe154b3864e8e37	4			yes					195	197	198	199	
195	194	3696cba404ee5473	3			yes					196	-1	-1	
196	195	dbd36b550de43efa	5			yes					-1	-1	-1	-1	-1	
197	194	d11021640da62b5f	3			yes					-1	-1	-1	
198	194	77d5a02c63a596fb	3			yes					-1	-1	-1	
199	194	2fb21e5feca367e0	3			yes					-1	-1	-1	
200	169	ce308d2715a1eeda	5			yes					201	213	220	221	222	
201	200	474712309701349e	4			yes					202	206	208	210	
202	201	67ecd1bf34736a05	5			yes					-1	203	204	-1	205	
203	202	8528140ab883693f	4			yes					-1	-1	-1	-1	
204	202	7c900cbf98e9264f	4			yes					-1	-1	-1	-1	
205	202	67e93b289fbae6a1	4			yes					-1	-1	-1	-1	
206	201	bc60414c6b0a0d72	5			yes					-1	-1	-1	-1	207	
207	206	c79cb2b44dd836df	4			yes					-1	-1	-1	-1	
208	201	f0101d25c4047541	5			yes					-1	-1	-1	-1	209	
209	208	8beceedde2d64eec	4			yes					-1	-1	-1	-1	
210	201	9dfb727e9a14c14f	3			yes					211	-1	212	
211	210	26ac38a9f6a887e1	5			yes					-1	-1	-1	-1	-1	
212	210	accd1a3a73e6cf2c	5			yes					-1	-1	-1	-1	-1	
213	200	a0c1f8f09e494bb2	4			yes					-1	214	216	218	
214	213	99cdffaf8cb4da06	5			yes					-1	-1	-1	-1	215	
215	214	e2310c57aa66e1ab	4			yes					-1	-1	-1	-1	
216	213	cf3dfea82eb032f8	5			yes					-1	-1	-1	-1	217	
217	216	b4c10d5008620955	4			yes					-1	-1	-1	-1	
218	213	7a7d98be935cbe63	3			yes					-1	-1	219	
219	218	93e0f9b799528895	5			yes					-1	-1	-1	-1	-1	
220	200	060479b8f04af616	4			yes					-1	-1	-1	-1	
221	200	f50e7e11e1b69231	4			yes					-1	-1	-1	-1	
222	200	148ced6918b41b0b	4			yes					-1	-1	-1	-1	
223	0	dec6fd8510a738bb	5			yes					-1	-1	-1	224	239	
224	223	98ade7aad7481ee0	5			yes					225	230	233	236	237	
225	224	11da78bd55e8c4a4	4			yes					226	227	-1	229	
226	225	28a1935ee0f8daf5	5			yes					-1	-1	-1	-1	-1	
227	225	1faf7ab07f69b054	5			yes					-1	-1	-1	-1	228	
228	227	76cdd860063696e8	4			yes					-1	-1	-1	-1	
229	225	23cec93266bb548e	5			yes					-1	-1	-1	-1	-1	
230	224	f65c927d5ca0bb88	4			yes					-1	231	-1	232	
231	230	5eb0c62551e0ce3a	5			yes					-1	-1	-1	-1	-1	
232	230	90f24277718d1505	6			yes					-1	-1	-1	-1	-1	-1	
233	224	e84ae4b1bd62b023	4			yes					-1	-1	-1	234	
234	233	8242821ecb836bc4	6			yes					-1	-1	-1	-1	-1	-1	
235	234	f4799faa138af1bc	5			no					-1	-2	-1	-1	-1	
236	224	2ac19451792d0946	4			yes					-1	-1	-1	-1	
237	224	250d9a20cd07c649	4			yes					-1	-1	-1	238	
238	237	9761e9db6362d1ef	3			yes					-1	-1	-1	
239	223	e5ca849fb53975d5	5			yes					240	250	257	259	260	
240	239	6cbd1b883799af91	4			yes					241	245	-1	247	
241	240	949e29b4d96f8e0a	5			yes					-1	242	243	-1	244	
242	241	0df305fee2268b5c	4			yes					-1	-1	-1	-1	
243	241	0739e5402f502023	4			yes					-1	-1	-1	-1	
244	241	949bc32372a602ae	4			yes					-1	-1	-1	-1	
245	240	3d8d17ae8ae48462	5			yes					-1	-1	-1	-1	246	
246	245	4671e456ac36bfcf	4			yes					-1	-1	-1	-1	
247	240	b6017bc63a8c5a40	3			yes					248	249	-1	
248	247	d5dec0a21bb463ee	5			yes					-1	-1	-1	-1	-1	
249	247	b7b485a5146973d2	4			yes					-1	-1	-1	-1	
250	239	8b3bf1483ed1d0bd	4			yes					-1	251	-1	255	
251	250	e28f7ccf68779ac5	5			yes					252	-1	253	-1	254	
252	251	ee8202180eadb36b	4			yes					-1	-1	-1	-1	
253	251	e74a29dd0337b11c	4			yes					-1	-1	-1	-1	
254	251	e28a9658c3be1661	4			yes					-1	-1	-1	-1	
255	250	5187910633c4256c	3			yes					-1	256	-1	
256	255	a3cf95d9aaac7721	5			yes					-1	-1	-1	-1	-1	
257	239	952d8784df13db16	4			yes					-1	-1	-1	258	
258	257	4f91e7cad2062ec7	3			yes					-1	-1	-1	
259	239	4ddd89956e77243e	4			yes					-1	-1	-1	-1	
260	239	3f76e4d1b82c8004	4			yes					-1	-1	-1	-1	
261	0	c00a1747bbbacafd	5			yes					-1	-1	-1	-1	262	
262	261	efa861e87755ba8d	6			yes					263	274	283	290	293	295	
263	262	66dffefff5f560c9	5			yes					264	266	267	268	270	
264	263	7694ef02806592e1	6			yes					-1	-1	-1	-1	-1	265	
265	264	0d681cfaa6b7a94c	5			yes					-1	-1	-1	-1	-1	
266	263	a3cce91ce86d493c	5			yes					-1	-1	-1	-1	-1	
267	263	1308fb29732b7fb0	5			yes					-1	-1	-1	-1	-1	
268	263	c09a208580cf31a6	4			yes					-1	-1	-1	269	
269	268	d6604107c7d3f90e	3			yes					-1	-1	-1	
270	263	70259f7db2e9a861	4			yes					271	272	273	-1	
271	270	3bd35aeb7dcfe413	6			yes					-1	-1	-1	-1	-1	-1	
272	270	daaea99f1a754906	5			yes					-1	-1	-1	-1	-1	
273	270	6a6abbaa81337f8a	5			yes					-1	-1	-1	-1	-1	
274	262	8159143ffcbd1fe5	5			yes					-1	275	277	278	280	
275	274	d68f21c74d0319e1	6			yes					-1	-1	-1	-1	-1	276	
276	275	ad73d23f6bd1224c	5			yes					-1	-1	-1	-1	-1	
277	274	e23e090dadbf26e5	5			yes					-1	-1	-1	-1	-1	
278	274	271cca4589874e8a	4			yes					-1	-1	-1	279	
279	278	31e6abc7ce9b8622	3			yes					-1	-1	-1	
280	274	97a375bdbba1d74d	4			yes					-1	281	282	-1	
281	280	9bc8942eb0a96f13	6			yes					-1	-1	-1	-1	-1	-1	
282	280	9b5c498e5fa726df	5			yes					-1	-1	-1	-1	-1	
283	262	9f4f62f31d7f144e	5			yes					-1	-1	284	286	288	
284	283	d1cd5bb46be2f6d3	6			yes					-1	-1	-1	-1	-1	285	
285	284	aa31a84c4d30cd7e	5			yes					-1	-1	-1	-1	-1	
286	283	390abc8968454521	4			yes					-1	-1	-1	287	
287	286	2ff0dd0b2f598d89	3			yes					-1	-1	-1	
288	283	89b503715a63dce6	4			yes					-1	-1	289	-1	
289	288	9c8aee5d96488021	6			yes					-1	-1	-1	-1	-1	-1	
290	262	27de562351444828	5			yes					-1	-1	-1	291	292	
291	290	819b8859247e1947	4			yes					-1	-1	-1	-1	
292	290	312437a116588080	4			yes					-1	-1	-1	-1	
293	262	49edbf92026febe2	5			yes					-1	-1	-1	-1	294	
294	293	5f17de104573234a	4			yes					-1	-1	-1	-1	
295	262	f952006a30497225	5			yes					-1	-1	-1	-1	-1	
296	0	a205824c1fc24e8e	5			yes					-1	-1	-1	-1	-1	
