Number of nodes
942
ID	PID	Hash_Value			File_Number	Fully_Enumerated	Children
0	-1	5b1dd3d36f7df37b	6			yes					1	285	697	-1	-1	-1	
1	0	2f6ab27708c408f9	4			yes					2	69	128	-1	
2	1	5d11ad0668e70c11	5			yes					3	11	29	42	-1	
3	2	4ecefdbd563c9b52	4			yes					4	5	7	-1	
4	3	4d640acb12bdfdb7	4			yes					-1	-1	-1	-1	
5	3	d380082e4ec9f0e5	4			yes					-1	-1	-1	6	
6	5	909833d17a2f2aaf	3			yes					-1	-1	-1	
7	3	b27cce9fbe147d9f	5			yes					-1	-1	8	9	10	
8	7	2f8ecd528d83c80e	5			yes					-1	-1	-1	-1	-1	
9	7	971ff8aeee1b82a7	4			yes					-1	-1	-1	-1	
10	7	9fa52d2582cad301	4			yes					-1	-1	-1	-1	
11	2	d6f7a52aeec04eb1	4			yes					-1	12	16	-1	
12	11	8343e670bd57699c	5			yes					13	14	-1	-1	15	
13	12	ba6feb955cadb9d8	4			yes					-1	-1	-1	-1	
14	12	3b6678ca48f34dcf	4			yes					-1	-1	-1	-1	
15	12	2b10e1930d3c8861	4			yes					-1	-1	-1	-1	
16	11	47d80184c13d7105	6			yes					17	19	-1	22	24	25	
17	16	34eea709978f402e	5			yes					-1	-1	-1	-1	18	
18	17	428fa76467f541fe	4			yes					-1	-1	-1	-1	
19	16	55576c44c2b8b620	6			yes					-1	-1	20	-1	-1	21	
20	19	b1a420bdaed161ed	5			yes					-1	-1	-1	-1	-1	
21	19	23366c2932c2b7f0	5			yes					-1	-1	-1	-1	-1	
22	16	45e26de5b368bfc6	5			yes					-1	-1	-1	-1	23	
23	22	33836d884312be16	4			yes					-1	-1	-1	-1	
24	16	f60d324ddcb50bba	5			yes					-1	-1	-1	-1	-1	
25	16	6a01e23efde3df9b	5			yes					26	27	-1	28	-1	
26	25	b5531a52734adef8	5			yes					-1	-1	-1	-1	-1	
27	25	d4ead11f267d28f6	6			yes					-1	-1	-1	-1	-1	-1	
28	25	c45fd0be57ad2110	5			yes					-1	-1	-1	-1	-1	
29	2	4e71ee1eed2fa549	4			yes					-1	-1	30	-1	
30	29	56aa81fa3e5606fb	5			yes					31	33	36	-1	38	
31	30	a78e1a75f37bb7dc	5			yes					-1	-1	-1	-1	32	
32	31	d1ef1a180301b60c	4			yes					-1	-1	-1	-1	
33	30	03f4cc188549563e	6			yes					34	-1	-1	-1	-1	35	
34	33	7eb2c470712d3a82	5			yes					-1	-1	-1	-1	-1	
35	33	7595cc75753357ee	5			yes					-1	-1	-1	-1	-1	
36	30	170fdbec01b686bc	5			yes					-1	-1	-1	-1	37	
37	36	616edb81f1cc876c	4			yes					-1	-1	-1	-1	
38	30	7b7362400288a865	4			yes					39	40	41	-1	
39	38	2633a72e17be290a	5			yes					-1	-1	-1	-1	-1	
40	38	82497143618cc8e8	6			yes					-1	-1	-1	-1	-1	-1	
41	38	96b266b7e573186a	5			yes					-1	-1	-1	-1	-1	
42	2	e9fafade7b11bce3	6			yes					43	52	58	60	65	67	
43	42	d0d6f73b9aeb6ca7	5			yes					44	46	47	-1	49	
44	43	8af7591eb96792dc	5			yes					-1	-1	-1	-1	45	
45	44	fc965973491d930c	4			yes					-1	-1	-1	-1	
46	43	cf5c993089e68a77	5			yes					-1	-1	-1	-1	-1	
47	43	56283e24770900f5	4			yes					-1	-1	-1	48	
48	47	20493e4987730125	3			yes					-1	-1	-1	
49	43	fd0f1481a635c239	4			yes					50	-1	51	-1	
50	49	0b4ae4455da20c0a	5			yes					-1	-1	-1	-1	-1	
51	49	d795837f93cc9e23	4			yes					-1	-1	-1	-1	
52	42	51df64648eb598b0	5			yes					-1	53	54	-1	56	
53	52	ed8d24ebe5003453	5			yes					-1	-1	-1	-1	-1	
54	52	c94ad9faab8ca63d	5			yes					-1	-1	-1	-1	55	
55	54	bf2bd9975bf6a7ed	4			yes					-1	-1	-1	-1	
56	52	7c0687deb26b362e	4			yes					-1	-1	57	-1	
57	56	48f764a14f4938eb	5			yes					-1	-1	-1	-1	-1	
58	42	de464a81d0a20c1e	6			yes					-1	-1	-1	-1	-1	59	
59	58	a8274aec20d80dce	5			yes					-1	-1	-1	-1	-1	
60	42	d937b4a61200b458	5			yes					-1	-1	61	-1	62	
61	60	ac3a08fbdd9af233	5			yes					-1	-1	-1	-1	-1	
62	60	c68f50ceca88184a	5			yes					-1	-1	-1	-1	64	
63	62	bbc958a63eec74f6	4			no					-1	-1	-1	-2	
64	62	3153edf8de37874c	4			yes					-1	-1	-1	-1	
65	42	cc99ccef2b1e43db	5			yes					-1	-1	-1	-1	66	
66	65	e1402f5517c0ed45	4			yes					-1	-1	-1	-1	
67	42	c423196447cf127d	5			yes					-1	-1	68	-1	-1	
68	67	5ffbf7da346792c8	6			yes					-1	-1	-1	-1	-1	-1	
69	1	da1016d2f4037808	5			yes					70	91	103	113	124	
70	69	9f49cf1d9bac4cd1	4			yes					71	77	78	83	
71	70	16727f4f99f13754	5			yes					72	73	74	-1	76	
72	71	6de3d3ebe181fade	4			yes					-1	-1	-1	-1	
73	71	18f73259acee1ee8	4			yes					-1	-1	-1	-1	
74	71	2ec32b0fc7a2296d	4			yes					-1	-1	-1	-1	
75	74	20466619f2bd00d1	3			no					-1	-1	-2	
76	71	8aaeeaa12d5ef200	4			yes					-1	-1	-1	-1	
77	70	9a9ff094769c1448	4			yes					-1	-1	-1	-1	
78	70	757a9dc6392128d7	5			yes					-1	79	80	81	82	
79	78	cde0ef8612ac5365	4			yes					-1	-1	-1	-1	
80	78	4dcbc986677236ee	4			yes					-1	-1	-1	-1	
81	78	05ebac11a9e5d9fc	4			yes					-1	-1	-1	-1	
82	78	e1e33d3efd02c914	4			yes					-1	-1	-1	-1	
83	70	ec071b3b7f48c34f	5			yes					84	85	88	-1	90	
84	83	fd5e31d267509efb	4			yes					-1	-1	-1	-1	
85	83	549d697b54c5b8fd	4			yes					-1	86	-1	87	
86	85	6c2c3d3b0a96a6c4	3			yes					-1	-1	-1	
87	85	eee321fa78294b82	3			yes					-1	-1	-1	
88	83	d4b64f7b211bdd76	4			yes					-1	-1	-1	89	
89	88	6ec807fa0df72e09	3			yes					-1	-1	-1	
90	83	567953ba53a43030	4			yes					-1	-1	-1	-1	
91	69	241ef84cf083d619	4			yes					-1	92	94	97	
92	91	219b4ecf651df968	5			yes					93	-1	-1	-1	-1	
93	92	bd2c4a635e735b0d	4			yes					-1	-1	-1	-1	
94	91	505d8f19f32cd160	5			yes					-1	-1	95	-1	96	
95	94	68ecdb59ad7fcf59	4			yes					-1	-1	-1	-1	
96	94	c4c42fe1370f30a3	4			yes					-1	-1	-1	-1	
97	91	c92009e4b5453af8	5			yes					98	99	100	-1	102	
98	97	55970d488e2b989d	4			yes					-1	-1	-1	-1	
99	97	d973473e77b3472c	4			yes					-1	-1	-1	-1	
100	97	f1915da4eb1624c1	4			yes					-1	-1	-1	101	
101	100	4bef1525c7fad7be	3			yes					-1	-1	-1	
102	97	735e416599a9c987	4			yes					-1	-1	-1	-1	
103	69	89e8b32951ff9824	4			yes					-1	-1	104	105	
104	103	6839c697d3ffd3e0	4			yes					-1	-1	-1	-1	
105	103	b1b9838dcc69d3fd	5			yes					106	108	110	111	112	
106	105	2d0e8721f7077198	4			yes					-1	-1	-1	107	
107	106	8df88c94ef7e6f96	3			yes					-1	-1	-1	
108	105	fcca0db3963ec115	4			yes					-1	-1	-1	109	
109	108	5c3c06068e47df1b	3			yes					-1	-1	-1	
110	105	1531cdeedf298920	4			yes					-1	-1	-1	-1	
111	105	d5bacf446a00f45e	4			yes					-1	-1	-1	-1	
112	105	114f8838d410cdf3	4			yes					-1	-1	-1	-1	
113	69	b5e73dbd4000c5ee	6			yes					114	115	116	119	121	123	
114	113	295039117b6e678b	5			yes					-1	-1	-1	-1	-1	
115	113	f894b3831a57d706	5			yes					-1	-1	-1	-1	-1	
116	113	0d7d4ffd6b8dbe5c	5			yes					-1	-1	117	-1	118	
117	116	35cc1bbd35dea065	4			yes					-1	-1	-1	-1	
118	116	99e4ef05afae5f9f	4			yes					-1	-1	-1	-1	
119	113	8d5669fd1e53dbd7	5			yes					-1	-1	-1	-1	120	
120	119	19cfc905da703a14	4			yes					-1	-1	-1	-1	
121	113	c5760c6ad0c434c5	5			yes					-1	-1	-1	-1	-1	
122	121	7dec7e2afb494f77	4			no					-1	-1	-2	-2	
123	113	217e9d458423242d	5			yes					-1	-1	-1	-1	-1	
124	69	9aedd975d0a29816	4			yes					-1	-1	-1	125	
125	124	818896f09c5a3a23	6			yes					-1	-1	126	127	-1	-1	
126	125	3912e4b0b7d74191	5			yes					-1	-1	-1	-1	-1	
127	125	b939c2b0c209241a	5			yes					-1	-1	-1	-1	-1	
128	1	8cf62d8f7ed67856	6			yes					129	152	174	197	216	233	
129	128	41df3eda9948e751	5			yes					130	135	144	149	151	
130	129	508614338150bae5	4			yes					131	132	-1	133	
131	130	6c057ce7c997693b	4			yes					-1	-1	-1	-1	
132	130	a69da5d8ab60eebb	4			yes					-1	-1	-1	-1	
133	130	f1fae73dacf3e085	5			yes					-1	-1	-1	-1	134	
134	133	7ed9b3cf27c68179	4			yes					-1	-1	-1	-1	
135	129	2a709cb607106c27	4			yes					-1	136	138	139	
136	135	c1aca0c4ff5aa245	5			yes					137	-1	-1	-1	-1	
137	136	cf53ed60f351e13e	4			yes					-1	-1	-1	-1	
138	135	5368582cf559cc0f	4			yes					-1	-1	-1	-1	
139	135	44f7abf2ea4b08fe	3			yes					140	141	143	
140	139	cee1e6faebd837a0	4			yes					-1	-1	-1	-1	
141	139	5cdc5ef933c109e0	5			yes					142	-1	-1	-1	-1	
142	141	5223135d3fca4a9b	4			yes					-1	-1	-1	-1	
143	139	14e0a8dec8671a85	4			yes					-1	-1	-1	-1	
144	129	711270a2f059efea	4			yes					-1	-1	145	146	
145	144	2d53533a26a8a7ae	5			yes					-1	-1	-1	-1	-1	
146	144	1f9547e61d028b33	3			yes					147	-1	148	
147	146	88677352e8c4a35b	4			yes					-1	-1	-1	-1	
148	146	1898284a4245e0f3	5			yes					-1	-1	-1	-1	-1	
149	129	24bcf1b9020abaa0	4			yes					-1	-1	-1	150	
150	149	4a3bc6fdef51de79	3			yes					-1	-1	-1	
151	129	2f58099e74138388	4			yes					-1	-1	-1	-1	
152	128	b8abe8a99c4139c3	5			yes					153	162	166	171	173	
153	152	241cec05a72f9ba6	4			yes					154	156	157	158	
154	153	4bfdd33c5028a5f5	5			yes					-1	-1	-1	-1	155	
155	154	05fd25ba874c805d	4			yes					-1	-1	-1	-1	
156	153	5b417148a25d067a	4			yes					-1	-1	-1	-1	
157	153	5767eb524ce82934	4			yes					-1	-1	-1	-1	
158	153	4a9bdb414a74ff7f	3			yes					159	160	161	
159	158	8ade71480c79e1a1	5			yes					-1	-1	-1	-1	-1	
160	158	75bba7c2e1f94b9a	4			yes					-1	-1	-1	-1	
161	158	f2370c619bcad0cf	4			yes					-1	-1	-1	-1	
162	152	a79eb2f3246693f6	4			yes					-1	163	-1	164	
163	162	88044f983b63c446	4			yes					-1	-1	-1	-1	
164	162	a084a996a1ca9587	5			yes					-1	-1	-1	-1	165	
165	164	2fa7fd642afff47b	4			yes					-1	-1	-1	-1	
166	152	8866a6d1f5503178	4			yes					-1	-1	167	168	
167	166	08dbb8c86dc220cc	5			yes					-1	-1	-1	-1	-1	
168	166	e6e19195180b55a1	3			yes					-1	169	170	
169	168	80e6e6e38b927708	4			yes					-1	-1	-1	-1	
170	168	3d10c3b8092f6791	5			yes					-1	-1	-1	-1	-1	
171	152	ddc827ca07036432	4			yes					-1	-1	-1	172	
172	171	b34f108eea5800eb	3			yes					-1	-1	-1	
173	152	d62cdfed711a5d1a	4			yes					-1	-1	-1	-1	
174	128	1e8709b7e954dec9	5			yes					175	185	192	194	196	
175	174	82300d1bd23a7cac	4			yes					176	179	180	181	
176	175	0acab9e1f127d72a	5			yes					-1	177	-1	-1	178	
177	176	193712b9f7b24f29	4			yes					-1	-1	-1	-1	
178	176	44ca4f672643f282	4			yes					-1	-1	-1	-1	
179	175	1855ed944c953da2	4			yes					-1	-1	-1	-1	
180	175	afce8c29ba147607	4			yes					-1	-1	-1	-1	
181	175	ecb73a5f3f611875	3			yes					182	183	184	
182	181	cbe91b95ad76937e	5			yes					-1	-1	-1	-1	-1	
183	181	b6e185e72d7aa73f	4			yes					-1	-1	-1	-1	
184	181	0a9e6b1a6d368ffc	4			yes					-1	-1	-1	-1	
185	174	53f48789b303cc21	4			yes					-1	186	188	189	
186	185	a286d95ff00261be	5			yes					-1	-1	-1	-1	187	
187	186	ec862fd927664416	4			yes					-1	-1	-1	-1	
188	185	1e8effe5cc2dde01	4			yes					-1	-1	-1	-1	
189	185	3d73b0cd5e58a8f8	3			yes					-1	190	191	
190	189	63a57b2bac5325ea	5			yes					-1	-1	-1	-1	-1	
191	189	bbde18d61b0f27fa	4			yes					-1	-1	-1	-1	
192	174	da2072b5172089a5	4			yes					-1	-1	-1	193	
193	192	33b48daec756e6bb	5			yes					-1	-1	-1	-1	-1	
194	174	7be4c6d472168338	4			yes					-1	-1	-1	195	
195	194	1563f1909f4de7e1	3			yes					-1	-1	-1	
196	174	70003ef3040fba10	4			yes					-1	-1	-1	-1	
197	128	e4db40b1f0ac32e1	5			yes					198	207	211	213	214	
198	197	786c441dcbc29084	4			yes					199	202	-1	203	
199	198	032d0b9b62f6f96d	5			yes					-1	-1	200	-1	201	
200	199	8c13e2d8da988fe6	4			yes					-1	-1	-1	-1	
201	199	4d2dfd1db592dcc5	4			yes					-1	-1	-1	-1	
202	198	34e0e01d1b4c544f	4			yes					-1	-1	-1	-1	
203	198	16eb73592699f45d	3			yes					204	206	-1	
204	203	c20ea9ef3ea7bd39	5			yes					-1	-1	-1	-1	-1	
205	204	4d3040ac86c9cbb2	4			no					-1	-2	-1	-2	
206	203	060d57f98db97175	4			yes					-1	-1	-1	-1	
207	197	a9a8ce8faafb2009	4			yes					-1	208	-1	209	
208	207	1a6bbe86602103bc	5			yes					-1	-1	-1	-1	-1	
209	207	c72ff9cb47a044d0	3			yes					-1	210	-1	
210	209	28860962f6d42686	5			yes					-1	-1	-1	-1	-1	
211	197	8f74e2dd6ef4b997	4			yes					-1	-1	-1	212	
212	211	e1f3d59983afdd4e	3			yes					-1	-1	-1	
213	197	f2f1b96e37508579	5			yes					-1	-1	-1	-1	-1	
214	197	8a5c77f51df75638	4			yes					-1	-1	-1	215	
215	214	da0fddb97c77857b	5			yes					-1	-1	-1	-1	-1	
216	128	c4078405d9fa0a21	5			yes					217	224	228	231	232	
217	216	58b080a9e294a844	4			yes					218	220	222	-1	
218	217	13729ae38ff7b704	5			yes					-1	-1	-1	-1	219	
219	218	f2ba658fa13d293e	4			yes					-1	-1	-1	-1	
220	217	8ed75768ad8537d5	4			yes					-1	-1	-1	-1	
221	220	6f1fa804834fa9ef	3			yes					-1	-1	-1	
222	217	0e74e55329120b5f	5			yes					-1	-1	-1	-1	223	
223	222	407413d5fe762ef7	4			yes					-1	-1	-1	-1	
224	216	89740a3b83ad18c9	4			yes					-1	225	226	-1	
225	224	e8c01471485bbd88	5			yes					-1	-1	-1	-1	-1	
226	224	669e642b0a674834	5			yes					-1	-1	-1	-1	227	
227	226	289e92addd036d9c	4			yes					-1	-1	-1	-1	
228	216	afa8266947a28157	4			yes					-1	-1	229	-1	
229	228	7548d88c8eb824f5	6			yes					-1	-1	-1	-1	-1	230	
230	229	3b482e0a59dc015d	5			yes					-1	-1	-1	-1	-1	
231	216	f4caca7db0eb029a	4			yes					-1	-1	-1	-1	
232	216	8aa6668696703340	4			yes					-1	-1	-1	-1	
233	128	fc881ea5b8b42d0d	5			yes					234	245	255	266	274	
234	233	586ef9b859d86254	5			yes					235	238	242	244	-1	
235	234	4937d35141c03fe0	4			yes					236	237	-1	-1	
236	235	57369c076781452b	4			yes					-1	-1	-1	-1	
237	235	ebbbb06c11a25e7b	4			yes					-1	-1	-1	-1	
238	234	33c15bd4c780e922	4			yes					-1	239	241	-1	
239	238	215d70eab8e494a3	5			yes					240	-1	-1	-1	-1	
240	239	2fa23d4eb4efd7d8	4			yes					-1	-1	-1	-1	
241	238	884af1d35fc92150	4			yes					-1	-1	-1	-1	
242	234	68a3b7c030c96aef	4			yes					-1	-1	243	-1	
243	242	3ada858b28250d0d	5			yes					-1	-1	-1	-1	-1	
244	234	3d0d36dbc29a3fa5	4			yes					-1	-1	-1	-1	
245	233	a11a2fcb5cd1bcc6	5			yes					246	250	252	254	-1	
246	245	3dad2b6767bf1ea3	4			yes					247	248	249	-1	
247	246	607e3990c5406bfe	5			yes					-1	-1	-1	-1	-1	
248	246	166764fc189fb6ba	4			yes					-1	-1	-1	-1	
249	246	5a501b8e59fefa6d	4			yes					-1	-1	-1	-1	
250	245	be2f7591e4f616f3	4			yes					-1	251	-1	-1	
251	250	77594a37983a3446	4			yes					-1	-1	-1	-1	
252	245	91d761b335c0b47d	4			yes					-1	-1	253	-1	
253	252	1f526e79634f8a6f	5			yes					-1	-1	-1	-1	-1	
254	245	c479e0a8c793e137	4			yes					-1	-1	-1	-1	
255	233	0736ced529c45bcc	5			yes					256	261	264	265	-1	
256	255	9b81ca7912aaf9a9	4			yes					257	259	260	-1	
257	256	2149534d644f1921	5			yes					-1	-1	-1	-1	-1	
258	257	32b4f81562da8122	4			no					-1	-2	-1	-2	
259	256	7a2974915649bc31	4			yes					-1	-1	-1	-1	
260	256	a2f97cf5af02a55e	4			yes					-1	-1	-1	-1	
261	255	4a4540eb73934924	4			yes					-1	262	263	-1	
262	261	890533f3656aafb5	5			yes					-1	-1	-1	-1	-1	
263	261	13b90f39d93b0d58	4			yes					-1	-1	-1	-1	
264	255	c391b5d7d7b00ca0	4			yes					-1	-1	-1	-1	
265	255	625501b6b286063d	4			yes					-1	-1	-1	-1	
266	233	fd6a87d3303cb7e4	5			yes					267	270	272	273	-1	
267	266	61dd837f0b521581	4			yes					268	269	-1	-1	
268	267	28aee137f79e3766	5			yes					-1	-1	-1	-1	-1	
269	267	8882ae4896721969	4			yes					-1	-1	-1	-1	
270	266	b01909ed6a6ba50c	4			yes					-1	271	-1	-1	
271	270	a609f0d3ed1f4e9a	5			yes					-1	-1	-1	-1	-1	
272	266	96c525bfae643c92	4			yes					-1	-1	-1	-1	
273	266	afe147143d3a7485	5			yes					-1	-1	-1	-1	-1	
274	233	f0041d61564b389a	5			yes					275	279	282	284	-1	
275	274	6cb319cd6d259aff	4			yes					276	277	278	-1	
276	275	0e5d209782964f97	5			yes					-1	-1	-1	-1	-1	
277	275	93f8ed1ca0e4cf46	4			yes					-1	-1	-1	-1	
278	275	25f70fffbc7ac554	5			yes					-1	-1	-1	-1	-1	
279	274	bd77935f0c1c2a72	4			yes					-1	280	281	-1	
280	279	f5efae05453a451b	5			yes					-1	-1	-1	-1	-1	
281	279	4d1d8e879f0f863f	5			yes					-1	-1	-1	-1	-1	
282	274	9babbf0dc813b3ec	4			yes					-1	-1	283	-1	
283	282	5ecb32201bd0eafe	6			yes					-1	-1	-1	-1	-1	-1	
284	274	c0c953193f5a3021	4			yes					-1	-1	-1	-1	
285	0	a6092db9aec601c7	4			yes					286	394	478	527	
286	285	d6985435533b3203	5			yes					287	296	335	365	384	
287	286	a93d05c66adb35c8	5			yes					288	289	291	293	295	
288	287	e9f1de28f8b9ff8b	4			yes					-1	-1	-1	-1	
289	287	b0960f8c187a486c	4			yes					-1	-1	-1	290	
290	289	5ccf1b95682d5479	5			yes					-1	-1	-1	-1	-1	
291	287	99f04bbe03ca3d73	4			yes					-1	-1	-1	292	
292	291	d02e73d34db4da8a	5			yes					-1	-1	-1	-1	-1	
293	287	7dbc8511e3cfc17f	4			yes					-1	-1	-1	294	
294	293	0909bc6ce520120b	5			yes					-1	-1	-1	-1	-1	
295	287	bd2b1f0b00c64beb	4			yes					-1	-1	-1	-1	
296	286	a1b4c226b40ed148	4			yes					297	301	313	317	
297	296	3e237d8882effcb6	4			yes					298	-1	-1	299	
298	297	7eefa666108d36f5	3			yes					-1	-1	-1	
299	297	2a356745e8f28295	3			yes					-1	-1	300	
300	299	a4bf7348d3150794	5			yes					-1	-1	-1	-1	-1	
301	296	6be5831d4cbfc431	5			yes					302	305	308	310	312	
302	301	b75a8c294ca64baa	4			yes					-1	-1	-1	303	
303	302	63d1716d1de1eb34	5			yes					-1	-1	-1	-1	304	
304	303	a7b6c04c3a6259c3	4			yes					-1	-1	-1	-1	
305	301	26960d2316e8d6d9	4			yes					-1	-1	-1	306	
306	305	616559a33f50fef3	5			yes					-1	-1	-1	-1	307	
307	306	a502e88218d34c04	4			yes					-1	-1	-1	-1	
308	301	0064e5047c5cb5b1	4			yes					-1	-1	-1	309	
309	308	1b8ea6b2e0990575	5			yes					-1	-1	-1	-1	-1	
310	301	ee5bfdde00b092d0	4			yes					-1	-1	-1	311	
311	310	af53847abfabd358	5			yes					-1	-1	-1	-1	-1	
312	301	7ff399d026a2ba12	4			yes					-1	-1	-1	-1	
313	296	7a108526d7418537	4			yes					314	315	-1	316	
314	313	a6af8a12d7580aac	3			yes					-1	-1	-1	
315	313	37630b188d1697df	3			yes					-1	-1	-1	
316	313	556bfa08a43aca1f	3			yes					-1	-1	-1	
317	296	7e255e5e7cf37e6c	5			yes					318	326	331	333	334	
318	317	a29a516a7ceaf1f7	4			yes					319	-1	321	322	
319	318	bac418572274be91	5			yes					-1	-1	-1	-1	320	
320	319	f1f642cdb8acdca0	4			yes					-1	-1	-1	-1	
321	318	201365ab1f487b31	4			yes					-1	-1	-1	-1	
322	318	5d5575eb2d37b133	3			yes					323	-1	324	
323	322	3591f3ec9f2f6e57	5			yes					-1	-1	-1	-1	-1	
324	322	a06ebb17d4168f7f	5			yes					-1	-1	-1	-1	325	
325	324	87119546a7afc492	4			yes					-1	-1	-1	-1	
326	317	3356d06026a46c84	4			yes					-1	-1	327	328	
327	326	d58089138cfd6b06	4			yes					-1	-1	-1	-1	
328	326	cc99f4e177792c40	3			yes					-1	-1	329	
329	328	55fd57af47a39f48	5			yes					-1	-1	-1	-1	330	
330	329	728279fe341ad4a5	4			yes					-1	-1	-1	-1	
331	317	60787583532c8293	5			yes					-1	-1	-1	-1	-1	
332	331	2b4a2f19c9f4e0a2	4			no					-1	-2	-1	-1	
333	317	aaa4de89f5e78adb	4			yes					-1	-1	-1	-1	
334	317	81ea7adf2d2e3ea8	4			yes					-1	-1	-1	-1	
335	286	c5f8172dd6f39b5b	4			yes					336	-1	340	346	
336	335	316aaf818eda53ac	4			yes					337	-1	-1	338	
337	336	71a6746f1cb899ef	3			yes					-1	-1	-1	
338	336	257cb54ce4c72d8f	3			yes					-1	339	-1	
339	338	e5d14b86771262f9	5			yes					-1	-1	-1	-1	-1	
340	335	64c73d27e470f267	5			yes					341	342	343	344	345	
341	340	b8783213e4697dfc	4			yes					-1	-1	-1	-1	
342	340	29b4b319be27e08f	4			yes					-1	-1	-1	-1	
343	340	0f689f4b7a287911	4			yes					-1	-1	-1	-1	
344	340	18c49863056ff709	4			yes					-1	-1	-1	-1	
345	340	866086222509136b	4			yes					-1	-1	-1	-1	
346	335	79b7630f91cfcca9	5			yes					347	355	360	362	363	
347	346	a5086c3b91d64332	4			yes					348	350	-1	352	
348	347	b323aa2db1a590d6	5			yes					-1	-1	-1	-1	349	
349	348	f811f0b72b7df2e7	4			yes					-1	-1	-1	-1	
350	347	2cdc97b57b3b7e7d	4			yes					-1	-1	-1	351	
351	350	67eecd2fe1e31c4c	3			yes					-1	-1	-1	
352	347	5ac748bac00b03f6	3			yes					353	354	-1	
353	352	3c7641960cfe4010	5			yes					-1	-1	-1	-1	-1	
354	352	a3897c0ec660aebb	4			yes					-1	-1	-1	-1	
355	346	34c4ed31cb98de41	4			yes					-1	356	-1	358	
356	355	4684565ae5da91bf	5			yes					-1	-1	-1	-1	357	
357	356	0db60cc07f02f38e	4			yes					-1	-1	-1	-1	
358	355	cb0bc9b09a459e85	3			yes					-1	359	-1	
359	358	c9d1bde158814179	5			yes					-1	-1	-1	-1	-1	
360	346	1218c1630f9747df	4			yes					-1	-1	-1	361	
361	360	edd7e5e25e4a071b	3			yes					-1	-1	-1	
362	346	faaad70afe70040d	5			yes					-1	-1	-1	-1	-1	
363	346	8678478ec0128c6d	4			yes					-1	-1	-1	364	
364	363	9edc42cd99fb3d4a	5			yes					-1	-1	-1	-1	-1	
365	286	efd816abed62b76f	4			yes					366	-1	-1	368	
366	365	46d1e0f2faa9f074	4			yes					367	-1	-1	-1	
367	366	061d3b1c68cb3a37	3			yes					-1	-1	-1	
368	365	b00c16f96d3c1564	5			yes					-1	369	376	381	383	
369	368	fd7f98c7376b078c	4			yes					370	372	374	375	
370	369	27ea5d7918373ab6	5			yes					-1	-1	-1	-1	371	
371	370	6cd807e382ef5887	4			yes					-1	-1	-1	-1	
372	369	988b4c9f3a17880b	5			yes					-1	-1	-1	-1	373	
373	372	d3b91605a0cfea3a	4			yes					-1	-1	-1	-1	
374	369	15c8801e80916f91	4			yes					-1	-1	-1	-1	
375	369	6ba47456b881984d	4			yes					-1	-1	-1	-1	
376	368	dba3b495f3649e12	4			yes					377	-1	379	380	
377	376	9445893d8f8869ad	4			yes					-1	-1	-1	378	
378	377	df77d3a715500b9c	3			yes					-1	-1	-1	
379	376	061e3cb9044e0350	5			yes					-1	-1	-1	-1	-1	
380	376	19227f91ae128408	4			yes					-1	-1	-1	-1	
381	368	80c15881042d1ddf	4			yes					382	-1	-1	-1	
382	381	39f19e12466894cb	4			yes					-1	-1	-1	-1	
383	368	caae6d1ead071ebe	4			yes					-1	-1	-1	-1	
384	286	daf34fcd510f7d3b	4			yes					385	-1	-1	-1	
385	384	42e43b8a511b0b2f	5			yes					386	387	390	392	-1	
386	385	0228e064c379c16c	4			yes					-1	-1	-1	-1	
387	385	d39af02ed57684bf	5			yes					388	-1	-1	-1	389	
388	387	dd65bd8ad97dc7c4	4			yes					-1	-1	-1	-1	
389	387	98a8aab44faee68e	4			yes					-1	-1	-1	-1	
390	385	b1c0ca2016fd74a5	5			yes					391	-1	-1	-1	-1	
391	390	bf3f87841af637de	4			yes					-1	-1	-1	-1	
392	385	2384b2dd975ee6c6	5			yes					393	-1	-1	-1	-1	
393	392	2d7bff799b55a5bd	4			yes					-1	-1	-1	-1	
394	285	e70272075b4a36f9	5			yes					395	408	427	451	466	
395	394	409a751be02dd8fa	5			yes					396	398	402	404	407	
396	395	6852d3fb5783e104	4			yes					397	-1	-1	-1	
397	396	942b34404eb9935a	3			yes					-1	-1	-1	
398	395	bce392a0f917aaa4	4			yes					-1	-1	399	401	
399	398	6862127770035e13	3			yes					-1	-1	400	
400	399	6e7931097ef96e11	5			yes					-1	-1	-1	-1	-1	
401	398	a8f5886d930ad487	3			yes					-1	-1	-1	
402	395	1426db414d9dc134	4			yes					-1	-1	-1	403	
403	402	19fe8dd34558f592	6			yes					-1	-1	-1	-1	-1	-1	
404	395	941bf5cc69392c4d	4			yes					-1	-1	-1	405	
405	404	818344e83b0e85f7	6			yes					-1	-1	-1	406	-1	-1	
406	405	2d6c9d1d35b4513e	5			yes					-1	-1	-1	-1	-1	
407	395	548c6fd68a30a6d9	4			yes					-1	-1	-1	-1	
408	394	37f43620500eebdd	4			yes					409	415	417	419	
409	408	4068f6dc163dc936	5			yes					410	411	412	413	414	
410	409	3bf95a786e4d04bc	4			yes					-1	-1	-1	-1	
411	409	8bcb78c6f2684fa5	4			yes					-1	-1	-1	-1	
412	409	70a5b8a47f2cc18d	4			yes					-1	-1	-1	-1	
413	409	94e9760b9f293d81	4			yes					-1	-1	-1	-1	
414	409	547eec117c20b715	4			yes					-1	-1	-1	-1	
415	408	7c3a3676c802c4d3	5			yes					-1	-1	-1	-1	416	
416	415	682c2cbba21fbaf0	4			yes					-1	-1	-1	-1	
417	408	de980d0520e1b2ac	4			yes					418	-1	-1	-1	
418	417	d72ff459502e49bf	3			yes					-1	-1	-1	
419	408	daadd67d8b5349f7	5			yes					420	421	423	424	426	
420	419	d31a2f21fb9cb2e4	4			yes					-1	-1	-1	-1	
421	419	7645f35005b656ae	4			yes					-1	-1	-1	422	
422	421	898ad7d1546b166a	3			yes					-1	-1	-1	
423	419	8e11782726e35039	4			yes					-1	-1	-1	-1	
424	419	0e2c56aa0247bd40	4			yes					-1	-1	-1	425	
425	424	f1e3722b539afd84	3			yes					-1	-1	-1	
426	419	2562f2fcda8e0933	4			yes					-1	-1	-1	-1	
427	394	d2a3c9a25cbd11cb	4			yes					428	-1	433	436	
428	427	0dd4ab5c98bc6b39	5			yes					-1	429	-1	-1	431	
429	428	f1ad4ce781861967	4			yes					-1	-1	-1	430	
430	429	13685e8e573a0a83	6			yes					-1	-1	-1	-1	-1	-1	
431	428	19c2b191f2a1151a	4			yes					-1	-1	-1	432	
432	431	ea0074fc98f357a6	5			yes					-1	-1	-1	-1	-1	
433	427	57be8519778bc632	5			yes					-1	434	435	-1	-1	
434	433	c34711d4cfaf6c68	4			yes					-1	-1	-1	-1	
435	433	abc762a26eb1b46c	4			yes					-1	-1	-1	-1	
436	427	538b5e61dc393d69	6			yes					437	438	442	444	448	450	
437	436	f8026f238e9d35a6	5			yes					-1	-1	-1	-1	-1	
438	436	c772caac641d9733	5			yes					-1	440	-1	-1	441	
439	438	18267abca8623069	5			no					-1	-2	-2	-2	-2	
440	438	3b0b2d177d27e56d	4			yes					-1	-1	-1	-1	
441	438	38bdee2d35c0d7f7	4			yes					-1	-1	-1	-1	
442	436	aff2b9dac5034f37	5			yes					-1	-1	-1	-1	443	
443	442	503d9d5b94de0ff3	4			yes					-1	-1	-1	-1	
444	436	4a792e7c09189764	5			yes					-1	445	446	-1	447	
445	444	de80bab1b13c3d3e	4			yes					-1	-1	-1	-1	
446	444	b600c9c71022e53a	4			yes					-1	-1	-1	-1	
447	444	b5b60afd58c5d7a0	4			yes					-1	-1	-1	-1	
448	436	870adeb6552dc9de	5			yes					-1	-1	-1	-1	449	
449	448	78c5fa3704f0891a	4			yes					-1	-1	-1	-1	
450	436	ac447ae08de47dad	5			yes					-1	-1	-1	-1	-1	
451	394	de423099e513b395	4			yes					452	-1	-1	455	
452	451	af76902f705f1d46	4			yes					453	454	-1	-1	
453	452	87be36cfc7f124b8	3			yes					-1	-1	-1	
454	452	530f779469656f18	3			yes					-1	-1	-1	
455	451	4f295f97bc5a3103	5			yes					456	459	462	464	465	
456	455	469ea6cbcc95ca10	4			yes					457	458	-1	-1	
457	456	53e2d9e3b263ab4d	6			yes					-1	-1	-1	-1	-1	-1	
458	456	5c3cb99dd16b4564	5			yes					-1	-1	-1	-1	-1	
459	455	dbd0cb5a047e9b59	4			yes					-1	460	-1	461	
460	459	27a92ce11d44e907	3			yes					-1	-1	-1	
461	459	a172b0bdc4459083	3			yes					-1	-1	-1	
462	455	b350b82ca560435d	4			yes					-1	-1	-1	463	
463	462	c9f2c3cb655b4887	3			yes					-1	-1	-1	
464	455	1b95f1cd11ea28cd	4			yes					-1	-1	-1	-1	
465	455	358b24707c613ad9	4			yes					-1	-1	-1	-1	
466	394	eb6969ff597e79c1	4			yes					467	-1	-1	-1	
467	466	ab434b57dbede61d	5			yes					468	469	472	474	-1	
468	467	838bedb76c43dfe3	4			yes					-1	-1	-1	-1	
469	467	573aacecc2d79443	4			yes					-1	470	471	-1	
470	469	9ac13d5dea7602a4	5			yes					-1	-1	-1	-1	-1	
471	469	44f43fb80c879adc	5			yes					-1	-1	-1	-1	-1	
472	467	96ab6668f8032554	6			yes					-1	-1	-1	-1	-1	-1	
473	472	dd993cf262db4765	5			no					-1	-2	-2	-1	-2	
474	467	7fc2cb8052f912aa	4			yes					-1	-1	475	476	
475	474	3f8b57da19d18a6b	5			yes					-1	-1	-1	-1	-1	
476	474	2b7394e5822e8574	7			yes					-1	-1	-1	-1	-1	-1	477	
477	476	0c0cbab4f197ce99	6			yes					-1	-1	-1	-1	-1	-1	
478	285	113ff511a8623669	5			yes					479	488	506	515	522	
479	478	4e33ae9b21622cc3	5			yes					480	481	484	486	487	
480	479	5f6a8472397a7177	4			yes					-1	-1	-1	-1	
481	479	259c0cf7bf3aa7b5	4			yes					-1	482	483	-1	
482	481	5ff243428c134c6b	3			yes					-1	-1	-1	
483	481	7d858d0b1b251881	3			yes					-1	-1	-1	
484	479	345de12e124bc71d	4			yes					-1	-1	485	-1	
485	484	6c4460d2b6547829	3			yes					-1	-1	-1	
486	479	162a2f67857d93f7	4			yes					-1	-1	-1	-1	
487	479	588146cc11768228	4			yes					-1	-1	-1	-1	
488	478	ef311b8face29878	4			yes					489	493	499	502	
489	488	f563616b8a14497a	5			yes					490	-1	491	492	-1	
490	489	8ef2cdcff26484f0	4			yes					-1	-1	-1	-1	
491	489	8f0d2edeb93da2a4	4			yes					-1	-1	-1	-1	
492	489	ad7ae0972e0bf64e	4			yes					-1	-1	-1	-1	
493	488	277f88f58fa0f445	5			yes					494	495	496	497	498	
494	493	2ec871a9ff6f0f56	4			yes					-1	-1	-1	-1	
495	493	3fbdb764ec9d7f04	4			yes					-1	-1	-1	-1	
496	493	5fdeaf6687f9618d	4			yes					-1	-1	-1	-1	
497	493	7f6609092bbf4b71	4			yes					-1	-1	-1	-1	
498	493	31cd60a2bfb45aae	4			yes					-1	-1	-1	-1	
499	488	529a84b4d338ff17	4			yes					500	-1	-1	501	
500	499	5b2d7de8a3f70404	3			yes					-1	-1	-1	
501	499	468c9e79b9258134	3			yes					-1	-1	-1	
502	488	2163b91d59b80d5c	5			yes					-1	-1	503	505	-1	
503	502	5b0df6a86a91e682	4			yes					-1	-1	504	-1	
504	503	03147754ce8e59b6	3			yes					-1	-1	-1	
505	502	797a38e1fda7b268	4			yes					-1	-1	-1	-1	
506	478	661363024f57d522	4			yes					507	-1	509	513	
507	506	050bab8da6b206c8	4			yes					-1	-1	508	-1	
508	507	5d122a7102adb9fc	3			yes					-1	-1	-1	
509	506	b607473f4bad33aa	5			yes					510	511	-1	-1	512	
510	509	bfb0be633b62c8b9	4			yes					-1	-1	-1	-1	
511	509	fb74c90111fa2142	4			yes					-1	-1	-1	-1	
512	509	a2115df221b04d89	4			yes					-1	-1	-1	-1	
513	506	53b2ca03a24014fc	5			yes					-1	-1	-1	514	-1	
514	513	0bab4bff065fabc8	4			yes					-1	-1	-1	-1	
515	478	bf36c4f633c8c34b	4			yes					516	-1	-1	520	
516	515	3eeeaf379d9078f3	4			yes					-1	517	518	519	
517	516	55410d5b03c8f385	3			yes					-1	-1	-1	
518	516	6ee09248ec5da8e1	3			yes					-1	-1	-1	
519	516	2af8b5faf78d06d0	3			yes					-1	-1	-1	
520	515	57c4f10accb75fb3	5			yes					-1	-1	-1	-1	521	
521	520	c6b40febeb1a000c	4			yes					-1	-1	-1	-1	
522	478	10559d89938bbec3	4			yes					523	-1	-1	-1	
523	522	4d17929e17108ab8	5			yes					-1	524	525	526	-1	
524	523	d2ae275ed1ebdf34	5			yes					-1	-1	-1	-1	-1	
525	523	3779dd2b24396166	4			yes					-1	-1	-1	-1	
526	523	150e1362b30f358c	4			yes					-1	-1	-1	-1	
527	285	c69a0ce690542393	6			yes					528	579	630	664	688	696	
528	527	f1e4d8057bc02528	5			yes					529	544	551	559	564	
529	528	c637e2768fddbc9c	5			yes					530	532	534	538	542	
530	529	bda64ed2f7ad7116	4			yes					-1	-1	-1	531	
531	530	5e7b257eb54382fd	3			yes					-1	-1	-1	
532	529	bd92c4699ba007cd	5			yes					-1	-1	-1	-1	533	
533	532	0eba01bc4d4552bc	4			yes					-1	-1	-1	-1	
534	529	f6faac0ee6ccb427	4			yes					-1	535	536	537	
535	534	541bd75124336990	5			yes					-1	-1	-1	-1	-1	
536	534	ddd71a87a2278470	5			yes					-1	-1	-1	-1	-1	
537	534	b1add45fdfcfa436	5			yes					-1	-1	-1	-1	-1	
538	529	12b662a106c9482b	4			yes					-1	539	-1	540	
539	538	1054dd6fe5cd5bcb	4			yes					-1	-1	-1	-1	
540	538	c27acbedce7b6c34	6			yes					-1	-1	-1	-1	-1	541	
541	540	e505e5bcbdc227d9	5			yes					-1	-1	-1	-1	-1	
542	529	25ea89dacd334f77	4			yes					-1	543	-1	-1	
543	542	caddb09d6ac6e04b	5			yes					-1	-1	-1	-1	-1	
544	528	e2a2ba902d960d84	4			yes					545	546	547	550	
545	544	4845db9ef81a7f60	5			yes					-1	-1	-1	-1	-1	
546	544	858eca0eb98cb0c2	5			yes					-1	-1	-1	-1	-1	
547	544	36233a47a482f933	3			yes					-1	-1	548	
548	547	aac4e248be271f37	6			yes					-1	-1	-1	-1	-1	549	
549	548	8dbbcc19cd9e54da	5			yes					-1	-1	-1	-1	-1	
550	544	017fd13c6f78fe6f	3			yes					-1	-1	-1	
551	528	e53087c1c0aabf41	4			yes					552	553	556	557	
552	551	11ebb6721346bb40	5			yes					-1	-1	-1	-1	-1	
553	551	8e9f25ad5ef23437	3			yes					-1	-1	554	
554	553	ef950c17e86b686f	5			yes					-1	-1	-1	-1	555	
555	554	2bf2bd36cfe8da98	4			yes					-1	-1	-1	-1	
556	551	100feb5ca80cec86	5			yes					-1	-1	-1	-1	-1	
557	551	06edec6d82444caa	3			yes					-1	-1	-1	
558	557	66a4c286e2205cc6	5			no					-1	-2	-2	-2	-2	
559	528	8929990f3b981dc0	4			yes					560	561	563	-1	
560	559	85224126bad41120	5			yes					-1	-1	-1	-1	-1	
561	559	e2863b63a5c096b6	3			yes					-1	562	-1	
562	561	80ca17c3a07869d8	5			yes					-1	-1	-1	-1	-1	
563	559	b9e4d7775289157b	3			yes					-1	-1	-1	
564	528	617562ab37986a0a	5			yes					565	566	573	577	578	
565	564	702c48422f8037be	4			yes					-1	-1	-1	-1	
566	564	0adac0c7a9c0e17c	4			yes					-1	567	569	570	
567	566	60a53877c001ff42	5			yes					-1	-1	-1	-1	568	
568	567	2b9762ed5ad99d73	4			yes					-1	-1	-1	-1	
569	566	698d26feda4622aa	4			yes					-1	-1	-1	-1	
570	566	f515e446f81da1b8	3			yes					-1	571	572	
571	570	eff0d3cc7d5a2f84	5			yes					-1	-1	-1	-1	-1	
572	570	04ce5f53088f8119	4			yes					-1	-1	-1	-1	
573	564	51b82cd35e8962b1	4			yes					-1	-1	574	575	
574	573	d6c2d10f8c810d96	5			yes					-1	-1	-1	-1	-1	
575	573	ae7708520f542275	3			yes					-1	-1	576	
576	575	08b6dfc782ad7b6f	5			yes					-1	-1	-1	-1	-1	
577	564	b5f4e27cbe8c9ebd	4			yes					-1	-1	-1	-1	
578	564	9eba462a66452ace	4			yes					-1	-1	-1	-1	
579	527	3894e27894d48d82	5			yes					-1	580	594	601	607	
580	579	08ab7aa680fa8161	5			yes					581	586	588	589	593	
581	580	011c83faf0357a72	4			yes					-1	582	583	584	
582	581	e27f5aad7decb595	4			yes					-1	-1	-1	-1	
583	581	b69774b6c965af62	4			yes					-1	-1	-1	-1	
584	581	6c1e1944466e14e2	5			yes					-1	-1	-1	-1	585	
585	584	a879a86561eda615	4			yes					-1	-1	-1	-1	
586	580	10694537e3c70a20	4			yes					-1	-1	-1	587	
587	586	f3b42e9ba129f9cb	3			yes					-1	-1	-1	
588	580	26292db6d808770e	4			yes					-1	-1	-1	-1	
589	580	dc2afa7109ee75d6	4			yes					-1	-1	-1	590	
590	589	3ff791dd4b00863d	3			yes					591	-1	-1	
591	590	c6871efcf31331c3	5			yes					-1	-1	-1	-1	592	
592	591	e1f830ad80aa7a2e	4			yes					-1	-1	-1	-1	
593	580	eb76110ac214728a	4			yes					-1	-1	-1	-1	
594	579	8944ac428e0238a5	4			yes					595	598	599	600	
595	594	80f3551efecdc3b6	3			yes					-1	-1	596	
596	595	9b781616eb1db407	5			yes					-1	-1	-1	-1	597	
597	596	5f1fa737cc9e06f0	4			yes					-1	-1	-1	-1	
598	594	9671f61836259290	3			yes					-1	-1	-1	
599	594	f55fc8aa8a06a2cd	3			yes					-1	-1	-1	
600	594	6a99c7eecceccb4e	3			yes					-1	-1	-1	
601	579	e55db28c75309a24	4			yes					602	604	605	606	
602	601	ecea4bd005ff6137	3			yes					-1	603	-1	
603	602	7860c3af9f0c4c9f	4			yes					-1	-1	-1	-1	
604	601	fa68e8d6cd173011	3			yes					-1	-1	-1	
605	601	d590fcf41c21929f	3			yes					-1	-1	-1	
606	601	264fed7ea1f9599d	3			yes					-1	-1	-1	
607	579	6a7243763730c9c4	4			yes					608	617	623	625	
608	607	da25ad5b9cee0fb3	5			yes					609	610	611	613	-1	
609	608	a1b401ffe49ec239	4			yes					-1	-1	-1	-1	
610	608	45885b26d79d308d	5			yes					-1	-1	-1	-1	-1	
611	608	d0436dac84860a19	5			yes					-1	-1	-1	-1	-1	
612	611	55b9f0efa00807bc	4			no					-1	-2	-1	-1	
613	608	420715510525987a	5			yes					-1	-1	-1	-1	-1	
614	613	0c01900c44e98257	4			no					-1	-1	-2	-1	
615	613	c7fd881221ab95df	4			no					-1	-2	-2	-1	
616	613	a41f31d0c1c1af9b	4			no					-1	-2	-2	-1	
617	607	14b9358b93c9324e	5			yes					618	619	620	621	-1	
618	617	e34bf2fffb35c424	5			yes					-1	-1	-1	-1	-1	
619	617	0c7b0a1af0f4b90f	4			yes					-1	-1	-1	-1	
620	617	3a3b629bcb3bc421	4			yes					-1	-1	-1	-1	
621	617	c038b55c1addc6f9	4			yes					622	-1	-1	-1	
622	621	46fac040384dc58d	4			yes					-1	-1	-1	-1	
623	607	9556e36f9d318b8a	4			yes					624	-1	-1	-1	
624	623	142dfdad564664c1	5			yes					-1	-1	-1	-1	-1	
625	607	5ced969961c25247	4			yes					626	-1	628	-1	
626	625	80e40af9ffd4cea1	5			yes					-1	-1	-1	-1	627	
627	626	cbd65063650cac90	4			yes					-1	-1	-1	-1	
628	625	6c20d8e108d35afc	3			yes					629	-1	-1	
629	628	e358c8179da72306	4			yes					-1	-1	-1	-1	
630	527	b1b69af57761c0d8	5			yes					-1	-1	631	642	648	
631	630	49260414149a3d71	5			yes					632	635	638	640	641	
632	631	4091fd486455c662	4			yes					633	-1	634	-1	
633	632	dcdf8eaca3c7cd4b	5			yes					-1	-1	-1	-1	-1	
634	632	82f6c532590d4b55	4			yes					-1	-1	-1	-1	
635	631	04558a2a4ecd2f99	4			yes					-1	-1	-1	636	
636	635	e788e1860c23dc72	3			yes					637	-1	-1	
637	636	ab90fa5852a12acd	5			yes					-1	-1	-1	-1	-1	
638	631	22a7620d24794cf1	4			yes					-1	-1	-1	639	
639	638	c17a09a16697bf1a	3			yes					-1	-1	-1	
640	631	cc987ad758956b90	4			yes					-1	-1	-1	-1	
641	631	aafb6fb85674ce9a	4			yes					-1	-1	-1	-1	
642	630	4371539200257d2e	4			yes					643	645	646	647	
643	642	4ac6aace70ea863d	3			yes					644	-1	-1	
644	643	bf31bd8ebb5162db	5			yes					-1	-1	-1	-1	-1	
645	642	0e02ddac5a726fc6	3			yes					-1	-1	-1	
646	642	87d62890fe512a42	3			yes					-1	-1	-1	
647	642	80630c60d4ecbe97	3			yes					-1	-1	-1	
648	630	e3503bfbd485849e	4			yes					649	-1	653	659	
649	648	feb0f5bd3ea5beab	4			yes					650	651	652	-1	
650	649	b05f44d1b4274820	5			yes					-1	-1	-1	-1	-1	
651	649	7d945541f5b18782	5			yes					-1	-1	-1	-1	-1	
652	649	2ab93cf47579eb79	5			yes					-1	-1	-1	-1	-1	
653	648	55344b3907a98e5e	5			yes					654	655	657	658	-1	
654	653	ec849ad6a0ba3bf2	5			yes					-1	-1	-1	-1	-1	
655	653	1847c5075dfe9cb6	4			yes					656	-1	-1	-1	
656	655	24c511e3effafa0b	5			yes					-1	-1	-1	-1	-1	
657	653	3eb52d20374affde	4			yes					-1	-1	-1	-1	
658	653	d08a35fa4ba6d8bf	4			yes					-1	-1	-1	-1	
659	648	fac1778714d7b54d	4			yes					660	662	-1	-1	
660	659	784d6d8209289192	5			yes					-1	-1	-1	-1	661	
661	660	337f371893f0f3a3	4			yes					-1	-1	-1	-1	
662	659	b7b2f9b94e80a7a5	3			yes					663	-1	-1	
663	662	472b22c1f76c559b	5			yes					-1	-1	-1	-1	-1	
664	527	d5fa4ffe159c8acb	5			yes					-1	-1	-1	665	674	
665	664	d9ca0917ba4725b2	5			yes					666	670	671	672	673	
666	665	d07df04bca88dea1	4			yes					667	668	-1	669	
667	666	b6d60ff428804c9c	5			yes					-1	-1	-1	-1	-1	
668	666	4b2a147dddd9a03c	4			yes					-1	-1	-1	-1	
669	666	8d2f0cd647e57fc9	5			yes					-1	-1	-1	-1	-1	
670	665	94b98729e010375a	4			yes					-1	-1	-1	-1	
671	665	b265ab7b241faec4	4			yes					-1	-1	-1	-1	
672	665	a5c9ac535b5820dc	4			yes					-1	-1	-1	-1	
673	665	5368704a55df67e3	4			yes					-1	-1	-1	-1	
674	664	871ceef0b678ce8d	4			yes					675	-1	-1	680	
675	674	f922c8ecd3990c6e	4			yes					676	677	679	-1	
676	675	e9f1293d5f7b8c00	5			yes					-1	-1	-1	-1	-1	
677	675	60c0e7ac5530b8a9	5			yes					-1	-1	-1	-1	-1	
678	677	549883d11169a2fe	4			no					-1	-1	-1	-2	
679	675	e746f7c858ed011c	5			yes					-1	-1	-1	-1	-1	
680	674	efb0e239e3cacac7	5			yes					681	683	685	687	-1	
681	680	336b913e58913806	5			yes					-1	-1	-1	-1	682	
682	681	7859cba4c2495a37	4			yes					-1	-1	-1	-1	
683	680	a2c36c07b99dd82f	4			yes					684	-1	-1	-1	
684	683	4ecc90bb64bd7bdc	5			yes					-1	-1	-1	-1	-1	
685	680	841f40557d9241b1	4			yes					686	-1	-1	-1	
686	685	d0121fc5df72cfa5	4			yes					-1	-1	-1	-1	
687	680	93b3477d02d5cfa9	4			yes					-1	-1	-1	-1	
688	527	ffda4e782e0da6ff	5			yes					-1	-1	-1	-1	689	
689	688	ad3cef768de9e2b9	4			yes					690	-1	-1	-1	
690	689	3099bd1a2f6ad5a3	4			yes					691	692	694	-1	
691	690	7d38de69f6e92660	5			yes					-1	-1	-1	-1	-1	
692	690	82e2001f1a2b63fd	5			yes					-1	-1	-1	-1	693	
693	692	c9d05a8580f301cc	4			yes					-1	-1	-1	-1	
694	690	157c7c5fb9a53ea0	5			yes					695	-1	-1	-1	-1	
695	694	21241822fdfc24f7	4			yes					-1	-1	-1	-1	
696	527	947cade833b067d5	5			yes					-1	-1	-1	-1	-1	
697	0	9475ca31a71109a9	4			yes					698	-1	781	816	
698	697	b0df84d4c389b539	5			yes					699	720	735	747	759	
699	698	78d509dfd2cd6597	5			yes					700	701	708	713	719	
700	699	d7b325ba9be2f0c6	4			yes					-1	-1	-1	-1	
701	699	137aabb34c95eee1	4			yes					-1	702	703	704	
702	701	1c649563be94fd6b	6			yes					-1	-1	-1	-1	-1	-1	
703	701	f41ab3ffdcd9371c	5			yes					-1	-1	-1	-1	-1	
704	701	6f4085bd55a0320b	6			yes					705	-1	706	-1	-1	707	
705	704	61bfc81959ab7170	5			yes					-1	-1	-1	-1	-1	
706	704	d4ab316361298b59	5			yes					-1	-1	-1	-1	-1	
707	704	ab27349c722380fc	5			yes					-1	-1	-1	-1	-1	
708	699	481847a7bbdc6d2c	4			yes					-1	-1	709	710	
709	708	81f36d3adfaeb824	6			yes					-1	-1	-1	-1	-1	-1	
710	708	07c037bf98d66da3	6			yes					-1	-1	712	-1	-1	-1	
711	710	093f7a1b94dd2ed8	5			no					-1	-2	-1	-1	-1	
712	710	bc2b8361ac5fd4f1	5			yes					-1	-1	-1	-1	-1	
713	699	ac5489085bd99120	4			yes					-1	-1	-1	714	
714	713	7417280d8962a5a1	7			yes					-1	-1	716	-1	-1	-1	718	
715	714	7ae865a98569e6da	6			no					-1	-2	-1	-1	-1	-2	
716	714	cffc9cd3bdeb1cf3	6			yes					-1	-1	-1	-1	-1	717	
717	716	e883b282ce52571e	5			yes					-1	-1	-1	-1	-1	
718	714	5368065cfadbee4c	6			yes					-1	-1	-1	-1	-1	-1	
719	699	208540a63772e22b	4			yes					-1	-1	-1	-1	
720	698	ffbab1e00def11a1	5			yes					721	725	727	731	734	
721	720	42ba8efed519a7bf	4			yes					-1	722	723	724	
722	721	92a26b14f4ace842	4			yes					-1	-1	-1	-1	
723	721	1c8f7c7175424d13	4			yes					-1	-1	-1	-1	
724	721	09b61f1f749ee10e	5			yes					-1	-1	-1	-1	-1	
725	720	011cb8c8dd4ccdae	4			yes					-1	-1	-1	726	
726	725	30de574054870cfd	5			yes					-1	-1	-1	-1	-1	
727	720	cf77ff9864fe191a	4			yes					-1	-1	729	730	
728	727	0e0a377d78b2f92f	4			no					-1	-1	-2	-2	
729	727	42195a08ccb4126a	4			yes					-1	-1	-1	-1	
730	727	143953d314b493d7	4			yes					-1	-1	-1	-1	
731	720	2b3b313784fbe516	4			yes					-1	-1	-1	732	
732	731	61f56ec1ff93e385	5			yes					-1	-1	-1	-1	733	
733	732	468a40908c2aa868	4			yes					-1	-1	-1	-1	
734	720	a7eaf899e850961d	4			yes					-1	-1	-1	-1	
735	698	c9cfe0fd53c2ba23	4			yes					736	740	742	744	
736	735	74cfdfe38b340c3d	3			yes					737	-1	738	
737	736	5f5a476ef6d6a6fe	4			yes					-1	-1	-1	-1	
738	736	117ad8e2c68460fe	5			yes					-1	-1	-1	-1	739	
739	738	d51d69c3e107d209	4			yes					-1	-1	-1	-1	
740	735	37f50c6b3f2808f1	4			yes					-1	-1	-1	741	
741	740	daf2bbcc54ef00a2	3			yes					-1	-1	-1	
742	735	2ef91e73f9ac8588	5			yes					-1	743	-1	-1	-1	
743	742	9512aaadcd253cda	4			yes					-1	-1	-1	-1	
744	735	919fa984b67d3d9f	3			yes					-1	745	746	
745	744	1e950aed736cb255	4			yes					-1	-1	-1	-1	
746	744	2d4b531e946ead29	5			yes					-1	-1	-1	-1	-1	
747	698	9507b21f667715b8	4			yes					748	751	755	758	
748	747	28078d01be81a3a6	3			yes					749	750	-1	
749	748	f3025b79e86ccda8	4			yes					-1	-1	-1	-1	
750	748	b322cbb363e852a7	4			yes					-1	-1	-1	-1	
751	747	e4516b50cddb5d53	5			yes					-1	-1	752	753	754	
752	751	02494fd1093f6ab2	4			yes					-1	-1	-1	-1	
753	751	ac867450a1b97785	4			yes					-1	-1	-1	-1	
754	751	0956dcf7a61c5500	4			yes					-1	-1	-1	-1	
755	747	a5cafc670f661d03	3			yes					-1	756	757	
756	755	0910331c38a9cf16	4			yes					-1	-1	-1	-1	
757	755	a6cdeed629a5ee1d	5			yes					-1	-1	-1	-1	-1	
758	747	dd498314db68af4c	3			yes					-1	-1	-1	
759	698	f607274203a11b3f	5			yes					760	768	772	779	780	
760	759	4b07185cdb57ad21	4			yes					761	762	763	764	
761	760	768abf6bfcd0e483	4			yes					-1	-1	-1	-1	
762	760	c0fcb4d9458e6298	4			yes					-1	-1	-1	-1	
763	760	52b8cc24c42df0fb	4			yes					-1	-1	-1	-1	
764	760	b4c83cdd8a8aede5	3			yes					-1	765	766	
765	764	a1120d2a1ec7ccb7	4			yes					-1	-1	-1	-1	
766	764	d2c512980f7304b5	5			yes					-1	-1	-1	-1	767	
767	766	f5ba3cc97cca4f58	4			yes					-1	-1	-1	-1	
768	759	a683d530692e0ad6	4			yes					-1	769	771	-1	
769	768	a83fda4089ad934d	4			yes					-1	-1	-1	770	
770	769	e30d80da1375f17c	3			yes					-1	-1	-1	
771	768	1a3a8e442aa4dd92	4			yes					-1	-1	-1	-1	
772	759	c6ca693a6ab01384	4			yes					-1	-1	773	777	
773	772	78b9e01e278998e4	5			yes					-1	774	775	-1	776	
774	773	c35254c0130021b6	4			yes					-1	-1	-1	-1	
775	773	fd437d5d03079541	4			yes					-1	-1	-1	-1	
776	773	3f3bca1ea569b073	4			yes					-1	-1	-1	-1	
777	772	39054dbb3b6d5340	3			yes					-1	778	-1	
778	777	276a31fb34f6438b	4			yes					-1	-1	-1	-1	
779	759	2286a7958ab5ef88	4			yes					-1	-1	-1	-1	
780	759	09c803c3527c5bfb	4			yes					-1	-1	-1	-1	
781	697	01426b5c287c95cc	5			yes					782	-1	791	798	808	
782	781	3122678712a80a74	5			yes					783	785	786	789	790	
783	782	a16dd5e2cd130b2d	4			yes					-1	-1	-1	784	
784	783	ace134b61e3d2e7d	6			yes					-1	-1	-1	-1	-1	-1	
785	782	ab4af8335a758b01	6			yes					-1	-1	-1	-1	-1	-1	
786	782	099333c74cfb144d	4			yes					-1	-1	-1	787	
787	786	16947f0d31858c0b	6			yes					-1	-1	-1	-1	-1	788	
788	787	d2f3ce2c16063efc	5			yes					-1	-1	-1	-1	-1	
789	782	de830417e47e50b7	6			yes					-1	-1	-1	-1	-1	-1	
790	782	69722efef7178dc8	4			yes					-1	-1	-1	-1	
791	781	52bacea78d8075e0	4			yes					792	-1	795	796	
792	791	97c6fc165d338397	5			yes					-1	-1	-1	793	794	
793	792	021253c3f11ff32e	5			yes					-1	-1	-1	-1	-1	
794	792	172b30adf0c35f33	6			yes					-1	-1	-1	-1	-1	-1	
795	791	dfca94125cc77d62	4			yes					-1	-1	-1	-1	
796	791	507c1362cd64390e	3			yes					797	-1	-1	
797	796	987edb164d988ff5	6			yes					-1	-1	-1	-1	-1	-1	
798	781	3ae99dbf4ef34e32	4			yes					799	-1	-1	802	
799	798	935d88ce3ea1ff5e	5			yes					-1	-1	800	-1	801	
800	799	6790c67c4bcb85ff	6			yes					-1	-1	-1	-1	-1	-1	
801	799	748d2db311b5a10d	6			yes					-1	-1	-1	-1	-1	-1	
802	798	382f407a0e1702dc	3			yes					803	-1	-1	
803	802	4012fbd41b35f9f8	6			yes					-1	804	805	806	-1	-1	
804	803	e793c5770225f5f9	5			yes					-1	-1	-1	-1	-1	
805	803	4454bdccdf5c54ba	5			yes					-1	-1	-1	-1	-1	
806	803	c36ebe29680b48f5	5			yes					-1	-1	-1	-1	-1	
807	803	1b848f6f34d834dd	5			no					-1	-2	-2	-2	-1	
808	781	0384b6996898d922	4			yes					809	-1	-1	-1	
809	808	96bd0a7fa6cacd0c	5			yes					810	811	812	815	-1	
810	809	23b4df0da366febb	6			yes					-1	-1	-1	-1	-1	-1	
811	809	0d7f150eab6ae163	6			yes					-1	-1	-1	-1	-1	-1	
812	809	99c194b68cde5ccd	6			yes					-1	813	814	-1	-1	-1	
813	812	3e40aa1595ce50cc	5			yes					-1	-1	-1	-1	-1	
814	812	9d87d2ae48b7f18f	5			yes					-1	-1	-1	-1	-1	
815	809	78b6e92a15613ad5	6			yes					-1	-1	-1	-1	-1	-1	
816	697	5c76ff5fbe12006e	6			yes					817	-1	845	900	923	930	
817	816	a8db19642a884312	6			yes					818	820	822	829	836	840	
818	817	3894ab01f533424b	5			yes					-1	-1	-1	-1	819	
819	818	56139c4518682692	4			yes					-1	-1	-1	-1	
820	817	88a054a6bcadfee3	6			yes					-1	-1	-1	-1	-1	821	
821	820	c6a0a2206bc9db4b	5			yes					-1	-1	-1	-1	-1	
822	817	f78cf089a3129c33	6			yes					-1	823	-1	-1	826	828	
823	822	500dce2aba029032	5			yes					-1	-1	-1	-1	824	
824	823	1e0d38ac6d66b59a	4			yes					-1	-1	-1	-1	
825	822	72766dca879c9196	5			no					-1	-1	-1	-1	-2	
826	822	f538c1c50ca02620	5			yes					-1	-1	-1	-1	827	
827	826	bb383743dbc40388	4			yes					-1	-1	-1	-1	
828	822	b98c060f7476b99b	5			yes					-1	-1	-1	-1	-1	
829	817	33236e4aafd14112	5			yes					-1	-1	830	832	833	
830	829	51fb9bbebd77ba2f	6			yes					-1	-1	-1	-1	-1	831	
831	830	1ffb6d386a139f87	5			yes					-1	-1	-1	-1	-1	
832	829	bde5a0c7a0763ceb	5			yes					-1	-1	-1	-1	-1	
833	829	5da4590e428a25cb	4			yes					-1	-1	834	835	
834	833	90d839cae126fe7b	6			yes					-1	-1	-1	-1	-1	-1	
835	833	18b547f47754c510	5			yes					-1	-1	-1	-1	-1	
836	817	f2b8d8d79c92f954	5			yes					-1	-1	837	-1	838	
837	836	920700e2674c3155	5			yes					-1	-1	-1	-1	-1	
838	836	9c3fef9371c99d8d	4			yes					-1	-1	839	-1	
839	838	f7f5699d7ebcebf9	5			yes					-1	-1	-1	-1	-1	
840	817	c65c2e20c7d327cb	5			yes					-1	841	842	-1	-1	
841	840	4983f6d2e0fcbab7	6			yes					-1	-1	-1	-1	-1	-1	
842	840	36af52fdff43d867	6			yes					-1	843	-1	-1	844	-1	
843	842	912e6c5ee653d466	5			yes					-1	-1	-1	-1	-1	
844	842	341b63b150f16274	5			yes					-1	-1	-1	-1	-1	
845	816	2b5a694c5927e325	5			yes					846	-1	866	888	893	
846	845	1029029df7f81901	6			yes					847	849	851	853	856	859	
847	846	ed54fb64ab736066	6			yes					-1	-1	-1	-1	-1	848	
848	847	a3540de27c1745ce	5			yes					-1	-1	-1	-1	-1	
849	846	fd33e262a5ac4424	6			yes					-1	-1	-1	-1	-1	850	
850	849	b33314e472c8618c	5			yes					-1	-1	-1	-1	-1	
851	846	24e81496b1c6a422	6			yes					-1	-1	-1	-1	-1	852	
852	851	6ae8e21066a2818a	5			yes					-1	-1	-1	-1	-1	
853	846	f7b89f3ccfbbd8e9	6			yes					-1	854	-1	-1	-1	855	
854	853	5039a19fd6abd4e8	5			yes					-1	-1	-1	-1	-1	
855	853	b9b869ba18dffd41	5			yes					-1	-1	-1	-1	-1	
856	846	9ad6d782925e03a5	6			yes					-1	857	-1	-1	858	-1	
857	856	3d57e9218b4e0fa4	5			yes					-1	-1	-1	-1	-1	
858	856	449bb93be1b77399	5			yes					-1	-1	-1	-1	-1	
859	846	7eae35d91aa37dd8	5			yes					860	861	862	863	864	
860	859	2c775910f7222432	6			yes					-1	-1	-1	-1	-1	-1	
861	859	3c104016f9fd0070	6			yes					-1	-1	-1	-1	-1	-1	
862	859	e5cbb6e2ed97e076	6			yes					-1	-1	-1	-1	-1	-1	
863	859	369b3d4893ea9cbd	6			yes					-1	-1	-1	-1	-1	-1	
864	859	ff24befd8baed909	6			yes					-1	-1	-1	-1	-1	-1	
865	864	58a5805e92bed508	5			no					-1	-2	-2	-2	-2	
866	845	383a2a54dcef4a7d	4			yes					867	-1	879	880	
867	866	967bea2b2a8aefa9	7			yes					-1	868	870	872	874	876	878	
868	867	31fad488339ae3a8	6			yes					-1	-1	-1	-1	-1	869	
869	868	7ffa220ee4fec600	5			yes					-1	-1	-1	-1	-1	
870	867	17a6fd04b6cb30d1	6			yes					-1	-1	-1	-1	-1	871	
871	870	59a60b8261af1579	5			yes					-1	-1	-1	-1	-1	
872	867	1945036892e49922	6			yes					-1	-1	-1	-1	-1	873	
873	872	5745f5ee4580bc8a	5			yes					-1	-1	-1	-1	-1	
874	867	4836849259639f95	6			yes					-1	-1	-1	-1	-1	875	
875	874	063672148e07ba3d	5			yes					-1	-1	-1	-1	-1	
876	867	94cfdb67853855ba	6			yes					-1	-1	-1	-1	-1	877	
877	876	dacf2de1525c7012	5			yes					-1	-1	-1	-1	-1	
878	867	d87b1cadfdeeca01	6			yes					-1	-1	-1	-1	-1	-1	
879	866	e8971b1c6e82f3a6	5			yes					-1	-1	-1	-1	-1	
880	866	4844197e1a8d1f26	3			yes					881	-1	887	
881	880	bdf80087bfe221a2	7			yes					-1	882	883	884	885	886	-1	
882	881	1a793e24a6f22da3	6			yes					-1	-1	-1	-1	-1	-1	
883	881	3c2517a823a3feda	6			yes					-1	-1	-1	-1	-1	-1	
884	881	32c6e9c4078c5729	6			yes					-1	-1	-1	-1	-1	-1	
885	881	63b56e3ecc0b519e	6			yes					-1	-1	-1	-1	-1	-1	
886	881	bf4c31cb10509bb1	6			yes					-1	-1	-1	-1	-1	-1	
887	880	a558f08dbdc034ba	5			yes					-1	-1	-1	-1	-1	
888	845	08c995b3e8411ef3	4			yes					889	-1	-1	891	
889	888	5ad90c9a3c458411	6			yes					-1	-1	-1	-1	-1	890	
890	889	bb11f3f6128f1a2b	5			yes					-1	-1	-1	-1	-1	
891	888	78b7a6992e234ba8	3			yes					892	-1	-1	
892	891	47f6b6ee31247c82	6			yes					-1	-1	-1	-1	-1	-1	
893	845	5b245a669f45b67e	4			yes					894	-1	-1	-1	
894	893	0998c5ff37689c04	6			yes					895	896	897	898	899	-1	
895	894	c6d711c83e1bae6d	6			yes					-1	-1	-1	-1	-1	-1	
896	894	d6b008ce30c48a2f	6			yes					-1	-1	-1	-1	-1	-1	
897	894	0f6bfe3a24ae6a29	6			yes					-1	-1	-1	-1	-1	-1	
898	894	dc3b75905ad316e2	6			yes					-1	-1	-1	-1	-1	-1	
899	894	8191b3f679e21ae2	6			yes					-1	-1	-1	-1	-1	-1	
900	816	4f16bc473bdaa936	5			yes					901	-1	-1	913	918	
901	900	0915487bfe01ce2d	5			yes					902	904	-1	905	908	
902	901	8055bcca6f36f3d1	6			yes					-1	-1	-1	-1	-1	903	
903	902	ce554a4cb852d679	5			yes					-1	-1	-1	-1	-1	
904	901	89c2e6f1d7c1e00c	6			yes					-1	-1	-1	-1	-1	-1	
905	901	f7d7902c561b9012	6			yes					-1	906	-1	-1	907	-1	
906	905	5056ae8f4f0b9c13	5			yes					-1	-1	-1	-1	-1	
907	905	299afe9525f2e02e	5			yes					-1	-1	-1	-1	-1	
908	901	67927f3f135aaaf4	4			yes					909	910	-1	912	
909	908	41761ebe3367b785	6			yes					-1	-1	-1	-1	-1	-1	
910	908	48e144858b90a458	6			yes					-1	-1	-1	-1	-1	-1	
911	910	c7c2107700a5c5a4	5			no					-1	-1	-2	-2	-2	
912	908	9225f9534feb4abe	6			yes					-1	-1	-1	-1	-1	-1	
913	900	6c8540b88abc54e0	4			yes					914	-1	-1	916	
914	913	37d84b34f80017a6	6			yes					-1	-1	-1	-1	-1	915	
915	914	d610b458d6ca899c	5			yes					-1	-1	-1	-1	-1	
916	913	1cfb73924cde01bb	3			yes					917	-1	-1	
917	916	2af7f140f561ef35	6			yes					-1	-1	-1	-1	-1	-1	
918	900	3f688f6dfdb8fc6d	4			yes					919	-1	-1	-1	
919	918	10a48f193e914b28	5			yes					920	921	-1	922	-1	
920	919	abd65666fa5e3dda	6			yes					-1	-1	-1	-1	-1	-1	
921	919	a2410c5d42a92e07	6			yes					-1	-1	-1	-1	-1	-1	
922	919	ec90f458bda78955	6			yes					-1	-1	-1	-1	-1	-1	
923	816	7fe503a00f74fdb8	5			yes					924	-1	-1	-1	927	
924	923	49667a3ebb1aa6ec	4			yes					-1	-1	925	-1	
925	924	3e5ff8c31e43a94d	6			yes					-1	-1	-1	-1	-1	926	
926	925	705f0e45c9278ce5	5			yes					-1	-1	-1	-1	-1	
927	923	0f9b308ac916a8e3	4			yes					928	-1	-1	-1	
928	927	7d65e35a34ab9457	4			yes					-1	-1	929	-1	
929	928	15dc126f8b2b6746	6			yes					-1	-1	-1	-1	-1	-1	
930	816	2c08cc7578705535	5			yes					931	-1	-1	-1	-1	
931	930	b16ade06ea18c617	6			yes					932	933	934	937	940	-1	
932	931	21256c6335a3c74e	5			yes					-1	-1	-1	-1	-1	
933	931	a323be0a29c530e8	6			yes					-1	-1	-1	-1	-1	-1	
934	931	dc0f1a25367a5238	6			yes					-1	935	-1	-1	936	-1	
935	934	7b8e24862f6a5e39	5			yes					-1	-1	-1	-1	-1	
936	934	debb2b6999c8e82b	5			yes					-1	-1	-1	-1	-1	
937	931	2a92a9286f41c417	5			yes					-1	-1	938	939	-1	
938	937	7a787112281f7424	6			yes					-1	-1	-1	-1	-1	-1	
939	937	b0d2501bb560efb2	5			yes					-1	-1	-1	-1	-1	
940	931	eb091fb55c027c51	5			yes					-1	-1	941	-1	-1	
941	940	894064968cf02812	5			yes					-1	-1	-1	-1	-1	
