Number of nodes
814
ID	PID	Hash_Value			File_Number	Fully_Enumerated	Children
0	-1	bdeb3e8a127bfd35	6			yes					1	275	478	638	755	813	
1	0	54f3ab7aebf05d7a	5			yes					2	113	160	199	237	
2	1	ac64567a3ccc737d	6			yes					3	25	68	93	110	112	
3	2	8abd155ffc5b76b8	5			yes					4	6	10	13	19	
4	3	8e8caa676adeb042	5			yes					-1	-1	-1	-1	5	
5	4	a2e4fb821331b08c	4			yes					-1	-1	-1	-1	
6	3	e1ac5b515210b0b2	5			yes					-1	7	-1	-1	9	
7	6	5ea5d48fe5e06508	4			yes					-1	-1	-1	8	
8	7	72cd856a9c0f65c6	3			yes					-1	-1	-1	
9	6	cdc40ab42bffb07c	4			yes					-1	-1	-1	-1	
10	3	fc65f0a527c8b0be	5			yes					-1	11	-1	-1	12	
11	10	436c7f7b90386504	4			yes					-1	-1	-1	-1	
12	10	971ff6bbf84a65a6	4			yes					-1	-1	-1	-1	
13	3	2b8dd5d6302af3cd	4			yes					14	15	-1	16	
14	13	baffa176dcbb4456	4			yes					-1	-1	-1	-1	
15	13	155298c5e27acdca	4			yes					-1	-1	-1	-1	
16	13	46afbb62de3397ad	3			yes					17	18	-1	
17	16	c62e9a79fd98cc83	4			yes					-1	-1	-1	-1	
18	16	5e7ffcde9e1217c4	4			yes					-1	-1	-1	-1	
19	3	e79f7beb124212d8	4			yes					20	21	23	-1	
20	19	48d5a4b13278dbe2	5			yes					-1	-1	-1	-1	-1	
21	19	27f555870ab6db12	5			yes					-1	22	-1	-1	-1	
22	21	98fcda59bd460ea8	4			yes					-1	-1	-1	-1	
23	19	0fc09978ace74b78	5			yes					-1	24	-1	-1	-1	
24	23	b0c916a61b179ec2	4			yes					-1	-1	-1	-1	
25	2	09b79dac06821b48	5			yes					-1	26	42	48	52	
26	25	fa5ff7205b7af011	6			yes					27	33	-1	37	39	41	
27	26	dc646a7f4a323323	5			yes					28	-1	30	-1	32	
28	27	4e20bcb70d371e2e	4			yes					-1	-1	-1	29	
29	28	6248ed5274d81ee0	3			yes					-1	-1	-1	
30	27	0561b815afaa4bee	4			yes					-1	-1	-1	31	
31	30	2909e9f0d6454b20	3			yes					-1	-1	-1	
32	27	f00c3b9a33dd33ed	4			yes					-1	-1	-1	-1	
33	26	681b21e81c7fdd1c	5			yes					-1	-1	34	-1	36	
34	33	b11ef382f9e7a5d1	4			yes					-1	-1	-1	35	
35	34	9d76a2678008a51f	3			yes					-1	-1	-1	
36	33	4473700d6590ddd2	4			yes					-1	-1	-1	-1	
37	26	235a254abee288dc	5			yes					-1	-1	-1	-1	38	
38	37	0f3274afc70d8812	4			yes					-1	-1	-1	-1	
39	26	e95c0489bfe1c71b	5			yes					-1	-1	-1	-1	40	
40	39	c534556cc60ec7d5	4			yes					-1	-1	-1	-1	
41	26	d637a6c52295f0df	5			yes					-1	-1	-1	-1	-1	
42	25	883dfeecaa084cc8	5			yes					43	45	-1	-1	46	
43	42	ae0663b3bb408ffa	4			yes					-1	-1	-1	44	
44	43	429531eb1a9de4c0	3			yes					-1	-1	-1	
45	42	1a792824ed0d61c5	4			yes					-1	-1	-1	-1	
46	42	64aeacb40bd527f2	4			yes					-1	47	-1	-1	
47	46	f6ea7a7c4cd00aff	3			yes					-1	-1	-1	
48	25	c87411a98a9dc4e5	5			yes					49	50	-1	51	-1	
49	48	ee4f8cf69bd507d7	4			yes					-1	-1	-1	-1	
50	48	5a30c761cd98e9e8	4			yes					-1	-1	-1	-1	
51	48	d78b07c84db468c7	4			yes					-1	-1	-1	-1	
52	25	6495f318e89b7f28	4			yes					-1	53	61	64	
53	52	3c06f9f603dc9bb1	6			yes					54	57	-1	59	60	-1	
54	53	1a3d64a912945883	5			yes					55	-1	56	-1	-1	
55	54	8879b2615591758e	4			yes					-1	-1	-1	-1	
56	54	c338b6c3f70c204e	4			yes					-1	-1	-1	-1	
57	53	ae422f3e44d9b6bc	5			yes					-1	-1	58	-1	-1	
58	57	7747fd54a141ce71	4			yes					-1	-1	-1	-1	
59	53	e5032b9ce644e37c	5			yes					-1	-1	-1	-1	-1	
60	53	2f050a5fe747acbb	5			yes					-1	-1	-1	-1	-1	
61	52	b1b0fb34a8140626	5			yes					62	63	-1	-1	-1	
62	61	978b666bb95cc514	4			yes					-1	-1	-1	-1	
63	61	23f42dfcef112b2b	4			yes					-1	-1	-1	-1	
64	52	2709481644df780b	5			yes					65	66	-1	67	-1	
65	64	0132d5495597bb39	4			yes					-1	-1	-1	-1	
66	64	b54d9ede03da5506	4			yes					-1	-1	-1	-1	
67	64	38f65e7783f6d429	4			yes					-1	-1	-1	-1	
68	2	89f943896bb2dd7f	5			yes					-1	-1	69	79	83	
69	68	28033bd6aea484eb	6			yes					70	72	74	-1	76	78	
70	69	0e38a689bfec47d9	5			yes					-1	-1	-1	-1	71	
71	70	2250f76cc6034717	4			yes					-1	-1	-1	-1	
72	69	ba47ed1ee9a1a9e6	5			yes					-1	-1	-1	-1	73	
73	72	962fbcfb904ea928	4			yes					-1	-1	-1	-1	
74	69	19740d3c7e1d0d16	5			yes					-1	-1	-1	-1	75	
75	74	351c5cd907f20dd8	4			yes					-1	-1	-1	-1	
76	69	5226762092727168	5			yes					-1	-1	-1	-1	77	
77	76	7e4e27c5eb9d71a6	4			yes					-1	-1	-1	-1	
78	69	046b6a33d74b8425	5			yes					-1	-1	-1	-1	-1	
79	68	fb0761caed0c1a51	5			yes					80	81	82	-1	-1	
80	79	dd3cfc95fc44d963	4			yes					-1	-1	-1	-1	
81	79	6943b702aa09375c	4			yes					-1	-1	-1	-1	
82	79	ca7057203db593ac	4			yes					-1	-1	-1	-1	
83	68	e4db2d3d85abb91f	4			yes					-1	-1	84	89	
84	83	ee5a3500f602ef4b	6			yes					85	86	87	-1	88	-1	
85	84	c861a85fe74a2c79	5			yes					-1	-1	-1	-1	-1	
86	84	7c1ee3c8b107c246	5			yes					-1	-1	-1	-1	-1	
87	84	df2d03ea26bb66b6	5			yes					-1	-1	-1	-1	-1	
88	84	947f78f6cad41ac8	5			yes					-1	-1	-1	-1	-1	
89	83	b02a05d19164c05f	5			yes					90	91	92	-1	-1	
90	89	9611988e802c036d	4			yes					-1	-1	-1	-1	
91	89	226ed319d661ed52	4			yes					-1	-1	-1	-1	
92	89	815d333b41dd49a2	4			yes					-1	-1	-1	-1	
93	2	6a85333d8fcf22e7	5			yes					-1	-1	-1	94	104	
94	93	2abe88629d48ef64	6			yes					95	97	99	101	-1	103	
95	94	0c85153d8c002c56	5			yes					-1	-1	-1	-1	96	
96	95	29810b32c1cb2302	4			yes					-1	-1	-1	-1	
97	94	b8fa5eaada4dc269	5			yes					-1	-1	-1	-1	98	
98	97	9dfe40a59786cd3d	4			yes					-1	-1	-1	-1	
99	94	1bc9be884df16699	5			yes					-1	-1	-1	-1	100	
100	99	3ecda087003a69cd	4			yes					-1	-1	-1	-1	
101	94	0a3640da4bb83672	5			yes					-1	-1	-1	-1	102	
102	101	2f325ed506733926	4			yes					-1	-1	-1	-1	
103	94	0fba966dd083e030	5			yes					-1	-1	-1	-1	-1	
104	93	07a75d8961d64687	4			yes					-1	-1	-1	105	
105	104	9c14ae800ebbecaf	6			yes					106	107	108	109	-1	-1	
106	105	ba2f33df1ff32f9d	5			yes					-1	-1	-1	-1	-1	
107	105	0e50784849bec1a2	5			yes					-1	-1	-1	-1	-1	
108	105	ad63986ade026552	5			yes					-1	-1	-1	-1	-1	
109	105	bc9c6638d84b35b9	5			yes					-1	-1	-1	-1	-1	
110	2	0d5496f3f0bdf608	5			yes					-1	-1	-1	-1	111	
111	110	6076f8471ea49268	4			yes					-1	-1	-1	-1	
112	2	c14638ced2d5171d	5			yes					-1	-1	-1	-1	-1	
113	1	61962e08d40ec574	5			yes					114	123	140	157	159	
114	113	68e106413ddd18e7	4			yes					115	116	118	119	
115	114	071616a25c51aab9	4			yes					-1	-1	-1	-1	
116	114	d883fa5f45b95a78	4			yes					-1	-1	-1	117	
117	116	209b03a8d8b596ad	3			yes					-1	-1	-1	
118	114	561d38cbd3dc4639	4			yes					-1	-1	-1	-1	
119	114	05c368f5d3c47c87	3			yes					120	121	122	
120	119	1d44ef3eb315f0a8	4			yes					-1	-1	-1	-1	
121	119	031575895c8baa01	4			yes					-1	-1	-1	-1	
122	119	d94afc9e05d3733f	4			yes					-1	-1	-1	-1	
123	113	0384e33378b86d1c	4			yes					-1	124	128	132	
124	123	749149621dcfa167	5			yes					-1	126	-1	-1	127	
125	124	52aad43d0c876255	4			no					-1	-1	-1	-2	
126	124	a1bebebc20b12cd4	4			yes					-1	-1	-1	-1	
127	124	4d500594b2ed1daf	4			yes					-1	-1	-1	-1	
128	123	8947dd279764a4bb	5			yes					129	130	-1	131	-1	
129	128	af7c4078862c6789	4			yes					-1	-1	-1	-1	
130	128	5c682af9aa1a2908	4			yes					-1	-1	-1	-1	
131	128	50420f4d72fcdc76	4			yes					-1	-1	-1	-1	
132	123	6ea68d8796a1097c	3			yes					-1	133	136	
133	132	4a10bfb5424cbfc3	5			yes					134	-1	-1	-1	-1	
134	133	6c2b22ea53047cf1	4			yes					-1	-1	-1	-1	
135	133	9f3f486b7f323270	4			no					-1	-1	-1	-2	
136	132	f596e628b6472c6e	5			yes					137	138	-1	139	-1	
137	136	d3ad7b77a70fef5c	4			yes					-1	-1	-1	-1	
138	136	20b911f68b39a1dd	4			yes					-1	-1	-1	-1	
139	136	2c93344253df54a3	4			yes					-1	-1	-1	-1	
140	113	a7774b4f670d94ee	4			yes					-1	-1	141	151	
141	140	35bbe34fd5b0f94a	6			yes					142	144	146	148	-1	150	
142	141	13807e10c4f83a78	5			yes					-1	-1	-1	-1	143	
143	142	3684601f8933352c	4			yes					-1	-1	-1	-1	
144	141	e0941491e8ce74f9	5			yes					-1	-1	-1	-1	145	
145	144	c5900a9ea5057bad	4			yes					-1	-1	-1	-1	
146	141	5ca29f9e378ac627	5			yes					-1	-1	-1	-1	147	
147	146	79a681917a41c973	4			yes					-1	-1	-1	-1	
148	141	15332bf70340205c	5			yes					-1	-1	-1	-1	149	
149	148	303735f84e8b2f08	4			yes					-1	-1	-1	-1	
150	141	10bffd40987bf61e	5			yes					-1	-1	-1	-1	-1	
151	140	ca5525fb8914f08e	3			yes					-1	-1	152	
152	151	8311c5ad4643fa81	6			yes					153	154	155	156	-1	-1	
153	152	a52a58f2570b39b3	5			yes					-1	-1	-1	-1	-1	
154	152	563e32737b3d7732	5			yes					-1	-1	-1	-1	-1	
155	152	ea08b97ca479c5ec	5			yes					-1	-1	-1	-1	-1	
156	152	a3990d1590b32397	5			yes					-1	-1	-1	-1	-1	
157	113	c0a6ee81187f4001	4			yes					-1	-1	-1	158	
158	157	ad848035f6662461	3			yes					-1	-1	-1	
159	113	0cb440bc3a17a114	4			yes					-1	-1	-1	-1	
160	1	f1c5b8980a9ef8af	5			yes					161	177	192	196	198	
161	160	f8b290d1e34d253c	4			yes					162	166	168	170	
162	161	fe71c8e46792728d	5			yes					-1	-1	-1	163	165	
163	162	ed723b4d83094587	4			yes					-1	-1	-1	164	
164	163	c11a6aa8fae64549	3			yes					-1	-1	-1	
165	162	d21999011e7d7243	4			yes					-1	-1	-1	-1	
166	161	d046637cac9116de	5			yes					-1	-1	-1	-1	167	
167	166	fc2e3299d57e1610	4			yes					-1	-1	-1	-1	
168	161	ca1e58ad16fd7603	5			yes					-1	169	-1	-1	-1	
169	168	7517d773a10da3b9	4			yes					-1	-1	-1	-1	
170	161	9590fe650d54415c	3			yes					171	173	174	
171	170	3828c6323f34192d	5			yes					-1	-1	-1	172	-1	
172	171	2b2b359bdbaf2e27	4			yes					-1	-1	-1	-1	
173	170	161f6daaf4377d7e	5			yes					-1	-1	-1	-1	-1	
174	170	b6cf63a237defed6	5			yes					-1	175	-1	-1	-1	
175	174	09c6ec7c802e2b6c	4			yes					-1	-1	-1	-1	
176	174	3c960ae762fa5d0b	4			no					-1	-2	-2	-2	
177	160	5416734e30d0909a	4			yes					-1	178	180	185	
178	177	fad3968c1699008b	5			yes					-1	-1	-1	-1	179	
179	178	8d0f6511c0d77e44	4			yes					-1	-1	-1	-1	
180	177	c62a10c7e8e323fd	5			yes					181	182	183	184	-1	
181	180	e0118d98f9abe0cf	4			yes					-1	-1	-1	-1	
182	180	1305e719d59dae4e	4			yes					-1	-1	-1	-1	
183	180	4c6a88b15953f4d1	4			yes					-1	-1	-1	-1	
184	180	4f133e3c0b385318	4			yes					-1	-1	-1	-1	
185	177	39341dfadec9f4fa	3			yes					-1	186	187	
186	185	2806f88707a2d115	5			yes					-1	-1	-1	-1	-1	
187	185	b7f6f52ef418e790	5			yes					188	189	190	-1	-1	
188	187	91cd6871e55024a2	4			yes					-1	-1	-1	-1	
189	187	62d902f0c9666a23	4			yes					-1	-1	-1	-1	
190	187	3db66d5845a830bc	4			yes					-1	-1	-1	-1	
191	187	3ecfdbd517c39775	4			no					-1	-2	-1	-1	
192	160	60b64da2f1f554b3	4			yes					-1	-1	193	194	
193	192	80e3c14c9109df61	5			yes					-1	-1	-1	-1	-1	
194	192	0d9423161fec30d3	3			yes					-1	-1	195	
195	194	1440652bfaaa17a2	5			yes					-1	-1	-1	-1	-1	
196	160	50f57811c6ef7dda	4			yes					-1	-1	-1	197	
197	196	3dd716a528f619ba	3			yes					-1	-1	-1	
198	160	9ce7d62ce4879ccf	4			yes					-1	-1	-1	-1	
199	1	80e2de2a783dade3	5			yes					200	211	230	234	236	
200	199	8995f66391ee7070	4			yes					201	203	-1	207	
201	200	9d18af0b1e9868e4	5			yes					-1	-1	-1	-1	202	
202	201	b170feee6777682a	4			yes					-1	-1	-1	-1	
203	200	627fa804fba46abc	6			yes					-1	204	-1	-1	-1	206	
204	203	dd7627da4c54bf06	5			yes					-1	-1	-1	-1	205	
205	204	f11e763f35bbbfc8	4			yes					-1	-1	-1	-1	
206	203	4e17f9e1824b6a72	5			yes					-1	-1	-1	-1	-1	
207	200	e4b798d77ff71410	3			yes					208	209	-1	
208	207	5b41a1dd463e0344	5			yes					-1	-1	-1	-1	-1	
209	207	a426a6d2a302011c	6			yes					-1	210	-1	-1	-1	-1	
210	209	1b2f290c14f2d4a6	5			yes					-1	-1	-1	-1	-1	
211	199	253115fc4273c5d6	4			yes					-1	212	222	223	
212	211	68494dcc79ecebf1	6			yes					213	215	-1	217	219	221	
213	212	4e72d09368a428c3	5			yes					-1	-1	-1	-1	214	
214	213	621a8176114b280d	4			yes					-1	-1	-1	-1	
215	212	bd66ba1244926642	5			yes					-1	-1	-1	-1	216	
216	215	910eebf73d7d668c	4			yes					-1	-1	-1	-1	
217	212	7c32dbf602b72596	5			yes					-1	-1	-1	-1	218	
218	217	505a8a137b582558	4			yes					-1	-1	-1	-1	
219	212	7b4abe659d77dcfb	5			yes					-1	-1	-1	-1	220	
220	219	5722ef80e498dc35	4			yes					-1	-1	-1	-1	
221	212	44211c290003eb3f	5			yes					-1	-1	-1	-1	-1	
222	211	d045dae8b9c2fe06	5			yes					-1	-1	-1	-1	-1	
223	211	48137b48ac6aa1b6	3			yes					-1	224	229	
224	223	ae10431a214a8051	6			yes					225	226	-1	227	228	-1	
225	224	882bde4530024363	5			yes					-1	-1	-1	-1	-1	
226	224	7b3fb4c41c340de2	5			yes					-1	-1	-1	-1	-1	
227	224	ba6bd5205a114e36	5			yes					-1	-1	-1	-1	-1	
228	224	bd13b0b3c5d1b75b	5			yes					-1	-1	-1	-1	-1	
229	223	6e059cc59eceffd4	5			yes					-1	-1	-1	-1	-1	
230	199	a57fcbd92f4303e1	4			yes					-1	-1	231	232	
231	230	7551c761b1623af0	5			yes					-1	-1	-1	-1	-1	
232	230	c85da56dc15a6781	3			yes					-1	-1	233	
233	232	2560fad1d9695ede	5			yes					-1	-1	-1	-1	-1	
234	199	e41b98d86afa7fc4	4			yes					-1	-1	-1	235	
235	234	8939f66c84e31ba4	3			yes					-1	-1	-1	
236	199	edc0b09e9624c983	4			yes					-1	-1	-1	-1	
237	1	984c6c9106a9dd7f	5			yes					238	245	262	273	274	
238	237	913b44d8ef7a00ec	4			yes					239	241	244	-1	
239	238	5a1219ce87c26d70	5			yes					-1	-1	-1	-1	240	
240	239	b4756d7763daeb34	4			yes					-1	-1	-1	-1	
241	238	68c4c00680ba1841	5			yes					-1	242	-1	-1	243	
242	241	d7cd4fd8374acdfb	4			yes					-1	-1	-1	-1	
243	241	13d22d3c9ee59eac	4			yes					-1	-1	-1	-1	
244	238	5f072bf126ad59da	5			yes					-1	-1	-1	-1	-1	
245	237	3d9fa7473ce7b54a	4			yes					-1	246	256	260	
246	245	69aa659fcc1d8d9d	6			yes					247	249	-1	251	253	255	
247	246	4f91f8c0dd554eaf	5			yes					-1	-1	-1	-1	248	
248	247	a1f68c79394dc8eb	4			yes					-1	-1	-1	-1	
249	246	bc859241f163002e	5			yes					-1	-1	-1	-1	250	
250	249	52e2e6f8157b866a	4			yes					-1	-1	-1	-1	
251	246	b0afb7f52985f550	5			yes					-1	-1	-1	-1	252	
252	251	5ec8c34ccd9d7314	4			yes					-1	-1	-1	-1	
253	246	6c3800c3586de12f	5			yes					-1	-1	-1	-1	254	
254	253	825f747abc75676b	4			yes					-1	-1	-1	-1	
255	246	87cd112628050bd9	5			yes					-1	-1	-1	-1	-1	
256	245	20aebf06d6e6faf8	5			yes					257	258	-1	-1	259	
257	256	06952259c7ae39ca	4			yes					-1	-1	-1	-1	
258	256	f58148d8eb98774b	4			yes					-1	-1	-1	-1	
259	256	5bb8523cc8b97c15	4			yes					-1	-1	-1	-1	
260	245	ea0b58fd0dae220b	3			yes					-1	-1	261	
261	260	fef95fed3b4be9fd	5			yes					-1	-1	-1	-1	-1	
262	237	bdd1796251d7737d	4			yes					-1	-1	263	272	
263	262	c2f8cee0dbca2d26	6			yes					264	266	268	-1	270	271	
264	263	e4c353bfca82ee14	5			yes					-1	-1	-1	-1	265	
265	264	0aa427062e9a6850	4			yes					-1	-1	-1	-1	
266	263	17d7393ee6b4a095	5			yes					-1	-1	-1	-1	267	
267	266	f9b04d8702ac26d1	4			yes					-1	-1	-1	-1	
268	263	f38ff80a0b73a4db	5			yes					-1	-1	-1	-1	269	
269	268	1de88cb3ef6b229f	4			yes					-1	-1	-1	-1	
270	263	d742726a75fe575c	5			yes					-1	-1	-1	-1	-1	
271	263	2c9fba593fd2ab62	5			yes					-1	-1	-1	-1	-1	
272	262	6a4586d8609ee43c	3			yes					-1	-1	-1	
273	237	5ead09d6b5aa8ce5	4			yes					-1	-1	-1	-1	
274	237	4fd8932b37e04a3e	4			yes					-1	-1	-1	-1	
275	0	e0cd3ae3c2965e7a	5			yes					-1	276	377	412	447	
276	275	56c61268d86ebdb7	6			yes					277	319	332	357	374	376	
277	276	75b78ad36d9da264	5			yes					278	280	292	297	302	
278	277	5612ffe22ffa79e7	5			yes					-1	-1	-1	-1	279	
279	278	7a7aae0756157929	4			yes					-1	-1	-1	-1	
280	277	7ec2291ced8af974	6			yes					281	283	285	287	289	291	
281	280	835b9439b3fbb551	5			yes					-1	-1	-1	-1	282	
282	281	af33c5dcca14b59f	4			yes					-1	-1	-1	-1	
283	280	597ffaae2be46277	5			yes					-1	-1	-1	-1	284	
284	283	7517ab4b520b62b9	4			yes					-1	-1	-1	-1	
285	280	ea6b94f317029037	5			yes					-1	-1	-1	-1	286	
286	285	c603c5166eed90f9	4			yes					-1	-1	-1	-1	
287	280	71e67134ffe389a1	5			yes					-1	-1	-1	-1	288	
288	287	5d8e20d1860c896f	4			yes					-1	-1	-1	-1	
289	280	6dc1dab50911ce7e	5			yes					-1	-1	-1	-1	290	
290	289	41a98b5070feceb0	4			yes					-1	-1	-1	-1	
291	280	52aa78f99465f9ba	5			yes					-1	-1	-1	-1	-1	
292	277	dcf9520a8666e2bf	5			yes					293	294	295	-1	296	
293	292	2160ef2fd817ae9a	4			yes					-1	-1	-1	-1	
294	292	fb4481b8400879bc	4			yes					-1	-1	-1	-1	
295	292	a3514590a091c0f7	4			yes					-1	-1	-1	-1	
296	292	24e1abfd1b6a2e6a	4			yes					-1	-1	-1	-1	
297	277	5267909e1003fefe	5			yes					298	299	300	-1	-1	
298	297	affe2dbb4e72b2db	4			yes					-1	-1	-1	-1	
299	297	75da432cd66d65fd	4			yes					-1	-1	-1	-1	
300	297	2dcf870436f4dcb6	4			yes					-1	-1	-1	-1	
301	297	8203ddf8f8b3e20e	4			no					-1	-2	-2	-1	
302	277	1895e4678384c604	4			yes					303	304	310	314	
303	302	904bf134775c1247	5			yes					-1	-1	-1	-1	-1	
304	302	b89b27cab52c92d4	6			yes					305	306	307	308	309	-1	
305	304	45029aefeb5ddef1	5			yes					-1	-1	-1	-1	-1	
306	304	9f26f478734209d7	5			yes					-1	-1	-1	-1	-1	
307	304	2c329a254fa4fb97	5			yes					-1	-1	-1	-1	-1	
308	304	b7bf7fe2a745e201	5			yes					-1	-1	-1	-1	-1	
309	304	ab98d46351b7a5de	5			yes					-1	-1	-1	-1	-1	
310	302	076fdddc9f5412c6	5			yes					311	312	313	-1	-1	
311	310	faf660f9c1255ee3	4			yes					-1	-1	-1	-1	
312	310	20d20e6e593a89c5	4			yes					-1	-1	-1	-1	
313	310	78c7ca46b9a3308e	4			yes					-1	-1	-1	-1	
314	302	dd3054cbc60ccbf8	5			yes					315	316	317	318	-1	
315	314	20a9e9ee987d87dd	4			yes					-1	-1	-1	-1	
316	314	fa8d8779006250fb	4			yes					-1	-1	-1	-1	
317	314	a2984351e0fbe9b0	4			yes					-1	-1	-1	-1	
318	314	0d5419ad2ebcd708	4			yes					-1	-1	-1	-1	
319	276	0c1f463273e6015e	5			yes					-1	320	322	323	329	
320	319	6cb6a499bd15bea3	5			yes					-1	-1	-1	-1	321	
321	320	40def57cc4fabe6d	4			yes					-1	-1	-1	-1	
322	319	9171223cf120cbb8	5			yes					-1	-1	-1	-1	-1	
323	319	ad2f86bbbf97842b	4			yes					324	325	-1	326	
324	323	6261f4f3999f8df3	4			yes					-1	-1	-1	-1	
325	323	3fadb50c7b4616fe	4			yes					-1	-1	-1	-1	
326	323	c00de80f518ee04b	3			yes					327	328	-1	
327	326	1eb0cffcb8bc0526	4			yes					-1	-1	-1	-1	
328	326	8c339574298fec8e	4			yes					-1	-1	-1	-1	
329	319	613d28869dff653e	4			yes					-1	330	331	-1	
330	329	aaefaa4fe5b3d503	5			yes					-1	-1	-1	-1	-1	
331	329	62d44be17a0f307e	5			yes					-1	-1	-1	-1	-1	
332	276	735b079b8f1013b5	5			yes					-1	-1	333	343	347	
333	332	2cfe2ffac3f7c629	6			yes					334	336	338	-1	340	342	
334	333	5656ecb28d6ff149	5			yes					-1	-1	-1	-1	335	
335	334	7a3ebd57f480f187	4			yes					-1	-1	-1	-1	
336	333	bebaf93284f2eb24	5			yes					-1	-1	-1	-1	337	
337	336	92d2a8d7fd1debea	4			yes					-1	-1	-1	-1	
338	333	45e7532b21cdf944	5			yes					-1	-1	-1	-1	339	
339	338	698f02ce5822f98a	4			yes					-1	-1	-1	-1	
340	333	56db620cff2133aa	5			yes					-1	-1	-1	-1	341	
341	340	7ab333e986ce3364	4			yes					-1	-1	-1	-1	
342	333	00967e1fba18c6e7	5			yes					-1	-1	-1	-1	-1	
343	332	fffa75e6805f5893	5			yes					344	345	346	-1	-1	
344	343	8552b6aecec76ff3	4			yes					-1	-1	-1	-1	
345	343	6dbea32ec75a759e	4			yes					-1	-1	-1	-1	
346	343	96e30937626567fe	4			yes					-1	-1	-1	-1	
347	332	1e79692f610977d5	4			yes					-1	-1	348	353	
348	347	eaa7212c9b51ad89	6			yes					349	350	351	-1	352	-1	
349	348	900fe264d5c99ae9	5			yes					-1	-1	-1	-1	-1	
350	348	78e3f7e4dc548084	5			yes					-1	-1	-1	-1	-1	
351	348	83be5dfd796b92e4	5			yes					-1	-1	-1	-1	-1	
352	348	90826cdaa787580a	5			yes					-1	-1	-1	-1	-1	
353	347	b4d711fdfc37829d	5			yes					354	355	356	-1	-1	
354	353	ce7fd2b5b2afb5fd	4			yes					-1	-1	-1	-1	
355	353	2693c735bb32af90	4			yes					-1	-1	-1	-1	
356	353	ddce6d2c1e0dbdf0	4			yes					-1	-1	-1	-1	
357	276	9027772f6b6dec2d	5			yes					-1	-1	-1	358	368	
358	357	2e439c4ef01bada6	6			yes					359	360	362	364	-1	366	
359	358	54eb5f06be839ac6	5			yes					-1	-1	-1	-1	-1	
360	358	bc074a86b71e80ab	5			yes					-1	-1	-1	-1	361	
361	360	99035489fad58fff	4			yes					-1	-1	-1	-1	
362	358	475ae09f122192cb	5			yes					-1	-1	-1	-1	363	
363	362	625efe905fea9d9f	4			yes					-1	-1	-1	-1	
364	358	0ecb54f626eb74b0	5			yes					-1	-1	-1	-1	365	
365	364	2bcf4af96b207be4	4			yes					-1	-1	-1	-1	
366	358	0b478241bdd0a2f2	5			yes					-1	-1	-1	-1	-1	
367	366	71ef4109f3489592	4			yes					-1	-1	-1	-1	
368	357	fd05199b8574884d	4			yes					-1	-1	-1	369	
369	368	98e9baac63e8ae6d	6			yes					370	371	372	373	-1	-1	
370	369	e24179e42d70990d	5			yes					-1	-1	-1	-1	-1	
371	369	0aad6c6424ed8360	5			yes					-1	-1	-1	-1	-1	
372	369	f1f0c67d81d29100	5			yes					-1	-1	-1	-1	-1	
373	369	b8617214b518777b	5			yes					-1	-1	-1	-1	-1	
374	276	f7f6d2e1141f38c2	5			yes					-1	-1	-1	-1	375	
375	374	9ad4bc55fa065ca2	4			yes					-1	-1	-1	-1	
376	276	3be47cdc3677d9d7	5			yes					-1	-1	-1	-1	-1	
377	275	aafe6171d3007372	5			yes					378	399	405	409	411	
378	377	898ff9ca66f36ca1	4			yes					379	383	385	390	
379	378	1fa35644b8024aa4	5			yes					-1	380	-1	-1	382	
380	379	d7a02fee2ff09667	4			yes					-1	-1	-1	381	
381	380	fbc87e0b561f96a9	3			yes					-1	-1	-1	
382	379	33cb07a1c1ed4a6a	4			yes					-1	-1	-1	-1	
383	378	cded6cb992002cc1	5			yes					-1	-1	-1	-1	384	
384	383	e1853d5cebef2c0f	4			yes					-1	-1	-1	-1	
385	378	096e74e01718f88a	5			yes					386	387	388	389	-1	
386	385	f4f7c9c54969b4af	4			yes					-1	-1	-1	-1	
387	385	d72f5d2757db1a56	4			yes					-1	-1	-1	-1	
388	385	9ca676d26bd714a9	4			yes					-1	-1	-1	-1	
389	385	80575a1bf4c3886f	4			yes					-1	-1	-1	-1	
390	378	e4ad977e88ea08c1	3			yes					391	393	394	
391	390	d9fa5892e0a42104	5			yes					-1	392	-1	-1	-1	
392	391	11f921387756fdc7	4			yes					-1	-1	-1	-1	
393	390	0bb4626fcaa64761	5			yes					-1	-1	-1	-1	-1	
394	390	78b291090be33ce7	5			yes					395	396	397	398	-1	
395	394	852b2c2c559270c2	4			yes					-1	-1	-1	-1	
396	394	a6f3b8ce4b20de3b	4			yes					-1	-1	-1	-1	
397	394	ed7a933b772cd0c4	4			yes					-1	-1	-1	-1	
398	394	f18bbff2e8384c02	4			yes					-1	-1	-1	-1	
399	377	7e10c3bc6cf052da	4			yes					-1	400	401	402	
400	399	7a50341f5cd2d249	4			yes					-1	-1	-1	-1	
401	399	3650d563962678ef	4			yes					-1	-1	-1	-1	
402	399	1332ad0882e936ba	3			yes					-1	403	404	
403	402	d59730e920fe560b	4			yes					-1	-1	-1	-1	
404	402	478c308a8addbc82	4			yes					-1	-1	-1	-1	
405	377	3b8d944b286bdf6e	4			yes					-1	-1	406	407	
406	405	9b1bbe4db4a28b8d	5			yes					-1	-1	-1	-1	-1	
407	405	56affaffc672bb0e	3			yes					-1	-1	408	
408	407	0fb81a2adf01434e	5			yes					-1	-1	-1	-1	-1	
409	377	0bcea1f81f71f607	4			yes					-1	-1	-1	410	
410	409	66eccf4cf1689267	3			yes					-1	-1	-1	
411	377	c7dc0fc53d191712	4			yes					-1	-1	-1	-1	
412	275	dbd907c3a1a3263e	5			yes					413	435	440	444	446	
413	412	f8a89f78145039ed	4			yes					414	416	426	427	
414	413	4bd78d6db3bc2de1	5			yes					-1	-1	-1	-1	415	
415	414	67bfdc88ca532d2f	4			yes					-1	-1	-1	-1	
416	413	e5c66cc7a73ca305	6			yes					417	419	-1	421	423	425	
417	416	185fd1e2f94def20	5			yes					-1	-1	-1	-1	418	
418	417	3437800780a2efee	4			yes					-1	-1	-1	-1	
419	416	3b874500e7ff41d9	5			yes					-1	-1	-1	-1	420	
420	419	17ef14e59e104117	4			yes					-1	-1	-1	-1	
421	416	f1bdfafddc676d62	5			yes					-1	-1	-1	-1	422	
422	421	ddd5ab18a5886dac	4			yes					-1	-1	-1	-1	
423	416	f6c59f6e43a7940f	5			yes					-1	-1	-1	-1	424	
424	423	daadce8b3a4894c1	4			yes					-1	-1	-1	-1	
425	416	c9ae3d22ded3a3cb	5			yes					-1	-1	-1	-1	-1	
426	413	636fe4261f0a5a98	5			yes					-1	-1	-1	-1	-1	
427	413	958af1ccfa495d8d	3			yes					428	429	434	
428	427	8d8e83bbeb1a4641	5			yes					-1	-1	-1	-1	-1	
429	427	239f6211ff9ac8a5	6			yes					430	431	-1	432	433	-1	
430	429	de06df34a1eb8480	5			yes					-1	-1	-1	-1	-1	
431	429	fdde4bd6bf592a79	5			yes					-1	-1	-1	-1	-1	
432	429	37e4f42b84c106c2	5			yes					-1	-1	-1	-1	-1	
433	429	309c91b81b01ffaf	5			yes					-1	-1	-1	-1	-1	
434	427	e7765f6e26ad8722	5			yes					-1	-1	-1	-1	-1	
435	412	0f37a50e1e530796	4			yes					-1	436	-1	438	
436	435	e13af6e1cc8aa29a	5			yes					-1	-1	-1	-1	437	
437	436	cd52a704b565a254	4			yes					-1	-1	-1	-1	
438	435	6215cbbaf04a63f6	3			yes					-1	439	-1	
439	438	2763f837942cc93a	5			yes					-1	-1	-1	-1	-1	
440	412	fe441230f6dd883c	4			yes					-1	-1	441	442	
441	440	6ea9b86094c96e1c	5			yes					-1	-1	-1	-1	-1	
442	440	93667c8418c4ec5c	3			yes					-1	-1	443	
443	442	3e9885d0fcc20a32	5			yes					-1	-1	-1	-1	-1	
444	412	bf204131b364f419	4			yes					-1	-1	-1	445	
445	444	d2022f855d7d9079	3			yes					-1	-1	-1	
446	412	b6fb69774fba425e	4			yes					-1	-1	-1	-1	
447	275	c377b578df3756a2	5			yes					448	461	465	476	477	
448	447	e0062dc36ac44971	4			yes					449	451	456	458	
449	448	828c4c4bc2e6a4d5	5			yes					-1	-1	-1	-1	450	
450	449	6ceb38f226fe2291	4			yes					-1	-1	-1	-1	
451	448	16142ab0c1335f63	5			yes					452	453	-1	454	455	
452	451	eb8d97959f421346	4			yes					-1	-1	-1	-1	
453	451	c855037781f0bdbf	4			yes					-1	-1	-1	-1	
454	451	de066d2f45e76464	4			yes					-1	-1	-1	-1	
455	451	6d02c78adf6cd98e	4			yes					-1	-1	-1	-1	
456	448	5e5db6accd6bfdc5	5			yes					-1	-1	-1	-1	457	
457	456	254b5b96d3347b28	4			yes					-1	-1	-1	-1	
458	448	3792d2795b8dde30	3			yes					-1	459	460	
459	458	3275035f3935fa5d	5			yes					-1	-1	-1	-1	-1	
460	458	44859f4e7766a9e8	5			yes					-1	-1	-1	-1	-1	
461	447	179917b560c7770a	4			yes					-1	462	464	-1	
462	461	63d8c92826a4349c	5			yes					-1	-1	-1	-1	463	
463	462	8dbfbd91c2bcb2d8	4			yes					-1	-1	-1	-1	
464	461	3213f968f04522dc	5			yes					-1	-1	-1	-1	-1	
465	447	e6eaa08b8849f8a0	4			yes					-1	-1	466	475	
466	465	d900b1e1fe6179ca	6			yes					467	469	471	-1	473	474	
467	466	a3a872a9b0f94eaa	5			yes					-1	-1	-1	-1	468	
468	467	4dcf061054e1c8ee	4			yes					-1	-1	-1	-1	
469	466	4b446729b96454c7	5			yes					-1	-1	-1	-1	470	
470	469	a52313905d7cd283	4			yes					-1	-1	-1	-1	
471	466	e877870b2ed8f037	5			yes					-1	-1	-1	-1	472	
472	471	0610f3b2cac07673	4			yes					-1	-1	-1	-1	
473	466	ccba0d6b505503b0	5			yes					-1	-1	-1	-1	-1	
474	466	3767c5581a79ff8e	5			yes					-1	-1	-1	-1	-1	
475	465	317e5f31b9006fe1	3			yes					-1	-1	-1	
476	447	0596d03f6c340738	4			yes					-1	-1	-1	-1	
477	447	14e34ac2ee7ec1e3	4			yes					-1	-1	-1	-1	
478	0	9c0469cf03b94de0	5			yes					-1	-1	479	577	612	
479	478	8458a7e3c0652b8f	6			yes					480	517	547	557	574	576	
480	479	a7293f587596345c	5			yes					481	489	491	499	503	
481	480	359116e23d0ae0a6	5			yes					-1	482	484	486	488	
482	481	8220c1fe6cad3bba	4			yes					-1	-1	-1	483	
483	482	ae48901b15423b74	3			yes					-1	-1	-1	
484	481	bca83819ded19043	4			yes					-1	-1	-1	485	
485	484	90c069fca73e908d	3			yes					-1	-1	-1	
486	481	ccbe6ec09053c4d6	4			yes					-1	-1	-1	487	
487	486	e0d63f25e9bcc418	3			yes					-1	-1	-1	
488	481	19f9470744e5e068	4			yes					-1	-1	-1	-1	
489	480	acf8ce116cb8dcac	5			yes					-1	-1	-1	-1	490	
490	489	80909ff41557dc62	4			yes					-1	-1	-1	-1	
491	480	5982ace2f4f3c7b2	6			yes					-1	492	494	-1	496	498	
492	491	efda22c65acddb00	5			yes					-1	-1	-1	-1	493	
493	492	c3b273232322dbce	4			yes					-1	-1	-1	-1	
494	491	ee337bfea5541cae	5			yes					-1	-1	-1	-1	495	
495	494	c25b2a1bdcbb1c60	4			yes					-1	-1	-1	-1	
496	491	23a7e114c8253231	5			yes					-1	-1	-1	-1	497	
497	496	0fcfb0f1b1ca32ff	4			yes					-1	-1	-1	-1	
498	491	75eafd078d1cc77c	5			yes					-1	-1	-1	-1	-1	
499	480	d8bc8997d5ac1293	5			yes					-1	500	501	502	-1	
500	499	6ee407b37b920e21	4			yes					-1	-1	-1	-1	
501	499	6f0d5e8b840bc98f	4			yes					-1	-1	-1	-1	
502	499	5185a76c36776276	4			yes					-1	-1	-1	-1	
503	480	ca0b51ec9b8f503c	4			yes					504	508	509	513	
504	503	f3c8183465ac8b06	5			yes					-1	505	506	507	-1	
505	504	4479cf28340b501a	4			yes					-1	-1	-1	-1	
506	504	7af136cf8677fbe3	4			yes					-1	-1	-1	-1	
507	504	0ae76016c8f5af76	4			yes					-1	-1	-1	-1	
508	503	6aa1c0c7341eb70c	5			yes					-1	-1	-1	-1	-1	
509	503	9fdba234ac55ac12	6			yes					-1	510	511	-1	512	-1	
510	509	29832c10026bb0a0	5			yes					-1	-1	-1	-1	-1	
511	509	286a7528fdf2770e	5			yes					-1	-1	-1	-1	-1	
512	509	e5feefc290835991	5			yes					-1	-1	-1	-1	-1	
513	503	a9606c7ec957d6fe	5			yes					-1	514	515	516	-1	
514	513	1f38e25a6769ca4c	4			yes					-1	-1	-1	-1	
515	513	1ed1bb6298f00de2	4			yes					-1	-1	-1	-1	
516	513	205942852a8ca61b	4			yes					-1	-1	-1	-1	
517	479	5c69259107ddf379	5			yes					-1	518	520	530	535	
518	517	3e3db092e365bae9	5			yes					-1	-1	-1	-1	519	
519	518	1255e1779a8aba27	4			yes					-1	-1	-1	-1	
520	517	70a307636b0cdc93	6			yes					521	523	525	-1	527	529	
521	520	0a0bc42b2594ebf3	5			yes					-1	-1	-1	-1	522	
522	521	266395ce5c7beb3d	4			yes					-1	-1	-1	-1	
523	520	f359d3114b05830d	5			yes					-1	-1	-1	-1	524	
524	523	df3182f432ea83c3	4			yes					-1	-1	-1	-1	
525	520	c712d07f3aab078f	5			yes					-1	-1	-1	-1	526	
526	525	eb7a819a43440741	4			yes					-1	-1	-1	-1	
527	520	0a864a9557da2910	5			yes					-1	-1	-1	-1	528	
528	527	26ee1b702e3529de	4			yes					-1	-1	-1	-1	
529	520	5ccb568612e3dc5d	5			yes					-1	-1	-1	-1	-1	
530	517	f19d22164a5309b2	5			yes					531	532	533	534	-1	
531	530	8b35e15e04cb3ed2	4			yes					-1	-1	-1	-1	
532	530	7267f6646a5a562c	4			yes					-1	-1	-1	-1	
533	530	462cf50a1bf4d2ae	4			yes					-1	-1	-1	-1	
534	530	78a40ceda9887957	4			yes					-1	-1	-1	-1	
535	517	314b4b25e9c49719	4			yes					-1	536	537	542	
536	535	f864be44bbc3d149	5			yes					-1	-1	-1	-1	-1	
537	535	b6fa09b533aab733	6			yes					538	539	540	-1	541	-1	
538	537	cc52cafd7d328053	5			yes					-1	-1	-1	-1	-1	
539	537	3500ddc713a3e8ad	5			yes					-1	-1	-1	-1	-1	
540	537	014bdea9620d6c2f	5			yes					-1	-1	-1	-1	-1	
541	537	ccdf44430f7c42b0	5			yes					-1	-1	-1	-1	-1	
542	535	8041c7ff56a8cddf	5			yes					543	544	545	546	-1	
543	542	fae904b71830fabf	4			yes					-1	-1	-1	-1	
544	542	03bb138d76a19241	4			yes					-1	-1	-1	-1	
545	542	37f010e3070f16c3	4			yes					-1	-1	-1	-1	
546	542	0978e904b573bd3a	4			yes					-1	-1	-1	-1	
547	479	f1b3d1b3e32077aa	5			yes					-1	-1	548	549	555	
548	547	28021775421f5535	5			yes					-1	-1	-1	-1	-1	
549	547	5083113a2f51f2df	4			yes					550	551	-1	552	
550	549	988bc500dadd28b8	4			yes					-1	-1	-1	-1	
551	549	0aaab27cd41b6fb6	4			yes					-1	-1	-1	-1	
552	549	3da17f8ec14896bf	3			yes					553	554	-1	
553	552	e45afe0ffbfea06d	4			yes					-1	-1	-1	-1	
554	552	3e48158eb3224eb0	4			yes					-1	-1	-1	-1	
555	547	9c91bf070d3913ca	4			yes					-1	-1	556	-1	
556	555	1683e1a21d9c4b91	5			yes					-1	-1	-1	-1	-1	
557	479	42b9c2a473667a15	5			yes					-1	-1	-1	558	568	
558	557	c3f91ca509b477d3	6			yes					559	561	562	564	-1	566	
559	558	b951dfed472c40b3	5			yes					-1	-1	-1	-1	560	
560	559	9c55c1e20ae74fe7	4			yes					-1	-1	-1	-1	
561	558	16d6eb7b34cafa60	5			yes					-1	-1	-1	-1	-1	
562	558	aae06074eb8e48be	5			yes					-1	-1	-1	-1	563	
563	562	8fe47e7ba64547ea	4			yes					-1	-1	-1	-1	
564	558	49a075e05c90d40e	5			yes					-1	-1	-1	-1	565	
565	564	6ca46bef115bdb5a	4			yes					-1	-1	-1	-1	
566	558	e6fd02aa447f7887	5			yes					-1	567	-1	-1	-1	
567	566	33d2f5747901f534	4			yes					-1	-1	-1	-1	
568	557	2f9bac109d7f1e75	4			yes					-1	-1	-1	569	
569	568	75533a479a477418	6			yes					570	571	572	573	-1	-1	
570	569	0ffbf90fd4df4378	5			yes					-1	-1	-1	-1	-1	
571	569	a07ccd99a739f9ab	5			yes					-1	-1	-1	-1	-1	
572	569	1c4a4696787d4b75	5			yes					-1	-1	-1	-1	-1	
573	569	ff0a5302cf63d7c5	5			yes					-1	-1	-1	-1	-1	
574	479	2568676a0c14aefa	5			yes					-1	-1	-1	-1	575	
575	574	484a09dee20dca9a	4			yes					-1	-1	-1	-1	
576	479	e97ac9572e7c4fef	5			yes					-1	-1	-1	-1	-1	
577	478	9089ffb42223d90a	5			yes					578	600	607	609	611	
578	577	b3f8670f97d0c6d9	4			yes					579	589	591	592	
579	578	162f8edd41089a7f	6			yes					-1	580	582	584	586	588	
580	579	6987994767ffb837	5			yes					-1	-1	-1	-1	581	
581	580	45efc8a21e10b8f9	4			yes					-1	-1	-1	-1	
582	579	8ae6e52e9b18b40a	5			yes					-1	-1	-1	-1	583	
583	582	a68eb4cbe2f7b4c4	4			yes					-1	-1	-1	-1	
584	579	025418e73a535418	5			yes					-1	-1	-1	-1	585	
585	584	2e3c490243bc54d6	4			yes					-1	-1	-1	-1	
586	579	052c7d74a593ad75	5			yes					-1	-1	-1	-1	587	
587	586	29442c91dc7cadbb	4			yes					-1	-1	-1	-1	
588	579	3a47df3838e79ab1	5			yes					-1	-1	-1	-1	-1	
589	578	25bac9d5571c60b6	5			yes					-1	-1	-1	-1	590	
590	589	09d298302ef36078	4			yes					-1	-1	-1	-1	
591	578	37918f4e936a1624	5			yes					-1	-1	-1	-1	-1	
592	578	deda09bb79c9a2b9	3			yes					593	598	599	
593	592	d076800b19aef1df	6			yes					-1	594	595	596	597	-1	
594	593	afde97913f59d397	5			yes					-1	-1	-1	-1	-1	
595	593	4cbfebf8c3bedfaa	5			yes					-1	-1	-1	-1	-1	
596	593	c40d163162f53fb8	5			yes					-1	-1	-1	-1	-1	
597	593	c37573a2fd35c6d5	5			yes					-1	-1	-1	-1	-1	
598	592	e3e3c7030fba0b16	5			yes					-1	-1	-1	-1	-1	
599	592	89d1c963b46617f6	5			yes					-1	-1	-1	-1	-1	
600	577	48b87dc6e59b01fc	4			yes					-1	601	603	604	
601	600	801844721017ab66	6			yes					-1	-1	-1	-1	-1	602	
602	601	ac70159769f8aba8	5			yes					-1	-1	-1	-1	-1	
603	600	1eb024cf0c950d05	5			yes					-1	-1	-1	-1	-1	
604	600	259a13720b82659c	3			yes					-1	605	606	
605	604	46414aa448b1c0c6	6			yes					-1	-1	-1	-1	-1	-1	
606	604	a0f062e22b990cd7	5			yes					-1	-1	-1	-1	-1	
607	577	f29b328f8e957162	4			yes					-1	-1	-1	608	
608	607	9fb95c3b608c1502	3			yes					-1	-1	-1	
609	577	f470b94630e40b2d	4			yes					-1	-1	-1	610	
610	609	9952d7f2defd6f4d	3			yes					-1	-1	-1	
611	577	fdab9100cc3abd6a	4			yes					-1	-1	-1	-1	
612	478	88274d0f5cb7a996	5			yes					613	625	633	636	637	
613	612	ab56d5b4e944b645	4			yes					614	618	620	623	
614	613	a1306cccde94a3f5	5			yes					-1	615	-1	-1	617	
615	614	de987b56f86381bd	4			yes					-1	-1	-1	616	
616	615	30ff0fef1c7b07f9	3			yes					-1	-1	-1	
617	614	4f5718753a8c25b1	4			yes					-1	-1	-1	-1	
618	613	78667db881a4019e	5			yes					-1	-1	-1	-1	619	
619	618	9601090165bc87da	4			yes					-1	-1	-1	-1	
620	613	cb7ba8d12105a1f0	5			yes					-1	621	-1	-1	622	
621	620	7d2326f58f3bbd42	4			yes					-1	-1	-1	-1	
622	620	b06d45eb3f5a271d	4			yes					-1	-1	-1	-1	
623	613	7cc22a0ed80d2104	3			yes					-1	-1	624	
624	623	5bc979ea540ebb33	5			yes					-1	-1	-1	-1	-1	
625	612	5016cf7d9b0f7160	4			yes					-1	626	628	631	
626	625	8429fc78592e4323	5			yes					-1	-1	-1	-1	627	
627	626	6a4e88c1bd36c567	4			yes					-1	-1	-1	-1	
628	625	e25a0350befabad1	5			yes					629	-1	-1	-1	630	
629	628	98f2c018f0628db1	4			yes					-1	-1	-1	-1	
630	628	994cee6aa0a53c3c	4			yes					-1	-1	-1	-1	
631	625	878230c7aa46e621	3			yes					-1	-1	632	
632	631	72e8d26bcbf1a012	5			yes					-1	-1	-1	-1	-1	
633	612	ea358034f00101fe	4			yes					-1	-1	634	-1	
634	633	b1e8807e29f88e2c	5			yes					-1	-1	-1	-1	635	
635	634	5f8ff4c7cde00868	4			yes					-1	-1	-1	-1	
636	612	4ec62848efb4f80c	4			yes					-1	-1	-1	-1	
637	612	5fb3b2b56dfe3ed7	4			yes					-1	-1	-1	-1	
638	0	4785b6cc3b2aa647	5			yes					-1	-1	-1	639	721	
639	638	1fa72eac1d94698c	6			yes					640	674	701	714	718	720	
640	639	3cd6b617a867765f	5			yes					641	651	659	661	663	
641	640	9b7aaa06ffbebe76	6			yes					-1	642	644	646	648	650	
642	641	247325d8484e6bcc	5			yes					-1	-1	-1	-1	643	
643	642	081b743d31a16b02	4			yes					-1	-1	-1	-1	
644	641	1123c343aa9a1dab	5			yes					-1	-1	-1	-1	645	
645	644	3d4b92a6d3751d65	4			yes					-1	-1	-1	-1	
646	641	25453bb2e5d2056c	5			yes					-1	-1	-1	-1	647	
647	646	092d6a579c3d05a2	4			yes					-1	-1	-1	-1	
648	641	73532d66bf25a850	5			yes					-1	-1	-1	-1	649	
649	648	5f3b7c83c6caa89e	4			yes					-1	-1	-1	-1	
650	641	b712fbe38651beb8	5			yes					-1	-1	-1	-1	-1	
651	640	7b8d7b298cf25c1a	6			yes					-1	-1	652	654	656	658	
652	651	065fadb2b58a060c	5			yes					-1	-1	-1	-1	653	
653	652	2a37fc57cc6506c2	4			yes					-1	-1	-1	-1	
654	651	6ff6ed13f7a9927d	5			yes					-1	-1	-1	-1	655	
655	654	439ebcf68e4692b3	4			yes					-1	-1	-1	-1	
656	651	688e888068696b10	5			yes					-1	-1	-1	-1	657	
657	656	44e6d96511866bde	4			yes					-1	-1	-1	-1	
658	651	57e52accf51d5cd4	5			yes					-1	-1	-1	-1	-1	
659	640	23e677e7df5c49af	4			yes					-1	-1	-1	660	
660	659	4ec4195331452dcf	3			yes					-1	-1	-1	
661	640	3472bf7f930e5e4f	5			yes					-1	-1	-1	-1	-1	
662	661	8a4d2ecb8962e555	4			no					-1	-2	-2	-2	
663	640	51f4d8a3467e123f	4			yes					664	669	-1	673	
664	663	5d23a4d0a718d5d6	6			yes					-1	665	666	667	668	-1	
665	664	e22a2b0e10e8006c	5			yes					-1	-1	-1	-1	-1	
666	664	d77acd95f23c760b	5			yes					-1	-1	-1	-1	-1	
667	664	e31c3564bd746ecc	5			yes					-1	-1	-1	-1	-1	
668	664	b50a23b0e783c3f0	5			yes					-1	-1	-1	-1	-1	
669	663	bdd475ffd45437ba	6			yes					-1	-1	670	671	672	-1	
670	669	c006a364ed2c6dac	5			yes					-1	-1	-1	-1	-1	
671	669	a9afe3c5af0ff9dd	5			yes					-1	-1	-1	-1	-1	
672	669	aed7865630cf00b0	5			yes					-1	-1	-1	-1	-1	
673	663	e86c768a12dd689e	5			yes					-1	-1	-1	-1	-1	
674	639	c796acdeda2cb17a	5			yes					-1	675	685	687	692	
675	674	dfecd5be3c14610a	6			yes					676	-1	678	680	682	684	
676	675	a54416f6728c566a	5			yes					-1	-1	-1	-1	677	
677	676	892c47130b6356a4	4			yes					-1	-1	-1	-1	
678	675	a23e0325056c3b1c	5			yes					-1	-1	-1	-1	679	
679	678	8e5652c07c833bd2	4			yes					-1	-1	-1	-1	
680	675	cb974384474faf6d	5			yes					-1	-1	-1	-1	681	
681	680	e7ff12613ea0afa3	4			yes					-1	-1	-1	-1	
682	675	ccef2617d88f5600	5			yes					-1	-1	-1	-1	683	
683	682	e08777f2a16056ce	4			yes					-1	-1	-1	-1	
684	675	f384845b45fb61c4	5			yes					-1	-1	-1	-1	-1	
685	674	d8a66d2ead178e8a	4			yes					-1	-1	-1	686	
686	685	b584039a430eeaea	3			yes					-1	-1	-1	
687	674	abada036bd679543	6			yes					688	-1	689	690	-1	691	
688	687	d105637ef3ffa223	5			yes					-1	-1	-1	-1	-1	
689	687	035eeb3b80ed9f99	5			yes					-1	-1	-1	-1	-1	
690	687	d67f76ad841fcf55	5			yes					-1	-1	-1	-1	-1	
691	687	7e2ff2eb4190ef72	5			yes					-1	-1	-1	-1	-1	
692	674	aab4c26a3435d51a	4			yes					-1	693	-1	698	
693	692	19b5db6864b20aaa	6			yes					694	-1	695	696	697	-1	
694	693	631d18202a2a3dca	5			yes					-1	-1	-1	-1	-1	
695	693	64670df35dca50bc	5			yes					-1	-1	-1	-1	-1	
696	693	0dce4d521fe9c4cd	5			yes					-1	-1	-1	-1	-1	
697	693	0ab628c180293da0	5			yes					-1	-1	-1	-1	-1	
698	692	1ee192c2daa3421d	6			yes					699	-1	700	-1	-1	-1	
699	698	6449518a943b757d	5			yes					-1	-1	-1	-1	-1	
700	698	b612d9cfe72948c7	5			yes					-1	-1	-1	-1	-1	
701	639	ba74e57a27da01b9	5			yes					-1	-1	702	704	709	
702	701	a544248a50e13e49	4			yes					-1	-1	-1	703	
703	702	c8664a3ebef85a29	3			yes					-1	-1	-1	
704	701	6ea8b56c4168320d	6			yes					705	706	-1	707	-1	708	
705	704	140076240ff0056d	5			yes					-1	-1	-1	-1	-1	
706	704	bb8742b27c16bfbe	5			yes					-1	-1	-1	-1	-1	
707	704	137a63f77810681b	5			yes					-1	-1	-1	-1	-1	
708	704	bb2ae7b1bd9f483c	5			yes					-1	-1	-1	-1	-1	
709	701	d7568bcec9c365d9	4			yes					-1	-1	-1	710	
710	709	dbe4879826ace553	6			yes					711	712	-1	713	-1	-1	
711	710	a14c44d06834d233	5			yes					-1	-1	-1	-1	-1	
712	710	0ecb70461bd268e0	5			yes					-1	-1	-1	-1	-1	
713	710	a63651031fd4bf45	5			yes					-1	-1	-1	-1	-1	
714	639	0097ef5c6aaf567c	5			yes					-1	-1	-1	715	717	
715	714	33b1bfaba61ccb70	4			yes					-1	-1	-1	716	
716	715	5e93d11f4805af10	3			yes					-1	-1	-1	
717	714	6db581e884b6321c	4			yes					-1	-1	-1	-1	
718	639	2c817e5bd127f480	5			yes					-1	-1	-1	-1	719	
719	718	41a310ef3f3e90e0	4			yes					-1	-1	-1	-1	
720	639	72854018f38d0dec	5			yes					-1	-1	-1	-1	-1	
721	638	1874db9f8227944d	5			yes					722	742	750	753	754	
722	721	3b05432437d48b9e	4			yes					723	735	738	740	
723	722	2af3e0154d845f25	6			yes					-1	724	728	730	732	734	
724	723	95fa6fcbfa748a9f	5			yes					-1	725	-1	-1	727	
725	724	1fa3068eaf502942	4			yes					-1	-1	-1	-1	
726	724	90680a976e04e62d	4			yes					-1	-1	-1	-1	
727	724	7b9d1b721e6c0cdb	4			yes					-1	-1	-1	-1	
728	723	a0aa895018a0fcf8	5			yes					-1	-1	-1	-1	729	
729	728	4ecdfde9fcb87abc	4			yes					-1	-1	-1	-1	
730	723	0af1fcd2accef972	5			yes					-1	-1	-1	-1	731	
731	730	e496886b48d67f36	4			yes					-1	-1	-1	-1	
732	723	2f618549d9f43397	5			yes					-1	-1	-1	-1	733	
733	732	c106f1f03decb5d3	4			yes					-1	-1	-1	-1	
734	723	c49494aca99cd961	5			yes					-1	-1	-1	-1	-1	
735	722	3dd11613c40a4828	5			yes					-1	-1	-1	736	737	
736	735	df605a05ae2109a7	4			yes					-1	-1	-1	-1	
737	735	46c7fb29da55cec5	4			yes					-1	-1	-1	-1	
738	722	03e9a78f250dc8bc	5			yes					-1	-1	-1	-1	739	
739	738	ed8ed336c1154ef8	4			yes					-1	-1	-1	-1	
740	722	ec91bc9e069d1cdf	3			yes					-1	741	-1	
741	740	e3ed9e1d3a3b8192	4			yes					-1	-1	-1	-1	
742	721	c04559ed459f4cbb	4			yes					-1	743	747	749	
743	742	99b0b88474ec7538	5			yes					744	-1	-1	745	746	
744	743	e3187bcc3a744258	4			yes					-1	-1	-1	-1	
745	743	7b01f4921ec734b7	4			yes					-1	-1	-1	-1	
746	743	e2a655be6ab3f3d5	4			yes					-1	-1	-1	-1	
747	742	e324d99ee868a5e8	5			yes					-1	-1	-1	-1	748	
748	747	0d43ad270c7023ac	4			yes					-1	-1	-1	-1	
749	742	17d1a65774d6dbfa	3			yes					-1	-1	-1	
750	721	bda71049b869fc78	4			yes					-1	-1	751	752	
751	750	53f93ef239008aee	5			yes					-1	-1	-1	-1	-1	
752	750	6a33eff389206b39	3			yes					-1	-1	-1	
753	721	89072ea5794c3851	4			yes					-1	-1	-1	-1	
754	721	cfe02425b36e030c	4			yes					-1	-1	-1	-1	
755	0	fe8bcaee9e24f4af	5			yes					-1	-1	-1	-1	756	
756	755	e3aa0dee2cf4f3c9	6			yes					757	783	799	807	810	812	
757	756	c0db95559907ec1a	5			yes					758	769	775	780	782	
758	757	18ea17275ebf34ec	4			yes					759	760	-1	763	
759	758	2731c15eb6355139	5			yes					-1	-1	-1	-1	-1	
760	758	b6e11bad16b8b78e	6			yes					-1	761	-1	-1	-1	762	
761	760	09e89473a1486234	5			yes					-1	-1	-1	-1	-1	
762	760	58866f14f2a031ca	5			yes					-1	-1	-1	-1	-1	
763	758	4e37d660040f7d31	6			yes					-1	764	765	766	767	768	
764	763	f13e59beb3ffa88b	5			yes					-1	-1	-1	-1	-1	
765	763	6ebf1ed8d2ffa427	5			yes					-1	-1	-1	-1	-1	
766	763	f00847d41e63c62b	5			yes					-1	-1	-1	-1	-1	
767	763	4b49838a8b89d4e9	5			yes					-1	-1	-1	-1	-1	
768	763	f0948894ca987b8d	5			yes					-1	-1	-1	-1	-1	
769	757	65085e83a349842f	4			yes					-1	770	-1	771	
770	769	d5e81501f4178c3d	5			yes					-1	-1	-1	-1	-1	
771	769	1b4bb3d948c6e875	6			yes					-1	-1	-1	772	-1	774	
772	771	0f3025e3339d2612	5			yes					-1	-1	-1	-1	-1	
773	772	d30654108aa89001	4			no					-1	-1	-1	-2	
774	771	c77dc22af1f35e66	5			yes					-1	-1	-1	-1	-1	
775	757	e54680a6ce794218	4			yes					-1	-1	-1	776	
776	775	e82286b306d52676	6			yes					-1	-1	-1	777	-1	778	
777	776	fc5910897d8ee811	5			yes					-1	-1	-1	-1	-1	
778	776	3414f740bfe09065	5			yes					-1	-1	-1	-1	-1	
779	778	206f617ac4bb5e02	4			no					-1	-1	-1	-2	
780	757	b080b303687ef7f7	4			yes					-1	-1	-1	781	
781	780	587f5c57aa881ec1	3			yes					-1	-1	-1	
782	757	28247a015bf1052c	4			yes					-1	-1	-1	-1	
783	756	3b9b8f9ceb4c2b3f	5			yes					-1	784	791	796	798	
784	783	9e48444ad102430a	4			yes					-1	785	-1	786	
785	784	5b1398b464279b47	5			yes					-1	-1	-1	-1	-1	
786	784	232304f9d2e70637	6			yes					787	-1	788	-1	789	790	
787	786	598bc7b19c7f3157	5			yes					-1	-1	-1	-1	-1	
788	786	190c4f419381f64a	5			yes					-1	-1	-1	-1	-1	
789	786	265d51135d61afef	5			yes					-1	-1	-1	-1	-1	
790	786	9d805a0d1c70008b	5			yes					-1	-1	-1	-1	-1	
791	783	1e069a6fbc32853d	4			yes					-1	-1	-1	792	
792	791	000fa2e296fd093b	6			yes					793	-1	-1	794	-1	795	
793	792	7aa761aad8653e5b	5			yes					-1	-1	-1	-1	-1	
794	792	147434d8eda6c75c	5			yes					-1	-1	-1	-1	-1	
795	792	dc39d3112fc8bf28	5			yes					-1	-1	-1	-1	-1	
796	783	4bc0a9ca1a3530d2	4			yes					-1	-1	-1	797	
797	796	a33f469ed8c3d9e4	3			yes					-1	-1	-1	
798	783	d36460c829bac209	4			yes					-1	-1	-1	-1	
799	756	4679c63816ba9bfc	5			yes					-1	-1	800	804	806	
800	799	63e4d3cb41c435fe	4			yes					-1	-1	-1	801	
801	800	d215a538960df2c6	6			yes					-1	-1	-1	802	-1	803	
802	801	c66e3302ed563ca1	5			yes					-1	-1	-1	-1	-1	
803	801	0e23d4cb2f3844d5	5			yes					-1	-1	-1	-1	-1	
804	799	3622e06ee7c38011	4			yes					-1	-1	-1	805	
805	804	dedd0f3a25356927	3			yes					-1	-1	-1	
806	799	ae86296cd44c72ca	4			yes					-1	-1	-1	-1	
807	756	c637181d7b8a5dcb	5			yes					-1	-1	-1	808	809	
808	807	b66c3e4b8af34626	4			yes					-1	-1	-1	-1	
809	807	2ec8f749b97cb4fd	4			yes					-1	-1	-1	-1	
810	756	93f12bb8dd8de824	5			yes					-1	-1	-1	-1	811	
811	810	7b0ec4ec1f7b0112	4			yes					-1	-1	-1	-1	
812	756	0b55e2baee021aff	5			yes					-1	-1	-1	-1	-1	
813	0	2cdfbafe9daae13d	5			yes					-1	-1	-1	-1	-1	
