Number of nodes
154
ID	PID	Hash_Value			File_Number	Fully_Enumerated	Children
0	-1	361ded192775060f	6			yes					1	23	46	70	87	104	
1	0	6e38f4795d8ee445	5			yes					2	7	15	20	22	
2	1	91e68e33a01e059f	4			yes					3	4	-1	5	
3	2	cc01b4692e0ddd24	4			yes					-1	-1	-1	-1	
4	2	e15f7851b1b11368	4			yes					-1	-1	-1	-1	
5	2	228b6edac88429e3	5			yes					-1	-1	-1	-1	6	
6	5	8df0d562869d1d20	4			yes					-1	-1	-1	-1	
7	1	a109a1bfbf09d427	4			yes					-1	8	10	11	
8	7	4634f5836fe7ebb5	5			yes					-1	-1	-1	-1	9	
9	8	b33ec001b54d23e6	4			yes					-1	-1	-1	-1	
10	7	36dce51d546e7d4b	4			yes					-1	-1	-1	-1	
11	7	12063e5ded8f30fa	3			yes					12	13	14	
12	11	2c0d94e0921d2845	4			yes					-1	-1	-1	-1	
13	11	1c457bb9fb541725	5			yes					-1	-1	-1	-1	-1	
14	11	76ed54a38026bb69	4			yes					-1	-1	-1	-1	
15	1	cabe7fe2febeebd0	4			yes					-1	-1	16	17	
16	15	6ac1cc6f5557cd76	5			yes					-1	-1	-1	-1	-1	
17	15	79b1e000ac380f0d	3			yes					18	-1	19	
18	17	1e8983bb327d679d	4			yes					-1	-1	-1	-1	
19	17	16bbef82805172dc	5			yes					-1	-1	-1	-1	-1	
20	1	27663bf5eea13af0	4			yes					-1	-1	-1	21	
21	20	9469a417bc27de2d	3			yes					-1	-1	-1	
22	1	dd376b9b0f080098	4			yes					-1	-1	-1	-1	
23	0	b69a99e3d14a3361	5			yes					24	33	38	43	45	
24	23	e9fd48a83ce3d51f	4			yes					25	26	27	29	
25	24	011e3b1364360b7d	4			yes					-1	-1	-1	-1	
26	24	600f993eb54c1282	4			yes					-1	-1	-1	-1	
27	24	103a5396f05626ca	5			yes					-1	-1	-1	-1	28	
28	27	e53066142afcee99	4			yes					-1	-1	-1	-1	
29	24	5af2d74a6e6531c2	3			yes					30	31	32	
30	29	c57da030acc6e2b1	4			yes					-1	-1	-1	-1	
31	29	9fd962d436806677	4			yes					-1	-1	-1	-1	
32	29	4a4bddac64e5da5a	5			yes					-1	-1	-1	-1	-1	
33	23	01b00abeaf30d383	4			yes					-1	34	-1	36	
34	33	f8bb2955a8198ca1	5			yes					-1	-1	-1	-1	35	
35	34	0db11cd772b344f2	4			yes					-1	-1	-1	-1	
36	33	6db65eaae1f1d818	5			yes					-1	-1	-1	-1	37	
37	36	c2cde512afe8ecdb	4			yes					-1	-1	-1	-1	
38	23	121c1278727a3cf4	4			yes					-1	-1	39	40	
39	38	4b0829cd8c13a62f	5			yes					-1	-1	-1	-1	-1	
40	38	a1138d9a20fcd829	3			yes					-1	41	42	
41	40	a2caa76f3caa7031	5			yes					-1	-1	-1	-1	-1	
42	40	37720a2059151985	5			yes					-1	-1	-1	-1	-1	
43	23	ffc4566f6265edd4	4			yes					-1	-1	-1	44	
44	43	4ccbc98d30e30909	3			yes					-1	-1	-1	
45	23	0595060183ccd7bc	4			yes					-1	-1	-1	-1	
46	0	bd4a34ee28fac962	5			yes					47	57	65	67	69	
47	46	e22de5a5c5532f1c	4			yes					48	50	51	53	
48	47	87a99e6406b44647	5			yes					-1	-1	-1	-1	49	
49	48	72a3abe6dc1e8e14	4			yes					-1	-1	-1	-1	
50	47	e32ef3d8368188a0	4			yes					-1	-1	-1	-1	
51	47	ec088ba03b0ac937	5			yes					-1	-1	-1	-1	52	
52	51	1902be22e1a00164	4			yes					-1	-1	-1	-1	
53	47	51227a4797d5cbc1	3			yes					54	55	56	
54	53	ddd8105e9207bad7	5			yes					-1	-1	-1	-1	-1	
55	53	47332e16729fdefa	4			yes					-1	-1	-1	-1	
56	53	b679059aafb935a7	5			yes					-1	-1	-1	-1	-1	
57	46	17b72b2a5ef0a3f5	4			yes					-1	58	60	62	
58	57	a290a4015e6bb7f7	5			yes					-1	-1	-1	-1	59	
59	58	579a918384c17fa4	4			yes					-1	-1	-1	-1	
60	57	d421e81f30309cb1	5			yes					-1	-1	-1	-1	61	
61	60	212bdd9dea9a54e2	4			yes					-1	-1	-1	-1	
62	57	a4b8b4c80c764728	3			yes					-1	63	64	
63	62	f8e12a3bcad84b67	5			yes					-1	-1	-1	-1	-1	
64	62	8e506625a4836021	5			yes					-1	-1	-1	-1	-1	
65	46	0fcb9ee17a0ab681	4			yes					-1	-1	-1	66	
66	65	915a3a3f6994943b	5			yes					-1	-1	-1	-1	-1	
67	46	f414fb629bd517d7	4			yes					-1	-1	-1	68	
68	67	471b6480c953f30a	3			yes					-1	-1	-1	
69	46	0e45ab0c7a7c2dbf	4			yes					-1	-1	-1	-1	
70	0	a4f55a25ab8c7bf3	5			yes					71	78	82	84	85	
71	70	fb928b6e46259d8d	4			yes					72	74	-1	75	
72	71	3cbd8a75b68a4d2b	5			yes					-1	-1	-1	-1	73	
73	72	c9b7bff76c208578	4			yes					-1	-1	-1	-1	
74	71	5a02459aae84076e	4			yes					-1	-1	-1	-1	
75	71	489d148c14a37950	3			yes					76	77	-1	
76	75	66cc044f2239b1bb	5			yes					-1	-1	-1	-1	-1	
77	75	ff2cc9c4966bee74	4			yes					-1	-1	-1	-1	
78	70	0e0845e1dd861164	4			yes					-1	79	-1	80	
79	78	fcee2b314cb8814a	5			yes					-1	-1	-1	-1	-1	
80	78	bd07da038f00f5b9	3			yes					-1	81	-1	
81	80	59c0a76f74576850	5			yes					-1	-1	-1	-1	-1	
82	70	6bc40fe3490b4b91	4			yes					-1	-1	-1	83	
83	82	d8cb90011b8daf4c	3			yes					-1	-1	-1	
84	70	5f4dd05e5846c383	5			yes					-1	-1	-1	-1	-1	
85	70	17fac5c7f90a9f2e	4			yes					-1	-1	-1	86	
86	85	a3c43faed5b79274	5			yes					-1	-1	-1	-1	-1	
87	0	68530d91c72e8fad	5			yes					88	95	100	102	103	
88	87	3734dcda2a8769d3	4			yes					89	91	93	-1	
89	88	e8dfdd0597681d8a	5			yes					-1	-1	-1	-1	-1	
90	89	11be35cf8c8352e8	4			no					-1	-1	-2	-2	
91	88	e8a85278d0dbebb9	4			yes					-1	-1	-1	92	
92	91	11c9bab2cb30a4db	3			yes					-1	-1	-1	
93	88	c32762e776768bf3	5			yes					-1	-1	-1	-1	94	
94	93	362d5765acdc43a0	4			yes					-1	-1	-1	-1	
95	87	c2ae1255b124e53a	4			yes					-1	96	98	-1	
96	95	c797ab50a7ffb9a3	5			yes					-1	-1	-1	-1	97	
97	96	3ef6439abc14f6c1	4			yes					-1	-1	-1	-1	
98	95	b7845f19338daca0	5			yes					-1	-1	-1	-1	99	
99	98	428e6a9be92764f3	4			yes					-1	-1	-1	-1	
100	87	a762585725a9bfcf	4			yes					-1	-1	101	-1	
101	100	2e402df7f6933a33	5			yes					-1	-1	-1	-1	-1	
102	87	ccd5860a641e8038	4			yes					-1	-1	-1	-1	
103	87	9e2d10d2da14b31e	4			yes					-1	-1	-1	-1	
104	0	9fdf1080fd6d6f37	5			yes					105	115	125	135	143	
105	104	5d6451d2b1b8d975	5			yes					106	109	112	114	-1	
106	105	a2ba2b984c2838af	4			yes					107	108	-1	-1	
107	106	b22983f22bb0e0cc	4			yes					-1	-1	-1	-1	
108	106	229a34adef0a5986	4			yes					-1	-1	-1	-1	
109	105	92550414533fe917	4			yes					-1	110	111	-1	
110	109	2b37bd6d83b8f8c8	5			yes					-1	-1	-1	-1	-1	
111	109	9f315e89913115b0	4			yes					-1	-1	-1	-1	
112	105	f9e2da491288d6e0	4			yes					-1	-1	113	-1	
113	112	e44dbbedb938d5a8	5			yes					-1	-1	-1	-1	-1	
114	105	143a9e5e029707c0	4			yes					-1	-1	-1	-1	
115	104	85c63c483d7c0e51	5			yes					116	120	122	124	-1	
116	115	daa1ed03d0d5e82f	4			yes					117	118	119	-1	
117	116	b6cd0b2bc53d18a8	4			yes					-1	-1	-1	-1	
118	116	a3cad5c2ebf7586c	4			yes					-1	-1	-1	-1	
119	116	7d391b781c0935b7	5			yes					-1	-1	-1	-1	-1	
120	115	32ecaf154306eeb3	4			yes					-1	121	-1	-1	
121	120	95b861bb44469fdc	5			yes					-1	-1	-1	-1	-1	
122	115	2140b7d39e4c01c4	4			yes					-1	-1	123	-1	
123	122	c5845e4f607cbef1	5			yes					-1	-1	-1	-1	-1	
124	115	cc98f3c48e53d0e4	4			yes					-1	-1	-1	-1	
125	104	8e169145c4ccf452	5			yes					126	130	133	134	-1	
126	125	d171400e2965122c	4			yes					127	128	129	-1	
127	126	eaaad68aeaeb553a	5			yes					-1	-1	-1	-1	-1	
128	126	ac69f46e1167f07f	4			yes					-1	-1	-1	-1	
129	126	810bc34ed755da4a	5			yes					-1	-1	-1	-1	-1	
130	125	24eb8e81b2c69ec5	4			yes					-1	131	132	-1	
131	130	cf93ecefb234a48a	5			yes					-1	-1	-1	-1	-1	
132	130	b922a0f1dc6f8fcc	5			yes					-1	-1	-1	-1	-1	
133	125	3c973b4a963c8bb1	4			yes					-1	-1	-1	-1	
134	125	c7485ec977e32ae7	4			yes					-1	-1	-1	-1	
135	104	97a9ff8e47ba46c3	5			yes					136	139	141	142	-1	
136	135	c8ce2ec5aa13a0bd	4			yes					137	138	-1	-1	
137	136	51bec29b5ad55e56	5			yes					-1	-1	-1	-1	-1	
138	136	b32b31109a0ccee2	4			yes					-1	-1	-1	-1	
139	135	3d54e04a31b02c54	4			yes					-1	140	-1	-1	
140	139	15c75fbb783048c6	5			yes					-1	-1	-1	-1	-1	
141	135	5898aa48a53d76a1	4			yes					-1	-1	-1	-1	
142	135	17f2ff6a531abcac	5			yes					-1	-1	-1	-1	-1	
143	104	8f5854526ace879d	5			yes					144	148	151	153	-1	
144	143	d03f8519876761e3	4			yes					145	146	147	-1	
145	144	54406d1dcd4a931d	5			yes					-1	-1	-1	-1	-1	
146	144	5437e2608af9652e	4			yes					-1	-1	-1	-1	
147	144	ae242a099a29988e	5			yes					-1	-1	-1	-1	-1	
148	143	25a54b961cc4ed0a	4			yes					-1	149	150	-1	
149	148	7b081b48fddd3734	5			yes					-1	-1	-1	-1	-1	
150	148	da8717f7dfd2bfdd	5			yes					-1	-1	-1	-1	-1	
151	143	406901948849b7ff	4			yes					-1	-1	152	-1	
152	151	92df9defacb1b4a4	5			yes					-1	-1	-1	-1	-1	
153	143	2bdedfc9c9fe8808	4			yes					-1	-1	-1	-1	
