Number of nodes
478
ID	PID	Hash_Value			File_Number	Fully_Enumerated	Children
0	-1	7ba9a2e22ecc61ed	6			yes					1	152	276	361	434	477	
1	0	9e4c257f9fe8b5d9	5			yes					2	58	84	104	120	
2	1	c78507997b0dedc5	5			yes					3	12	33	46	57	
3	2	f5fe845e42d30bdd	4			yes					4	5	7	8	
4	3	74f822b684952334	4			yes					-1	-1	-1	-1	
5	3	972d1307e55b7b6d	4			yes					-1	6	-1	-1	
6	5	5562738992910863	3			yes					-1	-1	-1	
7	3	ff5f187ba2c5825a	4			yes					-1	-1	-1	-1	
8	3	648de382c35c47df	3			yes					9	10	11	
9	8	8363007f49754f66	4			yes					-1	-1	-1	-1	
10	8	c3b5199a1978aeeb	4			yes					-1	-1	-1	-1	
11	8	eb7efcaefb012948	5			yes					-1	-1	-1	-1	-1	
12	2	139f29762a3477d5	4			yes					-1	13	20	26	
13	12	fb2dfacecc9a7faf	5			yes					14	16	17	18	19	
14	13	baefbd5de4b13729	4			yes					15	-1	-1	-1	
15	14	98c8811613a8bd1f	3			yes					-1	-1	-1	
16	13	d90ac6853b83f599	4			yes					-1	-1	-1	-1	
17	13	48e0d61f57245625	4			yes					-1	-1	-1	-1	
18	13	3f4faaeff68d615b	4			yes					-1	-1	-1	-1	
19	13	144a07287e9bf5ce	4			yes					-1	-1	-1	-1	
20	12	ebe98bffa2f12541	5			yes					21	22	23	24	25	
21	20	aa2bcc6c8ada6dc7	4			yes					-1	-1	-1	-1	
22	20	c9ceb7b455e8af77	4			yes					-1	-1	-1	-1	
23	20	cebd828d813a5391	4			yes					-1	-1	-1	-1	
24	20	984a84b1e0d0d726	4			yes					-1	-1	-1	-1	
25	20	35127de4bed84607	4			yes					-1	-1	-1	-1	
26	12	965b1fe1af08ef0b	5			yes					27	29	30	31	32	
27	26	d79958728723a78d	4			yes					28	-1	-1	-1	
28	27	f5be6439703a2dbb	3			yes					-1	-1	-1	
29	26	b47c23aa5811653d	4			yes					-1	-1	-1	-1	
30	26	b30f16938cc399db	4			yes					-1	-1	-1	-1	
31	26	4e82c3448cf90c47	4			yes					-1	-1	-1	-1	
32	26	9e68ae0fdf08572c	4			yes					-1	-1	-1	-1	
33	2	40ab23ce61dcff93	4			yes					-1	-1	34	40	
34	33	7a468292231a815f	5			yes					35	36	37	38	39	
35	34	3b84c5010b31c9d9	4			yes					-1	-1	-1	-1	
36	34	5861bed9d4030b69	4			yes					-1	-1	-1	-1	
37	34	44fd4afeb2713391	4			yes					-1	-1	-1	-1	
38	34	83a545af52701338	4			yes					-1	-1	-1	-1	
39	34	a4bd74893f33e219	4			yes					-1	-1	-1	-1	
40	33	4f9f1a7ea4819863	5			yes					41	43	44	-1	45	
41	40	0e5d5ded8caad0e5	4			yes					42	-1	-1	-1	
42	41	2c7a61a67bb35ad3	3			yes					-1	-1	-1	
43	40	6db8263553981255	4			yes					-1	-1	-1	-1	
44	40	7124d21235ea2aad	4			yes					-1	-1	-1	-1	
45	40	c11a018f37255ed4	4			yes					-1	-1	-1	-1	
46	2	f03ceea3f3b9225c	4			yes					-1	-1	-1	47	
47	46	6754ff4a46f81fc0	6			yes					48	50	52	54	-1	56	
48	47	2696b8d96ed35746	5			yes					-1	-1	-1	-1	49	
49	48	69edc260058cc33b	4			yes					-1	-1	-1	-1	
50	47	4573c301b1e195f6	5			yes					-1	-1	-1	-1	51	
51	50	0a08b9b8dabe018b	4			yes					-1	-1	-1	-1	
52	47	59ef3726d793ad0e	5			yes					-1	-1	-1	-1	53	
53	52	16944d9fbccc3973	4			yes					-1	-1	-1	-1	
54	47	80e31ae9e74fa17e	5			yes					-1	-1	-1	-1	55	
55	54	cf9860508c103503	4			yes					-1	-1	-1	-1	
56	47	282f85f32da78bbd	5			yes					-1	-1	-1	-1	-1	
57	2	56f66045fa82a1c7	4			yes					-1	-1	-1	-1	
58	1	ac6cd0c6d2f64476	4			yes					59	66	72	83	
59	58	3d3a09c02e60d60f	3			yes					60	61	62	
60	59	ee887e3fde3d6e1c	4			yes					-1	-1	-1	-1	
61	59	a1bffb85a3bc1ba7	4			yes					-1	-1	-1	-1	
62	59	a5643de449a82017	5			yes					-1	63	64	-1	65	
63	62	39cbbe943f1bcae4	4			yes					-1	-1	-1	-1	
64	62	42d3d847e81f9ea9	4			yes					-1	-1	-1	-1	
65	62	232d14f9fc4f6588	4			yes					-1	-1	-1	-1	
66	58	379c57e0f5ad11e2	3			yes					-1	67	69	
67	66	44d0bc4f02c5b384	5			yes					-1	-1	-1	-1	68	
68	67	2023e15d119d1add	4			yes					-1	-1	-1	-1	
69	66	31682ac9717772e4	5			yes					70	71	-1	-1	-1	
70	69	70aa6d5a595c3a62	4			yes					-1	-1	-1	-1	
71	69	6c280bf6851b16cb	4			yes					-1	-1	-1	-1	
72	58	9bd539fc5a428bef	3			yes					-1	-1	73	
73	72	189a2c30dfa61ff0	6			yes					74	76	78	80	-1	82	
74	73	59586ba3f78d5776	5			yes					-1	-1	-1	-1	75	
75	74	1623111a9cd2c30b	4			yes					-1	-1	-1	-1	
76	73	45da0d0f2bca7bdf	5			yes					-1	-1	-1	-1	77	
77	76	0aa177b64095efa2	4			yes					-1	-1	-1	-1	
78	73	26882a52d4e64317	5			yes					-1	-1	-1	-1	79	
79	78	69f350ebbfb9d76a	4			yes					-1	-1	-1	-1	
80	73	ff2dc9937e11a14e	5			yes					-1	-1	-1	-1	81	
81	80	b056b32a154e3533	4			yes					-1	-1	-1	-1	
82	73	57e15689b4f98b8d	5			yes					-1	-1	-1	-1	-1	
83	58	3d1fb71a53790874	3			yes					-1	-1	-1	
84	1	3e727e139d2efb52	4			yes					85	92	101	103	
85	84	af24a71561b8692b	3			yes					86	87	88	
86	85	e65107d204080ab9	4			yes					-1	-1	-1	-1	
87	85	247f5e907153f0ae	4			yes					-1	-1	-1	-1	
88	85	17730fd0f60e4fbc	5			yes					-1	89	90	-1	91	
89	88	d53c6f5e81c43cb2	4			yes					-1	-1	-1	-1	
90	88	1c333bb9e9660754	4			yes					-1	-1	-1	-1	
91	88	913a26cd43e90a23	4			yes					-1	-1	-1	-1	
92	84	ea6850fccc176142	3			yes					-1	93	95	
93	92	b42ba5ce0a91ed08	5			yes					-1	-1	-1	-1	94	
94	93	060b9a853374d5bd	4			yes					-1	-1	-1	-1	
95	92	3d8ef70a013c0e81	5			yes					96	97	98	99	100	
96	95	7c4cb09929174607	4			yes					-1	-1	-1	-1	
97	95	60ced635f5506aae	4			yes					-1	-1	-1	-1	
98	95	d1b09df1c1b4e753	4			yes					-1	-1	-1	-1	
99	95	194c740beaf37999	4			yes					-1	-1	-1	-1	
100	95	d47e8f56f700b263	4			yes					-1	-1	-1	-1	
101	84	d43f90352c20446b	3			yes					-1	-1	102	
102	101	39ace12ff67ae403	5			yes					-1	-1	-1	-1	-1	
103	84	af0119cf1ca1b750	3			yes					-1	-1	-1	
104	1	8b985fa6ded03537	4			yes					105	110	117	119	
105	104	1ace86a02246a74e	3			yes					106	108	-1	
106	105	6965745e86d1506d	5			yes					-1	-1	-1	107	-1	
107	106	a7e1cd8f57f2794a	4			yes					-1	-1	-1	-1	
108	105	423ad9b8a7595bb8	5			yes					-1	-1	-1	-1	-1	
109	108	8cbe6069767a729f	4			no					-1	-1	-1	-2	
110	104	5f8271498fe9af27	3			yes					-1	111	116	
111	110	cabaec44e67e92b8	5			yes					112	113	-1	114	115	
112	111	8b78abd7ce55da3e	4			yes					-1	-1	-1	-1	
113	111	97facd7b1212f697	4			yes					-1	-1	-1	-1	
114	111	a9380ed1299368d6	4			yes					-1	-1	-1	-1	
115	111	cccda8e88814ff4d	4			yes					-1	-1	-1	-1	
116	110	6c28747b4ed8e3fb	5			yes					-1	-1	-1	-1	-1	
117	104	0cb67bf1c4012761	3			yes					-1	-1	118	
118	117	fd877d16cf3347e5	5			yes					-1	-1	-1	-1	-1	
119	104	c262d3beb77e1a3f	3			yes					-1	-1	-1	
120	1	e30539f65d767a61	5			yes					121	128	143	150	151	
121	120	7253e0f0a1e0e818	4			yes					122	124	126	-1	
122	121	32dc1ee69e587ed9	5			yes					-1	-1	-1	-1	123	
123	122	d918953290fb48ff	4			yes					-1	-1	-1	-1	
124	121	3d602d5b4f2b3fcd	5			yes					-1	-1	-1	-1	125	
125	124	d6a4a68f418809eb	4			yes					-1	-1	-1	-1	
126	121	45454ffcf28c260f	5			yes					-1	-1	-1	-1	127	
127	126	ae81c428fc2f1029	4			yes					-1	-1	-1	-1	
128	120	371f17190c4fe071	4			yes					-1	129	134	139	
129	128	32e530c33c1b51c0	5			yes					130	131	-1	132	133	
130	129	7327775014301946	4			yes					-1	-1	-1	-1	
131	129	6fa511fcc87735ef	4			yes					-1	-1	-1	-1	
132	129	f68760e2060c4f34	4			yes					-1	-1	-1	-1	
133	129	6b2d1a5c7dee1bd7	4			yes					-1	-1	-1	-1	
134	128	a36dc6946669c7db	5			yes					135	136	-1	137	138	
135	134	e2af81074e428f5d	4			yes					-1	-1	-1	-1	
136	134	fe2de7ab9205a3f4	4			yes					-1	-1	-1	-1	
137	134	d0cec9da244835bc	4			yes					-1	-1	-1	-1	
138	134	4a756090bdada81e	4			yes					-1	-1	-1	-1	
139	128	21c1146b6ef34fb6	3			yes					-1	140	-1	
140	139	c5a6cf91dc17b221	5			yes					141	142	-1	-1	-1	
141	140	84648802f43cfaa7	4			yes					-1	-1	-1	-1	
142	140	98e6eeae287bd60e	4			yes					-1	-1	-1	-1	
143	120	642b1da147a76837	4			yes					-1	-1	144	149	
144	143	32c2cff9e78263c5	5			yes					145	146	147	-1	148	
145	144	7300886acfa92b43	4			yes					-1	-1	-1	-1	
146	144	6f82eec613ee07ea	4			yes					-1	-1	-1	-1	
147	144	0c79079576e9d10b	4			yes					-1	-1	-1	-1	
148	144	dbda69fd3c460c00	4			yes					-1	-1	-1	-1	
149	143	72f51ed3251bc7f0	3			yes					-1	-1	-1	
150	120	d4bcd0ccd5c2b5f8	4			yes					-1	-1	-1	-1	
151	120	f5db3a843fcad5a6	4			yes					-1	-1	-1	-1	
152	0	75b7e51cfbcbe586	5			yes					-1	153	207	226	244	
153	152	d8d7818ecab9864b	5			yes					154	173	184	195	206	
154	153	6add7a516f5a1a74	4			yes					155	156	162	167	
155	154	37f084265be5ef84	4			yes					-1	-1	-1	-1	
156	154	fa98afbc69a74579	5			yes					157	158	159	160	161	
157	156	bd226735206884d4	4			yes					-1	-1	-1	-1	
158	156	2f0f8916709d2079	4			yes					-1	-1	-1	-1	
159	156	b92843e4d8e33038	4			yes					-1	-1	-1	-1	
160	156	3efaff9d53b05b8d	4			yes					-1	-1	-1	-1	
161	156	15ff525adba6cf18	4			yes					-1	-1	-1	-1	
162	154	24fadc23e3a6caf5	5			yes					163	164	165	-1	166	
163	162	634014aaaa690b58	4			yes					-1	-1	-1	-1	
164	162	f16dfa89fa9caff5	4			yes					-1	-1	-1	-1	
165	162	c802ea617dba7a7e	4			yes					-1	-1	-1	-1	
166	162	487d49e572359267	4			yes					-1	-1	-1	-1	
167	154	4b378622da020c49	5			yes					168	169	170	171	172	
168	167	0c8d4eab93cdcde4	4			yes					-1	-1	-1	-1	
169	167	9ea0a088c3386949	4			yes					-1	-1	-1	-1	
170	167	a7cfb060441ebcc2	4			yes					-1	-1	-1	-1	
171	167	52fe196ee6d4775b	4			yes					-1	-1	-1	-1	
172	167	671c472df23f6f34	4			yes					-1	-1	-1	-1	
173	153	93ee516eb6090df2	4			yes					-1	174	178	179	
174	173	a024721db774a6a4	5			yes					-1	-1	-1	176	177	
175	174	bfad72404506fbe5	4			no					-1	-1	-2	-2	
176	174	5c08e2e116faa8b8	4			yes					-1	-1	-1	-1	
177	174	e3f36e669d12beff	4			yes					-1	-1	-1	-1	
178	173	fdc79343304f2a9e	4			yes					-1	-1	-1	-1	
179	173	029d36b2378641f0	3			yes					180	181	183	
180	179	5de3a7856b108e52	4			yes					-1	-1	-1	-1	
181	179	bd3d4913587710c3	5			yes					-1	-1	-1	-1	182	
182	181	f24633aa332884be	4			yes					-1	-1	-1	-1	
183	179	e9e67796698b818c	5			yes					-1	-1	-1	-1	-1	
184	153	5ff9a5d9d068941d	4			yes					-1	-1	185	190	
185	184	24a40b5263687ab1	5			yes					186	187	188	-1	189	
186	185	3b2d0b0f911a27f0	4			yes					-1	-1	-1	-1	
187	185	068337199471f087	4			yes					-1	-1	-1	-1	
188	185	1ab60d3068282656	4			yes					-1	-1	-1	-1	
189	185	fa5ffd497f4119f7	4			yes					-1	-1	-1	-1	
190	184	117d93bee4f3638d	5			yes					191	192	193	-1	194	
191	190	0ef493e316813ecc	4			yes					-1	-1	-1	-1	
192	190	335aaff513eae9bb	4			yes					-1	-1	-1	-1	
193	190	2f6f95dcefb33f6a	4			yes					-1	-1	-1	-1	
194	190	9ff8884f7757a53a	4			yes					-1	-1	-1	-1	
195	153	ef6e68b4420d49d2	4			yes					-1	-1	-1	196	
196	195	39b6768a068ae42e	6			yes					197	199	201	203	-1	205	
197	196	263f76d7f4f8b96f	5			yes					-1	-1	-1	-1	198	
198	197	69440c6e9fa72d12	4			yes					-1	-1	-1	-1	
199	196	1b914ac1f1936e18	5			yes					-1	-1	-1	-1	200	
200	199	54ea30789accfa65	4			yes					-1	-1	-1	-1	
201	196	07a470e80dcab8c9	5			yes					-1	-1	-1	-1	202	
202	201	48df0a5166952cb4	4			yes					-1	-1	-1	-1	
203	196	de019329a73d5a90	5			yes					-1	-1	-1	-1	204	
204	203	917ae990cc62ceed	4			yes					-1	-1	-1	-1	
205	196	76cd0c336dd57053	5			yes					-1	-1	-1	-1	-1	
206	153	49a4e6524b36ca49	4			yes					-1	-1	-1	-1	
207	152	cba16ded0f34a0f6	4			yes					208	217	223	225	
208	207	79ab9632aad73cc9	3			yes					209	210	211	
209	208	a8c7ce655f40330e	4			yes					-1	-1	-1	-1	
210	208	600b09bf65a1628c	4			yes					-1	-1	-1	-1	
211	208	0a5b8d59f01655bf	5			yes					212	213	214	215	216	
212	211	4de145d0b9d99412	4			yes					-1	-1	-1	-1	
213	211	146eab6d86c72782	4			yes					-1	-1	-1	-1	
214	211	94bd15e022ed786a	4			yes					-1	-1	-1	-1	
215	211	2e990e581bd922a7	4			yes					-1	-1	-1	-1	
216	211	e3abf505062ae95d	4			yes					-1	-1	-1	-1	
217	207	c934722595626f04	3			yes					-1	218	219	
218	217	65de1474e05bf7b5	4			yes					-1	-1	-1	-1	
219	217	8baa03b95071ebfb	5			yes					220	-1	221	-1	222	
220	219	942303e4a203b6ba	4			yes					-1	-1	-1	-1	
221	219	1edd7a8f07a386c4	4			yes					-1	-1	-1	-1	
222	219	0de32aa4e596ae64	4			yes					-1	-1	-1	-1	
223	207	21ec83cbbe3a1fcf	3			yes					-1	-1	224	
224	223	1880bb952f561fdd	5			yes					-1	-1	-1	-1	-1	
225	207	5ad20a318ebbecf4	3			yes					-1	-1	-1	
226	152	7e4b4c584cca6e93	4			yes					227	237	241	243	
227	226	cc41b787e929f2ac	3			yes					228	230	235	
228	227	edd39bdb538701ba	5			yes					-1	-1	-1	229	-1	
229	228	2357220a82a4289d	4			yes					-1	-1	-1	-1	
230	227	4c85c41365e3e231	5			yes					231	232	-1	233	234	
231	230	0b3f0c9a2c2c239c	4			yes					-1	-1	-1	-1	
232	230	52b0e2271332900c	4			yes					-1	-1	-1	-1	
233	230	82017dc2b4c0cb16	4			yes					-1	-1	-1	-1	
234	230	0f52d8684f85fa6a	4			yes					-1	-1	-1	-1	
235	227	59adb5c5a02b8270	5			yes					-1	-1	-1	-1	236	
236	235	a394a4bb4adad8e0	4			yes					-1	-1	-1	-1	
237	226	7cde5390d69ca161	3			yes					-1	238	-1	
238	237	1797e424344e4908	5			yes					-1	-1	-1	239	-1	
239	238	d9135df5e56d602f	4			yes					-1	-1	-1	-1	
240	238	5440f85f1e285153	4			no					-1	-1	-1	-2	
241	226	f965680f561b7cc5	3			yes					-1	-1	242	
242	241	dcab27ac161fbc3b	5			yes					-1	-1	-1	-1	-1	
243	226	37b1c0402564419b	3			yes					-1	-1	-1	
244	152	16d62a08cf6c21c5	5			yes					245	261	267	274	275	
245	244	a4dcd1d76a8fbdfa	4			yes					246	248	253	256	
246	245	7f99412890a50aed	5			yes					-1	-1	-1	-1	247	
247	246	945dcafc9e063ccb	4			yes					-1	-1	-1	-1	
248	245	b6d3575d31267fcc	5			yes					249	250	-1	251	252	
249	248	f1699fd478e9be61	4			yes					-1	-1	-1	-1	
250	248	a8e6716947f70df1	4			yes					-1	-1	-1	-1	
251	248	96d6c3d61a42b531	4			yes					-1	-1	-1	-1	
252	248	835bcd3a99bace4d	4			yes					-1	-1	-1	-1	
253	245	fa6dd2de6b4152da	5			yes					-1	254	-1	-1	255	
254	253	e458f4ea1d9020e7	4			yes					-1	-1	-1	-1	
255	253	11a9590a65e264fc	4			yes					-1	-1	-1	-1	
256	245	b202d2a50833123d	3			yes					-1	257	259	
257	256	0512e4272c5d8bd2	5			yes					-1	-1	-1	258	-1	
258	257	251770ac0739412f	4			yes					-1	-1	-1	-1	
259	256	2f145dc7bcbcaa05	5			yes					-1	-1	-1	-1	260	
260	259	606f277ed7e33e78	4			yes					-1	-1	-1	-1	
261	244	144335c0553aee37	4			yes					-1	262	265	-1	
262	261	9c7b9e77b3896637	5			yes					263	-1	-1	-1	264	
263	262	83f29e2a41fb3b76	4			yes					-1	-1	-1	-1	
264	262	77bf15a3bd2a5011	4			yes					-1	-1	-1	-1	
265	261	47ddc4c460068ecb	5			yes					-1	-1	-1	-1	266	
266	265	ac194f106ea5b8ed	4			yes					-1	-1	-1	-1	
267	244	91f80e5fd5bd3393	4			yes					-1	-1	268	273	
268	267	13ee95433eae981b	5			yes					269	270	271	-1	272	
269	268	0c67951eccdcc55a	4			yes					-1	-1	-1	-1	
270	268	31c9a908c9b7122d	4			yes					-1	-1	-1	-1	
271	268	2d555d2fafc52ad5	4			yes					-1	-1	-1	-1	
272	268	faf63347e56af7de	4			yes					-1	-1	-1	-1	
273	267	87260d2db7019c54	3			yes					-1	-1	-1	
274	244	216fc33247d8ee5c	4			yes					-1	-1	-1	-1	
275	244	0008297aadd08e02	4			yes					-1	-1	-1	-1	
276	0	5a7f398e4f6beaa1	5			yes					-1	-1	277	321	335	
277	276	e30e7a65496de1f7	5			yes					278	295	308	313	320	
278	277	510481baec8e7dc8	4			yes					279	285	286	291	
279	278	7194b323d5a29b77	5			yes					280	281	282	283	284	
280	279	9ae2496917874ea3	4			yes					-1	-1	-1	-1	
281	279	e8ef70ac580a815a	4			yes					-1	-1	-1	-1	
282	279	7ad4874acacad39f	4			yes					-1	-1	-1	-1	
283	279	3a9a11d77a839f4a	4			yes					-1	-1	-1	-1	
284	279	3243af58ffc4832c	4			yes					-1	-1	-1	-1	
285	278	69bd4d9473ce40e1	4			yes					-1	-1	-1	-1	
286	278	3acb4d74662719dd	5			yes					-1	287	288	289	290	
287	286	bf38abb8be04ae27	4			yes					-1	-1	-1	-1	
288	286	47d1bbffac86ee06	4			yes					-1	-1	-1	-1	
289	286	c14e016310ea35d0	4			yes					-1	-1	-1	-1	
290	286	e430bb6f7a0e7a9b	4			yes					-1	-1	-1	-1	
291	278	d2870c2511309d6c	5			yes					-1	292	293	294	-1	
292	291	5774eae9c9132a96	4			yes					-1	-1	-1	-1	
293	291	af9dfaaedb916ab7	4			yes					-1	-1	-1	-1	
294	291	f6458f24faffea74	4			yes					-1	-1	-1	-1	
295	277	7a86fdfa826cbb92	4			yes					-1	296	297	303	
296	295	e6158ffd231b9029	4			yes					-1	-1	-1	-1	
297	295	31bb28f353518471	5			yes					298	299	300	301	302	
298	297	2e3228aea123d930	4			yes					-1	-1	-1	-1	
299	297	47ed4cda5237e5d1	4			yes					-1	-1	-1	-1	
300	297	4ca1de7899f073aa	4			yes					-1	-1	-1	-1	
301	297	ca3e64e4259ca87c	4			yes					-1	-1	-1	-1	
302	297	ef40dee84f78e737	4			yes					-1	-1	-1	-1	
303	295	d9f769a2244600c0	5			yes					304	305	306	307	-1	
304	303	c67e69ffd6345d81	4			yes					-1	-1	-1	-1	
305	303	afa10d8b25206160	4			yes					-1	-1	-1	-1	
306	303	a4ed9f29eee7f71b	4			yes					-1	-1	-1	-1	
307	303	fd35eaa3cf8977d8	4			yes					-1	-1	-1	-1	
308	277	8d48f2a667d945c1	4			yes					-1	-1	309	310	
309	308	1a9bfb81d89ca643	5			yes					-1	-1	-1	-1	-1	
310	308	1c3b957ae65609c3	3			yes					311	312	-1	
311	310	488dd2c1a7957fc4	5			yes					-1	-1	-1	-1	-1	
312	310	c72510a8f740af0c	5			yes					-1	-1	-1	-1	-1	
313	277	d4b7935fc1d92e6e	4			yes					-1	-1	-1	314	
314	313	aa26ba34bb20fc61	6			yes					315	316	317	318	-1	319	
315	314	b5afba694952a120	5			yes					-1	-1	-1	-1	-1	
316	314	f7669b0b4f4c984e	5			yes					-1	-1	-1	-1	-1	
317	314	9434bc56b060a086	5			yes					-1	-1	-1	-1	-1	
318	314	a1668e5da448b489	5			yes					-1	-1	-1	-1	-1	
319	314	e55dc08dd07f681c	5			yes					-1	-1	-1	-1	-1	
320	277	727d1db9c8e2adf5	4			yes					-1	-1	-1	-1	
321	276	f988777e2017bcc6	4			yes					322	330	333	334	
322	321	4b828ca185f420f9	3			yes					323	328	329	
323	322	5b13ff8e1ea0ff13	5			yes					-1	324	325	326	327	
324	323	c2683c019308e53e	4			yes					-1	-1	-1	-1	
325	323	bca41a2dbf1741ad	4			yes					-1	-1	-1	-1	
326	323	93cd98ca80501cb2	4			yes					-1	-1	-1	-1	
327	323	5d64bb2270ca92e6	4			yes					-1	-1	-1	-1	
328	322	c12de02e60b997c9	5			yes					-1	-1	-1	-1	-1	
329	322	96a0c4f5db5f22ec	5			yes					-1	-1	-1	-1	-1	
330	321	6000f0e1eb16e6a3	3			yes					-1	331	332	
331	330	4e852247306c4701	5			yes					-1	-1	-1	-1	-1	
332	330	9dd0a172ee29bf40	5			yes					-1	-1	-1	-1	-1	
333	321	6278f058074ce952	3			yes					-1	-1	-1	
334	321	b072fb6649b993ce	3			yes					-1	-1	-1	
335	276	9115112ea3b1f390	5			yes					336	349	356	359	360	
336	335	231feaf106526faf	4			yes					337	342	344	347	
337	336	eb3ce4f5e987c4fb	5			yes					-1	338	339	340	341	
338	337	7247277a642fded6	4			yes					-1	-1	-1	-1	
339	337	0c8b015648307a45	4			yes					-1	-1	-1	-1	
340	337	a032460146a6c0c6	4			yes					-1	-1	-1	-1	
341	337	deb47e92411b757a	4			yes					-1	-1	-1	-1	
342	336	cb2bf87ef3c14893	5			yes					-1	-1	-1	-1	343	
343	342	20ef73aafd627eb5	4			yes					-1	-1	-1	-1	
344	336	5dea061806ec667f	5			yes					-1	345	-1	-1	346	
345	344	d819e0d4decfd185	4			yes					-1	-1	-1	-1	
346	344	b8ffa635e4a29787	4			yes					-1	-1	-1	-1	
347	336	35c1e98364eec068	3			yes					348	-1	-1	
348	347	58fd578ff4fc30e5	5			yes					-1	-1	-1	-1	-1	
349	335	089d96b168b0a9f5	4			yes					-1	350	352	355	
350	349	44833a17a314985b	5			yes					-1	-1	-1	-1	351	
351	350	af47b1c3adb7ae7d	4			yes					-1	-1	-1	-1	
352	349	569a639f339afbd3	5			yes					353	-1	-1	-1	354	
353	352	491363c2c1e8a692	4			yes					-1	-1	-1	-1	
354	352	b38fc3b2d1d40a2b	4			yes					-1	-1	-1	-1	
355	349	1e4395c30a0c0632	3			yes					-1	-1	-1	
356	335	0ae5960884eaa604	4			yes					-1	-1	357	-1	
357	356	269158611c5ee758	5			yes					-1	-1	-1	-1	358	
358	357	cd55d3b512fdd17e	4			yes					-1	-1	-1	-1	
359	335	a6acf8142b053c09	4			yes					-1	-1	-1	-1	
360	335	87cb125cc10d5c57	4			yes					-1	-1	-1	-1	
361	0	4352307837f75ffd	5			yes					-1	-1	-1	362	401	
362	361	95f9ab58b02f938d	5			yes					363	377	390	398	400	
363	362	27f3508715cc0fb2	4			yes					364	369	374	375	
364	363	0efacb0460b0b1b7	5			yes					-1	365	366	367	368	
365	364	2e9fedcb2dd71368	4			yes					-1	-1	-1	-1	
366	364	05baff6d7fd8f95f	4			yes					-1	-1	-1	-1	
367	364	c624ac40fe405216	4			yes					-1	-1	-1	-1	
368	364	088d8fa80edadc42	4			yes					-1	-1	-1	-1	
369	363	41bfb3e5f7314058	5			yes					-1	370	371	372	373	
370	369	9e2a445f6e0ac841	4			yes					-1	-1	-1	-1	
371	369	f660336d77e010fa	4			yes					-1	-1	-1	-1	
372	369	8961d4a169c1a3f9	4			yes					-1	-1	-1	-1	
373	369	47c8f749995b2dad	4			yes					-1	-1	-1	-1	
374	363	2a2b7f85cbaf7d00	4			yes					-1	-1	-1	-1	
375	363	703b13d1cbd0534b	5			yes					-1	-1	-1	-1	-1	
376	375	b8e574955520b0ea	4			no					-1	-2	-2	-2	
377	362	0c712cc77b2ec9e8	4			yes					-1	378	383	384	
378	377	ce17718ca7e49090	5			yes					379	-1	380	381	382	
379	378	d19e71d15596cdd1	4			yes					-1	-1	-1	-1	
380	378	79c8f1042735c032	4			yes					-1	-1	-1	-1	
381	378	06c916c839147331	4			yes					-1	-1	-1	-1	
382	378	c8603520c98efd65	4			yes					-1	-1	-1	-1	
383	377	0c4cee85d525734f	4			yes					-1	-1	-1	-1	
384	377	521c52d924ace1b8	6			yes					385	-1	386	387	388	389	
385	384	4d955284d6debcf9	5			yes					-1	-1	-1	-1	-1	
386	384	d15ecfe49f9f83dd	5			yes					-1	-1	-1	-1	-1	
387	384	4f03f1d111d5cd2b	5			yes					-1	-1	-1	-1	-1	
388	384	2dddf215c630c6bf	5			yes					-1	-1	-1	-1	-1	
389	384	804cb9862d34981b	5			yes					-1	-1	-1	-1	-1	
390	362	41e385b7e116099d	4			yes					-1	-1	391	392	
391	390	2c8b64df4b072b1e	5			yes					-1	-1	-1	-1	-1	
392	390	1e79a30218eba28b	6			yes					393	394	-1	395	396	397	
393	392	01f0a35fea99ffca	5			yes					-1	-1	-1	-1	-1	
394	392	4339823dec87c6a4	5			yes					-1	-1	-1	-1	-1	
395	392	0366000a2d928e18	5			yes					-1	-1	-1	-1	-1	
396	392	61b803cefa77858c	5			yes					-1	-1	-1	-1	-1	
397	392	cc29485d1173db28	5			yes					-1	-1	-1	-1	-1	
398	362	a3abf166be9175c1	4			yes					-1	-1	-1	399	
399	398	ff9852af3fdb5c4a	3			yes					-1	-1	-1	
400	362	c9ca08913165ba06	4			yes					-1	-1	-1	-1	
401	361	030bbffbec694cb4	5			yes					402	418	428	432	433	
402	401	b1014424498ad08b	4			yes					403	408	413	415	
403	402	bed5d07f97978a5f	5			yes					-1	404	405	406	407	
404	403	9eb0f6b0daf02880	4			yes					-1	-1	-1	-1	
405	403	b595e41688ffc2b7	4			yes					-1	-1	-1	-1	
406	403	f5db728b38b68e62	4			yes					-1	-1	-1	-1	
407	403	8b5d4a183f0b3bde	4			yes					-1	-1	-1	-1	
408	402	f190a89e00167bb0	5			yes					-1	409	410	411	412	
409	408	2e055f24992df3a9	4			yes					-1	-1	-1	-1	
410	408	464f281680c72b12	4			yes					-1	-1	-1	-1	
411	408	ba9e0a6aaf377f8d	4			yes					-1	-1	-1	-1	
412	408	c41832f9a88aca31	4			yes					-1	-1	-1	-1	
413	402	11a37d46cb38505a	5			yes					-1	-1	-1	-1	414	
414	413	fa67f692c59b667c	4			yes					-1	-1	-1	-1	
415	402	a7df47562b367f4c	3			yes					416	417	-1	
416	415	0d1463058aec7e41	5			yes					-1	-1	-1	-1	-1	
417	415	42511be41d6d8fae	5			yes					-1	-1	-1	-1	-1	
418	401	9a833864276816d1	4			yes					-1	419	424	426	
419	418	7e386af750c3ab78	5			yes					420	-1	421	422	423	
420	419	61b16aaaa2b1f639	4			yes					-1	-1	-1	-1	
421	419	c9e7ea7fd012fbda	4			yes					-1	-1	-1	-1	
422	419	3536c803ffe2af45	4			yes					-1	-1	-1	-1	
423	419	4bb0f090f85f1af9	4			yes					-1	-1	-1	-1	
424	418	b162f7d34a56b66e	5			yes					-1	-1	-1	-1	425	
425	424	5aa67c0744f58048	4			yes					-1	-1	-1	-1	
426	418	8c5d3b1645d4b916	3			yes					-1	427	-1	
427	426	cdf9d98d4db85f66	5			yes					-1	-1	-1	-1	-1	
428	401	d7119114bd50d6a4	4			yes					-1	-1	429	431	
429	428	1d7548d031a40d47	5			yes					-1	-1	-1	-1	430	
430	429	f6b1c3043f073b61	4			yes					-1	-1	-1	-1	
431	428	c1cf9266dfec7963	3			yes					-1	-1	-1	
432	401	e94651dd5d67f38d	4			yes					-1	-1	-1	-1	
433	401	15d5bc898ed5e373	4			yes					-1	-1	-1	-1	
434	0	036724030fb27364	5			yes					-1	-1	-1	-1	435	
435	434	66c985085049d479	6			yes					436	453	464	471	474	476	
436	435	d4c37ed7f5aa4846	5			yes					437	442	447	450	452	
437	436	4d4bf9483eab1223	4			yes					438	439	-1	440	
438	437	9b8c1dc7d17da860	5			yes					-1	-1	-1	-1	-1	
439	437	2e0233715941c39f	5			yes					-1	-1	-1	-1	-1	
440	437	efaa94c0affe9e2a	6			yes					-1	-1	-1	-1	-1	441	
441	440	27e5543fdd12781b	5			yes					-1	-1	-1	-1	-1	
442	436	00d95038a493d256	4			yes					-1	443	-1	444	
443	442	b7726632e2433e13	5			yes					-1	-1	-1	-1	-1	
444	442	4928819744fa13e4	6			yes					-1	-1	-1	-1	-1	446	
445	444	8ab78bca29ed41eb	5			no					-1	-1	-2	-2	-2	
446	444	816741683616f5d5	5			yes					-1	-1	-1	-1	-1	
447	436	53ed5a80ef7b5a10	4			yes					-1	-1	-1	448	
448	447	199a9cdf2d777691	5			yes					-1	-1	-1	-1	-1	
449	448	d71e250efc545fb6	4			no					-1	-2	-1	-2	
450	436	77a59863e8182c9c	4			yes					-1	-1	-1	451	
451	450	cabc8d2780e9d223	3			yes					-1	-1	-1	
452	436	69da6b939d5bb6f9	4			yes					-1	-1	-1	-1	
453	435	ff4102979b488e1c	5			yes					-1	454	459	461	463	
454	453	2b5b2c78ca71140c	4			yes					-1	455	-1	456	
455	454	38daa45bb296eedb	5			yes					-1	-1	-1	-1	-1	
456	454	c68043fe142fc32c	6			yes					-1	-1	-1	-1	-1	458	
457	456	051f49a379389123	5			no					-1	-1	-1	-1	-2	
458	456	0ecf830166c3251d	5			yes					-1	-1	-1	-1	-1	
459	453	786f26c081999c4a	4			yes					-1	-1	-1	460	
460	459	e73e07fff585f59b	5			yes					-1	-1	-1	-1	-1	
461	453	5c27e42386faeac6	4			yes					-1	-1	-1	462	
462	461	e13ef167ee0b1479	3			yes					-1	-1	-1	
463	453	425817d3f3b970a3	4			yes					-1	-1	-1	-1	
464	435	b2d3abe701704e69	5			yes					-1	-1	465	468	470	
465	464	35fd8fb01ba15c3f	4			yes					-1	-1	-1	466	
466	465	995625844db65eb4	6			yes					-1	-1	-1	-1	-1	467	
467	466	5119e57b3f5ab885	5			yes					-1	-1	-1	-1	-1	
468	464	11b54d531cc22ab3	4			yes					-1	-1	-1	469	
469	468	acac58177433d40c	3			yes					-1	-1	-1	
470	464	0fcabea36981b0d6	4			yes					-1	-1	-1	-1	
471	435	e1e7a15f4a98c62f	5			yes					-1	-1	-1	472	473	
472	471	428147eb572aa2f5	4			yes					-1	-1	-1	-1	
473	471	5cfeb41b22693890	4			yes					-1	-1	-1	-1	
474	435	c5af63bc4dfbb0a3	5			yes					-1	-1	-1	-1	475	
475	474	78b676f8250a4e1c	4			yes					-1	-1	-1	-1	
476	435	dbd0904c38b82ac6	5			yes					-1	-1	-1	-1	-1	
477	0	8a184f743dc1f78a	5			yes					-1	-1	-1	-1	-1	
