Number of nodes
458
ID	PID	Hash_Value			File_Number	Fully_Enumerated	Children
0	-1	9473694aa0bf0fe0	6			yes					1	145	254	338	404	457	
1	0	8bcd3e5f7819c02b	5			yes					2	49	73	91	107	
2	1	8ee6b0080193019c	5			yes					3	11	27	37	48	
3	2	34791fc2ef7350ec	4			yes					4	5	7	8	
4	3	5f9add28a0a5df3a	4			yes					-1	-1	-1	-1	
5	3	bd748da69315149d	4			yes					-1	6	-1	-1	
6	5	a252f5e0ed9bfa2e	3			yes					-1	-1	-1	
7	3	c63a1fa20bc70824	5			yes					-1	-1	-1	-1	-1	
8	3	e26b3377d0b5b532	3			yes					9	10	-1	
9	8	ecd08ff6a33c37e2	4			yes					-1	-1	-1	-1	
10	8	21563419be7838b3	4			yes					-1	-1	-1	-1	
11	2	2e3476772e5ce0d4	4			yes					-1	12	19	23	
12	11	86494c5dbfa9b5a6	5			yes					13	15	16	17	18	
13	12	114d1e2836e5c6ec	4			yes					14	-1	-1	-1	
14	13	7a4d8d7a1d89241a	3			yes					-1	-1	-1	
15	12	ed49df0f94c55750	4			yes					-1	-1	-1	-1	
16	12	c97a2b289f337a96	4			yes					-1	-1	-1	-1	
17	12	79863d9944ca5d48	4			yes					-1	-1	-1	-1	
18	12	4cf8d79679d9b662	4			yes					-1	-1	-1	-1	
19	11	75413c6e728f9ed6	5			yes					20	21	-1	-1	22	
20	19	e2456e1bfbc3ed9c	4			yes					-1	-1	-1	-1	
21	19	1e41af3c59e37c20	4			yes					-1	-1	-1	-1	
22	19	cd63d73d2b37b1aa	4			yes					-1	-1	-1	-1	
23	11	257a86305c752c4c	5			yes					24	25	-1	26	-1	
24	23	b27ed445d5395f06	4			yes					-1	-1	-1	-1	
25	23	4e7a15627719ceba	4			yes					-1	-1	-1	-1	
26	23	4d813ce86edfa127	4			yes					-1	-1	-1	-1	
27	2	42f29c1f2f1c4ff2	4			yes					-1	-1	28	33	
28	27	cc9a3a4f0b14ac8d	5			yes					29	30	31	-1	32	
29	28	5b9e683a8258dfc7	4			yes					-1	-1	-1	-1	
30	28	a79aa91d20784e7b	4			yes					-1	-1	-1	-1	
31	28	ed422fff0108240c	4			yes					-1	-1	-1	-1	
32	28	5c451ba54886b11c	4			yes					-1	-1	-1	-1	
33	27	607f04f80c59ed8b	5			yes					34	35	36	-1	-1	
34	33	f77b568d85159ec1	4			yes					-1	-1	-1	-1	
35	33	0b7f97aa27350f7d	4			yes					-1	-1	-1	-1	
36	33	41a711480645650a	4			yes					-1	-1	-1	-1	
37	2	004b6917d0661b88	4			yes					-1	-1	-1	38	
38	37	7ad48290a67d976a	6			yes					39	41	43	45	-1	47	
39	38	edd0d0e52f31e420	5			yes					-1	-1	-1	-1	40	
40	39	d964038ef3a74d4d	4			yes					-1	-1	-1	-1	
41	38	11d411c28d11759c	5			yes					-1	-1	-1	-1	42	
42	41	2560c2a95187dcf1	4			yes					-1	-1	-1	-1	
43	38	5b0c9720ac611feb	5			yes					-1	-1	-1	-1	44	
44	43	6fb8444b70f7b686	4			yes					-1	-1	-1	-1	
45	38	c777f7cb78131c1a	5			yes					-1	-1	-1	-1	46	
46	45	f3c324a0a485b577	4			yes					-1	-1	-1	-1	
47	38	4e6051fb7aeb3e07	5			yes					-1	-1	-1	-1	-1	
48	2	58f49cbd3e55e442	4			yes					-1	-1	-1	-1	
49	1	a9b9c4e428bbe644	4			yes					50	55	61	72	
50	49	521a6ab6ccb91061	3			yes					51	52	54	
51	50	a928d626db086cdb	4			yes					-1	-1	-1	-1	
52	50	b0221f6d20e9e18b	4			yes					-1	-1	-1	53	
53	52	14eef1b486ca03c3	3			yes					-1	-1	-1	
54	50	d321356cf790b200	4			yes					-1	-1	-1	-1	
55	49	a31c5bf80a3109ef	3			yes					-1	56	58	
56	55	09abfeec3f33bedc	5			yes					-1	-1	-1	-1	57	
57	56	ce29c3da08713ce9	4			yes					-1	-1	-1	-1	
58	55	68f3c8b2ce0df27f	5			yes					59	60	-1	-1	-1	
59	58	fff79ac747418135	4			yes					-1	-1	-1	-1	
60	58	5e038dd1975cbf88	4			yes					-1	-1	-1	-1	
61	49	27141dfbf94efc50	3			yes					-1	-1	62	
62	61	5fe7773604d19605	6			yes					63	65	67	69	-1	71	
63	62	c8e325438d9de54f	5			yes					-1	-1	-1	-1	64	
64	63	fc57f628510b4c22	4			yes					-1	-1	-1	-1	
65	62	691732555d80dbf2	5			yes					-1	-1	-1	-1	66	
66	65	5da3e13e8116729f	4			yes					-1	-1	-1	-1	
67	62	06fc4111de5cb0ea	5			yes					-1	-1	-1	-1	68	
68	67	3248927a02ca1987	4			yes					-1	-1	-1	-1	
69	62	e244026ddabf1d75	5			yes					-1	-1	-1	-1	70	
70	69	d6f0d1060629b418	4			yes					-1	-1	-1	-1	
71	62	6b53a45dd8473f68	5			yes					-1	-1	-1	-1	-1	
72	49	7fabe851177d039a	3			yes					-1	-1	-1	
73	1	24569f06f0b04aef	4			yes					74	80	88	90	
74	73	dff5315414b2bcca	3			yes					75	77	78	
75	74	7dba682c331d50f3	4			yes					-1	-1	-1	76	
76	75	b70bf3e7f56d5337	3			yes					-1	-1	-1	
77	74	5a0cacc6a8071d97	4			yes					-1	-1	-1	-1	
78	74	0abb9cedb0cc8a77	5			yes					-1	79	-1	-1	-1	
79	78	159de4abce4264c4	4			yes					-1	-1	-1	-1	
80	73	84845979df7faba7	3			yes					-1	81	83	
81	80	ce9ef054a94b725f	5			yes					-1	-1	-1	-1	82	
82	81	dc359912415c2a9c	4			yes					-1	-1	-1	-1	
83	80	1b1cdba9fd8e19df	5			yes					84	85	86	87	-1	
84	83	8c1889dc74c26a95	4			yes					-1	-1	-1	-1	
85	83	2dec9ecaa4df5428	4			yes					-1	-1	-1	-1	
86	83	7e232ad26981e568	4			yes					-1	-1	-1	-1	
87	83	7a966c66d2d20c4d	4			yes					-1	-1	-1	-1	
88	73	8d634498f40bf2b3	3			yes					-1	-1	89	
89	88	4977c4c6abed7567	5			yes					-1	-1	-1	-1	-1	
90	73	f244b3b3cf76af31	3			yes					-1	-1	-1	
91	1	69c04ecb9deca5f7	4			yes					92	97	104	106	
92	91	9263e09979ee53d2	3			yes					93	94	-1	
93	92	1dcd11bf3eef1327	4			yes					-1	-1	-1	-1	
94	92	260a810a144232c2	5			yes					-1	95	-1	-1	96	
95	94	392cf94c6accdc71	4			yes					-1	-1	-1	-1	
96	94	80b50d5944f82d2f	4			yes					-1	-1	-1	-1	
97	91	c91288b4b22344bf	3			yes					-1	98	103	
98	97	69fb9687c981e40e	5			yes					99	100	-1	101	102	
99	98	feffc4f240cd9744	4			yes					-1	-1	-1	-1	
100	98	5f0bd3e490d0a9f9	4			yes					-1	-1	-1	-1	
101	98	ba36cb0c68cf1267	4			yes					-1	-1	-1	-1	
102	98	3d0a2de851c907e4	4			yes					-1	-1	-1	-1	
103	97	8ecb1f4a56c55005	5			yes					-1	-1	-1	-1	-1	
104	91	a5d462dcb363eb99	3			yes					-1	-1	105	
105	104	f93b320906bed954	5			yes					-1	-1	-1	-1	-1	
106	91	9765443ae5425903	3			yes					-1	-1	-1	
107	1	3e628993ebb3ed91	5			yes					108	115	132	143	144	
108	107	c5c127c10fb11bb4	4			yes					109	111	114	-1	
109	108	7a8fec079e08f037	5			yes					-1	-1	-1	-1	110	
110	109	6b769fcc01796f30	4			yes					-1	-1	-1	-1	
111	108	88b23cc83f80e479	5			yes					-1	112	-1	-1	113	
112	111	9794448e410e0aca	4			yes					-1	-1	-1	-1	
113	111	630b17131ce24ca7	4			yes					-1	-1	-1	-1	
114	108	a7fddb95da21113b	5			yes					-1	-1	-1	-1	-1	
115	107	9eb04fecc47c0cd9	4			yes					-1	116	126	130	
116	115	feacab43f33935aa	6			yes					117	119	-1	121	123	125	
117	116	69a8f9367a7546e0	5			yes					-1	-1	-1	-1	118	
118	117	78518afde504d9e7	4			yes					-1	-1	-1	-1	
119	116	c85cee20aa68785d	5			yes					-1	-1	-1	-1	120	
120	119	d9a59deb3519e75a	4			yes					-1	-1	-1	-1	
121	116	0163da87085add44	5			yes					-1	-1	-1	-1	122	
122	121	109aa94c972b4243	4			yes					-1	-1	-1	-1	
123	116	00f1726c94958664	5			yes					-1	-1	-1	-1	124	
124	123	110801a70be41963	4			yes					-1	-1	-1	-1	
125	116	ef55d8886c48aaad	5			yes					-1	-1	-1	-1	-1	
126	115	6b39b59fa2730ec1	5			yes					127	128	-1	-1	129	
127	126	fc3de7ea2b3f7d8b	4			yes					-1	-1	-1	-1	
128	126	5dc9f0fcfb224336	4			yes					-1	-1	-1	-1	
129	126	80809e448111a61f	4			yes					-1	-1	-1	-1	
130	115	b91a5b5a1b78a25f	3			yes					-1	-1	131	
131	130	577941406beeba79	5			yes					-1	-1	-1	-1	-1	
132	107	f276a584c53ca3ff	4			yes					-1	-1	133	142	
133	132	a730a46ee32da8ae	6			yes					134	136	138	-1	140	141	
134	133	3034f61b6a61dbe4	5			yes					-1	-1	-1	-1	135	
135	134	21cd85d0f51044e3	4			yes					-1	-1	-1	-1	
136	133	91c0e10dba7ce559	5			yes					-1	-1	-1	-1	137	
137	136	803992c6250d7a5e	4			yes					-1	-1	-1	-1	
138	133	86e8b1dee931202f	5			yes					-1	-1	-1	-1	139	
139	138	9711c2157640bf28	4			yes					-1	-1	-1	-1	
140	133	104cbe5fa5ca811a	5			yes					-1	-1	-1	-1	-1	
141	133	b6c9d7a57c5c37a9	5			yes					-1	-1	-1	-1	-1	
142	132	d5dcb1321a380d79	3			yes					-1	-1	-1	
143	107	b0cf508c3a46f785	4			yes					-1	-1	-1	-1	
144	107	19c89d2534b74317	4			yes					-1	-1	-1	-1	
145	0	b8f5cace1fe3b7f1	5			yes					-1	146	193	209	222	
146	145	fadf69149937a8ec	5			yes					147	165	171	181	192	
147	146	7f7b09fdf1700add	4			yes					148	149	155	160	
148	147	11ee05313e86bbed	4			yes					-1	-1	-1	-1	
149	147	ed5d6012a6e8264a	5			yes					150	151	-1	153	154	
150	149	28e9b5fb7355de81	4			yes					-1	-1	-1	-1	
151	149	99aa01126b834107	4			yes					-1	-1	152	-1	
152	151	a585118b1f269550	3			yes					-1	-1	-1	
153	149	d172708bd24df21d	4			yes					-1	-1	-1	-1	
154	149	27ecfbd96098258e	4			yes					-1	-1	-1	-1	
155	147	efb70120ffe39b76	5			yes					156	157	158	-1	159	
156	155	2a03d4c92a5e63bd	4			yes					-1	-1	-1	-1	
157	155	9b4060203288fc3b	4			yes					-1	-1	-1	-1	
158	155	3896f555a9c1650f	4			yes					-1	-1	-1	-1	
159	155	4b7beff959c0793e	4			yes					-1	-1	-1	-1	
160	147	8cb42b21289ac8fd	5			yes					161	162	163	164	-1	
161	160	4900fec8fd273036	4			yes					-1	-1	-1	-1	
162	160	f8434a21e5f1afb0	4			yes					-1	-1	-1	-1	
163	160	5b95df547eb83684	4			yes					-1	-1	-1	-1	
164	160	71202c05819995e9	4			yes					-1	-1	-1	-1	
165	146	110fb954a8fb1395	4			yes					-1	166	167	168	
166	165	2c490a62fd440ed0	4			yes					-1	-1	-1	-1	
167	165	77269a04341cad9e	5			yes					-1	-1	-1	-1	-1	
168	165	c71d95e1973df64b	3			yes					169	170	-1	
169	168	4cb4b5059be81d72	4			yes					-1	-1	-1	-1	
170	168	199894fe4098676a	4			yes					-1	-1	-1	-1	
171	146	36cb4503b7b8e682	4			yes					-1	-1	172	177	
172	171	d2e3887c078636ab	5			yes					173	174	175	-1	176	
173	172	235d4bad52c971a9	4			yes					-1	-1	-1	-1	
174	172	b9e31b2e2cead45d	4			yes					-1	-1	-1	-1	
175	172	8bf8be5bdd0b1044	4			yes					-1	-1	-1	-1	
176	172	423ca99644142b3a	4			yes					-1	-1	-1	-1	
177	171	7e06b6cb00cb77ad	5			yes					178	179	180	-1	-1	
178	177	8fb8751a558430af	4			yes					-1	-1	-1	-1	
179	177	150625992ba7955b	4			yes					-1	-1	-1	-1	
180	177	271d80ecda465142	4			yes					-1	-1	-1	-1	
181	146	7472b00b48c2b2f8	4			yes					-1	-1	-1	182	
182	181	64ad30a3aaef0d4c	6			yes					183	185	187	189	-1	191	
183	182	9513f372ffa04a4e	5			yes					-1	-1	-1	-1	184	
184	183	a1a720192336e323	4			yes					-1	-1	-1	-1	
185	182	0fada3f18183efba	5			yes					-1	-1	-1	-1	186	
186	185	3b19709a5d1546d7	4			yes					-1	-1	-1	-1	
187	182	3db6068470622ba3	5			yes					-1	-1	-1	-1	188	
188	187	0902d5efacf482ce	4			yes					-1	-1	-1	-1	
189	182	d90e45f87481863c	5			yes					-1	-1	-1	-1	190	
190	189	edba9693a8172f51	4			yes					-1	-1	-1	-1	
191	182	5019e3c87679a421	5			yes					-1	-1	-1	-1	-1	
192	146	2ccd45a1a6f14d32	4			yes					-1	-1	-1	-1	
193	145	6428b42abe8c092c	4			yes					194	203	206	208	
194	193	e18cd4c3d6cbab1d	3			yes					195	197	198	
195	194	32003fdaada9c004	4			yes					-1	-1	-1	196	
196	195	f8b1a4116bd9c3c0	3			yes					-1	-1	-1	
197	194	31d8bbe21be0ed77	4			yes					-1	-1	-1	-1	
198	194	915706462feff8b6	5			yes					199	200	201	202	-1	
199	198	54e3d3affa52007d	4			yes					-1	-1	-1	-1	
200	198	552b11ce02ee864d	4			yes					-1	-1	-1	-1	
201	198	de1fffa541205de5	4			yes					-1	-1	-1	-1	
202	198	f0ddb18900b3ed24	4			yes					-1	-1	-1	-1	
203	193	fa8397c2533affb3	3			yes					-1	204	205	
204	203	6d97ee70b1b34dd1	4			yes					-1	-1	-1	-1	
205	203	10323c5238fce8bb	4			yes					-1	-1	-1	-1	
206	193	cd1d6fb4ba37b170	3			yes					-1	-1	207	
207	206	723d835305d3ee2e	5			yes					-1	-1	-1	-1	-1	
208	193	b23a989f814aecf2	3			yes					-1	-1	-1	
209	145	29be65e7d3d0e634	4			yes					210	217	219	221	
210	209	ac1a050ebb974405	3			yes					211	212	216	
211	210	4a73387ff736b529	4			yes					-1	-1	-1	-1	
212	210	ccc3a33b206af123	5			yes					213	214	-1	-1	215	
213	212	097776d2f5d709e8	4			yes					-1	-1	-1	-1	
214	212	08bfb4b30d6b8fd8	4			yes					-1	-1	-1	-1	
215	212	6a7c2f6870d0eece	4			yes					-1	-1	-1	-1	
216	210	c9c4031ab2efd2a8	5			yes					-1	-1	-1	-1	-1	
217	209	b715460f3e6610ab	3			yes					-1	218	-1	
218	217	e42c623c0d31caf1	4			yes					-1	-1	-1	-1	
219	209	e5aa49f0fd5fa85a	3			yes					-1	-1	220	
220	219	c271759ca880421d	5			yes					-1	-1	-1	-1	-1	
221	209	d71b6f16ab7e1ac0	3			yes					-1	-1	-1	
222	145	7e1ca2bfa58fae52	5			yes					223	236	240	252	253	
223	222	fbb8c256cdc80c63	4			yes					224	226	231	233	
224	223	3770aa3fd1ddee4b	5			yes					-1	-1	-1	-1	225	
225	224	2689d9f44eac714c	4			yes					-1	-1	-1	-1	
226	223	efb6062fe5d63faa	5			yes					227	228	-1	229	230	
227	226	2a02d3c6306bc761	4			yes					-1	-1	-1	-1	
228	226	2bca11a7c8d74151	4			yes					-1	-1	-1	-1	
229	226	270a74d9e0d4cc96	4			yes					-1	-1	-1	-1	
230	226	040f2df4c6b49774	4			yes					-1	-1	-1	-1	
231	223	3c9ffd541a808102	5			yes					-1	-1	-1	-1	232	
232	231	d726d68f39e229dc	4			yes					-1	-1	-1	-1	
233	223	dc12d6e012cca2e5	3			yes					-1	234	235	
234	233	46d2479f1c023124	5			yes					-1	-1	-1	-1	-1	
235	233	9a66074061e0fae4	5			yes					-1	-1	-1	-1	-1	
236	222	e0b78157483958cd	4			yes					-1	237	239	-1	
237	236	c812cc541c4bb9bd	5			yes					-1	-1	-1	-1	238	
238	237	d9ebbf9f833a26ba	4			yes					-1	-1	-1	-1	
239	236	16e15e33e5fab481	5			yes					-1	-1	-1	-1	-1	
240	222	b2088ea88b00e03c	4			yes					-1	-1	241	251	
241	240	9c7ae3fb4d1333e7	6			yes					242	244	246	-1	248	250	
242	241	6dc4202a185c74e5	5			yes					-1	-1	-1	-1	243	
243	242	7c3d53e1872debe2	4			yes					-1	-1	-1	-1	
244	241	f77a70a9667fd111	5			yes					-1	-1	-1	-1	245	
245	244	e6830362f90e4e16	4			yes					-1	-1	-1	-1	
246	241	bda2f64b470fbb66	5			yes					-1	-1	-1	-1	247	
247	246	ac5b8580d87e2461	4			yes					-1	-1	-1	-1	
248	241	2b06f9ca0bf41a53	5			yes					-1	-1	-1	-1	-1	
249	248	3aff8a0194858554	4			yes					-1	-1	-1	-1	
250	241	8d839030d262ace0	5			yes					-1	-1	-1	-1	-1	
251	240	95a29a1e54044eba	3			yes					-1	-1	-1	
252	222	f0b17ba0747ab446	4			yes					-1	-1	-1	-1	
253	222	59b6b6097a8b00d4	4			yes					-1	-1	-1	-1	
254	0	8037b0bc3ba2a052	5			yes					-1	-1	255	300	313	
255	254	4ed105b9fa757b09	5			yes					256	270	283	288	299	
256	255	cb7565509232d938	4			yes					257	261	262	266	
257	256	17e9a96382f95809	4			yes					-1	258	259	260	
258	257	ee550f239760bf45	3			yes					-1	-1	-1	
259	257	76631eacada54d9b	3			yes					-1	-1	-1	
260	257	76e0bb2bfd1917a5	3			yes					-1	-1	-1	
261	256	47c2a6c01af2b128	4			yes					-1	-1	-1	-1	
262	256	6ca995282a63d47f	5			yes					-1	263	264	265	-1	
263	262	06a916e437b3bc81	4			yes					-1	-1	-1	-1	
264	262	951533683ffa3333	4			yes					-1	-1	-1	-1	
265	262	6b184f42e343cdbe	4			yes					-1	-1	-1	-1	
266	256	ad28c80e2a50399d	5			yes					-1	267	268	269	-1	
267	266	c7284bc237805163	4			yes					-1	-1	-1	-1	
268	266	54946e4e3fc9ded1	4			yes					-1	-1	-1	-1	
269	266	cca27fc1050c2c0f	4			yes					-1	-1	-1	-1	
270	255	b1e92310d4fb9352	4			yes					-1	271	272	278	
271	270	9b08b091a4671aee	4			yes					-1	-1	-1	-1	
272	270	d30587476130de8b	5			yes					273	274	275	276	277	
273	272	22bb4496347f9989	4			yes					-1	-1	-1	-1	
274	272	16540573f9799679	4			yes					-1	-1	-1	-1	
275	272	2ab9210774a939c7	4			yes					-1	-1	-1	-1	
276	272	d4b45d2da810c74a	4			yes					-1	-1	-1	-1	
277	272	cae23dcf11bff17d	4			yes					-1	-1	-1	-1	
278	270	1284da6161033369	5			yes					279	280	281	282	-1	
279	278	e33a19b0344c746b	4			yes					-1	-1	-1	-1	
280	278	d7d55855f94a7b9b	4			yes					-1	-1	-1	-1	
281	278	eb387c21749ad425	4			yes					-1	-1	-1	-1	
282	278	730e6dae4e5f26fb	4			yes					-1	-1	-1	-1	
283	255	2223b3eaa8fab5a0	4			yes					-1	-1	284	285	
284	283	6f116f48e3308a94	5			yes					-1	-1	-1	-1	-1	
285	283	f4319f5f973c507e	3			yes					286	287	-1	
286	285	872096e70910f8aa	4			yes					-1	-1	-1	-1	
287	285	5bea80b6b785536c	4			yes					-1	-1	-1	-1	
288	255	c07cdca62b80611d	4			yes					-1	-1	-1	289	
289	288	9484538392e76cbd	6			yes					290	292	294	296	-1	298	
290	289	653a9052c7a82bbf	5			yes					-1	-1	-1	-1	291	
291	290	518e43391b3e82d2	4			yes					-1	-1	-1	-1	
292	289	a27416e0cbb6214a	5			yes					-1	-1	-1	-1	293	
293	292	96c0c58b17208827	4			yes					-1	-1	-1	-1	
294	289	cd9f65a4486a4a52	5			yes					-1	-1	-1	-1	295	
295	294	f92bb6cf94fce33f	4			yes					-1	-1	-1	-1	
296	289	84fe93c906bc293d	5			yes					-1	-1	-1	-1	297	
297	296	b04a40a2da2a8050	4			yes					-1	-1	-1	-1	
298	289	a03080e84e71c5d0	5			yes					-1	-1	-1	-1	-1	
299	255	98c3290cc5b39ed7	4			yes					-1	-1	-1	-1	
300	254	8e9cd3ad1ced5935	4			yes					301	308	311	312	
301	300	0b38b34474aafb04	3			yes					302	306	307	
302	301	3defe2e7fe33d5c7	5			yes					-1	303	304	-1	305	
303	302	eace1692a8112bbe	4			yes					-1	-1	-1	-1	
304	302	3b89a4dc7bd1bf12	4			yes					-1	-1	-1	-1	
305	302	9b506eb4ae89ca2a	4			yes					-1	-1	-1	-1	
306	301	03d57aa248382342	4			yes					-1	-1	-1	-1	
307	301	7b926f961b0348de	5			yes					-1	-1	-1	-1	-1	
308	300	71a4f5043263b16e	3			yes					-1	309	310	
309	308	df1f6cf3f6ad8884	4			yes					-1	-1	-1	-1	
310	308	c43e7df95050422a	5			yes					-1	-1	-1	-1	-1	
311	300	84394cb13e67b69e	3			yes					-1	-1	-1	
312	300	7039d95c6443a5c1	3			yes					-1	-1	-1	
313	254	d93e14f56ab21153	5			yes					314	326	334	336	337	
314	313	5c9a741c02f5b362	4			yes					315	319	321	324	
315	314	8581bc4c09682760	5			yes					-1	316	-1	-1	318	
316	315	52a048395f4ad919	4			yes					-1	-1	-1	317	
317	316	43593bf2c03b461e	3			yes					-1	-1	-1	
318	315	9478cf879619b867	4			yes					-1	-1	-1	-1	
319	314	6748e42da25f2e11	5			yes					-1	-1	-1	-1	320	
320	319	76b197e63d2eb116	4			yes					-1	-1	-1	-1	
321	314	eaa76bf43948fcfc	5			yes					-1	322	-1	-1	323	
322	321	80a7e83824989402	4			yes					-1	-1	-1	-1	
323	321	011e402f1a2a5422	4			yes					-1	-1	-1	-1	
324	314	7b3060aaddf11de4	3			yes					-1	-1	325	
325	324	362a2505daf024bc	5			yes					-1	-1	-1	-1	-1	
326	313	2606325c443cf908	4			yes					-1	327	329	332	
327	326	bb82f27c1cca85d7	5			yes					-1	-1	-1	-1	328	
328	327	aa7b81b783bb1ad0	4			yes					-1	-1	-1	-1	
329	326	550b799b721bf608	5			yes					330	-1	-1	-1	331	
330	329	a4b5ba4a2754b10a	4			yes					-1	-1	-1	-1	
331	329	beb2524051795ed6	4			yes					-1	-1	-1	-1	
332	326	01ac26ea9b38578e	3			yes					-1	-1	333	
333	332	8986376a91a32e48	5			yes					-1	-1	-1	-1	-1	
334	313	d39b8be94838fef8	4			yes					-1	-1	335	-1	
335	334	0ed6ab7f32d6938b	5			yes					-1	-1	-1	-1	-1	
336	313	5793cdeabb470b47	4			yes					-1	-1	-1	-1	
337	313	fe940043b5b6bfd5	4			yes					-1	-1	-1	-1	
338	0	53972eb098b63f6e	5			yes					-1	-1	-1	339	370	
339	338	73441f46783ece09	5			yes					340	352	362	367	369	
340	339	f6e07faf10796c38	4			yes					341	346	349	350	
341	340	0bb3c2d8b7409c06	5			yes					-1	342	343	344	345	
342	341	1495ba9ec9ce72b5	4			yes					-1	-1	-1	-1	
343	341	1bc90292231bd986	4			yes					-1	-1	-1	-1	
344	341	d87e9f53160e6a6f	4			yes					-1	-1	-1	-1	
345	341	5f4279b72f087fec	4			yes					-1	-1	-1	-1	
346	340	08b3aff97b910133	5			yes					-1	-1	347	-1	348	
347	346	3f5506bdbbcd2a17	4			yes					-1	-1	-1	-1	
348	346	ae0c23aa2b2b1ede	4			yes					-1	-1	-1	-1	
349	340	e0be36a8e0dff665	3			yes					-1	-1	-1	
350	340	224ca5366c5142b1	5			yes					-1	-1	-1	351	-1	
351	350	f181f8bdcd1fb4d8	4			yes					-1	-1	-1	-1	
352	339	8c7c39ef56b02652	4			yes					-1	353	357	358	
353	352	fa7d52dfab13bc5a	5			yes					354	-1	355	-1	356	
354	353	0bc3910efe5cfb58	4			yes					-1	-1	-1	-1	
355	353	cd9bfb9b6b4f977e	4			yes					-1	-1	-1	-1	
356	353	5cc2de8cfba9a3b7	4			yes					-1	-1	-1	-1	
357	352	9a2270e8a616bc0f	3			yes					-1	-1	-1	
358	352	f3cec94ff25aa7e8	6			yes					359	-1	360	-1	-1	361	
359	358	02700a9ea715e0ea	5			yes					-1	-1	-1	-1	-1	
360	358	2d330dbbb9ccb338	5			yes					-1	-1	-1	-1	-1	
361	358	dfe9007bf24eeed1	5			yes					-1	-1	-1	-1	-1	
362	339	d396d93957f12f41	4			yes					-1	-1	363	364	
363	362	c5c8903ea757b51c	3			yes					-1	-1	-1	
364	362	0be266dafded186e	6			yes					-1	-1	-1	-1	-1	366	
365	364	3d1223b9a4bc5599	5			no					-1	-1	-1	-1	-2	
366	364	27c5afeefdf95157	5			yes					-1	-1	-1	-1	-1	
367	339	651a564188985454	4			yes					-1	-1	-1	368	
368	367	da4e803f6906ab22	3			yes					-1	-1	-1	
369	339	cc10c93899a0317f	4			yes					-1	-1	-1	-1	
370	338	54d14f17b2b9bdf8	5			yes					371	391	399	402	403	
371	370	d1752ffedafe1fc9	4			yes					372	384	387	389	
372	371	9ce4ff1c8df84da2	6			yes					-1	373	377	379	381	383	
373	372	83c2875af376a311	5			yes					-1	374	-1	-1	376	
374	373	93b84710672de691	4			yes					-1	-1	-1	-1	
375	373	7d9f5e7594da10df	4			no					-1	-1	-1	-2	
376	373	923bf4916c073c16	4			yes					-1	-1	-1	-1	
377	372	8c9e3f5619a30822	5			yes					-1	-1	-1	-1	378	
378	377	9d674c9d86d29725	4			yes					-1	-1	-1	-1	
379	372	632b8ed8769ba54c	5			yes					-1	-1	-1	-1	380	
380	379	72d2fd13e9ea3a4b	4			yes					-1	-1	-1	-1	
381	372	62b92633ea54fe6c	5			yes					-1	-1	-1	-1	382	
382	381	734055f87525616b	4			yes					-1	-1	-1	-1	
383	372	8d1d8cd71289d2a5	5			yes					-1	-1	-1	-1	-1	
384	371	103e92aa551869e0	5			yes					-1	-1	-1	385	386	
385	384	b71860a45ddc334b	4			yes					-1	-1	-1	-1	
386	384	fb87b971767ac13e	4			yes					-1	-1	-1	-1	
387	371	4558effb1d65444c	5			yes					-1	-1	-1	-1	388	
388	387	54a19c308214db4b	4			yes					-1	-1	-1	-1	
389	371	f6df3b4805fab14f	3			yes					-1	390	-1	
390	389	e2fcc174e87e55d2	4			yes					-1	-1	-1	-1	
391	370	abe969be9c3755a3	4			yes					-1	392	396	398	
392	391	e2f06f8c859ad489	5			yes					393	-1	-1	394	395	
393	392	134eac5dd0d5938b	4			yes					-1	-1	-1	-1	
394	392	45d69d828d5e8e22	4			yes					-1	-1	-1	-1	
395	392	09494457a6f87c57	4			yes					-1	-1	-1	-1	
396	391	ee1e7ecc4a88b182	5			yes					-1	-1	-1	-1	397	
397	396	ffe70d07d5f92e85	4			yes					-1	-1	-1	-1	
398	391	8c437d084333fb25	3			yes					-1	-1	-1	
399	370	f40389689d765cb0	4			yes					-1	-1	400	401	
400	399	29ab386cb4b3e140	5			yes					-1	-1	-1	-1	-1	
401	399	d3a99dde4272f236	3			yes					-1	-1	-1	
402	370	fde49489b60205a4	4			yes					-1	-1	-1	-1	
403	370	737b5ba16dbd137e	4			yes					-1	-1	-1	-1	
404	0	51b838af8b2acab5	5			yes					-1	-1	-1	-1	405	
405	404	ea1abd9313162ef0	6			yes					406	427	441	451	454	456	
406	405	6fbedd7a7b518cc1	5			yes					407	417	421	424	426	
407	406	9086fbd355df649a	4			yes					408	410	-1	412	
408	407	13863f94a35e75fc	5			yes					-1	-1	-1	-1	-1	
409	408	f83f144f803cdd22	4			no					-1	-2	-2	-2	
410	407	19d6a3399394750f	5			yes					-1	411	-1	-1	-1	
411	410	06f0db7fed1a9bbc	4			yes					-1	-1	-1	-1	
412	407	3bb524a67ea0f703	6			yes					-1	413	414	-1	415	416	
413	412	24935ce0002e19b0	5			yes					-1	-1	-1	-1	-1	
414	412	861651fda0ce7c73	5			yes					-1	-1	-1	-1	-1	
415	412	8ab69a39583bdaec	5			yes					-1	-1	-1	-1	-1	
416	412	4398723943a69cf3	5			yes					-1	-1	-1	-1	-1	
417	406	cf6c1b05549e6d89	4			yes					-1	418	-1	419	
418	417	c54c30e1f001885f	5			yes					-1	-1	-1	-1	-1	
419	417	672be88094e337d6	5			yes					-1	-1	-1	-1	420	
420	419	1f06be1fa9e55c26	4			yes					-1	-1	-1	-1	
421	406	a3aaf16d55dec2af	4			yes					-1	-1	-1	422	
422	421	6d59d7233cc8234c	5			yes					-1	-1	-1	-1	423	
423	422	157481bc01ce48bc	4			yes					-1	-1	-1	-1	
424	406	d8cfbee5d12203b5	4			yes					-1	-1	-1	425	
425	424	93feccc12fce477d	3			yes					-1	-1	-1	
426	406	248faf5e85bdc809	4			yes					-1	-1	-1	-1	
427	405	15229b3a3d98c6ab	5			yes					-1	428	435	438	440	
428	427	b5f05d45125727e3	4			yes					-1	429	-1	430	
429	428	ea674c179080ac2a	5			yes					-1	-1	-1	-1	-1	
430	428	8aa9a100417b52b9	6			yes					431	-1	432	-1	433	434	
431	430	7b1762d1143415bb	5			yes					-1	-1	-1	-1	-1	
432	430	066e844a6632ec1c	5			yes					-1	-1	-1	-1	-1	
433	430	3baa1f9f67e07f56	5			yes					-1	-1	-1	-1	-1	
434	430	f284f79f7c7d3949	5			yes					-1	-1	-1	-1	-1	
435	427	d936b72d131788c5	4			yes					-1	-1	-1	436	
436	435	881d2b07685800cc	5			yes					-1	-1	-1	-1	437	
437	436	f0307d98555e6b3c	4			yes					-1	-1	-1	-1	
438	427	a253f8a597eb49df	4			yes					-1	-1	-1	439	
439	438	e9628a8169070d17	3			yes					-1	-1	-1	
440	427	5e13e91ec3748263	4			yes					-1	-1	-1	-1	
441	405	4ac87bec3cd9cfb8	5			yes					-1	-1	442	448	450	
442	441	86dc57fb125681d6	4			yes					-1	-1	-1	443	
443	442	929e544c965775b3	6			yes					444	-1	-1	-1	446	447	
444	443	6320979dc31832b1	5			yes					-1	-1	-1	-1	-1	
445	443	a46e112fcf063844	5			no					-1	-1	-1	-2	-2	
446	443	239dead3b0cc585c	5			yes					-1	-1	-1	-1	-1	
447	443	eab302d3ab511e43	5			yes					-1	-1	-1	-1	-1	
448	441	fdb9187396aa40cc	4			yes					-1	-1	-1	449	
449	448	b6886a5768460404	3			yes					-1	-1	-1	
450	441	01f909c8c2358b70	4			yes					-1	-1	-1	-1	
451	405	260e91843d99609e	5			yes					-1	-1	-1	452	453	
452	451	917ff21b97eaefea	4			yes					-1	-1	-1	-1	
453	451	6d3fe3a0c3752456	4			yes					-1	-1	-1	-1	
454	405	5d6bde0cb965a184	5			yes					-1	-1	-1	-1	455	
455	454	165aac284789e54c	4			yes					-1	-1	-1	-1	
456	405	a12bcfb7edfa6a38	5			yes					-1	-1	-1	-1	-1	
457	0	25533b78ef7b2db3	5			yes					-1	-1	-1	-1	-1	
