Number of nodes
464
ID	PID	Hash_Value			File_Number	Fully_Enumerated	Children
0	-1	2bb2fd833dc16ff9	6			yes					1	153	275	359	421	463	
1	0	c70e0a77c12c0992	5			yes					2	58	85	105	120	
2	1	f9bab05442d06aad	5			yes					3	12	33	46	57	
3	2	9468c29d324da1fd	4			yes					4	5	7	8	
4	3	226bdbfaa7f2398b	4			yes					-1	-1	-1	-1	
5	3	6bee764a7f826489	4			yes					-1	6	-1	-1	
6	5	0fdfaa7e1e919bab	3			yes					-1	-1	-1	
7	3	68d23766d00da46c	4			yes					-1	-1	-1	-1	
8	3	d0de0a1631025535	3			yes					9	10	11	
9	8	d635ba9fe44d11d2	4			yes					-1	-1	-1	-1	
10	8	bfc18aea1acbc49f	4			yes					-1	-1	-1	-1	
11	8	dacd5eebbe292885	5			yes					-1	-1	-1	-1	-1	
12	2	d5fbf441a1368c9e	4			yes					-1	13	20	26	
13	12	e7dd4c59177e3874	5			yes					14	16	17	18	19	
14	13	157405ce78653599	4			yes					15	-1	-1	-1	
15	14	01e9446ff460ee21	3			yes					-1	-1	-1	
16	13	f3400df89b7be3cc	4			yes					-1	-1	-1	-1	
17	13	50a89309da4349d5	4			yes					-1	-1	-1	-1	
18	13	b4d10aa3bdf0e493	4			yes					-1	-1	-1	-1	
19	13	024d919c84ad7b13	4			yes					-1	-1	-1	-1	
20	12	292264be7d210db7	5			yes					21	22	23	24	25	
21	20	db8b2d29123a005a	4			yes					-1	-1	-1	-1	
22	20	3dbf251ff124d60f	4			yes					-1	-1	-1	-1	
23	20	38fd9361a11047fc	4			yes					-1	-1	-1	-1	
24	20	07907d2b38644fb4	4			yes					-1	-1	-1	-1	
25	20	d959e67c7a6ade1d	4			yes					-1	-1	-1	-1	
26	12	4bb2df2f756b3135	5			yes					27	29	30	31	32	
27	26	b91b96b81a703cd8	4			yes					28	-1	-1	-1	
28	27	ad86d7199675e760	3			yes					-1	-1	-1	
29	26	5f2f9e8ef96eea8d	4			yes					-1	-1	-1	-1	
30	26	5a6d28f0a95a7b7e	4			yes					-1	-1	-1	-1	
31	26	a18e4144506e6376	4			yes					-1	-1	-1	-1	
32	26	1dd761821a2ace5d	4			yes					-1	-1	-1	-1	
33	2	fc3322fcc7712755	4			yes					-1	-1	34	40	
34	33	3b904804f2790395	5			yes					35	36	37	38	39	
35	34	c93901939d620e78	4			yes					-1	-1	-1	-1	
36	34	2f0d09a57e7cd82d	4			yes					-1	-1	-1	-1	
37	34	169770c4ff4ece0b	4			yes					-1	-1	-1	-1	
38	34	5c02940677cd8da2	4			yes					-1	-1	-1	-1	
39	34	aca1ecf46b9d95fc	4			yes					-1	-1	-1	-1	
40	33	31f3a38dacfc15f1	5			yes					41	43	44	-1	45	
41	40	c35aea1ac3e7181c	4			yes					42	-1	-1	-1	
42	41	d7c7abbb4fe2c3a4	3			yes					-1	-1	-1	
43	40	256ee22c20f9ce49	4			yes					-1	-1	-1	-1	
44	40	1cf49b4da1cbd86f	4			yes					-1	-1	-1	-1	
45	40	72bd969c90cb5fab	4			yes					-1	-1	-1	-1	
46	2	00ac6cff15959453	4			yes					-1	-1	-1	47	
47	46	54ff778c081ef9eb	6			yes					48	50	52	54	-1	56	
48	47	a6563e1b6705f406	5			yes					-1	-1	-1	-1	49	
49	48	5ea2544d28c48c1d	4			yes					-1	-1	-1	-1	
50	47	4062362d841b2253	5			yes					-1	-1	-1	-1	51	
51	50	b8965c7bcbda5a48	4			yes					-1	-1	-1	-1	
52	47	79f84f4c05293475	5			yes					-1	-1	-1	-1	53	
53	52	810c251a4ae84c6e	4			yes					-1	-1	-1	-1	
54	47	76c19328f731b922	5			yes					-1	-1	-1	-1	55	
55	54	8e35f97eb8f0c139	4			yes					-1	-1	-1	-1	
56	47	ac0b1dda47df81f0	5			yes					-1	-1	-1	-1	-1	
57	2	bd0c78df419f9e65	4			yes					-1	-1	-1	-1	
58	1	da0a2a0215475acc	4			yes					59	66	73	84	
59	58	b23b83a8f18b65b7	3			yes					60	61	62	
60	59	a360ccb1570b0119	4			yes					-1	-1	-1	-1	
61	59	4ef0f212469cc557	4			yes					-1	-1	-1	-1	
62	59	9157cf207fa86938	5			yes					-1	63	64	-1	65	
63	62	d344d660882af721	4			yes					-1	-1	-1	-1	
64	62	b3692b84808729f1	4			yes					-1	-1	-1	-1	
65	62	bfc3147521827ad7	4			yes					-1	-1	-1	-1	
66	58	d591bd8ab0c6354d	3			yes					-1	67	70	
67	66	32a1c32dbbe2b86c	5			yes					-1	-1	-1	-1	69	
68	67	c0088abad4f9b581	4			no					-1	-1	-1	-2	
69	67	e7e7220307caf930	4			yes					-1	-1	-1	-1	
70	66	ba34709348ac6674	5			yes					71	72	-1	-1	-1	
71	70	489d390427b76b99	4			yes					-1	-1	-1	-1	
72	70	94fa72a4ef172699	4			yes					-1	-1	-1	-1	
73	58	231cf6a94202a432	3			yes					-1	-1	74	
74	73	1bec3817615adb5b	6			yes					75	77	79	81	-1	83	
75	74	e94571800e41d6b6	5			yes					-1	-1	-1	-1	76	
76	75	11b11bd64180aead	4			yes					-1	-1	-1	-1	
77	74	35223a20c6e19bb6	5			yes					-1	-1	-1	-1	78	
78	77	cdd650768920e3ad	4			yes					-1	-1	-1	-1	
79	74	43ab0cda2e97af20	5			yes					-1	-1	-1	-1	80	
80	79	bb5f668c6156d73b	4			yes					-1	-1	-1	-1	
81	74	39d2dcb39e759b92	5			yes					-1	-1	-1	-1	82	
82	81	c126b6e5d1b4e389	4			yes					-1	-1	-1	-1	
83	74	e31852412e9ba340	5			yes					-1	-1	-1	-1	-1	
84	58	9ebce2891608ae04	3			yes					-1	-1	-1	
85	1	5c1a922733f0fed0	4			yes					86	93	102	104	
86	85	342b3b8dd73cc1ab	3			yes					87	88	89	
87	86	eeeae8c26c078230	4			yes					-1	-1	-1	-1	
88	86	279d230818a04fdb	4			yes					-1	-1	-1	-1	
89	86	89e5f95964f3be01	5			yes					-1	90	91	-1	92	
90	89	edd4256d05e04123	4			yes					-1	-1	-1	-1	
91	89	954beef0161648ca	4			yes					-1	-1	-1	-1	
92	89	a771220c3ad9adee	4			yes					-1	-1	-1	-1	
93	85	705bd632d01618e3	3			yes					-1	94	96	
94	93	bc4a5633b6ec4a04	5			yes					-1	-1	-1	-1	95	
95	94	c0ee16028dc6b02c	4			yes					-1	-1	-1	-1	
96	93	16aa9e1f24689998	5			yes					97	98	99	100	101	
97	96	e403d7884b739475	4			yes					-1	-1	-1	-1	
98	96	38649c2883d3d975	4			yes					-1	-1	-1	-1	
99	96	849780a345baa0cf	4			yes					-1	-1	-1	-1	
100	96	64cb87e231bed50c	4			yes					-1	-1	-1	-1	
101	96	3c3b4ce1bca438c3	4			yes					-1	-1	-1	-1	
102	85	00c6253404652d80	3			yes					-1	-1	103	
103	102	1dc8e2d0c74124f6	5			yes					-1	-1	-1	-1	-1	
104	85	18ac5aac30bf0a18	3			yes					-1	-1	-1	
105	1	90292b9d01c6f2eb	4			yes					106	110	117	119	
106	105	f8188237e50acd90	3			yes					107	108	-1	
107	106	32202d6fccb91c43	5			yes					-1	-1	-1	-1	-1	
108	106	bd40640ce4464225	5			yes					-1	-1	-1	-1	-1	
109	108	1bd0e8f067c321c9	4			no					-1	-2	-2	-2	
110	105	bc686f88e22014d8	3			yes					-1	111	116	
111	110	f997bdd517a1b81e	5			yes					112	113	-1	114	115	
112	111	0b3ef44278bab5f3	4			yes					-1	-1	-1	-1	
113	111	d759bfe2b01af8f3	4			yes					-1	-1	-1	-1	
114	111	d8b61c0af03ddef0	4			yes					-1	-1	-1	-1	
115	111	4a33352fe2015a4f	4			yes					-1	-1	-1	-1	
116	110	9ca55249303a0150	5			yes					-1	-1	-1	-1	-1	
117	105	95a0b9358467bf13	3			yes					-1	-1	118	
118	117	1934840bcb8a35a7	5			yes					-1	-1	-1	-1	-1	
119	105	41f97f17828b94b0	3			yes					-1	-1	-1	
120	1	7b29c119c3ea5d9b	5			yes					121	128	143	151	152	
121	120	131868b3272662e0	4			yes					122	124	126	-1	
122	121	03df7254c6ca68f4	5			yes					-1	-1	-1	-1	123	
123	122	c24e0f613737603a	4			yes					-1	-1	-1	-1	
124	121	1fd5cd86dd6e5c61	5			yes					-1	-1	-1	-1	125	
125	124	de44b0b32c9354af	4			yes					-1	-1	-1	-1	
126	121	b69b5ab19dac9e69	5			yes					-1	-1	-1	-1	127	
127	126	770a27846c5196a7	4			yes					-1	-1	-1	-1	
128	120	5768850c200cbba8	4			yes					-1	129	134	138	
129	128	56fe15b295e30805	5			yes					130	131	-1	132	133	
130	129	a4575c25faf805e8	4			yes					-1	-1	-1	-1	
131	129	78301785325848e8	4			yes					-1	-1	-1	-1	
132	129	05f253483f6dd4e2	4			yes					-1	-1	-1	-1	
133	129	381ed20aaf13e046	4			yes					-1	-1	-1	-1	
134	128	36e5e288ee1a3578	5			yes					135	136	-1	-1	137	
135	134	c44cab1f81013895	4			yes					-1	-1	-1	-1	
136	134	182be0bf49a17595	4			yes					-1	-1	-1	-1	
137	134	e30aa5ea51d44548	4			yes					-1	-1	-1	-1	
138	128	94aee7a936288c7d	3			yes					139	140	-1	
139	138	3895d5b0c2dddadb	4			yes					-1	-1	-1	-1	
140	138	ca9825b16479b6c7	5			yes					141	142	-1	-1	-1	
141	140	38316c260b62bb2a	4			yes					-1	-1	-1	-1	
142	140	e4562786c3c2f62a	4			yes					-1	-1	-1	-1	
143	120	7ea053b1464b1063	4			yes					-1	-1	144	149	
144	143	2e253983600b8fd9	5			yes					145	146	147	-1	148	
145	144	dc8c70140f108234	4			yes					-1	-1	-1	-1	
146	144	00eb3bb4c7b0cf34	4			yes					-1	-1	-1	-1	
147	144	032201436d3c4247	4			yes					-1	-1	-1	-1	
148	144	96f2af6240230ea9	4			yes					-1	-1	-1	-1	
149	143	bd663114506f27b6	3			yes					150	-1	-1	
150	149	f0e10b9a971573e4	4			yes					-1	-1	-1	-1	
151	120	823f1db294afa365	4			yes					-1	-1	-1	-1	
152	120	b8efa3bcd5ce6a4e	4			yes					-1	-1	-1	-1	
153	0	a4fb7c58a5bf2be0	5			yes					-1	154	208	227	242	
154	153	f20619fd21ae1e8e	5			yes					155	174	185	196	207	
155	154	d0639e36fc30efc8	4			yes					156	157	163	168	
156	155	6631396513082170	4			yes					-1	-1	-1	-1	
157	155	0798a8085aa127d4	5			yes					158	159	160	161	162	
158	157	8e2086c34cb9a267	4			yes					-1	-1	-1	-1	
159	157	bbf0e42633759cbc	4			yes					-1	-1	-1	-1	
160	157	834cf9da4691a15b	4			yes					-1	-1	-1	-1	
161	157	5494eef2f02ffb33	4			yes					-1	-1	-1	-1	
162	157	e20875cdc97264b3	4			yes					-1	-1	-1	-1	
163	155	de707846a422e35b	5			yes					164	165	166	-1	167	
164	163	57c8568db23a66e8	4			yes					-1	-1	-1	-1	
165	163	62183468cdf65833	4			yes					-1	-1	-1	-1	
166	163	0159961c71bcfd90	4			yes					-1	-1	-1	-1	
167	163	2e0bfa84a36930f1	4			yes					-1	-1	-1	-1	
168	155	40ccad58954629cf	5			yes					169	170	171	172	173	
169	168	c9748393835eac7c	4			yes					-1	-1	-1	-1	
170	168	fca4e176fc9292a7	4			yes					-1	-1	-1	-1	
171	168	9fe5430240d83704	4			yes					-1	-1	-1	-1	
172	168	93520186afbf7eae	4			yes					-1	-1	-1	-1	
173	168	3967206190ab7771	4			yes					-1	-1	-1	-1	
174	154	9a4c01430c35b688	4			yes					-1	175	179	180	
175	174	697ddfabf40a7d6a	5			yes					-1	-1	-1	177	178	
176	175	f26243a53933641b	4			no					-1	-1	-1	-2	
177	175	15804c860ad1fa59	4			yes					-1	-1	-1	-1	
178	175	bb914d4733da768e	4			yes					-1	-1	-1	-1	
179	174	f539a8c692f49c15	4			yes					-1	-1	-1	-1	
180	174	defac9c80f7a4240	3			yes					181	182	184	
181	180	c386acce023453fd	4			yes					-1	-1	-1	-1	
182	180	e7223af44333c34f	5			yes					-1	-1	-1	-1	183	
183	182	1fd650a20cf2bb54	4			yes					-1	-1	-1	-1	
184	180	4726c14bfcd010fc	5			yes					-1	-1	-1	-1	-1	
185	154	f78f8b55a40f5376	4			yes					-1	-1	186	191	
186	185	2766919012a1aeec	5			yes					187	188	189	-1	190	
187	186	bc790d9edf98b79d	4			yes					-1	-1	-1	-1	
188	186	33fbd0319ea47554	4			yes					-1	-1	-1	-1	
189	186	7f21a55d5d6cda97	4			yes					-1	-1	-1	-1	
190	186	b05735608b453885	4			yes					-1	-1	-1	-1	
191	185	2d057a194c24b888	5			yes					192	193	194	-1	195	
192	191	b61ae617811da1f9	4			yes					-1	-1	-1	-1	
193	191	39983bb8c0216330	4			yes					-1	-1	-1	-1	
194	191	75424ed403e9ccf3	4			yes					-1	-1	-1	-1	
195	191	6e4b4f087013f2d2	4			yes					-1	-1	-1	-1	
196	154	0b10c55676ebe070	4			yes					-1	-1	-1	197	
197	196	4809ae18e8c65492	6			yes					198	200	202	204	-1	206	
198	197	d316321625ff4de3	5			yes					-1	-1	-1	-1	199	
199	198	2be258406a3e35f8	4			yes					-1	-1	-1	-1	
200	197	5c94efb964c38f2a	5			yes					-1	-1	-1	-1	201	
201	200	a46085ef2b02f731	4			yes					-1	-1	-1	-1	
202	197	104e9ad5a70b20e9	5			yes					-1	-1	-1	-1	203	
203	202	e8baf083e8ca58f2	4			yes					-1	-1	-1	-1	
204	197	6a374abc17e9145b	5			yes					-1	-1	-1	-1	205	
205	204	92c320ea58286c40	4			yes					-1	-1	-1	-1	
206	197	b0fdc44ea7072c89	5			yes					-1	-1	-1	-1	-1	
207	154	b6b0d17622e1ea46	4			yes					-1	-1	-1	-1	
208	153	c63d904f601b08c2	4			yes					209	218	224	226	
209	208	e4581784bd85f984	3			yes					210	211	212	
210	209	dd8fd15862939efb	4			yes					-1	-1	-1	-1	
211	209	601bb1fb91f6c64f	4			yes					-1	-1	-1	-1	
212	209	63e2a122757e0e91	5			yes					213	214	215	216	217	
213	212	ea5a8fe963668b22	4			yes					-1	-1	-1	-1	
214	212	1f4a64d8dc34bdff	4			yes					-1	-1	-1	-1	
215	212	ade020323248db12	4			yes					-1	-1	-1	-1	
216	212	1183b8df60a84205	4			yes					-1	-1	-1	-1	
217	212	497373dcedb2afca	4			yes					-1	-1	-1	-1	
218	208	3a0ff853e944d6de	3			yes					-1	219	220	
219	218	ef7ec0242532074a	4			yes					-1	-1	-1	-1	
220	218	65f52a2b3f8a5f8a	5			yes					221	-1	222	-1	223	
221	220	feeab625f2b346fb	4			yes					-1	-1	-1	-1	
222	220	a171112ba2ae3e81	4			yes					-1	-1	-1	-1	
223	220	4b61f17e61a04c65	4			yes					-1	-1	-1	-1	
224	208	9ae1275c578edb92	3			yes					-1	-1	225	
225	224	4e2d74df4eddab3f	5			yes					-1	-1	-1	-1	-1	
226	208	828b58c46354fc0a	3			yes					-1	-1	-1	
227	153	0a0e29f5522d04f9	4			yes					228	237	239	241	
228	227	286bae3e8fb3f5bf	3			yes					229	231	236	
229	228	5e12f58cf10135ea	5			yes					-1	-1	-1	-1	-1	
230	229	f882797072845606	4			no					-1	-1	-1	-2	
231	228	4158b127613e2ab2	5			yes					232	233	-1	234	235	
232	231	c8e09fec7726af01	4			yes					-1	-1	-1	-1	
233	231	3df074ddc87499dc	4			yes					-1	-1	-1	-1	
234	231	e7c83ddbe2bb495e	4			yes					-1	-1	-1	-1	
235	231	93b423cba6ee2156	4			yes					-1	-1	-1	-1	
236	228	b70ae643927ba2ce	5			yes					-1	-1	-1	-1	-1	
237	227	f63c41e9db72dae5	3			yes					-1	238	-1	
238	237	f9cf19e2fed904fa	5			yes					-1	-1	-1	-1	-1	
239	227	0f87bb5dd78c4901	3			yes					-1	-1	240	
240	239	4ad112044216ba6e	5			yes					-1	-1	-1	-1	-1	
241	227	dbde7d7fd16062a2	3			yes					-1	-1	-1	
242	153	e10ec3719001ab89	5			yes					243	260	266	273	274	
243	242	c36b44ba4d9f5acf	4			yes					244	246	251	254	
244	243	7a4563abf620b663	5			yes					-1	-1	-1	-1	245	
245	244	bbd41e9e07ddbead	4			yes					-1	-1	-1	-1	
246	243	a854919824050c4d	5			yes					247	248	-1	249	250	
247	246	21ecbf53321d89fe	4			yes					-1	-1	-1	-1	
248	246	d4fc54628d4fbf23	4			yes					-1	-1	-1	-1	
249	246	deccccd5618acb7f	4			yes					-1	-1	-1	-1	
250	246	b4420159babadfed	4			yes					-1	-1	-1	-1	
251	243	8243527811bc100b	5			yes					-1	252	-1	-1	253	
252	251	feeb9782b8f6a365	4			yes					-1	-1	-1	-1	
253	251	43d22f4de04118c5	4			yes					-1	-1	-1	-1	
254	243	00ad261f5bbb6d1a	3			yes					255	256	258	
255	254	dd348a658dd3d6f8	4			yes					-1	-1	-1	-1	
256	254	9ad6da0ce490cc02	5			yes					-1	-1	-1	257	-1	
257	256	ec4e8741a11f0b30	4			yes					-1	-1	-1	-1	
258	254	cae147d890fad3f0	5			yes					-1	-1	-1	-1	259	
259	258	32152d8edf3babeb	4			yes					-1	-1	-1	-1	
260	242	1d3cab6d195e7595	4			yes					-1	261	264	-1	
261	260	825546aa23b0c1da	5			yes					262	-1	-1	-1	263	
262	261	194adaa4ee89d8ab	4			yes					-1	-1	-1	-1	
263	261	43c43b9fd24dc914	4			yes					-1	-1	-1	-1	
264	260	2b70c511df55a610	5			yes					-1	-1	-1	-1	265	
265	264	eae1b8242ea8aede	4			yes					-1	-1	-1	-1	
266	242	e48751d915a0e671	4			yes					-1	-1	267	272	
267	266	7dc0af8ce9970010	5			yes					268	269	270	-1	271	
268	267	e6df338224ae1961	4			yes					-1	-1	-1	-1	
269	267	695dee2d6592dba8	4			yes					-1	-1	-1	-1	
270	267	50c7974ce4a0cd8e	4			yes					-1	-1	-1	-1	
271	267	c517396dc9bf8160	4			yes					-1	-1	-1	-1	
272	266	2741337c0384d1a4	3			yes					-1	-1	-1	
273	242	18181fdac7445577	4			yes					-1	-1	-1	-1	
274	242	22c8a1d486259c5c	4			yes					-1	-1	-1	-1	
275	0	fdc9098e773391cc	5			yes					-1	-1	276	319	333	
276	275	fc0603dfe583fd7b	5			yes					277	294	306	311	318	
277	276	de638414381d0c3d	4			yes					278	284	285	290	
278	277	02390c3dfd26d0fd	5			yes					279	280	281	282	283	
279	278	4e3cd32d21868e99	4			yes					-1	-1	-1	-1	
280	278	7c99766179b732cb	4			yes					-1	-1	-1	-1	
281	278	1e971b948fc32636	4			yes					-1	-1	-1	-1	
282	278	fce72009ed04417d	4			yes					-1	-1	-1	-1	
283	278	d0d59ed13af6db19	4			yes					-1	-1	-1	-1	
284	277	40ddea5ff65acb54	4			yes					-1	-1	-1	-1	
285	277	02b03b99ecad9457	5			yes					-1	286	287	288	289	
286	285	df543715f552dca0	4			yes					-1	-1	-1	-1	
287	285	412426b97c1d4783	4			yes					-1	-1	-1	-1	
288	285	97d363144482aa90	4			yes					-1	-1	-1	-1	
289	285	95819f697549023e	4			yes					-1	-1	-1	-1	
290	277	58120ce7507cd136	5			yes					-1	291	292	293	-1	
291	290	85f6006b498399c1	4			yes					-1	-1	-1	-1	
292	290	1b8611c7c0cc02e2	4			yes					-1	-1	-1	-1	
293	290	2a73151a45aa9da2	4			yes					-1	-1	-1	-1	
294	276	6a7642a67e2b5468	4			yes					-1	295	296	301	
295	294	b0aadb44a2fac479	4			yes					-1	-1	-1	-1	
296	294	5f494c138a03309d	5			yes					297	-1	298	299	300	
297	296	c456d01d473a29ec	4			yes					-1	-1	-1	-1	
298	296	1cdd51331ab3e349	4			yes					-1	-1	-1	-1	
299	296	ca2a149e222c0e5a	4			yes					-1	-1	-1	-1	
300	296	c878e8e313e7a6f4	4			yes					-1	-1	-1	-1	
301	294	05eb7b6d36d275fc	5			yes					302	303	304	305	-1	
302	301	9ef4e763fbeb6c8d	4			yes					-1	-1	-1	-1	
303	301	807b4a2dd093276a	4			yes					-1	-1	-1	-1	
304	301	467f664da662a628	4			yes					-1	-1	-1	-1	
305	301	778a629023043968	4			yes					-1	-1	-1	-1	
306	276	09b5d292123c5263	4			yes					-1	-1	307	308	
307	306	5b1716b419c0acf0	5			yes					-1	-1	-1	-1	-1	
308	306	4d031a191173a6ab	3			yes					309	310	-1	
309	308	b47bc73d01d298c9	4			yes					-1	-1	-1	-1	
310	308	1fdac9adb0839e0b	5			yes					-1	-1	-1	-1	-1	
311	276	0510df74b2c60385	4			yes					-1	-1	-1	312	
312	311	4cca1e834eb279c5	6			yes					313	314	315	316	-1	317	
313	312	d7d5828d838b60b4	5			yes					-1	-1	-1	-1	-1	
314	312	62041cb4e9093928	5			yes					-1	-1	-1	-1	-1	
315	312	148d2a4e017f0dbe	5			yes					-1	-1	-1	-1	-1	
316	312	5064092a3c578f0e	5			yes					-1	-1	-1	-1	-1	
317	312	b43e74d5017301de	5			yes					-1	-1	-1	-1	-1	
318	276	b8b0cb54e6cc09b3	4			yes					-1	-1	-1	-1	
319	275	6a5e05b060fa518f	4			yes					320	328	331	332	
320	319	483b827bbd64a0c9	3			yes					321	326	327	
321	320	e5e7877cf449c14c	5			yes					-1	322	323	324	325	
322	321	9b47fd2070d8237a	4			yes					-1	-1	-1	-1	
323	321	c7d963d80b668185	4			yes					-1	-1	-1	-1	
324	321	a33fc91252be1eca	4			yes					-1	-1	-1	-1	
325	321	56430f8601e9231d	4			yes					-1	-1	-1	-1	
326	320	191ceb9a34ee8b3e	5			yes					-1	-1	-1	-1	-1	
327	320	2702b506f09da51f	5			yes					-1	-1	-1	-1	-1	
328	319	fc2e44c9fb52f89c	3			yes					-1	329	330	
329	328	04a6bb78e3a50663	5			yes					-1	-1	-1	-1	-1	
330	328	7afbc28c963301d5	5			yes					-1	-1	-1	-1	-1	
331	319	65c59238c57b3e0e	3			yes					-1	-1	-1	
332	319	bb8e513ae3b737d4	3			yes					-1	-1	-1	
333	275	815eef34a2d6feff	5			yes					334	347	354	357	358	
334	333	a33b68ff7f480fb9	4			yes					335	340	342	345	
335	334	f253fd1d2983bebb	5			yes					-1	336	337	338	339	
336	335	8cf38741ad125c8d	4			yes					-1	-1	-1	-1	
337	335	d06d19b9d6acfe72	4			yes					-1	-1	-1	-1	
338	335	0c8dd12939a12f3b	4			yes					-1	-1	-1	-1	
339	335	ee456ddcb73c6d1b	4			yes					-1	-1	-1	-1	
340	334	017bf4f3f16e88c0	5			yes					-1	-1	-1	-1	341	
341	340	c0ea89c60093800e	4			yes					-1	-1	-1	-1	
342	334	8d4205c72ebd9137	5			yes					-1	343	-1	-1	344	
343	342	50a6094b3742d9c0	4			yes					-1	-1	-1	-1	
344	342	58ad42a59173e107	4			yes					-1	-1	-1	-1	
345	334	60fd0a5a696c386c	3			yes					346	-1	-1	
346	345	c0d1b689e9167ef4	5			yes					-1	-1	-1	-1	-1	
347	333	172eae4d397e57ec	4			yes					-1	348	350	353	
348	347	455e4dd2d5007742	5			yes					-1	-1	-1	-1	349	
349	348	84cf30e724fd7f8c	4			yes					-1	-1	-1	-1	
350	347	d0bb724d481335fd	5			yes					351	-1	-1	-1	352	
351	350	4ba4ee43852a2c8c	4			yes					-1	-1	-1	-1	
352	350	0554352ff7dd45cd	4			yes					-1	-1	-1	-1	
353	347	d4e8cce82f5a6039	3			yes					-1	-1	-1	
354	333	8ec578bc0757917e	4			yes					-1	-1	355	-1	
355	354	20ed81642cc39ef3	5			yes					-1	-1	-1	-1	356	
356	355	e17cfc51dd3e963d	4			yes					-1	-1	-1	-1	
357	333	7848339ff5930001	4			yes					-1	-1	-1	-1	
358	333	42988d91b4f2c92a	4			yes					-1	-1	-1	-1	
359	0	54d64b6980190953	5			yes					-1	-1	-1	360	390	
360	359	cd23e780dfc96917	5			yes					361	375	384	387	389	
361	360	ef46604b02579851	4			yes					362	367	371	374	
362	361	dad5b0d395938085	5			yes					-1	363	364	365	366	
363	362	a5d70e2dfd129578	4			yes					-1	-1	-1	-1	
364	362	c67ba77ae776764e	4			yes					-1	-1	-1	-1	
365	362	9c0dfebd33645f03	4			yes					-1	-1	-1	-1	
366	362	69713829603362d4	4			yes					-1	-1	-1	-1	
367	361	aa21e42a175a184a	5			yes					-1	-1	368	369	370	
368	367	dbedd16cc2472e16	4			yes					-1	-1	-1	-1	
369	367	0cb168d694df7ba6	4			yes					-1	-1	-1	-1	
370	367	78cd76c6d08a13ae	4			yes					-1	-1	-1	-1	
371	361	86a856349520ee82	3			yes					372	373	-1	
372	371	64c4ea6736ba2baa	4			yes					-1	-1	-1	-1	
373	371	be5e72e1fdd29bae	4			yes					-1	-1	-1	-1	
374	361	a809886b374afe17	5			yes					-1	-1	-1	-1	-1	
375	360	5b53a6f94461c004	4			yes					-1	376	381	383	
376	375	f5ce110987479b33	5			yes					377	-1	378	379	380	
377	376	6ed18d074a7e8242	4			yes					-1	-1	-1	-1	
378	376	6c597e0ed306e158	4			yes					-1	-1	-1	-1	
379	376	b3165f6721b044b5	4			yes					-1	-1	-1	-1	
380	376	466a99f372e77962	4			yes					-1	-1	-1	-1	
381	375	32bd9086d316b6d7	3			yes					-1	382	-1	
382	381	03add2fdba5a272a	4			yes					-1	-1	-1	-1	
383	375	dbadf6be67890036	5			yes					-1	-1	-1	-1	-1	
384	360	e162a3953c2f8f24	4			yes					-1	-1	385	386	
385	384	888c95eaab58f9f7	3			yes					-1	-1	-1	
386	384	85b4aa7b65f48b03	5			yes					-1	-1	-1	-1	-1	
387	360	a4cdd1ff48be1fc4	4			yes					-1	-1	-1	388	
388	387	985482a7a5d0be66	3			yes					-1	-1	-1	
389	360	f1bab4d832a7c8b5	4			yes					-1	-1	-1	-1	
390	359	074e571184615ae3	5			yes					391	405	415	419	420	
391	390	252bd0da59ffaba5	4			yes					392	397	400	402	
392	391	cd61cab24859ff72	5			yes					-1	393	394	395	396	
393	392	b263744c20d8ea8f	4			yes					-1	-1	-1	-1	
394	392	d1cfdd1b3abc09b9	4			yes					-1	-1	-1	-1	
395	392	33bfe686587b6ef2	4			yes					-1	-1	-1	-1	
396	392	d1775a73d6e62cd2	4			yes					-1	-1	-1	-1	
397	391	3839b17265b96f83	5			yes					-1	-1	-1	398	399	
398	397	1c61abb462390244	4			yes					-1	-1	-1	-1	
399	397	f9a8cc479444674d	4			yes					-1	-1	-1	-1	
400	391	91ccba48aa346ccf	5			yes					-1	-1	-1	-1	401	
401	400	505dc77d5bc96401	4			yes					-1	-1	-1	-1	
402	391	e6edb27f4fdb9c70	3			yes					403	404	-1	
403	402	ffe3812688cc3f3d	5			yes					-1	-1	-1	-1	-1	
404	402	5fb329f1e6390d87	4			yes					-1	-1	-1	-1	
405	390	913e16681fc9f3f0	4			yes					-1	406	411	413	
406	405	e27a6b685a8de4c4	5			yes					407	-1	408	409	410	
407	406	7965f76697b4fdb5	4			yes					-1	-1	-1	-1	
408	406	7bed046f0ecc9eaf	4			yes					-1	-1	-1	-1	
409	406	1ca4475c4aaf7544	4			yes					-1	-1	-1	-1	
410	406	fe6cfba9c4323764	4			yes					-1	-1	-1	-1	
411	405	08dac30164b8e1e7	5			yes					-1	-1	-1	-1	412	
412	411	c94bbe349545e929	4			yes					-1	-1	-1	-1	
413	405	52f874cd09edc425	3			yes					-1	414	-1	
414	413	d0f820fc9a18248b	5			yes					-1	-1	-1	-1	-1	
415	390	2b0f13046787bcd0	4			yes					-1	-1	416	418	
416	415	03ec04c1fd9b3830	5			yes					-1	-1	-1	-1	417	
417	416	c27d79f40c6630fe	4			yes					-1	-1	-1	-1	
418	415	e8c971a171a38b05	3			yes					-1	-1	-1	
419	390	5b92e002b3f489b3	4			yes					-1	-1	-1	-1	
420	390	c48835b492456d36	4			yes					-1	-1	-1	-1	
421	0	4b26d62d5f85584f	5			yes					-1	-1	-1	-1	422	
422	421	b7de1593fffd64cd	6			yes					423	440	450	457	460	462	
423	422	95bb92582263958b	5			yes					424	430	435	437	439	
424	423	03cbd321b9cb3c98	4			yes					425	426	-1	427	
425	424	90e8f7a1a86eedae	5			yes					-1	-1	-1	-1	-1	
426	424	05bc1e5e51161b5d	5			yes					-1	-1	-1	-1	-1	
427	424	60c4d337fc33a107	6			yes					-1	-1	-1	-1	428	429	
428	427	1504b1b3753a6a03	5			yes					-1	-1	-1	-1	-1	
429	427	2221a9a064f01fd2	5			yes					-1	-1	-1	-1	-1	
430	423	b9fad64dc18573b8	4			yes					-1	431	-1	432	
431	430	92261db13c44239b	5			yes					-1	-1	-1	-1	-1	
432	430	4989ca7c997692b8	6			yes					-1	-1	433	-1	-1	434	
433	432	4bbde46c4efc7a08	5			yes					-1	-1	-1	-1	-1	
434	432	0b6cb0eb01b52c6d	5			yes					-1	-1	-1	-1	-1	
435	423	903200f0a7c2d873	4			yes					-1	-1	-1	436	
436	435	19eb85cb9320c910	5			yes					-1	-1	-1	-1	-1	
437	423	f4c483e66a40bcce	4			yes					-1	-1	-1	438	
438	437	bfb897c4fdef02d8	3			yes					-1	-1	-1	
439	423	dec7867ab5cc2b9d	4			yes					-1	-1	-1	-1	
440	422	21ae54ea6455cdde	5			yes					-1	441	445	447	449	
441	440	0def10ff87b32bed	4			yes					-1	442	-1	443	
442	441	ca5cb955bacade27	5			yes					-1	-1	-1	-1	-1	
443	441	16900fca573c6ed8	6			yes					-1	-1	-1	-1	-1	444	
444	443	5475755dcfffd00d	5			yes					-1	-1	-1	-1	-1	
445	440	2427c642e1f48026	4			yes					-1	-1	-1	446	
446	445	83befbf635307982	5			yes					-1	-1	-1	-1	-1	
447	440	40d145542c76e49b	4			yes					-1	-1	-1	448	
448	447	0bad5176bbd95a8d	3			yes					-1	-1	-1	
449	440	6ad240c8f3fa73c8	4			yes					-1	-1	-1	-1	
450	422	9b9f51861c1b82fe	5			yes					-1	-1	451	454	456	
451	450	9e16c32e99bacf06	4			yes					-1	-1	-1	452	
452	451	14a0f8a551e93b02	6			yes					-1	-1	-1	-1	-1	453	
453	452	56458232c92a85d7	5			yes					-1	-1	-1	-1	-1	
454	450	fae040385438abbb	4			yes					-1	-1	-1	455	
455	454	b19c541ac39715ad	3			yes					-1	-1	-1	
456	450	d0e345a48bb43ce8	4			yes					-1	-1	-1	-1	
457	422	b257873b7a5c2935	5			yes					-1	-1	-1	458	459	
458	457	d3289685327f0070	4			yes					-1	-1	-1	-1	
459	457	f92b9319edf39723	4			yes					-1	-1	-1	-1	
460	422	d6a1042db7de4d88	5			yes					-1	-1	-1	-1	461	
461	460	9ddd100f2071f39e	4			yes					-1	-1	-1	-1	
462	422	fca201b16852dadb	5			yes					-1	-1	-1	-1	-1	
463	0	aa7e1f66f1fd8d5b	5			yes					-1	-1	-1	-1	-1	
