Number of nodes
170
ID	PID	Hash_Value			File_Number	Fully_Enumerated	Children
0	-1	e700f51ab5c789be	6			yes					1	24	44	67	89	131	
1	0	3155095be574bbf2	5			yes					2	8	17	21	23	
2	1	561e3d9566f5edef	4			yes					3	4	-1	5	
3	2	d14f2ec5869a96d3	4			yes					-1	-1	-1	-1	
4	2	cb17d294780f95a3	4			yes					-1	-1	-1	-1	
5	2	ec19f46208072cee	3			yes					6	7	-1	
6	5	e40deafe6e0fceac	4			yes					-1	-1	-1	-1	
7	5	5fc3983595e781c2	4			yes					-1	-1	-1	-1	
8	1	7e50aa259e782e24	4			yes					-1	9	13	14	
9	8	3c5b448161d5d714	5			yes					10	11	-1	-1	12	
10	9	a14de53c57966a72	4			yes					-1	-1	-1	-1	
11	9	fff6b14c766782fb	4			yes					-1	-1	-1	-1	
12	9	0edc5d751acf0248	4			yes					-1	-1	-1	-1	
13	8	0513758b52f4d10c	4			yes					-1	-1	-1	-1	
14	8	c45763d2f08aef25	3			yes					-1	15	16	
15	14	a6bbda1efffc01b0	5			yes					-1	-1	-1	-1	-1	
16	14	22a51eec2a38ba0f	4			yes					-1	-1	-1	-1	
17	1	b0c5679f101ef2ef	4			yes					-1	-1	18	19	
18	17	7cd019b6d0ee5d6f	5			yes					-1	-1	-1	-1	-1	
19	17	0ac2ae687eec33ee	3			yes					-1	-1	20	
20	19	0b7921ba47ebf612	5			yes					-1	-1	-1	-1	-1	
21	1	13d9308363154bd7	4			yes					-1	-1	-1	22	
22	21	a9def9740de78ad6	3			yes					-1	-1	-1	
23	1	8b52c0ac8b867af3	4			yes					-1	-1	-1	-1	
24	0	2514413bb1f81e01	5			yes					25	33	37	41	43	
25	24	cef79f270c121a49	4			yes					26	27	28	29	
26	25	8be5a0221afab7e6	4			yes					-1	-1	-1	-1	
27	25	b71d16f8abff527e	4			yes					-1	-1	-1	-1	
28	25	ce7ff72f8fab48f7	4			yes					-1	-1	-1	-1	
29	25	74f056d062e0db48	3			yes					-1	31	32	
30	29	11053ebd84d36142	4			yes					-1	-1	-1	-1	
31	29	de9a22aa95981b84	4			yes					-1	-1	-1	-1	
32	29	652904a90ecbfb55	4			yes					-1	-1	-1	-1	
33	24	f2f840f7a0137c71	4			yes					-1	34	-1	35	
34	33	707eb02c4ff42366	4			yes					-1	-1	-1	-1	
35	33	48ff8900cee1bd70	3			yes					-1	36	-1	
36	35	e4aafa8da21c3707	4			yes					-1	-1	-1	-1	
37	24	a4842fff4492571c	4			yes					-1	-1	38	39	
38	37	04294e2e0810709e	5			yes					-1	-1	-1	-1	-1	
39	37	1e83e6082a60961d	3			yes					-1	-1	40	
40	39	738076229f15dbe3	5			yes					-1	-1	-1	-1	-1	
41	24	079878e33799ee24	4			yes					-1	-1	-1	42	
42	41	bd9fb114596b2f25	3			yes					-1	-1	-1	
43	24	9f1388ccdf0adf00	4			yes					-1	-1	-1	-1	
44	0	cddc1667e581c639	5			yes					45	56	62	64	66	
45	44	263fc87b586bc271	4			yes					46	50	51	52	
46	45	bd114237b725a3b8	5			yes					-1	47	48	-1	49	
47	46	5dc117a57951b788	4			yes					-1	-1	-1	-1	
48	46	0c9f75908bf9416a	4			yes					-1	-1	-1	-1	
49	46	8f965bc3cc3f76e4	4			yes					-1	-1	-1	-1	
50	45	c17ff84d282da44b	4			yes					-1	-1	-1	-1	
51	45	5338327d87ebf929	4			yes					-1	-1	-1	-1	
52	45	9c38018c36990370	3			yes					53	54	55	
53	52	27f1dca8290c751c	5			yes					-1	-1	-1	-1	-1	
54	52	b5d3330d7ffe00d1	4			yes					-1	-1	-1	-1	
55	52	f86ec1fb068b4a8b	4			yes					-1	-1	-1	-1	
56	44	3c10d5130ac424a8	4			yes					-1	57	58	59	
57	56	68c4493f814f72c1	4			yes					-1	-1	-1	-1	
58	56	774c0372670de7fa	4			yes					-1	-1	-1	-1	
59	56	86171ce46436e5a9	3			yes					-1	60	61	
60	59	bda6652c776d2e83	4			yes					-1	-1	-1	-1	
61	59	dc1af0f4e66d5458	4			yes					-1	-1	-1	-1	
62	44	82a4ed47ba3cd7fd	4			yes					-1	-1	-1	63	
63	62	38a324b0d4ce16fc	3			yes					-1	-1	-1	
64	44	ef502fbf63e0361c	4			yes					-1	-1	-1	65	
65	64	5557e6480d12f71d	3			yes					-1	-1	-1	
66	44	77dbdf908b730738	4			yes					-1	-1	-1	-1	
67	0	d3a0ed8832b24f3a	5			yes					68	77	84	86	88	
68	67	384333948f584b72	4			yes					69	73	-1	74	
69	68	f19634f8e75b5591	5			yes					-1	70	71	-1	72	
70	69	02369e50b5fc0ef7	4			yes					-1	-1	-1	-1	
71	69	1fef8aaa172a0e3c	4			yes					-1	-1	-1	-1	
72	69	c3112d0c9c4180cd	4			yes					-1	-1	-1	-1	
73	68	bc8a03a682143518	4			yes					-1	-1	-1	-1	
74	68	8244fa63e1aa8a73	3			yes					75	76	-1	
75	74	6b76aa6779728335	5			yes					-1	-1	-1	-1	-1	
76	74	63a173877dbcc779	4			yes					-1	-1	-1	-1	
77	67	226c2efcddf7adab	4			yes					-1	78	-1	82	
78	77	4aff5640d0a0e354	5			yes					79	-1	80	-1	81	
79	78	637dd4f9542502fd	4			yes					-1	-1	-1	-1	
80	78	a486e81220d1b8f9	4			yes					-1	-1	-1	-1	
81	78	78784fb4abba3608	4			yes					-1	-1	-1	-1	
82	77	986be70bb3056caa	3			yes					-1	83	-1	
83	82	d01fc8df4e8935f0	5			yes					-1	-1	-1	-1	-1	
84	67	9ca54ef649bedaec	4			yes					-1	-1	-1	85	
85	84	26a28701274c1bed	3			yes					-1	-1	-1	
86	67	ef2d77e14751b20e	4			yes					-1	-1	-1	87	
87	86	bf624626d3bd384a	5			yes					-1	-1	-1	-1	-1	
88	67	69a7247f5c408e3b	4			yes					-1	-1	-1	-1	
89	0	03700e7a2f1c73f5	5			yes					90	95	100	105	119	
90	89	9d0c774682ab904d	4			yes					91	92	94	-1	
91	90	dbbd37042df59e27	5			yes					-1	-1	-1	-1	-1	
92	90	d209d438f9a7059b	3			yes					-1	93	-1	
93	92	4987ce8867d6a5dd	5			yes					-1	-1	-1	-1	-1	
94	90	1c9c198277c1d950	3			yes					-1	-1	-1	
95	89	894d3f26d62735be	4			yes					96	98	99	-1	
96	95	62aee13a6bcd31f6	3			yes					-1	97	-1	
97	96	47e307a652791698	5			yes					-1	-1	-1	-1	-1	
98	95	60d455bc1a0e28e2	5			yes					-1	-1	-1	-1	-1	
99	95	08dd51e2234d7ca3	3			yes					-1	-1	-1	
100	89	6185687a825eed86	4			yes					101	103	104	-1	
101	100	8a66b6663fb4e9ce	3			yes					102	-1	-1	
102	101	c8cdc83eb126d171	5			yes					-1	-1	-1	-1	-1	
103	100	9049ab0e6d1b0f17	3			yes					-1	-1	-1	
104	100	fd13ed8cd510f912	5			yes					-1	-1	-1	-1	-1	
105	89	0e9097dbdd6b2e41	5			yes					106	111	114	117	118	
106	105	e57349c760812a09	4			yes					107	108	-1	110	
107	106	844abef1e1582758	5			yes					-1	-1	-1	-1	-1	
108	106	db3442f367680d6e	5			yes					-1	-1	-1	-1	-1	
109	108	e9b35b071c72d832	4			no					-1	-1	-2	-2	
110	106	cff46cc88cdade5e	5			yes					-1	-1	-1	-1	-1	
111	105	ff5c54af322eccd0	4			yes					-1	112	-1	113	
112	111	3f23dc49d6a3919d	5			yes					-1	-1	-1	-1	-1	
113	111	4e65ae58f18e7eea	5			yes					-1	-1	-1	-1	-1	
114	105	419534a5a667bb97	4			yes					-1	-1	-1	115	
115	114	4aea654a7bada47a	6			yes					-1	-1	-1	-1	-1	116	
116	115	03713c39b38ca0a1	5			yes					-1	-1	-1	-1	-1	
117	105	a67c4140031603d4	4			yes					-1	-1	-1	-1	
118	105	fdc6688df7de5e9a	4			yes					-1	-1	-1	-1	
119	89	2f7690876efbd21a	5			yes					120	124	127	129	130	
120	119	c4954e9bd311d652	4			yes					121	122	123	-1	
121	120	2c667ec037decd7a	5			yes					-1	-1	-1	-1	-1	
122	120	d7a251bc2702542f	5			yes					-1	-1	-1	-1	-1	
123	120	8c0e8606b8acaadc	5			yes					-1	-1	-1	-1	-1	
124	119	deba53f381be308b	4			yes					-1	125	126	-1	
125	124	970f1c7800257bbf	5			yes					-1	-1	-1	-1	-1	
126	124	2f39cc9ad2e48586	5			yes					-1	-1	-1	-1	-1	
127	119	607333f915f747cc	4			yes					-1	-1	128	-1	
128	127	0ac8a448cf3baa4f	5			yes					-1	-1	-1	-1	-1	
129	119	aee6fe439b919b07	4			yes					-1	-1	-1	-1	
130	119	d4bad0d2dcc93a12	4			yes					-1	-1	-1	-1	
131	0	eb8e57fdb7c3582b	5			yes					132	142	152	162	-1	
132	131	27f0fda785c3068a	5			yes					133	136	139	141	-1	
133	132	40bbc96906425097	4			yes					134	135	-1	-1	
134	133	8bff0549b9a198e6	4			yes					-1	-1	-1	-1	
135	133	58d7ff3120579569	4			yes					-1	-1	-1	-1	
136	132	68f55ed9fecf935c	4			yes					-1	137	138	-1	
137	136	239a5331b4fbff4a	5			yes					-1	-1	-1	-1	-1	
138	136	fcab7f63e91c5894	4			yes					-1	-1	-1	-1	
139	132	a660936370a94f97	4			yes					-1	-1	140	-1	
140	139	3af6c4592d1bdc45	5			yes					-1	-1	-1	-1	-1	
141	132	057cc47f03a2f6af	4			yes					-1	-1	-1	-1	
142	131	33b1b5c7d14fa379	5			yes					143	147	149	151	-1	
143	142	d8526bdb6ca5a731	4			yes					144	145	146	-1	
144	143	9424b792cfd49fb8	4			yes					-1	-1	-1	-1	
145	143	d76e4c5442e32c18	4			yes					-1	-1	-1	-1	
146	143	c1a6462fa3461033	4			yes					-1	-1	-1	-1	
147	142	e45db40bc0a4c109	4			yes					-1	148	-1	-1	
148	147	e3be9d8917ac23ac	4			yes					-1	-1	-1	-1	
149	142	b221db032425ea64	4			yes					-1	-1	150	-1	
150	149	420f93c1f5e5f1b4	5			yes					-1	-1	-1	-1	-1	
151	142	113d8c1f572e535c	4			yes					-1	-1	-1	-1	
152	131	db79e29b85367b41	5			yes					153	157	160	161	-1	
153	152	309a3c8738dc7f09	4			yes					154	155	156	-1	
154	153	a2d05587620b8be6	5			yes					-1	-1	-1	-1	-1	
155	153	a2d0920bb2908aff	4			yes					-1	-1	-1	-1	
156	153	5ce1837dab06a1ed	4			yes					-1	-1	-1	-1	
157	152	2ab521ef6a7399d0	4			yes					-1	158	159	-1	
158	157	9e84e08d2d12d888	4			yes					-1	-1	-1	-1	
159	157	7895b2724be0bf3e	4			yes					-1	-1	-1	-1	
160	152	940119bbda8b6a85	4			yes					-1	-1	-1	-1	
161	152	f9f5db4303578b64	4			yes					-1	-1	-1	-1	
162	131	c50519745205f242	5			yes					163	166	168	169	-1	
163	162	2ee6c768efeff60a	4			yes					164	165	-1	-1	
164	163	ee57234832757dcf	5			yes					-1	-1	-1	-1	-1	
165	163	c3b93c48a37dba5e	4			yes					-1	-1	-1	-1	
166	162	34c9da00bd4010d3	4			yes					-1	167	-1	-1	
167	166	553e41f0058ecb0a	5			yes					-1	-1	-1	-1	-1	
168	162	8a00ba0a29096794	4			yes					-1	-1	-1	-1	
169	162	f988831d27e60f76	4			yes					-1	-1	-1	-1	
