Number of nodes
555
ID	PID	Hash_Value			File_Number	Fully_Enumerated	Children
0	-1	4e1db53a56f5f43f	6			yes					1	154	283	378	459	554	
1	0	973756835fe75a7f	5			yes					2	60	85	104	122	
2	1	4f88d202be02618a	5			yes					3	12	31	48	59	
3	2	d1d6ffe1459446b4	4			yes					4	5	6	7	
4	3	c24f9c4fd3d8dd3a	4			yes					-1	-1	-1	-1	
5	3	1df129b30c1d01f9	4			yes					-1	-1	-1	-1	
6	3	7e5c522241756f1e	4			yes					-1	-1	-1	-1	
7	3	723333083f3791d0	3			yes					8	9	11	
8	7	24f4b005ddf7dbf6	4			yes					-1	-1	-1	-1	
9	7	6202b0ce4831fabf	5			yes					-1	-1	-1	-1	10	
10	9	008c0358a7436c42	4			yes					-1	-1	-1	-1	
11	7	79d7132693cc9d8e	5			yes					-1	-1	-1	-1	-1	
12	2	de1b95970262df78	4			yes					-1	13	20	25	
13	12	24e0fae9f1105f15	5			yes					14	16	17	18	19	
14	13	16c2b9544430e192	4			yes					15	-1	-1	-1	
15	14	6fd7a8330e5b73ab	3			yes					-1	-1	-1	
16	13	5df5eb8ebb7bcd2c	4			yes					-1	-1	-1	-1	
17	13	48e619f400ff5c22	4			yes					-1	-1	-1	-1	
18	13	b677930e8b3907fb	4			yes					-1	-1	-1	-1	
19	13	b5a6d820748d7767	4			yes					-1	-1	-1	-1	
20	12	f6638268a6d06f6f	5			yes					21	22	-1	23	24	
21	20	c441c1d513f0d1e8	4			yes					-1	-1	-1	-1	
22	20	8f76930fecbbfd56	4			yes					-1	-1	-1	-1	
23	20	79de460b16aeb098	4			yes					-1	-1	-1	-1	
24	20	227070eb28acbcc9	4			yes					-1	-1	-1	-1	
25	12	2e66d97dabf14bd7	5			yes					26	27	28	29	30	
26	25	1c449ac01ed1f550	4			yes					-1	-1	-1	-1	
27	25	5773c81ae19ad9ee	4			yes					-1	-1	-1	-1	
28	25	c89c3f2fcc680457	4			yes					-1	-1	-1	-1	
29	25	b99b50467a030b51	4			yes					-1	-1	-1	-1	
30	25	3a303db3492023b8	4			yes					-1	-1	-1	-1	
31	2	2c5bf14bd5dd0c08	4			yes					-1	-1	32	37	
32	31	92075665b5e95971	5			yes					33	34	35	-1	36	
33	32	a02515d800c9e7f6	4			yes					-1	-1	-1	-1	
34	32	eb124702ff82cb48	4			yes					-1	-1	-1	-1	
35	32	a0db52f88b955491	4			yes					-1	-1	-1	-1	
36	32	4614a4e63b958ad7	4			yes					-1	-1	-1	-1	
37	31	9d9f9a63996f29d0	6			yes					38	41	43	-1	45	47	
38	37	afbdd9de2c4f9757	5			yes					39	-1	-1	-1	40	
39	38	d6a8c8b96624056e	4			yes					-1	-1	-1	-1	
40	38	cd336a48c33d01aa	4			yes					-1	-1	-1	-1	
41	37	e48a8b04d304bbe9	5			yes					-1	-1	-1	-1	42	
42	41	860438923c762d14	4			yes					-1	-1	-1	-1	
43	37	af439efea7132430	5			yes					-1	-1	-1	-1	44	
44	43	cdcd2d684861b2cd	4			yes					-1	-1	-1	-1	
45	37	6f42f41efa7e5fe9	5			yes					-1	-1	-1	-1	46	
46	45	0dcc4788150cc914	4			yes					-1	-1	-1	-1	
47	37	ff1129f5761dbf2d	5			yes					-1	-1	-1	-1	-1	
48	2	cffb85d6568a232a	4			yes					-1	-1	-1	49	
49	48	864a398b42924ee1	6			yes					50	52	54	56	-1	58	
50	49	b4687a36f7b2f066	5			yes					-1	-1	-1	-1	51	
51	50	d6e6c9a018c0669b	4			yes					-1	-1	-1	-1	
52	49	ff5f28ec08f9dcd8	5			yes					-1	-1	-1	-1	53	
53	52	9dd19b7ae78b4a25	4			yes					-1	-1	-1	-1	
54	49	b4963d167cee4301	5			yes					-1	-1	-1	-1	55	
55	54	d6188e80939cd5fc	4			yes					-1	-1	-1	-1	
56	49	342648fc86f70393	5			yes					-1	-1	-1	-1	57	
57	56	56a8fb6a6985956e	4			yes					-1	-1	-1	-1	
58	49	e4c48a1dade0d81c	5			yes					-1	-1	-1	-1	-1	
59	2	ec6d1eebc4a1b6ee	4			yes					-1	-1	-1	-1	
60	1	41cbef3b1961541a	4			yes					61	68	73	84	
61	60	580bea540d0b7a0c	3			yes					62	63	64	
62	61	efa44110ddef5682	4			yes					-1	-1	-1	-1	
63	61	337b6ac721b0341f	4			yes					-1	-1	-1	-1	
64	61	11f15baa4b0e4907	5			yes					-1	65	66	-1	67	
65	64	430564921141c4d8	4			yes					-1	-1	-1	-1	
66	64	a39d2add8f6b0475	4			yes					-1	-1	-1	-1	
67	64	dd40035d8284402c	4			yes					-1	-1	-1	-1	
68	60	3a569e528641bbd2	3			yes					-1	69	70	
69	68	e4fc229e294a399f	4			yes					-1	-1	-1	-1	
70	68	4bca79de0f84ae73	5			yes					71	72	-1	-1	-1	
71	70	79e83a63baa410f4	4			yes					-1	-1	-1	-1	
72	70	635149611d686c7a	4			yes					-1	-1	-1	-1	
73	60	c1b8b8eff1e916ba	3			yes					-1	-1	74	
74	73	00365b7c1e558975	6			yes					75	77	79	81	-1	83	
75	74	321418c1ab7537f2	5			yes					-1	-1	-1	-1	76	
76	75	509aab574407a10f	4			yes					-1	-1	-1	-1	
77	74	28ad6bc30cb94b7c	5			yes					-1	-1	-1	-1	78	
78	77	4a23d855e3cbdd81	4			yes					-1	-1	-1	-1	
79	74	e5181cce24691331	5			yes					-1	-1	-1	-1	80	
80	79	8796af58cb1b85cc	4			yes					-1	-1	-1	-1	
81	74	b25a2a0bda30c407	5			yes					-1	-1	-1	-1	82	
82	81	d0d4999d354252fa	4			yes					-1	-1	-1	-1	
83	74	62b8e8eaf1271f88	5			yes					-1	-1	-1	-1	-1	
84	60	e22e23d263c2837e	3			yes					-1	-1	-1	
85	1	0a3046f80ed8766a	4			yes					86	93	101	103	
86	85	13f043971ab2587c	3			yes					87	88	89	
87	86	6be98151fd9c6875	4			yes					-1	-1	-1	-1	
88	86	b5743e0c539212c0	4			yes					-1	-1	-1	-1	
89	86	2aa248dc5cee9f71	5			yes					-1	90	91	-1	92	
90	89	35714f01666449af	4			yes					-1	-1	-1	-1	
91	89	eeba1238efae5f74	4			yes					-1	-1	-1	-1	
92	89	e613102b9564965a	4			yes					-1	-1	-1	-1	
93	85	9ba3016db2b8c898	3			yes					-1	94	95	
94	93	c2489dd96719aad3	4			yes					-1	-1	-1	-1	
95	93	264577cd3fcaaf94	5			yes					96	97	98	99	100	
96	95	146734708aea1113	4			yes					-1	-1	-1	-1	
97	95	0ede47722d266d9d	4			yes					-1	-1	-1	-1	
98	95	69d97ee05da65fa4	4			yes					-1	-1	-1	-1	
99	95	cedc0a89e78a17a5	4			yes					-1	-1	-1	-1	
100	95	bdbc076b1de0348f	4			yes					-1	-1	-1	-1	
101	85	2bb68e13d2a94780	3			yes					-1	-1	102	
102	101	1b1ef391793a10f8	5			yes					-1	-1	-1	-1	-1	
103	85	a9d58a11747ba10e	3			yes					-1	-1	-1	
104	1	1bae01a210f0a8a7	4			yes					105	112	119	121	
105	104	026e04cd049a86b1	3			yes					106	109	-1	
106	105	e46ef17fe73c8b50	5			yes					-1	-1	-1	107	108	
107	106	3949696a6a97769d	4			yes					-1	-1	-1	-1	
108	106	84b0df45aa880c23	4			yes					-1	-1	-1	-1	
109	105	7c45104af56d621a	5			yes					-1	-1	-1	110	111	
110	109	a162885f78c69fd7	4			yes					-1	-1	-1	-1	
111	109	1c9b3e70b8d9e569	4			yes					-1	-1	-1	-1	
112	104	8a3d4637ac901655	3			yes					-1	113	118	
113	112	70992aa38fb3dfe1	5			yes					114	115	-1	116	117	
114	113	42bb691e3a936166	4			yes					-1	-1	-1	-1	
115	113	58021a1c9d5f1de8	4			yes					-1	-1	-1	-1	
116	113	d41c934d91e1f6ba	4			yes					-1	-1	-1	-1	
117	113	d23a29f1487156e2	4			yes					-1	-1	-1	-1	
118	112	3c43e3f1a5de1c06	5			yes					-1	-1	-1	-1	-1	
119	104	787d22eb7b2fc525	3			yes					-1	-1	120	
120	119	582737fcb6e72a18	5			yes					-1	-1	-1	-1	-1	
121	104	eb8061b3c3d5fd66	3			yes					-1	-1	-1	
122	1	f7344687752138aa	5			yes					123	130	145	152	153	
123	122	eef443e8614b16bc	4			yes					124	126	128	-1	
124	123	b2218cb09976add2	5			yes					-1	-1	-1	-1	125	
125	124	f0d851268e4fb54f	4			yes					-1	-1	-1	-1	
126	123	77f94eff5a548adc	5			yes					-1	-1	-1	-1	127	
127	126	350093694d6d9241	4			yes					-1	-1	-1	-1	
128	123	0aa2a6b683da7455	5			yes					-1	-1	-1	-1	129	
129	128	485b7b2094e36cc8	4			yes					-1	-1	-1	-1	
130	122	66a70112c9418658	4			yes					-1	131	136	141	
131	130	144a71025f0d8857	5			yes					132	133	-1	134	135	
132	131	266832bfea2d36d0	4			yes					-1	-1	-1	-1	
133	131	3cd141bd4de14a5e	4			yes					-1	-1	-1	-1	
134	131	86dd18e52524d0b9	4			yes					-1	-1	-1	-1	
135	131	e428f9f82c0a2757	4			yes					-1	-1	-1	-1	
136	130	88cfea28e1ff7114	5			yes					137	138	-1	139	140	
137	136	baeda99554dfcf93	4			yes					-1	-1	-1	-1	
138	136	a054da97f313b31d	4			yes					-1	-1	-1	-1	
139	136	07722e4b5181aee3	4			yes					-1	-1	-1	-1	
140	136	73fe5133702becf9	4			yes					-1	-1	-1	-1	
141	130	fa6071f2973d0134	3			yes					-1	142	-1	
142	141	15fcd8f3b061abdc	5			yes					143	144	-1	-1	-1	
143	142	27de9b4e0541155b	4			yes					-1	-1	-1	-1	
144	142	3d67e84ca28d69d5	4			yes					-1	-1	-1	-1	
145	122	94e765ce1efe5528	4			yes					-1	-1	146	151	
146	145	ecab3e25f2c6470a	5			yes					147	148	149	-1	150	
147	146	de897d9847e6f98d	4			yes					-1	-1	-1	-1	
148	146	c4300e9ae02a8503	4			yes					-1	-1	-1	-1	
149	146	de773ab8ccba4aea	4			yes					-1	-1	-1	-1	
150	146	179a853e6312dae7	4			yes					-1	-1	-1	-1	
151	145	0820152e4082d244	3			yes					-1	-1	-1	
152	122	774711539da97a0a	4			yes					-1	-1	-1	-1	
153	122	6bf336672b5dbfc6	4			yes					-1	-1	-1	-1	
154	0	1d49799eccf99f2c	5			yes					-1	155	212	231	251	
155	154	dffcb9cab21b6581	5			yes					156	175	184	200	211	
156	155	9f945b81c91dd34b	4			yes					157	158	164	169	
157	156	924ee05e1de524ab	4			yes					-1	-1	-1	-1	
158	156	c3a9eb221992d8d1	5			yes					159	160	161	162	163	
159	158	ce7b9c901035a4ff	4			yes					-1	-1	-1	-1	
160	158	cfec4ca8b0fd7987	4			yes					-1	-1	-1	-1	
161	158	02469b165f7cade4	4			yes					-1	-1	-1	-1	
162	158	513e82c563bb803f	4			yes					-1	-1	-1	-1	
163	158	52efc9eb9c0ff0a3	4			yes					-1	-1	-1	-1	
164	156	467843799c84d65b	5			yes					165	166	167	-1	168	
165	164	4baa34cb9523aa75	4			yes					-1	-1	-1	-1	
166	164	4a3de4f335eb770d	4			yes					-1	-1	-1	-1	
167	164	834371e8235aed34	4			yes					-1	-1	-1	-1	
168	164	1d22e87d77769017	4			yes					-1	-1	-1	-1	
169	156	5345fe297b3584f2	5			yes					170	171	172	173	174	
170	169	5e97899b7292f8dc	4			yes					-1	-1	-1	-1	
171	169	5f0059a3d25a25a4	4			yes					-1	-1	-1	-1	
172	169	967eccb8c4ebbf9d	4			yes					-1	-1	-1	-1	
173	169	7b82c31b698710bb	4			yes					-1	-1	-1	-1	
174	169	ec6bdf9b0da4725e	4			yes					-1	-1	-1	-1	
175	155	002d5a3f82f24e8c	4			yes					-1	176	178	179	
176	175	4cfc40b7204958b7	4			yes					177	-1	-1	-1	
177	176	35cf4a2bbfb00bea	3			yes					-1	-1	-1	
178	175	0b901fd3669646a8	4			yes					-1	-1	-1	-1	
179	175	a3c896d6f85199e8	3			yes					180	181	183	
180	179	b7de5626ab972a91	4			yes					-1	-1	-1	-1	
181	179	24b38c9c6620b91b	5			yes					-1	-1	-1	-1	182	
182	181	463d3f0a89522fe6	4			yes					-1	-1	-1	-1	
183	179	0c1b5ed7b42fb438	5			yes					-1	-1	-1	-1	-1	
184	155	bc2f9a83d9c40803	4			yes					-1	-1	185	190	
185	184	0ee45c6b9b70230f	5			yes					186	187	188	-1	189	
186	185	77d756f704897052	4			yes					-1	-1	-1	-1	
187	185	77f14d0cd11bb136	4			yes					-1	-1	-1	-1	
188	185	ebca1bd9a14cb94b	4			yes					-1	-1	-1	-1	
189	185	daf7aee8150cf0a9	4			yes					-1	-1	-1	-1	
190	184	017c906db7f653ae	6			yes					191	193	195	-1	197	199	
191	190	784f9af1280f00f3	5			yes					-1	-1	-1	-1	192	
192	191	1ac12967c77d960e	4			yes					-1	-1	-1	-1	
193	190	7869810afd9dc197	5			yes					-1	-1	-1	-1	194	
194	193	1ae7329c12ef576a	4			yes					-1	-1	-1	-1	
195	190	e452d7df8dcac9ea	5			yes					-1	-1	-1	-1	196	
196	195	86dc644962b85f17	4			yes					-1	-1	-1	-1	
197	190	f3a1fe10d4e72597	5			yes					-1	-1	-1	-1	198	
198	197	912f4d863b95b36a	4			yes					-1	-1	-1	-1	
199	190	63f223fb5884c553	5			yes					-1	-1	-1	-1	-1	
200	155	5f8fee1e5a932721	4			yes					-1	-1	-1	201	
201	200	1aa933856c0b349f	6			yes					202	204	206	208	-1	210	
202	201	639a3919f3f267c2	5			yes					-1	-1	-1	-1	203	
203	202	01148a8f1c80f13f	4			yes					-1	-1	-1	-1	
204	201	63bc22e22660a6a6	5			yes					-1	-1	-1	-1	205	
205	204	01329174c912305b	4			yes					-1	-1	-1	-1	
206	201	ff8774375637aedb	5			yes					-1	-1	-1	-1	207	
207	206	9d09c7a1b9453826	4			yes					-1	-1	-1	-1	
208	201	a8c542f2a86e79ed	5			yes					-1	-1	-1	-1	209	
209	208	ca4bf164471cef10	4			yes					-1	-1	-1	-1	
210	201	782780138379a262	5			yes					-1	-1	-1	-1	-1	
211	155	7c197523c8b8b2e5	4			yes					-1	-1	-1	-1	
212	154	2c12164315b2776c	4			yes					213	222	228	230	
213	212	6c7af4086eb4c1a6	3			yes					214	215	216	
214	213	0b5e4b0f83d417fa	4			yes					-1	-1	-1	-1	
215	213	06a036df20e938ef	4			yes					-1	-1	-1	-1	
216	213	d8c3822faecffa34	5			yes					217	218	219	220	221	
217	216	d511f59da768861a	4			yes					-1	-1	-1	-1	
218	216	ef5887beec18ac2c	4			yes					-1	-1	-1	-1	
219	216	49297fc1b11a091c	4			yes					-1	-1	-1	-1	
220	216	305aff6b768f4205	4			yes					-1	-1	-1	-1	
221	216	433af2898ce5612f	4			yes					-1	-1	-1	-1	
222	212	c20be649ddd45044	3			yes					-1	223	224	
223	222	4bb9404de7bb13e2	4			yes					-1	-1	-1	-1	
224	222	1419d4d32cf3e4bc	5			yes					225	-1	226	-1	227	
225	224	6d2ade4fb30ab7e1	4			yes					-1	-1	-1	-1	
226	224	c10caf160a12b158	4			yes					-1	-1	-1	-1	
227	224	d8a88c24e579ed97	4			yes					-1	-1	-1	-1	
228	212	0d94dea8c9c34686	3			yes					-1	-1	229	
229	228	01819b680b64ad12	5			yes					-1	-1	-1	-1	-1	
230	212	8ff7daaa6f11a008	3			yes					-1	-1	-1	
231	154	3d8c51190b9aa9a1	4			yes					232	244	248	250	
232	231	7de4b352709c1f6b	3			yes					233	236	242	
233	232	d88f3dc151e95880	5			yes					-1	-1	-1	234	235	
234	233	05a8a5d4dc42a54d	4			yes					-1	-1	-1	-1	
235	233	b85113fb1c5ddff3	4			yes					-1	-1	-1	-1	
236	232	b47181a5c8434ddd	5			yes					237	238	239	240	241	
237	236	b9a3f617c1e431f3	4			yes					-1	-1	-1	-1	
238	236	83ea84348a941bc5	4			yes					-1	-1	-1	-1	
239	236	3c6fc89f92e08a6e	4			yes					-1	-1	-1	-1	
240	236	10f4384bd6116486	4			yes					-1	-1	-1	-1	
241	236	16d282f70f81c4de	4			yes					-1	-1	-1	-1	
242	232	3b29334a6e5cd6f2	5			yes					-1	-1	-1	-1	243	
243	242	5b5dbab9605a1946	4			yes					-1	-1	-1	-1	
244	231	d395a113c3fc8e89	3			yes					-1	245	-1	
245	244	dac53a059cdae46e	5			yes					-1	-1	-1	246	247	
246	245	07e2a210117119a3	4			yes					-1	-1	-1	-1	
247	245	ba1b143fd16e631d	4			yes					-1	-1	-1	-1	
248	231	5e5f72506045c423	3			yes					-1	-1	249	
249	248	42b85f05c4b997f2	5			yes					-1	-1	-1	-1	-1	
250	231	cda23108d8bffc60	3			yes					-1	-1	-1	
251	154	d116163c6e4b39ac	5			yes					252	268	274	281	282	
252	251	917ef477154d8f66	4			yes					253	255	261	264	
253	252	0779b5fc1a56c346	5			yes					-1	-1	-1	-1	254	
254	253	4580686a0d6fdbdb	4			yes					-1	-1	-1	-1	
255	252	d0a2da0418fd1a6b	5			yes					256	257	258	259	260	
256	255	dd70adb6115a6645	4			yes					-1	-1	-1	-1	
257	255	e739df955a2a4c73	4			yes					-1	-1	-1	-1	
258	255	58bc933e425eddd8	4			yes					-1	-1	-1	-1	
259	255	4235b3e362d44285	4			yes					-1	-1	-1	-1	
260	255	20c052fe6bfab56b	4			yes					-1	-1	-1	-1	
261	252	4255ed68975d0089	5			yes					-1	262	-1	-1	263	
262	261	75cee8f9d58a5691	4			yes					-1	-1	-1	-1	
263	261	00ac30fe80641814	4			yes					-1	-1	-1	-1	
264	252	0db984974b31080a	3			yes					-1	265	266	
265	264	d11473f5f79139e0	5			yes					-1	-1	-1	-1	-1	
266	264	5fd0b42d690e9b73	5			yes					-1	-1	-1	-1	267	
267	266	3d5e07bb867c0d8e	4			yes					-1	-1	-1	-1	
268	251	3f0fe636a62d1e84	4			yes					-1	269	272	-1	
269	268	fe3713e18e535bb9	5			yes					270	-1	-1	-1	271	
270	269	8704197d11aa08e4	4			yes					-1	-1	-1	-1	
271	269	bccece77996a4324	4			yes					-1	-1	-1	-1	
272	268	7f6eeb47a4395de3	5			yes					-1	-1	-1	-1	273	
273	272	3d9736d1b300457e	4			yes					-1	-1	-1	-1	
274	251	b2c535750594542e	4			yes					-1	-1	275	280	
275	274	f63456dc8098fae0	5			yes					276	277	278	-1	279	
276	275	8f075c401f61a9bd	4			yes					-1	-1	-1	-1	
277	275	8f2147bbcaf368d9	4			yes					-1	-1	-1	-1	
278	275	c4e85241bee4f700	4			yes					-1	-1	-1	-1	
279	275	0d05edc7114c670d	4			yes					-1	-1	-1	-1	
280	274	2e0245955be8d342	3			yes					-1	-1	-1	
281	251	516541e886c37b0c	4			yes					-1	-1	-1	-1	
282	251	4dd166dc3037bec0	4			yes					-1	-1	-1	-1	
283	0	bd4d003586e421a8	5			yes					-1	-1	284	337	351	
284	283	9c765d0d125d4860	5			yes					285	304	317	325	336	
285	284	dc1ebf46695bfeaa	4			yes					286	293	294	299	
286	285	7edbba5df7c2b638	5			yes					287	288	289	291	292	
287	286	6c9f3deabebf9e22	4			yes					-1	-1	-1	-1	
288	286	12ffc54c81c4cb02	4			yes					-1	-1	-1	-1	
289	286	bac3e0b94482763d	4			yes					-1	-1	-1	290	
290	289	da1dce830936f14e	3			yes					-1	-1	-1	
291	286	daa68c78c18f1256	4			yes					-1	-1	-1	-1	
292	286	1e059467ba76314b	4			yes					-1	-1	-1	-1	
293	285	716a81536627144f	4			yes					-1	-1	-1	-1	
294	285	2608d6cd409410ac	5			yes					-1	295	296	297	298	
295	294	5710f8ec3754cce3	4			yes					-1	-1	-1	-1	
296	294	81cd5ae06478e24c	4			yes					-1	-1	-1	-1	
297	294	953e74f6752aa62c	4			yes					-1	-1	-1	-1	
298	294	f21b244ecee8c30a	4			yes					-1	-1	-1	-1	
299	285	324d8b97013c56a0	5			yes					-1	300	301	302	303	
300	299	4355a5b676fc8aef	4			yes					-1	-1	-1	-1	
301	299	958807ba25d0a440	4			yes					-1	-1	-1	-1	
302	299	dad4f6d3d97cee91	4			yes					-1	-1	-1	-1	
303	299	a9b4fb312316cdbb	4			yes					-1	-1	-1	-1	
304	284	2f99b0c19d4cc502	4			yes					-1	305	306	311	
305	304	c6a0f3534bf81ea3	4			yes					-1	-1	-1	-1	
306	304	aa96ddea07d3d6b0	5			yes					307	-1	308	309	310	
307	306	d3a5d776982a85ed	4			yes					-1	-1	-1	-1	
308	306	0d5351c7233f2450	4			yes					-1	-1	-1	-1	
309	306	19a07fd1326d6030	4			yes					-1	-1	-1	-1	
310	306	7e852f6989af0516	4			yes					-1	-1	-1	-1	
311	304	bed380b0467b90bc	5			yes					312	313	314	315	316	
312	311	c7e08a2cd982c3e1	4			yes					-1	-1	-1	-1	
313	311	ad968b53417f8297	4			yes					-1	-1	-1	-1	
314	311	19160c9d6297625c	4			yes					-1	-1	-1	-1	
315	311	564afdf49e3b288d	4			yes					-1	-1	-1	-1	
316	311	252af01664510ba7	4			yes					-1	-1	-1	-1	
317	284	d01194ba663cae6c	4			yes					-1	-1	318	319	
318	317	afed6bbf0393d445	4			yes					-1	-1	-1	-1	
319	317	73f458531c9f7908	3			yes					320	322	324	
320	319	96bf0f6fb4e49bc5	5			yes					-1	-1	-1	-1	321	
321	320	f431bcf95b960d38	4			yes					-1	-1	-1	-1	
322	319	21757d6f993b9129	5			yes					-1	-1	-1	-1	323	
323	322	43fbcef9764907d4	4			yes					-1	-1	-1	-1	
324	319	f08828edaa1d750a	5			yes					-1	-1	-1	-1	-1	
325	284	1c050ad9fad50ac0	4			yes					-1	-1	-1	326	
326	325	3d5339ce43a9e9d8	6			yes					327	329	331	333	-1	335	
327	326	44603352dc50ba85	5			yes					-1	-1	-1	-1	328	
328	327	26ee80c433222c78	4			yes					-1	-1	-1	-1	
329	326	15c8097151452bd1	5			yes					-1	-1	-1	-1	330	
330	329	7746bae7be37bd2c	4			yes					-1	-1	-1	-1	
331	326	d87d7e7c7995739c	5			yes					-1	-1	-1	-1	332	
332	331	baf3cdea96e7e561	4			yes					-1	-1	-1	-1	
333	326	f94b632af0e929dd	5			yes					-1	-1	-1	-1	334	
334	333	9bc5d0bc1f9bbf20	4			yes					-1	-1	-1	-1	
335	326	5fdd8a58acdb7f25	5			yes					-1	-1	-1	-1	-1	
336	284	3f9391e468fe9f04	4			yes					-1	-1	-1	-1	
337	283	78341effb81281a1	4			yes					338	346	349	350	
338	337	385cfcb4c314376b	3			yes					339	344	345	
339	338	912b75929a60ca65	5			yes					-1	340	341	342	343	
340	339	fd0f0a83ec66b75f	4			yes					-1	-1	-1	-1	
341	339	234704e55e058717	4			yes					-1	-1	-1	-1	
342	339	6eaf8a833cdc9151	4			yes					-1	-1	-1	-1	
343	339	338876c05da24366	4			yes					-1	-1	-1	-1	
344	338	fc5e49a9479f5ff4	5			yes					-1	-1	-1	-1	-1	
345	338	6fcb8ed59e621777	5			yes					-1	-1	-1	-1	-1	
346	337	cbdbf33337030cc3	3			yes					-1	347	348	
347	346	4b943ba96a405518	5			yes					-1	-1	-1	-1	-1	
348	346	e35585f2d925d16b	5			yes					-1	-1	-1	-1	-1	
349	337	03a96f9627326e69	3			yes					-1	-1	-1	
350	337	881a7eee6b37d460	3			yes					-1	-1	-1	
351	283	94ae59daddc311ac	5			yes					352	366	373	376	377	
352	351	d4c6bb91a6c5a766	4			yes					353	358	360	363	
353	352	b4b79492b24297bf	5			yes					-1	354	355	356	357	
354	353	d893eb83c444ea85	4			yes					-1	-1	-1	-1	
355	353	06dbe5e57627dacd	4			yes					-1	-1	-1	-1	
356	353	10caa2b7840f33d1	4			yes					-1	-1	-1	-1	
357	353	6871bff4cd53bc3c	4			yes					-1	-1	-1	-1	
358	352	5bfc2202c3a61cba	5			yes					-1	-1	-1	-1	359	
359	358	1905ff94d49f0427	4			yes					-1	-1	-1	-1	
360	352	89db599cfd20cfb5	5			yes					-1	361	-1	-1	362	
361	360	f8c377bd8ae013fa	4			yes					-1	-1	-1	-1	
362	360	fa5d321d0804ca05	4			yes					-1	-1	-1	-1	
363	352	4801cb71f8b9200a	3			yes					364	-1	-1	
364	363	a4c0e70304d9b517	5			yes					-1	-1	365	-1	-1	
365	364	16ac9674c0bcf865	4			yes					-1	-1	-1	-1	
366	351	2741b41652d29cce	4			yes					-1	367	369	372	
367	366	ec365002ee791656	5			yes					-1	-1	-1	-1	368	
368	367	aecf8d94f9400ecb	4			yes					-1	-1	-1	-1	
369	366	054552bbba6709a9	5			yes					370	-1	-1	-1	371	
370	369	7c765827259e5af4	4			yes					-1	-1	-1	-1	
371	369	76c3393a4f430c19	4			yes					-1	-1	-1	-1	
372	366	bb86c4f60cae1ba2	3			yes					-1	-1	-1	
373	351	ef3328b342e3fe64	4			yes					-1	-1	374	-1	
374	373	148ee9554c85844c	5			yes					-1	-1	-1	-1	375	
375	374	567734c35bbc9cd1	4			yes					-1	-1	-1	-1	
376	351	14dd0e0e354b530c	4			yes					-1	-1	-1	-1	
377	351	0869293a83bf96c0	4			yes					-1	-1	-1	-1	
378	0	ab0c5ccd4501dd24	5			yes					-1	-1	-1	379	421	
379	378	4a9fa169d09f3610	5			yes					380	397	410	418	420	
380	379	0af74322ab9980da	4			yes					381	386	391	392	
381	380	3de3be11c7e71792	5			yes					-1	382	383	384	385	
382	381	8b7b21109b433a28	4			yes					-1	-1	-1	-1	
383	381	f9fbe4f574a7d797	4			yes					-1	-1	-1	-1	
384	381	c2674100615b4ca6	4			yes					-1	-1	-1	-1	
385	381	9f40bd4300259e91	4			yes					-1	-1	-1	-1	
386	380	6d924625d7fd14c4	5			yes					-1	387	388	389	390	
387	386	65e23aaedba33c8e	4			yes					-1	-1	-1	-1	
388	386	c2a7a4b1c55aa158	4			yes					-1	-1	-1	-1	
389	386	9216b93471414ff0	4			yes					-1	-1	-1	-1	
390	386	cf314577103f9dc7	4			yes					-1	-1	-1	-1	
391	380	7927c82ef5094b9d	4			yes					-1	-1	-1	-1	
392	380	e8423ce968f5f1c0	6			yes					-1	-1	393	394	395	396	
393	392	b2c345a4e2a6be87	5			yes					-1	-1	-1	-1	-1	
394	392	cc0942c223f211c5	5			yes					-1	-1	-1	-1	-1	
395	392	f6207903e54d8fd3	5			yes					-1	-1	-1	-1	-1	
396	392	50126f35fe2f9295	5			yes					-1	-1	-1	-1	-1	
397	379	f9704ca55f8ebb72	4			yes					-1	398	403	404	
398	397	da583425fa221e28	5			yes					399	-1	400	401	402	
399	398	a36b3eb965db4d75	4			yes					-1	-1	-1	-1	
400	398	756dd6b1e885abb4	4			yes					-1	-1	-1	-1	
401	398	25dccb345c9e451c	4			yes					-1	-1	-1	-1	
402	398	78fb37773de0972b	4			yes					-1	-1	-1	-1	
403	397	ac9bc6a969c461b7	5			yes					-1	-1	-1	-1	-1	
404	397	1174c42ea5352b38	6			yes					405	-1	406	407	408	409	
405	404	6847ceb23acc7865	5			yes					-1	-1	-1	-1	-1	
406	404	bf930983c9f8a160	5			yes					-1	-1	-1	-1	-1	
407	404	353fba05ee32cb3d	5			yes					-1	-1	-1	-1	-1	
408	404	0f1681c4288d552b	5			yes					-1	-1	-1	-1	-1	
409	404	a92497f233ef486d	5			yes					-1	-1	-1	-1	-1	
410	379	db0ce6fc6cff88e2	4			yes					-1	-1	411	412	
411	410	ea5baab73df1f611	5			yes					-1	-1	-1	-1	-1	
412	410	9c4d5b13bf1c9c27	6			yes					413	414	-1	415	416	417	
413	412	e57e518f20e5cf7a	5			yes					-1	-1	-1	-1	-1	
414	412	b4d66bacadf05e2e	5			yes					-1	-1	-1	-1	-1	
415	412	b8062538f41b7c22	5			yes					-1	-1	-1	-1	-1	
416	412	822f1ef932a4e234	5			yes					-1	-1	-1	-1	-1	
417	412	241d08cf29c6ff72	5			yes					-1	-1	-1	-1	-1	
418	379	3fa0a5f5339df81f	4			yes					-1	-1	-1	419	
419	418	621448124877855a	3			yes					-1	-1	-1	
420	379	172b4c8eab754b55	4			yes					-1	-1	-1	-1	
421	378	df55f019ca7a33dc	5			yes					422	440	452	457	458	
422	421	9f3d1252b17c8516	4			yes					423	428	433	435	
423	422	187f5f11efc54a48	5			yes					-1	424	425	426	427	
424	423	aee7c010b36167f2	4			yes					-1	-1	-1	-1	
425	423	dc6705f55c858a4d	4			yes					-1	-1	-1	-1	
426	423	bc026934d988ee26	4			yes					-1	-1	-1	-1	
427	423	c4b9747790d461cb	4			yes					-1	-1	-1	-1	
428	422	480ea725ffdf491e	5			yes					-1	429	430	431	432	
429	428	407edbaef3816154	4			yes					-1	-1	-1	-1	
430	428	e73b45b1ed78fc82	4			yes					-1	-1	-1	-1	
431	428	ec739100c992ed70	4			yes					-1	-1	-1	-1	
432	428	94c88c4380ce629d	4			yes					-1	-1	-1	-1	
433	422	eee72a573573bf9d	5			yes					-1	-1	-1	-1	434	
434	433	ac1ef7c1224aa700	4			yes					-1	-1	-1	-1	
435	422	03fa62b2ef00027a	3			yes					436	438	439	
436	435	08082c80595e68e0	5			yes					-1	-1	437	-1	-1	
437	436	cc107664ea1ea8e5	4			yes					-1	-1	-1	-1	
438	435	5879d4b449446bb6	5			yes					-1	-1	-1	-1	-1	
439	435	8fcac3f5c7ef571e	4			yes					-1	-1	-1	-1	
440	421	6cba1dd5456bbebe	4			yes					-1	441	446	448	
441	440	ffc4d525d20043f2	5			yes					442	-1	443	444	445	
442	441	86f7dfb94df910af	4			yes					-1	-1	-1	-1	
443	441	50f137b1c0a7f66e	4			yes					-1	-1	-1	-1	
444	441	5bb9e300e44de79c	4			yes					-1	-1	-1	-1	
445	441	2302fe43ad116871	4			yes					-1	-1	-1	-1	
446	440	a8c9dd62fa1279ce	5			yes					-1	-1	-1	-1	447	
447	446	ea3000f4ed2b6153	4			yes					-1	-1	-1	-1	
448	440	f07d6d351b1739d2	3			yes					-1	449	451	
449	448	efb3a6b4649b615a	5			yes					450	-1	-1	-1	-1	
450	449	9680ac28fb623207	4			yes					-1	-1	-1	-1	
451	448	9f77666cee8f7655	5			yes					-1	-1	-1	-1	-1	
452	421	4ec6b78c761a8d2e	4			yes					-1	-1	453	455	
453	452	ee09b17cae27ee68	5			yes					-1	-1	-1	-1	454	
454	453	acf06ceab91ef6f5	4			yes					-1	-1	-1	-1	
455	452	d201c76c28660a42	3			yes					-1	-1	456	
456	455	d9b70a72babae1f3	5			yes					-1	-1	-1	-1	-1	
457	421	fed338f2160b0236	4			yes					-1	-1	-1	-1	
458	421	439280f99406b4b0	4			yes					-1	-1	-1	-1	
459	0	666fca92efcb5cb1	5			yes					-1	-1	-1	-1	460	
460	459	9c3f73e550fb39df	4			yes					461	484	505	529	
461	460	9810508fc207a458	5			yes					462	467	478	482	483	
462	461	81d055e0d66d8a4e	4			yes					463	464	-1	465	
463	462	5876f423d59927a0	5			yes					-1	-1	-1	-1	-1	
464	462	c05d1516c7c8ceea	5			yes					-1	-1	-1	-1	-1	
465	462	3a7f2ccca14408e4	6			yes					-1	-1	-1	-1	-1	466	
466	465	d532880a635922db	5			yes					-1	-1	-1	-1	-1	
467	461	0983171a7e671aaa	4			yes					-1	468	473	474	
468	467	8e6f8ee14ea188d3	6			yes					469	470	-1	-1	471	472	
469	468	bc4dcd5cfb813654	5			yes					-1	-1	-1	-1	-1	
470	468	a6f4be5e5c4d4ada	5			yes					-1	-1	-1	-1	-1	
471	468	90c3f4675f484e7f	5			yes					-1	-1	-1	-1	-1	
472	468	cc9653775998904e	5			yes					-1	-1	-1	-1	-1	
473	467	9f12f35a13e0fd36	5			yes					-1	-1	-1	-1	-1	
474	467	e420073fd6b53297	3			yes					475	476	-1	
475	474	cd3ea06c1d45e315	5			yes					-1	-1	-1	-1	-1	
476	474	23dbf7b19b85ba71	6			yes					-1	-1	-1	-1	477	-1	
477	476	3d778d378a6c7cdd	5			yes					-1	-1	-1	-1	-1	
478	461	fbc373c6a9d8c9da	4			yes					-1	-1	479	480	
479	478	fb76275700d9cb28	5			yes					-1	-1	-1	-1	-1	
480	478	166063e3010ae1e7	3			yes					481	-1	-1	
481	480	551541590f140a5f	5			yes					-1	-1	-1	-1	-1	
482	461	062371966b07d55b	4			yes					-1	-1	-1	-1	
483	461	75b340aa6ad58c65	4			yes					-1	-1	-1	-1	
484	460	be320034d96da55e	5			yes					485	495	499	503	504	
485	484	fe5ae27fa26b1394	4			yes					486	487	490	491	
486	485	6497389d634cf470	5			yes					-1	-1	-1	-1	-1	
487	485	4a8725e709511aef	6			yes					-1	-1	-1	-1	488	489	
488	487	542b5f6118b8dc43	5			yes					-1	-1	-1	-1	-1	
489	487	087ef8711e680272	5			yes					-1	-1	-1	-1	-1	
490	485	d2f3d7ed95c4c5d7	5			yes					-1	-1	-1	-1	-1	
491	485	13f9f25a0ab93ba9	3			yes					492	493	-1	
492	491	f1df6cd2ab9030c5	5			yes					-1	-1	-1	-1	-1	
493	491	e7335cb7dc75284d	6			yes					-1	-1	-1	-1	494	-1	
494	493	f99f2631cd9ceee1	5			yes					-1	-1	-1	-1	-1	
495	484	502bf03e110b8276	4			yes					-1	496	-1	497	
496	495	66dd3f59ae7f489e	5			yes					-1	-1	-1	-1	-1	
497	495	4fb3613d86a72152	6			yes					-1	-1	-1	-1	-1	498	
498	497	a0fec5fb44ba0b6d	5			yes					-1	-1	-1	-1	-1	
499	484	dde1237db2b2c8dc	4			yes					-1	-1	500	501	
500	499	e1e94fae728776c2	5			yes					-1	-1	-1	-1	-1	
501	499	304233581a60e0e1	3			yes					-1	502	-1	
502	501	f3956b1666a38c2b	5			yes					-1	-1	-1	-1	-1	
503	484	2001212d706dd45d	4			yes					-1	-1	-1	-1	
504	484	5391101171bf8d63	4			yes					-1	-1	-1	-1	
505	460	fb8a4fd26ae58d5e	5			yes					506	519	524	527	528	
506	505	bbe2ad9911e33b94	4			yes					507	513	514	515	
507	506	6fddd1d05b729d57	6			yes					-1	508	509	510	511	512	
508	507	03f9aec12d74e06d	5			yes					-1	-1	-1	-1	-1	
509	507	ddb1a0a79f17d025	5			yes					-1	-1	-1	-1	-1	
510	507	90592ec1fdcec663	5			yes					-1	-1	-1	-1	-1	
511	507	7171ab564a9b5bfb	5			yes					-1	-1	-1	-1	-1	
512	507	2d240c464c4b85ca	5			yes					-1	-1	-1	-1	-1	
513	506	40464cf5753af304	5			yes					-1	-1	-1	-1	-1	
514	506	0d7b88b07d90153c	5			yes					-1	-1	-1	-1	-1	
515	506	5641bdbcb93113a9	3			yes					516	518	-1	
516	515	c269a8808e56aff5	6			yes					-1	-1	-1	-1	517	-1	
517	516	dcc5d2069fbf6959	5			yes					-1	-1	-1	-1	-1	
518	515	d50e18babde637b1	5			yes					-1	-1	-1	-1	-1	
519	505	4865a21ee5f4003c	4			yes					-1	520	521	522	
520	519	f78c3ef558e5f9e8	5			yes					-1	-1	-1	-1	-1	
521	519	81e583973ad7d320	5			yes					-1	-1	-1	-1	-1	
522	519	a5c6b23b4d262801	3			yes					-1	523	-1	
523	522	62c46aba90393d5d	5			yes					-1	-1	-1	-1	-1	
524	505	80173ebbf5c56296	4			yes					-1	-1	-1	525	
525	524	5e45e1437154720a	6			yes					-1	-1	-1	-1	-1	526	
526	525	b1084585b3495835	5			yes					-1	-1	-1	-1	-1	
527	505	65b96ecbc3e5fc5d	4			yes					-1	-1	-1	-1	
528	505	16295ff7c237a563	4			yes					-1	-1	-1	-1	
529	460	9dec228891d0c559	5			yes					530	543	551	553	-1	
530	529	dd84c0c3ead67393	4			yes					531	537	542	-1	
531	530	c3151a5306f540a0	6			yes					-1	532	533	534	535	536	
532	531	758d85525a516d1a	5			yes					-1	-1	-1	-1	-1	
533	531	070d40b7b5b580a5	5			yes					-1	-1	-1	-1	-1	
534	531	3c91e542a0491b94	5			yes					-1	-1	-1	-1	-1	
535	531	ddb960d5171c860c	5			yes					-1	-1	-1	-1	-1	
536	531	81ecc7c511cc583d	5			yes					-1	-1	-1	-1	-1	
537	530	9364e26716ef43f6	6			yes					-1	-1	538	539	540	541	
538	537	3c5100f30448f66a	5			yes					-1	-1	-1	-1	-1	
539	537	6ce01d76b05318c2	5			yes					-1	-1	-1	-1	-1	
540	537	8dc898e10706855a	5			yes					-1	-1	-1	-1	-1	
541	537	d19d3ff101d65b6b	5			yes					-1	-1	-1	-1	-1	
542	530	ed604198aa2c1747	5			yes					-1	-1	-1	-1	-1	
543	529	2e03cf441ec1483b	4			yes					-1	544	550	-1	
544	543	24ae90673b30491a	6			yes					545	-1	546	547	548	549	
545	544	5d9d9afba4c91a47	5			yes					-1	-1	-1	-1	-1	
546	544	8b9b72f32997fc86	5			yes					-1	-1	-1	-1	-1	
547	544	db2a6f769d8c122e	5			yes					-1	-1	-1	-1	-1	
548	544	3a02eae12ad98fb6	5			yes					-1	-1	-1	-1	-1	
549	544	66574df12c095187	5			yes					-1	-1	-1	-1	-1	
550	543	1083c3f55b61cd47	5			yes					-1	-1	-1	-1	-1	
551	529	0c7f651d2db07bab	4			yes					-1	-1	552	-1	
552	551	5643afeb0f545ae1	5			yes					-1	-1	-1	-1	-1	
553	529	e8d3261472d20b56	4			yes					-1	-1	-1	-1	
554	0	b44d0c4de9c59151	5			yes					-1	-1	-1	-1	-1	
