Number of nodes
150
ID	PID	Hash_Value			File_Number	Fully_Enumerated	Children
0	-1	c7664524bd4d4366	6			yes					1	21	44	66	83	100	
1	0	171e07eb3d7219b9	5			yes					2	7	13	18	20	
2	1	5244bcbce7dae618	4			yes					3	4	-1	5	
3	2	c5c36f658d3f99cf	4			yes					-1	-1	-1	-1	
4	2	609592cc0316a482	4			yes					-1	-1	-1	-1	
5	2	712de3a3fb1ba49d	5			yes					-1	-1	-1	-1	6	
6	5	5b447f43eb510a42	4			yes					-1	-1	-1	-1	
7	1	91a57b11207eba2b	4			yes					-1	8	9	10	
8	7	313c78feda26f8a3	5			yes					-1	-1	-1	-1	-1	
9	7	89930fa03363c9dc	4			yes					-1	-1	-1	-1	
10	7	aad59cd4b2efbb52	3			yes					-1	11	12	
11	10	64609b0b0b3d4ca4	5			yes					-1	-1	-1	-1	-1	
12	10	0546b1dd6f8f4c9f	4			yes					-1	-1	-1	-1	
13	1	2759c576ebb892c3	4			yes					-1	-1	14	15	
14	13	0e4245a768260478	5			yes					-1	-1	-1	-1	-1	
15	13	1c2922b3792993ba	3			yes					-1	-1	17	
16	15	b4f3524d8cfd7797	4			no					-1	-2	-1	-2	
17	15	c2594e0838e4f4fc	5			yes					-1	-1	-1	-1	-1	
18	1	c8d6e2f583ffd630	4			yes					-1	-1	-1	19	
19	18	f3a60530116ed749	3			yes					-1	-1	-1	
20	1	2c6ee02eafe318c0	4			yes					-1	-1	-1	-1	
21	0	d5b9849af65d951c	5			yes					22	31	36	41	43	
22	21	5975ec729cdccef5	4			yes					23	24	25	27	
23	22	ffcb7040d85eefb2	4			yes					-1	-1	-1	-1	
24	22	23833f78360310c4	4			yes					-1	-1	-1	-1	
25	22	e7bbb061706643c2	5			yes					-1	-1	-1	-1	26	
26	25	7517ad1fae8f663d	4			yes					-1	-1	-1	-1	
27	22	62050bb70e4dcf8c	3			yes					28	29	30	
28	27	ba05a2ab0c2755a3	4			yes					-1	-1	-1	-1	
29	27	f7e5fff9b9e8c3d1	4			yes					-1	-1	-1	-1	
30	27	069f77430e9577db	4			yes					-1	-1	-1	-1	
31	21	5833a8ae90571e63	4			yes					-1	32	-1	34	
32	31	ed1437960bc4bf1f	5			yes					-1	-1	-1	-1	33	
33	32	7fb82ae8d52d9ae0	4			yes					-1	-1	-1	-1	
34	31	15905f1835861f33	5			yes					-1	-1	-1	-1	35	
35	34	3ff9c3f825ccb1ec	4			yes					-1	-1	-1	-1	
36	21	e5fe460720971e66	4			yes					-1	-1	37	38	
37	36	f595b43c7f1178ee	5			yes					-1	-1	-1	-1	-1	
38	36	de8ea1c2b2061f1f	3			yes					-1	39	40	
39	38	7efb98fdb3a63c59	4			yes					-1	-1	-1	-1	
40	38	398ebf932fd3886a	5			yes					-1	-1	-1	-1	-1	
41	21	0a71618448d05a95	4			yes					-1	-1	-1	42	
42	41	31018641da415bec	3			yes					-1	-1	-1	
43	21	eec9635f64cc9465	4			yes					-1	-1	-1	-1	
44	0	e57b24a38e3ee5c5	5			yes					45	55	61	63	65	
45	44	69b74c4be4bfbe2c	4			yes					46	48	49	51	
46	45	2d0ea95f880b0a4f	5			yes					-1	-1	-1	-1	47	
47	46	bfa2b42156e22fb0	4			yes					-1	-1	-1	-1	
48	45	2d0813e1a5307861	4			yes					-1	-1	-1	-1	
49	45	ef3f0ddfddf950ff	5			yes					-1	-1	-1	-1	50	
50	49	7d9310a103107500	4			yes					-1	-1	-1	-1	
51	45	52c7ab8e762ebf55	3			yes					52	-1	54	
52	51	95cb28c146a8816f	5			yes					-1	-1	-1	-1	-1	
53	51	9ba892276a606a59	4			no					-1	-1	-2	-2	
54	51	0e1bcafda30a64e6	4			yes					-1	-1	-1	-1	
55	44	595d12d8fa88ab70	4			yes					-1	56	57	59	
56	55	8d8b99aec78a5357	5			yes					-1	-1	-1	-1	-1	
57	55	15a2d3fd1397f536	5			yes					-1	-1	-1	-1	58	
58	57	870ece83cd7ed0c9	4			yes					-1	-1	-1	-1	
59	55	622df51d6819aa09	3			yes					-1	-1	60	
60	59	f48614df6d64c12f	4			yes					-1	-1	-1	-1	
61	44	d4525c48322bdbac	4			yes					-1	-1	-1	62	
62	61	06718d8b1b3880a0	5			yes					-1	-1	-1	-1	-1	
63	44	3ab3c1bd30b32a4c	4			yes					-1	-1	-1	64	
64	63	01c32678a2222b35	3			yes					-1	-1	-1	
65	44	de0bc3661cafe4bc	4			yes					-1	-1	-1	-1	
66	0	fdff6d8bee15866c	5			yes					67	74	78	80	81	
67	66	713305638494dd85	4			yes					68	70	-1	71	
68	67	0aff6dd36586ffa8	5			yes					-1	-1	-1	-1	69	
69	68	985370adbb6fda57	4			yes					-1	-1	-1	-1	
70	67	91b4611f734e680a	4			yes					-1	-1	-1	-1	
71	67	4a43e2a61605dcfc	3			yes					72	73	-1	
72	71	b23aec4dab257488	5			yes					-1	-1	-1	-1	-1	
73	71	d2edb0c7f20260fe	4			yes					-1	-1	-1	-1	
74	66	41d95bf09aa3c8d9	4			yes					-1	75	-1	76	
75	74	944a1269bf93f64e	5			yes					-1	-1	-1	-1	-1	
76	74	7aa9bc350832c9a0	3			yes					-1	77	-1	
77	76	d713c3b13edffeba	5			yes					-1	-1	-1	-1	-1	
78	66	7b441171f31925fe	4			yes					-1	-1	-1	79	
79	78	4034f6b461882487	3			yes					-1	-1	-1	
80	66	a112f62af4afab15	5			yes					-1	-1	-1	-1	-1	
81	66	c68f8a4e7c848715	4			yes					-1	-1	-1	82	
82	81	bd90e921cca3414b	5			yes					-1	-1	-1	-1	-1	
83	0	747345e54e94062f	5			yes					84	91	95	98	99	
84	83	f8bf2d0d24155dc6	4			yes					85	87	89	-1	
85	84	523ebf2c749ac6bf	5			yes					-1	-1	-1	-1	86	
86	85	46b2e4fec46d0da4	4			yes					-1	-1	-1	-1	
87	84	adcdd27ab857dcce	4			yes					-1	-1	-1	88	
88	87	b94189a808a017d5	3			yes					-1	-1	-1	
89	84	10ca12a81228d868	5			yes					-1	-1	-1	-1	90	
90	89	82660fd6ccc1fd97	4			yes					-1	-1	-1	-1	
91	83	c855739e3a22489a	4			yes					-1	92	93	-1	
92	91	33a15708f744da11	5			yes					-1	-1	-1	-1	-1	
93	91	864006a6b6669252	5			yes					-1	-1	-1	-1	94	
94	93	14ec1bd8688fb7ad	4			yes					-1	-1	-1	-1	
95	83	f2c8391f5398a5bd	4			yes					-1	-1	96	-1	
96	95	d37439caddf633ef	6			yes					-1	-1	-1	-1	-1	97	
97	96	41d824b4031f1610	5			yes					-1	-1	-1	-1	-1	
98	83	44348778985e8d55	4			yes					-1	-1	-1	-1	
99	83	8616e0f4d5f13db4	4			yes					-1	-1	-1	-1	
100	0	936371f3ae1cdcbd	5			yes					101	111	121	131	139	
101	100	73f7d682135e07e8	5			yes					102	103	107	110	-1	
102	101	36ad6dd5c9f6f849	4			yes					-1	-1	-1	-1	
103	101	f54caa780e52a47a	4			yes					-1	105	106	-1	
104	103	e4015d13926f5527	4			no					-1	-1	-1	-2	
105	103	7c658eab7eaabe79	5			yes					-1	-1	-1	-1	-1	
106	103	bfb941ffc006c28f	4			yes					-1	-1	-1	-1	
107	101	43b0141fc5948c92	4			yes					-1	-1	109	-1	
108	107	aec16eed41aba17e	4			no					-1	-2	-1	-2	
109	107	df448a5182dbff7c	5			yes					-1	-1	-1	-1	-1	
110	101	ac3f339cadd3c861	4			yes					-1	-1	-1	-1	
111	100	b15055f3d8718b4d	5			yes					112	116	117	120	-1	
112	111	3d9c3d1bb2f0d0a4	4			yes					113	114	115	-1	
113	112	ff723122bba5e1e2	4			yes					-1	-1	-1	-1	
114	112	edd7c35974be1538	4			yes					-1	-1	-1	-1	
115	112	fc10de3ee57096de	4			yes					-1	-1	-1	-1	
116	111	3cda79c7be7b0032	4			yes					-1	-1	-1	-1	
117	111	8117976e0ebb0037	4			yes					-1	118	119	-1	
118	117	8787c7bc40b67383	4			yes					-1	-1	-1	-1	
119	117	24937bca95ec83ea	5			yes					-1	-1	-1	-1	-1	
120	111	6e98b0ed66fc44c4	4			yes					-1	-1	-1	-1	
121	100	8192f5caa012fb94	5			yes					122	126	129	130	-1	
122	121	0d5e9d22ca93a07d	4			yes					123	-1	125	-1	
123	122	0eb2a819497fae5c	5			yes					-1	-1	-1	-1	-1	
124	122	76ba8e3ab29f3bb2	4			no					-1	-1	-2	-2	
125	122	f494638048ef85e3	4			yes					-1	-1	-1	-1	
126	121	3db4c3b1d4a4b521	4			yes					-1	127	128	-1	
127	126	ae3798e806fef744	5			yes					-1	-1	-1	-1	-1	
128	126	0e09bda28681202a	4			yes					-1	-1	-1	-1	
129	121	b0bb8d211c07c5fd	4			yes					-1	-1	-1	-1	
130	121	5e5a10d41e9f341d	4			yes					-1	-1	-1	-1	
131	100	9916bce2c039983d	5			yes					132	135	137	138	-1	
132	131	15dad40aaab8c3d4	4			yes					133	134	-1	-1	
133	132	29436c95a4f25bbb	5			yes					-1	-1	-1	-1	-1	
134	132	38b1faa579494a55	4			yes					-1	-1	-1	-1	
135	131	25308a99b48fd688	4			yes					-1	136	-1	-1	
136	135	3d4f89d3b594d411	5			yes					-1	-1	-1	-1	-1	
137	131	1fadc018dd353baf	4			yes					-1	-1	-1	-1	
138	131	0307f9c87d802e7a	5			yes					-1	-1	-1	-1	-1	
139	100	77d63328495106b6	5			yes					140	144	147	149	-1	
140	139	fb1a5bc023d05d5f	4			yes					141	142	143	-1	
141	140	0cd55bcfbef177c7	5			yes					-1	-1	-1	-1	-1	
142	140	f3263699723c6db6	4			yes					-1	-1	-1	-1	
143	140	337613eed35c7c7b	5			yes					-1	-1	-1	-1	-1	
144	139	cbf005533de74803	4			yes					-1	145	146	-1	
145	144	6d4ab3eb3d2f6b69	5			yes					-1	-1	-1	-1	-1	
146	144	a5fc07e077123641	5			yes					-1	-1	-1	-1	-1	
147	139	f16d4fd2545da524	4			yes					-1	-1	148	-1	
148	147	f0c8388c1c8297fc	6			yes					-1	-1	-1	-1	-1	-1	
149	139	4791f1b59f9b8dcc	4			yes					-1	-1	-1	-1	
