Number of nodes
614
ID	PID	Hash_Value			File_Number	Fully_Enumerated	Children
0	-1	e90918cc87aac224	6			yes					1	202	354	468	567	613	
1	0	bad3921628aa37e3	5			yes					2	80	112	143	165	
2	1	42246f60f4e47d94	5			yes					3	19	47	68	79	
3	2	f7d9578a175b04aa	4			yes					4	6	9	14	
4	3	a0a93e7f8719d875	5			yes					-1	-1	-1	-1	5	
5	4	20164b19a1788aa2	4			yes					-1	-1	-1	-1	
6	3	a98fe031b3d1b985	5			yes					-1	7	-1	-1	8	
7	6	5f74546698f9be99	4			yes					-1	-1	-1	-1	
8	6	0d04b16c31120f1c	4			yes					-1	-1	-1	-1	
9	3	4a076c4016ebc928	3			yes					10	11	12	
10	9	53697ee88ccc8f95	4			yes					-1	-1	-1	-1	
11	9	533eb42bc8d3f0c0	4			yes					-1	-1	-1	-1	
12	9	bdf3b69d85126105	5			yes					-1	-1	-1	-1	13	
13	12	a4e3d8fb77842df8	4			yes					-1	-1	-1	-1	
14	3	71f864b62b6b4150	3			yes					15	17	-1	
15	14	4aa3116d80caa9c2	5			yes					-1	-1	-1	-1	16	
16	15	53b37f0b725ce53f	4			yes					-1	-1	-1	-1	
17	14	9447990460bae6f5	5			yes					-1	-1	-1	-1	18	
18	17	8d57f762922caa08	4			yes					-1	-1	-1	-1	
19	2	56c048761c18965b	4			yes					-1	20	27	34	
20	19	64c258380c9c96fb	5			yes					21	23	24	25	26	
21	20	ce6715c2c427f7fb	4			yes					22	-1	-1	-1	
22	21	8a4d3a18c951c3d3	3			yes					-1	-1	-1	
23	20	20e877e201eaa2d3	4			yes					-1	-1	-1	-1	
24	20	258337eed4d26deb	4			yes					-1	-1	-1	-1	
25	20	e865801eeb10a919	4			yes					-1	-1	-1	-1	
26	20	2369d5d0fa0f91da	4			yes					-1	-1	-1	-1	
27	19	8f9f9c67a270f4ba	5			yes					28	30	31	32	33	
28	27	253ad19d6acb95ba	4			yes					29	-1	-1	-1	
29	28	6110fe4767bda192	3			yes					-1	-1	-1	
30	27	cbb5b3bdaf06c092	4			yes					-1	-1	-1	-1	
31	27	f67f3e9898d0e915	4			yes					-1	-1	-1	-1	
32	27	1583d2fe98744d59	4			yes					-1	-1	-1	-1	
33	27	0d738e46c569f164	4			yes					-1	-1	-1	-1	
34	19	9655f3e2ae76d2ed	6			yes					35	38	40	42	44	46	
35	34	3cf0be1866cdb3ed	5			yes					36	-1	-1	-1	37	
36	35	78da91c26bbb87c5	4			yes					-1	-1	-1	-1	
37	35	25e0d07e945bff10	4			yes					-1	-1	-1	-1	
38	34	d27fdc38a300e6c5	5			yes					-1	-1	-1	-1	39	
39	38	cb6fb25e5196aa38	4			yes					-1	-1	-1	-1	
40	34	efb5511d94d6cf42	5			yes					-1	-1	-1	-1	41	
41	40	f6a53f7b664083bf	4			yes					-1	-1	-1	-1	
42	34	fe0113c7177967e0	5			yes					-1	-1	-1	-1	43	
43	42	e7117da1e5ef2b1d	4			yes					-1	-1	-1	-1	
44	34	e62b4e9cb4f4b177	5			yes					-1	-1	-1	-1	45	
45	44	ff3b20fa4662fd8a	4			yes					-1	-1	-1	-1	
46	34	8f459d845ce09e10	5			yes					-1	-1	-1	-1	-1	
47	2	9ae6170a36c31a89	4			yes					-1	-1	48	55	
48	47	8fc856a4e66f8bef	5			yes					49	51	52	53	54	
49	48	256d1b5e2ed4eaef	4			yes					50	-1	-1	-1	
50	49	6147348423a2dec7	3			yes					-1	-1	-1	
51	48	cbe2797eeb19bfc7	4			yes					-1	-1	-1	-1	
52	48	7933e2f3cd478cf3	4			yes					-1	-1	-1	-1	
53	48	9a98c45689fc57ea	4			yes					-1	-1	-1	-1	
54	48	0d24448581768e31	4			yes					-1	-1	-1	-1	
55	47	48b17b8b4e069dda	6			yes					56	60	63	-1	65	67	
56	55	e214367186bdfcda	5			yes					57	58	-1	-1	59	
57	56	a63e19ab8bcbc8f2	4			yes					-1	-1	-1	-1	
58	56	14ef8226ad95fbc6	4			yes					-1	-1	-1	-1	
59	56	fb045817742bb027	4			yes					-1	-1	-1	-1	
60	55	0c9b54514370a9f2	5			yes					-1	61	-1	-1	62	
61	60	fa60e0066858aeee	4			yes					-1	-1	-1	-1	
62	60	158b3a37b1e6e50f	4			yes					-1	-1	-1	-1	
63	55	be4acfdc652e9ac6	5			yes					-1	-1	-1	-1	64	
64	63	a75aa1ba97b8d63b	4			yes					-1	-1	-1	-1	
65	55	004e3689e43b2f3f	5			yes					-1	-1	-1	-1	66	
66	65	195e58ef16ad63c2	4			yes					-1	-1	-1	-1	
67	55	51a115edbc90d127	5			yes					-1	-1	-1	-1	-1	
68	2	fffa54aaf554b016	4			yes					-1	-1	-1	69	
69	68	61055412abae1a2a	6			yes					70	72	74	76	-1	78	
70	69	cba019e863157b2a	5			yes					-1	-1	-1	-1	71	
71	70	d2b0778e918337d7	4			yes					-1	-1	-1	-1	
72	69	252f7bc8a6d82e02	5			yes					-1	-1	-1	-1	73	
73	72	3c3f15ae544e62ff	4			yes					-1	-1	-1	-1	
74	69	97fee04580861d36	5			yes					-1	-1	-1	-1	75	
75	74	8eee8e23721051cb	4			yes					-1	-1	-1	-1	
76	69	c32214d75361415a	5			yes					-1	-1	-1	-1	77	
77	76	da327ab1a1f70da7	4			yes					-1	-1	-1	-1	
78	69	78153a74593856d7	5			yes					-1	-1	-1	-1	-1	
79	2	c4055c5cc8d4386e	4			yes					-1	-1	-1	-1	
80	1	fcab448983e6f5cd	4			yes					81	91	100	111	
81	80	7a92249915c73e59	3			yes					82	83	87	
82	81	4094af3f836c2d63	4			yes					-1	-1	-1	-1	
83	81	2242908f059f714b	5			yes					-1	84	85	-1	86	
84	83	68a400915ac9f529	4			yes					-1	-1	-1	-1	
85	83	8065d04afd502a3b	4			yes					-1	-1	-1	-1	
86	83	372cbb2cef607360	4			yes					-1	-1	-1	-1	
87	81	86843ed26c838036	5			yes					-1	88	89	-1	90	
88	87	cc62aecc33d50454	4			yes					-1	-1	-1	-1	
89	87	24a37e17944cdb46	4			yes					-1	-1	-1	-1	
90	87	833d597b4c396e4a	4			yes					-1	-1	-1	-1	
91	80	bdc668e6aba143ec	3			yes					-1	92	96	
92	91	fd318348948f5aae	5			yes					93	94	-1	-1	95	
93	92	5794ceb25c343bae	4			yes					-1	-1	-1	-1	
94	92	c3edf83e2e2b1f0c	4			yes					-1	-1	-1	-1	
95	92	e85fa8eb7e705885	4			yes					-1	-1	-1	-1	
96	91	59f72d15fd93abd3	5			yes					97	98	-1	-1	99	
97	96	f35260ef3528cad3	4			yes					-1	-1	-1	-1	
98	96	672b56634737ee71	4			yes					-1	-1	-1	-1	
99	96	5c4e4abcdd2945af	4			yes					-1	-1	-1	-1	
100	80	41757f438256384f	3			yes					-1	-1	101	
101	100	a7ee24f76802e8de	6			yes					102	104	106	108	-1	110	
102	101	0d4b690da0b989de	5			yes					-1	-1	-1	-1	103	
103	102	145b076b522fc523	4			yes					-1	-1	-1	-1	
104	101	99325f81d2a6ad7c	5			yes					-1	-1	-1	-1	105	
105	104	802231e72030e181	4			yes					-1	-1	-1	-1	
106	101	ed08b4e937546cbc	5			yes					-1	-1	-1	-1	107	
107	106	f418da8fc5c22041	4			yes					-1	-1	-1	-1	
108	101	05c9643290cdb3ae	5			yes					-1	-1	-1	-1	109	
109	108	1cd90a54625bff53	4			yes					-1	-1	-1	-1	
110	101	befe4a919a94a423	5			yes					-1	-1	-1	-1	-1	
111	80	7a8a77b5bfd6b037	3			yes					-1	-1	-1	
112	1	457962dae115292d	4			yes					113	122	140	142	
113	112	c34002ca7734e2b9	3			yes					114	117	118	
114	113	a2af49ce88b03062	5			yes					-1	115	-1	-1	116	
115	114	11fc48f789f1d5cd	4			yes					-1	-1	-1	-1	
116	114	c81a19b436bdfcb9	4			yes					-1	-1	-1	-1	
117	113	9120e4bb10176b91	4			yes					-1	-1	-1	-1	
118	113	a01155a80b83c71a	5			yes					-1	119	120	-1	121	
119	118	56eae1ff20abc006	4			yes					-1	-1	-1	-1	
120	118	98be5a5ee0325838	4			yes					-1	-1	-1	-1	
121	118	a5a832012b392966	4			yes					-1	-1	-1	-1	
122	112	519d45cc09e9c2e2	3			yes					-1	123	127	
123	122	849fa0f1f69f4eae	5			yes					124	125	-1	-1	126	
124	123	2e3aed0b3e242fae	4			yes					-1	-1	-1	-1	
125	123	ba43db874c3b0b0c	4			yes					-1	-1	-1	-1	
126	123	08b7673d769e0718	4			yes					-1	-1	-1	-1	
127	122	b15f3b6d8e1dd761	6			yes					128	131	133	135	137	139	
128	127	1bfa769746a6b661	5			yes					129	-1	-1	-1	130	
129	128	25260de1fc02f3c3	4			yes					-1	-1	-1	-1	
130	128	02ea18f1b430fa9c	4			yes					-1	-1	-1	-1	
131	127	8f83401b34b992c3	5			yes					-1	-1	-1	-1	132	
132	131	96932e7dc62fde3e	4			yes					-1	-1	-1	-1	
133	127	020c3a548f5c32ce	5			yes					-1	-1	-1	-1	134	
134	133	1b1c54327dca7e33	4			yes					-1	-1	-1	-1	
135	127	948c7ef60db1d292	5			yes					-1	-1	-1	-1	136	
136	135	8d9c1090ff279e6f	4			yes					-1	-1	-1	-1	
137	127	1be91c4802648803	5			yes					-1	-1	-1	-1	138	
138	137	02f9722ef0f2c4fe	4			yes					-1	-1	-1	-1	
139	127	a84f550b7c8b9b9c	5			yes					-1	-1	-1	-1	-1	
140	112	14fc743a42ed65a1	3			yes					-1	-1	141	
141	140	af3beb2fbe54d4f9	5			yes					-1	-1	-1	-1	-1	
142	112	c35851e6dd256cd7	3			yes					-1	-1	-1	
143	1	c91c23415d09b468	4			yes					144	151	162	164	
144	143	4f254351cb287ffc	3			yes					145	148	-1	
145	144	ad7e10cd0b73797f	5			yes					-1	-1	146	147	-1	
146	145	3e13304078f261dc	4			yes					-1	-1	-1	-1	
147	145	622e517d657b4962	4			yes					-1	-1	-1	-1	
148	144	3975248d37ca2eb6	5			yes					-1	149	-1	150	-1	
149	148	cf8e90da1ce229aa	4			yes					-1	-1	-1	-1	
150	148	f625653d59c21eab	4			yes					-1	-1	-1	-1	
151	143	ddf80457b5f55fa7	3			yes					-1	152	161	
152	151	3370ca5144b1211b	6			yes					153	155	-1	157	159	160	
153	152	99d587ab8c0a401b	5			yes					-1	-1	-1	-1	154	
154	153	5f645c006609dc7a	4			yes					-1	-1	-1	-1	
155	152	0dacb127fe1564b9	5			yes					-1	-1	-1	-1	156	
156	155	cb1d6a8c1416f8d8	4			yes					-1	-1	-1	-1	
157	152	bbfdcf5ae567ec85	5			yes					-1	-1	-1	-1	158	
158	157	7d4c14f10f6470e4	4			yes					-1	-1	-1	-1	
159	152	5db55c510b87122c	4			yes					-1	-1	-1	-1	
160	152	f5c111faaeb2bd7a	5			yes					-1	-1	-1	-1	-1	
161	151	67c08936ac5fe1a7	5			yes					-1	-1	-1	-1	-1	
162	143	11de5b2b9f2ed375	3			yes					-1	-1	163	
163	162	679743f5e8409ef2	5			yes					-1	-1	-1	-1	-1	
164	143	4a1f3f6cbcfa4746	3			yes					-1	-1	-1	
165	1	4266491e42190270	5			yes					166	174	195	200	201	
166	165	c45f290ed438c9e4	4			yes					167	169	172	-1	
167	166	730d4501e0cc7aa1	5			yes					-1	-1	-1	-1	168	
168	167	8315944fd0fd8d79	4			yes					-1	-1	-1	-1	
169	166	6d2da52f813859ee	5			yes					-1	170	-1	-1	171	
170	169	9bd61178aa105ef2	4			yes					-1	-1	-1	-1	
171	169	9d357461b109ae36	4			yes					-1	-1	-1	-1	
172	166	ac4357b2e28555ea	5			yes					-1	-1	-1	-1	173	
173	172	5c5b86fcd2b4a232	4			yes					-1	-1	-1	-1	
174	165	56826e08aae5e9bf	4			yes					-1	175	186	192	
175	174	21a95f027c28c8d1	6			yes					176	178	180	181	183	185	
176	175	8b0c12f8b493a9d1	5			yes					-1	-1	-1	-1	177	
177	176	96c2b9d7508592ea	4			yes					-1	-1	-1	-1	
178	175	1f752474c68c8d73	5			yes					-1	-1	-1	-1	179	
179	178	02bb8f5b229ab648	4			yes					-1	-1	-1	-1	
180	175	60e830d4a46633c1	5			yes					-1	-1	-1	-1	-1	
181	175	ad0e87249ba4f733	5			yes					-1	-1	-1	-1	182	
182	181	b0c02c0b7fb2cc08	4			yes					-1	-1	-1	-1	
183	175	44512a53a9cbdb6b	5			yes					-1	-1	-1	-1	184	
184	183	599f817c4ddde050	4			yes					-1	-1	-1	-1	
185	175	3c67f42d983ef3ea	5			yes					-1	-1	-1	-1	-1	
186	174	eb5c55c2ab55243d	3			yes					187	189	-1	
187	186	5b94da7fbf7c0c25	5			yes					-1	-1	-1	-1	188	
188	187	465a71505b6a371e	4			yes					-1	-1	-1	-1	
189	186	91ec7ded86b23ff1	5			yes					190	-1	-1	-1	191	
190	189	3b4930174e095ef1	4			yes					-1	-1	-1	-1	
191	189	61f4aca3b683c829	4			yes					-1	-1	-1	-1	
192	174	e32523b055b6610b	3			yes					-1	193	-1	
193	192	56d7df89a1eef479	5			yes					194	-1	-1	-1	-1	
194	193	fc72927369559579	4			yes					-1	-1	-1	-1	
195	165	9aa43174803e656d	4			yes					-1	-1	196	199	
196	195	277a0abe818ea8ef	3			yes					197	-1	-1	
197	196	5bc310bcfb637370	5			yes					-1	-1	-1	-1	198	
198	197	460dbb931f75484b	4			yes					-1	-1	-1	-1	
199	195	2f037ccc7f6dedd9	3			yes					-1	-1	-1	
200	165	ffb872d443a9cff2	4			yes					-1	-1	-1	-1	
201	165	f7c104a6bd4a8ac4	4			yes					-1	-1	-1	-1	
202	0	fa38aef1a06461e5	5			yes					-1	203	273	300	320	
203	202	0cd4b16c5e1a2c02	5			yes					204	230	243	261	272	
204	203	0474d22a25a78d92	4			yes					205	207	213	219	
205	204	8fc8991f8440be14	5			yes					-1	-1	-1	-1	206	
206	205	f45f8cc665d9a2ac	4			yes					-1	-1	-1	-1	
207	204	ed882244456c7e11	5			yes					208	209	210	211	212	
208	207	4b75bca4ef20085b	4			yes					-1	-1	-1	-1	
209	207	899b138877cd1432	4			yes					-1	-1	-1	-1	
210	207	09e2fae289f224aa	4			yes					-1	-1	-1	-1	
211	207	612ffa62a2e041f3	4			yes					-1	-1	-1	-1	
212	207	aa23afacb3ff7930	4			yes					-1	-1	-1	-1	
213	204	01b6290d340b942c	5			yes					214	215	216	217	218	
214	213	a74bb7ed9e47e266	4			yes					-1	-1	-1	-1	
215	213	65a518c106aafe0f	4			yes					-1	-1	-1	-1	
216	213	be49c74417a1ed9f	4			yes					-1	-1	-1	-1	
217	213	fffd5344dc5e6004	4			yes					-1	-1	-1	-1	
218	213	835a3b2c531291f2	4			yes					-1	-1	-1	-1	
219	204	94dfe4153de5ddfc	6			yes					220	222	224	226	227	229	
220	219	32227af597a9abb6	5			yes					-1	-1	-1	-1	221	
221	220	2b321493653fe74b	4			yes					-1	-1	-1	-1	
222	219	f0ccd5d90f44b7df	5			yes					-1	-1	-1	-1	223	
223	222	e9dcbbbffdd2fb22	4			yes					-1	-1	-1	-1	
224	219	2b200a5c1e4fa44f	5			yes					-1	-1	-1	-1	225	
225	224	3230643aecd9e8b2	4			yes					-1	-1	-1	-1	
226	219	2faba3195b19f58d	5			yes					-1	-1	-1	-1	-1	
227	219	df75680f2f2d0156	5			yes					-1	-1	-1	-1	228	
228	227	c6650669ddbb4dab	4			yes					-1	-1	-1	-1	
229	219	8dcf8a73cf739101	5			yes					-1	-1	-1	-1	-1	
230	203	eb9d13da841a4ef5	4			yes					-1	231	234	238	
231	230	85a03aa5a063ae36	5			yes					232	-1	-1	-1	233	
232	231	5216c7345fd9abac	4			yes					-1	-1	-1	-1	
233	231	212b6bf822a018af	4			yes					-1	-1	-1	-1	
234	230	5643281085aa8377	3			yes					235	236	237	
235	234	c029ab3258d098ba	5			yes					-1	-1	-1	-1	-1	
236	234	7f116ebfdb61e773	4			yes					-1	-1	-1	-1	
237	234	91dc6c0996a076b6	5			yes					-1	-1	-1	-1	-1	
238	230	6dbc20e6b82a0b0f	3			yes					239	241	-1	
239	238	6d25b152bd7723a1	5			yes					-1	-1	-1	-1	240	
240	239	7435df344fe16f5c	4			yes					-1	-1	-1	-1	
241	238	b86843907308f146	5			yes					-1	-1	-1	-1	242	
242	241	a1782df6819ebdbb	4			yes					-1	-1	-1	-1	
243	203	d416c9069c3d4b1f	4			yes					-1	-1	244	250	
244	243	4ec6c286a5106c0b	5			yes					245	246	247	248	249	
245	244	99703f175aaa6991	4			yes					-1	-1	-1	-1	
246	244	0aeced5ca8665823	4			yes					-1	-1	-1	-1	
247	244	04205298fa46e869	4			yes					-1	-1	-1	-1	
248	244	5b965074ca83b00e	4			yes					-1	-1	-1	-1	
249	244	cc2ad0a7c20969d5	4			yes					-1	-1	-1	-1	
250	243	89bfefa90d797a3e	6			yes					251	253	257	-1	259	260	
251	250	5e091238f2c37fa4	5			yes					-1	-1	-1	-1	252	
252	251	47197c5e00553359	4			yes					-1	-1	-1	-1	
253	250	cd95c073000f4e16	5			yes					254	255	-1	-1	256	
254	253	1a233de2ffb54b8c	4			yes					-1	-1	-1	-1	
255	253	8773506d5f59ca74	4			yes					-1	-1	-1	-1	
256	253	d485ae15f29902eb	4			yes					-1	-1	-1	-1	
257	250	c3597fb7522ffe5c	5			yes					-1	-1	-1	-1	258	
258	257	da4911d1a0b9b2a1	4			yes					-1	-1	-1	-1	
259	250	c140a2aba744c8db	5			yes					-1	-1	-1	-1	-1	
260	250	90af81cfffef36c3	5			yes					-1	-1	-1	-1	-1	
261	203	b10a8aa65faae180	4			yes					-1	-1	-1	262	
262	261	a00bc030e8d1fdce	6			yes					263	265	267	269	-1	271	
263	262	77bd3da1176bf854	5			yes					-1	-1	-1	-1	264	
264	263	6ead53c7e5fdb4a9	4			yes					-1	-1	-1	-1	
265	262	e421efeae5a7c9e6	5			yes					-1	-1	-1	-1	266	
266	265	fd31818c1731851b	4			yes					-1	-1	-1	-1	
267	262	eaed502eb78779ac	5			yes					-1	-1	-1	-1	268	
268	267	f3fd3e4845113551	4			yes					-1	-1	-1	-1	
269	262	022c80f5101ea6be	5			yes					-1	-1	-1	-1	270	
270	269	1b3cee93e288ea43	4			yes					-1	-1	-1	-1	
271	262	b91bae561a47b133	5			yes					-1	-1	-1	-1	-1	
272	203	8af58250622a69f8	4			yes					-1	-1	-1	-1	
273	202	2b2d2526b5b85d19	4			yes					274	291	297	299	
274	273	238d4660ce05fc89	3			yes					275	277	279	
275	274	4dd14acb6ed91718	5			yes					-1	-1	-1	-1	276	
276	275	27641ab1d0d4dbc3	4			yes					-1	-1	-1	-1	
277	274	24c3677b2589b49a	5			yes					-1	-1	-1	-1	278	
278	277	a8eba0b7a588fd2c	4			yes					-1	-1	-1	-1	
279	274	79d464a87042ea1e	6			yes					280	282	284	286	287	288	
280	279	df29fa48da0e9c54	5			yes					-1	-1	-1	-1	281	
281	280	c639942e2898d0a9	4			yes					-1	-1	-1	-1	
282	279	02f4f087aa6c1b7f	5			yes					-1	-1	-1	-1	283	
283	282	1be49ee158fa5782	4			yes					-1	-1	-1	-1	
284	279	4ba806178d219147	5			yes					-1	-1	-1	-1	285	
285	284	52b868717fb7ddba	4			yes					-1	-1	-1	-1	
286	279	5c072133f3eeefed	5			yes					-1	-1	-1	-1	-1	
287	279	d362438dfc3bb57c	5			yes					-1	-1	-1	-1	-1	
288	279	60c40ace82d4a6e3	5			yes					-1	-1	-1	-1	290	
289	288	45174f550178a310	4			no					-1	-2	-2	-2	
290	288	ca722deb0eadf981	4			yes					-1	-1	-1	-1	
291	273	df04469ae475a8e6	3			yes					-1	292	293	
292	291	bd0f3e2f03a57c22	4			yes					-1	-1	-1	-1	
293	291	8c3e8f3c1831d0a9	5			yes					294	-1	295	-1	296	
294	293	5b8872ade78bd533	4			yes					-1	-1	-1	-1	
295	293	b49180caf3804f8b	4			yes					-1	-1	-1	-1	
296	293	8987e895388b3ed5	4			yes					-1	-1	-1	-1	
297	273	7aa833c616401195	3			yes					-1	-1	298	
298	297	a8de0fe83e87c1e9	5			yes					-1	-1	-1	-1	-1	
299	273	ad0c161a898818e3	3			yes					-1	-1	-1	
300	202	a74864bd09a4c05c	4			yes					301	313	317	319	
301	300	afe807fb721961cc	3			yes					302	304	312	
302	301	6f8134190056f669	5			yes					-1	-1	-1	303	-1	
303	302	a0d175a96e5ec674	4			yes					-1	-1	-1	-1	
304	301	932c0ddb97a7db2f	6			yes					305	306	307	308	309	310	
305	304	35d1933b3debad65	5			yes					-1	-1	-1	-1	-1	
306	304	e80c99f44d892a4e	5			yes					-1	-1	-1	-1	-1	
307	304	3b9599c49e827982	5			yes					-1	-1	-1	-1	-1	
308	304	1ba108d0367116b1	5			yes					-1	-1	-1	-1	-1	
309	304	fde99bdbd891e818	4			yes					-1	-1	-1	-1	
310	304	559dd6707da4474e	5			yes					-1	-1	-1	-1	-1	
311	310	dd10d37bdc728ad0	4			no					-1	-2	-2	-2	
312	301	5b56f7c08c928e34	5			yes					-1	-1	-1	-1	-1	
313	300	53610701586935a3	3			yes					-1	314	-1	
314	313	155afe1924783905	5			yes					315	-1	-1	316	-1	
315	314	c2ec0388dbc23c9f	4			yes					-1	-1	-1	-1	
316	314	da0abfa94a700918	4			yes					-1	-1	-1	-1	
317	300	7f8a1cd7cb83a741	3			yes					-1	-1	318	
318	317	6072a73268938be2	5			yes					-1	-1	-1	-1	-1	
319	300	244b7890e8573372	3			yes					-1	-1	-1	
320	202	2c320ee216b47644	5			yes					321	341	347	352	353	
321	320	24926da46d09d7d4	4			yes					322	324	335	339	
322	321	abb289037491cf13	5			yes					-1	-1	-1	-1	323	
323	322	5baa584d44a038cb	4			yes					-1	-1	-1	-1	
324	321	81f59888af3e32e5	6			yes					325	327	329	331	333	334	
325	324	27080668057244af	5			yes					-1	-1	-1	-1	326	
326	325	3ac6ad47e1647f94	4			yes					-1	-1	-1	-1	
327	324	fad50ca77510c384	5			yes					-1	-1	-1	-1	328	
328	327	e71ba7889106f8bf	4			yes					-1	-1	-1	-1	
329	324	294c0c97a61b9048	5			yes					-1	-1	-1	-1	330	
330	329	3482a7b8420dab73	4			yes					-1	-1	-1	-1	
331	324	0d5240ae48b20d07	5			yes					-1	-1	-1	-1	332	
332	331	109ceb81aca4363c	4			yes					-1	-1	-1	-1	
333	324	e40dedd97add215f	5			yes					-1	-1	-1	-1	-1	
334	324	9c3b33a74b2809de	5			yes					-1	-1	-1	-1	-1	
335	321	994c566e6cb91a56	3			yes					336	337	-1	
336	335	f45ab90297698d68	5			yes					-1	-1	-1	-1	-1	
337	335	31b0ba6755a4c5c5	5			yes					-1	-1	-1	-1	338	
338	337	c1a86b296595321d	4			yes					-1	-1	-1	-1	
339	321	9135201c925a5f60	3			yes					-1	340	-1	
340	339	f68b180372f80e4d	5			yes					-1	-1	-1	-1	-1	
341	320	d81b6d5e477983bb	4			yes					-1	342	345	-1	
342	341	41027fbb928a4e5d	5			yes					343	-1	-1	-1	344	
343	342	96b4822a6d304bc7	4			yes					-1	-1	-1	-1	
344	342	b11aaef5a2bbb985	4			yes					-1	-1	-1	-1	
345	341	806c8d26f1374259	5			yes					-1	-1	-1	-1	346	
346	345	70745c68c106b581	4			yes					-1	-1	-1	-1	
347	320	f4f07688d4931159	4			yes					-1	-1	348	351	
348	347	492e4d42d523dcdb	3			yes					-1	349	-1	
349	348	77ecca28e8d164c3	5			yes					-1	-1	-1	-1	350	
350	349	6a2261070cc75ff8	4			yes					-1	-1	-1	-1	
351	347	41573b302bc099ed	3			yes					-1	-1	-1	
352	320	91ec35281704bbc6	4			yes					-1	-1	-1	-1	
353	320	9995435ae9e7fef0	4			yes					-1	-1	-1	-1	
354	0	f1f5bb6e45c1d8c5	5			yes					-1	-1	355	419	438	
355	354	2018fb974bae16f7	5			yes					356	380	400	407	418	
356	355	28b898d13013b767	4			yes					357	364	366	371	
357	356	386973319253034d	5			yes					358	359	361	362	363	
358	357	d954d9ae682328e6	4			yes					-1	-1	-1	-1	
359	357	3acdffc6d63b49bf	4			yes					-1	360	-1	-1	
360	359	0262f0303d8ad69d	3			yes					-1	-1	-1	
361	357	00c67cc779e29c6f	4			yes					-1	-1	-1	-1	
362	357	61ec7a3e92829c12	4			yes					-1	-1	-1	-1	
363	357	82b3209155786124	4			yes					-1	-1	-1	-1	
364	356	10519e6dc5cc9e76	5			yes					-1	-1	-1	-1	365	
365	364	da0c5a5aac6a7637	4			yes					-1	-1	-1	-1	
366	356	6b31b2774cf55689	5			yes					-1	367	368	369	370	
367	366	8e5f83eb8e9fa04a	4			yes					-1	-1	-1	-1	
368	366	ad1d1ac8c6317495	4			yes					-1	-1	-1	-1	
369	366	07a1421717841753	4			yes					-1	-1	-1	-1	
370	366	e9dda0562bec5357	4			yes					-1	-1	-1	-1	
371	356	13385cee8dde04e1	6			yes					372	373	375	377	378	379	
372	371	b53795fbb5edc2b3	5			yes					-1	-1	-1	-1	-1	
373	371	f6566d724fb4f222	5			yes					-1	-1	-1	-1	374	
374	373	ef460314bd22bedf	4			yes					-1	-1	-1	-1	
375	371	d514f451071a26fd	5			yes					-1	-1	-1	-1	376	
376	375	cc049a37f58c6a00	4			yes					-1	-1	-1	-1	
377	371	36eb19750e720112	5			yes					-1	-1	-1	-1	-1	
378	371	b98e7bcb01a75b83	5			yes					-1	-1	-1	-1	-1	
379	371	0a2832887f48481c	5			yes					-1	-1	-1	-1	-1	
380	355	66e1be0045b670b5	4			yes					-1	381	384	390	
381	380	eba424782b1532f9	5			yes					382	-1	-1	-1	383	
382	381	3c12d9e9d4af3763	4			yes					-1	-1	-1	-1	
383	381	21f9e04f42b3dab8	4			yes					-1	-1	-1	-1	
384	380	63743f2860c16144	5			yes					385	386	387	388	389	
385	384	b4c2c2b99f7b64de	4			yes					-1	-1	-1	-1	
386	384	ffe6b76f49166382	4			yes					-1	-1	-1	-1	
387	384	a5589797ea054358	4			yes					-1	-1	-1	-1	
388	384	0fe4cf483bb0209e	4			yes					-1	-1	-1	-1	
389	384	e1982d0907d8649a	4			yes					-1	-1	-1	-1	
390	380	1b7dd1b1a1ea332c	6			yes					391	393	395	397	398	399	
391	390	cccb2c205e5036b6	5			yes					-1	-1	-1	-1	392	
392	391	d5db4246acc67a4b	4			yes					-1	-1	-1	-1	
393	390	87ef59f6883d31ea	5			yes					-1	-1	-1	-1	394	
394	393	9eff37907aab7d17	4			yes					-1	-1	-1	-1	
395	390	dd51790e2b2e1130	5			yes					-1	-1	-1	-1	396	
396	395	c4411768d9b85dcd	4			yes					-1	-1	-1	-1	
397	390	3eae942a224636df	5			yes					-1	-1	-1	-1	-1	
398	390	b1cbf6942d936c4e	5			yes					-1	-1	-1	-1	-1	
399	390	026dbfd7537c7fd1	5			yes					-1	-1	-1	-1	-1	
400	355	75a62e2748254faa	4			yes					-1	-1	401	404	
401	400	c87815ed49958228	3			yes					402	403	-1	
402	401	a3fcc18295b47c33	4			yes					-1	-1	-1	-1	
403	401	58097b977b6dd0bc	4			yes					-1	-1	-1	-1	
404	400	f3871d1b74150a50	3			yes					405	406	-1	
405	404	3d1ae36a6279505f	5			yes					-1	-1	-1	-1	-1	
406	404	c6ef597f8ca0fcd0	5			yes					-1	-1	-1	-1	-1	
407	355	9dc6c05d4a1edb75	4			yes					-1	-1	-1	408	
408	407	4075dbaf4c7d4816	6			yes					409	411	413	415	-1	417	
409	408	97c3263eb3c74d8c	5			yes					-1	-1	-1	-1	410	
410	409	8ed3485841510171	4			yes					-1	-1	-1	-1	
411	408	7ea9a0d9f6d90db4	5			yes					-1	-1	-1	-1	412	
412	411	67b9cebf044f4149	4			yes					-1	-1	-1	-1	
413	408	0a934bb1132bcc74	5			yes					-1	-1	-1	-1	414	
414	413	138325d7e1bd8089	4			yes					-1	-1	-1	-1	
415	408	78dad459a7ccd734	5			yes					-1	-1	-1	-1	416	
416	415	61caba3f555a9bc9	4			yes					-1	-1	-1	-1	
417	408	5965b5c9beeb04eb	5			yes					-1	-1	-1	-1	-1	
418	355	a639c8ab779e530d	4			yes					-1	-1	-1	-1	
419	354	8c371693bc1182dd	4			yes					420	432	436	437	
420	419	849775d5c7ac234d	3			yes					421	429	431	
421	420	a4f38ed756b13166	6			yes					-1	422	423	425	427	428	
422	421	a657022012d97b94	5			yes					-1	-1	-1	-1	-1	
423	421	06d4ce12ae7e6a16	5			yes					-1	-1	-1	-1	424	
424	423	c06515b9447df677	4			yes					-1	-1	-1	-1	
425	421	2f7bf0ad09e1091e	5			yes					-1	-1	-1	-1	-1	
426	425	e9ca2b06e3e2957f	4			yes					-1	-1	-1	-1	
427	421	ca3618d719870251	4			yes					-1	-1	-1	-1	
428	421	6242557cbcb2ad07	5			yes					-1	-1	-1	-1	-1	
429	420	28849868489d6992	5			yes					-1	-1	-1	430	-1	
430	429	e7d4d9d82695598f	4			yes					-1	-1	-1	-1	
431	420	12903f55ef42dc43	5			yes					-1	-1	-1	-1	-1	
432	419	cace5304b209e49f	3			yes					-1	433	435	
433	432	d371227da644c51d	5			yes					-1	-1	-1	434	-1	
434	433	1c2163cdc84cf500	4			yes					-1	-1	-1	-1	
435	432	1ad5b20ac376eb8e	5			yes					-1	-1	-1	-1	-1	
436	419	cd5a3afc945634fc	3			yes					-1	-1	-1	
437	419	0f340abe5de271f3	3			yes					-1	-1	-1	
438	354	074d7ccca30134c5	5			yes					439	458	464	466	467	
439	438	0fed1f8ad8bc9555	4			yes					440	450	452	456	
440	439	7a25d14401ae609b	6			yes					-1	441	443	445	447	449	
441	440	78815db345c62a69	5			yes					-1	-1	-1	-1	442	
442	441	654ff69ca1d01152	4			yes					-1	-1	-1	-1	
443	440	d8029181f9613beb	5			yes					-1	-1	-1	-1	444	
444	443	c5cc3aae1d7700d0	4			yes					-1	-1	-1	-1	
445	440	23a0d84b017fffc4	5			yes					-1	-1	-1	-1	446	
446	445	3e6e7364e569c4ff	4			yes					-1	-1	-1	-1	
447	440	05f5c48da2109e4d	5			yes					-1	-1	-1	-1	448	
448	447	183b6fa24606a576	4			yes					-1	-1	-1	-1	
449	440	67eb7a6be5b85ba0	5			yes					-1	-1	-1	-1	-1	
450	439	e4fe135427b7ddda	5			yes					-1	-1	-1	-1	451	
451	450	14e6c21a17862a02	4			yes					-1	-1	-1	-1	
452	439	b2332440d90c58d7	3			yes					453	455	-1	
453	452	8b5845229cc41da8	5			yes					-1	-1	-1	-1	454	
454	453	7b40946cacf5ea70	4			yes					-1	-1	-1	-1	
455	452	ab016515a604ff83	5			yes					-1	-1	-1	-1	-1	
456	439	ba4a523227ef1de1	3			yes					457	-1	-1	
457	456	1d82080b66bc4b0a	5			yes					-1	-1	-1	-1	-1	
458	438	41b4395bad195287	4			yes					-1	459	461	463	
459	458	1f0ba941c96e7155	5			yes					-1	-1	-1	-1	460	
460	459	ef13780ff95f868d	4			yes					-1	-1	-1	-1	
461	458	fc6a0291aca99f05	3			yes					-1	462	-1	
462	461	50f4df0048dd530c	5			yes					-1	-1	-1	-1	-1	
463	458	f41374e3524ada33	3			yes					-1	-1	-1	
464	438	462050a38b4682e4	4			yes					-1	-1	465	-1	
465	464	b23ed05730ea99eb	5			yes					-1	-1	-1	-1	-1	
466	438	ba934706a2b1f947	4			yes					-1	-1	-1	-1	
467	438	b2ea31745c52bc71	4			yes					-1	-1	-1	-1	
468	0	11884b27b156fb8e	5			yes					-1	-1	-1	469	522	
469	468	e35ef1dbc1415228	5			yes					470	494	511	519	521	
470	469	ebfe929dbafcf3b8	4			yes					471	479	486	489	
471	470	2b6a28d89f887950	6			yes					-1	472	473	475	477	478	
472	471	3cdf4d1301a7bfc6	5			yes					-1	-1	-1	-1	-1	
473	471	13c5272e7439e672	5			yes					-1	-1	-1	-1	474	
474	473	d574fc859e3a7a13	4			yes					-1	-1	-1	-1	
475	471	a0e256a2c0d84128	5			yes					-1	-1	-1	-1	476	
476	475	66538d092adbdd49	4			yes					-1	-1	-1	-1	
477	471	45afbed8d0be4a67	4			yes					-1	-1	-1	-1	
478	471	eddbf373758be531	5			yes					-1	-1	-1	-1	-1	
479	470	7ffa9f7434343c10	6			yes					-1	480	481	482	484	485	
480	479	1ed3077d27e6b997	5			yes					-1	-1	-1	-1	-1	
481	479	226bb9663b87489a	5			yes					-1	-1	-1	-1	-1	
482	479	f472e10e6b640468	5			yes					-1	-1	-1	-1	483	
483	482	32c33aa581679809	4			yes					-1	-1	-1	-1	
484	479	113f09747b020f27	4			yes					-1	-1	-1	-1	
485	479	b94b44dfde37a071	5			yes					-1	-1	-1	-1	-1	
486	470	5b1bcc799e2d3ac7	3			yes					487	488	-1	
487	486	48204d48c9677831	5			yes					-1	-1	-1	-1	-1	
488	486	15581217196b1076	5			yes					-1	-1	-1	-1	-1	
489	470	05f38b9120b2d266	6			yes					-1	-1	490	491	492	493	
490	489	8a8b464cf26af6ff	5			yes					-1	-1	-1	-1	-1	
491	489	ee077f3d3563d412	5			yes					-1	-1	-1	-1	-1	
492	489	d811dd9a51cae2a1	5			yes					-1	-1	-1	-1	-1	
493	489	76500e91cad4fe80	5			yes					-1	-1	-1	-1	-1	
494	469	a5a7b44ccf59346a	4			yes					-1	495	503	505	
495	494	840f2561daed909f	6			yes					496	-1	498	499	501	502	
496	495	53b9d8f025579505	5			yes					-1	-1	-1	-1	-1	
497	496	9508035bcf540964	4			yes					-1	-1	-1	-1	
498	495	d99e0373d55ee415	5			yes					-1	-1	-1	-1	-1	
499	495	0f875b1b85bda8e7	5			yes					-1	-1	-1	-1	500	
500	499	c93680b06fbe3486	4			yes					-1	-1	-1	-1	
501	495	eacab36195dba3a8	4			yes					-1	-1	-1	-1	
502	495	42befeca30ee0cfe	5			yes					-1	-1	-1	-1	-1	
503	494	1542eaa8eb88fd15	3			yes					-1	504	-1	
504	503	eeada802f7b2bcf9	5			yes					-1	-1	-1	-1	-1	
505	494	72db25163f5e7613	6			yes					506	-1	507	508	509	510	
506	505	a56dd887c0e47389	5			yes					-1	-1	-1	-1	-1	
507	505	e1783265ad2855f6	5			yes					-1	-1	-1	-1	-1	
508	505	992fd1ba2a8f7067	5			yes					-1	-1	-1	-1	-1	
509	505	af39731d4e2646d4	5			yes					-1	-1	-1	-1	-1	
510	505	0178a016d5385af5	5			yes					-1	-1	-1	-1	-1	
511	469	f7bad6cd29bdb9e7	4			yes					-1	-1	512	513	
512	511	475f88290d6c7098	3			yes					-1	-1	-1	
513	511	1f8ca079ca90bfc2	6			yes					514	515	-1	516	517	518	
514	513	c83a5de8352aba58	5			yes					-1	-1	-1	-1	-1	
515	513	2150db0f7034fa60	5			yes					-1	-1	-1	-1	-1	
516	513	f47854d5df41b9b6	5			yes					-1	-1	-1	-1	-1	
517	513	c26ef672bbe88f05	5			yes					-1	-1	-1	-1	-1	
518	513	6c2f257920f69324	5			yes					-1	-1	-1	-1	-1	
519	469	53bbaf3fe5909b57	4			yes					-1	-1	-1	520	
520	519	5abd01c79d592c1d	3			yes					-1	-1	-1	
521	469	ea585f23b988e562	4			yes					-1	-1	-1	-1	
522	468	be9f5a9fc1f2e825	5			yes					523	548	562	565	566	
523	522	b63f39d9ba4f49b5	4			yes					524	534	544	545	
524	523	f5bc774bc89728ad	6			yes					-1	525	527	529	531	533	
525	524	e209128056b8ee3b	5			yes					-1	-1	-1	-1	526	
526	525	ffc7b9afb2aed500	4			yes					-1	-1	-1	-1	
527	524	cd1378bd2326b78f	5			yes					-1	-1	-1	-1	528	
528	527	d0ddd392c7308cb4	4			yes					-1	-1	-1	-1	
529	524	ac397e44c846b7f2	5			yes					-1	-1	-1	-1	530	
530	529	b1f7d56b2c508cc9	4			yes					-1	-1	-1	-1	
531	524	8a6c62826b29d67b	5			yes					-1	-1	-1	-1	532	
532	531	97a2c9ad8f3fed40	4			yes					-1	-1	-1	-1	
533	524	e872dc642c811396	5			yes					-1	-1	-1	-1	-1	
534	523	a12cc0e7632b6ded	6			yes					-1	535	537	539	541	543	
535	534	c00558ee70f9e86a	5			yes					-1	-1	-1	-1	536	
536	535	ddcbf3c194efd351	4			yes					-1	-1	-1	-1	
537	534	fcbde6f56c981967	5			yes					-1	-1	-1	-1	538	
538	537	e1734dda888e225c	4			yes					-1	-1	-1	-1	
539	534	f8a9c9e863faf2b2	5			yes					-1	-1	-1	-1	540	
540	539	e56762c787ecc989	4			yes					-1	-1	-1	-1	
541	534	defcd52ec095933b	5			yes					-1	-1	-1	-1	542	
542	541	c3327e012483a800	4			yes					-1	-1	-1	-1	
543	534	bce26bc8873d56d6	5			yes					-1	-1	-1	-1	-1	
544	523	5be6bce04c46abb8	5			yes					-1	-1	-1	-1	-1	
545	523	03987461451cc101	3			yes					546	547	-1	
546	545	921bae04af85033c	5			yes					-1	-1	-1	-1	-1	
547	545	c68b19a80439467c	5			yes					-1	-1	-1	-1	-1	
548	522	f8661f08cfea8e67	4			yes					-1	549	559	560	
549	548	5ad97af28df2c162	6			yes					550	-1	552	554	556	558	
550	549	8d6f87637248c4f8	5			yes					-1	-1	-1	-1	551	
551	550	90a12c4c965effc3	4			yes					-1	-1	-1	-1	
552	549	07485ce08241b5e8	5			yes					-1	-1	-1	-1	553	
553	552	1a86f7cf66578ed3	4			yes					-1	-1	-1	-1	
554	549	035c73fd8d235e3d	5			yes					-1	-1	-1	-1	555	
555	554	1e92d8d269356506	4			yes					-1	-1	-1	-1	
556	549	25096f3b2e4c3fb4	5			yes					-1	-1	-1	-1	557	
557	556	38c7c414ca5a048f	4			yes					-1	-1	-1	-1	
558	549	4717d1dd69e4fa59	5			yes					-1	-1	-1	-1	-1	
559	548	e83752cbac367594	5			yes					-1	-1	-1	-1	-1	
560	548	4dc152b030b906d3	3			yes					-1	561	-1	
561	560	3d7ea3bdeae0eaf3	5			yes					-1	-1	-1	-1	-1	
562	522	aa7b7d89290e03ea	4			yes					-1	-1	563	564	
563	562	ecffcd86b1b35b6b	5			yes					-1	-1	-1	-1	-1	
564	562	1fdc3031d65d8b5e	3			yes					-1	-1	-1	
565	522	ef1a4c7f620aa4a9	4			yes					-1	-1	-1	-1	
566	522	0b3817273ea16091	4			yes					-1	-1	-1	-1	
567	0	10e9f0ccddef8c97	5			yes					-1	-1	-1	-1	568	
568	567	a8fb0b5111593f72	6			yes					569	588	600	607	610	612	
569	568	a05b68176ae49ee2	5			yes					570	577	582	585	587	
570	569	e6a22d8064fcf8a0	4			yes					571	573	-1	575	
571	570	b745d95f80d551ed	6			yes					-1	-1	-1	-1	-1	572	
572	571	aa8b727064c36ad6	5			yes					-1	-1	-1	-1	-1	
573	570	d3bb3267134f4d14	6			yes					-1	-1	-1	-1	-1	574	
574	573	ce759948f759762f	5			yes					-1	-1	-1	-1	-1	
575	570	d9e662f29a070113	6			yes					-1	-1	-1	-1	-1	576	
576	575	7324a23710242e5c	5			yes					-1	-1	-1	-1	-1	
577	569	b4bf4f018218752d	4			yes					-1	578	-1	580	
578	577	f040752ec81ece16	6			yes					-1	-1	-1	-1	-1	579	
579	578	ed8ede012c08f52d	5			yes					-1	-1	-1	-1	-1	
580	577	e4d281db7fec4066	6			yes					-1	-1	-1	-1	-1	581	
581	580	4e10411ef5cf6f29	5			yes					-1	-1	-1	-1	-1	
582	569	7899107da8c3f9ff	4			yes					-1	-1	-1	583	
583	582	207f02ebab37f898	6			yes					-1	-1	-1	-1	-1	584	
584	583	3617230d8a698419	5			yes					-1	-1	-1	-1	-1	
585	569	a48e36a3d6388c02	4			yes					-1	-1	-1	586	
586	585	8adf1aeb24c3ea90	3			yes					-1	-1	-1	
587	569	8e0a445f981ff870	4			yes					-1	-1	-1	-1	
588	568	ee024ec61f415930	5			yes					-1	589	594	597	599	
589	588	fae669d0f7bdb2ff	4			yes					-1	590	-1	592	
590	589	0bb5cf3b26c76299	6			yes					-1	-1	-1	-1	-1	591	
591	590	167b6414c2d159a2	5			yes					-1	-1	-1	-1	-1	
592	589	1f273bce9135ece9	6			yes					-1	-1	-1	-1	-1	593	
593	592	b5e5fb0b1b16c3a6	5			yes					-1	-1	-1	-1	-1	
594	588	36c036acdd663e2d	4			yes					-1	-1	-1	595	
595	594	22afe06e78c4d76f	6			yes					-1	-1	-1	-1	-1	596	
596	595	886d20abf2e7f820	5			yes					-1	-1	-1	-1	-1	
597	588	ead71072a39d4bd0	4			yes					-1	-1	-1	598	
598	597	c4863c3a51662d42	3			yes					-1	-1	-1	
599	588	c053628eedba3fa2	4			yes					-1	-1	-1	-1	
600	568	bc1f2c47f9a5d4bd	5			yes					-1	-1	601	604	606	
601	600	64dd542d3b82b3a0	4			yes					-1	-1	-1	602	
602	601	26677f236541f990	6			yes					-1	-1	-1	-1	-1	603	
603	602	8ca5bfe6ef62d6df	5			yes					-1	-1	-1	-1	-1	
604	600	b8ca72f34579c65d	4			yes					-1	-1	-1	605	
605	604	969b5ebbb782a0cf	3			yes					-1	-1	-1	
606	600	924e000f0b5eb22f	4			yes					-1	-1	-1	-1	
607	568	7039733bd37e586f	5			yes					-1	-1	-1	608	609	
608	607	74ec2d8f6fa24a8f	4			yes					-1	-1	-1	-1	
609	607	5e685f7321853efd	4			yes					-1	-1	-1	-1	
610	568	ac2e55e5ad852d92	5			yes					-1	-1	-1	-1	611	
611	610	827f79ad5f7e4b00	4			yes					-1	-1	-1	-1	
612	568	86aa2719e3a259e0	5			yes					-1	-1	-1	-1	-1	
613	0	597624ae261c3bfe	5			yes					-1	-1	-1	-1	-1	
