Number of nodes
130
ID	PID	Hash_Value			File_Number	Fully_Enumerated	Children
0	-1	e9144dfb35a00115	6			no					1	-2	-2	-2	-2	-2	
1	0	1e94dd65a93632ee	5			no					81	-2	-2	-2	-2	
2	1	567a910bf02c525a	4			yes					3	15	43	66	
3	2	f18e8e91b62e9afa	4			yes					4	5	9	12	
4	3	967d2e0d65dc8e07	3			yes					-1	-1	-1	
5	3	fdef3ac35076c910	4			yes					6	7	8	-1	
6	5	baa824e76a880af4	3			yes					-1	-1	-1	
7	5	51f05b7e5392f7b9	3			yes					-1	-1	-1	
8	5	fbb8cd1af9bce363	5			yes					-1	-1	-1	-1	-1	
9	3	8e9fea66d9b1ce26	4			yes					10	-1	-1	11	
10	9	c9d8f442e34f0dc2	3			yes					-1	-1	-1	
11	9	93ec581bfe7ee742	3			yes					-1	-1	-1	
12	3	d0601968c4b564a5	4			yes					13	-1	-1	14	
13	12	9727074cfe4ba741	3			yes					-1	-1	-1	
14	12	fdeafe40f36ae928	3			yes					-1	-1	-1	
15	2	82ebc972b44923d4	4			yes					16	22	28	35	
16	15	cd627e8fbeec0926	3			yes					17	18	19	
17	16	6ec8e02869ce00a9	3			yes					-1	-1	-1	
18	16	94597cd3b4ebf2d1	3			yes					-1	-1	-1	
19	16	923eff81f7dfb2c5	4			yes					-1	20	-1	21	
20	19	382f160e1d8f6470	3			yes					-1	-1	-1	
21	19	bfb418a9c0003f48	3			yes					-1	-1	-1	
22	15	b054b833026f813f	4			yes					23	25	26	27	
23	22	7decbc9f60d1c914	3			yes					-1	-1	24	
24	23	a11ca03b3b9c57d2	4			yes					-1	-1	-1	-1	
25	22	4b7504dba9ea0db7	3			yes					-1	-1	-1	
26	22	8b196192d32b822c	5			yes					-1	-1	-1	-1	-1	
27	22	635d257d5f438200	5			yes					-1	-1	-1	-1	-1	
28	15	f5fdcca83d63ca32	5			yes					29	31	33	-1	34	
29	28	3845c8045fdd8219	4			yes					-1	-1	-1	30	
30	29	7792fc424629d979	3			yes					-1	-1	-1	
31	28	b4b450e5d6924d60	4			yes					-1	-1	-1	32	
32	31	fb6364a3cf661600	3			yes					-1	-1	-1	
33	28	5860afbfc82cd8ea	5			yes					-1	-1	-1	-1	-1	
34	28	ba2af8ee24979152	4			yes					-1	-1	-1	-1	
35	15	4c3b032f76bf9b19	3			yes					-1	36	40	
36	35	96c59ab05ca00ddd	4			yes					37	-1	39	-1	
37	36	3fe7d5c5a9655de5	5			yes					-1	-1	-1	-1	38	
38	37	2aa5c55e36fffc6e	4			yes					-1	-1	-1	-1	
39	36	af67c1013ec116e4	5			yes					-1	-1	-1	-1	-1	
40	35	a6f21857bff847aa	5			yes					-1	-1	41	-1	42	
41	40	73fd006fb6825b06	5			yes					-1	-1	-1	-1	-1	
42	40	75e166f9d7eb85f6	4			yes					-1	-1	-1	-1	
43	2	68ce49f253e952b9	4			yes					44	52	56	62	
44	43	2747fe0f594c784b	3			yes					45	48	51	
45	44	3408d8f1ea6fa0ad	4			yes					-1	46	-1	47	
46	45	6682db6294a8bba0	4			yes					-1	-1	-1	-1	
47	45	d000eb4946d7bd5c	3			yes					-1	-1	-1	
48	44	8aee1898a22f63e3	4			yes					-1	49	-1	50	
49	48	8298bd9d1f7f728a	3			yes					-1	-1	-1	
50	48	29b9d11f0c3d1cea	3			yes					-1	-1	-1	
51	44	5fc72f24660cfb67	3			yes					-1	-1	-1	
52	43	6bc822427677831c	4			yes					53	-1	54	55	
53	52	a67026ee14c9cb37	3			yes					-1	-1	-1	
54	52	6a17157dcecb7b0f	3			yes					-1	-1	-1	
55	52	a1f5bbbabf370f6c	5			yes					-1	-1	-1	-1	-1	
56	43	8d01f57ad9af95fb	3			yes					-1	57	60	
57	56	488eeff43167905f	4			yes					58	-1	-1	59	
58	57	3c43182c640bfc69	5			yes					-1	-1	-1	-1	-1	
59	57	586ca266a06138c5	5			yes					-1	-1	-1	-1	-1	
60	56	73e3b688bedc9e99	5			yes					-1	-1	-1	-1	61	
61	60	84194077320955c3	4			yes					-1	-1	-1	-1	
62	43	674a1326f8ce8446	5			yes					63	64	65	-1	-1	
63	62	aaf2178a9a70cc6d	4			yes					-1	-1	-1	-1	
64	62	26038f6b133f0314	4			yes					-1	-1	-1	-1	
65	62	77bf2a1d40cacda5	4			yes					-1	-1	-1	-1	
66	2	8251c9c1515f5e3d	5			yes					67	78	100	116	117	
67	66	cdd87e3c5bfa74cf	4			yes					68	69	73	75	
68	67	40d9af30b3a6c3c0	4			yes					-1	-1	-1	-1	
69	67	54cbc461f1127427	4			yes					-1	-1	70	72	
70	69	8b1b3b6646fb50f4	3			yes					-1	-1	71	
71	70	ef71dd03c44195f8	2			yes					-1	-1	
72	69	30a1220473a8b12b	3			yes					-1	-1	-1	
73	67	79f1c137d588f630	4			yes					-1	-1	-1	74	
74	73	1d9b27525732333c	3			yes					-1	-1	-1	
75	67	927dbec6643aa56e	3			yes					76	77	-1	
76	75	46789fc7a7a8bf2d	4			yes					-1	-1	-1	-1	
77	75	851a4b432da38f0e	3			yes					-1	-1	-1	
78	66	a292c9f148743c12	4			yes					85	90	94	98	
79	78	d5bab69e0c58ade3	4			no					80	-1	-1	-2	
80	79	6f570cc9438be0c3	3			yes					-1	-1	-1	
81	1	9457241b759e9f44	4			no					87	-2	-2	-2	
82	81	2b0cf3e6cb688bae	4			no					83	126	-2	-2	
83	82	b9ef22dd537da119	3			yes					-1	-1	-1	
84	83	3feb87cbc74b5c3e	4			no					-1	-1	-2	-2	
85	78	4c0a696a36da6186	4			yes					86	-1	-1	89	
86	85	3a0bcfeb66e1240e	3			yes					-1	-1	-1	
87	81	1233fefd38d675cb	4			no					88	128	-2	-2	
88	87	a595c19d2603d04d	3			yes					-1	-1	-1	
89	85	7b029a5e797db80a	3			yes					-1	-1	-1	
90	78	a3310387f311d571	4			yes					91	-1	-1	93	
91	90	0fcd7eb0068b42b0	4			yes					-1	-1	-1	-1	
92	90	241c3b57bb003e8a	5			no					-1	-2	-1	-1	-2	
93	90	09217cf479260533	5			yes					-1	-1	-1	-1	-1	
94	78	16bb563a8517cde9	4			yes					95	-1	-1	96	
95	94	35bc732a2a38ba4c	5			yes					-1	-1	-1	-1	-1	
96	94	2f356be387c203c1	6			yes					-1	-1	-1	-1	-1	97	
97	96	60fe3973c91a29c2	5			yes					-1	-1	-1	-1	-1	
98	78	468805827b474e07	4			yes					99	-1	-1	-1	
99	98	8b30012e19f9062c	3			yes					-1	-1	-1	
100	66	679e7549db19997f	4			yes					-1	-1	101	109	
101	100	e8b91fcf15d67ff3	5			yes					102	104	106	-1	107	
102	101	750f6be2f552ba69	5			yes					-1	-1	-1	-1	103	
103	102	305f145d431b416d	4			yes					-1	-1	-1	-1	
104	101	bcc66b4984a61130	5			yes					-1	-1	-1	-1	105	
105	104	f99614f632efea34	4			yes					-1	-1	-1	-1	
106	101	85de9a198a85adf8	5			yes					-1	-1	-1	-1	-1	
107	101	9030ad57b1168ec3	4			yes					-1	-1	108	-1	
108	107	c2dfcccf8f70e55c	5			yes					-1	-1	-1	-1	-1	
109	100	22d839f51d0479ac	5			yes					110	111	112	-1	113	
110	109	ef603d597fba3187	4			yes					-1	-1	-1	-1	
111	109	6391a5b8f6f5fefe	4			yes					-1	-1	-1	-1	
112	109	322d00cea500304f	4			yes					-1	-1	-1	-1	
113	109	0f52dedd2adbf421	4			yes					114	115	-1	-1	
114	113	c2eada714865bc0a	3			yes					-1	-1	-1	
115	113	4e1b4290c12a7373	3			yes					-1	-1	-1	
116	66	d520cbbfa6085e3e	4			yes					-1	-1	-1	-1	
117	66	ddf4093b6e9f8f9c	4			yes					-1	-1	-1	-1	
118	-1	5b93adc1a77cf62d	7			no					119	-2	-2	-2	-2	-2	-2	
119	118	c33832c882a3e07c	6			no					120	-2	-2	-2	-2	-2	
120	119	bccf4e1d14096af6	5			no					121	-2	-2	-2	-2	
121	120	4182423e20f6ffa0	5			no					122	-2	-2	-2	-2	
122	121	d3619305b8e3d517	4			no					-1	-1	-1	-2	
123	-1	58c388f4e2188261	6			no					124	-2	-2	-2	-2	-2	
124	123	c06817fdc7c79430	5			no					125	-2	-2	-2	-2	
125	124	597ee01c93e914d6	4			no					-1	-2	-2	-2	
126	82	e449000bbfc97fb0	4			no					127	-2	-2	-2	
127	126	287636cd29984c56	3			yes					-1	-1	-1	
128	87	20cc63306398acc7	3			no					129	-2	-2	
129	128	c25ddf72111943f7	4			no					-1	-1	-2	-2	
