Number of nodes
396
ID	PID	Hash_Value			File_Number	Fully_Enumerated	Children
0	-1	c2ac41f8e1684537	6			yes					1	132	233	298	344	395	
1	0	3303209f8102f307	5			yes					2	48	67	84	98	
2	1	6a5cc2da9fa165fb	5			yes					3	14	25	41	47	
3	2	23566df6dd5fb20e	4			yes					4	5	7	8	
4	3	8b19f586734c4013	4			yes					-1	-1	-1	-1	
5	3	391bb41806a28841	4			yes					-1	6	-1	-1	
6	5	d500f31cc59c986c	3			yes					-1	-1	-1	
7	3	f7d79879f4336c18	4			yes					-1	-1	-1	-1	
8	3	ac79645609caf0b5	3			yes					9	10	12	
9	8	0887adfee7b2bafa	4			yes					-1	-1	-1	-1	
10	8	aa20690350ac5a13	5			yes					-1	-1	-1	-1	11	
11	10	aa5403db2fdbb1f7	4			yes					-1	-1	-1	-1	
12	8	f007b49de1067fc4	5			yes					-1	-1	-1	-1	13	
13	12	f073de459e719420	4			yes					-1	-1	-1	-1	
14	2	fbb5d1e25c7dcbbe	4			yes					-1	15	19	22	
15	14	e0fa2b64baa824f5	5			yes					16	17	-1	-1	18	
16	15	b5ab7878f42be6cb	4			yes					-1	-1	-1	-1	
17	15	7fee4d87ba000df8	4			yes					-1	-1	-1	-1	
18	15	114134a0a3886f91	4			yes					-1	-1	-1	-1	
19	14	3d60675005a1a0d2	5			yes					20	21	-1	-1	-1	
20	19	6831344c4b2262ec	4			yes					-1	-1	-1	-1	
21	19	a27401b3050989df	4			yes					-1	-1	-1	-1	
22	14	928fbaeb06de1a06	5			yes					23	24	-1	-1	-1	
23	22	c7dee9f7485dd838	4			yes					-1	-1	-1	-1	
24	22	0d9bdc080676330b	4			yes					-1	-1	-1	-1	
25	2	cfe0965a58e14f8a	4			yes					-1	-1	26	31	
26	25	8886461957ecab1d	5			yes					27	28	29	-1	30	
27	26	ddd71505196f6923	4			yes					-1	-1	-1	-1	
28	26	dba4cc5fc4e9d813	4			yes					-1	-1	-1	-1	
29	26	649d011d94d2bb30	4			yes					-1	-1	-1	-1	
30	26	c5ea19c3cda20311	4			yes					-1	-1	-1	-1	
31	25	b0f9c2a037065657	6			yes					32	34	36	-1	38	40	
32	31	e5a891bc79859469	5			yes					-1	-1	-1	-1	33	
33	32	e5dcfb6406f27f8d	4			yes					-1	-1	-1	-1	
34	31	e3db48e6a4032559	5			yes					-1	-1	-1	-1	35	
35	34	e3af223edb74cebd	4			yes					-1	-1	-1	-1	
36	31	5ce285a4f438467a	5			yes					-1	-1	-1	-1	37	
37	36	5c96ef7c8b4fad9e	4			yes					-1	-1	-1	-1	
38	31	96660dab5552dea1	5			yes					-1	-1	-1	-1	39	
39	38	961267732a253545	4			yes					-1	-1	-1	-1	
40	31	b08da8784871bdb3	5			yes					-1	-1	-1	-1	-1	
41	2	f270e13492f7117a	4			yes					-1	-1	-1	42	
42	41	7d5fe894466253c1	3			yes					-1	43	44	
43	42	7a6eceb44922fb93	5			yes					-1	-1	-1	-1	-1	
44	42	cf88effd1b6ff05c	5			yes					45	46	-1	-1	-1	
45	44	9ad9bce155ec3262	4			yes					-1	-1	-1	-1	
46	44	9caa65bb886a8352	4			yes					-1	-1	-1	-1	
47	2	e573cb7a4b342740	4			yes					-1	-1	-1	-1	
48	1	278165f9ce29db0a	4			yes					49	55	60	66	
49	48	0460de98e22a34d3	3			yes					50	51	52	
50	49	89fb911610ac8b66	4			yes					-1	-1	-1	-1	
51	49	00d8f37384857680	4			yes					-1	-1	-1	-1	
52	49	8c478d0f7eb66c7f	5			yes					-1	-1	53	-1	54	
53	52	5a32649b4554541b	4			yes					-1	-1	-1	-1	
54	52	839681f9a898e734	4			yes					-1	-1	-1	-1	
55	48	34e2912ff5c0d9e3	3			yes					-1	56	57	
56	55	5d6ce52f898ceebf	4			yes					-1	-1	-1	-1	
57	55	43b4013c43ba8334	5			yes					58	59	-1	-1	-1	
58	57	16e552200d39410a	4			yes					-1	-1	-1	-1	
59	57	8375327b592ef494	4			yes					-1	-1	-1	-1	
60	48	bfad4617c37faf8b	3			yes					-1	-1	61	
61	60	30824fb717eaed30	2			yes					62	64	
62	61	0708df9791b0655c	5			yes					-1	-1	-1	-1	63	
63	62	077cb54feec78eb8	4			yes					-1	-1	-1	-1	
64	61	ca4433e025be0021	5			yes					-1	-1	-1	-1	65	
65	64	ca3059385ac9ebc5	4			yes					-1	-1	-1	-1	
66	48	a8ae6c591abc99b1	3			yes					-1	-1	-1	
67	1	275562a0a185f63e	4			yes					68	73	81	83	
68	67	04b4d9c18d8619e7	3			yes					69	-1	70	
69	68	3479b5b801edf1c9	4			yes					-1	-1	-1	-1	
70	68	f8f3a7f57c056b11	5			yes					-1	-1	71	-1	72	
71	70	d9fe1337cdcf71d0	4			yes					-1	-1	-1	-1	
72	70	f722ab03aa2be05a	4			yes					-1	-1	-1	-1	
73	67	e163ff011e53c597	3			yes					-1	74	75	
74	73	897598a2c4d3d207	4			yes					-1	-1	-1	-1	
75	73	e7e99e0903068ce4	5			yes					76	77	78	79	80	
76	75	b2b8cd154d854eda	4			yes					-1	-1	-1	-1	
77	75	2728ad4e1992fb44	4			yes					-1	-1	-1	-1	
78	75	4b62706d28dcb19e	4			yes					-1	-1	-1	-1	
79	75	cecc0e0f01bf299d	4			yes					-1	-1	-1	-1	
80	75	103e1e397d742d9d	4			yes					-1	-1	-1	-1	
81	67	6af82f6047409ecb	3			yes					-1	-1	82	
82	81	065ba6ccd638120b	5			yes					-1	-1	-1	-1	-1	
83	67	a87a6b007510b485	3			yes					-1	-1	-1	
84	1	1759b6d307d5634e	4			yes					85	88	95	97	
85	84	34b80db22bd68c97	3			yes					86	87	-1	
86	85	d64ba5a4b5fddb31	5			yes					-1	-1	-1	-1	-1	
87	85	ebc15aaf6a363270	5			yes					-1	-1	-1	-1	-1	
88	84	d16f2b72b80350e7	3			yes					-1	89	94	
89	88	0459a9b8ce1df29f	5			yes					90	91	-1	92	93	
90	89	5108faa4809e30a1	4			yes					-1	-1	-1	-1	
91	89	c4989affd489853f	4			yes					-1	-1	-1	-1	
92	89	cc7a61d6b0a516f7	4			yes					-1	-1	-1	-1	
93	89	c1a671d037b71663	4			yes					-1	-1	-1	-1	
94	88	606430075bde27a3	5			yes					-1	-1	-1	-1	-1	
95	84	b2e5e253c095493f	3			yes					-1	-1	96	
96	95	5c6b56fc92fef4f2	5			yes					-1	-1	-1	-1	-1	
97	84	406b72405495f601	3			yes					-1	-1	-1	
98	1	1088e98f829dddb1	5			yes					99	111	124	130	131	
99	98	336952eeae9e3268	4			yes					100	102	104	106	
100	99	b4157b4400bde9d7	5			yes					-1	-1	-1	-1	101	
101	100	a3ca3055a6f5415a	4			yes					-1	-1	-1	-1	
102	99	d19a62090c7b2008	5			yes					-1	-1	-1	-1	103	
103	102	c6452918aa338885	4			yes					-1	-1	-1	-1	
104	99	2c07e8249e1b4625	5			yes					-1	-1	-1	-1	105	
105	104	3bd8a3353853eea8	4			yes					-1	-1	-1	-1	
106	99	fba6eacf75c06d59	3			yes					107	109	-1	
107	106	56d73ba212d71a93	5			yes					-1	-1	-1	-1	108	
108	107	56a3517a6da0f177	4			yes					-1	-1	-1	-1	
109	106	dee375a5a8816540	5			yes					-1	-1	-1	-1	110	
110	109	de971f7dd7f68ea4	4			yes					-1	-1	-1	-1	
111	98	d6be742e3d4bee18	4			yes					-1	112	117	120	
112	111	a15363295e5c7dbe	5			yes					113	114	-1	115	116	
113	112	f402303510dfbf80	4			yes					-1	-1	-1	-1	
114	112	6192506e44c80a1e	4			yes					-1	-1	-1	-1	
115	112	b014a745517fe0e0	4			yes					-1	-1	-1	-1	
116	112	18c27dd2462c6f55	4			yes					-1	-1	-1	-1	
117	111	0c8df1764f1778c1	5			yes					118	119	-1	-1	-1	
118	117	59dca26a0194baff	4			yes					-1	-1	-1	-1	
119	117	cc4cc23155830f61	4			yes					-1	-1	-1	-1	
120	111	1e71cc0fe615b129	3			yes					-1	121	-1	
121	120	22b53bc9a27c84d7	5			yes					122	123	-1	-1	-1	
122	121	77e468d5ecff46e9	4			yes					-1	-1	-1	-1	
123	121	e274088eb8e8f377	4			yes					-1	-1	-1	-1	
124	98	b534bd0f45ddf7c0	4			yes					-1	-1	125	129	
125	124	3082978d8637ab90	5			yes					126	127	128	-1	-1	
126	125	65d3c491c8b469ae	4			yes					-1	-1	-1	-1	
127	125	f043a4ca9ca3dc30	4			yes					-1	-1	-1	-1	
128	125	dc99d0894509bbbd	4			yes					-1	-1	-1	-1	
129	124	7dfb052e9e83a8f1	3			yes					-1	-1	-1	
130	98	88a4ca618fcba930	4			yes					-1	-1	-1	-1	
131	98	d84751ae59c38280	4			yes					-1	-1	-1	-1	
132	0	0774a1699d22fe19	5			yes					-1	133	175	191	204	
133	132	c03f2d0f257add53	5			yes					134	149	158	170	174	
134	133	5c8e3f1d5087cc0d	4			yes					135	137	141	144	
135	134	db6cb506e726ff38	5			yes					-1	-1	-1	-1	136	
136	135	38f29467de623f2d	4			yes					-1	-1	-1	-1	
137	134	14b241dc1a427d62	5			yes					-1	138	-1	139	140	
138	137	8a4d98a7934ac118	4			yes					-1	-1	-1	-1	
139	137	952a66e695c9dd2b	4			yes					-1	-1	-1	-1	
140	137	f72c60bd2306bd77	4			yes					-1	-1	-1	-1	
141	134	5d6cdd83d33879a0	5			yes					-1	142	-1	-1	143	
142	141	c39304f85a30c5da	4			yes					-1	-1	-1	-1	
143	141	1866f54617b8d108	4			yes					-1	-1	-1	-1	
144	134	b2a75f7e8dac706f	5			yes					145	146	147	-1	148	
145	144	460aeb878780fd00	4			yes					-1	-1	-1	-1	
146	144	2c58860504a4cc15	4			yes					-1	-1	-1	-1	
147	144	5fddd802a702227d	4			yes					-1	-1	-1	-1	
148	144	65b56ca29bfb1a8c	4			yes					-1	-1	-1	-1	
149	133	f0c2e423fd877bfb	4			yes					-1	150	151	152	
150	149	84f103c383747504	4			yes					-1	-1	-1	-1	
151	149	e3b6cd06ef9d4e22	4			yes					-1	-1	-1	-1	
152	149	7feded8329123940	3			yes					153	154	156	
153	152	37239891084cb466	5			yes					-1	-1	-1	-1	-1	
154	152	4618efa8a2cba49c	5			yes					-1	-1	-1	-1	155	
155	154	466c8570ddbc4f78	4			yes					-1	-1	-1	-1	
156	152	e466e1e2faa85dfe	5			yes					-1	-1	-1	-1	157	
157	156	e4128b3a85dfb61a	4			yes					-1	-1	-1	-1	
158	133	bb4ff17074c381cc	4			yes					-1	-1	159	162	
159	158	f5418adaef66001b	5			yes					-1	160	161	-1	-1	
160	159	a663009c7c637315	4			yes					-1	-1	-1	-1	
161	159	cb070dfb359d3471	4			yes					-1	-1	-1	-1	
162	158	976ba6defb26edde	6			yes					163	165	167	-1	-1	169	
163	162	9d3e6fbf1c2cfafc	5			yes					-1	-1	-1	-1	164	
164	163	9d4a0567635b1118	4			yes					-1	-1	-1	-1	
165	162	c4492c9868239ed0	5			yes					-1	-1	-1	-1	166	
166	165	c43d464017547534	4			yes					-1	-1	-1	-1	
167	162	a92d21ff21ddd9b4	5			yes					-1	-1	-1	-1	168	
168	167	a9594b275eaa3250	4			yes					-1	-1	-1	-1	
169	162	971fcc068451063a	5			yes					-1	-1	-1	-1	-1	
170	133	58130ee1282ca9d2	4			yes					-1	-1	-1	171	
171	170	d73c0741fcb9eb69	3			yes					172	-1	173	
172	171	117e5b02a17ba008	5			yes					-1	-1	-1	-1	-1	
173	171	b24f233ea3e55b5a	5			yes					-1	-1	-1	-1	-1	
174	133	4f1024aff1ef9fe8	4			yes					-1	-1	-1	-1	
175	132	f2bf3ea3daea06c8	4			yes					176	184	188	190	
176	175	6e0e2cb1af171796	3			yes					177	178	179	
177	176	a894219e7efe7b4b	4			yes					-1	-1	-1	-1	
178	176	8b9172133cc32d28	4			yes					-1	-1	-1	-1	
179	176	a3bc49988519b0a9	5			yes					180	181	182	-1	183	
180	179	5711fd618f353dc6	4			yes					-1	-1	-1	-1	
181	179	2e4e66f08d79f657	4			yes					-1	-1	-1	-1	
182	179	a7ad8ba77e87cf91	4			yes					-1	-1	-1	-1	
183	179	546bc9a8fb6b11d0	4			yes					-1	-1	-1	-1	
184	175	5e33567247ad3b10	3			yes					-1	-1	185	
185	184	9c789da4e2310f2c	5			yes					186	-1	-1	-1	187	
186	185	962d54c5053b180e	4			yes					-1	-1	-1	-1	
187	185	93a99152341f8467	4			yes					-1	-1	-1	-1	
188	175	bf1273633c2f6e3d	3			yes					-1	-1	189	
189	188	cabc85b0f620c3b9	5			yes					-1	-1	-1	-1	-1	
190	175	7d9037030e7f4473	3			yes					-1	-1	-1	
191	132	c2b3ead07cba93b8	4			yes					192	199	201	203	
192	191	5e02f8c2094782e6	3			yes					193	194	197	
193	192	18453defe8621698	5			yes					-1	-1	-1	-1	-1	
194	192	250a2eb37d973fc5	5			yes					-1	-1	-1	195	196	
195	194	73ace8ab7d1ed5a0	4			yes					-1	-1	-1	-1	
196	194	c6940fd244d3ffd0	4			yes					-1	-1	-1	-1	
197	192	230ebeabfeb09812	5			yes					-1	-1	-1	-1	198	
198	197	16e3f48b9392af3e	4			yes					-1	-1	-1	-1	
199	191	6e3f8201e1fdae60	3			yes					-1	200	-1	
200	199	367e4b40893185e4	5			yes					-1	-1	-1	-1	-1	
201	191	670fbe50bbfab9c9	3			yes					-1	-1	202	
202	201	908c7580b2e62540	5			yes					-1	-1	-1	-1	-1	
203	191	95812e432ffa06f7	3			yes					-1	-1	-1	
204	132	c562b58cf9f22d47	5			yes					205	218	225	231	232	
205	204	59d3a79e8c0f3c19	4			yes					206	208	212	214	
206	205	c453c1e854ada43b	5			yes					-1	-1	-1	-1	207	
207	206	d38c8af9f2e50cb6	4			yes					-1	-1	-1	-1	
208	205	454a970737823467	5			yes					-1	209	-1	210	211	
209	208	c8b8b86f3fe27299	4			yes					-1	-1	-1	-1	
210	208	b99d07d468ef3f3d	4			yes					-1	-1	-1	-1	
211	208	79c31b0832432dfc	4			yes					-1	-1	-1	-1	
212	205	b94885f27f08a804	5			yes					-1	-1	-1	-1	213	
213	212	85c109fd7ac9b19f	4			yes					-1	-1	-1	-1	
214	205	911c1fbf57516328	3			yes					215	216	217	
215	214	39df1b808ccb35aa	4			yes					-1	-1	-1	-1	
216	214	761217fee46da6b7	5			yes					-1	-1	-1	-1	-1	
217	214	8a10050bace73ad4	5			yes					-1	-1	-1	-1	-1	
218	204	69eedd5d64b5109f	4			yes					-1	219	221	223	
219	218	bdfa751a4e03a9a3	5			yes					-1	-1	-1	-1	220	
220	219	8173f9154bc2b038	4			yes					-1	-1	-1	-1	
221	218	62a7c9a2666d3936	5			yes					-1	-1	-1	-1	222	
222	221	757882b3c02591bb	4			yes					-1	-1	-1	-1	
223	218	a121657cbfeb4fae	3			yes					-1	224	-1	
224	223	8ea2f5e39dec3b73	5			yes					-1	-1	-1	-1	-1	
225	204	60dee10c3eb20736	4			yes					-1	-1	226	230	
226	225	fc65b4f1a62f7a22	5			yes					227	228	229	-1	-1	
227	226	f6307d9041256d00	4			yes					-1	-1	-1	-1	
228	226	af473eb7352a092c	4			yes					-1	-1	-1	-1	
229	226	107ef3f565116a0f	4			yes					-1	-1	-1	-1	
230	225	a811592de5ec5807	3			yes					-1	-1	-1	
231	204	5d4e9662f4a459c6	4			yes					-1	-1	-1	-1	
232	204	0dad0dad22ac7276	4			yes					-1	-1	-1	-1	
233	0	864cff5f8b863fa7	5			yes					-1	-1	234	262	270	
234	233	a221513d97991fd2	5			yes					235	247	254	258	261	
235	234	3e90432fe2640e8c	4			yes					236	241	243	244	
236	235	8c5d94d4c0a0fc9e	5			yes					-1	237	238	-1	240	
237	236	66de6693707038b9	4			yes					-1	-1	-1	-1	
238	236	ad502016716ae65f	4			yes					-1	-1	-1	239	
239	238	4ece0177482e264a	3			yes					-1	-1	-1	
240	236	6fc3b5b5f9e43c8b	4			yes					-1	-1	-1	-1	
241	235	81a58e5947954f96	5			yes					-1	-1	-1	-1	242	
242	241	623baf387ed18f83	4			yes					-1	-1	-1	-1	
243	235	f419a34a18f962c7	5			yes					-1	-1	-1	-1	-1	
244	235	d172fd1d10aea412	5			yes					-1	245	246	-1	-1	
245	244	99bba6e55f764e79	4			yes					-1	-1	-1	-1	
246	244	2e881eb8e5f61c16	4			yes					-1	-1	-1	-1	
247	234	b2c851601953df14	4			yes					-1	248	250	251	
248	247	53f791be4177d82c	5			yes					-1	-1	-1	-1	249	
249	248	b069b0df78331839	4			yes					-1	-1	-1	-1	
250	247	5f909d193eea5044	5			yes					-1	-1	-1	-1	-1	
251	247	7afbc34e36bd9691	5			yes					252	-1	253	-1	-1	
252	251	70ae0a2fd1b781b3	4			yes					-1	-1	-1	-1	
253	251	850120ebc3e52e95	4			yes					-1	-1	-1	-1	
254	234	b99a172d372313d8	4			yes					-1	-1	-1	255	
255	254	36b51e8de3b65163	3			yes					256	257	-1	
256	255	6deaa3cea8ff04c8	5			yes					-1	-1	-1	-1	-1	
257	255	bfb8bc29ae1d9372	5			yes					-1	-1	-1	-1	-1	
258	234	18cc5dff8f189f29	4			yes					-1	-1	-1	259	
259	258	bcaa2043b454e090	6			yes					-1	-1	-1	-1	-1	260	
260	259	bcde4a9bcb230b74	5			yes					-1	-1	-1	-1	-1	
261	234	2d0e589d430c5d69	4			yes					-1	-1	-1	-1	
262	233	c809220a939e463e	4			yes					263	266	268	269	
263	262	54b83018e6635760	3			yes					264	265	-1	
264	263	429f01e7d75801d4	5			yes					-1	-1	-1	-1	-1	
265	263	c9d4b80193422b63	5			yes					-1	-1	-1	-1	-1	
266	262	d8e022571d5486f8	3			yes					-1	267	-1	
267	266	1b86a7e695a0bcd9	5			yes					-1	-1	-1	-1	-1	
268	262	db6ad6dca87744d7	3			yes					-1	-1	-1	
269	262	9f3be699c0ded371	3			yes					-1	-1	-1	
270	233	cfd87d5616d6f8c1	5			yes					271	284	292	296	297	
271	270	53696f44632be99f	4			yes					272	276	278	280	
272	271	a43264ec760d07b5	5			yes					-1	273	274	-1	275	
273	272	4eb196abc6ddc392	4			yes					-1	-1	-1	-1	
274	272	72478d784def3fd1	4			yes					-1	-1	-1	-1	
275	272	98bbe8e373cc1e2e	4			yes					-1	-1	-1	-1	
276	271	fa3a31910a30497c	5			yes					-1	-1	-1	-1	277	
277	276	ede57a80ac78e1f1	4			yes					-1	-1	-1	-1	
278	271	a893f5012508b426	5			yes					-1	-1	-1	-1	279	
279	278	824e964a0da1f80b	4			yes					-1	-1	-1	-1	
280	271	9ba6d765b875b6ae	3			yes					281	282	283	
281	280	976ae415a5e29565	5			yes					-1	-1	-1	-1	-1	
282	280	d44804551945ecd7	5			yes					-1	-1	-1	-1	-1	
283	280	8b56380ebb62890b	5			yes					-1	-1	-1	-1	-1	
284	270	df317d0b981c3807	4			yes					-1	285	287	289	
285	284	28682e760cd2dec6	5			yes					-1	-1	-1	-1	286	
286	285	3fb76567aa9a764b	4			yes					-1	-1	-1	-1	
287	284	031acb52031b86a5	5			yes					-1	-1	-1	-1	288	
288	287	29c7a8192bb2ca88	4			yes					-1	-1	-1	-1	
289	284	17fec52a43426736	3			yes					-1	290	291	
290	289	061a1bb21fa77b6d	5			yes					-1	-1	-1	-1	-1	
291	289	20df065d9d71bb88	5			yes					-1	-1	-1	-1	-1	
292	270	dcbb89802d3ffa28	4			yes					-1	-1	293	295	
293	292	02d04306b4a94d9b	5			yes					-1	-1	-1	-1	294	
294	293	150f081712e1e516	4			yes					-1	-1	-1	-1	
295	292	147431a1f661a519	3			yes					-1	-1	-1	
296	270	57f45eb81b808c40	4			yes					-1	-1	-1	-1	
297	270	0717c577cd88a7f0	4			yes					-1	-1	-1	-1	
298	0	f99820fa12919b5e	5			yes					-1	-1	-1	299	315	
299	298	85f5f8c49180b379	5			yes					300	305	309	312	314	
300	299	1944ead6e47da227	4			yes					301	302	303	304	
301	300	1da32b85a2e61df2	5			yes					-1	-1	-1	-1	-1	
302	300	ef677eff6e9f6863	5			yes					-1	-1	-1	-1	-1	
303	300	dd4e9be2f3d21b12	3			yes					-1	-1	-1	
304	300	0323158f63531668	5			yes					-1	-1	-1	-1	-1	
305	299	951cf8991f4a73bf	4			yes					-1	306	307	308	
306	305	3d356118687dffd9	5			yes					-1	-1	-1	-1	-1	
307	305	511689ad08e5ca8a	3			yes					-1	-1	-1	
308	305	156ab1d80e7d6c60	5			yes					-1	-1	-1	-1	-1	
309	299	43c365652e5680d0	4			yes					-1	-1	310	311	
310	309	87c9145139f939e5	3			yes					-1	-1	-1	
311	309	45dd8c0074a12e32	5			yes					-1	-1	-1	-1	-1	
312	299	41ff89f0862f0a4c	4			yes					-1	-1	-1	313	
313	312	4a6e8fee44e1e231	3			yes					-1	-1	-1	
314	299	8e64feda534e5b04	4			yes					-1	-1	-1	-1	
315	298	cf0c7a0f797ad5f5	5			yes					316	329	338	342	343	
316	315	53bd681d0c87c4ab	4			yes					317	321	324	326	
317	316	fb0e4e8e03b31b93	5			yes					-1	318	319	-1	320	
318	317	b9c9cbfd4cf5e137	4			yes					-1	-1	-1	-1	
319	317	da03fa4cb2790152	4			yes					-1	-1	-1	-1	
320	317	c787c28106720208	4			yes					-1	-1	-1	-1	
321	316	09ca1bf4cfca6e02	5			yes					-1	-1	322	-1	323	
322	321	eee32a558a00d065	4			yes					-1	-1	-1	-1	
323	321	354397fbca0b7799	4			yes					-1	-1	-1	-1	
324	316	24992fcfbcf0601e	5			yes					-1	-1	-1	-1	325	
325	324	334664de1ab8c893	4			yes					-1	-1	-1	-1	
326	316	9b72d03cd7d99b9a	3			yes					327	328	-1	
327	326	c856ce77d05c8943	5			yes					-1	-1	-1	-1	-1	
328	326	3a929b0d1c25fcd2	5			yes					-1	-1	-1	-1	-1	
329	315	dfe57a52f7b01533	4			yes					-1	330	334	336	
330	329	db980413c928f9b8	5			yes					331	-1	332	-1	333	
331	330	d1cdcd722e22ee9a	4			yes					-1	-1	-1	-1	
332	330	3cb135b28ce247df	4			yes					-1	-1	-1	-1	
333	330	e711881ccce9e023	4			yes					-1	-1	-1	-1	
334	329	90a1a87f8121a593	5			yes					-1	-1	-1	-1	335	
335	334	877ee36e27690d1e	4			yes					-1	-1	-1	-1	
336	329	172ac2732cee4a02	3			yes					-1	337	-1	
337	336	e8c084ea1ac76b68	5			yes					-1	-1	-1	-1	-1	
338	315	093ae7aec6ace65c	4			yes					-1	-1	339	341	
339	338	14e608742391a191	5			yes					-1	-1	-1	-1	340	
340	339	0339436585d9091c	4			yes					-1	-1	-1	-1	
341	338	c1f55f8f1df2b96d	3			yes					-1	-1	-1	
342	315	82a137cf9fbfbd00	4			yes					-1	-1	-1	-1	
343	315	07c3c22ea2248ac4	4			yes					-1	-1	-1	-1	
344	0	d3f4270445bdd207	5			yes					-1	-1	-1	-1	345	
345	344	4ba35e538537a9e7	4			yes					346	359	371	384	
346	345	69295a52a1320452	5			yes					347	350	355	357	358	
347	346	4ac8e1338d31eb8b	4			yes					-1	-1	-1	348	
348	347	345eba22d3d8fd85	6			yes					-1	-1	-1	-1	-1	349	
349	348	75dd69df3c86cb4e	5			yes					-1	-1	-1	-1	-1	
350	346	af1fc7f31ee437fb	4			yes					-1	351	-1	353	
351	350	bc259427d0444c59	6			yes					-1	-1	-1	-1	-1	352	
352	351	abfadf36760ce4d4	5			yes					-1	-1	-1	-1	-1	
353	350	15cf1abc194cf1a2	3			yes					-1	354	-1	
354	353	ea790ccb9952d21f	6			yes					-1	-1	-1	-1	-1	-1	
355	346	cc950ed266722e23	4			yes					-1	-1	-1	356	
356	355	7645d39d61dae87a	3			yes					-1	-1	-1	
357	346	fabbaf0f533d3058	4			yes					-1	-1	-1	-1	
358	346	d3f9871da69ac20b	4			yes					-1	-1	-1	-1	
359	345	bcc30651da5df4a4	5			yes					360	364	367	369	370	
360	359	20721443afa0e5fa	4			yes					-1	361	-1	362	
361	360	fa1d83dd4112e64b	5			yes					-1	-1	-1	-1	-1	
362	360	9aa2c90ca80823a3	3			yes					-1	363	-1	
363	362	d5db82fd620041c5	5			yes					-1	-1	-1	-1	-1	
364	359	104f6e80471ac97c	4			yes					-1	-1	-1	365	
365	364	7afe9ba42bae8296	6			yes					-1	-1	-1	-1	-1	366	
366	365	3b7d4859c4f0b45d	5			yes					-1	-1	-1	-1	-1	
367	359	197f52d11d1dded5	4			yes					-1	-1	-1	368	
368	367	a3af8f9e1ab5188c	3			yes					-1	-1	-1	
369	359	2f51f30c2852c0ae	4			yes					-1	-1	-1	-1	
370	359	0613db1eddf532fd	4			yes					-1	-1	-1	-1	
371	345	b679ce8b35792122	5			yes					372	377	379	382	383	
372	371	2ac8dc994084307c	4			yes					373	-1	-1	375	
373	372	fae33c78c901bf12	6			yes					-1	-1	-1	-1	-1	374	
374	373	ed3c77696f49179f	5			yes					-1	-1	-1	-1	-1	
375	372	901801d6472cf625	3			yes					376	-1	-1	
376	375	acbfa49480172154	6			yes					-1	-1	-1	-1	-1	-1	
377	371	a690ced6bbb3e1e4	4			yes					-1	-1	-1	378	
378	377	1c401399bc1b27bd	3			yes					-1	-1	-1	
379	371	a51a3a5d0e9023cb	4			yes					-1	-1	-1	380	
380	379	e11863c2a9a41f5e	6			yes					-1	-1	-1	-1	-1	381	
381	380	a09bb03f46fa2995	5			yes					-1	-1	-1	-1	-1	
382	371	25eb3bd6c7761528	4			yes					-1	-1	-1	-1	
383	371	0ca913c432d1e77b	4			yes					-1	-1	-1	-1	
384	345	467c652255a3eede	5			yes					385	390	393	394	-1	
385	384	dacd7730205eff80	4			yes					386	388	-1	-1	
386	385	a5df161abcbfa334	6			yes					-1	-1	-1	-1	-1	387	
387	386	b2005d0b1af70bb9	5			yes					-1	-1	-1	-1	-1	
388	385	571b436070c6d6a5	6			yes					-1	-1	-1	-1	-1	389	
389	388	40c40871d68e7e28	5			yes					-1	-1	-1	-1	-1	
390	384	5695657fdb692e18	4			yes					-1	391	-1	-1	
391	390	85495c877624411f	6			yes					-1	-1	-1	-1	-1	392	
392	391	92961796d06ce992	5			yes					-1	-1	-1	-1	-1	
393	384	804af883ea75dd77	4			yes					-1	-1	-1	-1	
394	384	82761416420c57eb	4			yes					-1	-1	-1	-1	
395	0	5afb38af21e23ed7	5			yes					-1	-1	-1	-1	-1	
