Number of nodes
182
ID	PID	Hash_Value			File_Number	Fully_Enumerated	Children
0	-1	5d3cc45e25513832	6			yes					1	24	45	68	93	135	
1	0	2bfc1074b5e39439	5			yes					2	8	17	21	23	
2	1	bdcc90a33fc73091	4			yes					3	4	-1	5	
3	2	6a01c50ae65a05fa	4			yes					-1	-1	-1	-1	
4	2	5207301e260ea966	4			yes					-1	-1	-1	-1	
5	2	9cd76fb90399b42f	3			yes					6	7	-1	
6	5	0ec4b02d2c5eaebd	4			yes					-1	-1	-1	-1	
7	5	b462b08a193f626f	4			yes					-1	-1	-1	-1	
8	1	31a7556f12ff9e4f	4			yes					-1	9	13	14	
9	8	050e18c2196f73ec	5			yes					10	11	-1	-1	12	
10	9	e9981c23e028d4ef	4			yes					-1	-1	-1	-1	
11	9	4528f421c37d04e0	4			yes					-1	-1	-1	-1	
12	9	41716b64eba146fb	4			yes					-1	-1	-1	-1	
13	8	68cead93dedfb352	4			yes					-1	-1	-1	-1	
14	8	10bcaa752ea11af1	3			yes					-1	15	16	
15	14	0862a57adc497bec	5			yes					-1	-1	-1	-1	-1	
16	14	2caf51e055003906	4			yes					-1	-1	-1	-1	
17	1	0f47c6c092481d06	4			yes					-1	-1	18	19	
18	17	3f892012dedfc901	5			yes					-1	-1	-1	-1	-1	
19	17	2e5c39daae1699b8	3			yes					-1	-1	20	
20	19	a4804aaa5899c2dc	5			yes					-1	-1	-1	-1	-1	
21	1	89cbec6236cda35f	4			yes					-1	-1	-1	22	
22	21	a8d013780a9327e1	3			yes					-1	-1	-1	
23	1	0ae7ef6e89bd1087	4			yes					-1	-1	-1	-1	
24	0	f92f71af76f30417	5			yes					25	33	37	42	44	
25	24	df9b42134fd258da	4			yes					26	27	28	29	
26	25	0f2475568701826e	4			yes					-1	-1	-1	-1	
27	25	e22242cbd840593e	4			yes					-1	-1	-1	-1	
28	25	8e446e4e9d9c906e	4			yes					-1	-1	-1	-1	
29	25	fe80bd09738cdc64	3			yes					30	31	32	
30	29	0248c8ee42278a6e	4			yes					-1	-1	-1	-1	
31	29	c3aea3796adad066	4			yes					-1	-1	-1	-1	
32	29	88b0ebe7954f02e6	4			yes					-1	-1	-1	-1	
33	24	8123e604a1fa662a	4			yes					-1	34	-1	35	
34	33	aa1b067e3e7e9268	4			yes					-1	-1	-1	-1	
35	33	a038191e9da4e294	3			yes					-1	36	-1	
36	35	4c7e86ea014f5961	4			yes					-1	-1	-1	-1	
37	24	dd94a71b51588d28	4			yes					-1	-1	38	40	
38	37	ea594d0f06e2acf4	5			yes					-1	39	-1	-1	-1	
39	38	fb9c1c8517684caf	4			yes					-1	-1	-1	-1	
40	37	fc8f58016d060996	3			yes					-1	-1	41	
41	40	715027b780a4a729	5			yes					-1	-1	-1	-1	-1	
42	24	5b188db9f5dd3371	4			yes					-1	-1	-1	43	
43	42	7a0372a3c983b7cf	3			yes					-1	-1	-1	
44	24	d8348eb54aad80a9	4			yes					-1	-1	-1	-1	
45	0	2f54459616c7f54d	5			yes					46	57	63	65	67	
46	45	09e0762a2fe6a980	4			yes					47	51	52	53	
47	46	19958f4928dd2b70	5			yes					-1	48	49	-1	50	
48	47	db11bb811e1386da	4			yes					-1	-1	-1	-1	
49	47	e4141839c9d5c4d6	4			yes					-1	-1	-1	-1	
50	47	5deafcefda131e67	4			yes					-1	-1	-1	-1	
51	46	2d6f3dab3e2c90b9	4			yes					-1	-1	-1	-1	
52	46	be22d9230d4f36b2	4			yes					-1	-1	-1	-1	
53	46	28fb893013b82d3e	3			yes					54	55	56	
54	53	14f932f1edfb2370	5			yes					-1	-1	-1	-1	-1	
55	53	a7447dfa291c7b56	4			yes					-1	-1	-1	-1	
56	53	b8d65c8a059ca43a	4			yes					-1	-1	-1	-1	
57	45	23144cb745b667bf	4			yes					-1	58	59	60	
58	57	d86b6a20b3c1ff2f	4			yes					-1	-1	-1	-1	
59	57	32994a387d89b641	4			yes					-1	-1	-1	-1	
60	57	020fb3ad79e8e301	3			yes					-1	61	62	
61	60	fa3bd41f70ab1efc	4			yes					-1	-1	-1	-1	
62	60	346dcf91755a24c9	4			yes					-1	-1	-1	-1	
63	45	a9d83991d5207de7	4			yes					-1	-1	-1	64	
64	63	88c3c68be97ef959	3			yes					-1	-1	-1	
65	45	8d63b98095e9c22b	4			yes					-1	-1	-1	66	
66	65	ac78469aa9b74695	3			yes					-1	-1	-1	
67	45	0e4fba8c2a9971f3	4			yes					-1	-1	-1	-1	
68	0	f338367c095e2032	5			yes					69	79	87	89	92	
69	68	d58c05c0307f7cff	4			yes					70	74	-1	75	
70	69	1e3b2e3b7005147c	5			yes					-1	71	72	-1	73	
71	70	5f0ffcff83fbcca7	4			yes					-1	-1	-1	-1	
72	70	67a4fe350ce5b1a7	4			yes					-1	-1	-1	-1	
73	70	5a445d9d82cb216b	4			yes					-1	-1	-1	-1	
74	69	69b044dcff27880b	4			yes					-1	-1	-1	-1	
75	69	f497fada0c21f841	3			yes					76	78	-1	
76	75	13579383b5231c7c	5			yes					-1	-1	-1	-1	-1	
77	76	5263414746ddc4a7	4			no					-1	-2	-2	-2	
78	75	2340faa7c8e3715c	4			yes					-1	-1	-1	-1	
79	68	ff783f5d5a2fb2c0	4			yes					-1	80	-1	84	
80	79	e627185b68752f72	5			yes					81	-1	82	-1	83	
81	80	492d79ecd7fa1c60	4			yes					-1	-1	-1	-1	
82	80	9fb8c85514958aa9	4			yes					-1	-1	-1	-1	
83	80	a2586bfd9abb1a65	4			yes					-1	-1	-1	-1	
84	79	de63c0476671367e	3			yes					-1	85	-1	
85	84	eb4ba5e3ad532772	5			yes					-1	-1	-1	-1	-1	
86	85	4441c45412dc1460	4			no					-1	-2	-2	-2	
87	68	e9637367ae422a44	4			yes					-1	-1	-1	88	
88	87	c8788c7d921caefa	3			yes					-1	-1	-1	
89	68	11b4809cf11240f7	4			yes					-1	-1	-1	91	
90	89	1a340548ed969ae1	4			no					-1	-2	-1	-2	
91	89	5c56f876d2486e15	5			yes					-1	-1	-1	-1	-1	
92	68	d223c9663500a48c	4			yes					-1	-1	-1	-1	
93	0	9bebe9a830f43d1a	5			yes					94	99	105	110	123	
94	93	ac22c0721c40186d	4			yes					95	96	98	-1	
95	94	89ffa5d129e08ab8	5			yes					-1	-1	-1	-1	-1	
96	94	b6798569bb5c121b	3			yes					-1	97	-1	
97	96	16d4d456dd62a755	5			yes					-1	-1	-1	-1	-1	
98	94	889916c63beb9152	3			yes					-1	-1	-1	
99	93	7ef1a1a9df508843	4			yes					100	103	104	-1	
100	99	58459215e671d48e	3			yes					-1	101	-1	
101	100	508c0200f686c41d	5			yes					-1	-1	-1	-1	-1	
102	101	8745774799f54b82	4			no					-1	-1	-1	-2	
103	99	71e393b13190b1b6	5			yes					-1	-1	-1	-1	-1	
104	99	5a4a771df8fb017c	3			yes					-1	-1	-1	
105	93	a88a9590bf647919	4			yes					106	108	109	-1	
106	105	8e3ea62c864525d4	3			yes					107	-1	-1	
107	106	0a4f43ddecd0ffc9	5			yes					-1	-1	-1	-1	-1	
108	105	a4ca9cb1ec15ebeb	3			yes					-1	-1	-1	
109	105	5548b1009baa3344	5			yes					-1	-1	-1	-1	-1	
110	93	d050bdf4ee32b5a8	5			yes					111	116	119	121	122	
111	110	f6e48e48d713e965	4			yes					112	113	-1	115	
112	111	0de1e2afb408c0c5	5			yes					-1	-1	-1	-1	-1	
113	111	020cbdb7e9de9a7a	5			yes					-1	-1	-1	-1	-1	
114	113	d5c5c8f086ad15e5	4			no					-1	-1	-2	-2	
115	111	d25e8e22d8b321cf	5			yes					-1	-1	-1	-1	-1	
116	110	dc10b4d5bd43275a	4			yes					-1	117	-1	-1	
117	116	f5fdd4cfac78fbcb	5			yes					-1	-1	-1	-1	-1	
118	116	00e8d353d32aa1d6	5			yes					-1	-1	-1	-1	-1	
119	110	ca0bf8ef492ebfde	4			yes					-1	-1	-1	120	
120	119	10a43c94bb25e890	5			yes					-1	-1	-1	-1	-1	
121	110	fd3e1b4f9e73c734	4			yes					-1	-1	-1	-1	
122	110	1dc1d93dbd0db6d5	4			yes					-1	-1	-1	-1	
123	93	8bcd051f8ba5c4cc	5			yes					124	128	131	133	134	
124	123	ad7936a3b2849801	4			yes					125	126	127	-1	
125	124	a388389fef613feb	5			yes					-1	-1	-1	-1	-1	
126	124	c2c527bdfd394331	5			yes					-1	-1	-1	-1	-1	
127	124	23dd79eed7fedf69	5			yes					-1	-1	-1	-1	-1	
128	123	878d0c3ed8d4563e	4			yes					-1	129	130	-1	
129	128	5b940efff71104e5	5			yes					-1	-1	-1	-1	-1	
130	128	2f612016cdc961df	5			yes					-1	-1	-1	-1	-1	
131	123	919640042cb9ceba	4			yes					-1	-1	132	-1	
132	131	7f3f2c4e5d2b8617	5			yes					-1	-1	-1	-1	-1	
133	123	af76d3abac0e4df3	4			yes					-1	-1	-1	-1	
134	123	1414a932eae74d76	4			yes					-1	-1	-1	-1	
135	0	e557d75599c32593	5			yes					136	148	159	170	-1	
136	135	9c43135c4d0f434a	5			yes					137	140	145	147	-1	
137	136	0a73938bc72be7e2	4			yes					138	139	-1	-1	
138	137	be843bb71860eb29	4			yes					-1	-1	-1	-1	
139	137	ab350fe7ab1d6431	4			yes					-1	-1	-1	-1	
140	136	86185647ea13493c	4			yes					-1	141	144	-1	
141	140	f265aa5724543ca4	5			yes					142	143	-1	-1	-1	
142	141	1ef3aeb6dd139ba7	4			yes					-1	-1	-1	-1	
143	141	b24346b4fe464ba8	4			yes					-1	-1	-1	-1	
144	140	d49bc9a0f3008807	4			yes					-1	-1	-1	-1	
145	136	b8f8c5e86aa4ca75	4			yes					-1	-1	146	-1	
146	145	37498f2d6de37ec4	5			yes					-1	-1	-1	-1	-1	
147	136	3e74ef4ace21742c	4			yes					-1	-1	-1	-1	
148	135	4e9072878e1fd364	5			yes					149	153	155	158	-1	
149	148	6824413bb73e8fa9	4			yes					150	151	152	-1	
150	149	f84fc7c3ba3acd26	4			yes					-1	-1	-1	-1	
151	149	a71d431fb83b3df7	4			yes					-1	-1	-1	-1	
152	149	722d7144cdad54e4	4			yes					-1	-1	-1	-1	
153	148	369ce52c5916b159	4			yes					-1	154	-1	-1	
154	153	53293987b36d5f3f	4			yes					-1	-1	-1	-1	
155	148	6a2ba433a9b45a5b	4			yes					-1	-1	156	-1	
156	155	e299e230b5de1b31	5			yes					-1	157	-1	-1	-1	
157	156	f35cb3baa454fb6a	4			yes					-1	-1	-1	-1	
158	148	eca78e910d31e402	4			yes					-1	-1	-1	-1	
159	135	98eb46beee2b223e	5			yes					160	165	168	169	-1	
160	159	be5f7502d70a7ef3	4			yes					161	163	164	-1	
161	160	eefe3ddc15e66438	5			yes					-1	162	-1	-1	-1	
162	161	2c7a09142328c992	4			yes					-1	-1	-1	-1	
163	160	30ccc37ccc4f18d9	4			yes					-1	-1	-1	-1	
164	160	424bc6295d7ef238	4			yes					-1	-1	-1	-1	
165	159	94ab4f9fbd5ab0cc	4			yes					-1	166	167	-1	
166	165	ac9e4c6d21147620	4			yes					-1	-1	-1	-1	
167	165	cef055322db872cb	4			yes					-1	-1	-1	-1	
168	159	1e673ab92dccaa94	4			yes					-1	-1	-1	-1	
169	159	3adcbaa86d051558	4			yes					-1	-1	-1	-1	
170	135	44873554f1b2f741	5			yes					171	176	180	181	-1	
171	170	623306e8c893ab8c	4			yes					172	175	-1	-1	
172	171	e9509cae4d3e5b34	5			yes					-1	173	174	-1	-1	
173	172	a8644e6abec083ef	4			yes					-1	-1	-1	-1	
174	172	90cf4ca031defeef	4			yes					-1	-1	-1	-1	
175	171	8adf136f90693ef9	4			yes					-1	-1	-1	-1	
176	170	48c73c75a2c365b3	4			yes					-1	177	-1	-1	
177	176	114caace554e603a	5			yes					178	-1	179	-1	-1	
178	177	be46cb79eac15328	4			yes					-1	-1	-1	-1	
179	177	68d37ac029aec5e1	4			yes					-1	-1	-1	-1	
180	170	5edc704f56aefd37	4			yes					-1	-1	-1	-1	
181	170	a60b83b409fe9784	4			yes					-1	-1	-1	-1	
