Number of nodes
571
ID	PID	Hash_Value			File_Number	Fully_Enumerated	Children
0	-1	b3a979b91f8f9513	6			yes					1	192	324	438	523	570	
1	0	0dad970cbf40416a	5			yes					2	72	104	135	158	
2	1	3b7b79d5899f3f61	5			yes					3	17	39	60	71	
3	2	a987850db463b7fc	4			yes					4	6	9	13	
4	3	0b3f6a87cdd4fa80	5			yes					-1	-1	-1	-1	5	
5	4	67af0bdeba12e7aa	4			yes					-1	-1	-1	-1	
6	3	aa3740e603782bd1	5			yes					-1	7	-1	-1	8	
7	6	6eefabb860e48b69	4			yes					-1	-1	-1	-1	
8	6	7a5feb875d503eb2	4			yes					-1	-1	-1	-1	
9	3	c64bd8291c17b373	3			yes					10	11	12	
10	9	dbf622096e1deb88	4			yes					-1	-1	-1	-1	
11	9	2b2993117e85817c	4			yes					-1	-1	-1	-1	
12	9	eb1ea76ed054d3eb	5			yes					-1	-1	-1	-1	-1	
13	3	3b31e28222e7e22e	3			yes					14	15	-1	
14	13	0682a246a989a85f	4			yes					-1	-1	-1	-1	
15	13	e282bc37e10b761f	5			yes					-1	-1	-1	-1	16	
16	15	101db5639979c073	4			yes					-1	-1	-1	-1	
17	2	d68306e4ab696ee1	4			yes					-1	18	25	32	
18	17	90e989401821499e	5			yes					19	21	22	23	24	
19	18	6926df321211af27	4			yes					20	-1	-1	-1	
20	19	5c6386f3f7ef6cd0	3			yes					-1	-1	-1	
21	18	a5acd081fddf8a69	4			yes					-1	-1	-1	-1	
22	18	f3ea434b21f244e2	4			yes					-1	-1	-1	-1	
23	18	ff349bd35830e29c	4			yes					-1	-1	-1	-1	
24	18	c054d72b960c8330	4			yes					-1	-1	-1	-1	
25	17	6fdd5b71f7434cfe	5			yes					26	28	29	30	31	
26	25	96120d03fd73aa47	4			yes					27	-1	-1	-1	
27	26	a35754c2188d69b0	3			yes					-1	-1	-1	
28	25	5a9802b012bd8f09	4			yes					-1	-1	-1	-1	
29	25	188dae970253752b	4			yes					-1	-1	-1	-1	
30	25	edfb46ff27b280ec	4			yes					-1	-1	-1	-1	
31	25	39fce7dbca2fd089	4			yes					-1	-1	-1	-1	
32	17	b2a9db3e30d70f29	5			yes					33	35	36	37	38	
33	32	4b668d4c3ae7e990	4			yes					34	-1	-1	-1	
34	33	7e23d48ddf192a67	3			yes					-1	-1	-1	
35	32	87ec82ffd529ccde	4			yes					-1	-1	-1	-1	
36	32	c5f92ed8c5c736fc	4			yes					-1	-1	-1	-1	
37	32	1cb9daaedda2585a	4			yes					-1	-1	-1	-1	
38	32	15cafbc5f7ab4be8	4			yes					-1	-1	-1	-1	
39	2	827eb94221fa8840	4			yes					-1	-1	40	47	
40	39	9f02ea69e7db260a	5			yes					41	43	44	45	46	
41	40	66cdbc1bedebc0b3	4			yes					42	-1	-1	-1	
42	41	5388e5da08150344	3			yes					-1	-1	-1	
43	40	aa47b3a80225e5fd	4			yes					-1	-1	-1	-1	
44	40	5bda0137844786b2	4			yes					-1	-1	-1	-1	
45	40	5e735847b13e1981	4			yes					-1	-1	-1	-1	
46	40	c92356c3dab7ba7d	4			yes					-1	-1	-1	-1	
47	39	56a9c54f7855d169	6			yes					48	52	55	-1	57	59	
48	47	af66933d726537d0	5			yes					49	50	-1	-1	51	
49	48	9a23cafc979bf427	4			yes					-1	-1	-1	-1	
50	48	6bbe786311f99768	4			yes					-1	-1	-1	-1	
51	48	5df99a690a1781bc	4			yes					-1	-1	-1	-1	
52	47	63ec9c8e9dab129e	5			yes					-1	53	-1	-1	54	
53	52	a73477d0fe37b226	4			yes					-1	-1	-1	-1	
54	52	917395dae5d9a4f2	4			yes					-1	-1	-1	-1	
55	47	92712e111bc971d1	5			yes					-1	-1	-1	-1	56	
56	55	60ee274563bbc7bd	4			yes					-1	-1	-1	-1	
57	47	672a7bf31d69ecfb	5			yes					-1	-1	-1	-1	58	
58	57	95b572a7651b5a97	4			yes					-1	-1	-1	-1	
59	47	a436cc1b00276705	5			yes					-1	-1	-1	-1	-1	
60	2	54b724f121eb3bee	4			yes					-1	-1	-1	61	
61	60	5f35de16490a749d	6			yes					62	64	66	68	-1	70	
62	61	a6fa8864433a9224	5			yes					-1	-1	-1	-1	63	
63	62	546581303b482448	4			yes					-1	-1	-1	-1	
64	61	6a7087d7acf4b76a	5			yes					-1	-1	-1	-1	65	
65	64	98ef8e83d4860106	4			yes					-1	-1	-1	-1	
66	61	9bed35482a96d425	5			yes					-1	-1	-1	-1	67	
67	66	69723c1c52e46249	4			yes					-1	-1	-1	-1	
68	61	316228cd2770b09a	5			yes					-1	-1	-1	-1	69	
69	68	c3fd21995f0206f6	4			yes					-1	-1	-1	-1	
70	61	adaad7423178c2f1	5			yes					-1	-1	-1	-1	-1	
71	2	a9cd1e5a1f1b6ab3	4			yes					-1	-1	-1	-1	
72	1	f7253648844b529b	4			yes					73	83	92	103	
73	72	d59dd859ca83be8a	3			yes					74	75	79	
74	73	aacb56e9e5b768c8	4			yes					-1	-1	-1	-1	
75	73	a4e74e532012c0b9	5			yes					-1	76	77	-1	78	
76	75	015190651188ce59	4			yes					-1	-1	-1	-1	
77	75	cab0b8884e6804be	4			yes					-1	-1	-1	-1	
78	75	4d0d5efa53e0c4af	4			yes					-1	-1	-1	-1	
79	73	7e830372135faf6c	5			yes					-1	80	81	-1	82	
80	79	db35dd4422c5a18c	4			yes					-1	-1	-1	-1	
81	79	10d4f5a97d256b6b	4			yes					-1	-1	-1	-1	
82	79	c481c28d2930b1bf	4			yes					-1	-1	-1	-1	
83	72	dfc2d4ba7038bd4c	3			yes					-1	84	88	
84	83	7080e1fe5bdfe361	5			yes					85	86	-1	-1	87	
85	84	894fb78c51ef05d8	4			yes					-1	-1	-1	-1	
86	84	00491cbc102f5b4d	4			yes					-1	-1	-1	-1	
87	84	996af157282de777	4			yes					-1	-1	-1	-1	
88	83	aae4acdf68928cb4	5			yes					89	90	-1	-1	91	
89	88	532bfaad62a26a0d	4			yes					-1	-1	-1	-1	
90	88	da2d519d23623498	4			yes					-1	-1	-1	-1	
91	88	10e66d2052fd9267	4			yes					-1	-1	-1	-1	
92	72	98e96b6c2c3f5614	3			yes					-1	-1	93	
93	92	7bd74ffdb502a11e	6			yes					94	96	98	100	-1	102	
94	93	8218198fbf3247a7	5			yes					-1	-1	-1	-1	95	
95	94	708710dbc740f1cb	4			yes					-1	-1	-1	-1	
96	93	0b1eb2bffef21932	5			yes					-1	-1	-1	-1	97	
97	96	f981bbeb8680af5e	4			yes					-1	-1	-1	-1	
98	93	de6191cb8498affe	5			yes					-1	-1	-1	-1	99	
99	98	2cfe989ffcea1992	4			yes					-1	-1	-1	-1	
100	93	1580b926db786519	5			yes					-1	-1	-1	-1	101	
101	100	e71fb072a30ad375	4			yes					-1	-1	-1	-1	
102	93	894846a9cd701772	5			yes					-1	-1	-1	-1	-1	
103	72	659351c712cf0749	3			yes					-1	-1	-1	
104	1	6f86cab908136c92	4			yes					105	114	132	134	
105	104	4d3e24a846db8083	3			yes					106	109	110	
106	105	55666afef2ed19af	5			yes					-1	107	-1	-1	108	
107	106	cbbba04340febc1f	4			yes					-1	-1	-1	-1	
108	106	b14f0b166a9fbd40	4			yes					-1	-1	-1	-1	
109	105	50adb5eca398e394	4			yes					-1	-1	-1	-1	
110	105	cf4fa7b87f5865b6	5			yes					-1	111	112	-1	113	
111	110	0b974ce61cc4c50e	4			yes					-1	-1	-1	-1	
112	110	71bac0c12f23c533	4			yes					-1	-1	-1	-1	
113	110	754d664745377b65	4			yes					-1	-1	-1	-1	
114	104	827eb5882ae53d12	3			yes					-1	115	119	
115	114	3c2bcbbb3fcdc037	5			yes					116	117	-1	-1	118	
116	115	c5e49dc935fd268e	4			yes					-1	-1	-1	-1	
117	115	4ce236f9743d781b	4			yes					-1	-1	-1	-1	
118	115	5119cc7e3f07368a	4			yes					-1	-1	-1	-1	
119	114	1e8fa99868670d1b	6			yes					120	123	125	127	129	131	
120	119	e740ffea6257eba2	5			yes					121	-1	-1	-1	122	
121	120	978902a829a7538e	4			yes					-1	-1	-1	-1	
122	120	15dff6be1a255dce	4			yes					-1	-1	-1	-1	
123	119	6e4654da2397b537	5			yes					-1	-1	-1	-1	124	
124	123	9cd95d8e5be5035b	4			yes					-1	-1	-1	-1	
125	119	80526325da74a8ab	5			yes					-1	-1	-1	-1	126	
126	125	72cd6a71a2061ec7	4			yes					-1	-1	-1	-1	
127	119	8079036075a6b229	5			yes					-1	-1	-1	-1	128	
128	127	72e60a340dd40445	4			yes					-1	-1	-1	-1	
129	119	7bb2c2219660f27b	5			yes					-1	-1	-1	-1	130	
130	129	892dcb75ee124417	4			yes					-1	-1	-1	-1	
131	119	ec10a0cc1015bb77	5			yes					-1	-1	-1	-1	-1	
132	104	5df6f6affabae843	3			yes					-1	-1	133	
133	132	37fa843bef498c5f	5			yes					-1	-1	-1	-1	-1	
134	104	fd30ad369e973940	3			yes					-1	-1	-1	
135	1	b102fa8fb562cc41	4			yes					136	143	155	157	
136	135	93ba149efbaa2050	3			yes					137	140	-1	
137	136	ab2533ce3c846665	5			yes					-1	-1	138	139	-1	
138	137	a5f843f340f17bdf	4			yes					-1	-1	-1	-1	
139	137	4aa615227fef8055	4			yes					-1	-1	-1	-1	
140	136	45b31d287e4b7a35	5			yes					-1	141	-1	142	-1	
141	140	816bf6761dd7da8d	4			yes					-1	-1	-1	-1	
142	140	a4303bc43d209c05	4			yes					-1	-1	-1	-1	
143	135	5cfa85be97949dc1	3			yes					-1	144	154	
144	143	65e927a44b3c43d4	6			yes					145	147	149	150	152	153	
145	144	9c2671d6410ca56d	5			yes					-1	-1	-1	-1	146	
146	145	c9ee1d7c33bc3252	4			yes					-1	-1	-1	-1	
147	144	1520dae600ccfbf8	5			yes					-1	-1	-1	-1	148	
148	147	40e8b64c727c6cc7	4			yes					-1	-1	-1	-1	
149	144	06eaedaf72ef4ea8	5			yes					-1	-1	-1	-1	-1	
150	144	a409fc7cd7b770c5	5			yes					-1	-1	-1	-1	151	
151	150	f1c190d6a507e7fa	4			yes					-1	-1	-1	-1	
152	144	2be5bae3e49860f8	4			yes					-1	-1	-1	-1	
153	144	30214b0e398cd4eb	5			yes					-1	-1	-1	-1	-1	
154	143	fa2698af75c00e71	5			yes					-1	-1	-1	-1	-1	
155	135	08073a181d077b60	3			yes					-1	-1	156	
156	155	0af929b765586485	5			yes					-1	-1	-1	-1	-1	
157	135	764551b7c45b0ab0	3			yes					-1	-1	-1	
158	1	068174c419703667	5			yes					159	167	186	190	191	
159	158	24399ad557b8da76	4			yes					160	162	165	-1	
160	159	73d74ff7c7db5558	5			yes					-1	-1	-1	-1	161	
161	160	c4641ac04556a74f	4			yes					-1	-1	-1	-1	
162	159	b5fbfd6bcbd67c85	5			yes					-1	163	-1	-1	164	
163	162	71231635a84adc3d	4			yes					-1	-1	-1	-1	
164	162	0248a85c495b8e92	4			yes					-1	-1	-1	-1	
165	159	2cbbffbd607be2b8	5			yes					-1	-1	-1	-1	166	
166	165	9b08aa8ae2f610af	4			yes					-1	-1	-1	-1	
167	158	eb790bf53b8667e7	4			yes					-1	168	179	184	
168	167	bdf0887428e8b448	6			yes					169	171	173	174	176	178	
169	168	443fde0622d852f1	5			yes					-1	-1	-1	-1	170	
170	169	03f31b437826873f	4			yes					-1	-1	-1	-1	
171	168	cd39753663180c64	5			yes					-1	-1	-1	-1	172	
172	171	8af5b07339e6d9aa	4			yes					-1	-1	-1	-1	
173	168	def3427f113bb934	5			yes					-1	-1	-1	-1	-1	
174	168	d22d9ae768f91f4a	5			yes					-1	-1	-1	-1	175	
175	174	95e15fa23207ca84	4			yes					-1	-1	-1	-1	
176	168	c214b6ed62fc2d25	5			yes					-1	-1	-1	-1	177	
177	176	85d873a83802f8eb	4			yes					-1	-1	-1	-1	
178	168	fa3c4d3172166186	5			yes					-1	-1	-1	-1	-1	
179	167	84b556d193f26368	3			yes					180	181	-1	
180	179	ca7d9a1721dbe68e	5			yes					-1	-1	-1	-1	-1	
181	179	ffcdb067ad4bf85f	5			yes					182	-1	-1	-1	183	
182	181	0602e615a77b1ee6	4			yes					-1	-1	-1	-1	
183	181	487ee5502fc60a48	4			yes					-1	-1	-1	-1	
184	167	f47173a24ed95fbf	3			yes					-1	185	-1	
185	184	231cc20fa063d084	5			yes					-1	-1	-1	-1	-1	
186	158	bf84b453b1158146	4			yes					-1	-1	187	189	
187	186	d048e977196185c9	3			yes					188	-1	-1	
188	187	3aa22b0f31438c7a	5			yes					-1	-1	-1	-1	-1	
189	186	a08ccc04c44ab91e	3			yes					-1	-1	-1	
190	158	694d29e0b10432e8	4			yes					-1	-1	-1	-1	
191	158	19890c936c2f0e3f	4			yes					-1	-1	-1	-1	
192	0	f299f79af192219d	5			yes					-1	193	247	271	289	
193	192	8fc716304db4d140	5			yes					194	215	225	235	246	
194	193	741b629f58ec3bff	4			yes					195	199	204	210	
195	194	4a33a15a1d5bb87e	3			yes					196	197	198	
196	195	a84b90f40d21aff4	4			yes					-1	-1	-1	-1	
197	195	6ec8f53e2da453fe	5			yes					-1	-1	-1	-1	-1	
198	195	b4acb81f1ee93c2b	5			yes					-1	-1	-1	-1	-1	
199	194	4701efcf6e976aae	5			yes					200	201	-1	202	203	
200	199	9dba0e0f4faddc7f	4			yes					-1	-1	-1	-1	
201	199	911cb9f2fd00de06	4			yes					-1	-1	-1	-1	
202	199	cd65acd4284363a0	4			yes					-1	-1	-1	-1	
203	199	0c8b09fdee8d4cac	4			yes					-1	-1	-1	-1	
204	194	51b0910d32ed5bbc	5			yes					205	206	207	208	209	
205	204	8b0b70cd13d7ed6d	4			yes					-1	-1	-1	-1	
206	204	87adc730a17aef14	4			yes					-1	-1	-1	-1	
207	204	fcc9ebdd723d809f	4			yes					-1	-1	-1	-1	
208	204	f8ca542c63d4abc0	4			yes					-1	-1	-1	-1	
209	204	08a5080ca3442926	4			yes					-1	-1	-1	-1	
210	194	65368a096ba22673	5			yes					211	212	213	214	-1	
211	210	bf8d6bc94a9890a2	4			yes					-1	-1	-1	-1	
212	210	b32bdc34f83592db	4			yes					-1	-1	-1	-1	
213	210	c84ff0d92b72fd50	4			yes					-1	-1	-1	-1	
214	210	d1df853695c25065	4			yes					-1	-1	-1	-1	
215	193	b1efd5f5080352c1	4			yes					-1	216	219	223	
216	215	8dac9bcdedd74973	5			yes					217	-1	-1	-1	218	
217	216	9b55a5bb2bee2d17	4			yes					-1	-1	-1	-1	
218	216	420a4a51ba0e04f5	4			yes					-1	-1	-1	-1	
219	215	de2388d1a077564e	3			yes					-1	220	221	
220	219	b8d5dd49e85f550f	4			yes					-1	-1	-1	-1	
221	219	7055abbcde6dd1a0	5			yes					-1	-1	-1	-1	222	
222	221	82caa2e8a61f67cc	4			yes					-1	-1	-1	-1	
223	215	2359b27a9e870713	3			yes					-1	224	-1	
224	223	19303cadd3e132f3	5			yes					-1	-1	-1	-1	-1	
225	193	388e8dc16e1f3863	4			yes					-1	-1	226	231	
226	225	eb1648a494e2674a	5			yes					227	228	229	-1	230	
227	226	fdef76d252db032e	4			yes					-1	-1	-1	-1	
228	226	de531165711ca4bd	4			yes					-1	-1	-1	-1	
229	226	5227e1b7557b5f4f	4			yes					-1	-1	-1	-1	
230	226	b203d1a5054b15d0	4			yes					-1	-1	-1	-1	
231	225	6c146432d7a93314	5			yes					232	233	234	-1	-1	
232	231	7aed5a4411905770	4			yes					-1	-1	-1	-1	
233	231	59513df33257f0e3	4			yes					-1	-1	-1	-1	
234	231	d525cd2116300b11	4			yes					-1	-1	-1	-1	
235	193	e00b4b14e5c0d5cf	4			yes					-1	-1	-1	236	
236	235	d16d837ad7055818	6			yes					237	239	241	243	-1	245	
237	236	c794bd0c113c3c7c	5			yes					-1	-1	-1	-1	238	
238	237	350bb458694e8a10	4			yes					-1	-1	-1	-1	
239	236	e428dabb32fb9bef	5			yes					-1	-1	-1	-1	240	
240	239	16b7d3ef4a892d83	4			yes					-1	-1	-1	-1	
241	236	74db5d4ce69f56f8	5			yes					-1	-1	-1	-1	242	
242	241	864454189eede094	4			yes					-1	-1	-1	-1	
243	236	bf3a75a1b97f9c1f	5			yes					-1	-1	-1	-1	244	
244	243	4da57cf5c10d2a73	4			yes					-1	-1	-1	-1	
245	236	23f28a2eaf77ee74	5			yes					-1	-1	-1	-1	-1	
246	193	1d7171bfdb308492	4			yes					-1	-1	-1	-1	
247	192	7108628ac5643c02	4			yes					248	263	268	270	
248	247	8ad41625d03cd6bd	3			yes					249	251	253	
249	248	e20428f5e4c043d7	5			yes					-1	-1	-1	-1	250	
250	249	062d491d7cb2e738	4			yes					-1	-1	-1	-1	
251	248	79e362b55389d6fa	5			yes					-1	-1	-1	-1	252	
252	251	14d1657053432047	4			yes					-1	-1	-1	-1	
253	248	65fdfe66e31156a4	6			yes					254	256	258	260	261	262	
254	253	bf461fa6c22be075	5			yes					-1	-1	-1	-1	255	
255	254	4dd916f2ba595619	4			yes					-1	-1	-1	-1	
256	253	5b0f3971c18df6dd	5			yes					-1	-1	-1	-1	257	
257	256	a9903025b9ff40b1	4			yes					-1	-1	-1	-1	
258	253	ed1deec29812e096	5			yes					-1	-1	-1	-1	259	
259	258	1f82e796e06056fa	4			yes					-1	-1	-1	-1	
260	253	fb0b549efed0e996	5			yes					-1	-1	-1	-1	-1	
261	253	00c095df1d16a9c4	5			yes					-1	-1	-1	-1	-1	
262	253	9762f7329b63e0c8	5			yes					-1	-1	-1	-1	-1	
263	247	5b1a2f3671753bbc	3			yes					-1	264	265	
264	263	5191cb4a76a913c9	4			yes					-1	-1	-1	-1	
265	263	ce73d91eaa6995eb	5			yes					266	-1	267	-1	-1	
266	265	d88ae7686c50f18f	4			yes					-1	-1	-1	-1	
267	265	7086be67fa12356e	4			yes					-1	-1	-1	-1	
268	247	43785e9c37cdb8d3	3			yes					-1	-1	269	
269	268	9d4048bc8d4e7559	5			yes					-1	-1	-1	-1	-1	
270	247	e3be050553e069d0	3			yes					-1	-1	-1	
271	192	af8c52bc78159cd1	4			yes					272	283	286	288	
272	271	545026136d4d766e	3			yes					273	275	282	
273	272	5d94116230785632	5			yes					-1	-1	-1	274	-1	
274	273	bc17378e7313b002	4			yes					-1	-1	-1	-1	
275	272	20218eaa27785519	6			yes					276	277	278	279	280	281	
276	275	fa9a6f6a0642e3c8	5			yes					-1	-1	-1	-1	-1	
277	275	1ed349bd05e4f560	5			yes					-1	-1	-1	-1	-1	
278	275	6ba5604830890695	5			yes					-1	-1	-1	-1	-1	
279	275	e1c15572bbf36608	5			yes					-1	-1	-1	-1	-1	
280	275	6e2d13ed88dc7635	4			yes					-1	-1	-1	-1	
281	275	75e9e20055c8c226	5			yes					-1	-1	-1	-1	-1	
282	272	bb94bebd2341e0ab	5			yes					-1	-1	-1	-1	-1	
283	271	859e1f00cc049b6f	3			yes					-1	284	-1	
284	283	448f638eab7a8a68	5			yes					-1	-1	-1	285	-1	
285	284	a50c4562e8116c58	4			yes					-1	-1	-1	-1	
286	271	1689922bd0702bf0	3			yes					-1	-1	287	
287	286	a043e530075f9d83	5			yes					-1	-1	-1	-1	-1	
288	271	68cbf984092c5a20	3			yes					-1	-1	-1	
289	192	180fdcf7d40766f7	5			yes					290	311	318	322	323	
290	289	e3d3a858c15f8c48	4			yes					291	293	304	308	
291	290	e9fe43cccba8fc6b	5			yes					-1	-1	-1	-1	292	
292	291	5e4d16fb49250e7c	4			yes					-1	-1	-1	-1	
293	290	f838217a44aca285	6			yes					294	296	298	300	302	303	
294	293	2283c0ba65961454	5			yes					-1	-1	-1	-1	295	
295	294	654f05ff3f68c19a	4			yes					-1	-1	-1	-1	
296	293	c6cae66d663002fc	5			yes					-1	-1	-1	-1	297	
297	296	810623283cced732	4			yes					-1	-1	-1	-1	
298	293	b3bccf98535df109	5			yes					-1	-1	-1	-1	299	
299	298	f4700add09a324c7	4			yes					-1	-1	-1	-1	
300	293	97e533e904bd0987	5			yes					-1	-1	-1	-1	301	
301	300	d029f6ac5e43dc49	4			yes					-1	-1	-1	-1	
302	293	87dc1fe30eb83be8	5			yes					-1	-1	-1	-1	-1	
303	293	bff4e43f1e52774b	5			yes					-1	-1	-1	-1	-1	
304	290	8c1ff57c692b88c7	3			yes					305	306	-1	
305	304	0bd57de8f8786399	5			yes					-1	-1	-1	-1	-1	
306	304	ba051969c10fee92	5			yes					-1	-1	-1	-1	307	
307	306	0db64c5e43821c85	4			yes					-1	-1	-1	-1	
308	290	fcdbd00fb400b410	3			yes					309	310	-1	
309	308	146eabc72b009bcb	5			yes					-1	-1	-1	-1	-1	
310	308	66d46b01cc27c649	5			yes					-1	-1	-1	-1	-1	
311	289	321d914b60166149	4			yes					-1	312	315	316	
312	311	b4c783cd1ee78cd8	5			yes					313	-1	-1	-1	314	
313	312	a23ebdbbd8dee8bc	4			yes					-1	-1	-1	-1	
314	312	0374d6fa9c6a7ecf	4			yes					-1	-1	-1	-1	
315	311	2d87811bb54a12e5	5			yes					-1	-1	-1	-1	-1	
316	311	2d15e91c15495911	3			yes					-1	317	-1	
317	316	e3bec291343a8642	5			yes					-1	-1	-1	-1	-1	
318	289	a10a1c607c62d1d6	4			yes					-1	-1	319	321	
319	318	cec64144d416d559	3			yes					-1	320	-1	
320	319	3b9e55a9e4727c27	5			yes					-1	-1	-1	-1	-1	
321	318	be026437093de98e	3			yes					-1	-1	-1	
322	289	77c381d37c736278	4			yes					-1	-1	-1	-1	
323	289	0707a4a0a1585eaf	4			yes					-1	-1	-1	-1	
324	0	95e86f6fc22484fe	5			yes					-1	-1	325	389	408	
325	324	0dbd6dca1f088d1b	5			yes					326	350	370	377	388	
326	325	f66119650a5067a4	4			yes					327	334	336	341	
327	326	54c4dfcd4bc2c24c	5			yes					328	329	331	332	333	
328	327	00fe68afb0495df5	4			yes					-1	-1	-1	-1	
329	327	d684aa822baae05e	4			yes					-1	330	-1	-1	
330	329	6871cdfb7bd140db	3			yes					-1	-1	-1	
331	327	ea31b8b41bb962c9	4			yes					-1	-1	-1	-1	
332	327	230543664b823b2c	4			yes					-1	-1	-1	-1	
333	327	1f4e39ffcbd8e44e	4			yes					-1	-1	-1	-1	
334	326	b4f193ee7063d1b7	5			yes					-1	-1	-1	-1	335	
335	334	5c49d2b665a34331	4			yes					-1	-1	-1	-1	
336	326	a8b40e2d72bc3aea	5			yes					-1	337	338	339	340	
337	336	cae8d46f416886a2	4			yes					-1	-1	-1	-1	
338	336	39a50886297bc363	4			yes					-1	-1	-1	-1	
339	336	968b4afd4e5b1dd8	4			yes					-1	-1	-1	-1	
340	336	fe95b2874fd0a69d	4			yes					-1	-1	-1	-1	
341	326	c9fe3e42e8837791	6			yes					342	343	345	347	348	349	
342	341	fa1914fcf3a7b3ff	5			yes					-1	-1	-1	-1	-1	
343	341	aba2e400db57cbd9	5			yes					-1	-1	-1	-1	344	
344	343	593ded54a3257db5	4			yes					-1	-1	-1	-1	
345	341	58ef38e9b3448e18	5			yes					-1	-1	-1	-1	346	
346	345	aa7031bdcb363874	4			yes					-1	-1	-1	-1	
347	341	570894baf542c8a3	5			yes					-1	-1	-1	-1	-1	
348	341	acc355fb168488f1	5			yes					-1	-1	-1	-1	-1	
349	341	3b61371690f1c1fd	5			yes					-1	-1	-1	-1	-1	
350	325	59fb66a81d63da26	4			yes					-1	351	354	360	
351	350	92f583e21b8eb521	5			yes					352	-1	-1	-1	353	
352	351	840cbd94ddb7d145	4			yes					-1	-1	-1	-1	
353	351	7a4dc2ba0e4e27a7	4			yes					-1	-1	-1	-1	
354	350	4950245b1a58ebb2	5			yes					355	356	357	358	359	
355	354	5fa91a2ddc618fd6	4			yes					-1	-1	-1	-1	
356	354	eff6c0a79c7526a8	4			yes					-1	-1	-1	-1	
357	354	d84122f0419f123b	4			yes					-1	-1	-1	-1	
358	354	776f608b26bfcc80	4			yes					-1	-1	-1	-1	
359	354	1f7198f1273477c5	4			yes					-1	-1	-1	-1	
360	350	281a14348067a6c9	6			yes					361	363	365	367	368	369	
361	360	3ee32a42465ec2ad	5			yes					-1	-1	-1	-1	362	
362	361	cc7c23163e2c74c1	4			yes					-1	-1	-1	-1	
363	360	8ebcf0c8064a6bd3	5			yes					-1	-1	-1	-1	364	
364	363	7c23f99c7e38ddbf	4			yes					-1	-1	-1	-1	
365	360	b90b129fdba05f40	5			yes					-1	-1	-1	-1	366	
366	365	4b941bcba3d2e92c	4			yes					-1	-1	-1	-1	
367	360	b6ecbecc9da619fb	5			yes					-1	-1	-1	-1	-1	
368	360	4d277f8d7e6059a9	5			yes					-1	-1	-1	-1	-1	
369	360	da851d60f81510a5	5			yes					-1	-1	-1	-1	-1	
370	325	52e0456629c3ecdf	4			yes					-1	-1	371	374	
371	370	3d2c184281b7e850	3			yes					372	373	-1	
372	371	6a028d70ea5adb2a	4			yes					-1	-1	-1	-1	
373	371	4c069d7c81b7bfbc	4			yes					-1	-1	-1	-1	
374	370	c05622e9bf47b90d	3			yes					375	376	-1	
375	374	6deb7aaef41e8ecf	5			yes					-1	-1	-1	-1	-1	
376	374	4bef6aa29ff3ea59	5			yes					-1	-1	-1	-1	-1	
377	325	627130eeb77c8994	4			yes					-1	-1	-1	378	
378	377	4443b65b470a4741	6			yes					379	381	383	385	-1	387	
379	378	52ba882d81332325	5			yes					-1	-1	-1	-1	380	
380	379	a0258179f9419549	4			yes					-1	-1	-1	-1	
381	378	348a4b190cfaff6d	5			yes					-1	-1	-1	-1	382	
382	381	c615424d74884901	4			yes					-1	-1	-1	-1	
383	378	e1f5686d769049a1	5			yes					-1	-1	-1	-1	384	
384	383	136a61390ee2ffcd	4			yes					-1	-1	-1	-1	
385	378	fab6d1221771e7c4	5			yes					-1	-1	-1	-1	386	
386	385	0829d8766f0351a8	4			yes					-1	-1	-1	-1	
387	378	b6dcbf0f3f78f12d	5			yes					-1	-1	-1	-1	-1	
388	325	9f0b0a45898cd8c9	4			yes					-1	-1	-1	-1	
389	324	403a3607927994a4	4			yes					390	402	406	407	
390	389	bbe642a887217e1b	3			yes					391	399	401	
391	390	cce08243130a4222	6			yes					-1	392	393	395	397	398	
392	391	4ea0f70c73626030	5			yes					-1	-1	-1	-1	-1	
393	391	a2b774987d708625	5			yes					-1	-1	-1	-1	394	
394	393	f77f18320fc0111a	4			yes					-1	-1	-1	-1	
395	391	f621a9b15a3d5a80	5			yes					-1	-1	-1	-1	396	
396	395	a3e9c51b288dcdbf	4			yes					-1	-1	-1	-1	
397	391	82ec1f04bcae610e	4			yes					-1	-1	-1	-1	
398	391	9928eee961bad51d	5			yes					-1	-1	-1	-1	-1	
399	390	001af29e11109073	5			yes					-1	-1	-1	400	-1	
400	399	e199d472527b7643	4			yes					-1	-1	-1	-1	
401	390	2e1a5b115c7ed86a	5			yes					-1	-1	-1	-1	-1	
402	389	147c3d659012c399	3			yes					-1	403	405	
403	402	261ee2927afdf4e5	5			yes					-1	-1	-1	404	-1	
404	403	c79dc47e399612d5	4			yes					-1	-1	-1	-1	
405	402	cffe7167349a0932	5			yes					-1	-1	-1	-1	-1	
406	389	68ddd4f5660a7b73	3			yes					-1	-1	-1	
407	389	877d9d3fe3405255	3			yes					-1	-1	-1	
408	324	f7b9b84c3e6b6e82	5			yes					409	428	434	436	437	
409	408	0c65cce32b33843d	4			yes					410	420	422	426	
410	409	c7f9d5b5b36053fd	6			yes					-1	411	413	415	417	419	
411	410	45b9a0fad30871ef	5			yes					-1	-1	-1	-1	412	
412	411	027565bf89f6a421	4			yes					-1	-1	-1	-1	
413	410	a9ae236edd1a97fa	5			yes					-1	-1	-1	-1	414	
414	413	ee62e62b87e44234	4			yes					-1	-1	-1	-1	
415	410	b038491eb320aa9d	5			yes					-1	-1	-1	-1	416	
416	415	f7f48c5be9de7f53	4			yes					-1	-1	-1	-1	
417	410	88206d18af275502	5			yes					-1	-1	-1	-1	418	
418	417	cfeca85df5d980cc	4			yes					-1	-1	-1	-1	
419	410	803510f0e99e8633	5			yes					-1	-1	-1	-1	-1	
420	409	033b55127e19dbdd	5			yes					-1	-1	-1	-1	421	
421	420	b4880025fc9429ca	4			yes					-1	-1	-1	-1	
422	409	63a991c7834780b2	3			yes					423	425	-1	
423	422	46b8a005ee947d93	5			yes					-1	-1	-1	-1	424	
424	423	f10bf5326c198f84	4			yes					-1	-1	-1	-1	
425	422	7b89356ea59cd62c	5			yes					-1	-1	-1	-1	-1	
426	409	136db4b45e6cbc65	3			yes					427	-1	-1	
427	426	75ee69a2cfb69e1f	5			yes					-1	-1	-1	-1	-1	
428	408	a3ffb32e3c0039bf	4			yes					-1	429	431	433	
429	428	253f451e15f4bf4b	5			yes					-1	-1	-1	-1	430	
430	429	928c102997794d5c	4			yes					-1	-1	-1	-1	
431	428	cc33ee0a94743d30	3			yes					-1	432	-1	
432	431	5d8d2562ce71b2ba	5			yes					-1	-1	-1	-1	-1	
433	428	bcf7cb79495f01e7	3			yes					-1	-1	-1	
434	408	df5e5abeca188155	4			yes					-1	-1	435	-1	
435	434	76840d7c85b9ede5	5			yes					-1	-1	-1	-1	-1	
436	408	9875e568961f6a0d	4			yes					-1	-1	-1	-1	
437	408	e8b1c01b4b3456da	4			yes					-1	-1	-1	-1	
438	0	9293272dae1deebf	5			yes					-1	-1	-1	439	478	
439	438	dce4abb585dcfe59	5			yes					440	460	472	475	477	
440	439	2738df1a908414e6	4			yes					441	449	456	459	
441	440	502b7d85a38cb5b3	6			yes					-1	442	443	445	447	448	
442	441	9e0266ae4d6304b2	5			yes					-1	-1	-1	-1	-1	
443	441	eede1afcf3f71536	5			yes					-1	-1	-1	-1	444	
444	443	bb16765681478209	4			yes					-1	-1	-1	-1	
445	441	6aea5677eabbad11	5			yes					-1	-1	-1	-1	446	
446	445	3f223add980b3a2e	4			yes					-1	-1	-1	-1	
447	441	1e27e0c20c28969f	4			yes					-1	-1	-1	-1	
448	441	05e3112fd13c228c	5			yes					-1	-1	-1	-1	-1	
449	440	9ead2a0689f6b233	6			yes					-1	450	451	452	454	455	
450	449	52c83c2d61fccbac	5			yes					-1	-1	-1	-1	-1	
451	449	8b4f8a2015bd867f	5			yes					-1	-1	-1	-1	-1	
452	449	a46c01f4c0c1aa91	5			yes					-1	-1	-1	-1	-1	
453	452	f1a46d5eb2713dae	4			no					-1	-2	-2	-2	
454	449	d0a1b7412652911f	4			yes					-1	-1	-1	-1	
455	449	cb6546acfb46250c	5			yes					-1	-1	-1	-1	-1	
456	440	def1c8c584a5d88f	3			yes					457	458	-1	
457	456	14f4e925046e82e7	5			yes					-1	-1	-1	-1	-1	
458	456	8cca910d9b6de076	5			yes					-1	-1	-1	-1	-1	
459	440	a5f7745c2a161af6	5			yes					-1	-1	-1	-1	-1	
460	439	88a2a0d787b7a964	4			yes					-1	461	469	471	
461	460	b8a93a0ae21bd6a5	6			yes					462	-1	464	465	467	468	
462	461	ae50047c2422b2c1	5			yes					-1	-1	-1	-1	463	
463	462	fb9868d6569225fe	4			yes					-1	-1	-1	-1	
464	461	ad4b9a2c7e50e2e9	5			yes					-1	-1	-1	-1	-1	
465	461	826811f8ab2cce07	5			yes					-1	-1	-1	-1	466	
466	465	d7a07d52d99c5938	4			yes					-1	-1	-1	-1	
467	461	f6a5a74d4dbff589	4			yes					-1	-1	-1	-1	
468	461	ed6156a090ab419a	5			yes					-1	-1	-1	-1	-1	
469	460	716bb7089396650d	3			yes					-1	470	-1	
470	469	aace8101f08084e0	5			yes					-1	-1	-1	-1	-1	
471	460	6fe2afe39cc3061c	5			yes					-1	-1	-1	-1	-1	
472	439	311cd484a72aafd9	4			yes					-1	-1	473	474	
473	472	c8d5c35bb30b63b0	3			yes					-1	-1	-1	
474	472	7bf6fde1b00d82f5	5			yes					-1	-1	-1	-1	-1	
475	439	252dbc6a91fd3230	4			yes					-1	-1	-1	476	
476	475	426200fc35c5ec02	3			yes					-1	-1	-1	
477	439	bbab172321e4206b	4			yes					-1	-1	-1	-1	
478	438	6f1a44bdb233508b	5			yes					479	504	518	521	522	
479	478	94c63012a76bba34	4			yes					480	490	500	501	
480	479	5b322a7303e6a46c	6			yes					-1	481	483	485	487	489	
481	480	951b3158ed09156d	5			yes					-1	-1	-1	-1	482	
482	481	d2d7f41db7f7c0a3	4			yes					-1	-1	-1	-1	
483	480	e5c74d0a539d04e9	5			yes					-1	-1	-1	-1	484	
484	483	a20b884f0963d127	4			yes					-1	-1	-1	-1	
485	480	2cf3b6d803a65d0c	5			yes					-1	-1	-1	-1	486	
486	485	6b3f739d595888c2	4			yes					-1	-1	-1	-1	
487	480	14eb92de1fa1a293	5			yes					-1	-1	-1	-1	488	
488	487	5327579b455f775d	4			yes					-1	-1	-1	-1	
489	480	1cfeef36591871a2	5			yes					-1	-1	-1	-1	-1	
490	479	95b47df0299ca3ec	6			yes					-1	491	493	495	497	499	
491	490	59d16bdbc196da73	5			yes					-1	-1	-1	-1	492	
492	491	1e1dae9e9b680fbd	4			yes					-1	-1	-1	-1	
493	490	8056ddd6b5d797a0	5			yes					-1	-1	-1	-1	494	
494	493	c79a1893ef29426e	4			yes					-1	-1	-1	-1	
495	490	e275e15b29dc5a8c	5			yes					-1	-1	-1	-1	496	
496	495	a5b9241e73228f42	4			yes					-1	-1	-1	-1	
497	490	da6dc55d35dba513	5			yes					-1	-1	-1	-1	498	
498	497	9da100186f2570dd	4			yes					-1	-1	-1	-1	
499	490	d278b8b573627622	5			yes					-1	-1	-1	-1	-1	
500	479	111c18c8b97c86e5	5			yes					-1	-1	-1	-1	-1	
501	479	8bce4845d234826c	3			yes					502	503	-1	
502	501	e92596647f30698e	5			yes					-1	-1	-1	-1	-1	
503	501	27a3c1e7554a6e0e	5			yes					-1	-1	-1	-1	-1	
504	478	3b5c4fdfb05807b6	4			yes					-1	505	515	516	
505	504	b3b06dfc4271c77a	6			yes					506	-1	508	510	512	514	
506	505	a549538a8448a31e	5			yes					-1	-1	-1	-1	507	
507	506	e28596cfdeb676d0	4			yes					-1	-1	-1	-1	
508	505	a652cddade3af336	5			yes					-1	-1	-1	-1	509	
509	508	e19e089f84c426f8	4			yes					-1	-1	-1	-1	
510	505	c471f15742313e1a	5			yes					-1	-1	-1	-1	511	
511	510	83bd341218cfebd4	4			yes					-1	-1	-1	-1	
512	505	fc69d5515e36c185	5			yes					-1	-1	-1	-1	513	
513	512	bba5101404c8144b	4			yes					-1	-1	-1	-1	
514	505	f47ca8b9188f12b4	5			yes					-1	-1	-1	-1	-1	
515	504	b94c549f3c87a540	5			yes					-1	-1	-1	-1	-1	
516	504	24543788c5073fee	3			yes					-1	517	-1	
517	516	01a7d1eb3ea70a98	5			yes					-1	-1	-1	-1	-1	
518	478	82e23b8c90c5010b	4			yes					-1	-1	519	520	
519	518	10fbd86361427a82	5			yes					-1	-1	-1	-1	-1	
520	518	9dea43dbe59a3953	3			yes					-1	-1	-1	
521	478	5d6a78ab409ad45a	4			yes					-1	-1	-1	-1	
522	478	70123ceac76c68d3	4			yes					-1	-1	-1	-1	
523	0	47ac6eabb4437438	5			yes					-1	-1	-1	-1	524	
524	523	f1c0135ded041e09	6			yes					525	545	557	564	567	569	
525	524	0a1c67f2f85cf4b6	5			yes					526	534	539	542	544	
526	525	5e5a6c90fa37a38b	4			yes					527	529	-1	532	
527	526	1e0b8ab8f6dba301	6			yes					-1	-1	-1	-1	-1	528	
528	527	59c74ffdac2576cf	5			yes					-1	-1	-1	-1	-1	
529	526	2046b72eb880833e	6			yes					-1	-1	-1	-1	-1	531	
530	529	c1c591c2fbeb650e	5			no					-1	-2	-2	-2	-2	
531	529	678a726be27e56f0	5			yes					-1	-1	-1	-1	-1	
532	526	308255564edeb181	6			yes					-1	-1	-1	-1	-1	533	
533	532	2e20f9f0bf52c8b4	5			yes					-1	-1	-1	-1	-1	
534	525	e7e418c3daaaa536	4			yes					-1	535	-1	537	
535	534	43856944d7b36540	6			yes					-1	-1	-1	-1	-1	536	
536	535	0449ac018d4db08e	5			yes					-1	-1	-1	-1	-1	
537	534	6e34a1cdb4719008	6			yes					-1	-1	-1	-1	-1	538	
538	537	70960d6b45fde93d	5			yes					-1	-1	-1	-1	-1	
539	525	b319a76550394397	4			yes					-1	-1	-1	540	
540	539	c67e6f25056bf9e9	6			yes					-1	-1	-1	-1	-1	541	
541	540	e7fa4959c384abb3	5			yes					-1	-1	-1	-1	-1	
542	525	6b6314611e7a8edb	4			yes					-1	-1	-1	543	
543	542	00bbb4c488f8b19c	3			yes					-1	-1	-1	
544	525	61c4c7576edecbf1	4			yes					-1	-1	-1	-1	
545	524	a586183fef6f4934	5			yes					-1	546	551	554	556	
546	545	487e670ecd9918b4	4			yes					-1	547	-1	549	
547	546	65817948bc5e01d6	6			yes					-1	-1	-1	-1	-1	548	
548	547	224dbc0de6a0d418	5			yes					-1	-1	-1	-1	-1	
549	546	4830b1c1df9cf49e	6			yes					-1	-1	-1	-1	-1	550	
550	549	56921d672e108dab	5			yes					-1	-1	-1	-1	-1	
551	545	1c83d8a8470afe15	4			yes					-1	-1	-1	552	
552	551	93637a2d09a37e7b	6			yes					-1	-1	-1	-1	-1	553	
553	552	8dc1d68bf82f074e	5			yes					-1	-1	-1	-1	-1	
554	545	c4f96bac09493359	4			yes					-1	-1	-1	555	
555	554	af21cb099fcb0c1e	3			yes					-1	-1	-1	
556	545	ce5eb89a79ed7673	4			yes					-1	-1	-1	-1	
557	524	1c386c6ccff24f89	5			yes					-1	-1	558	561	563	
558	557	a53dacfb6797f8a8	4			yes					-1	-1	-1	559	
559	558	3ad4f6d15466a1b9	6			yes					-1	-1	-1	-1	-1	560	
560	559	24765a77a5ead88c	5			yes					-1	-1	-1	-1	-1	
561	557	7d471fff29d435e4	4			yes					-1	-1	-1	562	
562	561	169fbf5abf560aa3	3			yes					-1	-1	-1	
563	557	77e0ccc9597070ce	4			yes					-1	-1	-1	-1	
564	524	48c5d3ca4561a928	5			yes					-1	-1	-1	565	566	
565	564	29baa059a347d345	4			yes					-1	-1	-1	-1	
566	564	231d736fd3e3966f	4			yes					-1	-1	-1	-1	
567	524	90bf60ce0b226464	5			yes					-1	-1	-1	-1	568	
568	567	fb67c06b9da05b23	4			yes					-1	-1	-1	-1	
569	524	9a18b3f87b86214e	5			yes					-1	-1	-1	-1	-1	
570	0	0c4a3fc68927eb9d	5			yes					-1	-1	-1	-1	-1	
