Number of nodes
565
ID	PID	Hash_Value			File_Number	Fully_Enumerated	Children
0	-1	20a7b56ef9cd4cf8	6			yes					1	193	321	428	476	564	
1	0	b939dc79be84f9f1	5			yes					2	100	123	146	167	
2	1	e4d0aa7cdc2220b1	5			yes					3	21	55	86	99	
3	2	97163d8975510eec	4			yes					4	10	17	20	
4	3	0217cf8777eac21f	3			yes					5	7	9	
5	4	2191d8ed39f4b935	5			yes					-1	-1	-1	-1	6	
6	5	8a60d633b262b4d6	4			yes					-1	-1	-1	-1	
7	4	3789d4e50b16116a	5			yes					-1	-1	-1	-1	8	
8	7	8413171029b5b28c	4			yes					-1	-1	-1	-1	
9	4	2fa1d7956d595c86	5			yes					-1	-1	-1	-1	-1	
10	3	dbd8d142f43b89e3	3			yes					-1	11	14	
11	10	25dd4f6c5fc0570f	5			yes					-1	12	-1	-1	13	
12	11	3da994100da6b845	4			yes					-1	-1	-1	-1	
13	11	bd12b30cfde4deda	4			yes					-1	-1	-1	-1	
14	10	93978f6d8d7497a1	5			yes					-1	15	-1	-1	16	
15	14	8be35411df1278eb	4			yes					-1	-1	-1	-1	
16	14	06e500fa4b3c312d	4			yes					-1	-1	-1	-1	
17	3	d4440ed5dc63b6f5	3			yes					-1	-1	18	
18	17	460ebaa183f7852c	5			yes					-1	-1	-1	-1	19	
19	18	a17f80de9c4df31d	4			yes					-1	-1	-1	-1	
20	3	9a9d2d992ae3f3e5	3			yes					-1	-1	-1	
21	2	71d15872de99ec42	4			yes					-1	22	33	45	
22	21	dc3554394dd130d3	6			yes					23	26	28	29	31	32	
23	22	c376ba6f3b10c91c	5			yes					24	-1	-1	-1	25	
24	23	805d2f14819807a7	4			yes					-1	-1	-1	-1	
25	23	6887b4b1b086c4ff	4			yes					-1	-1	-1	-1	
26	22	9f1ec142f759fe68	5			yes					-1	-1	-1	-1	27	
27	26	34efcf9c7ccff38b	4			yes					-1	-1	-1	-1	
28	22	0ee73af74cefb666	5			yes					-1	-1	-1	-1	-1	
29	22	f616a0e1b7654be3	5			yes					-1	-1	-1	-1	30	
30	29	5de7ae3f3cf34600	4			yes					-1	-1	-1	-1	
31	22	a499e13b37c3caf1	4			yes					-1	-1	-1	-1	
32	22	77c45ae7c6473d30	5			yes					-1	-1	-1	-1	-1	
33	21	ca2d58317f33988c	6			yes					34	38	41	42	-1	44	
34	33	d56eb66709f26143	5			yes					35	-1	36	-1	37	
35	34	9645231cb37aaff8	4			yes					-1	-1	-1	-1	
36	34	d530b2816794ca8c	4			yes					-1	-1	-1	-1	
37	34	66f475922b51c2a5	4			yes					-1	-1	-1	-1	
38	33	8906cd4ac5bb5637	5			yes					-1	-1	39	-1	40	
39	38	8958c9acabddfdf8	4			yes					-1	-1	-1	-1	
40	38	3a9c0ebfe718f5d1	4			yes					-1	-1	-1	-1	
41	33	768e63916e6a63a6	5			yes					-1	-1	-1	-1	-1	
42	33	ca735cd711553343	5			yes					-1	-1	-1	-1	43	
43	42	79e99f2233f690a5	4			yes					-1	-1	-1	-1	
44	33	79b79bc45d903b6a	5			yes					-1	-1	-1	-1	-1	
45	21	d2055b41197cd560	6			yes					46	49	51	52	53	54	
46	45	cd46b5176fbd2caf	5			yes					47	-1	-1	-1	48	
47	46	8e6d206cd535e214	4			yes					-1	-1	-1	-1	
48	46	58343a80a9f58a23	4			yes					-1	-1	-1	-1	
49	45	912ece3aa3f41bdb	5			yes					-1	-1	-1	-1	50	
50	49	045c41ad65bcbd57	4			yes					-1	-1	-1	-1	
51	45	6ea660e108252e4a	5			yes					-1	-1	-1	-1	-1	
52	45	e2e338e14c74d77a	5			yes					-1	-1	-1	-1	-1	
53	45	455facba4e5068c8	5			yes					-1	-1	-1	-1	-1	
54	45	4777d4d6df3473ec	5			yes					-1	-1	-1	-1	-1	
55	2	a81e46b75d48a7be	4			yes					-1	-1	56	69	
56	55	33dd206f817875b1	6			yes					57	61	64	66	67	68	
57	56	2c9ece39f7b98c7e	5			yes					58	59	-1	-1	60	
58	57	6aa1ecec04069b34	4			yes					-1	-1	-1	-1	
59	57	34ea1545a5df6334	4			yes					-1	-1	-1	-1	
60	57	b4513259559d05ab	4			yes					-1	-1	-1	-1	
61	56	75e202ba72c762fb	5			yes					-1	62	-1	-1	63	
62	61	6d96d9c620a18db1	4			yes					-1	-1	-1	-1	
63	61	ed2dfedad0e3eb2e	4			yes					-1	-1	-1	-1	
64	56	2ba9fb13d31e9afb	5			yes					-1	-1	-1	-1	65	
65	64	b3660773713a132e	4			yes					-1	-1	-1	-1	
66	56	7d71acff6084675a	5			yes					-1	-1	-1	-1	-1	
67	56	0fa49b6f36e41324	4			yes					-1	-1	-1	-1	
68	56	ab12dc0f235cfc64	5			yes					-1	-1	-1	-1	-1	
69	55	8597e06e53ccb51f	6			yes					70	75	79	82	83	85	
70	69	9ad40e38250d4cd0	5			yes					71	72	-1	73	74	
71	70	dceb2cedd6b25b9a	4			yes					-1	-1	-1	-1	
72	70	82a0d544776ba39a	4			yes					-1	-1	-1	-1	
73	70	2c945b19f144b012	4			yes					-1	-1	-1	-1	
74	70	0fa681afe345ea5c	4			yes					-1	-1	-1	-1	
75	69	c3a8c2bba073a255	5			yes					-1	76	-1	77	78	
76	75	dbdc19c7f2154d1f	4			yes					-1	-1	-1	-1	
77	75	75e8979a743a5e97	4			yes					-1	-1	-1	-1	
78	75	56da4d2c663b04d9	4			yes					-1	-1	-1	-1	
79	69	9de33b1201aa5a55	5			yes					-1	-1	-1	80	81	
80	79	2ba36e33d5e3a697	4			yes					-1	-1	-1	-1	
81	79	0891b485c7e2fcd9	4			yes					-1	-1	-1	-1	
82	69	623acd49c5195b81	5			yes					-1	-1	-1	-1	-1	
83	69	33d7b54f878549dd	5			yes					-1	-1	-1	-1	84	
84	83	a6a53ad841cdef51	4			yes					-1	-1	-1	-1	
85	69	10e56ff995841393	5			yes					-1	-1	-1	-1	-1	
86	2	a7829920751098a8	4			yes					-1	-1	-1	87	
87	86	aa0989302aa265a1	3			yes					-1	88	96	
88	87	a88f8a0ac2f1063e	6			yes					89	91	-1	93	-1	95	
89	88	b7cc645cb430fff1	5			yes					-1	-1	-1	-1	90	
90	89	3945d3831ebd09da	4			yes					-1	-1	-1	-1	
91	88	eba41f717879c885	5			yes					-1	-1	-1	-1	92	
92	91	652da8aed2f43eae	4			yes					-1	-1	-1	-1	
93	88	a8d18eecac97adf1	5			yes					-1	-1	-1	-1	94	
94	93	26583933061a5bda	4			yes					-1	-1	-1	-1	
95	88	26063dd5687cf015	5			yes					-1	-1	-1	-1	-1	
96	87	3e8940442beaecdd	5			yes					97	98	-1	-1	-1	
97	96	21caae125d2b1512	4			yes					-1	-1	-1	-1	
98	96	78b66291d855fb97	4			yes					-1	-1	-1	-1	
99	2	e95bba6c8390ddb8	4			yes					-1	-1	-1	-1	
100	1	40006a29ef88ab04	4			yes					101	110	118	122	
101	100	af147624953aab38	3			yes					102	103	107	
102	101	190af53e8a08deff	4			yes					-1	-1	-1	-1	
103	101	6bc378bdac126cdd	5			yes					-1	104	105	-1	106	
104	103	b6374dc9f7873250	4			yes					-1	-1	-1	-1	
105	103	75dc72c35f1e1f00	4			yes					-1	-1	-1	-1	
106	103	131c456ac210ffa6	4			yes					-1	-1	-1	-1	
107	101	d39729b6ae1722c6	5			yes					-1	108	109	-1	-1	
108	107	0e631cc2f5827c4b	4			yes					-1	-1	-1	-1	
109	107	cd8823c85d1b511b	4			yes					-1	-1	-1	-1	
110	100	a1cd3f418c32452c	3			yes					-1	111	115	
111	110	75444fc25fe4cf44	5			yes					112	113	-1	-1	114	
112	111	6a07a1942925368b	4			yes					-1	-1	-1	-1	
113	111	c253cde6c0d0ecee	4			yes					-1	-1	-1	-1	
114	111	0d9b721531e65c3f	4			yes					-1	-1	-1	-1	
115	110	cd101ec95de1815f	5			yes					116	117	-1	-1	-1	
116	115	d253f09f2b207890	4			yes					-1	-1	-1	-1	
117	115	7a079cedc2d5a2f5	4			yes					-1	-1	-1	-1	
118	100	0352597546ba131d	3			yes					-1	-1	119	
119	118	0ed949651908ee14	2			yes					120	121	
120	119	8bfd04d201024b7b	5			yes					-1	-1	-1	-1	-1	
121	119	957a33adf2f4e8e2	5			yes					-1	-1	-1	-1	-1	
122	100	4d8b7a39b03a560d	3			yes					-1	-1	-1	
123	1	0f1935f851e292f2	4			yes					124	131	143	145	
124	123	e00d29f52b5092ce	3			yes					125	127	128	
125	124	194e33328b72dd00	5			yes					-1	-1	-1	-1	126	
126	125	a0541573d7222f74	4			yes					-1	-1	-1	-1	
127	124	00902bb1f43c200a	5			yes					-1	-1	-1	-1	-1	
128	124	616208b1d8542ab0	5			yes					-1	129	130	-1	-1	
129	128	7916d3cd8a32c5fa	4			yes					-1	-1	-1	-1	
130	128	0808cdc054e8e0dc	4			yes					-1	-1	-1	-1	
131	123	14b687b6182ef03f	3			yes					-1	132	136	
132	131	e416078b9564ed96	5			yes					133	134	-1	-1	135	
133	132	fb55e9dde3a51459	4			yes					-1	-1	-1	-1	
134	132	530185af0a50ce3c	4			yes					-1	-1	-1	-1	
135	132	4c4573bb62ebf45b	4			yes					-1	-1	-1	-1	
136	131	050e38e30aa664c4	6			yes					137	138	139	140	141	142	
137	136	1a4dd6b57c679d0b	5			yes					-1	-1	-1	-1	-1	
138	136	b219bac79592476e	5			yes					-1	-1	-1	-1	-1	
139	136	2be9a7d570eacf44	5			yes					-1	-1	-1	-1	-1	
140	136	81ad2efd3f95c16a	5			yes					-1	-1	-1	-1	-1	
141	136	97626acd60c272c7	5			yes					-1	-1	-1	-1	-1	
142	136	907cb774cceec248	5			yes					-1	-1	-1	-1	-1	
143	123	f930be536ccc9ff8	3			yes					-1	-1	144	
144	143	42173fdcaf9c0e64	5			yes					-1	-1	-1	-1	-1	
145	123	029225e80e506ffb	3			yes					-1	-1	-1	
146	1	9c5745106c50a67e	5			yes					147	155	162	165	166	
147	146	7343591d16e2a642	4			yes					148	150	-1	152	
148	147	505f5f3e85f30a24	5			yes					-1	-1	-1	149	-1	
149	148	c154fb1890c528f1	4			yes					-1	-1	-1	-1	
150	147	483f0d5bccc1af42	5			yes					-1	-1	-1	151	-1	
151	150	d934a97dd9f78d97	4			yes					-1	-1	-1	-1	
152	147	b0db0837eaa9a62d	3			yes					153	154	-1	
153	152	738015f19708fbcb	6			yes					-1	-1	-1	-1	-1	-1	
154	152	6be04794de3a5ead	6			yes					-1	-1	-1	-1	-1	-1	
155	146	87f8f75e259cc4b3	4			yes					-1	156	159	161	
156	155	cb361b95a4f643bc	3			yes					157	-1	158	
157	156	b514cb178dfdf3e5	5			yes					-1	-1	-1	-1	-1	
158	156	08ae4abf58bd43d3	2			yes					-1	-1	
159	155	2b1ced4f21ebd738	6			yes					-1	-1	-1	-1	-1	160	
160	159	ce4b545dc576d253	5			yes					-1	-1	-1	-1	-1	
161	155	4460a674d9d7c4dc	3			yes					-1	-1	-1	
162	146	d099a9dbed3a2171	4			yes					-1	-1	163	164	
163	162	cfa1e0b54761d83d	5			yes					-1	-1	-1	-1	-1	
164	162	1301f8f11171211e	3			yes					-1	-1	-1	
165	146	b8754288b214e5fe	3			yes					-1	-1	-1	
166	146	5fcf143a901ba611	4			yes					-1	-1	-1	-1	
167	1	26b85f875c6d4a3d	5			yes					168	175	187	191	192	
168	167	c9ac438a26df4a01	4			yes					169	171	173	174	
169	168	2c6d99fa95492653	5			yes					-1	-1	-1	-1	170	
170	169	4fab0366edfad5c3	4			yes					-1	-1	-1	-1	
171	168	3a5cadf87ff25678	5			yes					-1	-1	-1	-1	172	
172	171	599a37640741a5e8	4			yes					-1	-1	-1	-1	
173	168	fb059bcd5d0702cd	5			yes					-1	-1	-1	-1	-1	
174	168	14336dd961945ddb	3			yes					-1	-1	-1	
175	167	3d17edc915a128f0	4			yes					-1	176	182	186	
176	175	71d9010294cbafff	3			yes					177	179	181	
177	176	da4b285eef12f43e	5			yes					-1	-1	-1	-1	178	
178	177	bc44d3089a7b7f59	4			yes					-1	-1	-1	-1	
179	176	9c062d90ab364d01	5			yes					-1	-1	-1	-1	180	
180	179	ffc0b70cd385be91	4			yes					-1	-1	-1	-1	
181	176	be0360b300ec2104	5			yes					-1	-1	-1	-1	-1	
182	175	7e45de95bc9390e9	3			yes					183	-1	184	
183	182	75bab0addcdd22b0	5			yes					-1	-1	-1	-1	-1	
184	182	012737bb425c9bc2	6			yes					-1	-1	-1	-1	-1	185	
185	184	8fae8064e8d16de9	5			yes					-1	-1	-1	-1	-1	
186	175	e088c39a52ea3f2a	3			yes					-1	-1	-1	
187	167	6a76b34cdd07cd32	4			yes					-1	-1	188	190	
188	187	292480107435752b	3			yes					189	-1	-1	
189	188	abd159bd48e31f18	5			yes					-1	-1	-1	-1	-1	
190	187	b7e99d1f9a4cdae8	3			yes					-1	-1	-1	
191	167	65ea6cdbf55ff224	4			yes					-1	-1	-1	-1	
192	167	fb2771d41b265de7	4			yes					-1	-1	-1	-1	
193	0	ca0d5515a528732a	5			yes					-1	194	249	270	292	
194	193	6ae2757497fb3b91	5			yes					195	220	227	241	248	
195	194	ca47f96593af5009	4			yes					196	200	205	212	
196	195	37ef2ceaa2ff0649	3			yes					197	198	199	
197	196	496ff2f4ad9fcfc5	5			yes					-1	-1	-1	-1	-1	
198	196	29d6bb130b3e9643	5			yes					-1	-1	-1	-1	-1	
199	196	9182ea18093bd858	5			yes					-1	-1	-1	-1	-1	
200	195	69ba380edcaff2ea	5			yes					201	202	-1	203	204	
201	200	7562e375f6a258f1	4			yes					-1	-1	-1	-1	
202	200	2ad05ea40e92899e	4			yes					-1	-1	-1	-1	
203	200	4237ff32a587bf78	4			yes					-1	-1	-1	-1	
204	200	c595a5f8aae53ef1	4			yes					-1	-1	-1	-1	
205	195	baa6cc53b443770d	6			yes					206	207	208	209	-1	211	
206	205	a67e17289e4edd16	5			yes					-1	-1	-1	-1	-1	
207	205	f9ccaaf9667e0c79	5			yes					-1	-1	-1	-1	-1	
208	205	503dd8846e972fda	5			yes					-1	-1	-1	-1	-1	
209	205	9f91b55ceea176a5	5			yes					-1	-1	-1	-1	210	
210	209	2c0b76a9cc02d543	4			yes					-1	-1	-1	-1	
211	205	093c0fa696e0d4eb	5			yes					-1	-1	-1	-1	-1	
212	195	52a7ce30c2956138	6			yes					213	214	216	217	218	219	
213	212	4e7f154be898cb23	5			yes					-1	-1	-1	-1	-1	
214	212	11cda89a10a81a4c	5			yes					-1	-1	-1	-1	215	
215	214	f6bc92e50f126c7d	4			yes					-1	-1	-1	-1	
216	212	b83cdae7184139ef	5			yes					-1	-1	-1	-1	-1	
217	212	84f99f851b5afdc2	5			yes					-1	-1	-1	-1	-1	
218	212	8406c2cce4916373	5			yes					-1	-1	-1	-1	-1	
219	212	b5d6f44fdd2f1709	5			yes					-1	-1	-1	-1	-1	
220	194	974aa0fba6ab6dd1	4			yes					-1	221	224	226	
221	220	ee7caf5df2d42e88	3			yes					-1	222	223	
222	221	92cd5d3ff9da28a5	5			yes					-1	-1	-1	-1	-1	
223	221	825c2eee8431a5b2	5			yes					-1	-1	-1	-1	-1	
224	220	d41893a70f99d5c8	3			yes					-1	-1	225	
225	224	4c5889b84593f45e	5			yes					-1	-1	-1	-1	-1	
226	220	9ac1b0ebf91990d8	3			yes					-1	-1	-1	
227	194	13d47ad2c38478c8	4			yes					-1	-1	228	233	
228	227	aac6415a88ae3679	6			yes					229	230	231	-1	-1	232	
229	228	56fcf50cb07d3998	5			yes					-1	-1	-1	-1	-1	
230	228	ecf9638f7b112133	5			yes					-1	-1	-1	-1	-1	
231	228	8661ccf94a3eeeaf	5			yes					-1	-1	-1	-1	-1	
232	228	3702fce7d788e154	5			yes					-1	-1	-1	-1	-1	
233	227	8e57c6d84ab12eca	6			yes					234	236	238	-1	-1	239	
234	233	726d728e7262212b	5			yes					-1	-1	-1	-1	235	
235	234	fce4c551d8efd700	4			yes					-1	-1	-1	-1	
236	233	c868e40db90e3980	5			yes					-1	-1	-1	-1	237	
237	236	46e153d21383cfab	4			yes					-1	-1	-1	-1	
238	233	a2f04b7b8821f61c	5			yes					-1	-1	-1	-1	-1	
239	233	00de7107e03cd8e1	5			yes					-1	-1	240	-1	-1	
240	239	2c79fca422ac0037	4			yes					-1	-1	-1	-1	
241	194	29b046283ec98388	4			yes					-1	-1	-1	242	
242	241	243b5638617b7e81	3			yes					243	-1	247	
243	242	d8041e680981e9bf	6			yes					-1	-1	-1	244	-1	246	
244	243	fd3367675363e817	5			yes					-1	-1	-1	-1	245	
245	244	73bad0b8f9ee1e3c	4			yes					-1	-1	-1	-1	
246	243	568da9b7a30c1f94	5			yes					-1	-1	-1	-1	-1	
247	242	cafcd1de8761808a	5			yes					-1	-1	-1	-1	-1	
248	194	67696564c849c698	4			yes					-1	-1	-1	-1	
249	193	548c0702944b7c3e	4			yes					250	262	267	269	
250	249	f4298b13901f17a6	3			yes					251	253	255	
251	250	3632ca8b0de31238	5			yes					-1	-1	-1	-1	252	
252	251	8f28ecca51b3e04c	4			yes					-1	-1	-1	-1	
253	250	c1d428869df7777b	5			yes					-1	-1	-1	-1	254	
254	253	69875cb66a786eb6	4			yes					-1	-1	-1	-1	
255	250	e95c8b11638a33ca	6			yes					256	257	258	259	260	261	
256	255	f584506a498799d1	5			yes					-1	-1	-1	-1	-1	
257	255	44436423992cf09f	5			yes					-1	-1	-1	-1	-1	
258	255	327affee49b47c6f	5			yes					-1	-1	-1	-1	-1	
259	255	6dff9d0f56b99664	5			yes					-1	-1	-1	-1	-1	
260	255	7b30d93f09ee25c9	5			yes					-1	-1	-1	-1	-1	
261	255	7c2e0486a5c29546	5			yes					-1	-1	-1	-1	-1	
262	249	5b0717aa66c89b9b	3			yes					-1	263	264	
263	262	e649b1d966f10763	5			yes					-1	-1	-1	-1	-1	
264	262	87bb92d94a990dd9	5			yes					265	-1	266	-1	-1	
265	264	7b81268f724a0238	4			yes					-1	-1	-1	-1	
266	264	eed157a8c625c7b5	4			yes					-1	-1	-1	-1	
267	249	a2a58ca9a9657134	3			yes					-1	-1	268	
268	267	5046c52d8d05ccaa	5			yes					-1	-1	-1	-1	-1	
269	249	59071712cbf98137	3			yes					-1	-1	-1	
270	193	c7c277eaa9f948b2	5			yes					271	282	287	290	291	
271	270	6767fbfbadad232a	4			yes					272	275	278	280	
272	271	ad72e89adfe00127	6			yes					-1	-1	273	-1	-1	274	
273	272	72257797371368db	5			yes					-1	-1	-1	-1	-1	
274	272	0c31be55e9b171d6	5			yes					-1	-1	-1	-1	-1	
275	271	2ba917302cc7a425	3			yes					276	-1	277	
276	275	9bd57cee58aba05f	5			yes					-1	-1	-1	-1	-1	
277	275	e831461ad08ca44a	2			yes					-1	-1	
278	271	4e8018bc388b7afb	6			yes					-1	-1	-1	-1	-1	279	
279	278	abd7a1aedc167f90	5			yes					-1	-1	-1	-1	-1	
280	271	a4ffaad151e62345	3			yes					281	-1	-1	
281	280	83dcddb92ea7aedd	6			yes					-1	-1	-1	-1	-1	-1	
282	270	c84967425b7aaf17	4			yes					-1	283	-1	285	
283	282	aee697335e0c882b	5			yes					-1	-1	-1	284	-1	
284	283	3fed33154b3aaafe	4			yes					-1	-1	-1	-1	
285	282	0bd13668a731af78	3			yes					-1	286	-1	
286	285	8d39ddfc4cf779c4	6			yes					-1	-1	-1	-1	-1	-1	
287	270	8b0c9b212893cfbd	4			yes					-1	-1	288	289	
288	287	ddf01a4465f81af3	5			yes					-1	-1	-1	-1	-1	
289	287	4894ca0bd4d8cfd2	3			yes					-1	-1	-1	
290	270	e3e0707277bd0b32	3			yes					-1	-1	-1	
291	270	045a26c055b248dd	4			yes					-1	-1	-1	-1	
292	193	7d2d6d7d99c4a4f1	5			yes					293	309	315	319	320	
293	292	dd88e16c9d90cf69	4			yes					294	298	304	308	
294	293	aa135bf28e0f6791	6			yes					-1	-1	295	-1	-1	297	
295	294	7544c4ff66fc0e6d	5			yes					-1	-1	-1	-1	296	
296	295	134b3fa91395850a	4			yes					-1	-1	-1	-1	
297	294	cc1ca0a4fb66ecf6	5			yes					-1	-1	-1	-1	-1	
298	293	91460da71cfa4866	3			yes					299	301	303	
299	298	f48a9fa73a44a784	5			yes					-1	-1	-1	-1	300	
300	299	928564f14f2d2ce3	4			yes					-1	-1	-1	-1	
301	298	b9c4029da3a5d7ec	5			yes					-1	-1	-1	-1	302	
302	301	da029801db16247c	4			yes					-1	-1	-1	-1	
303	298	9bc14fbe087fbbe9	5			yes					-1	-1	-1	-1	-1	
304	293	9edad23034a27770	3			yes					305	-1	306	
305	304	dd5d40ec1d871ff4	5			yes					-1	-1	-1	-1	-1	
306	304	64bbc2485b3c3601	6			yes					-1	-1	-1	-1	-1	307	
307	306	ea327597f1b1c02a	5			yes					-1	-1	-1	-1	-1	
308	293	0017cf3fdadbd8b3	3			yes					-1	-1	-1	
309	292	72a67dd56b474354	4			yes					-1	310	313	314	
310	309	dc853790ed3f7111	5			yes					-1	-1	-1	-1	312	
311	310	20bf83c6d5ec7ef0	4			no					-1	-1	-2	-2	
312	310	bf43ad0c958c8281	4			yes					-1	-1	-1	-1	
313	309	1ddc01a5cfca25a4	5			yes					-1	-1	-1	-1	-1	
314	309	af3953862c0c548e	3			yes					-1	-1	-1	
315	292	31e381b618ae23fe	4			yes					-1	-1	316	318	
316	315	72b1b2eab19c9be7	3			yes					-1	317	-1	
317	316	4d08c3d5da2e3871	5			yes					-1	-1	-1	-1	-1	
318	315	ec7cafe55fe53424	3			yes					-1	-1	-1	
319	292	3e7f5e2130f61ce8	4			yes					-1	-1	-1	-1	
320	292	a0b2432ede8fb32b	4			yes					-1	-1	-1	-1	
321	0	7757ee3228c2ed03	5			yes					-1	-1	322	377	399	
322	321	9d22c638efb68d4c	5			yes					323	345	360	365	376	
323	322	3d874a29ebe2e6d4	4			yes					324	329	333	339	
324	323	dec24577a45243b2	5			yes					325	326	327	328	-1	
325	324	86e0c8a1c069ad3e	4			yes					-1	-1	-1	-1	
326	324	5d7ad99ed015aeb3	4			yes					-1	-1	-1	-1	
327	324	b7a8800628ee89de	4			yes					-1	-1	-1	-1	
328	324	caabe09ea89870f7	4			yes					-1	-1	-1	-1	
329	323	93f7cd2c39d85e74	3			yes					330	331	332	
330	329	97b67434274cd62e	5			yes					-1	-1	-1	-1	-1	
331	329	ff6262cf1af4c0a7	5			yes					-1	-1	-1	-1	-1	
332	329	9465b8bdda659709	5			yes					-1	-1	-1	-1	-1	
333	323	7b539f314913db97	6			yes					-1	334	335	336	-1	338	
334	333	5748a2acd2ce5828	5			yes					-1	-1	-1	-1	-1	
335	333	8757eace37fd75b7	5			yes					-1	-1	-1	-1	-1	
336	333	9e4295287fd64571	5			yes					-1	-1	-1	-1	337	
337	336	2dd856dd5d75e697	4			yes					-1	-1	-1	-1	
338	333	c8c95cc46bb07871	5			yes					-1	-1	-1	-1	-1	
339	323	374742d52a8caf4d	6			yes					-1	340	341	342	343	344	
340	339	1b5c7f48b1512cf2	5			yes					-1	-1	-1	-1	-1	
341	339	cb43372a5462016d	5			yes					-1	-1	-1	-1	-1	
342	339	b3e454cb1fbf0ae3	5			yes					-1	-1	-1	-1	-1	
343	339	a52b10fb40e8b94e	5			yes					-1	-1	-1	-1	-1	
344	339	a235cd42ecc409c1	5			yes					-1	-1	-1	-1	-1	
345	322	400c285820ee9628	4			yes					-1	-1	346	353	
346	345	c9ef26f0d2a17b94	6			yes					347	348	349	350	-1	352	
347	346	35d592a6ea727475	5			yes					-1	-1	-1	-1	-1	
348	346	cf97d7eabcbdc03a	5			yes					-1	-1	-1	-1	-1	
349	346	35eb530fac4fd5b4	5			yes					-1	-1	-1	-1	-1	
350	346	2cfe2ce9e464e572	5			yes					-1	-1	-1	-1	351	
351	350	9f64ef1cc6c74694	4			yes					-1	-1	-1	-1	
352	346	7a75e505f002d872	5			yes					-1	-1	-1	-1	-1	
353	345	85fbfb14b13e0f4e	6			yes					354	355	356	357	358	359	
354	353	79c14f4289ed00af	5			yes					-1	-1	-1	-1	-1	
355	353	83830a0edf22b4e0	5			yes					-1	-1	-1	-1	-1	
356	353	79ff8eebcfd0a16e	5			yes					-1	-1	-1	-1	-1	
357	353	0158ed0a840daae0	5			yes					-1	-1	-1	-1	-1	
358	353	1797a93adb5a194d	5			yes					-1	-1	-1	-1	-1	
359	353	108974837776a9c2	5			yes					-1	-1	-1	-1	-1	
360	322	3352413d3d8c35ec	4			yes					-1	-1	361	363	
361	360	7000726194be8df5	3			yes					-1	362	-1	
362	361	cadc01daf208383f	5			yes					-1	-1	-1	-1	-1	
363	360	3ed9512d623ec8e5	3			yes					-1	364	-1	
364	363	be3586030c4c5e0d	5			yes					-1	-1	-1	-1	-1	
365	322	de70f56446843555	4			yes					-1	-1	-1	366	
366	365	d3fbe5741936c85c	3			yes					367	371	-1	
367	366	19f14d0af4d14525	6			yes					-1	-1	-1	369	-1	370	
368	367	e5f538f58a3feb05	5			no					-1	-1	-1	-1	-2	
369	367	fce04713c214dbc3	5			yes					-1	-1	-1	-1	-1	
370	367	9778fad55e5cb30e	5			yes					-1	-1	-1	-1	-1	
371	366	ab4df4cb6f63e526	6			yes					-1	-1	-1	373	-1	374	
372	371	57498134118d4b06	5			no					-1	-1	-1	-1	-2	
373	371	4e5cfed259a67bc0	5			yes					-1	-1	-1	-1	-1	
374	371	25c44314c5ee130d	5			yes					-1	-1	-1	-1	-1	
375	374	d9c036ebbb00bd2d	4			no					-1	-1	-2	-1	
376	322	90a9d628b0047045	4			yes					-1	-1	-1	-1	
377	321	b864308176f2dd54	5			yes					378	388	395	397	398	
378	377	18c1bc9072a6b6cc	4			yes					379	382	384	386	
379	378	c5ef52f0bdfeada8	3			yes					380	-1	381	
380	379	98aba9ee604beacf	5			yes					-1	-1	-1	-1	-1	
381	379	067703da41b5adc7	2			yes					-1	-1	
382	378	f9ac2f5e9789c04b	5			yes					-1	-1	-1	383	-1	
383	382	68a78b7882bfe29e	4			yes					-1	-1	-1	-1	
384	378	e57385c05f7b6066	6			yes					-1	-1	-1	-1	-1	385	
385	384	00243cd2bbe6650d	5			yes					-1	-1	-1	-1	-1	
386	378	db59edba8eedb6a3	3			yes					-1	387	-1	
387	386	da736591857231a4	6			yes					-1	-1	-1	-1	-1	-1	
388	377	654adee1b9aac630	4			yes					-1	389	391	393	
389	388	3a7c9c7bb156ff2a	5			yes					-1	-1	-1	390	-1	
390	389	ab77385da460ddff	4			yes					-1	-1	-1	-1	
391	388	57cf3c01c4c9c065	6			yes					-1	-1	-1	-1	-1	392	
392	391	b29885132054c50e	5			yes					-1	-1	-1	-1	-1	
393	388	a6d28fcb45e1c65f	3			yes					-1	394	-1	
394	393	19a3d6b4a3ad0ec5	6			yes					-1	-1	-1	-1	-1	-1	
395	377	59a965e91548337c	4			yes					-1	-1	-1	396	
396	395	9a3134c3e9033313	3			yes					-1	-1	-1	
397	377	9c463719a8b69ed4	3			yes					-1	-1	-1	
398	377	7bfc61ab8ab9dd3b	4			yes					-1	-1	-1	-1	
399	321	028b2a1646cf3117	5			yes					400	415	424	426	427	
400	399	a22ea607429b5a8f	4			yes					401	407	410	414	
401	400	7f0048678dc341eb	3			yes					402	404	406	
402	401	adecd27b5076a0bd	5			yes					-1	-1	-1	-1	403	
403	402	cbe3292d251f2bda	4			yes					-1	-1	-1	-1	
404	401	7fe4a275cfdd5da1	5			yes					-1	-1	-1	-1	405	
405	404	1c2238e9b76eae31	4			yes					-1	-1	-1	-1	
406	401	92f6fe06353ecc6d	5			yes					-1	-1	-1	-1	-1	
407	400	b6d5d036410b1ef2	6			yes					-1	-1	-1	408	-1	409	
408	407	91d1816fd74b64b4	5			yes					-1	-1	-1	-1	-1	
409	407	d0da2b6034629595	5			yes					-1	-1	-1	-1	-1	
410	400	e17c955beba9e296	3			yes					-1	411	412	
411	410	791d246586d1f720	5			yes					-1	-1	-1	-1	-1	
412	410	cf485f343ccc2c9c	6			yes					-1	-1	-1	-1	-1	413	
413	412	41c1e8eb9641dab7	5			yes					-1	-1	-1	-1	-1	
414	400	7fb1885405d04d55	3			yes					-1	-1	-1	
415	399	dfa5c47689972a73	4			yes					-1	416	419	423	
416	415	05168d2bd86f1f08	5			yes					-1	-1	-1	-1	418	
417	416	f92c397de0bc10e9	4			no					-1	-2	-2	-2	
418	416	66d017b7a0dcec98	4			yes					-1	-1	-1	-1	
419	415	9cf7f72a20a5926a	3			yes					-1	420	421	
420	419	f64c451b0f67c925	5			yes					-1	-1	-1	-1	-1	
421	419	7df4e6f5a77e8c9f	6			yes					-1	-1	-1	-1	-1	422	
422	421	f37d512a0df37ab4	5			yes					-1	-1	-1	-1	-1	
423	415	023aea25cedc3da9	3			yes					-1	-1	-1	
424	399	e3467f7e2575df3f	4			yes					-1	-1	425	-1	
425	424	c37b18bae910e6bd	5			yes					-1	-1	-1	-1	-1	
426	399	41d9194aeffd890e	4			yes					-1	-1	-1	-1	
427	399	df140445018426cd	4			yes					-1	-1	-1	-1	
428	0	c33be2cf1c7b8a65	5			yes					-1	-1	-1	429	454	
429	428	745a86e45e77b8d4	5			yes					430	442	448	451	453	
430	429	d4ff0af55a23d34c	4			yes					431	437	440	441	
431	430	09d1e495957bc828	3			yes					432	435	436	
432	431	92826c0be2a44c50	5			yes					-1	-1	433	434	-1	
433	432	7bb0aca44f6139dd	4			yes					-1	-1	-1	-1	
434	432	0389c82df7926e85	4			yes					-1	-1	-1	-1	
435	431	6501c71e84c5fc6b	5			yes					-1	-1	-1	-1	-1	
436	431	31766981375c1fe8	5			yes					-1	-1	-1	-1	-1	
437	430	cf50b8bb13efb181	3			yes					-1	438	439	
438	437	54798dcdd29e1449	5			yes					-1	-1	-1	-1	-1	
439	437	6149d0e58fd9d52d	5			yes					-1	-1	-1	-1	-1	
440	430	a53c0817789734aa	3			yes					-1	-1	-1	
441	430	b7425ecca4209e4f	3			yes					-1	-1	-1	
442	429	a9746884912fa3b0	4			yes					-1	443	446	447	
443	442	b2dbdacad8e3c17d	3			yes					-1	444	445	
444	443	7d2f0a2177df1bf1	5			yes					-1	-1	-1	-1	-1	
445	443	ef60bd8bc8c002c0	5			yes					-1	-1	-1	-1	-1	
446	442	d8b76a66b39b4456	3			yes					-1	-1	-1	
447	442	cac93cbd6f2ceeb3	3			yes					-1	-1	-1	
448	429	6ff534aa17bbda19	4			yes					-1	-1	449	450	
449	448	1e363648350f3dff	3			yes					-1	-1	-1	
450	448	0c486093e9b8971a	3			yes					-1	-1	-1	
451	429	059984067cc35f32	4			yes					-1	-1	-1	452	
452	451	6624d03f82c01231	3			yes					-1	-1	-1	
453	429	17e7d2dda074f5d7	4			yes					-1	-1	-1	-1	
454	428	4d9275c7f8a508e1	5			yes					455	466	471	474	475	
455	454	ed37f9d6fcf16379	4			yes					456	461	464	465	
456	455	301917b633a9781d	3			yes					457	459	460	
457	456	d96f9a1b30c561a6	5			yes					-1	-1	-1	-1	458	
458	457	baa9008748769236	4			yes					-1	-1	-1	-1	
459	456	d4914e1202a917b9	5			yes					-1	-1	-1	-1	-1	
460	456	59ad46d3b50510f1	5			yes					-1	-1	-1	-1	-1	
461	455	f6984b98b53d01b4	3			yes					-1	462	463	
462	461	c8716f5ab4fbeaf7	5			yes					-1	-1	-1	-1	-1	
463	461	0992ffb70d80da34	5			yes					-1	-1	-1	-1	-1	
464	455	51f751ccd717ed01	5			yes					-1	-1	-1	-1	-1	
465	455	30a8d785bbba74a3	3			yes					-1	-1	-1	
466	454	90bc9ba737fd1385	4			yes					-1	467	469	470	
467	466	8b1329e97e317148	3			yes					-1	468	-1	
468	467	904c3bf644078798	5			yes					-1	-1	-1	-1	-1	
469	466	97c897ac11f92356	5			yes					-1	-1	-1	-1	-1	
470	466	4d23b5f470b6045f	3			yes					-1	-1	-1	
471	454	563dc789b1696a2c	4			yes					-1	-1	472	473	
472	471	7f7f7790e524bb2f	5			yes					-1	-1	-1	-1	-1	
473	471	8ba2e9daf6227df6	3			yes					-1	-1	-1	
474	454	bbbbfe6cc58b05eb	4			yes					-1	-1	-1	-1	
475	454	900d5b94bfee1f3b	4			yes					-1	-1	-1	-1	
476	0	6e8d06fe392bc046	5			yes					-1	-1	-1	-1	477	
477	476	c75885912f15edbd	4			yes					478	500	518	540	
478	477	9a42a886dbb07fa7	5			yes					479	485	495	498	499	
479	478	7556b48ba1027f9b	4			yes					480	482	-1	484	
480	479	a6c6de06ec32c491	6			yes					-1	-1	-1	-1	-1	481	
481	480	c0c92550995b4ff6	5			yes					-1	-1	-1	-1	-1	
482	479	bea68c63a50061f7	6			yes					-1	-1	-1	-1	-1	483	
483	482	d8a97735d069ea90	5			yes					-1	-1	-1	-1	-1	
484	479	988c6f9a8b0ef244	6			yes					-1	-1	-1	-1	-1	-1	
485	478	81ed1ac8927c1d6a	4			yes					-1	486	492	493	
486	485	c7d8a43080df5a9c	6			yes					487	488	-1	-1	490	491	
487	486	d89b4a66f61ea353	5			yes					-1	-1	-1	-1	-1	
488	486	70cf26141feb7936	5			yes					-1	-1	-1	-1	-1	
489	486	45782fbeb8e5f029	5			no					-1	-1	-1	-2	-2	
490	486	598b5c77e8e731ca	5			yes					-1	-1	-1	-1	-1	
491	486	a41e3eacf86ca90c	5			yes					-1	-1	-1	-1	-1	
492	485	29b55e2717e5a554	6			yes					-1	-1	-1	-1	-1	-1	
493	485	61a22134ed477f2f	3			yes					-1	494	-1	
494	493	e4e285aeefa7cec4	6			yes					-1	-1	-1	-1	-1	-1	
495	478	d68c444d5adaf8a8	4			yes					-1	-1	496	497	
496	495	9207787422829ee6	6			yes					-1	-1	-1	-1	-1	-1	
497	495	36c37fb125e19aed	3			yes					-1	-1	-1	
498	478	583a7974cd2f87bb	4			yes					-1	-1	-1	-1	
499	478	7a0d937aa48b1de2	4			yes					-1	-1	-1	-1	
500	477	c1d79a7c1e19916b	5			yes					501	509	513	516	517	
501	500	6172166d1a4dfaf3	4			yes					502	503	506	507	
502	501	30e51834ebf7c190	6			yes					-1	-1	-1	-1	-1	-1	
503	501	e21a8b3d884cc071	6			yes					-1	-1	-1	-1	504	505	
504	503	7c49737ae074ab27	5			yes					-1	-1	-1	-1	-1	
505	503	81dc11a1f0ff33e1	5			yes					-1	-1	-1	-1	-1	
506	501	4c29abd40e850897	6			yes					-1	-1	-1	-1	-1	-1	
507	501	813d2d91657698b6	3			yes					-1	508	-1	
508	507	c120aaa3e7345429	6			yes					-1	-1	-1	-1	-1	-1	
509	500	ce5c8ad4ec9a76ce	4			yes					-1	510	-1	512	
510	509	587f160b37cd469e	6			yes					-1	-1	-1	-1	-1	511	
511	510	3e70ed5d42a4cdf9	5			yes					-1	-1	-1	-1	-1	
512	509	7e55f5f219c3d52d	6			yes					-1	-1	-1	-1	-1	-1	
513	500	8d1976b79f731664	4			yes					-1	-1	514	515	
514	513	80568285001b5c28	6			yes					-1	-1	-1	-1	-1	-1	
515	513	6d564d4be0487421	3			yes					-1	-1	-1	
516	500	03af4b8e08866977	4			yes					-1	-1	-1	-1	
517	500	2198a1806122f32e	4			yes					-1	-1	-1	-1	
518	477	be71dd17c112048d	5			yes					519	531	536	538	539	
519	518	1ed45106c5466f15	4			yes					520	526	528	529	
520	519	3f5777bc76ac3970	6			yes					-1	-1	522	523	524	525	
521	520	bcefeb5502ebd471	5			no					-1	-1	-1	-2	-2	
522	520	21487dc285a04aad	5			yes					-1	-1	-1	-1	-1	
523	520	3810799af3fbe896	5			yes					-1	-1	-1	-1	-1	
524	520	a1048ffb1e945226	5			yes					-1	-1	-1	-1	-1	
525	520	5c91ed200e1fcae0	5			yes					-1	-1	-1	-1	-1	
526	519	0f35ae66fe480efe	6			yes					-1	-1	-1	-1	-1	527	
527	526	693a55308b218599	5			yes					-1	-1	-1	-1	-1	
528	519	e7da36a86975120a	6			yes					-1	-1	-1	-1	-1	-1	
529	519	fe9b6afaba7d0d50	3			yes					530	-1	-1	
530	529	1c6d562219d4ad28	6			yes					-1	-1	-1	-1	-1	-1	
531	518	635f33770e4a1fe9	4			yes					-1	532	534	535	
532	531	cce51d43d897319f	6			yes					-1	-1	-1	-1	-1	533	
533	532	aaeae615adfebaf8	5			yes					-1	-1	-1	-1	-1	
534	531	55668f69f2c7b209	6			yes					-1	-1	-1	-1	-1	-1	
535	531	8310088b71717dac	3			yes					-1	-1	-1	
536	518	5fbc887fa2a8eaa5	4			yes					-1	-1	-1	537	
537	536	a0f2eced3f191634	6			yes					-1	-1	-1	-1	-1	-1	
538	518	7c090ce5d78dfc91	4			yes					-1	-1	-1	-1	
539	518	5e3ee6ebbe2966c8	4			yes					-1	-1	-1	-1	
540	477	96be046c012a8458	5			yes					541	553	561	563	-1	
541	540	361b887d057eefc0	4			yes					542	547	552	-1	
542	541	f40ccf69f697e5ec	6			yes					-1	543	-1	544	545	546	
543	542	5c5c09789735365e	5			yes					-1	-1	-1	-1	-1	
544	542	f34bc14f73c0340a	5			yes					-1	-1	-1	-1	-1	
545	542	6a5f372e9eaf8eba	5			yes					-1	-1	-1	-1	-1	
546	542	97ca55f58e24167c	5			yes					-1	-1	-1	-1	-1	
547	541	a433760d4e122f29	6			yes					-1	-1	-1	549	550	551	
548	547	4721ec9b0aa150a4	5			no					-1	-2	-2	-2	-2	
549	547	a374782bcb45fecf	5			yes					-1	-1	-1	-1	-1	
550	547	3a608e4a262a447f	5			yes					-1	-1	-1	-1	-1	
551	547	c7f5ec9136a1dcb9	5			yes					-1	-1	-1	-1	-1	
552	541	7a72aaf7e631c5d3	6			yes					-1	-1	-1	-1	-1	-1	
553	540	4b90ea0cce729f3c	4			yes					-1	554	560	-1	
554	553	2a1a1b63090bf8c4	6			yes					555	-1	556	557	558	559	
555	554	d620af3531d8f725	5			yes					-1	-1	-1	-1	-1	
556	554	4370de1285b732a8	5			yes					-1	-1	-1	-1	-1	
557	554	2d5d15458c5c2922	5			yes					-1	-1	-1	-1	-1	
558	554	b449e32461339392	5			yes					-1	-1	-1	-1	-1	
559	554	49dc81ff71b80b54	5			yes					-1	-1	-1	-1	-1	
560	553	bc4d6c9720df0b84	6			yes					-1	-1	-1	-1	-1	-1	
561	540	8d11b62248e6e695	4			yes					-1	-1	562	-1	
562	561	54fa8cabd40293fd	6			yes					-1	-1	-1	-1	-1	-1	
563	540	e77d068e239e63be	4			yes					-1	-1	-1	-1	
564	0	89723601eff36103	5			yes					-1	-1	-1	-1	-1	
