Number of nodes
918
ID	PID	Hash_Value			File_Number	Fully_Enumerated	Children
0	-1	1693662b42737fac	6			yes					1	278	681	-1	-1	-1	
1	0	1bc9d8cd1e8f32f4	4			yes					2	69	127	-1	
2	1	1a5e33315cba6e21	5			yes					3	12	26	41	-1	
3	2	94b25a776b7816da	4			yes					4	5	7	-1	
4	3	a902263fd5f58487	5			yes					-1	-1	-1	-1	-1	
5	3	5deff1942f2b6960	4			yes					-1	-1	-1	6	
6	5	e92c6aa57f548fc5	3			yes					-1	-1	-1	
7	3	72d63a9d3a809875	5			yes					8	-1	9	10	11	
8	7	02ca8774bccf00c7	4			yes					-1	-1	-1	-1	
9	7	1b7df73a71ab4718	5			yes					-1	-1	-1	-1	-1	
10	7	c06dfb30d4314ff5	4			yes					-1	-1	-1	-1	
11	7	e4ec1fb9221c9bcf	4			yes					-1	-1	-1	-1	
12	2	2430484ad53964fe	4			yes					-1	13	18	-1	
13	12	958602a04cdbbac1	5			yes					14	15	16	-1	17	
14	13	5a38557d4205afdb	4			yes					-1	-1	-1	-1	
15	13	b80e9158284f1109	4			yes					-1	-1	-1	-1	
16	13	6185c5f70238a2a8	4			yes					-1	-1	-1	-1	
17	13	f9ef8a5e3806b597	4			yes					-1	-1	-1	-1	
18	12	8bd49b1de7a07bc5	6			yes					19	21	-1	-1	-1	23	
19	18	a203694a549e92c5	5			yes					-1	-1	-1	-1	20	
20	19	dbc35225de572fa1	4			yes					-1	-1	-1	-1	
21	18	cf630c56c46aa13c	6			yes					-1	-1	-1	-1	-1	22	
22	21	b6a337394ea31c58	5			yes					-1	-1	-1	-1	-1	
23	18	1deebe39ff3c787f	5			yes					24	25	-1	-1	-1	
24	23	70636eed8b7af638	5			yes					-1	-1	-1	-1	-1	
25	23	1d030bf11b8ec5c1	6			yes					-1	-1	-1	-1	-1	-1	
26	2	c0d9ebdb3ddd7815	4			yes					-1	-1	27	-1	
27	26	d5eb9410edf3cbd3	5			yes					28	31	34	-1	36	
28	27	2a68393a1a21d1e7	6			yes					-1	29	-1	-1	-1	30	
29	28	97a11577c30f5d33	5			yes					-1	-1	-1	-1	-1	
30	28	53a8025590e86c83	5			yes					-1	-1	-1	-1	-1	
31	27	fe049f9c9fceaace	6			yes					32	-1	-1	-1	-1	33	
32	31	9c7cb4889e033b25	5			yes					-1	-1	-1	-1	-1	
33	31	87c4a4f3150717aa	5			yes					-1	-1	-1	-1	-1	
34	27	b977fdf70e7500ec	5			yes					-1	-1	-1	-1	35	
35	34	c0b7c69884bcbd88	4			yes					-1	-1	-1	-1	
36	27	43d1b134f56fc869	4			yes					37	39	40	-1	
37	36	f8083e9dc5c5b51a	6			yes					-1	38	-1	-1	-1	-1	
38	37	45c112d01ceb39ce	5			yes					-1	-1	-1	-1	-1	
39	36	2c64983b402ace33	6			yes					-1	-1	-1	-1	-1	-1	
40	36	6b17fa50d1916411	5			yes					-1	-1	-1	-1	-1	
41	2	da3b91628adb3d52	6			yes					42	52	58	60	65	67	
42	41	1585c6bf84052848	5			yes					43	45	46	-1	49	
43	42	73a7d1eb51b6cf2c	5			yes					-1	-1	-1	-1	44	
44	43	0a67ea84db7f7248	4			yes					-1	-1	-1	-1	
45	42	54b6c71cad1fd0c7	4			yes					-1	-1	-1	-1	
46	42	0ca3b7e44e113515	5			yes					-1	-1	-1	-1	47	
47	46	75638c8bc4d88871	4			yes					-1	-1	-1	-1	
48	42	a11860923422f0c4	5			no					-1	-2	-2	-2	-1	
49	42	83bfe39b9c992bf2	4			yes					50	-1	51	-1	
50	49	a1c7d64c8e52abd1	5			yes					-1	-1	-1	-1	-1	
51	49	dec3b04391f551e8	5			yes					-1	-1	-1	-1	-1	
52	41	f7b3029aee4f969a	5			yes					-1	53	54	-1	56	
53	52	f4d56c18542d452d	5			yes					-1	-1	-1	-1	-1	
54	52	d8cf1142cbfe4e3c	5			yes					-1	-1	-1	-1	55	
55	54	a10f2a2d4137f358	4			yes					-1	-1	-1	-1	
56	52	618927bef6d39520	4			yes					-1	-1	57	-1	
57	56	0aaf16e5141a2ac1	5			yes					-1	-1	-1	-1	-1	
58	41	9805576beeb6ca7e	5			yes					-1	-1	-1	-1	59	
59	58	e1c56c04647f771a	4			yes					-1	-1	-1	-1	
60	41	d2c9ae84b17db8ba	5			yes					-1	-1	61	-1	62	
61	60	6a76dd9ed37f2bbf	5			yes					-1	-1	-1	-1	-1	
62	60	12702034d25c4b51	6			yes					-1	-1	63	-1	-1	64	
63	62	afb90c790b72c785	5			yes					-1	-1	-1	-1	-1	
64	62	b9d01cfc877192c8	5			yes					-1	-1	-1	-1	-1	
65	41	688050cf646aead2	5			yes					-1	-1	-1	-1	66	
66	65	feba75eb7cf6e968	4			yes					-1	-1	-1	-1	
67	41	4c01b44692473ee8	5			yes					-1	-1	68	-1	-1	
68	67	4a6550cc3152ae83	5			yes					-1	-1	-1	-1	-1	
69	1	61f7c9c3a54dc954	5			yes					70	91	103	113	123	
70	69	360e363e9540bff3	4			yes					71	77	78	83	
71	70	edd5542ceabe6ec5	5			yes					72	73	75	-1	76	
72	71	3f5682f4fea86e15	4			yes					-1	-1	-1	-1	
73	71	796fdae12221da93	4			yes					-1	-1	-1	-1	
74	73	f872752cbf38c06c	3			no					-1	-1	-2	
75	71	6cc8fbe177a7743a	4			yes					-1	-1	-1	-1	
76	71	6301323bc99e0a2e	4			yes					-1	-1	-1	-1	
77	70	cf444be92ccca04d	4			yes					-1	-1	-1	-1	
78	70	9b47dc1fb536f2e4	5			yes					-1	79	80	81	82	
79	78	8f62f7d89de942dc	4			yes					-1	-1	-1	-1	
80	78	1a5a73d2282fe81b	4			yes					-1	-1	-1	-1	
81	78	b0fcb40747aeedb0	4			yes					-1	-1	-1	-1	
82	78	619f56650ee29e11	4			yes					-1	-1	-1	-1	
83	70	db8f060dc623db01	5			yes					84	85	88	-1	90	
84	83	0493bc7a8f9ff083	4			yes					-1	-1	-1	-1	
85	83	cfaa2dcaeefc6b39	4			yes					-1	86	-1	87	
86	85	4eb7820773e571c6	3			yes					-1	-1	-1	
87	85	fa24d0595cab952a	3			yes					-1	-1	-1	
88	83	5a92a9c05b3ac1fe	4			yes					-1	-1	-1	89	
89	88	6f1c5453e96d3fed	3			yes					-1	-1	-1	
90	83	ee01fb9e74742512	4			yes					-1	-1	-1	-1	
91	69	9c544f0db7216a2f	4			yes					-1	92	94	97	
92	91	988539b341c32a08	5			yes					93	-1	-1	-1	-1	
93	92	4ad7c1beef1fead2	4			yes					-1	-1	-1	-1	
94	91	84507ba785b78198	5			yes					-1	-1	95	-1	96	
95	94	054dd46a18ae9b67	4			yes					-1	-1	-1	-1	
96	94	7e88f1dd3e63ed6d	4			yes					-1	-1	-1	-1	
97	91	c498a1b5f6a2a87d	5			yes					98	99	100	-1	102	
98	97	16ca59b8587e68a7	4			yes					-1	-1	-1	-1	
99	97	c2e46fb0099c8061	4			yes					-1	-1	-1	-1	
100	97	45850e786bbbb282	4			yes					-1	-1	-1	101	
101	100	700bf3ebd9ec4c91	3			yes					-1	-1	-1	
102	97	f1165c2644f5566e	4			yes					-1	-1	-1	-1	
103	69	dcf1dcc7450c928b	4			yes					-1	-1	104	105	
104	103	e3f6a1228c867bb5	4			yes					-1	-1	-1	-1	
105	103	8ec203a736c0709c	5			yes					106	108	110	111	112	
106	105	5c90fbaa981cb046	4			yes					-1	-1	-1	107	
107	106	0b8eb46e5f425c0b	3			yes					-1	-1	-1	
108	105	85ca99eb3c635599	4			yes					-1	-1	-1	109	
109	108	d2d4d62ffb3db9d4	3			yes					-1	-1	-1	
110	105	98d96f523ad727de	4			yes					-1	-1	-1	-1	
111	105	985f41706f365ed0	4			yes					-1	-1	-1	-1	
112	105	d9dc4c63f19e9cd1	4			yes					-1	-1	-1	-1	
113	69	9d01042958f53cb9	6			yes					114	115	116	119	121	122	
114	113	4f53fc24f629fc63	5			yes					-1	-1	-1	-1	-1	
115	113	96099e65525619bc	5			yes					-1	-1	-1	-1	-1	
116	113	89242fee702a8c81	5			yes					-1	-1	117	-1	118	
117	116	08398023ed33967e	4			yes					-1	-1	-1	-1	
118	116	73fca594cbfee074	4			yes					-1	-1	-1	-1	
119	113	1c1cabe4c5ec2646	5			yes					-1	-1	-1	-1	120	
120	119	e6c4219e7e384ab3	4			yes					-1	-1	-1	-1	
121	113	b6ba6c31aa6d23ed	5			yes					-1	-1	-1	-1	-1	
122	113	67d98e53e321504c	5			yes					-1	-1	-1	-1	-1	
123	69	5f393a4ea1985efe	4			yes					-1	-1	-1	124	
124	123	30c7c197247fbc01	6			yes					-1	-1	125	126	-1	-1	
125	124	24e2ea500ca00c39	5			yes					-1	-1	-1	-1	-1	
126	124	b1da6e5ab966a6fe	5			yes					-1	-1	-1	-1	-1	
127	1	6364aff71a7ec95d	6			yes					128	150	171	193	211	228	
128	127	4b18600f1861f4f9	5			yes					129	134	142	147	149	
129	128	9404da7851dddf7b	4			yes					130	131	-1	132	
130	129	b5988a19751bf9e6	4			yes					-1	-1	-1	-1	
131	129	b479ff04e89a20ad	4			yes					-1	-1	-1	-1	
132	129	cd273f6e417570bd	5			yes					-1	-1	-1	-1	133	
133	132	cd99673678be3d0e	4			yes					-1	-1	-1	-1	
134	128	39e33694fbc4e6c5	4			yes					-1	135	137	138	
135	134	aeefb738b95be031	5			yes					136	-1	-1	-1	-1	
136	135	606b3f0bea02e032	4			yes					-1	-1	-1	-1	
137	134	437d34995a56f539	4			yes					-1	-1	-1	-1	
138	134	10d87ee0717a344b	3			yes					139	140	141	
139	138	b5a31a719df515df	4			yes					-1	-1	-1	-1	
140	138	62825cdb68ae20a4	5			yes					-1	-1	-1	-1	-1	
141	138	9e6454479017b3c3	4			yes					-1	-1	-1	-1	
142	128	43ea5fe923c77111	4			yes					-1	-1	143	144	
143	142	476dcdab442caf51	5			yes					-1	-1	-1	-1	-1	
144	142	6ad1179da979a39f	3			yes					145	-1	146	
145	144	f381185f35a055ed	4			yes					-1	-1	-1	-1	
146	144	34cc4afc24ef3d92	5			yes					-1	-1	-1	-1	-1	
147	128	8c2e9b7e1b016ed8	4			yes					-1	-1	-1	148	
148	147	a515d30a91bfbc56	3			yes					-1	-1	-1	
149	128	6223287b92df2677	4			yes					-1	-1	-1	-1	
150	127	bf16483e727efb23	5			yes					151	159	163	168	170	
151	150	6d44b033dca23bf9	4			yes					152	153	154	155	
152	151	81dee1bbc9e17b91	4			yes					-1	-1	-1	-1	
153	151	f68d54c0833ae1df	4			yes					-1	-1	-1	-1	
154	151	d3690cb73b95b615	4			yes					-1	-1	-1	-1	
155	151	447ff847561ce977	3			yes					156	157	158	
156	155	bdb1c0b7f1534314	4			yes					-1	-1	-1	-1	
157	155	b175b39b5e00949f	4			yes					-1	-1	-1	-1	
158	155	11307665840266ab	4			yes					-1	-1	-1	-1	
159	150	34ad74ee1ca40d9d	4			yes					-1	160	-1	161	
160	159	4104e15b768274e7	4			yes					-1	-1	-1	-1	
161	159	b785ad38f8ff9ef0	5			yes					-1	-1	-1	-1	162	
162	161	b73bf560c134d343	4			yes					-1	-1	-1	-1	
163	150	b7e477d849d87ecb	4			yes					-1	-1	164	165	
164	163	009a7e583b494fe5	5			yes					-1	-1	-1	-1	-1	
165	163	9edf3facc366ac45	3			yes					-1	166	167	
166	165	322203fea395f57b	4			yes					-1	-1	-1	-1	
167	165	733bf90f5b8add26	5			yes					-1	-1	-1	-1	-1	
168	150	7820b34f711e6102	4			yes					-1	-1	-1	169	
169	168	511bfb3bfba0b38c	3			yes					-1	-1	-1	
170	150	962d004af8c029ad	4			yes					-1	-1	-1	-1	
171	127	713307af437ba287	5			yes					172	181	188	190	192	
172	171	a361ffa2eda7625d	4			yes					173	175	176	177	
173	172	3eaeac0508e186ba	5			yes					-1	-1	-1	-1	174	
174	173	8758c2fb5a345cb9	4			yes					-1	-1	-1	-1	
175	172	f896cdf5ce780005	4			yes					-1	-1	-1	-1	
176	172	0d58eb6d2800cd96	4			yes					-1	-1	-1	-1	
177	172	8a5ab7d66719b0d3	3			yes					178	179	180	
178	177	87e69aa363ff110a	5			yes					-1	-1	-1	-1	-1	
179	177	2824968c6868cf1d	4			yes					-1	-1	-1	-1	
180	177	cf0191bf97971d28	4			yes					-1	-1	-1	-1	
181	171	7a3b9de349d88782	4			yes					-1	182	184	185	
182	181	c7ffce77534f0cf8	5			yes					-1	-1	-1	-1	183	
183	182	7e09a089019ad6fb	4			yes					-1	-1	-1	-1	
184	181	d6ff1a5b73e71b53	4			yes					-1	-1	-1	-1	
185	181	5300d597c366550c	3			yes					-1	186	187	
186	185	7eb7f8d138519b48	5			yes					-1	-1	-1	-1	-1	
187	185	14a66089cc70cbed	4			yes					-1	-1	-1	-1	
188	171	3757d1442da1ad70	4			yes					-1	-1	-1	189	
189	188	4306e9eb289049a1	5			yes					-1	-1	-1	-1	-1	
190	171	b605fcde401b38a6	4			yes					-1	-1	-1	191	
191	190	9f3eb4aacaa5ea28	3			yes					-1	-1	-1	
192	171	58084fdbc9c57009	4			yes					-1	-1	-1	-1	
193	127	3102ffdf9730864c	5			yes					194	202	206	208	209	
194	193	e35007d239ec4696	4			yes					195	198	-1	199	
195	194	f3b51447cfc625ed	5			yes					-1	-1	196	-1	197	
196	195	2280043b3ab3091b	4			yes					-1	-1	-1	-1	
197	195	4a437ab99d13ffee	4			yes					-1	-1	-1	-1	
198	194	c17b7cac0582defe	4			yes					-1	-1	-1	-1	
199	194	ca6b4fa6b3529418	3			yes					200	201	-1	
200	199	4afd22e1a4d8b25d	5			yes					-1	-1	-1	-1	-1	
201	199	c33d04cb76c54840	4			yes					-1	-1	-1	-1	
202	193	3a0a65939d93a349	4			yes					-1	203	-1	204	
203	202	bdd10e6fa2d432e6	5			yes					-1	-1	-1	-1	-1	
204	202	13312de7172d71c7	3			yes					-1	205	-1	
205	204	bf977608d193a458	5			yes					-1	-1	-1	-1	-1	
206	193	43f9a94474959470	4			yes					-1	-1	-1	207	
207	206	6ac2e130fe2b46fe	3			yes					-1	-1	-1	
208	193	048c3f33fd3f4c0e	5			yes					-1	-1	-1	-1	-1	
209	193	1839b7ab1d8e54c2	4			yes					-1	-1	-1	210	
210	209	fd82221dcc53eb4a	5			yes					-1	-1	-1	-1	-1	
211	127	cc26548cbf373405	5			yes					212	218	223	226	227	
212	211	1e74ac8111ebf4df	4			yes					213	214	216	-1	
213	212	c3cc55e121f0681c	5			yes					-1	-1	-1	-1	-1	
214	212	a2d7030acbadd0e0	4			yes					-1	-1	-1	-1	
215	214	0ea7e73629e874ed	3			no					-1	-1	-2	
216	212	b059acc16e453a77	5			yes					-1	-1	-1	-1	217	
217	216	09afc23f3c90e074	4			yes					-1	-1	-1	-1	
218	211	c72ecec0b5941100	4			yes					-1	219	221	-1	
219	218	256119e91aa7ef0c	5			yes					-1	-1	-1	-1	220	
220	219	8911fdd5f8e24b01	4			yes					-1	-1	-1	-1	
221	218	cecdb37b94f2a66f	5			yes					-1	-1	-1	-1	222	
222	221	773bdd85c6277c6c	4			yes					-1	-1	-1	-1	
223	211	bedd02175c922639	4			yes					-1	-1	224	-1	
224	223	c1c6192a40b54ef2	6			yes					-1	-1	-1	-1	-1	225	
225	224	783077d4126094f1	5			yes					-1	-1	-1	-1	-1	
226	211	c4d46b6a8491b1ed	4			yes					-1	-1	-1	-1	
227	211	a3530b3c7c7c720b	4			yes					-1	-1	-1	-1	
228	127	653c184e3bfe35e2	5			yes					229	239	249	259	267	
229	228	4a5d43a437abb5fb	5			yes					230	233	236	238	-1	
230	229	9541f9d37e179e79	4			yes					231	232	-1	-1	
231	230	2ee0ae03223e3664	4			yes					-1	-1	-1	-1	
232	230	2745cf195a85da69	4			yes					-1	-1	-1	-1	
233	229	38a6153fd40ea7c7	4			yes					-1	234	235	-1	
234	233	b4f70533c53cc689	5			yes					-1	-1	-1	-1	-1	
235	233	362c4ec981a8f028	4			yes					-1	-1	-1	-1	
236	229	42af7c420c0d3013	4			yes					-1	-1	237	-1	
237	236	309fba23c07b753b	5			yes					-1	-1	-1	-1	-1	
238	229	8d6bb8d534cb2fda	4			yes					-1	-1	-1	-1	
239	228	be536b955db4ba21	5			yes					240	244	246	248	-1	
240	239	6c019398f3687afb	4			yes					241	242	243	-1	
241	240	84aebd06fb196f7d	4			yes					-1	-1	-1	-1	
242	240	65b164dd31251b1b	4			yes					-1	-1	-1	-1	
243	240	36ddda5c834d4e96	4			yes					-1	-1	-1	-1	
244	239	35e85745336e4c9f	4			yes					-1	245	-1	-1	
245	244	2979097245fcb620	4			yes					-1	-1	-1	-1	
246	239	b6a1547366123fc9	4			yes					-1	-1	247	-1	
247	246	776809d0bf1e958f	5			yes					-1	-1	-1	-1	-1	
248	239	796590e45ed42000	4			yes					-1	-1	-1	-1	
249	228	707624046cb1e385	5			yes					250	254	257	258	-1	
250	249	a224dc09c26d235f	4			yes					251	252	253	-1	
251	250	51c465bad8630ec7	5			yes					-1	-1	-1	-1	-1	
252	250	024acef2c85605ef	4			yes					-1	-1	-1	-1	
253	250	e8ec3d8690d83515	4			yes					-1	-1	-1	-1	
254	249	7b7ebe486612c680	4			yes					-1	255	256	-1	
255	254	a89507c883cd8485	5			yes					-1	-1	-1	-1	-1	
256	254	334bccb0cb3fe3d0	4			yes					-1	-1	-1	-1	
257	249	3612f2ef026bec72	4			yes					-1	-1	-1	-1	
258	249	b740df756fd179a4	4			yes					-1	-1	-1	-1	
259	228	3047dc74b8fac74e	5			yes					260	263	265	266	-1	
260	259	e215247916260794	4			yes					261	262	-1	-1	
261	260	9cdfddf81f44ad90	5			yes					-1	-1	-1	-1	-1	
262	260	7c89a298bb89bde8	4			yes					-1	-1	-1	-1	
263	259	3b4f4638b259e24b	4			yes					-1	264	-1	-1	
264	263	0023d05b1cdf51f0	5			yes					-1	-1	-1	-1	-1	
265	259	42bc8aef5b5fd572	4			yes					-1	-1	-1	-1	
266	259	8f658e5c6f497843	5			yes					-1	-1	-1	-1	-1	
267	228	e5dea751071cc8cc	5			yes					268	272	275	277	-1	
268	267	378c5f5ca9c00816	4			yes					269	270	271	-1	
269	268	1764b08edefd0183	5			yes					-1	-1	-1	-1	-1	
270	268	767fe66534a0b97f	4			yes					-1	-1	-1	-1	
271	268	df33657ebec7b20a	5			yes					-1	-1	-1	-1	-1	
272	267	eed63d1d0dbfedc9	4			yes					-1	273	274	-1	
273	272	f1c9fc86e5aa8693	5			yes					-1	-1	-1	-1	-1	
274	272	a1a77ac444702e12	5			yes					-1	-1	-1	-1	-1	
275	267	9725f1cae4b9daf0	4			yes					-1	-1	276	-1	
276	275	aeacd0959037c68f	6			yes					-1	-1	-1	-1	-1	-1	
277	267	ed2c98b73cba4d24	4			yes					-1	-1	-1	-1	
278	0	491b94b6586459a1	4			yes					279	383	463	513	
279	278	2b9ef9f91cbad80c	5			yes					280	291	330	359	377	
280	279	6e182c2e292fd59f	5			yes					281	285	286	288	290	
281	280	1e0491c7af604d2d	4			yes					-1	282	283	284	
282	281	16f6ae2194c6c8c5	3			yes					-1	-1	-1	
283	281	00046838be554832	3			yes					-1	-1	-1	
284	281	6978db73e18684e5	3			yes					-1	-1	-1	
285	280	11923144e23ad18d	4			yes					-1	-1	-1	-1	
286	280	66ea13c812895077	4			yes					-1	-1	-1	287	
287	286	57bcfec44dafc27f	4			yes					-1	-1	-1	-1	
288	280	7018d5d1381ad080	4			yes					-1	-1	-1	289	
289	288	012e7726a498ea6e	4			yes					-1	-1	-1	-1	
290	280	1964669a67c91c57	4			yes					-1	-1	-1	-1	
291	279	5fef04069528d81d	4			yes					292	297	308	312	
292	291	c63d081fe34194dd	5			yes					293	-1	-1	-1	294	
293	292	b621b5f6650e0c6f	4			yes					-1	-1	-1	-1	
294	292	b14142abada75d15	4			yes					-1	-1	295	296	
295	294	6b9cc7ed8c91f613	5			yes					-1	-1	-1	-1	-1	
296	294	9ea290346ea53e2f	4			yes					-1	-1	-1	-1	
297	291	3a109ffa5b05d98f	5			yes					298	301	304	305	307	
298	297	5052fb133c058ede	4			yes					-1	-1	-1	299	
299	298	3f93602bca565822	5			yes					-1	-1	-1	-1	300	
300	299	c836585dfde73f18	4			yes					-1	-1	-1	-1	
301	297	311805b651a6fc8a	4			yes					-1	-1	-1	302	
302	301	c7e15780e06f8332	5			yes					-1	-1	-1	-1	303	
303	302	30446ff6d7dee408	4			yes					-1	-1	-1	-1	
304	297	9b9cae6ac053c993	4			yes					-1	-1	-1	-1	
305	297	b7ba8581b813ab80	4			yes					-1	-1	-1	306	
306	305	7645489c999ab2f1	5			yes					-1	-1	-1	-1	-1	
307	297	4d6cd54e15e31047	4			yes					-1	-1	-1	-1	
308	291	37784280c09899bb	4			yes					309	310	-1	311	
309	308	5d3a2669a798ceea	3			yes					-1	-1	-1	
310	308	3c70d8ccca3bbcbe	3			yes					-1	-1	-1	
311	308	272e284e03797da3	3			yes					-1	-1	-1	
312	291	513ce32c3578f3a7	5			yes					313	321	326	327	328	
313	312	3b7e87c55278a4f6	4			yes					314	-1	316	317	
314	313	af838edae1d8943b	5			yes					-1	-1	-1	-1	315	
315	314	9fe5ee0e2d8f8cca	4			yes					-1	-1	-1	-1	
316	313	757ccb23db1a2a18	4			yes					-1	-1	-1	-1	
317	313	536cb558754c2fed	3			yes					318	-1	319	
318	317	6840d6781a3eebf0	5			yes					-1	-1	-1	-1	-1	
319	317	fe85d244cd915b5e	5			yes					-1	-1	-1	-1	320	
320	319	c21fc0e39fee9fba	4			yes					-1	-1	-1	-1	
321	312	5a3479603fdbd6a2	4			yes					-1	-1	322	323	
322	321	2039191588252c1f	4			yes					-1	-1	-1	-1	
323	321	32264bfd18ef5db9	3			yes					-1	-1	324	
324	323	abc000729eae5d59	5			yes					-1	-1	-1	-1	325	
325	324	975a12d5ccd199bd	4			yes					-1	-1	-1	-1	
326	312	544e6768dbf1c2a3	5			yes					-1	-1	-1	-1	-1	
327	312	4f3c1ad3244df6b8	4			yes					-1	-1	-1	-1	
328	312	392ed1b1124c78bc	4			yes					-1	-1	-1	-1	
329	328	938d3fca2017bd68	5			no					-1	-1	-1	-1	-2	
330	279	f11921137dddce38	4			yes					331	-1	334	340	
331	330	a79dd78320449751	4			yes					332	-1	-1	333	
332	331	d7816a6aa60b0fe3	3			yes					-1	-1	-1	
333	331	d0e19d376ea25e99	3			yes					-1	-1	-1	
334	330	ecd0447f5ccbe6af	5			yes					335	336	337	338	339	
335	334	869220963bcbb1fe	4			yes					-1	-1	-1	-1	
336	334	e7d8de335668c3aa	4			yes					-1	-1	-1	-1	
337	334	9e2b12e4bf6ef493	4			yes					-1	-1	-1	-1	
338	334	d580c3f256a3eaf4	4			yes					-1	-1	-1	-1	
339	334	2ae12fb3846e6c33	4			yes					-1	-1	-1	-1	
340	330	a4d4a7178aca294a	5			yes					341	349	354	356	357	
341	340	ce96c3feedca7e1b	4			yes					342	344	-1	346	
342	341	6298369826ff376c	5			yes					-1	-1	-1	-1	343	
343	342	52fe564ceaa82f9d	4			yes					-1	-1	-1	-1	
344	341	1171e3c598f4c3c2	4			yes					-1	-1	-1	345	
345	344	2117831154a3db33	3			yes					-1	-1	-1	
346	341	a684f163cafef500	3			yes					347	348	-1	
347	346	a55b6e3add1948a7	5			yes					-1	-1	-1	-1	-1	
348	346	d6b2bb676312bc09	4			yes					-1	-1	-1	-1	
349	340	afdc3d5b80690c4f	4			yes					-1	350	-1	352	
350	349	e339b206377aff18	5			yes					-1	-1	-1	-1	351	
351	350	d35fd2d2fb2de7e9	4			yes					-1	-1	-1	-1	
352	349	c7ce0fc6a75d8754	3			yes					-1	353	-1	
353	352	24faeaa4cc9c80d3	5			yes					-1	-1	-1	-1	-1	
354	340	d62ff18c696f3b76	4			yes					-1	-1	-1	355	
355	354	be3dc3114e5bb06d	3			yes					-1	-1	-1	
356	340	16befc78bd6c6961	5			yes					-1	-1	-1	-1	-1	
357	340	ccc6958aadfea251	4			yes					-1	-1	-1	358	
358	357	7360011dc48b3b88	5			yes					-1	-1	-1	-1	-1	
359	279	76f225ec004f8b42	4			yes					360	-1	-1	362	
360	359	1732f5abb51dfd50	4			yes					361	-1	-1	-1	
361	360	672e4842335265e2	3			yes					-1	-1	-1	
362	359	5dce3bb5cec05f47	5			yes					-1	363	369	374	376	
363	362	56c6a1f9c4637a42	4			yes					364	366	368	-1	
364	363	a1d76ef9b503c4a2	5			yes					-1	-1	-1	-1	365	
365	364	91b10e2d7954dc53	4			yes					-1	-1	-1	-1	
366	363	c99801f1868c9370	5			yes					-1	-1	-1	-1	367	
367	366	f9fe61254adb8b81	4			yes					-1	-1	-1	-1	
368	363	462f99e218c6b27b	4			yes					-1	-1	-1	-1	
369	362	2f356d2e2d654d7b	4			yes					370	-1	372	-1	
370	369	4e5a8fdea62c588d	4			yes					-1	-1	-1	371	
371	370	7e3cef0a6a7b407c	3			yes					-1	-1	-1	
372	369	492433b3cc815ae6	5			yes					-1	-1	-1	-1	-1	
373	369	638908e894cbc875	4			no					-1	-2	-1	-1	
374	362	553c0453f566daaf	4			yes					375	-1	-1	-1	
375	374	b659a558eaa9fea1	4			yes					-1	-1	-1	-1	
376	362	1b4397d8b5a0e580	4			yes					-1	-1	-1	-1	
377	279	b8b2ec6148066cea	4			yes					378	-1	-1	-1	
378	377	7176540740fd974c	5			yes					379	380	381	382	-1	
379	378	016ae9eec6b20ffe	4			yes					-1	-1	-1	-1	
380	378	7dd3c9b7889979fa	5			yes					-1	-1	-1	-1	-1	
381	378	bc97287e22b6e9b1	4			yes					-1	-1	-1	-1	
382	378	bb532dbae815dd5e	4			yes					-1	-1	-1	-1	
383	278	fc5fe9a4f8e24faa	5			yes					384	396	415	437	452	
384	383	2b88cc165cd7aa52	5			yes					385	387	391	393	395	
385	384	611f1b049caeda49	4			yes					386	-1	-1	-1	
386	385	cbc5fb6483707224	3			yes					-1	-1	-1	
387	384	81522c764309023f	4			yes					-1	-1	388	390	
388	387	9f52d589523c0720	3			yes					-1	-1	389	
389	388	afc6a590e9d340db	5			yes					-1	-1	-1	-1	-1	
390	387	f62e66c20defcbf7	3			yes					-1	-1	-1	
391	384	89318439807414a1	4			yes					-1	-1	-1	392	
392	391	bb4e1e06dfdf344f	5			yes					-1	-1	-1	-1	-1	
393	384	358835e94de2af4d	4			yes					-1	-1	-1	394	
394	393	35c0092ad7430377	5			yes					-1	-1	-1	-1	-1	
395	384	5cf486a21231639a	4			yes					-1	-1	-1	-1	
396	383	e9d49942b4121850	4			yes					397	403	405	407	
397	396	566746410ce60202	5			yes					398	399	400	401	402	
398	397	ec087e6daa3c3dbe	4			yes					-1	-1	-1	-1	
399	397	dbe1b481c2af7683	4			yes					-1	-1	-1	-1	
400	397	5e9579a7374087ea	4			yes					-1	-1	-1	-1	
401	397	4867bfbe1dd3071d	4			yes					-1	-1	-1	-1	
402	397	211b0cf54200cbca	4			yes					-1	-1	-1	-1	
403	396	42da08e454742cd0	4			yes					-1	-1	-1	404	
404	403	35a642501a92e518	3			yes					-1	-1	-1	
405	396	7270e6e349725b90	4			yes					406	-1	-1	-1	
406	405	3a1f990b45f8d305	3			yes					-1	-1	-1	
407	396	1434474fbc92318c	5			yes					408	409	411	412	414	
408	407	5c5b38a7b018b919	4			yes					-1	-1	-1	-1	
409	407	9cc4fca5e628b862	4			yes					-1	-1	-1	410	
410	409	f4d6ce38c11c3379	3			yes					-1	-1	-1	
411	407	b68d0f6060318f7f	4			yes					-1	-1	-1	-1	
412	407	0a34beb0ada73493	4			yes					-1	-1	-1	413	
413	412	62268c2d8a93bf88	3			yes					-1	-1	-1	
414	407	7c2675d29ba6ba97	4			yes					-1	-1	-1	-1	
415	383	ba3a10689946005b	4			yes					416	-1	421	424	
416	415	97de7a86323777f0	5			yes					-1	417	-1	-1	419	
417	416	3d049ae62de9df9d	4			yes					-1	-1	-1	418	
418	417	ab1cd51988d61f4d	6			yes					-1	-1	-1	-1	-1	-1	
419	416	e0a230327cd1be38	4			yes					-1	-1	-1	420	
420	419	bea5cba5b28b09cf	6			yes					-1	-1	-1	-1	-1	-1	
421	415	36c3ec44c52f0ff5	5			yes					-1	422	423	-1	-1	
422	421	ec0c0bf962f6a7b1	4			yes					-1	-1	-1	-1	
423	421	9c190c24daf1a798	4			yes					-1	-1	-1	-1	
424	415	50874de830cf65e9	6			yes					425	426	429	431	435	436	
425	424	00740ebabb924915	6			yes					-1	-1	-1	-1	-1	-1	
426	424	8a48aa559716cdad	5			yes					-1	427	-1	-1	428	
427	426	20924a3588c865c0	4			yes					-1	-1	-1	-1	
428	426	e25a98c8b02246b6	4			yes					-1	-1	-1	-1	
429	424	fa5dad882f11cd84	5			yes					-1	-1	-1	-1	430	
430	429	924f9f150825469f	4			yes					-1	-1	-1	-1	
431	424	4e68b357828c06b8	5			yes					-1	432	-1	-1	434	
432	431	94a754ea2555aefc	4			yes					-1	-1	-1	-1	
433	431	e4b253379d52aed5	4			no					-1	-1	-1	-2	
434	431	267a81caa5b88da3	4			yes					-1	-1	-1	-1	
435	424	4e87b41721fa60f6	5			yes					-1	-1	-1	-1	-1	
436	424	38957f7517fbeef2	5			yes					-1	-1	-1	-1	-1	
437	383	a13335b1e4171ce4	4			yes					438	-1	-1	441	
438	437	52a21593c0e5829d	4			yes					439	440	-1	-1	
439	438	1835c281009cf286	3			yes					-1	-1	-1	
440	438	f878f5f3df3b2af0	3			yes					-1	-1	-1	
441	437	dc4e9c77134e8c88	5			yes					442	445	448	450	451	
442	441	9421e39f1fc4041d	4			yes					443	444	-1	-1	
443	442	52f04fea12721f8d	5			yes					-1	-1	-1	-1	-1	
444	442	538f676ef9e19b5b	5			yes					-1	-1	-1	-1	-1	
445	441	06817bcab49724cc	4			yes					-1	446	-1	447	
446	445	ac5b9baaab498ca1	3			yes					-1	-1	-1	
447	445	400cd7a7cff79e0b	3			yes					-1	-1	-1	
448	441	76947c170c9024e5	4			yes					-1	-1	-1	449	
449	448	3019d07a77f09e22	3			yes					-1	-1	-1	
450	441	7ef7d458cfed327b	4			yes					-1	-1	-1	-1	
451	441	9ac3301a682e364f	4			yes					-1	-1	-1	-1	
452	383	6f73fc3cac5efb4c	4			yes					453	-1	-1	-1	
453	452	34e6b43f3505e881	5			yes					454	455	458	459	-1	
454	453	7e71632df57c989a	4			yes					-1	-1	-1	-1	
455	453	9e3c545f2adb40ec	4			yes					-1	456	457	-1	
456	455	47128f156d785cf7	5			yes					-1	-1	-1	-1	-1	
457	455	15bbff0ca55e77eb	5			yes					-1	-1	-1	-1	-1	
458	453	917921c233c64c8d	5			yes					-1	-1	-1	-1	-1	
459	453	2ae64dc02430ed9e	4			yes					-1	-1	460	461	
460	459	565d92009be75648	5			yes					-1	-1	-1	-1	-1	
461	459	2762c8b82b83f19a	6			yes					-1	-1	-1	-1	-1	462	
462	461	1bf8da1f79fc357e	5			yes					-1	-1	-1	-1	-1	
463	278	e634e8e7748e71c6	5			yes					464	473	492	501	508	
464	463	f20cb1b146ca0c2f	5			yes					465	466	469	471	472	
465	464	9c7c834f0b8e8bc6	4			yes					-1	-1	-1	-1	
466	464	80f7e72aa56f1e13	4			yes					-1	467	468	-1	
467	466	b05ec5be34989ba2	3			yes					-1	-1	-1	
468	466	ed7c90d5d1a2ce75	3			yes					-1	-1	-1	
469	464	c2a59325d73d899e	4			yes					-1	-1	470	-1	
470	469	af2ee4daa3f059f8	3			yes					-1	-1	-1	
471	464	9f87c64e3207dc49	4			yes					-1	-1	-1	-1	
472	464	41a9310e4bdbc002	4			yes					-1	-1	-1	-1	
473	463	8e19017e7745bb67	4			yes					474	479	485	488	
474	473	e9bda69d092aee33	5			yes					475	-1	476	477	-1	
475	474	53d29eb1aff0d18f	4			yes					-1	-1	-1	-1	
476	474	d914840998dd6b82	4			yes					-1	-1	-1	-1	
477	474	8436d1627de73e55	4			yes					-1	-1	-1	-1	
478	474	c3b6515d230ab9e7	6			no					-1	-1	-1	-2	-2	-1	
479	473	0c7ae48a03a41911	5			yes					480	481	482	483	484	
480	479	44159b620f2e9184	4			yes					-1	-1	-1	-1	
481	479	f8be46e4fedacf9e	4			yes					-1	-1	-1	-1	
482	479	62852ac688284251	4			yes					-1	-1	-1	-1	
483	479	61f193757769c977	4			yes					-1	-1	-1	-1	
484	479	bfdf64350eb5d53c	4			yes					-1	-1	-1	-1	
485	473	1d7e61e0d7db6a4f	4			yes					486	-1	-1	487	
486	485	55111e08db51e2da	3			yes					-1	-1	-1	
487	485	6a022b54993da387	3			yes					-1	-1	-1	
488	473	b474717b62d17618	5			yes					-1	-1	489	491	-1	
489	488	84dd53eff326f3a9	4			yes					-1	-1	490	-1	
490	489	e956241087eb23cf	3			yes					-1	-1	-1	
491	488	d9ff0684161ca67e	4			yes					-1	-1	-1	-1	
492	463	92451518fd1c71d7	4			yes					493	-1	495	499	
493	492	9b2b0e73afb33950	4			yes					-1	-1	494	-1	
494	493	f6a0798cdb7ee936	3			yes					-1	-1	-1	
495	492	45fbd8554d930eda	5			yes					496	497	-1	-1	498	
496	495	0d94a7bd4119864f	4			yes					-1	-1	-1	-1	
497	495	7c75d415a2184952	4			yes					-1	-1	-1	-1	
498	495	328792e10375c712	4			yes					-1	-1	-1	-1	
499	492	6e6eb3020084fea4	5			yes					-1	-1	-1	500	-1	
500	499	03e5c4fd74492ec2	4			yes					-1	-1	-1	-1	
501	463	8c860b9930c36c5b	4			yes					502	-1	-1	506	
502	501	b1d25d0df2b29f78	4			yes					-1	503	504	505	
503	502	c3290b9611178d44	3			yes					-1	-1	-1	
504	502	6bf72ed1e0075c1d	3			yes					-1	-1	-1	
505	502	c6ae17b9bc5456b0	3			yes					-1	-1	-1	
506	501	ddffa2c6a83d36ec	5			yes					-1	-1	-1	-1	507	
507	506	0492bdf3781f1018	4			yes					-1	-1	-1	-1	
508	463	171f5e1b53eb6724	4			yes					509	-1	-1	-1	
509	508	18d84d9647b8832f	5			yes					-1	510	511	512	-1	
510	509	a6d9eddea84087b6	5			yes					-1	-1	-1	-1	-1	
511	509	28716f02d64f069e	4			yes					-1	-1	-1	-1	
512	509	75533a6933755349	4			yes					-1	-1	-1	-1	
513	278	325a6ce2dfd2495d	6			yes					514	566	614	650	673	680	
514	513	53abc5e1422df954	5			yes					515	531	538	546	554	
515	514	694ab7a8de41dca3	5			yes					516	518	521	525	529	
516	515	d3258f84789be31f	4			yes					-1	-1	-1	517	
517	516	aba78d7c6d48c882	3			yes					-1	-1	-1	
518	515	94bcf75830766d32	5			yes					-1	-1	-1	-1	520	
519	518	5515bf9754e9d253	4			no					-1	-1	-2	-2	
520	518	1ef25d55edbb09a6	4			yes					-1	-1	-1	-1	
521	515	61b8884ee5e7594b	4			yes					-1	522	523	524	
522	521	0fa4d0143a71f7ad	5			yes					-1	-1	-1	-1	-1	
523	521	19e09a3fa56ff41d	5			yes					-1	-1	-1	-1	-1	
524	521	8c7ecf24cb3ce266	5			yes					-1	-1	-1	-1	-1	
525	515	774a4e57cf74d9bc	4			yes					-1	526	-1	527	
526	525	854ef3e2d41f9613	4			yes					-1	-1	-1	-1	
527	525	6c99a6e0df716a18	6			yes					-1	-1	-1	-1	-1	528	
528	527	5003b4478d0eaefc	5			yes					-1	-1	-1	-1	-1	
529	515	11c8b550cb92f73e	4			yes					-1	530	-1	-1	
530	529	e9576523da0a6e9c	5			yes					-1	-1	-1	-1	-1	
531	514	4e961f122778a69c	4			yes					532	533	534	537	
532	531	a2ee02eeaeecb237	5			yes					-1	-1	-1	-1	-1	
533	531	a2187c3b06e29cc8	5			yes					-1	-1	-1	-1	-1	
534	531	5096e6ed364da383	3			yes					-1	-1	535	
535	534	051fae4c62d44a6d	6			yes					-1	-1	-1	-1	-1	536	
536	535	3985bceb30ab8e89	5			yes					-1	-1	-1	-1	-1	
537	531	36141dea32ab8d01	3			yes					-1	-1	-1	
538	514	bb7e5b2998ca7c71	4			yes					539	540	543	544	
539	538	debdbe4e581fe17d	5			yes					-1	-1	-1	-1	-1	
540	538	c9850db27b6f6e4d	3			yes					-1	-1	541	
541	540	bf7434a7430042a1	5			yes					-1	-1	-1	-1	542	
542	541	48d10cd174b1259b	4			yes					-1	-1	-1	-1	
543	538	eaf155c6481d89c8	5			yes					-1	-1	-1	-1	-1	
544	538	c3fc59d18d1957ec	3			yes					-1	-1	-1	
545	544	a3562c35b263e2d3	5			no					-1	-2	-2	-2	-2	
546	514	b7087aaf4d74970a	4			yes					547	548	551	553	
547	546	1df2e62fcbe312b3	5			yes					-1	-1	-1	-1	-1	
548	546	c5f32c34aed18536	3			yes					-1	549	-1	
549	548	938d5f6f4fe62fd9	5			yes					-1	-1	-1	-1	-1	
550	548	2ff7d9625842ea7b	4			yes					-1	-1	-1	-1	
551	546	bffa454976d212e2	3			yes					-1	-1	552	
552	551	855fc7d9ecba642a	5			yes					-1	-1	-1	-1	-1	
553	546	14795b839547103d	3			yes					-1	-1	-1	
554	514	626b90e1a3469e39	5			yes					555	556	561	564	565	
555	554	0c1ba21fee0219d0	4			yes					-1	-1	-1	-1	
556	554	1090c67a40e38c05	4			yes					-1	557	558	559	
557	556	4ad05f1e2ea2b4c0	5			yes					-1	-1	-1	-1	-1	
558	556	0418cfe3f9fceaa2	4			yes					-1	-1	-1	-1	
559	556	7882f4e767d7071e	3			yes					-1	560	-1	
560	559	8d1307bcd544cb0b	5			yes					-1	-1	-1	-1	-1	
561	554	6a99af0798e01bd1	4			yes					-1	-1	562	563	
562	561	44cf59600347ae24	5			yes					-1	-1	-1	-1	-1	
563	561	028b9d9abfd490ca	3			yes					-1	-1	-1	
564	554	7c6b691eb2739b26	4			yes					-1	-1	-1	-1	
565	554	0a79a27c84721522	4			yes					-1	-1	-1	-1	
566	513	5a77857bdc1983fc	5			yes					-1	567	581	588	594	
567	566	c1d87ea1cca02e59	5			yes					568	573	575	576	580	
568	567	89b70149c02aa6cc	4			yes					-1	569	570	571	
569	568	b851ddb6bedacba6	4			yes					-1	-1	-1	-1	
570	568	d7b0ab607d9f6006	4			yes					-1	-1	-1	-1	
571	568	bba93da1738a9889	5			yes					-1	-1	-1	-1	572	
572	571	4c0c05d7443bffb3	4			yes					-1	-1	-1	-1	
573	567	351cdccf31def8d6	4			yes					-1	-1	-1	574	
574	573	4d9ede37240dd34b	3			yes					-1	-1	-1	
575	567	da292681f5127098	4			yes					-1	-1	-1	-1	
576	567	dfd8875edd952b46	4			yes					-1	-1	-1	577	
577	576	a75a85a6c84600db	3			yes					578	-1	-1	
578	577	fb68d04efe9af361	5			yes					-1	-1	-1	-1	579	
579	578	c7f2c2e9ace53785	4			yes					-1	-1	-1	-1	
580	567	b95a7c59d97305c4	4			yes					-1	-1	-1	-1	
581	566	17d267c4bda38946	4			yes					582	585	586	587	
582	581	5fbd182cb12901d3	3			yes					-1	-1	583	
583	582	03bd25fd3c5f7f57	5			yes					-1	-1	-1	-1	584	
584	583	f4181d8b0bee186d	4			yes					-1	-1	-1	-1	
585	581	ef9a40a43aa16131	3			yes					-1	-1	-1	
586	581	c8a55a709e5b4b7f	3			yes					-1	-1	-1	
587	581	6f50653ca870a2db	3			yes					-1	-1	-1	
588	566	1ba44642681d623d	4			yes					589	591	592	593	
589	588	53cb39aa6497eaa8	3			yes					-1	590	-1	
590	589	c3b58091b5707101	4			yes					-1	-1	-1	-1	
591	588	e3ec6122ef1f8a4a	3			yes					-1	-1	-1	
592	588	135679a453bbe7d5	3			yes					-1	-1	-1	
593	588	b8d5676eb02ee50a	3			yes					-1	-1	-1	
594	566	926b500369fff562	4			yes					595	601	607	609	
595	594	79da87cdeca67c25	5			yes					596	597	598	599	-1	
596	595	c3b5bfe14a7c4399	4			yes					-1	-1	-1	-1	
597	595	2e943d8121ec1157	5			yes					-1	-1	-1	-1	-1	
598	595	f77bef9633e528d4	5			yes					-1	-1	-1	-1	-1	
599	595	e760bf87c9fa1b5e	5			yes					-1	-1	-1	-1	-1	
600	599	d8943816b035b007	4			no					-1	-1	-2	-1	
601	594	d1484ec4fe478edf	5			yes					602	603	604	605	-1	
602	601	7c6a6503886ce742	5			yes					-1	-1	-1	-1	-1	
603	601	258cecaa03395850	4			yes					-1	-1	-1	-1	
604	601	cab916e4c7f5d01e	4			yes					-1	-1	-1	-1	
605	601	cf48b73bef728bc0	4			yes					606	-1	-1	-1	
606	605	7091c929e8118227	4			yes					-1	-1	-1	-1	
607	594	074257a18f4429c0	4			yes					608	-1	-1	-1	
608	607	c47e7d5fc7b9009c	5			yes					-1	-1	-1	-1	-1	
609	594	fe58cb03cb4e5fcd	4			yes					610	-1	612	-1	
610	609	0731253e5445f352	5			yes					-1	-1	-1	-1	611	
611	610	375745ea9812eba3	4			yes					-1	-1	-1	-1	
612	609	f6aaf4e5f0e8da25	3			yes					613	-1	-1	
613	612	55623dc7fa9e2630	4			yes					-1	-1	-1	-1	
614	513	462b911d5640494c	5			yes					-1	-1	615	628	634	
615	614	25455abb8e928693	5			yes					616	621	624	626	627	
616	615	6d2a255382180e06	4			yes					617	-1	618	619	
617	616	394bfe1e03935ddd	5			yes					-1	-1	-1	-1	-1	
618	616	1b44f7f6e5372edc	4			yes					-1	-1	-1	-1	
619	616	a568e5ca8a293c56	5			yes					-1	-1	-1	-1	620	
620	619	52cdddbcbd985b6c	4			yes					-1	-1	-1	-1	
621	615	1ccb56fb6119c11b	4			yes					-1	-1	-1	622	
622	621	6449540374caea86	3			yes					623	-1	-1	
623	622	44a06c65e9ef5e73	5			yes					-1	-1	-1	-1	-1	
624	615	84c96b2b15c4968f	4			yes					-1	-1	-1	625	
625	624	fc4b69d30017bd12	3			yes					-1	-1	-1	
626	615	a8ef40c06d84f49c	4			yes					-1	-1	-1	-1	
627	615	5dc758439b41ad0e	4			yes					-1	-1	-1	-1	
628	614	94f4846f55e847dd	4			yes					629	631	632	633	
629	628	dc9bfb875962cf48	3			yes					630	-1	-1	
630	629	573343e2e9697304	5			yes					-1	-1	-1	-1	-1	
631	628	ad7a882fba630055	3			yes					-1	-1	-1	
632	628	d29052843b32482a	3			yes					-1	-1	-1	
633	628	3785a5438ddbc0ea	3			yes					-1	-1	-1	
634	614	8e374465e3a63fd2	4			yes					635	-1	639	645	
635	634	5e062f77159f061a	4			yes					636	637	638	-1	
636	635	18c6c837bf76ce52	5			yes					-1	-1	-1	-1	-1	
637	635	1830b6e21778e0ad	5			yes					-1	-1	-1	-1	-1	
638	635	8ee6b72b745f3b2b	5			yes					-1	-1	-1	-1	-1	
639	634	35d56adebc752615	5			yes					640	641	643	644	-1	
640	639	62abbd6871cf439d	5			yes					-1	-1	-1	-1	-1	
641	639	0c5b669e53fe619d	4			yes					642	-1	-1	-1	
642	641	836334c7120921b8	5			yes					-1	-1	-1	-1	-1	
643	639	94595b4e27233609	4			yes					-1	-1	-1	-1	
644	639	b87f70a55f63541a	4			yes					-1	-1	-1	-1	
645	634	7108092ef6bb7a2d	4			yes					646	648	-1	-1	
646	645	a1e4e509e233b053	5			yes					-1	-1	-1	-1	647	
647	646	918285dd2e64a8a2	4			yes					-1	-1	-1	-1	
648	645	4886056e19303da5	3			yes					649	-1	-1	
649	648	ed1b893bf8f30f61	5			yes					-1	-1	-1	-1	-1	
650	513	e8ddb408beb55f69	5			yes					-1	-1	-1	651	660	
651	650	bd4f694bca30fd98	5			yes					652	656	657	658	659	
652	651	f52016a3c6ba750d	4			yes					653	654	-1	655	
653	652	9a28fba02e4ed053	5			yes					-1	-1	-1	-1	-1	
654	652	7d1fc685d04002f5	4			yes					-1	-1	-1	-1	
655	652	23099acb3eb809b8	5			yes					-1	-1	-1	-1	-1	
656	651	84c1650b25bbba10	4			yes					-1	-1	-1	-1	
657	651	cfb43fd02995efa4	4			yes					-1	-1	-1	-1	
658	651	841feec6c058f1c3	4			yes					-1	-1	-1	-1	
659	651	3a4aa2be0accd17a	4			yes					-1	-1	-1	-1	
660	650	20c161700b5329f7	4			yes					661	-1	-1	665	
661	660	abee6b4caa2ddcf7	4			yes					662	663	664	-1	
662	661	6495749749859d18	5			yes					-1	-1	-1	-1	-1	
663	661	78b76c05b8e63d6a	5			yes					-1	-1	-1	-1	-1	
664	661	5ac02df271e54b6f	5			yes					-1	-1	-1	-1	-1	
665	660	edecaa5b49471d98	5			yes					666	668	670	672	-1	
666	665	2dc8d79781695c90	5			yes					-1	-1	-1	-1	667	
667	666	1daeb7434d3e4461	4			yes					-1	-1	-1	-1	
668	665	d462a61ba6cc5a10	4			yes					669	-1	-1	-1	
669	668	200031793fd4ac36	5			yes					-1	-1	-1	-1	-1	
670	665	9f17fcc0aae20fa4	4			yes					671	-1	-1	-1	
671	670	ebc87bd39fae55c4	4			yes					-1	-1	-1	-1	
672	665	d4bc2dd6432f11c3	4			yes					-1	-1	-1	-1	
673	513	6f36b0f7c3271a13	5			yes					-1	-1	-1	-1	674	
674	673	a72a658f76c16c8d	4			yes					675	-1	-1	-1	
675	674	52f4f7eeee27aafa	4			yes					676	677	679	-1	
676	675	a7da2cf6da796ed6	5			yes					-1	-1	-1	-1	-1	
677	675	609fe8d815bec113	5			yes					-1	-1	-1	-1	678	
678	677	50f9880cd9e9d9e2	4			yes					-1	-1	-1	-1	
679	675	b531f723ff0f1b43	5			yes					-1	-1	-1	-1	-1	
680	513	fa46b99a6a343fc3	5			yes					-1	-1	-1	-1	-1	
681	0	3b25213581fd717e	4			yes					682	-1	757	791	
682	681	97d37ef086429e08	5			yes					683	695	710	722	732	
683	682	549c38217607653a	5			yes					684	686	687	690	693	
684	683	248085c8f048fd88	4			yes					-1	-1	-1	685	
685	684	384b9a025bd7d1e2	3			yes					-1	-1	-1	
686	683	b7d8662c1e2ffc40	5			yes					-1	-1	-1	-1	-1	
687	683	5c6e07c74da1e0d2	4			yes					-1	-1	688	689	
688	687	e582a001b1d86121	5			yes					-1	-1	-1	-1	-1	
689	687	67d620a96f4cce37	5			yes					-1	-1	-1	-1	-1	
690	683	4a9cc1de67326025	4			yes					-1	-1	-1	691	
691	690	8731496d7b014649	6			yes					-1	-1	-1	-1	-1	692	
692	691	bbab5bca297e82ad	5			yes					-1	-1	-1	-1	-1	
693	683	485727ebdd984950	4			yes					-1	694	-1	-1	
694	693	ba109115737f0631	5			yes					-1	-1	-1	-1	-1	
695	682	505a40bcb366f16c	5			yes					696	699	702	706	709	
696	695	4fa85d84c16d3858	4			yes					-1	-1	697	698	
697	696	7c03d5910f920e38	4			yes					-1	-1	-1	-1	
698	696	7b1545d91d1b6465	5			yes					-1	-1	-1	-1	-1	
699	695	a45987ebfd85e905	4			yes					-1	-1	700	701	
700	699	93214fadbecad648	4			yes					-1	-1	-1	-1	
701	699	b8929821561ac56f	3			yes					-1	-1	-1	
702	695	e93a3c5a8642f828	4			yes					703	-1	704	705	
703	702	3fdd6946457a7bf1	4			yes					-1	-1	-1	-1	
704	702	a84cfb7f7d32f304	4			yes					-1	-1	-1	-1	
705	702	aa6244c5d92ba37d	4			yes					-1	-1	-1	-1	
706	695	4e5ab943a253f473	4			yes					-1	-1	-1	707	
707	706	87ba161c205570ad	5			yes					-1	-1	-1	-1	708	
708	707	bb2004bb722ab449	4			yes					-1	-1	-1	-1	
709	695	4c915f7618f9dd06	4			yes					-1	-1	-1	-1	
710	682	c830b16ed776f535	4			yes					711	715	717	719	
711	710	d7c2ac56a57d3c01	3			yes					712	-1	713	
712	711	251e6216460a3db7	4			yes					-1	-1	-1	-1	
713	711	89e10c8d823c4167	5			yes					-1	-1	-1	-1	714	
714	713	7e4434fbb58d265d	4			yes					-1	-1	-1	-1	
715	710	1919c70632b77c3e	4			yes					-1	-1	-1	716	
716	715	e37408496856e175	3			yes					-1	-1	-1	
717	710	fa7a657c644e0651	5			yes					-1	718	-1	-1	-1	
718	717	f5141d78693fa051	4			yes					-1	-1	-1	-1	
719	710	d4fbaea47ce9d95f	3			yes					-1	720	721	
720	719	14d1303f5fe7864f	4			yes					-1	-1	-1	-1	
721	719	ccea9378195f0856	5			yes					-1	-1	-1	-1	-1	
722	682	c8ad1ae9b8f22b6e	4			yes					723	726	728	731	
723	722	d75f07d1caf9e25a	3			yes					724	725	-1	
724	723	5008c060f9ce6736	4			yes					-1	-1	-1	-1	
725	723	d1e4ec3d5776f421	4			yes					-1	-1	-1	-1	
726	722	9bec5ebb1eecb595	4			yes					-1	-1	-1	727	
727	726	ce7ca63e3ee2df20	3			yes					-1	-1	-1	
728	722	c05f250f8354ae86	3			yes					-1	729	730	
729	728	7782a30a5deecfaf	4			yes					-1	-1	-1	-1	
730	728	76ab8436fde775fa	5			yes					-1	-1	-1	-1	-1	
731	722	037eacf664b79e8e	3			yes					-1	-1	-1	
732	682	756c679452b6108a	5			yes					733	741	748	755	756	
733	732	6a9e7aac20bdd9be	4			yes					734	735	736	737	
734	733	e54fe254a39716aa	4			yes					-1	-1	-1	-1	
735	733	d315f794696f00d7	4			yes					-1	-1	-1	-1	
736	733	c30ea7859370335d	4			yes					-1	-1	-1	-1	
737	733	028c4831078952a5	3			yes					-1	738	739	
738	737	a810d72691b6ca65	4			yes					-1	-1	-1	-1	
739	737	48f7bee285fb421b	5			yes					-1	-1	-1	-1	740	
740	739	746dac45d78486ff	4			yes					-1	-1	-1	-1	
741	732	6112e9bc7facc2d8	4			yes					-1	742	744	746	
742	741	36d2e6a760cfefa6	4			yes					-1	-1	-1	743	
743	742	06b48673ac98f757	3			yes					-1	-1	-1	
744	741	3821248a7a090152	4			yes					-1	-1	-1	745	
745	744	0847445eb65e19a3	3			yes					-1	-1	-1	
746	741	1f88852778dfd25e	4			yes					-1	-1	-1	747	
747	746	e82dbd514f6eb564	3			yes					-1	-1	-1	
748	732	7d9e587269109562	4			yes					-1	-1	749	753	
749	748	b73b1a8f121abff4	5			yes					-1	750	751	-1	752	
750	749	b855628b1f6b19f4	4			yes					-1	-1	-1	-1	
751	749	88cf9d1e6bd514ad	4			yes					-1	-1	-1	-1	
752	749	2f6d60a77315b2c5	4			yes					-1	-1	-1	-1	
753	748	158c6aef4e241e79	3			yes					-1	754	-1	
754	753	f111be059b29906d	4			yes					-1	-1	-1	-1	
755	732	6b6c9e6b43831595	4			yes					-1	-1	-1	-1	
756	732	1d7e550975829b91	4			yes					-1	-1	-1	-1	
757	681	ce61ee0c21d42cc7	5			yes					758	-1	766	773	782	
758	757	e8aa9175945dbe1f	5			yes					759	761	762	764	765	
759	758	362269bde9ef4581	4			yes					-1	-1	-1	760	
760	759	753a14de14fcd172	6			yes					-1	-1	-1	-1	-1	-1	
761	758	f85180f80ed97fcb	5			yes					-1	-1	-1	-1	-1	
762	758	69b73eb80944a4e0	4			yes					-1	-1	-1	763	
763	762	84320941276b63ae	6			yes					-1	-1	-1	-1	-1	-1	
764	758	ec1cabb0dd4e1b55	6			yes					-1	-1	-1	-1	-1	-1	
765	758	f4618ebf3fc29275	4			yes					-1	-1	-1	-1	
766	757	7367fb08c1957718	4			yes					767	-1	770	771	
767	766	1a4d3cb26221e548	5			yes					-1	-1	-1	768	769	
768	767	86579df66f1ce367	5			yes					-1	-1	-1	-1	-1	
769	767	81410dbe7d95893a	6			yes					-1	-1	-1	-1	-1	-1	
770	766	bda026b34ace44a9	4			yes					-1	-1	-1	-1	
771	766	d3dd933a8404de4e	3			yes					772	-1	-1	
772	771	4682551c8673f6f1	6			yes					-1	-1	-1	-1	-1	-1	
773	757	e60ad08f6b8d7f7c	4			yes					774	-1	-1	777	
774	773	f80afc4f47f0d5d9	5			yes					-1	-1	775	-1	776	
775	774	fb0f08941732db15	6			yes					-1	-1	-1	-1	-1	-1	
776	774	9c0d2d463557b2c2	6			yes					-1	-1	-1	-1	-1	-1	
777	773	46b0b8bd2e1cd62a	3			yes					778	-1	-1	
778	777	53835df9c348407a	6			yes					-1	779	780	781	-1	-1	
779	778	7e597eea1fec0fd1	5			yes					-1	-1	-1	-1	-1	
780	778	22c89f66e386cb28	5			yes					-1	-1	-1	-1	-1	
781	778	6d737435b13e27e7	5			yes					-1	-1	-1	-1	-1	
782	757	6edb863e64458591	4			yes					783	-1	-1	-1	
783	782	9c73bc2218f6196e	5			yes					784	785	786	790	-1	
784	783	b2f94c7cef1aaeb9	6			yes					-1	-1	-1	-1	-1	-1	
785	783	325a2f63986ffa71	5			yes					-1	-1	-1	-1	-1	
786	783	43f151e3dc8d1c65	6			yes					-1	787	-1	-1	-1	789	
787	786	6e2b72f0002953ce	5			yes					-1	-1	-1	-1	-1	
788	786	32ba937cfc439737	5			no					-1	-1	-1	-1	-2	
789	786	7397313710da0494	5			yes					-1	-1	-1	-1	-1	
790	783	2617042b4bf89eef	6			yes					-1	-1	-1	-1	-1	-1	
791	681	32887b7df6429174	6			yes					792	-1	821	876	899	906	
792	791	f79140717bb8e539	6			yes					793	796	798	805	812	816	
793	792	2919b8b9060a1ea7	5			yes					-1	-1	-1	-1	795	
794	793	384eaa08ee0adc7f	5			no					-1	-2	-2	-2	-2	
795	793	0022f0cd8cb4cc29	4			yes					-1	-1	-1	-1	
796	792	7ccb1093884c690f	6			yes					-1	-1	-1	-1	-1	797	
797	796	c53d7e6dda99b30c	5			yes					-1	-1	-1	-1	-1	
798	792	8e80c9f404f004cf	6			yes					-1	799	-1	-1	802	804	
799	798	a35aeae7d8544b64	5			yes					-1	-1	-1	-1	800	
800	799	1aac84198a819167	4			yes					-1	-1	-1	-1	
801	798	b1744e657d3faf96	5			no					-1	-1	-1	-1	-2	
802	798	1d7cbf64f6e3c40d	5			yes					-1	-1	-1	-1	803	
803	802	a48ad19aa4361e0e	4			yes					-1	-1	-1	-1	
804	798	3776a70a5625decc	5			yes					-1	-1	-1	-1	-1	
805	792	bc570dd6984d25ac	5			yes					-1	-1	806	808	809	
806	805	49e44b2e68d06921	6			yes					-1	-1	-1	-1	-1	807	
807	806	f01225d03a05b322	5			yes					-1	-1	-1	-1	-1	
808	805	376969f9a233e8b6	5			yes					-1	-1	-1	-1	-1	
809	805	956c45a212f3f722	4			yes					-1	-1	810	811	
810	809	f0ac7d8803cefe91	6			yes					-1	-1	-1	-1	-1	-1	
811	809	f530132b1da43808	5			yes					-1	-1	-1	-1	-1	
812	792	a39af8825d25829f	5			yes					-1	-1	813	-1	814	
813	812	b01166749ed28928	5			yes					-1	-1	-1	-1	-1	
814	812	8aa1b0f6d79b5011	4			yes					-1	-1	815	-1	
815	814	95cfbcb5ffc004fb	5			yes					-1	-1	-1	-1	-1	
816	792	deaa0805f10637b7	5			yes					-1	817	818	-1	-1	
817	816	c5832635e352febf	6			yes					-1	-1	-1	-1	-1	-1	
818	816	37c8ff526fee937f	6			yes					-1	819	-1	-1	820	-1	
819	818	1a12dc41b34adcd4	5			yes					-1	-1	-1	-1	-1	
820	818	a43489c29dfd53bd	5			yes					-1	-1	-1	-1	-1	
821	791	46f986827fd09165	5			yes					822	-1	842	863	868	
822	821	da69ea8ebe106261	6			yes					823	825	827	829	833	836	
823	822	2138f6b228f55aad	6			yes					-1	-1	-1	-1	-1	824	
824	823	98ce984c7a2080ae	5			yes					-1	-1	-1	-1	-1	
825	822	3305d03d31a36edc	6			yes					-1	-1	-1	-1	-1	826	
826	825	8af3bec36376b4df	5			yes					-1	-1	-1	-1	-1	
827	822	7f3a2ae198b3a742	6			yes					-1	-1	-1	-1	-1	828	
828	827	c6cc441fca667d41	5			yes					-1	-1	-1	-1	-1	
829	822	3f106c036ba83782	6			yes					-1	830	-1	-1	-1	831	
830	829	12ca4f10b70c7829	5			yes					-1	-1	-1	-1	-1	
831	829	86e602fd397ded81	5			yes					-1	-1	-1	-1	-1	
832	831	ab3c21eee5d9a22a	4			no					-1	-2	-2	-1	
833	822	2b5051d537a0a144	6			yes					-1	834	-1	-1	835	-1	
834	833	068a72c6eb04eeef	5			yes					-1	-1	-1	-1	-1	
835	833	912e509b24433d22	5			yes					-1	-1	-1	-1	-1	
836	822	f352a2fa34aeb0ef	5			yes					837	838	839	840	841	
837	836	9870c01443ebcd1d	6			yes					-1	-1	-1	-1	-1	-1	
838	836	8a4de69b5abdf96c	6			yes					-1	-1	-1	-1	-1	-1	
839	836	c6721c47f3ad30f2	6			yes					-1	-1	-1	-1	-1	-1	
840	836	86585aa500b6a032	6			yes					-1	-1	-1	-1	-1	-1	
841	836	0e8e8b1456b22c97	6			yes					-1	-1	-1	-1	-1	-1	
842	821	9c7e5e681eb78751	4			yes					843	-1	855	856	
843	842	9416a1d527554437	7			yes					-1	844	846	847	848	850	852	
844	843	b9cc82c6fbf10b9c	6			yes					-1	-1	-1	-1	-1	845	
845	844	003aec38a924d19f	5			yes					-1	-1	-1	-1	-1	
846	843	8c05d57e0247e45b	6			yes					-1	-1	-1	-1	-1	-1	
847	843	4523b1a9d22068c1	6			yes					-1	-1	-1	-1	-1	-1	
848	843	2e68a09b34b6d851	6			yes					-1	-1	-1	-1	-1	849	
849	848	979ece6566630252	5			yes					-1	-1	-1	-1	-1	
850	843	07ead745d54684f5	6			yes					-1	-1	-1	-1	-1	851	
851	850	be1cb9bb87935ef6	5			yes					-1	-1	-1	-1	-1	
852	843	2de0cf2b75809e34	6			yes					-1	-1	853	854	-1	-1	
853	852	35f3bb8050923e58	5			yes					-1	-1	-1	-1	-1	
854	852	fcd5df5780f5b2c2	5			yes					-1	-1	-1	-1	-1	
855	842	184b9ffce3fb87cf	5			yes					-1	-1	-1	-1	-1	
856	842	9a26e9d13f377bee	3			yes					857	-1	862	
857	856	fb7c686af7d7cc4a	7			yes					-1	858	-1	-1	860	861	-1	
858	857	d6a64b792b7383e1	6			yes					-1	-1	-1	-1	-1	-1	
859	857	e36f1cc1d2c56c26	6			no					-1	-2	-2	-2	-2	-2	
860	857	41026924e434502c	6			yes					-1	-1	-1	-1	-1	-1	
861	857	68801efa05c40c88	6			yes					-1	-1	-1	-1	-1	-1	
862	856	d7c7477b8a72b683	5			yes					-1	-1	-1	-1	-1	
863	821	2769c2ea8eba677e	4			yes					864	-1	-1	866	
864	863	44d22a5ee051568c	6			yes					-1	-1	-1	-1	-1	865	
865	864	e8a2ce620214f281	5			yes					-1	-1	-1	-1	-1	
866	863	21317553af3a9bc1	3			yes					867	-1	-1	
867	866	907acf311f5c3f13	6			yes					-1	-1	-1	-1	-1	-1	
868	821	40a1313b5e506dda	4			yes					869	-1	-1	-1	
869	868	db2cc92591da2363	6			yes					870	871	872	873	874	-1	
870	869	4e523f0df877d2d0	6			yes					-1	-1	-1	-1	-1	-1	
871	869	5c6f1982e121e6a1	6			yes					-1	-1	-1	-1	-1	-1	
872	869	1050e35e48312f3f	6			yes					-1	-1	-1	-1	-1	-1	
873	869	507aa5bcbb2abfff	6			yes					-1	-1	-1	-1	-1	-1	
874	869	8a77ce7a8550dedd	6			yes					-1	-1	-1	-1	-1	-1	
875	874	a7aded6959f49176	5			no					-1	-2	-2	-2	-2	
876	791	e80fa39797258740	5			yes					877	-1	-1	887	892	
877	876	abd0b5cec673afa6	5			yes					878	880	-1	882	883	
878	877	87085a08feff390c	6			yes					-1	-1	-1	-1	-1	879	
879	878	3efe34f6ac2ae30f	5			yes					-1	-1	-1	-1	-1	
880	877	ee2165a76266e6c4	6			yes					-1	-1	-1	-1	-1	881	
881	880	57d70b5930b33cc7	5			yes					-1	-1	-1	-1	-1	
882	877	8d60fd6fe1aac2e5	6			yes					-1	-1	-1	-1	-1	-1	
883	877	82ebfdba4ccd7d28	4			yes					884	885	-1	886	
884	883	3e406cae95e1aebc	6			yes					-1	-1	-1	-1	-1	-1	
885	883	5769530109787174	6			yes					-1	-1	-1	-1	-1	-1	
886	883	a8be27ae80b84f36	6			yes					-1	-1	-1	-1	-1	-1	
887	876	899fe7ff664f715b	4			yes					888	-1	-1	890	
888	887	e2e286e4365b352d	6			yes					-1	-1	-1	-1	-1	889	
889	888	4e9262d8d41e9120	5			yes					-1	-1	-1	-1	-1	
890	887	8fc7504647cf8de4	3			yes					891	-1	-1	
891	890	364a638bc9565cb2	6			yes					-1	-1	-1	-1	-1	-1	
892	876	ee57142eb6a57bff	4			yes					893	-1	-1	-1	
893	892	aa959665e9b9eea4	5			yes					894	895	-1	896	-1	
894	893	e86293b72e7db171	6			yes					-1	-1	-1	-1	-1	-1	
895	893	814bac18b2e46eb9	6			yes					-1	-1	-1	-1	-1	-1	
896	893	2c4762c0535abd7c	6			yes					-1	897	-1	-1	898	-1	
897	896	019d41d38ffef2d7	5			yes					-1	-1	-1	-1	-1	
898	896	9639638e40b9211a	5			yes					-1	-1	-1	-1	-1	
899	791	53183f150728676f	5			yes					900	-1	-1	-1	903	
900	899	ae12a2e1f725d68a	4			yes					-1	-1	901	-1	
901	900	557df31c0248e0b3	6			yes					-1	-1	-1	-1	-1	902	
902	901	ec8b9de2509d3ab0	5			yes					-1	-1	-1	-1	-1	
903	899	554088ac26a89bd0	4			yes					904	-1	-1	-1	
904	903	87ea513c4f0e2a43	4			yes					-1	-1	905	-1	
905	904	3a173aa3d2ca68ce	6			yes					-1	-1	-1	-1	-1	-1	
906	791	34d0ccc4d7c26dcb	5			yes					907	-1	-1	-1	-1	
907	906	f6d463da5472a43b	6			yes					908	909	910	913	916	-1	
908	907	285c9b1229c05fa5	5			yes					-1	-1	-1	-1	-1	
909	907	13a1d92c58cee172	6			yes					-1	-1	-1	-1	-1	-1	
910	907	e1ea004bd4728cb2	6			yes					-1	911	-1	-1	912	-1	
911	910	cc30235808d6c319	5			yes					-1	-1	-1	-1	-1	
912	910	721676db26614c70	5			yes					-1	-1	-1	-1	-1	
913	907	bd122e7db78764ae	5			yes					-1	-1	914	915	-1	
914	913	268e8291b852e15c	6			yes					-1	-1	-1	-1	-1	-1	
915	913	d2ddbf121aeb1035	5			yes					-1	-1	-1	-1	-1	
916	907	a2dfdb2972efc39d	5			yes					-1	-1	917	-1	-1	
917	916	1136f9db2c22f6b1	5			yes					-1	-1	-1	-1	-1	
