Number of nodes
267
ID	PID	Hash_Value			File_Number	Fully_Enumerated	Children
0	-1	a93874a36843a004	6			no					1	-2	-2	-2	-2	-2	
1	0	3e2f92cd42383dc5	6			no					2	142	-2	-2	-2	-2	
2	1	e321c4fc2527a586	5			yes					3	21	68	109	133	
3	2	29d06dd9b513bb38	5			yes					4	6	14	18	20	
4	3	3445400c1b06f928	4			yes					-1	-1	-1	5	
5	4	e5e2f65509bd02f4	3			yes					-1	-1	-1	
6	3	e912677d5a006480	4			yes					-1	7	9	11	
7	6	471981ea565dbac3	5			yes					-1	-1	-1	-1	8	
8	7	4936f73b0e3ae98e	4			yes					-1	-1	-1	-1	
9	6	a514108b5dc067bf	5			yes					-1	-1	-1	-1	10	
10	9	ab3b665a05a734f2	4			yes					-1	-1	-1	-1	
11	6	38b5d12448bb9f5c	3			yes					-1	12	13	
12	11	27f03baebce4bf1b	5			yes					-1	-1	-1	-1	-1	
13	11	c5fdaacfb7796267	5			yes					-1	-1	-1	-1	-1	
14	3	9fcdd0524caa3b96	4			yes					-1	-1	15	16	
15	14	5d45d6a6d5e99417	5			yes					-1	-1	-1	-1	-1	
16	14	4e6a660b5e11c04a	3			yes					-1	-1	17	
17	16	a60e6be0ea47980f	5			yes					-1	-1	-1	-1	-1	
18	3	baed2ca3aa04e6da	4			yes					-1	-1	-1	19	
19	18	6b4a9afab8bf1d06	3			yes					-1	-1	-1	
20	3	f877db80a7a840e4	4			yes					-1	-1	-1	-1	
21	2	a88a095b1949d103	4			yes					22	24	35	52	
22	21	97fedb72cb059390	4			yes					-1	-1	-1	23	
23	22	46596d2bd9be684c	3			yes					-1	-1	-1	
24	21	a988f383bb443604	4			yes					25	28	-1	32	
25	24	841b2e40646e1e6b	3			yes					26	-1	27	
26	25	df3365e0c57424f9	4			yes					-1	-1	-1	-1	
27	25	65fcf1cfa6b46178	5			yes					-1	-1	-1	-1	-1	
28	24	5e7eca473788eb4a	5			yes					29	-1	30	-1	31	
29	28	3424667c5e0d6f3c	4			yes					-1	-1	-1	-1	
30	28	f07b079d74fed561	4			yes					-1	-1	-1	-1	
31	28	1e80816a229b0953	4			yes					-1	-1	-1	-1	
32	24	927a1185a145b6fe	3			yes					-1	33	-1	
33	32	07f79c3e4547d230	5			yes					-1	-1	-1	-1	34	
34	33	976f5246f5f08d73	4			yes					-1	-1	-1	-1	
35	21	b3a5cafbf3e640dc	4			yes					36	40	48	50	
36	35	9e3617382ccc68b3	3			yes					37	-1	39	
37	36	2d5c739e05011e2d	5			yes					-1	-1	-1	-1	38	
38	37	34c10e332dd625e6	4			yes					-1	-1	-1	-1	
39	36	1fdd3d2953126b8a	5			yes					-1	-1	-1	-1	-1	
40	35	7b73cbb65496d9da	6			yes					41	-1	-1	43	45	47	
41	40	1129678d3d135dac	5			yes					-1	-1	-1	-1	42	
42	41	08b41a2015c46667	4			yes					-1	-1	-1	-1	
43	40	8725e72fd04b726b	5			yes					-1	-1	-1	-1	44	
44	43	9eb89a82f89c49a0	4			yes					-1	-1	-1	-1	
45	40	042a9d6d261b4736	5			yes					-1	-1	-1	-1	46	
46	45	1db7e0c00ecc7cfd	4			yes					-1	-1	-1	-1	
47	40	62eeb61b7c41e211	5			yes					-1	-1	-1	-1	-1	
48	35	6413fa243d960a02	6			yes					-1	-1	-1	-1	-1	49	
49	48	7d8e8789154131c9	5			yes					-1	-1	-1	-1	-1	
50	35	fd5b068e176807be	3			yes					-1	51	-1	
51	50	7dd650d8b0e1d8c2	5			yes					-1	-1	-1	-1	-1	
52	21	01e33c2a2fe89cb3	3			yes					53	54	60	
53	52	ef4d2ddfcd9e190f	4			yes					-1	-1	-1	-1	
54	52	063787718308dbb2	4			yes					55	57	-1	-1	
55	54	2ba45ab25c22f3dd	3			yes					56	-1	-1	
56	55	c9693e29ebbd92cc	4			yes					-1	-1	-1	-1	
57	54	4824918e19415d7f	5			yes					58	-1	59	-1	-1	
58	57	227e3db570c4d909	4			yes					-1	-1	-1	-1	
59	57	e6215c545a376354	4			yes					-1	-1	-1	-1	
60	52	54d34105cead1443	4			yes					61	63	67	-1	
61	60	79409cc611873c2c	3			yes					62	-1	-1	
62	61	e1117152639a7cc2	5			yes					-1	-1	-1	-1	-1	
63	60	b73ec97a320dbb35	6			yes					64	-1	-1	65	66	-1	
64	63	dd6465415b883f43	5			yes					-1	-1	-1	-1	-1	
65	63	4b68e5e3b6d01084	5			yes					-1	-1	-1	-1	-1	
66	63	c8679fa1408025d9	5			yes					-1	-1	-1	-1	-1	
67	60	a85ef8e85b0d68ed	6			yes					-1	-1	-1	-1	-1	-1	
68	2	01db456d5c5582c7	4			yes					69	-1	73	97	
69	68	6a9dfc6ca58600da	4			yes					70	71	-1	72	
70	69	7708d1b90b9342ca	3			yes					-1	-1	-1	
71	69	eb9b770d51d606aa	5			yes					-1	-1	-1	-1	-1	
72	69	085ab5be17881d6d	3			yes					-1	-1	-1	
73	68	5042ecc0acbbcb42	5			yes					74	81	85	92	94	
74	73	7dd131037391e32d	4			yes					75	77	-1	78	
75	74	9a628e90580fc33c	5			yes					-1	-1	-1	-1	76	
76	75	83fff33d70d8f8f7	4			yes					-1	-1	-1	-1	
77	74	32fea42d8470784f	5			yes					-1	-1	-1	-1	-1	
78	74	d2c670cd6f179ebc	3			yes					79	80	-1	
79	78	d9c0eb0340a2afbf	5			yes					-1	-1	-1	-1	-1	
80	78	12c211eede7a6d40	5			yes					-1	-1	-1	-1	-1	
81	73	b653ee8b292a27fa	6			yes					82	-1	-1	-1	-1	84	
82	81	dc0942b040afa38c	5			yes					-1	-1	-1	-1	83	
83	82	c5943f1d68789847	4			yes					-1	-1	-1	-1	
84	81	afce932601fd1c31	5			yes					-1	-1	-1	-1	-1	
85	73	adff735d8e0b5df4	4			yes					-1	-1	-1	86	
86	85	159aaed8f50847fe	6			yes					87	89	-1	-1	-1	91	
87	86	7fc002e39c8dc388	5			yes					-1	-1	-1	-1	88	
88	87	bd5641f200e4f11a	4			yes					-1	-1	-1	-1	
89	86	a488a7c1b65af207	5			yes					-1	-1	-1	-1	90	
90	89	661ee4d02a33c095	4			yes					-1	-1	-1	-1	
91	86	d70cedc96961756c	5			yes					-1	-1	-1	-1	-1	
92	73	287079fbe5b7d563	4			yes					-1	-1	-1	93	
93	92	87673835f931a8f2	3			yes					-1	-1	-1	
94	73	ff55ad0eb03db6d3	4			yes					-1	95	-1	-1	
95	94	f5f18b1831874b79	6			yes					96	-1	-1	-1	-1	-1	
96	95	9fab27235802cf0f	5			yes					-1	-1	-1	-1	-1	
97	68	a8b2701c6af4cf77	3			yes					98	-1	101	
98	97	0e70d64e87f53fa2	4			yes					99	100	-1	-1	
99	98	13e5fb9b29e07db2	3			yes					-1	-1	-1	
100	98	f45c9e081771d3c6	5			yes					-1	-1	-1	-1	-1	
101	97	c11f4b0977c884f5	5			yes					102	105	107	108	-1	
102	101	ec8c96caa8e2ac9a	4			yes					103	104	-1	-1	
103	102	562f8c5c3e94a1d3	5			yes					-1	-1	-1	-1	-1	
104	102	d01c3285b923fa7a	5			yes					-1	-1	-1	-1	-1	
105	101	7a1eec474fb14515	6			yes					106	-1	-1	-1	-1	-1	
106	105	1044407c2634c163	5			yes					-1	-1	-1	-1	-1	
107	101	3ca2d49455781243	4			yes					-1	-1	-1	-1	
108	101	b92dde323ec49ad4	4			yes					-1	-1	-1	-1	
109	2	cb3d66a59d9eea2c	4			yes					110	-1	-1	114	
110	109	25b4568f5c315a64	4			yes					111	112	113	-1	
111	110	38217b5af2241874	3			yes					-1	-1	-1	
112	110	d6b1e14a76a3d32b	5			yes					-1	-1	-1	-1	-1	
113	110	1ac1350c0f49af51	5			yes					-1	-1	-1	-1	-1	
114	109	625453d4ab3fa79c	3			yes					127	-1	-1	
115	114	c2c2dd71617a0efb	4			yes					116	117	120	-1	
116	115	df57f0a4cf6f4ceb	3			yes					-1	-1	-1	
117	115	a0d7b97b278b331d	5			yes					-1	-1	-1	-1	-1	
118	114	bea7bee91df5280e	4			yes					119	121	126	129	
119	118	a4d2df7bdee22c49	3			yes					-1	-1	-1	
120	115	6ca76d3d5e614f67	5			yes					-1	-1	-1	-1	-1	
121	118	919a14d2e43bf559	6			yes					-1	-1	-1	-1	-1	122	
122	121	64d535b3fce5ebe3	5			yes					-1	-1	-1	-1	-1	
123	114	9c5ad00b552c2627	6			no					124	-2	-2	-2	-2	-2	
124	123	8b1204b1a6cbd858	5			no					125	-2	-2	-2	-2	
125	124	c5c37e05fd772bef	4			no					-1	-1	-1	130	
126	118	9eec91784e316856	5			yes					-1	-1	-1	-1	-1	
127	114	ae5a78e190c37899	4			yes					128	131	-1	-1	
128	127	29025a097bdfd095	3			yes					-1	-1	-1	
129	118	bedaf2a9debee49f	3			yes					-1	-1	-1	
130	125	64401de3a722f6da	3			yes					-1	-1	-1	
131	127	0bcb3728e833aa81	6			yes					-1	-1	-1	-1	-1	-1	
132	127	2c474b020cce9a57	6			no					-1	-1	-2	-1	-2	-2	
133	2	4a48f18d1386e836	4			yes					134	-1	-1	-1	
134	133	51639b74b38831a7	5			yes					135	136	139	141	-1	
135	134	4cf6b6a11d9d73b7	4			yes					-1	-1	-1	-1	
136	134	91a191d05c9bee1f	4			yes					-1	137	138	-1	
137	136	965cdfd77ad2ddc8	5			yes					-1	-1	-1	-1	-1	
138	136	74514eb6714f00b4	5			yes					-1	-1	-1	-1	-1	
139	134	e77e26ff4a31b109	4			yes					-1	-1	140	-1	
140	139	82e6fe2126dc8833	5			yes					-1	-1	-1	-1	-1	
141	134	c25eda0eac9f6c45	4			yes					-1	-1	-1	-1	
142	1	a5783e871b9db2f7	5			no					235	-2	-2	-2	-2	
143	142	849095d717c98fd4	5			no					144	160	224	-2	-2	
144	143	2f40af87201ab42f	5			yes					145	147	152	157	159	
145	144	ae9cc4ed4f70ef89	4			yes					-1	-1	-1	146	
146	145	7f3b72b45dcb1455	3			yes					-1	-1	-1	
147	144	755b21c29b7f7d36	4			yes					-1	148	150	151	
148	147	388c421e8e4ee8d7	5			yes					-1	-1	-1	-1	149	
149	148	36a334cfd629bb9a	4			yes					-1	-1	-1	-1	
150	147	965ed369a71fcfab	4			yes					-1	-1	-1	-1	
151	147	a4fc979b89c486ea	3			yes					-1	-1	-1	
152	144	995d120cd9a33481	4			yes					-1	-1	153	154	
153	152	68d5f1d464ba3111	5			yes					-1	-1	-1	-1	-1	
154	152	48faa455cb18cf5d	3			yes					-1	155	156	
155	154	5865f85a64f7ed0f	5			yes					-1	-1	-1	-1	-1	
156	154	b8a394de10b53978	5			yes					-1	-1	-1	-1	-1	
157	144	bc7deefd3f0de9cd	4			yes					-1	-1	-1	158	
158	157	6dda58a42db61211	3			yes					-1	-1	-1	
159	144	fee719de32a14ff3	4			yes					-1	-1	-1	-1	
160	143	8fbd265a552b9bfa	5			yes					161	175	184	192	208	
161	160	a22efb998a01b395	4			yes					162	164	166	169	
162	161	98e2e88a33bdfba9	5			yes					-1	-1	-1	-1	163	
163	162	96cd9e5b6bdaa8e4	4			yes					-1	-1	-1	-1	
164	161	701b526d7a9d1bcc	5			yes					-1	-1	-1	-1	165	
165	164	7e3424bc22fa4881	4			yes					-1	-1	-1	-1	
166	161	a2610741724af2e1	5			yes					-1	167	-1	168	-1	
167	166	85efbe890bb2db5d	4			yes					-1	-1	-1	-1	
168	166	9cdda68ea5a567f0	4			yes					-1	-1	-1	-1	
169	161	73894dc098ba4849	3			yes					170	171	172	
170	169	f80b52ced904fe71	5			yes					-1	-1	-1	-1	-1	
171	169	10f2e82990241e14	5			yes					-1	-1	-1	-1	-1	
172	169	caad99d06ba3a806	5			yes					-1	173	-1	174	-1	
173	172	ed232018125b81ba	4			yes					-1	-1	-1	-1	
174	172	f411381fbc4c3d17	4			yes					-1	-1	-1	-1	
175	160	8b8c76b1d9e91c69	4			yes					-1	177	179	181	
176	175	0edaff439e2efbf8	5			no					-1	-1	-1	-1	-2	
177	175	f715033278afbd98	5			yes					-1	-1	-1	-1	178	
178	177	f93a75e320c8eed5	4			yes					-1	-1	-1	-1	
179	175	10046082762f8354	5			yes					-1	-1	-1	-1	180	
180	179	dbe7a6fc7338ce21	4			yes					-1	-1	-1	-1	
181	175	5a2bc0e8cb52e7b5	3			yes					-1	182	183	
182	181	97fcb9769216b840	5			yes					-1	-1	-1	-1	-1	
183	181	c072058802208b3d	5			yes					-1	-1	-1	-1	-1	
184	160	7743ed5b51ef3172	6			yes					185	187	189	-1	-1	191	
185	184	1d194160386ab504	5			yes					-1	-1	-1	-1	186	
186	185	133637b1600de649	4			yes					-1	-1	-1	-1	
187	184	c651e44212bd848b	5			yes					-1	-1	-1	-1	188	
188	187	c87e92934adad7c6	4			yes					-1	-1	-1	-1	
189	184	50cd5493281718ce	5			yes					-1	-1	-1	-1	190	
190	189	5ee2224270704b83	4			yes					-1	-1	-1	-1	
191	184	796c9b8a0988623f	5			yes					-1	-1	-1	-1	-1	
192	160	a539b8775938d85f	6			yes					193	198	202	-1	205	207	
193	192	cf63144c30bd5c29	5			yes					194	195	-1	196	197	
194	193	7e711d5573efe9d0	4			yes					-1	-1	-1	-1	
195	193	e8edad8449457595	4			yes					-1	-1	-1	-1	
196	193	f1dfb583e752c938	4			yes					-1	-1	-1	-1	
197	193	c7ce3ac59779a2f1	4			yes					-1	-1	-1	-1	
198	192	142bb16e1a6a6da6	5			yes					-1	199	-1	200	201	
199	198	33a508a66392441a	4			yes					-1	-1	-1	-1	
200	198	2a9710a1cd85f8b7	4			yes					-1	-1	-1	-1	
201	198	1c869fe7bdae937e	4			yes					-1	-1	-1	-1	
202	192	82b701bf20c0f1e3	5			yes					-1	-1	-1	203	204	
203	202	bc0ba070f72f64f2	4			yes					-1	-1	-1	-1	
204	202	8a1a2f3687040f3b	4			yes					-1	-1	-1	-1	
205	192	9b8519b88ed74d4e	5			yes					-1	-1	-1	-1	206	
206	205	932837312913b396	4			yes					-1	-1	-1	-1	
207	192	ad9496fefefc2687	5			yes					-1	-1	-1	-1	-1	
208	160	5e1a900347906026	4			yes					-1	-1	209	213	
209	208	17aa571fbb5634aa	6			yes					210	211	212	-1	-1	-1	
210	209	7df0fb24d2d3b0dc	5			yes					-1	-1	-1	-1	-1	
211	209	a6b85e06f8048153	5			yes					-1	-1	-1	-1	-1	
212	209	3024eed7c2ae1d16	5			yes					-1	-1	-1	-1	-1	
213	208	cdf526e640d182b8	6			yes					214	218	221	-1	223	-1	
214	213	a7af8add295406ce	5			yes					215	216	-1	217	-1	
215	214	16bd83c46a06b337	4			yes					-1	-1	-1	-1	
216	214	8021331550ac2f72	4			yes					-1	-1	-1	-1	
217	214	99132b12febb93df	4			yes					-1	-1	-1	-1	
218	213	7ce72fff03833741	5			yes					-1	219	-1	220	-1	
219	218	5b6996377a7b1efd	4			yes					-1	-1	-1	-1	
220	218	425b8e30d46ca250	4			yes					-1	-1	-1	-1	
221	213	ea7b9f2e3929ab04	5			yes					-1	-1	-1	222	-1	
222	221	d4c73ee1eec63e15	4			yes					-1	-1	-1	-1	
223	213	f3498729973e17a9	5			yes					-1	-1	-1	-1	-1	
224	143	ef6f7712d84ea051	5			no					242	-2	-2	-2	-2	
225	224	c2fcaad10764883e	4			no					266	-2	-2	-2	
226	225	79b4f47e804d9e59	5			yes					-1	-1	-1	-1	227	
227	226	779b82afd82acd14	4			yes					-1	-1	-1	-1	
228	225	d1990fca1dfd8e92	5			yes					-1	-1	-1	-1	241	
229	142	8a9c9f83505b6b8a	5			no					251	-2	-2	-2	-2	
230	229	15e4bfb516a09772	4			no					245	-2	-2	-2	
231	230	b8c3938119b51133	4			yes					-1	-1	-1	234	
232	230	f42b5bea7bc29f81	5			yes					233	250	255	259	262	
233	232	fc2631513cadaa73	4			yes					-1	-1	-1	249	
234	231	38cb2dac1271ffea	3			yes					-1	-1	-1	
235	142	3a31335d6898bee6	5			no					236	-2	-2	-2	-2	
236	235	ff9b54a9e907e554	4			no					239	-2	-2	-2	
237	236	150beb086cce72ec	4			yes					238	-1	-1	261	
238	237	9992a20e79576da8	3			yes					-1	-1	244	
239	236	c0dfd44c41ab0061	5			no					240	-2	-2	-2	-2	
240	239	248c5a598d54e268	4			no					-1	-1	-1	-2	
241	228	d60f2aac7a2bae30	4			yes					-1	-1	-1	-1	
242	224	0e8f59ab36e824f5	6			no					243	-2	-2	-2	-2	-2	
243	242	70916b0a4105d81d	5			no					-1	-2	-1	-1	-2	
244	238	659542ec7d4a1ca8	2			yes					-1	-1	
245	230	d31d38fbab587387	5			no					246	-2	-2	-2	-2	
246	245	e343b135e1960de4	4			no					-1	-1	-1	-2	
247	225	daec54be04216596	6			yes					-1	-1	248	257	-1	260	
248	247	ec3b014e6b2c6e2f	5			yes					-1	-1	-1	-1	-1	
249	233	0021d1b338b0db73	3			yes					-1	-1	-1	
250	232	ae51207ad0ba8e69	4			yes					-1	-1	-1	254	
251	229	766a0798ca02216c	6			no					252	-2	-2	-2	-2	-2	
252	251	7e676d238d6d149e	5			no					253	264	-2	-2	-2	
253	252	371987a6a9ce4f42	4			yes					-1	-1	-1	256	
254	250	5256c098d4a7ff69	3			yes					-1	-1	-1	
255	232	cfc481a0cf754da7	6			yes					-1	-1	-1	-1	-1	258	
256	253	cb1e6744add33e42	3			yes					-1	-1	-1	
257	247	55602c09de310445	5			yes					-1	-1	-1	-1	-1	
258	255	90efe993a47aec3d	5			yes					-1	-1	-1	-1	-1	
259	232	4c8d7d00a5413aca	5			yes					-1	-1	-1	-1	-1	
260	247	a3c22daa4bf4c59b	5			yes					-1	-1	-1	-1	-1	
261	237	e90c0bea68d303ec	3			yes					-1	-1	-1	
262	232	082cbb087fdfee81	4			yes					-1	-1	263	265	
263	262	a958fa0bdf350ec0	6			yes					-1	-1	-1	-1	-1	-1	
264	252	ef22a044b376e047	4			no					-1	-1	-1	-2	
265	262	40db58566b0bbe9f	5			yes					-1	-1	-1	-1	-1	
266	225	9624d9e4ea0bf71d	6			no					-1	-1	-2	-2	-2	-2	
