Number of nodes
487
ID	PID	Hash_Value			File_Number	Fully_Enumerated	Children
0	-1	f8c71012a8632f1e	6			yes					1	159	283	372	445	486	
1	0	0118b4e9ef302793	5			yes					2	68	94	114	128	
2	1	ef8de325f871003b	5			yes					3	16	38	56	67	
3	2	993be9d1d3464443	4			yes					4	5	7	10	
4	3	40376bcb5c6ba068	4			yes					-1	-1	-1	-1	
5	3	5deba09b2acf7ddf	4			yes					-1	6	-1	-1	
6	5	c80934673b061775	3			yes					-1	-1	-1	
7	3	8c280abf2a4936ec	4			yes					-1	8	9	-1	
8	7	19ca9e433b805c46	3			yes					-1	-1	-1	
9	7	824d5531a4171a40	3			yes					-1	-1	-1	
10	3	2fd591685040dfab	3			yes					11	12	14	
11	10	1de6620f5831754a	4			yes					-1	-1	-1	-1	
12	10	c5c4cb984e8d146c	5			yes					-1	-1	-1	-1	13	
13	12	46088ee7dc7e4fba	4			yes					-1	-1	-1	-1	
14	10	298ebaaeff717cbe	5			yes					-1	-1	-1	-1	15	
15	14	aa42ffd16d822768	4			yes					-1	-1	-1	-1	
16	2	ffb1086f12d5b4a6	4			yes					-1	17	24	31	
17	16	211234dd6f75d99f	5			yes					18	20	21	22	23	
18	17	09ccde3567ecce53	4			yes					19	-1	-1	-1	
19	18	af368bfd9bd826cb	3			yes					-1	-1	-1	
20	17	87e8611593413107	4			yes					-1	-1	-1	-1	
21	17	21b85063e8d99422	4			yes					-1	-1	-1	-1	
22	17	6cacf6e5cea43fb3	4			yes					-1	-1	-1	-1	
23	17	c33019a6d2d054c5	4			yes					-1	-1	-1	-1	
24	16	ef8e8c3b23530aa9	5			yes					25	27	28	29	30	
25	24	c75066d32bca1d65	4			yes					26	-1	-1	-1	
26	25	61aa331bd7fef5fd	3			yes					-1	-1	-1	
27	24	4974d9f3df67e231	4			yes					-1	-1	-1	-1	
28	24	faf23c30bc33ba2c	4			yes					-1	-1	-1	-1	
29	24	0f1c79e144a924c5	4			yes					-1	-1	-1	-1	
30	24	7bcafaf10c3761bd	4			yes					-1	-1	-1	-1	
31	16	7e0c76ba9b6fc7c2	5			yes					32	34	35	36	37	
32	31	56d29c5293f6d00e	4			yes					33	-1	-1	-1	
33	32	f028c99a6fc23896	3			yes					-1	-1	-1	
34	31	d8f62372675b2f5a	4			yes					-1	-1	-1	-1	
35	31	6b70c6b1040f7747	4			yes					-1	-1	-1	-1	
36	31	e7cd2560513ccec0	4			yes					-1	-1	-1	-1	
37	31	02995cf1a19e46d3	4			yes					-1	-1	-1	-1	
38	2	5b4721a422e591dd	4			yes					-1	-1	39	45	
39	38	0dfa2a0139ad1ec0	5			yes					40	41	42	43	44	
40	39	2524c0e93134090c	4			yes					-1	-1	-1	-1	
41	39	ab007fc9c599f658	4			yes					-1	-1	-1	-1	
42	39	1975cbae7196cdbd	4			yes					-1	-1	-1	-1	
43	39	eca28d03a613ee5b	4			yes					-1	-1	-1	-1	
44	39	7bf3f98d2328dcb2	4			yes					-1	-1	-1	-1	
45	38	a2604b2e00db2ce3	6			yes					46	49	51	-1	53	55	
46	45	8abea1c608423b2f	5			yes					47	-1	-1	-1	48	
47	46	2c44f40ef476d3b7	4			yes					-1	-1	-1	-1	
48	46	0972e4b99ab160f9	4			yes					-1	-1	-1	-1	
49	45	049a1ee6fcefc47b	5			yes					-1	-1	-1	-1	50	
50	49	87565b996e1c9fad	4			yes					-1	-1	-1	-1	
51	45	b6efaa8148e0ff9e	5			yes					-1	-1	-1	-1	52	
52	51	3523effeda13a448	4			yes					-1	-1	-1	-1	
53	45	4bfb8b79afcdb356	5			yes					-1	-1	-1	-1	54	
54	53	c837ce063d3ee880	4			yes					-1	-1	-1	-1	
55	45	21ac0e5192287735	5			yes					-1	-1	-1	-1	-1	
56	2	64ae5b869801faeb	4			yes					-1	-1	-1	57	
57	56	4e2a3a18b1274431	6			yes					58	60	62	64	-1	66	
58	57	66f4d0f0b9be53fd	5			yes					-1	-1	-1	-1	59	
59	58	e538958f2b4d082b	4			yes					-1	-1	-1	-1	
60	57	e8d06fd04d13aca9	5			yes					-1	-1	-1	-1	61	
61	60	6b1c2aafdfe0f77f	4			yes					-1	-1	-1	-1	
62	57	5aa5dbb7f91c974c	5			yes					-1	-1	-1	-1	63	
63	62	d9699ec86befcc9a	4			yes					-1	-1	-1	-1	
64	57	404f65963f79689d	5			yes					-1	-1	-1	-1	65	
65	64	c38320e9ad8a334b	4			yes					-1	-1	-1	-1	
66	57	cde67f6723d41fe7	5			yes					-1	-1	-1	-1	-1	
67	2	59639b9c7b779bd3	4			yes					-1	-1	-1	-1	
68	1	b0cd684bf0824cc9	4			yes					69	76	82	93	
69	68	7148cf53baef2709	3			yes					70	71	72	
70	69	a52227fcc639e0a9	4			yes					-1	-1	-1	-1	
71	69	d19cac4c32453dba	4			yes					-1	-1	-1	-1	
72	69	c1d75f654c265714	5			yes					-1	73	74	-1	75	
73	72	09816d6a45e336e8	4			yes					-1	-1	-1	-1	
74	72	cfb200ebc2787bb8	4			yes					-1	-1	-1	-1	
75	72	e304b37394a57865	4			yes					-1	-1	-1	-1	
76	68	fc486702a91b0af8	3			yes					-1	77	79	
77	76	e6f1c6ff8df5226f	5			yes					-1	-1	-1	-1	78	
78	77	348c2528c6e3ccd8	4			yes					-1	-1	-1	-1	
79	76	011a78e2585af388	5			yes					80	81	-1	-1	-1	
80	79	29c4920a50c3e444	4			yes					-1	-1	-1	-1	
81	79	c50003b2bd6eb7ac	4			yes					-1	-1	-1	-1	
82	68	3beed0e890f2b619	3			yes					-1	-1	83	
83	82	a15bfc899cce467d	6			yes					84	86	88	90	-1	92	
84	83	89851661945751b1	5			yes					-1	-1	-1	-1	85	
85	84	0a49531e06a40a67	4			yes					-1	-1	-1	-1	
86	83	654187d979fa0259	5			yes					-1	-1	-1	-1	87	
87	86	e68dc2a6eb09598f	4			yes					-1	-1	-1	-1	
88	83	3845f52fe01c3bf0	5			yes					-1	-1	-1	-1	89	
89	88	bb89b05072ef6026	4			yes					-1	-1	-1	-1	
90	83	af3ea30712906ad1	5			yes					-1	-1	-1	-1	91	
91	90	2cf2e67880633107	4			yes					-1	-1	-1	-1	
92	83	2297b9f60e3d1dab	5			yes					-1	-1	-1	-1	-1	
93	68	062310f27384d721	3			yes					-1	-1	-1	
94	1	5609ed655768a25f	4			yes					95	102	111	113	
95	94	978c4a7d1d05c99f	3			yes					96	97	98	
96	95	12f25186b292b7aa	4			yes					-1	-1	-1	-1	
97	95	da625ef9df43126d	4			yes					-1	-1	-1	-1	
98	95	2329b848939174d1	5			yes					-1	99	100	-1	101	
99	98	b6cb2cb482581e7b	4			yes					-1	-1	-1	-1	
100	98	9206a618da7470ee	4			yes					-1	-1	-1	-1	
101	98	01fa545e4b125ba0	4			yes					-1	-1	-1	-1	
102	94	4635062fbdcc16c2	3			yes					-1	103	105	
103	102	d259624d30edbf26	5			yes					-1	-1	-1	-1	104	
104	103	1f0d4be6df3bf7a3	4			yes					-1	-1	-1	-1	
105	102	b63724f22dcfff2d	5			yes					106	107	108	109	110	
106	105	9ee9ce1a2556e8e1	4			yes					-1	-1	-1	-1	
107	105	722d5fa2c8fbbb09	4			yes					-1	-1	-1	-1	
108	105	4bb6da662fbefd2e	4			yes					-1	-1	-1	-1	
109	105	dce821211c28367f	4			yes					-1	-1	-1	-1	
110	105	7b9a6affde3b98b9	4			yes					-1	-1	-1	-1	
111	94	675734eb23cf44b5	3			yes					-1	-1	112	
112	111	9123d84efefe8b48	5			yes					-1	-1	-1	-1	-1	
113	94	e0e795dcd46e39b7	3			yes					-1	-1	-1	
114	1	9def832163553f05	4			yes					115	118	125	127	
115	114	5c6a2439293854c5	3			yes					116	117	-1	
116	115	f3f60ea2b06d3208	5			yes					-1	-1	-1	-1	-1	
117	115	b49eb32ab4e9ade1	5			yes					-1	-1	-1	-1	-1	
118	114	8dd3686b89f18b98	3			yes					-1	119	124	
119	118	70f76103ff43e3cf	5			yes					120	121	-1	122	123	
120	119	58298bebf7daf403	4			yes					-1	-1	-1	-1	
121	119	b4ed1a531a77a7eb	4			yes					-1	-1	-1	-1	
122	119	1e39ea6e84cd9858	4			yes					-1	-1	-1	-1	
123	119	82a07e6b118f65c2	4			yes					-1	-1	-1	-1	
124	118	4dacedc0102fbdd8	5			yes					-1	-1	-1	-1	-1	
125	114	292541a0b9c1aee3	3			yes					-1	-1	126	
126	125	1b8eb8a9702df713	5			yes					-1	-1	-1	-1	-1	
127	114	65738ed37a5d4ebb	3			yes					-1	-1	-1	
128	1	36de5243c22b5ef9	5			yes					129	136	150	157	158	
129	128	f75bf55b88463539	4			yes					130	132	134	-1	
130	129	7a41bbf1b299f2bf	5			yes					-1	-1	-1	-1	131	
131	130	b191212e33f18d89	4			yes					-1	-1	-1	-1	
132	129	f0a9b05ba6889aff	5			yes					-1	-1	-1	-1	133	
133	132	3b792a8427e0e5c9	4			yes					-1	-1	-1	-1	
134	129	d43000742bb4664f	5			yes					-1	-1	-1	-1	135	
135	134	1fe09aabaadc1979	4			yes					-1	-1	-1	-1	
136	128	26e2b909288fea64	4			yes					-1	137	142	146	
137	136	42eb14d8d4630dd8	5			yes					138	139	-1	140	141	
138	137	6a35fe30dcfa1a14	4			yes					-1	-1	-1	-1	
139	137	86f16f88315749fc	4			yes					-1	-1	-1	-1	
140	137	0f55d6e075b2ebf4	4			yes					-1	-1	-1	-1	
141	137	a1d0373ecbd0f879	4			yes					-1	-1	-1	-1	
142	136	306a9f0933f83384	5			yes					143	144	-1	-1	145	
143	142	18b475e13b612448	4			yes					-1	-1	-1	-1	
144	142	f470e459d6cc77a0	4			yes					-1	-1	-1	-1	
145	142	192ad4691537cd01	4			yes					-1	-1	-1	-1	
146	136	fe6cdd3af08900f6	3			yes					-1	147	-1	
147	146	9e8c21ba818cea47	5			yes					148	149	-1	-1	-1	
148	147	b652cb528915fd8b	4			yes					-1	-1	-1	-1	
149	147	5a965aea64b8ae63	4			yes					-1	-1	-1	-1	
150	128	821490c218bfcf1f	4			yes					-1	-1	151	156	
151	150	8a14db9896239cc3	5			yes					152	153	154	-1	155	
152	151	a2ca31709eba8b0f	4			yes					-1	-1	-1	-1	
153	151	4e0ea0c87317d8e7	4			yes					-1	-1	-1	-1	
154	151	9e9b3a37de184fbe	4			yes					-1	-1	-1	-1	
155	151	1913d7153a28700e	4			yes					-1	-1	-1	-1	
156	150	5a9af4f1c0b9258d	3			yes					-1	-1	-1	
157	128	bdfdeae0a25ba429	4			yes					-1	-1	-1	-1	
158	128	ee5036701a2db46b	4			yes					-1	-1	-1	-1	
159	0	276672666b83c1b3	5			yes					-1	160	217	236	250	
160	159	5cbc8eaea2837dd9	5			yes					161	180	189	205	216	
161	160	4f6a4760fa3e0b74	4			yes					162	163	169	174	
162	161	6993a92ae7bfcb1c	4			yes					-1	-1	-1	-1	
163	161	ca103a0e67deeb3a	5			yes					164	165	166	167	168	
164	163	681aa025e1f2a5e7	4			yes					-1	-1	-1	-1	
165	163	6daccfa36372eda4	4			yes					-1	-1	-1	-1	
166	163	aa2a80c59ef42335	4			yes					-1	-1	-1	-1	
167	163	87aef836c60f0d16	4			yes					-1	-1	-1	-1	
168	163	28321775da7b6660	4			yes					-1	-1	-1	-1	
169	161	81fc4aeb4a6dbfcd	5			yes					170	171	172	-1	173	
170	169	23f6d0c0cc41f110	4			yes					-1	-1	-1	-1	
171	169	2640bf464ec1b953	4			yes					-1	-1	-1	-1	
172	169	e9d661414e661295	4			yes					-1	-1	-1	-1	
173	169	15b83c216509d4d9	4			yes					-1	-1	-1	-1	
174	161	7ddf21edee7b1bd6	5			yes					175	176	177	178	179	
175	174	dfd5bbc66857550b	4			yes					-1	-1	-1	-1	
176	174	da63d440ead71d48	4			yes					-1	-1	-1	-1	
177	174	15f50a47ea70b68e	4			yes					-1	-1	-1	-1	
178	174	59f75d53d6704d1c	4			yes					-1	-1	-1	-1	
179	174	49b43892be80b3d1	4			yes					-1	-1	-1	-1	
180	160	9ad1cb55615f8673	4			yes					-1	181	183	184	
181	180	a3958ac35727e3ce	4			yes					182	-1	-1	-1	
182	181	c03f425b521b883b	3			yes					-1	-1	-1	
183	180	eea88d8856f940be	4			yes					-1	-1	-1	-1	
184	180	2c3fb3ece2591d9b	3			yes					185	186	188	
185	184	17409fd63f7e41a0	4			yes					-1	-1	-1	-1	
186	184	4335d63fa7a99a8d	5			yes					-1	-1	-1	-1	187	
187	186	c0f99340355ac15b	4			yes					-1	-1	-1	-1	
188	184	4b0e3d9983c10aec	5			yes					-1	-1	-1	-1	-1	
189	160	e8764c2f7817ec3f	4			yes					-1	-1	190	195	
190	189	cb1fe07800e1cc09	5			yes					191	192	193	-1	194	
191	190	a8b528e005dda7fc	4			yes					-1	-1	-1	-1	
192	190	6de5b5b0fcd52491	4			yes					-1	-1	-1	-1	
193	190	5201e9de7c33b184	4			yes					-1	-1	-1	-1	
194	190	bd1633f41a640e7b	4			yes					-1	-1	-1	-1	
195	189	648581573997fe2a	6			yes					196	198	200	-1	202	204	
196	195	072f49cf3cab95df	5			yes					-1	-1	-1	-1	197	
197	196	84e30cb0ae58ce09	4			yes					-1	-1	-1	-1	
198	195	c27fd49fc5a316b2	5			yes					-1	-1	-1	-1	199	
199	198	41b391e057504d64	4			yes					-1	-1	-1	-1	
200	195	fd9b88f1454583a7	5			yes					-1	-1	-1	-1	201	
201	200	7e57cd8ed7b6d871	4			yes					-1	-1	-1	-1	
202	195	8d1e41009681619f	5			yes					-1	-1	-1	-1	203	
203	202	0ed2047f04723a49	4			yes					-1	-1	-1	-1	
204	195	e749c428ab64a5fc	5			yes					-1	-1	-1	-1	-1	
205	160	d79f360dc2f38709	4			yes					-1	-1	-1	206	
206	205	88cff061886b96f8	6			yes					207	209	211	213	-1	215	
207	206	eb6538f98d57fd0d	5			yes					-1	-1	-1	-1	208	
208	207	68a97d861fa4a6db	4			yes					-1	-1	-1	-1	
209	206	2e35a5a9745f7e60	5			yes					-1	-1	-1	-1	210	
210	209	adf9e0d6e6ac25b6	4			yes					-1	-1	-1	-1	
211	206	11d1f9c7f4b9eb75	5			yes					-1	-1	-1	-1	212	
212	211	921dbcb8664ab0a3	4			yes					-1	-1	-1	-1	
213	206	86aaafef0635ba54	5			yes					-1	-1	-1	-1	214	
214	213	0566ea9094c6e182	4			yes					-1	-1	-1	-1	
215	206	0b03b51e1a98cd2e	5			yes					-1	-1	-1	-1	-1	
216	160	ea52f6172185e631	4			yes					-1	-1	-1	-1	
217	159	7f9d1f3d5e2bd76a	4			yes					218	227	233	235	
218	217	6c4bd6f30696a1c7	3			yes					219	220	221	
219	218	22feea0ff0b5b29c	4			yes					-1	-1	-1	-1	
220	218	d245c556cdd65158	4			yes					-1	-1	-1	-1	
221	218	77fa1174a9b8b501	5			yes					222	223	224	225	226	
222	221	d5f08b5f2f94fbdc	4			yes					-1	-1	-1	-1	
223	221	32118937340c6dcd	4			yes					-1	-1	-1	-1	
224	221	409349b6d98b38d7	4			yes					-1	-1	-1	-1	
225	221	1d2514a7985f7c53	4			yes					-1	-1	-1	-1	
226	221	ba575f795a4cd295	4			yes					-1	-1	-1	-1	
227	217	946668f9af1c0baf	3			yes					-1	228	229	
228	227	48991640b8eb477b	4			yes					-1	-1	-1	-1	
229	227	2b0df7b487e02947	5			yes					230	-1	231	-1	232	
230	229	48a73f2c82dc42b2	4			yes					-1	-1	-1	-1	
231	229	eaf6d7d86689c733	4			yes					-1	-1	-1	-1	
232	229	09de1ba25f630636	4			yes					-1	-1	-1	-1	
233	217	4ec3c6b32a8c3180	3			yes					-1	-1	234	
234	233	b8b7d4a6ea5b5bcd	5			yes					-1	-1	-1	-1	-1	
235	217	c9736784dd2d4c82	3			yes					-1	-1	-1	
236	159	b47b71796a164a30	4			yes					237	245	247	249	
237	236	a7adb8b732ab3c9d	3			yes					238	239	244	
238	237	679433dbb99abede	5			yes					-1	-1	-1	-1	-1	
239	237	ef43a734b18793c8	5			yes					240	241	-1	242	243	
240	239	4d493d1f37abdd15	4			yes					-1	-1	-1	-1	
241	239	aaa83f772c334b04	4			yes					-1	-1	-1	-1	
242	239	fa22a97a31a4f279	4			yes					-1	-1	-1	-1	
243	239	5adae8e0855c8510	4			yes					-1	-1	-1	-1	
244	237	f75061d998b134f8	5			yes					-1	-1	-1	-1	-1	
245	236	5f8006bd9b2196f5	3			yes					-1	246	-1	
246	245	c795a1a75d9d62dd	5			yes					-1	-1	-1	-1	-1	
247	236	00b1b3f8b082dbd6	3			yes					-1	-1	248	
248	247	321ab44164882796	5			yes					-1	-1	-1	-1	-1	
249	236	4ce77c8b731e3b8e	3			yes					-1	-1	-1	
250	159	1f4aa01bcb682bcc	5			yes					251	268	274	281	282	
251	250	0c9c69d593d55d61	4			yes					252	254	259	263	
252	251	745797d4fff30509	5			yes					-1	-1	-1	-1	253	
253	252	bf870d0b7e9b7a3f	4			yes					-1	-1	-1	-1	
254	251	90790dbec9c2710b	5			yes					255	256	-1	257	258	
255	254	327397954fee3fd6	4			yes					-1	-1	-1	-1	
256	254	d59295fd5476a9c7	4			yes					-1	-1	-1	-1	
257	254	14337047bfacf710	4			yes					-1	-1	-1	-1	
258	254	cd2b0ad5a318f645	4			yes					-1	-1	-1	-1	
259	251	b22f3a6ae2cd085f	5			yes					-1	260	-1	-1	262	
260	259	f7c4a2297f79d093	4			yes					-1	-1	-1	-1	
261	259	744e12bb2e48039c	4			no					-1	-2	-1	-2	
262	259	79ffa0b563a57769	4			yes					-1	-1	-1	-1	
263	251	d4120de64bd3b7f3	3			yes					-1	264	266	
264	263	eff8e6c37b9bd934	5			yes					-1	-1	-1	265	-1	
265	264	6bb29b3a0df55f2f	4			yes					-1	-1	-1	-1	
266	263	2a1c31898fd885c3	5			yes					-1	-1	-1	-1	267	
267	266	a9d074f61d2bde15	4			yes					-1	-1	-1	-1	
268	250	f4b1d7df3a5ff709	4			yes					-1	269	272	-1	
269	268	b60eb0502cae7dc8	5			yes					270	-1	-1	-1	271	
270	269	d5a478c82992163d	4			yes					-1	-1	-1	-1	
271	269	7dde2a8fadc602fe	4			yes					-1	-1	-1	-1	
272	268	b6b087435704101d	5			yes					-1	-1	-1	-1	273	
273	272	7d601d9cd66c6f2b	4			yes					-1	-1	-1	-1	
274	250	ab80629a11fcba2a	4			yes					-1	-1	275	280	
275	274	a380d77082864c46	5			yes					276	277	278	-1	279	
276	275	c02a1fe887ba27b3	4			yes					-1	-1	-1	-1	
277	275	057a82b87eb2a4de	4			yes					-1	-1	-1	-1	
278	275	b70f36dfcabd9f3b	4			yes					-1	-1	-1	-1	
279	275	3087dbfd2e8da08b	4			yes					-1	-1	-1	-1	
280	274	730e06a9c9fa50b8	3			yes					-1	-1	-1	
281	250	946918b8ab18d11c	4			yes					-1	-1	-1	-1	
282	250	c7c4c428136ec15e	4			yes					-1	-1	-1	-1	
283	0	2ed096d6ebf9c471	5			yes					-1	-1	284	329	343	
284	283	94e16757d5396885	5			yes					285	301	315	321	328	
285	284	8737ae998d841e28	4			yes					286	292	293	297	
286	285	61274ec7e8a41fe0	5			yes					287	288	289	290	291	
287	286	e44f11b9d0d89318	4			yes					-1	-1	-1	-1	
288	286	cc049acdb575d526	4			yes					-1	-1	-1	-1	
289	286	d0085097a1411bdf	4			yes					-1	-1	-1	-1	
290	286	2cfddaf0189354d9	4			yes					-1	-1	-1	-1	
291	286	d4be0113dc7f0938	4			yes					-1	-1	-1	-1	
292	285	b49a713c8b041321	4			yes					-1	-1	-1	-1	
293	285	5c6153b8a8234d9c	5			yes					-1	294	295	-1	296	
294	293	8c63da2dd7943c5b	4			yes					-1	-1	-1	-1	
295	293	fb2a34f164e3b8dd	4			yes					-1	-1	-1	-1	
296	293	e4677482dea6fea0	4			yes					-1	-1	-1	-1	
297	285	f238fccfadac0781	5			yes					-1	298	299	300	-1	
298	297	223a755ad21b7646	4			yes					-1	-1	-1	-1	
299	297	55739b86616cf2c0	4			yes					-1	-1	-1	-1	
300	297	98e7f91c9c4bced3	4			yes					-1	-1	-1	-1	
301	284	da21dae7514a69ac	4			yes					-1	302	306	310	
302	301	6246d41e08715d98	5			yes					303	-1	-1	304	305	
303	302	01ec1c860d4d366d	4			yes					-1	-1	-1	-1	
304	302	d263a3e02aa5ada2	4			yes					-1	-1	-1	-1	
305	302	d7df9bca3caa4b40	4			yes					-1	-1	-1	-1	
306	301	f3688fb993bae0a2	5			yes					307	-1	308	-1	309	
307	306	90c2472196868b57	4			yes					-1	-1	-1	-1	
308	306	5423e8f05f7a15e3	4			yes					-1	-1	-1	-1	
309	306	4b6ea883e53f539e	4			yes					-1	-1	-1	-1	
310	301	5d3120ce9635aabf	5			yes					311	312	313	314	-1	
311	310	3e9be8569309c14a	4			yes					-1	-1	-1	-1	
312	310	6393e40f0bef3072	4			yes					-1	-1	-1	-1	
313	310	fa7a47875af55ffe	4			yes					-1	-1	-1	-1	
314	310	37ee251da7d263ed	4			yes					-1	-1	-1	-1	
315	284	ec5a2df609c3445b	4			yes					-1	-1	316	317	
316	315	cfac1eaa2acf9ce9	4			yes					-1	-1	-1	-1	
317	315	5ab4554f8ac5dfb3	3			yes					318	320	-1	
318	317	5a257eda1fb976c7	5			yes					-1	-1	-1	-1	319	
319	318	d9e93ba58d4a2d11	4			yes					-1	-1	-1	-1	
320	317	f50c77dce4296431	5			yes					-1	-1	-1	-1	-1	
321	284	934346668332c0b2	4			yes					-1	-1	-1	322	
322	321	ef2c08506abe8779	6			yes					323	324	325	326	-1	327	
323	322	8c86c0c86f82ec8c	5			yes					-1	-1	-1	-1	-1	
324	322	2b3673008f8ac35d	5			yes					-1	-1	-1	-1	-1	
325	322	763201f6166cfaf4	5			yes					-1	-1	-1	-1	-1	
326	322	678dae43cd1c3469	5			yes					-1	-1	-1	-1	-1	
327	322	6ce04d2ff84ddcaf	5			yes					-1	-1	-1	-1	-1	
328	284	220f1fee563ff36d	4			yes					-1	-1	-1	-1	
329	283	e90f76c59c5f400b	4			yes					330	338	341	342	
330	329	fad9bf0bc4e236a6	3			yes					331	336	337	
331	330	af5d6e58b9c64d06	5			yes					-1	332	333	334	335	
332	331	027eba52e41787c0	4			yes					-1	-1	-1	-1	
333	331	a13831d6379861aa	4			yes					-1	-1	-1	-1	
334	331	d479cb92053fec9f	4			yes					-1	-1	-1	-1	
335	331	5d0a7130570acb0b	4			yes					-1	-1	-1	-1	
336	330	dcb7c9fcaa4de9e7	5			yes					-1	-1	-1	-1	-1	
337	330	b689ba5641eeb045	5			yes					-1	-1	-1	-1	-1	
338	329	a7cfcb75182c4122	3			yes					-1	339	340	
339	338	19ea57c5ff3adaa3	5			yes					-1	-1	-1	-1	-1	
340	338	198066577a771d7b	5			yes					-1	-1	-1	-1	-1	
341	329	a58a798cc5c6063a	3			yes					-1	-1	-1	
342	329	11937b37855731b5	3			yes					-1	-1	-1	
343	283	423ea7a73d2121f7	5			yes					344	358	366	370	371	
344	343	51e86e69659c575a	4			yes					345	350	352	355	
345	344	36a647a6711ea6e5	5			yes					-1	346	347	348	349	
346	345	9b8593ac2ccf6c23	4			yes					-1	-1	-1	-1	
347	345	38c31828ff408a49	4			yes					-1	-1	-1	-1	
348	345	7b7cd3918129eddc	4			yes					-1	-1	-1	-1	
349	345	6bf440cd1bc421ab	4			yes					-1	-1	-1	-1	
350	344	dd37e6e0a4bc4c09	5			yes					-1	-1	-1	-1	351	
351	350	16e77c3f25d4333f	4			yes					-1	-1	-1	-1	
352	344	cb4fc89f62393e19	5			yes					-1	353	-1	-1	354	
353	352	1b4d410a1d8e4fde	4			yes					-1	-1	-1	-1	
354	352	e20f83ff44f6c09c	4			yes					-1	-1	-1	-1	
355	344	89660a5abd9abdc8	3			yes					356	357	-1	
356	355	4927acdbc3470eda	5			yes					-1	-1	-1	-1	-1	
357	355	7a8ae8def28ad1b4	4			yes					-1	-1	-1	-1	
358	343	0cfe1a17b95220de	4			yes					-1	359	361	364	
359	358	f3ef66d2394ceb5b	5			yes					-1	-1	-1	-1	360	
360	359	383ffc0db824946d	4			yes					-1	-1	-1	-1	
361	358	6446149e59a09327	5			yes					362	-1	-1	-1	363	
362	361	07ecdc065c9cf8d2	4			yes					-1	-1	-1	-1	
363	361	4d065ffe7f6f6da2	4			yes					-1	-1	-1	-1	
364	358	d4707e246154ca4c	3			yes					-1	365	-1	
365	364	418adb38263b1ab1	5			yes					-1	-1	-1	-1	-1	
366	343	0ebba8ee64b867c6	4			yes					-1	-1	367	369	
367	366	88557d938b7ab1d6	5			yes					-1	-1	-1	-1	368	
368	367	4385e74c0a12cee0	4			yes					-1	-1	-1	-1	
369	366	d635ccddbcbe8d54	3			yes					-1	-1	-1	
370	343	c91d1f045d51db27	4			yes					-1	-1	-1	-1	
371	343	9ab0c394e527cb65	4			yes					-1	-1	-1	-1	
372	0	a8f204fb3cf40762	5			yes					-1	-1	-1	373	414	
373	372	d71b939870afa530	5			yes					374	390	403	411	413	
374	373	c4cd5a562812d39d	4			yes					375	380	384	385	
375	374	bbe52bf373e2ea95	5			yes					-1	376	377	378	379	
376	375	bd34fb8c23acaf53	4			yes					-1	-1	-1	-1	
377	375	0aca35a33a07eeaa	4			yes					-1	-1	-1	-1	
378	375	c0c18e39cf1b4b0c	4			yes					-1	-1	-1	-1	
379	375	49b2349b9d2e6c98	4			yes					-1	-1	-1	-1	
380	374	113f77375dccd35c	5			yes					-1	-1	381	382	383	
381	380	a024e827f9930b28	4			yes					-1	-1	-1	-1	
382	380	045e7979ddefb2ed	4			yes					-1	-1	-1	-1	
383	380	a4a638e36917c584	4			yes					-1	-1	-1	-1	
384	374	57e28e5b0d58d406	4			yes					-1	-1	-1	-1	
385	374	c847a5fac7709f80	6			yes					-1	-1	386	387	388	389	
386	385	ef76f49b50e8b0d7	5			yes					-1	-1	-1	-1	-1	
387	385	795c3aea632f47f4	5			yes					-1	-1	-1	-1	-1	
388	385	6ec97112389dc6ba	5			yes					-1	-1	-1	-1	-1	
389	385	8bbd8ce4430e879b	5			yes					-1	-1	-1	-1	-1	
390	373	99db2e28f4dca419	4			yes					-1	391	396	397	
391	390	b413665879063eb3	5			yes					392	-1	393	394	395	
392	391	d7b9aec07c3a5546	4			yes					-1	-1	-1	-1	
393	391	2f603c0bba7ddfae	4			yes					-1	-1	-1	-1	
394	391	cf37c392c5ff9f2a	4			yes					-1	-1	-1	-1	
395	391	4644793097cab8be	4			yes					-1	-1	-1	-1	
396	390	307b66ad866af75d	4			yes					-1	-1	-1	-1	
397	390	93e440aed4225459	6			yes					398	-1	399	400	401	402	
398	397	f04e8836d11e3fac	5			yes					-1	-1	-1	-1	-1	
399	397	cb3ee83024766e02	5			yes					-1	-1	-1	-1	-1	
400	397	22ffdfbe707d8c2d	5			yes					-1	-1	-1	-1	-1	
401	397	356a94462bcf0d63	5			yes					-1	-1	-1	-1	-1	
402	397	d01e69b0505c4c42	5			yes					-1	-1	-1	-1	-1	
403	373	c72778d29a0b11ad	4			yes					-1	-1	404	405	
404	403	6889f1f0527b617c	5			yes					-1	-1	-1	-1	-1	
405	403	0e5e2fba3db5b487	6			yes					406	407	-1	408	409	410	
406	405	6df4e7223889df72	5			yes					-1	-1	-1	-1	-1	
407	405	ca4454ead881f0a3	5			yes					-1	-1	-1	-1	-1	
408	405	bf45b0aa99ea6cf3	5			yes					-1	-1	-1	-1	-1	
409	405	a8d0fb52c258edbd	5			yes					-1	-1	-1	-1	-1	
410	405	4da406a4b9cbac9c	5			yes					-1	-1	-1	-1	-1	
411	373	10e81f03cb88b987	4			yes					-1	-1	-1	412	
412	411	4d2a9f34366ac319	3			yes					-1	-1	-1	
413	373	8ad913af8d4ddfae	4			yes					-1	-1	-1	-1	
414	372	a4fa22899acbcf61	5			yes					415	429	439	443	444	
415	414	b72ceb47c276b9cc	4			yes					416	421	424	426	
416	415	221e020dbb3a0176	5			yes					-1	417	418	419	420	
417	416	24cfd272eb7444b0	4			yes					-1	-1	-1	-1	
418	416	93311c5df2df0549	4			yes					-1	-1	-1	-1	
419	416	6fc4963a4b0d4a4f	4			yes					-1	-1	-1	-1	
420	416	7f4c0566d1e08638	4			yes					-1	-1	-1	-1	
421	415	d4f7fa18e3308143	5			yes					-1	-1	-1	422	423	
422	421	a1d336b1fde4ca25	4			yes					-1	-1	-1	-1	
423	421	1f2760c76258fe75	4			yes					-1	-1	-1	-1	
424	415	8e91aa2aa3f40565	5			yes					-1	-1	-1	-1	425	
425	424	454130f5229c7a53	4			yes					-1	-1	-1	-1	
426	415	6fa28f741a70535e	3			yes					427	428	-1	
427	426	5d9fe9700963a949	5			yes					-1	-1	-1	-1	-1	
428	426	a7aee2638f78d287	4			yes					-1	-1	-1	-1	
429	414	ea3a9f391eb8ce48	4			yes					-1	430	435	437	
430	429	2de84fa6b1ded550	5			yes					431	-1	432	433	434	
431	430	4e42873eb4e2bea5	4			yes					-1	-1	-1	-1	
432	430	b69b15f572a5344d	4			yes					-1	-1	-1	-1	
433	430	6032db9141e99e69	4			yes					-1	-1	-1	-1	
434	430	70ba48cddb04521e	4			yes					-1	-1	-1	-1	
435	429	e0bd2c52757854b9	5			yes					-1	-1	-1	-1	436	
436	435	2b6db68df4102b8f	4			yes					-1	-1	-1	-1	
437	429	32b4fb0ac6be24da	3			yes					-1	438	-1	
438	437	5269a4db03877d6f	5			yes					-1	-1	-1	-1	-1	
439	414	b4c6c9c3706f7bfc	4			yes					-1	-1	440	442	
440	439	de046ded184f88ef	5			yes					-1	-1	-1	-1	441	
441	440	15d4f7329927f7d9	4			yes					-1	-1	-1	-1	
442	439	6c48adf0a869916e	3			yes					-1	-1	-1	
443	414	95a4fb07ee6c298b	4			yes					-1	-1	-1	-1	
444	414	7c7446ba42cd25f3	4			yes					-1	-1	-1	-1	
445	0	e0e43829e0be3f2c	5			yes					-1	-1	-1	-1	446	
446	445	43ec78ecfed209c6	6			yes					447	463	473	480	483	485	
447	446	503ab122a66f7f6b	5			yes					448	453	458	460	462	
448	447	1efa0c92221c7e42	4			yes					449	450	-1	451	
449	448	8f5f7b64e79b2f48	5			yes					-1	-1	-1	-1	-1	
450	448	22e3aaad701ae1ef	5			yes					-1	-1	-1	-1	-1	
451	448	6229ada89aa35e42	6			yes					-1	-1	-1	-1	-1	452	
452	451	e57aca52a6bab9d4	5			yes					-1	-1	-1	-1	-1	
453	447	40065a684ccbcbf6	4			yes					-1	454	-1	455	
454	453	08ff1345c3d3b4ef	5			yes					-1	-1	-1	-1	-1	
455	453	df7041c583c0fd85	6			yes					-1	-1	456	-1	-1	457	
456	455	ccb31a66b904db6a	5			yes					-1	-1	-1	-1	-1	
457	455	5823263fbfd91a13	5			yes					-1	-1	-1	-1	-1	
458	447	e4f073a37cfbee8d	4			yes					-1	-1	-1	459	
459	458	af4cd3e056b53bd0	5			yes					-1	-1	-1	-1	-1	
460	447	9876ff1211e647fd	4			yes					-1	-1	-1	461	
461	460	ea36947bb4432452	3			yes					-1	-1	-1	
462	447	227ada4b03ca1cc4	4			yes					-1	-1	-1	-1	
463	446	0d2cc55c7aa108ef	5			yes					-1	464	468	470	472	
464	463	1d102e169005bc72	4			yes					-1	465	-1	466	
465	464	f1211f7aa13b4b35	5			yes					-1	-1	-1	-1	-1	
466	464	4ba54b0370ad292d	6			yes					-1	-1	-1	-1	-1	467	
467	466	ccf62cf94cb4cebb	5			yes					-1	-1	-1	-1	-1	
468	463	b9e607dda0359909	4			yes					-1	-1	-1	469	
469	468	78d954b4a0cbc50c	5			yes					-1	-1	-1	-1	-1	
470	463	c5608b6ccd283079	4			yes					-1	-1	-1	471	
471	470	b720e005688d53d6	3			yes					-1	-1	-1	
472	463	7f6cae35df046b40	4			yes					-1	-1	-1	-1	
473	446	53d093a61476bd5b	5			yes					-1	-1	474	477	479	
474	473	e71a5127cee22cbd	4			yes					-1	-1	-1	475	
475	474	5d0584f6dc1c03b2	6			yes					-1	-1	-1	-1	-1	476	
476	475	da56e30ce005e424	5			yes					-1	-1	-1	-1	-1	
477	473	9b9cdd96a3ff85cd	4			yes					-1	-1	-1	478	
478	477	e9dcb6ff065ae662	3			yes					-1	-1	-1	
479	473	2190f8cfb1d3def4	4			yes					-1	-1	-1	-1	
480	446	f726ba6d24469820	5			yes					-1	-1	-1	481	482	
481	480	3f6af45d93cfa0b6	4			yes					-1	-1	-1	-1	
482	480	8566d10481e3fb8f	4			yes					-1	-1	-1	-1	
483	446	8ba036dc495b3150	5			yes					-1	-1	-1	-1	484	
484	483	f9e05db5ecfe52ff	4			yes					-1	-1	-1	-1	
485	446	31ac13855b776a69	5			yes					-1	-1	-1	-1	-1	
486	0	b87f7c991b633501	5			yes					-1	-1	-1	-1	-1	
