Number of nodes
66
ID	PID	Hash_Value			File_Number	Fully_Enumerated	Children
0	-1	25db3d022fafdba8	6			yes					1	21	39	53	63	64	
1	0	6ecee9a2330165c6	5			yes					2	6	9	-1	12	
2	1	7697644cdf181a6f	5			yes					-1	3	4	-1	5	
3	2	b99d76bd0bf9f5b6	4			yes					-1	-1	-1	-1	
4	2	42620a3d68a69a69	4			yes					-1	-1	-1	-1	
5	2	eeba7fd9048977ab	4			yes					-1	-1	-1	-1	
6	1	5b0cb0d1daeb13aa	5			yes					-1	-1	7	-1	8	
7	6	6ff9dea06d5593ac	4			yes					-1	-1	-1	-1	
8	6	c321ab44017a7e6e	4			yes					-1	-1	-1	-1	
9	1	0953d40634a2b37b	5			yes					-1	10	-1	-1	11	
10	9	0959b9538ae8a228	4			yes					-1	-1	-1	-1	
11	9	917ecf93ef33debf	4			yes					-1	-1	-1	-1	
12	1	52a9d834317929bc	6			yes					-1	13	15	17	19	20	
13	12	52a3b5618f3338ef	5			yes					-1	-1	-1	-1	14	
14	13	23d1bf089f156abf	4			yes					-1	-1	-1	-1	
15	12	9da3cac5e598c665	5			yes					-1	-1	-1	-1	16	
16	15	ecd1c0acf5be9435	4			yes					-1	-1	-1	-1	
17	12	665cb64586c7a9ba	5			yes					-1	-1	-1	-1	18	
18	17	172ebc2c96e1fbea	4			yes					-1	-1	-1	-1	
19	12	e1038f13f729dd88	5			yes					-1	-1	-1	-1	-1	
20	12	23dbd25d215f7bec	5			yes					-1	-1	-1	-1	-1	
21	0	31aafc51420e63a8	5			yes					-1	22	26	-1	29	
22	21	87144fe0ec6d541c	5			yes					23	-1	24	-1	25	
23	22	443a0cf5c968e4aa	4			yes					-1	-1	-1	-1	
24	22	b3e121915bd3d41a	4			yes					-1	-1	-1	-1	
25	22	1f39547537fc39d8	4			yes					-1	-1	-1	-1	
26	21	a93849959aa5498f	5			yes					27	-1	-1	-1	28	
27	26	6a160a80bfa0f939	4			yes					-1	-1	-1	-1	
28	26	311552004134244b	4			yes					-1	-1	-1	-1	
29	21	f2c245a79f7ed348	6			yes					30	-1	32	34	36	37	
30	29	31ec06b2ba7b63fe	5			yes					-1	-1	-1	-1	31	
31	30	409e0cdbaa5d31ae	4			yes					-1	-1	-1	-1	
32	29	3dc857564b9f3c91	5			yes					-1	-1	-1	-1	33	
33	32	4cba5d3f5bb96ec1	4			yes					-1	-1	-1	-1	
34	29	c6372bd628c0534e	5			yes					-1	-1	-1	-1	35	
35	34	b74521bf38e6011e	4			yes					-1	-1	-1	-1	
36	29	41681280592e277c	5			yes					-1	-1	-1	-1	-1	
37	29	83b04fce8f588118	5			yes					-1	-1	-1	-1	38	
38	37	301a18e94908752c	4			yes					-1	-1	-1	-1	
39	0	12f639b371fda7ae	5			yes					-1	-1	40	-1	44	
40	39	4c3c242280681175	5			yes					41	42	-1	-1	43	
41	40	8f126737a56da1c3	4			yes					-1	-1	-1	-1	
42	40	ac262307c9490bf0	4			yes					-1	-1	-1	-1	
43	40	d4113fb75bf97cb1	4			yes					-1	-1	-1	-1	
44	39	fae371b247627759	6			yes					45	47	-1	49	51	52	
45	44	39cd32a76267c7ef	5			yes					-1	-1	-1	-1	46	
46	45	48bf38ce724195bf	4			yes					-1	-1	-1	-1	
47	44	1af976970e436ddc	5			yes					-1	-1	-1	-1	48	
48	47	6b8b7cfe1e653f8c	4			yes					-1	-1	-1	-1	
49	44	ce161fc3f0dcf75f	5			yes					-1	-1	-1	-1	50	
50	49	bf6415aae0faa50f	4			yes					-1	-1	-1	-1	
51	44	494926958132836d	5			yes					-1	-1	-1	-1	-1	
52	44	8b917bdb57442509	5			yes					-1	-1	-1	-1	-1	
53	0	7774b720076774ca	5			yes					-1	-1	-1	-1	54	
54	53	a8bc1565a92bd788	6			yes					55	57	59	-1	61	62	
55	54	6b9256708c2e673e	5			yes					-1	-1	-1	-1	56	
56	55	1ae05c199c08356e	4			yes					-1	-1	-1	-1	
57	54	48a61240e00acd0d	5			yes					-1	-1	-1	-1	58	
58	57	39d41829f02c9f5d	4			yes					-1	-1	-1	-1	
59	54	a8b678301761c6db	5			yes					-1	-1	-1	-1	60	
60	59	d9c472590747948b	4			yes					-1	-1	-1	-1	
61	54	1b1642426f7b23bc	5			yes					-1	-1	-1	-1	-1	
62	54	d9ce1f0cb90d85d8	5			yes					-1	-1	-1	-1	-1	
63	0	7a77903e0d572fd7	5			yes					-1	-1	-1	-1	-1	
64	0	c2ee154c1464b40b	5			yes					-1	-1	-1	-1	65	
65	64	10d5553bc216c618	5			yes					-1	-1	-1	-1	-1	
