Number of nodes
313
ID	PID	Hash_Value			File_Number	Fully_Enumerated	Children
0	-1	d82a5df30ebbbe29	6			yes					1	108	188	241	277	312	
1	0	52407f26a573025a	5			yes					2	40	61	76	84	
2	1	91183a3e0df045d4	5			yes					3	11	23	32	39	
3	2	255dc67c97880977	4			yes					4	5	6	7	
4	3	91edd6dde89f0564	4			yes					-1	-1	-1	-1	
5	3	6793c27ed3ea79da	4			yes					-1	-1	-1	-1	
6	3	9019785b8b4a258a	4			yes					-1	-1	-1	-1	
7	3	bc204bf06c86e65d	3			yes					8	9	10	
8	7	5eb0727f00dc20d9	4			yes					-1	-1	-1	-1	
9	7	f8795ca6e9636ec1	4			yes					-1	-1	-1	-1	
10	7	7e1486c75f74700b	5			yes					-1	-1	-1	-1	-1	
11	2	ee41842c74dbbb9d	4			yes					-1	12	16	20	
12	11	2a282fe1cfb047bd	5			yes					13	14	-1	-1	15	
13	12	6150172a67e35afa	4			yes					-1	-1	-1	-1	
14	12	63ab73ffc0ec0728	4			yes					-1	-1	-1	-1	
15	12	35422d08769b50e4	4			yes					-1	-1	-1	-1	
16	11	9e2341b4107fde63	5			yes					17	18	-1	-1	19	
17	16	d55b797fb82cc324	4			yes					-1	-1	-1	-1	
18	16	d7a01daa1f239ef6	4			yes					-1	-1	-1	-1	
19	16	8149435da954c93a	4			yes					-1	-1	-1	-1	
20	11	97521f68a283b850	5			yes					21	22	-1	-1	-1	
21	20	dc2a27a30ad0a517	4			yes					-1	-1	-1	-1	
22	20	ded14376addff8c5	4			yes					-1	-1	-1	-1	
23	2	f6b8f7d997ca1b35	4			yes					-1	-1	24	28	
24	23	67e5ff35ceaa46cf	5			yes					25	26	27	-1	-1	
25	24	2c9dc7fe66f95b88	4			yes					-1	-1	-1	-1	
26	24	2e66a32bc1f6065a	4			yes					-1	-1	-1	-1	
27	24	6fb77309f79c0cf2	4			yes					-1	-1	-1	-1	
28	23	da1fde520fcd8260	5			yes					29	30	31	-1	-1	
29	28	9167e699a79e9f27	4			yes					-1	-1	-1	-1	
30	28	939c824c0091c2f5	4			yes					-1	-1	-1	-1	
31	28	d24d526e36fbc85d	4			yes					-1	-1	-1	-1	
32	2	35c1023b82670321	4			yes					-1	-1	-1	33	
33	32	5c720433b9da9caa	6			yes					34	35	36	37	-1	38	
34	33	170a3cf8118981ed	5			yes					-1	-1	-1	-1	-1	
35	33	15f1582db686dc3f	5			yes					-1	-1	-1	-1	-1	
36	33	5420880f80ecd697	5			yes					-1	-1	-1	-1	-1	
37	33	b7bd5d8f1bcc7a9a	5			yes					-1	-1	-1	-1	-1	
38	33	3efdb665d20cfc0a	5			yes					-1	-1	-1	-1	-1	
39	2	0865b7b2f6feaafe	4			yes					-1	-1	-1	-1	
40	1	b0aceb2beb2b2ad1	4			yes					41	45	49	58	
41	40	b47f04dd5ff96474	5			yes					-1	42	43	-1	44	
42	41	9ea4f7c9375d449d	4			yes					-1	-1	-1	-1	
43	41	5fb05d61fdef8244	4			yes					-1	-1	-1	-1	
44	41	ab150634e6d2732d	4			yes					-1	-1	-1	-1	
45	40	ed54d4980245484a	5			yes					46	47	-1	-1	48	
46	45	a62cec53aa16550d	4			yes					-1	-1	-1	-1	
47	45	72c6d625d6340ff8	4			yes					-1	-1	-1	-1	
48	45	f23ed671bb6e5f13	4			yes					-1	-1	-1	-1	
49	40	1475d32e64bc6c24	3			yes					50	51	52	
50	49	8fb4326b17a70bdf	4			yes					-1	-1	-1	-1	
51	49	20226d2b608fff8c	4			yes					-1	-1	-1	-1	
52	49	383d14cd64a27ce1	6			yes					53	54	55	56	-1	57	
53	52	73452c06ccf161a6	5			yes					-1	-1	-1	-1	-1	
54	52	a7af1670b0d33b53	5			yes					-1	-1	-1	-1	-1	
55	52	8231d6ac5bc1d1b0	5			yes					-1	-1	-1	-1	-1	
56	52	d3f24d71c6b49ad1	5			yes					-1	-1	-1	-1	-1	
57	52	5ab2a69b0f741c41	5			yes					-1	-1	-1	-1	-1	
58	40	29d166a71025c5fb	3			yes					59	60	-1	
59	58	42b14189c62688e9	5			yes					-1	-1	-1	-1	-1	
60	58	1b9a91cc9b9aa4d7	5			yes					-1	-1	-1	-1	-1	
61	1	5b5dcc71434e9aa2	4			yes					62	66	72	74	
62	61	9564baf1ab872d65	5			yes					-1	63	64	-1	65	
63	62	a01203d55fce23d9	4			yes					-1	-1	-1	-1	
64	62	401d17516102ac11	4			yes					-1	-1	-1	-1	
65	62	8a0eb81812ac3a3c	4			yes					-1	-1	-1	-1	
66	61	240472633a6564eb	3			yes					67	68	69	
67	66	ddd7c1d2fda04a70	4			yes					-1	-1	-1	-1	
68	66	f814ab903e2c82a4	4			yes					-1	-1	-1	-1	
69	66	364963eb9603b7d4	5			yes					70	71	-1	-1	-1	
70	69	7d315b203e50aa93	4			yes					-1	-1	-1	-1	
71	69	a9db61564272f066	4			yes					-1	-1	-1	-1	
72	61	439486c7b28860f6	3			yes					-1	-1	73	
73	72	10463391b7d0abc7	5			yes					-1	-1	-1	-1	-1	
74	61	c22041fdb8407588	3			yes					75	-1	-1	
75	74	63aaffa53258c1f8	5			yes					-1	-1	-1	-1	-1	
76	1	aedcbc44fa584c7f	4			yes					77	80	82	83	
77	76	0b6c091dcaf53dea	3			yes					78	79	-1	
78	77	2cb7945ed0d85c54	5			yes					-1	-1	-1	-1	-1	
79	77	8e01457b49963ad9	5			yes					-1	-1	-1	-1	-1	
80	76	d18502568373b236	3			yes					-1	81	-1	
81	80	6108d57516965faa	5			yes					-1	-1	-1	-1	-1	
82	76	c97c71a36062129e	3			yes					-1	-1	-1	
83	76	bd49c6acd3bcd13d	3			yes					-1	-1	-1	
84	1	6663ca02b9edc7ba	5			yes					85	91	101	106	107	
85	84	c3d37f5b8940b62f	4			yes					86	88	-1	-1	
86	85	7dd1fe70a4a5cc06	5			yes					-1	-1	-1	-1	87	
87	86	dc7f23975b81c7d2	4			yes					-1	-1	-1	-1	
88	85	e171b6bf1af7a582	5			yes					-1	-1	-1	-1	89	
89	88	40df6b58e5d3ae56	4			yes					-1	-1	-1	-1	
90	85	fc4b5eb5a9a38245	5			no					-1	-1	-2	-1	-2	
91	84	193a7410c0c639f3	4			yes					-1	92	96	98	
92	91	98a346eb2b2df903	5			yes					93	94	-1	-1	95	
93	92	d3db7e20837ee444	4			yes					-1	-1	-1	-1	
94	92	07314456ff5cbeb1	4			yes					-1	-1	-1	-1	
95	92	e35373abadb657c3	4			yes					-1	-1	-1	-1	
96	91	2ca828bef4e260dd	5			yes					-1	-1	-1	-1	97	
97	96	57581dfe7279ce1d	4			yes					-1	-1	-1	-1	
98	91	66c940bb25006981	3			yes					-1	99	100	
99	98	0af734168d42ac07	5			yes					-1	-1	-1	-1	-1	
100	98	befc5a43528d35d9	5			yes					-1	-1	-1	-1	-1	
101	84	01c307e523d7995b	4			yes					-1	-1	102	104	
102	101	531157a740c8cdad	6			yes					-1	-1	-1	-1	-1	103	
103	102	f2bf8a40bfecc679	5			yes					-1	-1	-1	-1	-1	
104	101	7e30334ec611c929	3			yes					-1	-1	105	
105	104	cb235dd916728e2f	5			yes					-1	-1	-1	-1	-1	
106	84	c2baf207367a814f	4			yes					-1	-1	-1	-1	
107	84	1990fea95c2b97c8	4			yes					-1	-1	-1	-1	
108	0	2b1264f8a1db7ff7	5			yes					-1	109	141	156	166	
109	108	194ff32bb3b8afc4	5			yes					110	122	125	133	140	
110	109	7d3bbf58da27f65d	4			yes					111	112	116	119	
111	110	70951b22ceb85935	4			yes					-1	-1	-1	-1	
112	110	c1c42759bf7fff6c	5			yes					-1	113	114	-1	115	
113	112	c6fd4ef988d8f3ed	4			yes					-1	-1	-1	-1	
114	112	c93b60cd6d1d30af	4			yes					-1	-1	-1	-1	
115	112	deae25b00654e835	4			yes					-1	-1	-1	-1	
116	110	13d859c0c11e4714	5			yes					-1	-1	-1	-1	118	
117	116	14e13060f6b94b95	4			no					-1	-1	-1	-2	
118	116	0cb25b297835504d	4			yes					-1	-1	-1	-1	
119	110	638834466f626179	5			yes					-1	120	121	-1	-1	
120	119	64b15de658c56df8	4			yes					-1	-1	-1	-1	
121	119	c4ecd640c8e8c8d5	4			yes					-1	-1	-1	-1	
122	109	3e70341d873caea7	4			yes					-1	123	-1	124	
123	122	059c8276c393e01f	4			yes					-1	-1	-1	-1	
124	122	a70db9917c32418d	3			yes					-1	-1	-1	
125	109	7eef3ecc2982f125	4			yes					-1	-1	126	129	
126	125	b64b03e2a3dfd179	5			yes					127	128	-1	-1	-1	
127	126	9ec389a360acbce4	4			yes					-1	-1	-1	-1	
128	126	ffc85ffcac8391ec	4			yes					-1	-1	-1	-1	
129	125	0bb1228562b815d6	5			yes					130	131	132	-1	-1	
130	129	2339a8c4a1cb784b	4			yes					-1	-1	-1	-1	
131	129	42327e9b6de45543	4			yes					-1	-1	-1	-1	
132	129	b1bde0e45ddbb887	4			yes					-1	-1	-1	-1	
133	109	bd96cb2e3c2fe931	4			yes					-1	-1	-1	134	
134	133	8ddcf8e4d4af0b1c	6			yes					135	136	137	138	-1	139	
135	134	a55472a517dc6681	5			yes					-1	-1	-1	-1	-1	
136	134	c45fa4fadbf34b89	5			yes					-1	-1	-1	-1	-1	
137	134	37d03a85ebcca64d	5			yes					-1	-1	-1	-1	-1	
138	134	6613a15876b9ed2c	5			yes					-1	-1	-1	-1	-1	
139	134	ef534ab2bf796bbc	5			yes					-1	-1	-1	-1	-1	
140	109	80327ea748b640ee	4			yes					-1	-1	-1	-1	
141	108	46eef1d28a430028	4			yes					142	148	152	154	
142	141	229abda1e3dc59b1	3			yes					143	144	145	
143	142	c492b4d731a64e6f	4			yes					-1	-1	-1	-1	
144	142	ca306134bdccfaa0	4			yes					-1	-1	-1	-1	
145	142	7ec503bc4a5a4c0e	5			yes					-1	146	-1	-1	147	
146	145	0670c7e438c0b58c	4			yes					-1	-1	-1	-1	
147	145	976144016aaeb7ca	4			yes					-1	-1	-1	-1	
148	141	424681c2672d63fe	5			yes					149	-1	150	-1	151	
149	148	6ace0b83a45e0e63	4			yes					-1	-1	-1	-1	
150	148	36ca43e3b1a5bdb9	4			yes					-1	-1	-1	-1	
151	148	5d2c832bde0674a7	4			yes					-1	-1	-1	-1	
152	141	5e27bb647b85fa7c	3			yes					-1	-1	153	
153	152	a5a7dfb807dddc3a	5			yes					-1	-1	-1	-1	-1	
154	141	df937c5e714def02	3			yes					-1	155	-1	
155	154	b488c496fef28f63	5			yes					-1	-1	-1	-1	-1	
156	108	b36f81e73355d6f5	4			yes					157	162	164	165	
157	156	d71bcd945aca8f6c	3			yes					158	159	-1	
158	157	cfd5f5e0655eb4a7	5			yes					-1	-1	-1	-1	-1	
159	157	856f1d3fbb5c3e37	5			yes					-1	-1	-1	160	161	
160	159	8415f99b8d2d2564	4			yes					-1	-1	-1	-1	
161	159	9a051fd60277296e	4			yes					-1	-1	-1	-1	
162	156	1041fb7cda419a3a	3			yes					-1	163	-1	
163	162	6298fff8c4f4af4a	5			yes					-1	-1	-1	-1	-1	
164	156	d4cf4c00a96f8814	3			yes					-1	-1	-1	
165	156	a0fafb0f1ab14bb7	3			yes					-1	-1	-1	
166	108	7bd0f7a170e05d30	5			yes					167	178	181	186	187	
167	166	1fa4bbd2197f04a9	4			yes					168	170	172	174	
168	167	afb15d80cc3c3388	5			yes					-1	-1	-1	-1	169	
169	168	0e1f80673318385c	4			yes					-1	-1	-1	-1	
170	167	cd04137056a27636	5			yes					-1	-1	-1	-1	171	
171	170	6caace97a9867de2	4			yes					-1	-1	-1	-1	
172	167	583097f1a9aa7594	5			yes					-1	-1	-1	-1	173	
173	172	f99e4a16568e7e40	4			yes					-1	-1	-1	-1	
174	167	60578f79fcb954db	3			yes					-1	175	177	
175	174	67d5dd2fb4a312df	5			yes					-1	-1	-1	-1	176	
176	175	055a6f79df75727f	4			yes					-1	-1	-1	-1	
177	174	da6f4f835f7d87da	5			yes					-1	-1	-1	-1	-1	
178	166	d8fe8d3a99f411ff	4			yes					-1	179	-1	-1	
179	178	e048b681c1f04916	5			yes					-1	-1	-1	-1	180	
180	179	41e66b663ed442c2	4			yes					-1	-1	-1	-1	
181	166	1c703a46eada03d1	4			yes					-1	-1	182	184	
182	181	e6f0bb8ef0c5ba50	6			yes					-1	-1	-1	-1	-1	183	
183	182	475e66690fe1b184	5			yes					-1	-1	-1	-1	-1	
184	181	63830eed0f1c53a3	3			yes					-1	-1	185	
185	184	7ec2b1f0a67ff9d2	5			yes					-1	-1	-1	-1	-1	
186	166	df09cfa4ff771bc5	4			yes					-1	-1	-1	-1	
187	166	0423c30a95260d42	4			yes					-1	-1	-1	-1	
188	0	aa4343354841fea3	5			yes					-1	-1	189	213	219	
189	188	03fc4de1024dda96	5			yes					190	200	206	208	212	
190	189	678801926bd2830f	4			yes					191	195	196	197	
191	190	21bb6af957bc89a5	5			yes					-1	192	193	-1	194	
192	191	a5d9bee81cd0272c	4			yes					-1	-1	-1	-1	
193	191	f4c2c7599d3908d1	4			yes					-1	-1	-1	-1	
194	191	3ed16810ee979efc	4			yes					-1	-1	-1	-1	
195	190	9265ffcb35673a62	4			yes					-1	-1	-1	-1	
196	190	87458d84e7cf2335	5			yes					-1	-1	-1	-1	-1	
197	190	cbfe201380f77c40	5			yes					-1	198	199	-1	-1	
198	197	1d1862825845bbce	4			yes					-1	-1	-1	-1	
199	197	69b98a042d1b0bd1	4			yes					-1	-1	-1	-1	
200	189	e41c648434ac8913	4			yes					-1	201	202	203	
201	200	91d73f1b8f370889	4			yes					-1	-1	-1	-1	
202	200	0c4901cc8f257851	5			yes					-1	-1	-1	-1	-1	
203	200	40f2ac5be81d2724	5			yes					204	-1	205	-1	-1	
204	203	687a261a2b6e4ab9	4			yes					-1	-1	-1	-1	
205	203	e2b5064c45f150b5	4			yes					-1	-1	-1	-1	
206	189	be30d09f2be7a3c3	4			yes					-1	-1	-1	207	
207	206	274d5d13d0e94ce9	3			yes					-1	-1	-1	
208	189	a72575e48dda9c63	4			yes					-1	-1	-1	209	
209	208	657b525b67116b7f	6			yes					-1	-1	-1	-1	-1	211	
210	209	fae950e6b3602ccd	5			no					-1	-1	-1	-1	-2	
211	209	07f4e00d0cc70bdf	5			yes					-1	-1	-1	-1	-1	
212	189	9a81c06df94335bc	4			yes					-1	-1	-1	-1	
213	188	b8b9f405d98565c5	4			yes					214	216	217	218	
214	213	dccdb876b01a3c5c	3			yes					215	-1	-1	
215	214	8308d787f3ac00d1	5			yes					-1	-1	-1	-1	-1	
216	213	5f59dd60ef643640	3			yes					-1	-1	-1	
217	213	90011ffe769a975e	3			yes					-1	-1	-1	
218	213	ab2c8eedf061f887	3			yes					-1	-1	-1	
219	188	700682439a30ee00	5			yes					220	231	238	239	240	
220	219	1472ce30f3afb799	4			yes					221	225	227	229	
221	220	7b97a94c009f5778	5			yes					-1	222	223	-1	224	
222	221	fff57d5d4bf3f9f1	4			yes					-1	-1	-1	-1	
223	221	9058f0f0a289b148	4			yes					-1	-1	-1	-1	
224	221	00679c0c8604f9b8	4			yes					-1	-1	-1	-1	
225	220	2fc95732ea92c570	5			yes					-1	-1	-1	-1	-1	
226	225	8e678ad515b6cea4	4			no					-1	-2	-1	-2	
227	220	34d84693789b7d26	5			yes					-1	-1	-1	-1	228	
228	227	95769b7487bf76f2	4			yes					-1	-1	-1	-1	
229	220	6b81fa9b1669e7eb	3			yes					230	-1	-1	
230	229	e9c3dbb1a6f0027c	5			yes					-1	-1	-1	-1	-1	
231	219	97e6ab26acd1bd85	4			yes					-1	232	234	236	
232	231	255533f659878532	5			yes					-1	-1	-1	-1	233	
233	232	84fbee11a6a38ee6	4			yes					-1	-1	-1	-1	
234	231	bfd4cadb10712642	5			yes					-1	-1	-1	-1	235	
235	234	1e7a173cef552d96	4			yes					-1	-1	-1	-1	
236	231	e8159f8d4917edf7	3			yes					-1	-1	-1	
237	236	4e3026309a6f7f23	5			no					-1	-1	-1	-1	-2	
238	219	58be69b8352f1c9b	4			yes					-1	-1	-1	-1	
239	219	d4dfba4615a7a8f5	4			yes					-1	-1	-1	-1	
240	219	0ff5b6e87ff6be72	4			yes					-1	-1	-1	-1	
241	0	d13b38c50fa63b4c	5			yes					-1	-1	-1	242	255	
242	241	8269e533a0d47292	5			yes					243	247	250	252	253	
243	242	e61da940c94b2b0b	4			yes					244	245	-1	246	
244	243	e91fb720d52ad715	5			yes					-1	-1	-1	-1	-1	
245	243	19e3c42ba0707d71	5			yes					-1	-1	-1	-1	-1	
246	243	c2a14d3b9d951dc9	5			yes					-1	-1	-1	-1	-1	
247	242	6589cc5696352117	4			yes					-1	248	-1	249	
248	247	dc96885deeb55268	5			yes					-1	-1	-1	-1	-1	
249	247	affa11409d3e2601	6			yes					-1	-1	-1	-1	-1	-1	
250	242	fd305b21d9ff8cdb	4			yes					-1	-1	-1	251	
251	250	303a1a686708e243	6			yes					-1	-1	-1	-1	-1	-1	
252	242	edba4213bd306b4a	4			yes					-1	-1	-1	-1	
253	242	931e7c243bb1ed8d	4			yes					-1	-1	-1	254	
254	253	fccddb042655f455	3			yes					-1	-1	-1	
255	241	9bf7a51932555e73	5			yes					256	266	273	275	276	
256	255	ff83e96a5bca07ea	4			yes					257	261	-1	263	
257	256	1180c9eb261980bc	5			yes					-1	258	259	-1	260	
258	257	c143894123609eb5	4			yes					-1	-1	-1	-1	
259	257	c4f9644bec9c01c8	4			yes					-1	-1	-1	-1	
260	257	6a70fcaba0822e7c	4			yes					-1	-1	-1	-1	
261	256	af93153fa32ea02b	5			yes					-1	-1	-1	-1	262	
262	261	0e3dc8d85c0aabff	4			yes					-1	-1	-1	-1	
263	256	8070ddc1be0c5798	3			yes					264	265	-1	
264	263	83d4bb168076d5b8	5			yes					-1	-1	-1	-1	-1	
265	263	e7721031c7d8b65f	4			yes					-1	-1	-1	-1	
266	255	7c178c7c04b40df6	4			yes					-1	267	-1	271	
267	266	2409f6961d8605c1	5			yes					268	-1	269	-1	270	
268	267	0c817cd7def5685c	4			yes					-1	-1	-1	-1	
269	267	268cca749fd55114	4			yes					-1	-1	-1	-1	
270	267	5ff9c3d69b1dab01	4			yes					-1	-1	-1	-1	
271	266	03e4b8d7e1725d84	3			yes					-1	272	-1	
272	271	b65d846bbbe950c5	5			yes					-1	-1	-1	-1	-1	
273	255	e4ae1b0b4b7ea03a	4			yes					-1	-1	-1	274	
274	273	9b5d2fa0aeb8f048	3			yes					-1	-1	-1	
275	255	833eefafc393a427	4			yes					-1	-1	-1	-1	
276	255	e40491b2d7930e01	4			yes					-1	-1	-1	-1	
277	0	5053207de53f69c8	5			yes					-1	-1	-1	-1	278	
278	277	7f2c450ea7c1853c	6			yes					279	290	299	306	309	311	
279	278	1b58097dce5edca5	5			yes					280	282	283	284	286	
280	279	cdd9659331eb7169	6			yes					-1	-1	-1	-1	-1	281	
281	280	6c77b874cecf7abd	5			yes					-1	-1	-1	-1	-1	
282	279	bf030259091a4a81	5			yes					-1	-1	-1	-1	-1	
283	279	9981e2b4e9b14625	5			yes					-1	-1	-1	-1	-1	
284	279	8d969fefd4087a79	4			yes					-1	-1	-1	285	
285	284	ff195a90d5f0f32d	3			yes					-1	-1	-1	
286	279	69d7cc02cfa655f1	4			yes					287	288	289	-1	
287	286	d5a039c711d54f61	6			yes					-1	-1	-1	-1	-1	-1	
288	286	534fa5ce7b861178	5			yes					-1	-1	-1	-1	-1	
289	286	75cd45239b2d1ddc	5			yes					-1	-1	-1	-1	-1	
290	278	98cc6c6b9120d6b9	5			yes					-1	291	293	294	296	
291	290	ce402695988a4af9	6			yes					-1	-1	-1	-1	-1	292	
292	291	6feefb7267ae412d	5			yes					-1	-1	-1	-1	-1	
293	290	35ac1df291555fef	5			yes					-1	-1	-1	-1	-1	
294	290	0e02faf98b767065	4			yes					-1	-1	-1	295	
295	294	7c8d3f868a8ef931	3			yes					-1	-1	-1	
296	290	ea43a91490d85fed	4			yes					-1	297	298	-1	
297	296	d6397ac1b8b474f1	6			yes					-1	-1	-1	-1	-1	-1	
298	296	d9e0ba65e3c90416	5			yes					-1	-1	-1	-1	-1	
299	278	0075fb1cdeea7b75	5			yes					-1	-1	300	302	304	
300	299	18884150f1e4ee48	6			yes					-1	-1	-1	-1	-1	301	
301	300	b9269cb70ec0e59c	5			yes					-1	-1	-1	-1	-1	
302	299	96bb6d8ec4bcdda9	4			yes					-1	-1	-1	303	
303	302	e434a8f1c54454fd	3			yes					-1	-1	-1	
304	299	72fa3e63df12f221	4			yes					-1	-1	305	-1	
305	304	00f11d04d1dad040	6			yes					-1	-1	-1	-1	-1	-1	
306	278	188c88e93dfbdbdd	5			yes					-1	-1	-1	307	308	
307	306	8e421e7b27ad7d01	4			yes					-1	-1	-1	-1	
308	306	6a034d963c035289	4			yes					-1	-1	-1	-1	
309	278	e9e2d39cbd9723e0	5			yes					-1	-1	-1	-1	310	
310	309	9b6d16e3bc6faab4	4			yes					-1	-1	-1	-1	
311	278	0da38071a6390c68	5			yes					-1	-1	-1	-1	-1	
312	0	8a531da0a8cb6fa3	5			yes					-1	-1	-1	-1	-1	
