Number of nodes
172
ID	PID	Hash_Value			File_Number	Fully_Enumerated	Children
0	-1	b1cfcc913f2dc36a	6			yes					1	24	47	70	90	120	
1	0	fc01318750536aab	5			yes					2	7	16	21	23	
2	1	2a0a55157fadc9e4	4			yes					3	4	-1	5	
3	2	d30fbc1e9513cccd	4			yes					-1	-1	-1	-1	
4	2	3ddaaf3b83028153	4			yes					-1	-1	-1	-1	
5	2	935cdd8b4b2a3102	5			yes					-1	-1	-1	-1	6	
6	5	208ff0c6ce7d453f	4			yes					-1	-1	-1	-1	
7	1	eaf4f30c3c19ebdf	4			yes					-1	8	10	11	
8	7	485632e7a56adb7b	5			yes					9	-1	-1	-1	-1	
9	8	c92d8b1719773285	4			yes					-1	-1	-1	-1	
10	7	4463c12ec095595c	4			yes					-1	-1	-1	-1	
11	7	5ec39bf16773ec28	3			yes					12	13	15	
12	11	b1941d1f11c90d58	4			yes					-1	-1	-1	-1	
13	11	ec468838a2f1c4ad	5			yes					14	-1	-1	-1	-1	
14	13	6d3d31c81eec2d53	4			yes					-1	-1	-1	-1	
15	11	16ec4f19734b99be	4			yes					-1	-1	-1	-1	
16	1	0609864154fdb942	4			yes					-1	-1	17	18	
17	16	3faee87798719eb8	5			yes					-1	-1	-1	-1	-1	
18	16	b23eeebc0f97beb5	3			yes					19	-1	20	
19	18	c7a76e5a2a58635c	4			yes					-1	-1	-1	-1	
20	18	0f0cb93387c3ebff	5			yes					-1	-1	-1	-1	-1	
21	1	8ec179221c70f625	4			yes					-1	-1	-1	22	
22	21	3af611df471af1d2	3			yes					-1	-1	-1	
23	1	4836597a0b396d5c	4			yes					-1	-1	-1	-1	
24	0	a38500b4c8ba9a34	5			yes					25	34	39	44	46	
25	24	7df48b1b2ec590fb	4			yes					26	28	29	30	
26	25	71c18311e7651c2d	5			yes					-1	-1	-1	-1	27	
27	26	7d9a6fd4e2417ad2	4			yes					-1	-1	-1	-1	
28	25	84a5c089b7c3ae3f	4			yes					-1	-1	-1	-1	
29	25	0bdc28f01dd2e8c4	4			yes					-1	-1	-1	-1	
30	25	c9c3e3e675af970c	3			yes					31	32	33	
31	30	ce49429967160eef	5			yes					-1	-1	-1	-1	-1	
32	30	7ed801e81e994c30	4			yes					-1	-1	-1	-1	
33	30	73bf70854ebef863	4			yes					-1	-1	-1	-1	
34	24	e28e1c31f598425f	4			yes					-1	35	-1	37	
35	34	5af1c094e7ad0be2	5			yes					-1	-1	-1	-1	36	
36	35	56aa2c51e2896d1d	4			yes					-1	-1	-1	-1	
37	34	757533baf541a7d8	5			yes					-1	-1	-1	-1	38	
38	37	c6a61ef77016d3e5	4			yes					-1	-1	-1	-1	
39	24	598db772cc1449dd	4			yes					-1	-1	40	41	
40	39	eaece32ace561b2b	5			yes					-1	-1	-1	-1	-1	
41	39	edbadf8f977e4e2a	3			yes					-1	42	43	
42	41	d13c5ae173a0cd93	4			yes					-1	-1	-1	-1	
43	41	da4eb26ed1e46e6c	5			yes					-1	-1	-1	-1	-1	
44	24	d1454811849906ba	4			yes					-1	-1	-1	45	
45	44	657220ecdff3014d	3			yes					-1	-1	-1	
46	24	17b2684993d09dc3	4			yes					-1	-1	-1	-1	
47	0	28f0039187aa451b	5			yes					48	58	65	67	69	
48	47	f681883e61d54fd4	4			yes					49	52	53	54	
49	48	325cccf98f7a9bf4	5			yes					-1	-1	-1	-1	51	
50	49	7bd4f36afc35ee8a	4			no					-1	-2	-1	-2	
51	49	3e07203c8a5efd0b	4			yes					-1	-1	-1	-1	
52	48	86f0ad55afce6703	4			yes					-1	-1	-1	-1	
53	48	a638e02f80438515	4			yes					-1	-1	-1	-1	
54	48	42b6e0c33abf4823	3			yes					55	56	57	
55	54	8dd40d710f098936	5			yes					-1	-1	-1	-1	-1	
56	54	ee87c1ae702c6fbe	4			yes					-1	-1	-1	-1	
57	54	de5bb85ad32f95b2	4			yes					-1	-1	-1	-1	
58	47	da06904e6da5c044	4			yes					-1	59	61	62	
59	58	b6c98c39f5cc2735	5			yes					-1	-1	-1	-1	60	
60	59	ba9260fcf0e841ca	4			yes					-1	-1	-1	-1	
61	58	43208247b4d5fb7c	4			yes					-1	-1	-1	-1	
62	58	6e31f8b336cfc7b3	3			yes					-1	63	64	
63	62	09414db175bf35f7	5			yes					-1	-1	-1	-1	-1	
64	62	3b43da32e7b9ebdb	4			yes					-1	-1	-1	-1	
65	47	ea7038281b3914e9	4			yes					-1	-1	-1	66	
66	65	0c44f35319bc9574	5			yes					-1	-1	-1	-1	-1	
67	47	5a304b34cb89d995	4			yes					-1	-1	-1	68	
68	67	ee0723c990e3de62	3			yes					-1	-1	-1	
69	47	9cc76b6cdcc042ec	4			yes					-1	-1	-1	-1	
70	0	2a6ef5221f3c1ba0	5			yes					71	80	85	87	88	
71	70	f41f7e8df943116f	4			yes					72	75	-1	76	
72	71	85dacb823fec1f0d	5			yes					-1	-1	73	-1	74	
73	72	c1d661f930ed9f34	4			yes					-1	-1	-1	-1	
74	72	898127473ac879f2	4			yes					-1	-1	-1	-1	
75	71	3087f60572d9d9ee	4			yes					-1	-1	-1	-1	
76	71	40281670a2291698	3			yes					77	79	-1	
77	76	3a520a0abf9f0dcf	5			yes					-1	-1	78	-1	-1	
78	77	7e5ea071b09e8df6	4			yes					-1	-1	-1	-1	
79	76	ed7e64450a2d77a9	4			yes					-1	-1	-1	-1	
80	70	d89866fdf5339eff	4			yes					-1	81	-1	83	
81	80	1854e566df4cbd43	5			yes					82	-1	-1	-1	-1	
82	81	4e144599a881a8b9	4			yes					-1	-1	-1	-1	
83	80	6caf0e00ae599908	3			yes					-1	84	-1	
84	83	c5ad7726a7b81304	5			yes					-1	-1	-1	-1	-1	
85	70	3c9b37a973769ad4	4			yes					-1	-1	-1	86	
86	85	88ac5f54281c9d23	3			yes					-1	-1	-1	
87	70	de8ad4f2da185fd5	5			yes					-1	-1	-1	-1	-1	
88	70	9e599ddf44561c57	4			yes					-1	-1	-1	89	
89	88	dc4d08d88f821bd2	5			yes					-1	-1	-1	-1	-1	
90	0	1410adf56b518647	6			yes					91	102	110	115	117	119	
91	90	ca61265a8d2e8c88	5			yes					92	94	96	-1	98	
92	91	1a2c33883338b3d2	5			yes					-1	-1	-1	-1	93	
93	92	2b16d86eb99dab17	4			yes					-1	-1	-1	-1	
94	91	655e106319f79017	4			yes					-1	-1	-1	95	
95	94	5464fb85935288d2	3			yes					-1	-1	-1	
96	91	21926097c76eb18c	5			yes					-1	-1	-1	-1	97	
97	96	10a88b714dcba949	4			yes					-1	-1	-1	-1	
98	91	7e564ea7d6448b7f	4			yes					99	100	101	-1	
99	98	dfbbe374bc9f2adb	5			yes					-1	-1	-1	-1	-1	
100	98	a0c9c09f9650091e	4			yes					-1	-1	-1	-1	
101	98	e405b06b48c92885	5			yes					-1	-1	-1	-1	-1	
102	90	e6e63e2a815e0318	5			yes					-1	103	105	-1	107	
103	102	df4f57a417f3addc	5			yes					-1	-1	-1	-1	104	
104	103	ee75bc429d56b519	4			yes					-1	-1	-1	-1	
105	102	5fd554de202e93c7	5			yes					-1	-1	-1	-1	106	
106	105	6eefbf38aa8b8b02	4			yes					-1	-1	-1	-1	
107	102	52d156d7da3404ef	4			yes					-1	108	109	-1	
108	107	1ad88758985434d5	5			yes					-1	-1	-1	-1	-1	
109	107	9a428422af890ace	5			yes					-1	-1	-1	-1	-1	
110	90	02e56f7e071b0733	5			yes					-1	-1	111	-1	113	
111	110	eb8e45725c5d7bf9	6			yes					-1	-1	-1	-1	-1	112	
112	111	dab4ae94d6f8633c	5			yes					-1	-1	-1	-1	-1	
113	110	b6d207835c7100c4	4			yes					-1	-1	114	-1	
114	113	2e19958ed3fae2f0	6			yes					-1	-1	-1	-1	-1	-1	
115	90	ee181a336fff55ae	5			yes					-1	-1	-1	-1	116	
116	115	5a2f72ce34955259	4			yes					-1	-1	-1	-1	
117	90	744d05c03ffedafa	5			yes					-1	-1	-1	-1	118	
118	117	c07a6d3d6494dd0d	4			yes					-1	-1	-1	-1	
119	90	a027c508303b81b0	5			yes					-1	-1	-1	-1	-1	
120	0	c71df5003d9adbde	5			yes					121	131	141	151	160	
121	120	6f9f9025d5469067	5			yes					122	125	128	130	-1	
122	121	b994f4b7fab83328	4			yes					123	124	-1	-1	
123	122	e70a78c91f1737f3	4			yes					-1	-1	-1	-1	
124	122	d99c2508b84f9ee9	4			yes					-1	-1	-1	-1	
125	121	796a52aeb90c1113	4			yes					-1	126	127	-1	
126	125	d44762a7bcb69e1f	5			yes					-1	-1	-1	-1	-1	
127	125	db90f8abdb143949	4			yes					-1	-1	-1	-1	
128	121	959727e3d1e8438e	4			yes					-1	-1	129	-1	
129	128	54b163d2e3b156d4	5			yes					-1	-1	-1	-1	-1	
130	121	1d5fd88099650ce9	4			yes					-1	-1	-1	-1	
131	120	301ba1164daf60f8	5			yes					132	136	138	140	-1	
132	131	ee6a2ab9abd06a37	4			yes					133	134	135	-1	
133	132	5b7786b23c38f6e8	5			yes					-1	-1	-1	-1	-1	
134	132	60e34aba8c8eb185	4			yes					-1	-1	-1	-1	
135	132	b562929199f94e1f	4			yes					-1	-1	-1	-1	
136	131	7110bd93708db893	4			yes					-1	137	-1	-1	
137	136	7047c5373cf0e127	5			yes					-1	-1	-1	-1	-1	
138	131	ca1316d04901b311	4			yes					-1	-1	139	-1	
139	138	81f3688fb596d347	5			yes					-1	-1	-1	-1	-1	
140	131	42dbe9b3018cfc76	4			yes					-1	-1	-1	-1	
141	120	bb6ea23302bfbfd7	5			yes					142	146	149	150	-1	
142	141	651f299ce4c0b518	4			yes					143	144	145	-1	
143	142	18eac95a54277131	5			yes					-1	-1	-1	-1	-1	
144	142	95f9fa73054915c1	4			yes					-1	-1	-1	-1	
145	142	18865a4e046823ce	4			yes					-1	-1	-1	-1	
146	141	499831ece8b03a88	4			yes					-1	147	148	-1	
147	146	9c7f899a2e91cdf0	5			yes					-1	-1	-1	-1	-1	
148	146	fd9e382630fe5da7	4			yes					-1	-1	-1	-1	
149	141	79ee998a9e2cee25	4			yes					-1	-1	-1	-1	
150	141	c9aeea964e9c2359	4			yes					-1	-1	-1	-1	
151	120	b9f054809a29e16c	5			yes					152	156	158	159	-1	
152	151	6781df2f7c56eba3	4			yes					153	155	-1	-1	
153	152	af6cce21e4b1f5c8	5			yes					-1	-1	-1	-1	-1	
154	153	eb60645aebb075f1	4			no					-1	-1	-1	-2	
155	152	501364f309c05836	4			yes					-1	-1	-1	-1	
156	151	4b06c75f70266433	4			yes					-1	157	-1	-1	
157	156	78c07790a4553c9b	5			yes					-1	-1	-1	-1	-1	
158	151	af05960bf6636018	4			yes					-1	-1	-1	-1	
159	151	87cd74961126b3a2	5			yes					-1	-1	-1	-1	-1	
160	120	878e0c57ee447c8b	6			yes					161	165	168	170	171	-1	
161	160	59ff87f8083b7644	5			yes					162	163	164	-1	-1	
162	161	bed1fc78ee7d1eb7	5			yes					-1	-1	-1	-1	-1	
163	161	c1a3df93c4b23d72	4			yes					-1	-1	-1	-1	
164	161	856faf671a2b1ce9	5			yes					-1	-1	-1	-1	-1	
165	160	75789f88044bf9d4	5			yes					-1	166	167	-1	-1	
166	165	7bb29854cab600b9	5			yes					-1	-1	-1	-1	-1	
167	165	fb289b2efd6b3ea2	5			yes					-1	-1	-1	-1	-1	
168	160	917bcedc820efdff	5			yes					-1	-1	169	-1	-1	
169	168	4f738a828118d69c	6			yes					-1	-1	-1	-1	-1	-1	
170	160	7d86bb91eaeaaf62	5			yes					-1	-1	-1	-1	-1	
171	160	e7d3a462baeb2036	5			yes					-1	-1	-1	-1	-1	
