Number of nodes
153
ID	PID	Hash_Value			File_Number	Fully_Enumerated	Children
0	-1	fcef2cce019a70f0	6			no					1	86	-2	-2	-2	-2	
1	0	84d7d962ae4b06d0	5			yes					2	27	43	58	65	
2	1	4ec044561ac5c1d0	5			yes					3	7	17	23	26	
3	2	4dc161ce28b30591	4			yes					4	5	-1	6	
4	3	cb50b7f98cae07bd	4			yes					-1	-1	-1	-1	
5	3	83b1a44472038174	4			yes					-1	-1	-1	-1	
6	3	cefc0567ae40a8b2	3			yes					-1	-1	-1	
7	2	e484e8927602fd15	4			yes					-1	8	12	14	
8	7	6149483e07de9b24	5			yes					9	10	-1	-1	11	
9	8	1142e8ffd8af1879	4			yes					-1	-1	-1	-1	
10	8	1e8197f3b5f7e4a0	4			yes					-1	-1	-1	-1	
11	8	f5c077564214f8a1	4			yes					-1	-1	-1	-1	
12	7	f6ca435dd76b897e	5			yes					-1	-1	-1	-1	13	
13	12	62437c3592a1eafb	4			yes					-1	-1	-1	-1	
14	7	177424b9966c8f11	5			yes					15	16	-1	-1	-1	
15	14	677f8478491d0c4c	4			yes					-1	-1	-1	-1	
16	14	68bcfb742445f095	4			yes					-1	-1	-1	-1	
17	2	8944e82496add799	4			yes					-1	-1	18	19	
18	17	a509b8443361e7f2	5			yes					-1	-1	-1	-1	-1	
19	17	291978c8f01de8e5	5			yes					20	21	22	-1	-1	
20	19	5912d8092f6c6bb8	4			yes					-1	-1	-1	-1	
21	19	56d1a70542349761	4			yes					-1	-1	-1	-1	
22	19	2cd60282dc4ded41	4			yes					-1	-1	-1	-1	
23	2	edfc4187542a43ee	4			yes					-1	-1	-1	24	
24	23	0e4e504488437954	6			yes					-1	-1	-1	-1	-1	25	
25	24	babcf188c08e1d50	5			yes					-1	-1	-1	-1	-1	
26	2	cdfd20ff9c366cf3	4			yes					-1	-1	-1	-1	
27	1	e39df8bcf4fe9d43	4			yes					28	31	35	40	
28	27	4657371cea0bc52c	5			yes					-1	-1	29	-1	30	
29	28	ebed77a5c7a151f1	4			yes					-1	-1	-1	-1	
30	28	d2de0874afc1a6a9	4			yes					-1	-1	-1	-1	
31	27	62e15660e324ddb9	5			yes					32	33	-1	-1	34	
32	31	12eaf6a13c555ee4	4			yes					-1	-1	-1	-1	
33	31	5ec52d9556958b32	4			yes					-1	-1	-1	-1	
34	31	f6686908a6eebe3c	4			yes					-1	-1	-1	-1	
35	27	40a1fd6dba111f7d	3			yes					36	37	38	
36	35	2b9d6c43dd4a8fc3	4			yes					-1	-1	-1	-1	
37	35	32e9866bc6b229c0	4			yes					-1	-1	-1	-1	
38	35	897c2332723479ec	6			yes					-1	-1	-1	-1	-1	39	
39	38	3d8e82fe3af91de8	5			yes					-1	-1	-1	-1	-1	
40	27	60a09c15720d3060	3			yes					41	42	-1	
41	40	648cd400ddc33130	5			yes					-1	-1	-1	-1	-1	
42	40	403ab57cd4ec29a5	5			yes					-1	-1	-1	-1	-1	
43	1	362c6123eaabc559	4			yes					44	48	54	56	
44	43	4254a2f52290124e	5			yes					-1	-1	46	-1	47	
45	44	3c094e8b1d900e24	4			no					-1	-1	-1	-2	
46	44	c0d36a574d3d92bd	4			yes					-1	-1	-1	-1	
47	44	d6dd9d9d675a71cb	4			yes					-1	-1	-1	-1	
48	43	9c68cde7866cf99c	3			yes					49	50	51	
49	48	2797d57302309f5d	4			yes					-1	-1	-1	-1	
50	48	4cf2c6fe6d3d6c24	4			yes					-1	-1	-1	-1	
51	48	ca8b30d10bac91a8	5			yes					52	53	-1	-1	-1	
52	51	ba809010d4dd12f5	4			yes					-1	-1	-1	-1	
53	51	f6af4b24be1dc723	4			yes					-1	-1	-1	-1	
54	43	ee4be9a90c27b0a5	3			yes					-1	-1	55	
55	54	e8bed9f8cf79fa7f	5			yes					-1	-1	-1	-1	-1	
56	43	b511058a6c58687a	3			yes					57	-1	-1	
57	56	608f41e91558e652	5			yes					-1	-1	-1	-1	-1	
58	1	5799c7a5b1c079e5	4			yes					59	60	63	64	
59	58	90abe66157d358a6	3			yes					-1	-1	-1	
60	58	fddd6b61dd074520	3			yes					-1	62	-1	
61	60	85054ad0208d8e4f	5			no					-1	-1	-2	-2	-2	
62	60	7891ab738b0a0cae	5			yes					-1	-1	-1	-1	-1	
63	58	901d6bd73da86fac	3			yes					-1	-1	-1	
64	58	aaf2217206bc0bcf	3			yes					-1	-1	-1	
65	1	9f0a8f6d096b554a	5			yes					66	70	79	84	85	
66	65	5838aea9ef787409	4			yes					67	68	-1	-1	
67	66	7572dfe7b1993f99	4			yes					-1	-1	-1	-1	
68	66	0d338ae40fbe5c2b	5			yes					-1	-1	-1	-1	69	
69	68	1486885382826342	4			yes					-1	-1	-1	-1	
70	65	354e23a965ac698f	4			yes					-1	71	75	76	
71	70	851ff94228d45b31	5			yes					72	73	-1	-1	74	
72	71	f5145983f7a5d86c	4			yes					-1	-1	-1	-1	
73	71	b93b82b79d650dba	4			yes					-1	-1	-1	-1	
74	71	b62cd36e458cd1ae	4			yes					-1	-1	-1	-1	
75	70	129cf221f861496b	5			yes					-1	-1	-1	-1	-1	
76	70	a38a88672494b534	3			yes					-1	77	78	
77	76	007e0f1a378e4637	5			yes					-1	-1	-1	-1	-1	
78	76	97fd0479e73b546d	5			yes					-1	-1	-1	-1	-1	
79	65	588e231f85034303	4			yes					-1	-1	80	82	
80	79	1360ac14d3b34445	6			yes					-1	-1	-1	-1	-1	81	
81	80	0ad5aea35e8f7b2c	5			yes					-1	-1	-1	-1	-1	
82	79	ce4a88d1c43b9fb8	3			yes					-1	-1	83	
83	82	04f8fde418ceaca4	5			yes					-1	-1	-1	-1	-1	
84	65	3c368abc4784d774	4			yes					-1	-1	-1	-1	
85	65	09ce24a3485389f1	4			yes					-1	-1	-1	-1	
86	0	e2b37d23f97e7a34	5			no					-1	87	110	124	132	
87	86	be128338be761354	5			yes					88	97	100	106	109	
88	87	4d10f91c22434ea7	4			yes					89	90	94	95	
89	88	75a29ff6502e9b43	4			yes					-1	-1	-1	-1	
90	88	647d3b0023da39a0	5			yes					-1	91	92	-1	93	
91	90	4b5f291e40dbbe8d	4			yes					-1	-1	-1	-1	
92	90	f86db3b4b836ae73	4			yes					-1	-1	-1	-1	
93	90	f0f4046866105a25	4			yes					-1	-1	-1	-1	
94	88	84943a31f69b713f	4			yes					-1	-1	-1	-1	
95	88	eb9544b16b10c478	5			yes					-1	96	-1	-1	-1	
96	95	c4b756af08114355	4			yes					-1	-1	-1	-1	
97	87	1487b72ed84164a7	4			yes					-1	98	-1	99	
98	97	e10848d2c3ee10f6	4			yes					-1	-1	-1	-1	
99	97	97bad3875eb2c984	3			yes					-1	-1	-1	
100	87	79962f4a321e051d	4			yes					-1	-1	101	102	
101	100	077113c2645e6342	5			yes					-1	-1	-1	-1	-1	
102	100	8b61d34ea7226c55	5			yes					103	104	105	-1	-1	
103	102	9dcc0f47d283420f	4			yes					-1	-1	-1	-1	
104	102	f4a90c83150b13d1	4			yes					-1	-1	-1	-1	
105	102	4a707e4a769d4046	4			yes					-1	-1	-1	-1	
106	87	1d2e86e9f099916a	4			yes					-1	-1	-1	107	
107	106	ac36fbc2df7cfde4	6			yes					-1	-1	-1	-1	-1	108	
108	107	18c45a0e97b199e0	5			yes					-1	-1	-1	-1	-1	
109	87	3d2fe7913885be77	4			yes					-1	-1	-1	-1	
110	86	95e9b894a4cf971e	4			yes					111	117	120	122	
111	110	66ebc2b038facaed	3			yes					112	113	114	
112	111	471bd225ffa24e1c	4			yes					-1	-1	-1	-1	
113	111	25eb0d07d3b10820	4			yes					-1	-1	-1	-1	
114	111	3061a58353ecb52d	5			yes					-1	-1	-1	-1	116	
115	114	bcabc553402c9a73	4			no					-1	-2	-2	-2	
116	114	863379f721ee22b4	4			yes					-1	-1	-1	-1	
117	110	c20997cb9cd3b0db	5			yes					118	-1	-1	-1	119	
118	117	d4a44bc2e9729e81	4			yes					-1	-1	-1	-1	
119	117	5680a8a3d919d35e	4			yes					-1	-1	-1	-1	
120	110	4d8e301e4243e2e2	3			yes					-1	-1	121	
121	120	cdf4010862317e77	5			yes					-1	-1	-1	-1	-1	
122	110	16d4dc3d223c3a3d	3			yes					-1	123	-1	
123	122	e0d274d7ab1b44c7	5			yes					-1	-1	-1	-1	-1	
124	86	f45c1e12ffa42ba2	4			yes					125	128	129	131	
125	124	075e643663917651	3			yes					-1	126	-1	
126	125	1faea497a064fca3	5			yes					-1	-1	-1	-1	127	
127	126	8b279bffe5ae9f26	4			yes					-1	-1	-1	-1	
128	124	c9ed3081a7213990	3			yes					-1	-1	-1	
129	124	33d8b26073cc3deb	3			yes					-1	-1	-1	
130	129	3db91ada09e3211c	5			no					-1	-1	-1	-2	-2	
131	124	0937f8c548d85988	3			yes					-1	-1	-1	
132	86	3ccf56da470f070d	5			no					133	143	146	151	152	
133	132	cfcd2cfedb3a5afe	4			yes					134	135	137	139	
134	133	6eafe6a397ba507e	4			yes					-1	-1	-1	-1	
135	133	9c0e4d9cc7e0ab3f	5			yes					-1	-1	-1	-1	136	
136	135	85bb4f2b4adc9456	4			yes					-1	-1	-1	-1	
137	133	749d008f3076821e	5			yes					-1	-1	-1	-1	138	
138	137	6d280238bd4abd77	4			yes					-1	-1	-1	-1	
139	133	590987309a028645	3			yes					-1	140	142	
140	139	18f62115928a5816	5			yes					-1	-1	-1	-1	141	
141	140	ac0480d9da473c12	4			yes					-1	-1	-1	-1	
142	139	339fd2b07ec34df5	5			yes					-1	-1	-1	-1	-1	
143	132	017e78491f8a153f	4			yes					-1	144	-1	-1	
144	143	af7dc7dfd5209938	5			yes					-1	-1	-1	-1	145	
145	144	b6c8c568581ca651	4			yes					-1	-1	-1	-1	
146	132	fb4bfaa8cb671144	4			yes					-1	-1	147	149	
147	146	362a74e47efbc04d	6			yes					-1	-1	-1	-1	-1	148	
148	147	2f9f7653f3c7ff24	5			yes					-1	-1	-1	-1	-1	
149	146	6d8f51668a5fcdff	3			yes					-1	-1	150	
150	149	21b22514b58628ac	5			yes					-1	-1	-1	-1	-1	
151	132	9ff3530b09e08533	4			yes					-1	-1	-1	-1	
152	132	aa0bfd140637dbb6	4			yes					-1	-1	-1	-1	
