Number of nodes
134
ID	PID	Hash_Value			File_Number	Fully_Enumerated	Children
0	-1	afe971958835a679	6			yes					1	24	44	66	85	97	
1	0	e1e836a12f89fe2a	5			yes					2	7	14	20	23	
2	1	e2b34f472712c159	4			yes					3	4	5	6	
3	2	c97b077d947fac06	4			yes					-1	-1	-1	-1	
4	2	2fca386f1027a3d8	3			yes					-1	-1	-1	
5	2	8a37930dd294447a	3			yes					-1	-1	-1	
6	2	4b6ca94fb2969133	4			yes					-1	-1	-1	-1	
7	1	f897abaa26423c60	4			yes					-1	8	10	11	
8	7	fcab5cfebdc4f9e3	4			yes					9	-1	-1	-1	
9	8	b22e9cffab24c40e	3			yes					-1	-1	-1	
10	7	262caa51201bc125	4			yes					-1	-1	-1	-1	
11	7	e77790134019146c	5			yes					-1	-1	-1	-1	13	
12	11	89a0d2120ac73dbc	4			no					-1	-1	-1	-2	
13	11	b1a5abbdd70bfcd0	4			yes					-1	-1	-1	-1	
14	1	4b25dc75154652df	4			yes					-1	-1	15	16	
15	14	b3677efdc178aade	4			yes					-1	-1	-1	-1	
16	14	822426188d707175	5			yes					17	-1	-1	-1	19	
17	16	cca1e6199b904c98	4			yes					-1	-1	-1	-1	
18	16	ecf36419c7ae58a5	4			no					-1	-1	-1	-2	
19	16	d4f61db61a6299c9	4			yes					-1	-1	-1	-1	
20	1	aef8c4a70a448f28	4			yes					-1	-1	-1	21	
21	20	b0e90e393b9f51cc	3			yes					-1	-1	-1	
22	21	5c6086ce391bbf6d	4			no					-1	-2	-1	-1	
23	1	fff9fc3f1e5220ce	4			yes					-1	-1	-1	-1	
24	0	5b42e0203912fa16	5			yes					25	32	35	39	43	
25	24	81770a4b2c88bc74	4			yes					26	27	29	30	
26	25	d1ec668c6b33af3a	4			yes					-1	-1	-1	-1	
27	25	0b81a35fc04e95a8	4			yes					-1	-1	-1	28	
28	27	53893d1a95ee8eb1	3			yes					-1	-1	-1	
29	25	04ace0841005165e	4			yes					-1	-1	-1	-1	
30	25	c5f7dac67007c317	5			yes					-1	-1	-1	-1	31	
31	30	9325e168e7152bab	4			yes					-1	-1	-1	-1	
32	24	21f938273b434571	4			yes					-1	33	-1	34	
33	32	0a23926aaf338527	4			yes					-1	-1	-1	-1	
34	32	fe439011e92788ef	4			yes					-1	-1	-1	-1	
35	24	f18f0af403dd56e3	4			yes					-1	-1	36	37	
36	35	f6a99e44f32eb9c3	4			yes					-1	-1	-1	-1	
37	35	c7eac6a1bf266268	5			yes					-1	-1	-1	-1	38	
38	37	9138fd0f28348ad4	4			yes					-1	-1	-1	-1	
39	24	145212261cdf8b14	4			yes					-1	-1	-1	40	
40	39	0a43d8b82d0455f0	3			yes					41	-1	42	
41	40	7ee0cc1b09056816	4			yes					-1	-1	-1	-1	
42	40	3c531a61443bcf43	5			yes					-1	-1	-1	-1	-1	
43	24	45532abe08c924f2	4			yes					-1	-1	-1	-1	
44	0	baa649e5ed2bdc5c	5			yes					45	54	61	63	65	
45	44	6093a38ef8b19a3e	4			yes					46	48	49	50	
46	45	f5a9de3ab76385af	4			yes					-1	-1	-1	47	
47	46	ada1407fe2c39eb6	3			yes					-1	-1	-1	
48	45	b63d5ef96917b5fa	3			yes					-1	-1	-1	
49	45	73961de45d1fd044	4			yes					-1	-1	-1	-1	
50	45	b2cd27a63d1d050d	5			yes					-1	51	52	-1	53	
51	50	06ea01076516e8e0	4			yes					-1	-1	-1	-1	
52	50	38c6d26e6f0eddf1	4			yes					-1	-1	-1	-1	
53	50	e41f1c08aa0fedb1	4			yes					-1	-1	-1	-1	
54	44	d8e27e6a32a9cccb	4			yes					-1	55	56	57	
55	54	1fee858d5fa44128	4			yes					-1	-1	-1	-1	
56	54	222a170c25b14e20	4			yes					-1	-1	-1	-1	
57	54	e3712d4e45b39b69	5			yes					58	-1	59	-1	60	
58	57	54560a263cdd73e2	4			yes					-1	-1	-1	-1	
59	57	697ad88617a04395	4			yes					-1	-1	-1	-1	
60	57	b5a316e0d2a173d5	4			yes					-1	-1	-1	-1	
61	44	e970e57cde0ef913	4			yes					-1	-1	-1	62	
62	61	b1e9bf8eed257285	4			yes					-1	-1	-1	-1	
63	44	f5b6bbe3c8e6ad5e	4			yes					-1	-1	-1	64	
64	63	eba7717df93d73ba	3			yes					-1	-1	-1	
65	44	a4b7837bdcf002b8	4			yes					-1	-1	-1	-1	
66	0	97d1e7bb2d00c68e	5			yes					67	74	80	83	84	
67	66	4de40dd0389a80ec	4			yes					68	70	-1	72	
68	67	6ef2daac8b4f2c3c	4			yes					-1	-1	-1	69	
69	68	36fa44e9deef3725	3			yes					-1	-1	-1	
70	67	d9a21dd3306a2a8e	4			yes					-1	-1	-1	71	
71	70	81aa839665ca3197	3			yes					-1	-1	-1	
72	67	2588ccc755f3cade	5			yes					-1	-1	-1	-1	73	
73	72	735af769c2e12262	4			yes					-1	-1	-1	-1	
74	66	f595d034f282d619	4			yes					-1	75	-1	77	
75	74	872ae4321399e5d6	4			yes					-1	-1	-1	76	
76	75	df227a774639fecf	3			yes					-1	-1	-1	
77	74	0dc4741a59b36c17	5			yes					-1	-1	-1	-1	79	
78	77	bae3537220dd849c	4			no					-1	-2	-2	-2	
79	77	5b164fb4cea184ab	4			yes					-1	-1	-1	-1	
80	66	8eae7ab024cb04c4	4			yes					-1	-1	-1	81	
81	80	644c5d5649854054	5			yes					-1	-1	-1	-1	82	
82	81	329e66f8de97a8e8	4			yes					-1	-1	-1	-1	
83	66	bf1f8a71f2084a5b	4			yes					-1	-1	-1	-1	
84	66	89c02d251cdb186a	4			yes					-1	-1	-1	-1	
85	0	bd9e8c6dda1203e7	5			yes					86	90	93	95	96	
86	85	67ab6606cf884585	4			yes					87	88	89	-1	
87	86	3a2fe7114319f5fc	4			yes					-1	-1	-1	-1	
88	86	dca2dc4a65453cba	4			yes					-1	-1	-1	-1	
89	86	c76b23e6db453fdf	4			yes					-1	-1	-1	-1	
90	85	dfdabbe205901370	4			yes					-1	91	92	-1	
91	90	d469a1255e1b1624	4			yes					-1	-1	-1	-1	
92	90	ef279b3bd7059916	4			yes					-1	-1	-1	-1	
93	85	a4e11166d3d9c1ad	4			yes					-1	-1	94	-1	
94	93	14e19caf6ca7701c	4			yes					-1	-1	-1	-1	
95	85	175366b9e0ddaf12	4			yes					-1	-1	-1	-1	
96	85	0bc3aa3bf91c384a	4			yes					-1	-1	-1	-1	
97	0	2592eea66a96b55e	5			yes					98	106	114	122	129	
98	97	4dc84fae5a7707c4	5			yes					99	100	103	105	-1	
99	98	637ad6b303e752ba	4			yes					-1	-1	-1	-1	
100	98	54b7d2a553bcc58e	4			yes					-1	101	102	-1	
101	100	5a44041121d4ffc1	4			yes					-1	-1	-1	-1	
102	100	6791c07747b0486f	4			yes					-1	-1	-1	-1	
103	98	e705a57a60b8ab31	4			yes					-1	-1	104	-1	
104	103	b34f5590b64a3fd6	5			yes					-1	-1	-1	-1	-1	
105	98	02d8bda87fba76c6	4			yes					-1	-1	-1	-1	
106	97	f762992f4cec03f8	5			yes					107	110	111	113	-1	
107	106	2d5773445976459a	4			yes					-1	108	109	-1	
108	107	2d4d7948b38da584	4			yes					-1	-1	-1	-1	
109	107	45118aa277ae9f14	4			yes					-1	-1	-1	-1	
110	106	d655efed58564b66	4			yes					-1	-1	-1	-1	
111	106	5daf73fb7623af0d	4			yes					-1	-1	112	-1	
112	111	f681b529841c2ccb	5			yes					-1	-1	-1	-1	-1	
113	106	b8726b29692172fa	4			yes					-1	-1	-1	-1	
114	97	168630ea98d525b2	5			yes					115	118	120	121	-1	
115	114	ccb3da818d4f63d0	4			yes					116	-1	117	-1	
116	115	d365042dc4a0b583	4			yes					-1	-1	-1	-1	
117	115	322b77c23ab4590e	4			yes					-1	-1	-1	-1	
118	114	74c2076547573525	4			yes					-1	-1	119	-1	
119	118	63977d2a421ac76a	4			yes					-1	-1	-1	-1	
120	114	a3e6e3784e5a2aa7	4			yes					-1	-1	-1	-1	
121	114	5996c2ecbd1854b0	4			yes					-1	-1	-1	-1	
122	97	3bf19eb458fe3f60	5			yes					123	126	128	-1	-1	
123	122	e1c474df4d647902	4			yes					124	125	-1	-1	
124	123	483e00bbf88c1c10	4			yes					-1	-1	-1	-1	
125	123	ff6ec7c443a91aa2	4			yes					-1	-1	-1	-1	
126	122	59b5a93b877c2ff7	4			yes					-1	127	-1	-1	
127	126	a1e63e25605ad5fa	4			yes					-1	-1	-1	-1	
128	122	228e03bf5135fd2a	4			yes					-1	-1	-1	-1	
129	97	4ad3100c487fb7f6	5			yes					130	131	132	133	-1	
130	129	90e6fa675de5f194	4			yes					-1	-1	-1	-1	
131	129	2897278397fda761	4			yes					-1	-1	-1	-1	
132	129	53ac8d0741b475bc	4			yes					-1	-1	-1	-1	
133	129	e01efad872b01b03	4			yes					-1	-1	-1	-1	
