Number of nodes
493
ID	PID	Hash_Value			File_Number	Fully_Enumerated	Children
0	-1	cf1f3dc8a75291ef	6			yes					1	143	253	342	416	492	
1	0	eca7a2c51174d973	5			yes					2	57	81	98	112	
2	1	2974ce3c844446d7	5			yes					3	17	29	45	56	
3	2	cabf615212e72e97	4			yes					4	5	7	10	
4	3	b0fee38157a3d29a	4			yes					-1	-1	-1	-1	
5	3	a29ea95c6061f1af	4			yes					-1	6	-1	-1	
6	5	9d5d4e89416e3365	3			yes					-1	-1	-1	
7	3	76afb6e93a4fa2f5	4			yes					-1	8	9	-1	
8	7	496c513c1b40603f	3			yes					-1	-1	-1	
9	7	f23946c6d6505894	3			yes					-1	-1	-1	
10	3	129ddfe81ae31008	3			yes					11	12	15	
11	10	3a2ff47585ec2b63	4			yes					-1	-1	-1	-1	
12	10	2a46638353348a5a	5			yes					-1	13	-1	-1	14	
13	12	15858456723b4890	4			yes					-1	-1	-1	-1	
14	12	c447268771c06a10	4			yes					-1	-1	-1	-1	
15	10	83c75b489e273c8b	5			yes					-1	-1	-1	-1	16	
16	15	6dc61e4cbcd3dcc1	4			yes					-1	-1	-1	-1	
17	2	0a9ea9343d2521ba	4			yes					-1	18	23	26	
18	17	e2bc1a605aeff217	5			yes					19	21	22	-1	-1	
19	18	288542f57e280907	4			yes					20	-1	-1	-1	
20	19	4b39a409ea93d678	3			yes					-1	-1	-1	
21	18	8100fc9cce542d68	4			yes					-1	-1	-1	-1	
22	18	b86a06d4d7ea938c	4			yes					-1	-1	-1	-1	
23	17	cfc48e591ec29c30	5			yes					24	25	-1	-1	-1	
24	23	05fdd6cc3a056720	4			yes					-1	-1	-1	-1	
25	23	ac7868a58a79434f	4			yes					-1	-1	-1	-1	
26	17	52492121cab30eea	5			yes					27	28	-1	-1	-1	
27	26	987079b4ee74f5fa	4			yes					-1	-1	-1	-1	
28	26	31f5c7dd5e08d195	4			yes					-1	-1	-1	-1	
29	2	7332557ad768a242	4			yes					-1	-1	30	35	
30	29	f9c2c18d34a03430	5			yes					31	32	33	-1	34	
31	30	33fb99181067cf20	4			yes					-1	-1	-1	-1	
32	30	f8d1c94112fcb83e	4			yes					-1	-1	-1	-1	
33	30	c601265815aff6fa	4			yes					-1	-1	-1	-1	
34	30	e7a316ef537e457b	4			yes					-1	-1	-1	-1	
35	29	5a66628c3ffc5a85	6			yes					36	38	40	-1	42	44	
36	35	905f3a191b3ba195	5			yes					-1	-1	-1	-1	37	
37	36	7e5e7f1d39cf41df	4			yes					-1	-1	-1	-1	
38	35	5b756a4019a0d68b	5			yes					-1	-1	-1	-1	39	
39	38	b5742f443b5436c1	4			yes					-1	-1	-1	-1	
40	35	65a585591ef3984f	5			yes					-1	-1	-1	-1	41	
41	40	8ba4c05d3c077805	4			yes					-1	-1	-1	-1	
42	35	6f3e85f958ab9afa	5			yes					-1	-1	-1	-1	43	
43	42	813fc0fd7a5f7ab0	4			yes					-1	-1	-1	-1	
44	35	b46727881d08bacf	5			yes					-1	-1	-1	-1	-1	
45	2	4245ed9a74ead527	4			yes					-1	-1	-1	46	
46	45	f3e75a47f2efec54	6			yes					47	49	51	53	-1	55	
47	46	39de02d2d6281744	5			yes					-1	-1	-1	-1	48	
48	47	d7df47d6f4dcf70e	4			yes					-1	-1	-1	-1	
49	46	f2f4528bd4b3605a	5			yes					-1	-1	-1	-1	50	
50	49	1cf5178ff6478010	4			yes					-1	-1	-1	-1	
51	46	cc24bd92d3e02e9e	5			yes					-1	-1	-1	-1	52	
52	51	2225f896f114ced4	4			yes					-1	-1	-1	-1	
53	46	7771aa681ef01635	5			yes					-1	-1	-1	-1	54	
54	53	9970ef6c3c04f67f	4			yes					-1	-1	-1	-1	
55	46	1de61f43d01b0c1e	5			yes					-1	-1	-1	-1	-1	
56	2	f15670868c407848	4			yes					-1	-1	-1	-1	
57	1	0eba21167ee47359	4			yes					58	64	69	80	
58	57	997c198fbfa5d315	3			yes					59	60	61	
59	58	cde7cad975b0fe2a	4			yes					-1	-1	-1	-1	
60	58	d0283f60977624b0	4			yes					-1	-1	-1	-1	
61	58	16520f2a5202925a	5			yes					-1	-1	62	-1	63	
62	61	92c4ff05be1d683b	4			yes					-1	-1	-1	-1	
63	61	11f5648625e6de3c	4			yes					-1	-1	-1	-1	
64	57	24d5a58539eb0d23	3			yes					-1	65	66	
65	64	6a46803d60388b84	4			yes					-1	-1	-1	-1	
66	64	74928bd8f4a85b36	5			yes					67	68	-1	-1	-1	
67	66	beabd34dd06fa026	4			yes					-1	-1	-1	-1	
68	66	37199cbb46371062	4			yes					-1	-1	-1	-1	
69	57	658b02b08e4ae0a9	3			yes					-1	-1	70	
70	69	212b1cd36a959562	6			yes					71	73	75	77	-1	79	
71	70	eb1244464e526e72	5			yes					-1	-1	-1	-1	72	
72	71	051301426ca68e38	4			yes					-1	-1	-1	-1	
73	70	62a00bb0d80ade36	5			yes					-1	-1	-1	-1	74	
74	73	8ca14eb4fafe3e7c	4			yes					-1	-1	-1	-1	
75	70	8ebca23d4723e9c4	5			yes					-1	-1	-1	-1	76	
76	75	60bde73965d7098e	4			yes					-1	-1	-1	-1	
77	70	a5bdecfc868a6f03	5			yes					-1	-1	-1	-1	78	
78	77	4bbca9f8a47e8f49	4			yes					-1	-1	-1	-1	
79	70	cf2a59d748617528	5			yes					-1	-1	-1	-1	-1	
80	57	d6989fac76e04dc6	3			yes					-1	-1	-1	
81	1	00e5a6b2b9023ea3	4			yes					82	87	95	97	
82	81	97239e2b78439eef	3			yes					83	-1	84	
83	82	b485cac203705b13	4			yes					-1	-1	-1	-1	
84	82	3e25a408c97058a8	5			yes					-1	-1	85	-1	86	
85	84	2c741128a482bf72	4			yes					-1	-1	-1	-1	
86	84	3982cfa4be9414ce	4			yes					-1	-1	-1	-1	
87	81	73842ce5f1175c23	3			yes					-1	88	89	
88	87	da68a907652a0ae2	4			yes					-1	-1	-1	-1	
89	87	2f73dfb9ed57953b	5			yes					90	91	92	93	94	
90	89	e54a872cc9906e2b	4			yes					-1	-1	-1	-1	
91	89	6cf8c8da5fc8de6f	4			yes					-1	-1	-1	-1	
92	89	07351cb3c56c68c8	4			yes					-1	-1	-1	-1	
93	89	289f50fab84ccda6	4			yes					-1	-1	-1	-1	
94	89	a61803bfeb78152a	4			yes					-1	-1	-1	-1	
95	81	3c850c748150fc53	3			yes					-1	-1	96	
96	95	057d547f53145797	5			yes					-1	-1	-1	-1	-1	
97	81	d8c71808b106003c	3			yes					-1	-1	-1	
98	1	81bce068fa1ad889	4			yes					99	102	109	111	
99	98	167ad8f13b5b78c5	3			yes					100	101	-1	
100	99	5f975f0e1759ffb9	5			yes					-1	-1	-1	-1	-1	
101	99	66510864b9829b52	5			yes					-1	-1	-1	-1	-1	
102	98	f2dd6a3fb20fba09	3			yes					-1	103	108	
103	102	457044a9e7346fd9	5			yes					104	105	-1	106	107	
104	103	8f491c3cc3f394c9	4			yes					-1	-1	-1	-1	
105	103	06fb53ca55ab248d	4			yes					-1	-1	-1	-1	
106	103	fca732b213a9fd09	4			yes					-1	-1	-1	-1	
107	103	0f3ad392414a9180	4			yes					-1	-1	-1	-1	
108	102	f1842f60bb43644a	5			yes					-1	-1	-1	-1	-1	
109	98	dbfa7b2ea9363c1c	3			yes					-1	-1	110	
110	109	f2ced1d1eaa7e0fa	5			yes					-1	-1	-1	-1	-1	
111	98	bee12988da782659	3			yes					-1	-1	-1	
112	1	2b7eef54017e4577	5			yes					113	123	135	141	142	
113	112	bcb8d7cdc03fe53b	4			yes					114	116	118	120	
114	113	df691f5822614ee2	5			yes					-1	-1	-1	-1	115	
115	114	ae9cb835fd92b73c	4			yes					-1	-1	-1	-1	
116	113	631bc7b1fcff0e70	5			yes					-1	-1	-1	-1	117	
117	116	12ee60dc230cf7ae	4			yes					-1	-1	-1	-1	
118	113	b203708d21662e59	5			yes					-1	-1	-1	-1	119	
119	118	c3f6d7e0fe95d787	4			yes					-1	-1	-1	-1	
120	113	421632b7eb9715e5	3			yes					121	122	-1	
121	120	5139240f854fde49	4			yes					-1	-1	-1	-1	
122	120	32710427e492db56	5			yes					-1	-1	-1	-1	-1	
123	112	581f6503496b27f7	4			yes					-1	124	128	131	
124	123	ec88df1667ac7a50	5			yes					125	126	-1	127	-1	
125	124	26b18783436b8140	4			yes					-1	-1	-1	-1	
126	124	af03c875d5333104	4			yes					-1	-1	-1	-1	
127	124	9c1de5df9eaecb22	4			yes					-1	-1	-1	-1	
128	123	1661ae5c2a39b494	5			yes					129	130	-1	-1	-1	
129	128	dc58f6c90efe4f84	4			yes					-1	-1	-1	-1	
130	128	55eab93f98a6ffc0	4			yes					-1	-1	-1	-1	
131	123	a6b1807962c3d729	3			yes					-1	132	-1	
132	131	b06a3f83255e8d72	5			yes					133	134	-1	-1	-1	
133	132	7a53671601997662	4			yes					-1	-1	-1	-1	
134	132	f3e128e097c1c626	4			yes					-1	-1	-1	-1	
135	112	713874125252a1e2	4			yes					-1	-1	136	140	
136	135	152b50ed7bdd3024	5			yes					137	138	139	-1	-1	
137	136	df1208785f1acb34	4			yes					-1	-1	-1	-1	
138	136	56a0478ec9427b70	4			yes					-1	-1	-1	-1	
139	136	2ae8b7385ad2f2ee	4			yes					-1	-1	-1	-1	
140	135	8f96916879fa513c	3			yes					-1	-1	-1	
141	112	404fccf2f1d0d687	4			yes					-1	-1	-1	-1	
142	112	d5d00a2e2ad6b5a9	4			yes					-1	-1	-1	-1	
143	0	a574b5849160bd25	5			yes					-1	144	197	214	226	
144	143	5f6b45fbfa00a1cb	5			yes					145	162	169	185	196	
145	144	c6f236e939270602	4			yes					146	147	153	157	
146	145	9da2b6e964da8731	4			yes					-1	-1	-1	-1	
147	145	e96923bda03d1d84	5			yes					148	149	150	151	152	
148	147	5d6f36348e4192b3	4			yes					-1	-1	-1	-1	
149	147	39ed3582bc3b7bf3	4			yes					-1	-1	-1	-1	
150	147	756dbb0b55ec5ea3	4			yes					-1	-1	-1	-1	
151	147	99fc1974593facf6	4			yes					-1	-1	-1	-1	
152	147	8813a1c93ea91b15	4			yes					-1	-1	-1	-1	
153	145	8447142f6eba61ca	5			yes					-1	154	155	-1	156	
154	153	54c3021072bc07bd	4			yes					-1	-1	-1	-1	
155	153	9dbf8c42bd9f6903	4			yes					-1	-1	-1	-1	
156	153	4092ee82dbe0ad4e	4			yes					-1	-1	-1	-1	
157	145	1a94be458d1bd797	5			yes					158	159	160	-1	161	
158	157	ae92abcca36758a0	4			yes					-1	-1	-1	-1	
159	157	ca10a87a911db1e0	4			yes					-1	-1	-1	-1	
160	157	036c26285e3edf5e	4			yes					-1	-1	-1	-1	
161	157	101d8e3783ab9e30	4			yes					-1	-1	-1	-1	
162	144	70cc754868a1ee33	4			yes					-1	163	165	166	
163	162	5db7ccf1522457f2	5			yes					-1	-1	-1	-1	164	
164	163	23b03e0cf113a642	4			yes					-1	-1	-1	-1	
165	162	f4e800914e4bd17f	4			yes					-1	-1	-1	-1	
166	162	a8eecbf260a5d0ac	3			yes					167	168	-1	
167	166	1af71ca820ad83fe	4			yes					-1	-1	-1	-1	
168	166	d82f1215ee2043ef	5			yes					-1	-1	-1	-1	-1	
169	144	052ddebda92c455e	4			yes					-1	-1	170	175	
170	169	a48d306a014dda65	5			yes					171	172	173	-1	174	
171	170	a3afc0231cde714c	4			yes					-1	-1	-1	-1	
172	170	a59e38a62711566b	4			yes					-1	-1	-1	-1	
173	170	0b1a8e842cfba6c3	4			yes					-1	-1	-1	-1	
174	170	baece7086693ab2e	4			yes					-1	-1	-1	-1	
175	169	0729936b0a11b4d0	6			yes					176	178	180	-1	182	184	
176	175	000b632217821ff9	5			yes					-1	-1	-1	-1	177	
177	176	ee0a26263576ffb3	4			yes					-1	-1	-1	-1	
178	175	063a9ba72c4d38de	5			yes					-1	-1	-1	-1	179	
179	178	e83bdea30eb9d894	4			yes					-1	-1	-1	-1	
180	175	a8be2d8527a7c876	5			yes					-1	-1	-1	-1	181	
181	180	46bf68810553283c	4			yes					-1	-1	-1	-1	
182	175	3271741e6d4674af	5			yes					-1	-1	-1	-1	183	
183	182	dc70311a4fb294e5	4			yes					-1	-1	-1	-1	
184	175	e928d66f28e5549a	5			yes					-1	-1	-1	-1	-1	
185	144	345a665d0aae323b	4			yes					-1	-1	-1	186	
186	185	aea8aba0c7020201	6			yes					187	189	191	193	-1	195	
187	186	a98a5be9da91a928	5			yes					-1	-1	-1	-1	188	
188	187	478b1eedf8654962	4			yes					-1	-1	-1	-1	
189	186	afbba36ce15e8e0f	5			yes					-1	-1	-1	-1	190	
190	189	41bae668c3aa6e45	4			yes					-1	-1	-1	-1	
191	186	013f154eeab47ea7	5			yes					-1	-1	-1	-1	192	
192	191	ef3e504ac8409eed	4			yes					-1	-1	-1	-1	
193	186	2a3e5b8f2b1df860	5			yes					-1	-1	-1	-1	194	
194	193	c43f1e8b09e9182a	4			yes					-1	-1	-1	-1	
195	186	40a9eea4e5f6e24b	5			yes					-1	-1	-1	-1	-1	
196	144	8749fb41f2049f54	4			yes					-1	-1	-1	-1	
197	143	e3cfda3dcb415fda	4			yes					198	207	211	213	
198	197	7a56a92f0866f813	3			yes					199	200	201	
199	198	0e76cf83decf3fba	4			yes					-1	-1	-1	-1	
200	198	d6763800aac7dbd8	4			yes					-1	-1	-1	-1	
201	198	518542ea7b16b667	5			yes					202	203	204	205	206	
202	201	e5835763556a3950	4			yes					-1	-1	-1	-1	
203	201	592835cfa1ec3f4f	4			yes					-1	-1	-1	-1	
204	201	322c31e9a7b2de93	4			yes					-1	-1	-1	-1	
205	201	5669cda92e0deefa	4			yes					-1	-1	-1	-1	
206	201	d8ee9eec7d393676	4			yes					-1	-1	-1	-1	
207	197	7ddb676ef3715ba6	3			yes					-1	-1	208	
208	207	cd886272abc1e29c	5			yes					209	-1	-1	-1	210	
209	208	caaa923bb65249b5	4			yes					-1	-1	-1	-1	
210	208	ca2f09dedc25aefa	4			yes					-1	-1	-1	-1	
211	197	dfaf70fbf3139d2a	3			yes					-1	-1	212	
212	211	8afee30cfe83c0f4	5			yes					-1	-1	-1	-1	-1	
213	197	3bed6487c3456145	3			yes					-1	-1	-1	
214	143	62969ce78859b9f0	4			yes					215	221	223	225	
215	214	fb0feff54b7e1e39	3			yes					216	217	220	
216	215	0a0bd50d99b921b0	5			yes					-1	-1	-1	-1	-1	
217	215	4c8b7fd57e261386	5			yes					-1	-1	-1	218	219	
218	217	afb227a709f6ef59	4			yes					-1	-1	-1	-1	
219	217	328c8d28dd11e236	4			yes					-1	-1	-1	-1	
220	215	22b5c56fd2a92253	5			yes					-1	-1	-1	-1	-1	
221	214	fc8221b4b069bd8c	3			yes					-1	222	-1	
222	221	15fdc77a932b80f6	5			yes					-1	-1	-1	-1	-1	
223	214	38d007a1db755d65	3			yes					-1	-1	224	
224	223	7d4d66a247307799	5			yes					-1	-1	-1	-1	-1	
225	214	5dcb5507a83b4720	3			yes					-1	-1	-1	
226	143	c85493db733d240e	5			yes					227	240	245	251	252	
227	226	51cde0c9b01a83c7	4			yes					228	230	234	236	
228	227	ffad6ae95fe6db5f	5			yes					-1	-1	-1	-1	229	
229	228	8e58cd8480152281	4			yes					-1	-1	-1	-1	
230	227	acb002b976081249	5			yes					-1	231	-1	232	233	
231	230	a41d759cacf29b61	4			yes					-1	-1	-1	-1	
232	230	06991930edbdab57	4			yes					-1	-1	-1	-1	
233	230	c6d5743e3c5eac9d	4			yes					-1	-1	-1	-1	
234	227	7fb292691aee28c3	5			yes					-1	-1	-1	-1	235	
235	234	0e473504c51dd11d	4			yes					-1	-1	-1	-1	
236	227	af6305b39bb27319	3			yes					-1	237	238	
237	236	c1721f924bbae0fb	5			yes					-1	-1	-1	-1	-1	
238	236	c923b984f9c307c4	5			yes					-1	-1	-1	-1	239	
239	238	2722fc80db37e78e	4			yes					-1	-1	-1	-1	
240	226	56402e884b0d2072	4			yes					-1	241	243	-1	
241	240	c2e4fe749165279d	5			yes					-1	-1	-1	-1	242	
242	241	b31159194e96de43	4			yes					-1	-1	-1	-1	
243	240	2873a151e2c40cdf	5			yes					-1	-1	-1	-1	244	
244	243	5986063c3d37f501	4			yes					-1	-1	-1	-1	
245	226	9212089d2011c09b	4			yes					-1	-1	246	250	
246	245	9aa8e79ed64aa747	5			yes					247	248	249	-1	-1	
247	246	9d8a17d7cbd90c6e	4			yes					-1	-1	-1	-1	
248	246	9bbbef52f0162b49	4			yes					-1	-1	-1	-1	
249	246	a56b004bf745658d	4			yes					-1	-1	-1	-1	
250	245	6cbcede70bb93045	3			yes					-1	-1	-1	
251	226	a365b07d8393b7fe	4			yes					-1	-1	-1	-1	
252	226	36fa76a15895d4d0	4			yes					-1	-1	-1	-1	
253	0	a11dd889c96fdb4a	5			yes					-1	-1	254	302	316	
254	253	8e899a1c01a67677	5			yes					255	272	285	290	301	
255	254	1710e90ec281d1be	4			yes					256	261	262	267	
256	255	d1da14b4a2c7f4d5	5			yes					-1	257	258	259	260	
257	256	bb3d12082ad82046	4			yes					-1	-1	-1	-1	
258	256	c38ba194cf35130f	4			yes					-1	-1	-1	-1	
259	256	66f7bf17895b33c6	4			yes					-1	-1	-1	-1	
260	256	afdde64901f00565	4			yes					-1	-1	-1	-1	
261	255	c2ac69434febe98f	4			yes					-1	-1	-1	-1	
262	255	e0204de873023f22	5			yes					-1	263	264	265	266	
263	262	2986779512c14b9b	4			yes					-1	-1	-1	-1	
264	262	1697c211d38703fa	4			yes					-1	-1	-1	-1	
265	262	89c38ef8612999f4	4			yes					-1	-1	-1	-1	
266	262	fe419a8a14dc4e69	4			yes					-1	-1	-1	-1	
267	255	19250adf55c33033	5			yes					-1	268	269	270	271	
268	267	d08330a23400448a	4			yes					-1	-1	-1	-1	
269	267	ef928526f5460ceb	4			yes					-1	-1	-1	-1	
270	267	1ec9859c00d868ae	4			yes					-1	-1	-1	-1	
271	267	904ed6d953ecb022	4			yes					-1	-1	-1	-1	
272	254	00d25e0a56875428	4			yes					-1	273	274	279	
273	272	dbccda79c6ce0cbe	4			yes					-1	-1	-1	-1	
274	272	8e2469353939cd78	5			yes					275	-1	276	277	278	
275	274	8906997c24aa6651	4			yes					-1	-1	-1	-1	
276	274	7893e6cc99bcf1a0	4			yes					-1	-1	-1	-1	
277	274	e7c7aa252b126bae	4			yes					-1	-1	-1	-1	
278	274	9045be575ee7bc33	4			yes					-1	-1	-1	-1	
279	272	77212e021ff8c269	5			yes					280	281	282	283	284	
280	279	7003de4b026b6940	4			yes					-1	-1	-1	-1	
281	279	7f122cf5ee224f7d	4			yes					-1	-1	-1	-1	
282	279	8196a1fbbf7dfeb1	4			yes					-1	-1	-1	-1	
283	279	70cda1414ae39af4	4			yes					-1	-1	-1	-1	
284	279	fe4af20419d74278	4			yes					-1	-1	-1	-1	
285	254	a4d12a186cac28f9	4			yes					-1	-1	286	287	
286	285	a75d28e1596cdbbd	4			yes					-1	-1	-1	-1	
287	285	7cf394a264a81666	3			yes					288	289	-1	
288	287	ac0b57c5a755b5b5	5			yes					-1	-1	-1	-1	-1	
289	287	b56be4ff2e705084	5			yes					-1	-1	-1	-1	-1	
290	254	e5b8b9baf108e587	4			yes					-1	-1	-1	291	
291	290	7af7f100d22cd8e0	6			yes					292	294	296	298	-1	300	
292	291	7dd50149cfbf73c9	5			yes					-1	-1	-1	-1	293	
293	292	93d4444ded4b9383	4			yes					-1	-1	-1	-1	
294	291	397ce66360b393b4	5			yes					-1	-1	-1	-1	295	
295	294	d77da367424773fe	4			yes					-1	-1	-1	-1	
296	291	d5604feeff9aa446	5			yes					-1	-1	-1	-1	297	
297	296	3b610aeadd6e440c	4			yes					-1	-1	-1	-1	
298	291	68a64420bfde3f3a	5			yes					-1	-1	-1	-1	299	
299	298	86a701249d2adf70	4			yes					-1	-1	-1	-1	
300	291	94f6b404f0d838aa	5			yes					-1	-1	-1	-1	-1	
301	254	56ab24a609a248e8	4			yes					-1	-1	-1	-1	
302	253	02f0fa77f36b053c	4			yes					303	311	314	315	
303	302	9b698965304ca2f5	3			yes					304	309	310	
304	303	e9195aec331b3a96	5			yes					-1	305	306	307	308	
305	304	83fe5c50bb04ee05	4			yes					-1	-1	-1	-1	
306	304	6d8faac3df04c0f7	4			yes					-1	-1	-1	-1	
307	304	c47d9fde0dff2194	4			yes					-1	-1	-1	-1	
308	304	a353cdd79565c4cf	4			yes					-1	-1	-1	-1	
309	303	723d5ef0d60ce803	5			yes					-1	-1	-1	-1	-1	
310	303	f6df8aa3933314cc	5			yes					-1	-1	-1	-1	-1	
311	302	8cab3e61a44a2763	3			yes					-1	312	313	
312	311	6b5dedca5f290d32	5			yes					-1	-1	-1	-1	-1	
313	311	98dbae7ed908e696	5			yes					-1	-1	-1	-1	-1	
314	302	289f7ee4b4647b46	3			yes					-1	-1	-1	
315	302	3dad3397d309fbec	3			yes					-1	-1	-1	
316	253	a832f54b080f98c2	5			yes					317	330	337	340	341	
317	316	31ab8659cb283f0b	4			yes					318	323	325	328	
318	317	537fd5c1ca4ba60a	5			yes					-1	319	320	321	322	
319	318	3998d37d42547299	4			yes					-1	-1	-1	-1	
320	318	d7e925ee26545c6b	4			yes					-1	-1	-1	-1	
321	318	e4527e62e1d76119	4			yes					-1	-1	-1	-1	
322	318	391aa346801d18de	4			yes					-1	-1	-1	-1	
323	317	f25e8c4481b46f2f	5			yes					-1	-1	-1	-1	324	
324	323	83ab2b295e4796f1	4			yes					-1	-1	-1	-1	
325	317	9e23174bc84cd8ea	5			yes					-1	326	-1	-1	327	
326	325	57852d36a98fac53	4			yes					-1	-1	-1	-1	
327	325	45053b574fe89069	4			yes					-1	-1	-1	-1	
328	317	cf056323e080cfd5	3			yes					329	-1	-1	
329	328	3ebdc8eaf7f954b8	5			yes					-1	-1	-1	-1	-1	
330	316	2669315d5f2eba9d	4			yes					-1	331	333	336	
331	330	eb3e3f7e08918a1e	5			yes					-1	-1	-1	-1	332	
332	331	9acb9813d76273c0	4			yes					-1	-1	-1	-1	
333	330	f027339682772ab0	5			yes					334	-1	-1	-1	335	
334	333	f705c3df9fe48199	4			yes					-1	-1	-1	-1	
335	333	2b011f8a05d36233	4			yes					-1	-1	-1	-1	
336	330	d8c7d42774864a43	3			yes					-1	-1	-1	
337	316	825d71d84f00e6b8	4			yes					-1	-1	338	-1	
338	337	4a2db77d0420cb46	5			yes					-1	-1	-1	-1	339	
339	338	3bd81010dbd33298	4			yes					-1	-1	-1	-1	
340	316	c303d6edf8a10b32	4			yes					-1	-1	-1	-1	
341	316	569c103123a7681c	4			yes					-1	-1	-1	-1	
342	0	254e72695e42b372	5			yes					-1	-1	-1	343	383	
343	342	b2c35e039690a43f	5			yes					344	360	372	380	382	
344	343	2b5a2d1155b703f6	4			yes					345	350	354	355	
345	344	7c40456d4227e2e3	5			yes					-1	346	347	348	349	
346	345	1539195f3ae9f3be	4			yes					-1	-1	-1	-1	
347	345	6e11f04d2fd50539	4			yes					-1	-1	-1	-1	
348	345	5124805f7cc3f9e1	4			yes					-1	-1	-1	-1	
349	345	360ad256e4591cba	4			yes					-1	-1	-1	-1	
350	344	92311d3c21147680	5			yes					-1	-1	351	352	353	
351	350	aae0392627dc45b0	4			yes					-1	-1	-1	-1	
352	350	bf55d80e1ff06d82	4			yes					-1	-1	-1	-1	
353	350	d87b8a07876a88d9	4			yes					-1	-1	-1	-1	
354	344	220bcb95b656c5c8	4			yes					-1	-1	-1	-1	
355	344	a5a8495361150a37	6			yes					-1	-1	356	357	358	359	
356	355	0499d1b4b4615fd7	5			yes					-1	-1	-1	-1	-1	
357	355	a6811563d3e191f0	5			yes					-1	-1	-1	-1	-1	
358	355	bc0190ba090319ee	5			yes					-1	-1	-1	-1	-1	
359	355	2dbeb008b4aa41e1	5			yes					-1	-1	-1	-1	-1	
360	343	3c989a15c1b18660	4			yes					-1	361	366	367	
361	360	8b51ae06a83193b1	5			yes					362	-1	363	364	365	
362	361	8c735e4fb5a23898	4			yes					-1	-1	-1	-1	
363	361	b3808a1caef9a081	4			yes					-1	-1	-1	-1	
364	361	a6356b3496d588b3	4			yes					-1	-1	-1	-1	
365	361	c11b393d0e4f6de8	4			yes					-1	-1	-1	-1	
366	360	bb22d3897956528f	5			yes					-1	-1	-1	-1	-1	
367	360	a32dda22f79fa832	6			yes					368	-1	-1	369	370	371	
368	367	a40f2a6bea0c031b	5			yes					-1	-1	-1	-1	-1	
369	367	a0048612456b33f5	5			yes					-1	-1	-1	-1	-1	
370	367	ba8403cb9f89bbeb	5			yes					-1	-1	-1	-1	-1	
371	367	2b3b23792220e3e4	5			yes					-1	-1	-1	-1	-1	
372	343	c1a2d454de85c6bf	4			yes					-1	-1	373	374	
373	372	eb44204fde9d6049	5			yes					-1	-1	-1	-1	-1	
374	372	fe7958a2886ade46	6			yes					375	376	-1	377	378	379	
375	374	f95ba8eb95f9756f	5			yes					-1	-1	-1	-1	-1	
376	374	bdf24fc13af59512	5			yes					-1	-1	-1	-1	-1	
377	374	fd5004923a9e4581	5			yes					-1	-1	-1	-1	-1	
378	374	e7d0814be07ccd9f	5			yes					-1	-1	-1	-1	-1	
379	374	766fa1f95dd59590	5			yes					-1	-1	-1	-1	-1	
380	343	845d81e6c30546f8	4			yes					-1	-1	-1	381	
381	380	64a33d53dc13e716	3			yes					-1	-1	-1	
382	343	523de2b6898605d1	4			yes					-1	-1	-1	-1	
383	342	a66d72efcfe9d538	5			yes					384	400	410	414	415	
384	383	3ff401fd0cce72f1	4			yes					385	390	395	397	
385	384	c626ca40bb777e7f	5			yes					-1	386	387	388	389	
386	385	af5f9672c3b96f22	4			yes					-1	-1	-1	-1	
387	385	d4777f60d68599a5	4			yes					-1	-1	-1	-1	
388	385	710b61e390ebb96c	4			yes					-1	-1	-1	-1	
389	385	ac43bcc7f121c0ab	4			yes					-1	-1	-1	-1	
390	384	28579211d844ea1c	5			yes					-1	391	392	393	394	
391	390	4d2a1520a0b3ea29	4			yes					-1	-1	-1	-1	
392	390	1086b60bde8cd92c	4			yes					-1	-1	-1	-1	
393	390	9f7a39b2f3d82d0f	4			yes					-1	-1	-1	-1	
394	390	4232e496921254c8	4			yes					-1	-1	-1	-1	
395	384	13eaea1ee20064b7	5			yes					-1	-1	-1	-1	396	
396	395	621f4d733df39d69	4			yes					-1	-1	-1	-1	
397	384	c15ae4872766822f	3			yes					398	399	-1	
398	397	abe4d76b86c58ccd	5			yes					-1	-1	-1	-1	-1	
399	397	45958f3ae5f618ae	5			yes					-1	-1	-1	-1	-1	
400	383	2836b6f998c8f767	4			yes					-1	401	406	408	
401	400	3137212b51610f2d	5			yes					402	-1	403	404	405	
402	401	3615d1624cf2a404	4			yes					-1	-1	-1	-1	
403	401	09e6053157a93c1d	4			yes					-1	-1	-1	-1	
404	401	861a8a887afdc83e	4			yes					-1	-1	-1	-1	
405	401	5b5257ac1b37b1f9	4			yes					-1	-1	-1	-1	
406	400	ec350f6c5edd1360	5			yes					-1	-1	-1	-1	407	
407	406	9dc0a801812eeabe	4			yes					-1	-1	-1	-1	
408	400	d6985383b36007b9	3			yes					-1	409	-1	
409	408	5cf53c006cd3fd9f	5			yes					-1	-1	-1	-1	-1	
410	383	d50cf8b887fcb7b8	4			yes					-1	-1	411	413	
411	410	bc53fcaaf91621a6	5			yes					-1	-1	-1	-1	412	
412	411	cda65bc726e5d878	4			yes					-1	-1	-1	-1	
413	410	2ba21dc2ac544766	3			yes					-1	-1	-1	
414	383	9a0dd829f7bb17c8	4			yes					-1	-1	-1	-1	
415	383	58c39795e44125e6	4			yes					-1	-1	-1	-1	
416	0	df0e73aca016847e	5			yes					-1	-1	-1	-1	417	
417	416	cd80bda117390c6e	4			yes					418	439	457	476	
418	417	d3b655f7250d94e2	5			yes					419	424	434	437	438	
419	418	44706d6ee44c34ae	4			yes					420	421	-1	422	
420	419	4bf5db74fe38b0dd	5			yes					-1	-1	-1	-1	-1	
421	419	72338c1e50e3d436	5			yes					-1	-1	-1	-1	-1	
422	419	cd0ab75a1f7432ee	6			yes					-1	-1	-1	-1	-1	423	
423	422	1488555f09a936df	5			yes					-1	-1	-1	-1	-1	
424	418	a0d7dfa06d18f662	4			yes					-1	425	-1	430	
425	424	5f4bc59abd118be5	6			yes					426	427	-1	-1	428	429	
426	425	95729d0f99d670f5	5			yes					-1	-1	-1	-1	-1	
427	425	1cc0d2f90f8ec0b1	5			yes					-1	-1	-1	-1	-1	
428	425	7ecf74ff9eb9685e	5			yes					-1	-1	-1	-1	-1	
429	425	2ebe62f762e2723b	5			yes					-1	-1	-1	-1	-1	
430	424	a8293091ccaef4ba	3			yes					431	432	-1	
431	430	9c1e63935ab70045	5			yes					-1	-1	-1	-1	-1	
432	430	f73c80f2743f760a	6			yes					-1	-1	-1	-1	433	-1	
433	432	d6b83197579795b1	5			yes					-1	-1	-1	-1	-1	
434	418	89f0ceb176217077	4			yes					-1	-1	-1	435	
435	434	810e2180d79772af	3			yes					436	-1	-1	
436	435	a5d834f9f46c64ae	5			yes					-1	-1	-1	-1	-1	
437	418	b61fc6b97bce2481	4			yes					-1	-1	-1	-1	
438	418	db48bac684bb963a	4			yes					-1	-1	-1	-1	
439	417	309c2978574ef59b	5			yes					440	447	451	454	456	
440	439	a9055a6a94695252	4			yes					441	442	-1	444	
441	440	1e69517770d86ed4	5			yes					-1	-1	-1	-1	-1	
442	440	58e9fbaf97475ce2	5			yes					-1	-1	-1	443	-1	
443	442	bbd0a3dde097a03d	4			yes					-1	-1	-1	-1	
444	440	a1fbb55b35df508a	3			yes					445	446	-1	
445	444	c982e990d457de4c	5			yes					-1	-1	-1	-1	-1	
446	444	8f02434833c8ec7a	5			yes					-1	-1	-1	-1	-1	
447	439	ae88942b6f7ef1e7	4			yes					-1	448	-1	449	
448	447	019f43007a4acf92	5			yes					-1	-1	-1	-1	-1	
449	447	577a6686dcd61068	6			yes					-1	-1	-1	-1	-1	450	
450	449	8ef88483ca0b1459	5			yes					-1	-1	-1	-1	-1	
451	439	6adab23e0462110e	4			yes					-1	-1	-1	452	
452	451	62245d0fa5d413d6	3			yes					-1	453	-1	
453	452	d674fbe7dec57f0a	5			yes					-1	-1	-1	-1	-1	
454	439	5535ba36098d45f8	4			yes					-1	-1	-1	-1	
455	454	175001ba52ffe829	5			no					-1	-2	-2	-1	-2	
456	439	3862c649f6f8f743	4			yes					-1	-1	-1	-1	
457	417	50fa4fe82c7c4957	5			yes					458	467	471	474	475	
458	457	c9633cfaef5bee9e	4			yes					459	463	-1	464	
459	458	f322dbdf693edeaa	6			yes					-1	-1	460	-1	461	462	
460	459	77b42bf0852124cb	5			yes					-1	-1	-1	-1	-1	
461	459	d2a66aba4a963d11	5			yes					-1	-1	-1	-1	-1	
462	459	82d77cb2b6cd2774	5			yes					-1	-1	-1	-1	-1	
463	458	665fda8a3f6da767	5			yes					-1	-1	-1	-1	-1	
464	458	c19dd3cb4eedec46	3			yes					465	466	-1	
465	464	5b559eb7a0102345	6			yes					-1	-1	-1	-1	-1	-1	
466	464	b1b4626d9be217ff	5			yes					-1	-1	-1	-1	-1	
467	457	dea18bfe7b5d6b08	4			yes					-1	468	-1	469	
468	467	7f3f69b0b6484256	5			yes					-1	-1	-1	-1	-1	
469	467	d65f64cfdaeb69d0	3			yes					-1	470	-1	
470	469	a8d4d15712c7f2ce	5			yes					-1	-1	-1	-1	-1	
471	457	7a95cb7b6b73372d	4			yes					-1	-1	-1	472	
472	471	b8061ca50c68c203	6			yes					-1	-1	-1	-1	-1	473	
473	472	6184fea01ab5c632	5			yes					-1	-1	-1	-1	-1	
474	457	3553dca672bff934	4			yes					-1	-1	-1	-1	
475	457	5804a0d98dca4b8f	4			yes					-1	-1	-1	-1	
476	417	1c7c3cb6a025479b	5			yes					477	485	490	491	-1	
477	476	85e54fa46302e052	4			yes					478	482	-1	-1	
478	477	667bc45e180206df	6			yes					-1	-1	479	-1	480	481	
479	478	742a717e75f0e105	5			yes					-1	-1	-1	-1	-1	
480	478	47ff753b3baae564	5			yes					-1	-1	-1	-1	-1	
481	478	178e6333c7f1ff01	5			yes					-1	-1	-1	-1	-1	
482	477	880a9c0f7b3192bc	6			yes					-1	-1	-1	-1	483	484	
483	482	a98e2d6a58997107	5			yes					-1	-1	-1	-1	-1	
484	482	f9ff3b62a4c26b62	5			yes					-1	-1	-1	-1	-1	
485	476	9227f8a0f70465c4	4			yes					-1	486	-1	-1	
486	485	916a2f35f214778d	6			yes					487	-1	-1	-1	488	489	
487	486	9648df7cef87dca4	5			yes					-1	-1	-1	-1	-1	
488	486	b0ee9e50d1bc9436	5			yes					-1	-1	-1	-1	-1	
489	486	e09f88582de78e53	5			yes					-1	-1	-1	-1	-1	
490	476	6f1db6e1e830251b	4			yes					-1	-1	-1	-1	
491	476	2ae2e353f5b0a55c	4			yes					-1	-1	-1	-1	
492	0	dd91f3c5107d19ff	5			yes					-1	-1	-1	-1	-1	
