Number of nodes
824
ID	PID	Hash_Value			File_Number	Fully_Enumerated	Children
0	-1	9e27cd652a63f86c	7			no					1	-2	-2	-2	-2	-2	-2	
1	0	3c42313cae6c0ac9	6			no					810	-2	-2	-2	-2	-2	
2	1	c90eb72fcf302c3e	6			no					665	-2	-2	-2	-2	-2	
3	2	b46079f11819ac3d	5			no					756	-2	-2	-2	-2	
4	3	42451a45df6d3512	4			no					422	-2	-2	-2	
5	4	6b4ed03e8fcc06c5	5			no					6	-2	-2	-2	-2	
6	5	795f6523aef205d6	4			no					649	-2	-2	-2	
7	6	4e85b5f267e25345	3			no					24	196	499	
8	7	740028699d2a73db	7			no					9	146	-2	-2	-2	-2	-2	
9	8	75ac4e493c08ceb1	6			yes					10	71	96	-1	128	143	
10	9	b954d57f12059e95	5			yes					-1	-1	-1	-1	57	
11	7	e152bf85bea3647e	5			yes					12	19	42	43	114	
12	11	52a071231fe36c88	7			yes					-1	-1	-1	-1	-1	-1	-1	
13	12	505568822aa25ca2	6			no					-1	-2	-2	-2	-2	-2	
14	7	4d4436185748a050	6			yes					15	27	38	-1	45	48	
15	14	6f91cf20c3b376e2	5			yes					-1	-1	-1	18	22	
16	15	68f2939125d80215	4			no					-1	-1	-1	-2	
17	15	e56925fa7efb48ac	4			no					-1	-1	-2	-2	
18	15	81e06d3e07095e1f	4			yes					-1	-1	-1	-1	
19	11	6a30d2be9b1137f2	4			yes					-1	-1	-1	20	
20	19	0d77d715e545a63f	7			yes					21	-1	-1	-1	-1	-1	39	
21	20	0f82ceb4d0049615	6			yes					-1	-1	-1	-1	-1	26	
22	15	50cbd02854c00bb6	4			yes					-1	-1	-1	-1	
23	22	57a88c99b2ab7f41	3			yes					-1	-1	-1	
24	7	1528ed417ff71660	5			yes					25	62	-1	81	177	
25	24	0043189f15067e1e	4			yes					-1	-1	-1	47	
26	21	fda481d8b7d06a4d	5			yes					-1	-1	-1	-1	-1	
27	14	4a276aa9b123d4a7	5			yes					-1	28	-1	36	37	
28	27	c0df80730c6beae9	4			yes					-1	-1	-1	29	
29	28	ff859f7b9b1897bd	3			yes					-1	-1	-1	
30	3	4dbcb1c8417a1475	6			no					31	-2	-2	-2	-2	-2	
31	30	9febbeb9121d0501	5			no					627	-2	-2	-2	-2	
32	31	f13ce35844c97ada	4			no					344	-2	-2	-2	
33	32	68c8d49f8cb2ae80	7			yes					34	585	648	677	755	-1	777	
34	33	f13ca6cf116a89c6	6			yes					35	-1	443	-1	-1	539	
35	34	d21d771962b605a4	5			yes					-1	-1	-1	-1	160	
36	27	a456c8b77599fc5a	4			yes					-1	-1	-1	-1	
37	27	757d75a12650a9f3	4			yes					-1	-1	-1	-1	
38	14	c7bcdcc2ea009e1e	5			yes					-1	-1	-1	40	44	
39	20	ff51987982915a67	6			yes					-1	-1	-1	-1	-1	-1	
40	38	29cd7edc2ebab6e3	4			yes					-1	-1	-1	41	
41	40	169761d4b9c9cbb7	3			yes					-1	-1	-1	
42	11	19155dc97511ac15	5			yes					-1	-1	-1	-1	-1	
43	11	4ec650b649d92c82	4			yes					-1	-1	-1	49	
44	38	f8e6c3ca7d73e34a	4			yes					-1	-1	-1	-1	
45	14	a335940693f288ad	5			yes					-1	-1	-1	-1	46	
46	45	9c6f8b0e0481f5f9	4			yes					-1	-1	-1	-1	
47	25	3f1907978275034a	3			yes					-1	-1	-1	
48	14	721e2910c03bdd04	5			yes					-1	-1	-1	-1	-1	
49	43	dba1cacfcb488b79	8			yes					50	84	86	89	100	104	108	112	
50	49	d954d36efe09bb53	7			yes					51	58	64	74	77	78	80	
51	50	a0603a73ca51bd6a	6			yes					-1	-1	-1	-1	-1	-1	
52	4	c9fc23637b3992fd	6			no					53	-2	-2	-2	-2	-2	
53	52	1bab2c12285e8389	5			no					731	-2	-2	-2	-2	
54	53	b38de8dd4210600d	8			yes					55	325	449	624	-1	647	-1	661	
55	54	2a799a8ddfc8474b	7			yes					56	76	150	-1	-1	-1	302	
56	55	2ca42c68088c6b2c	6			yes					-1	-1	-1	-1	-1	63	
57	10	4927ab6278410e0c	4			yes					-1	-1	-1	-1	
58	50	92c86fae583af116	6			yes					-1	-1	-1	-1	-1	-1	
59	6	b8a0bc45324c936a	7			yes					60	134	153	159	567	-1	574	
60	59	9a75457da6b745d8	6			yes					61	-1	97	-1	-1	126	
61	60	9d1619cc40dc312f	5			yes					-1	-1	-1	-1	65	
62	24	ae27a6d2e27ed827	4			yes					-1	-1	-1	73	
63	56	dcd7527562c8fbb5	5			yes					-1	-1	-1	-1	-1	
64	50	925950bcfbfda2ba	6			yes					-1	-1	-1	-1	-1	66	
65	61	a24c06c4d7af4c7b	4			yes					-1	-1	-1	-1	
66	64	13fef46be3ca96b9	5			yes					-1	-1	-1	-1	-1	
67	6	d15da2f1dfc24da1	8			yes					68	607	707	754	766	791	-1	796	
68	67	d0f1c4d17ee0f0cb	7			yes					69	485	-1	563	-1	-1	587	
69	68	1c095fe750eda0ef	6			yes					-1	-1	-1	-1	-1	332	
70	69	ccfaf0b3bc524122	5			yes					-1	-1	-1	-1	222	
71	9	a55fe11dd0b72f7c	5			yes					-1	-1	-1	-1	72	
72	71	552c9f00baf3bfe5	4			yes					-1	-1	-1	-1	
73	62	917db9da750da573	3			yes					-1	-1	-1	
74	50	69e23e763d366246	6			yes					-1	-1	-1	-1	-1	75	
75	74	e8459aa125015645	5			yes					-1	-1	-1	-1	-1	
76	55	965251f25c54fcb6	6			yes					-1	-1	-1	-1	-1	120	
77	50	b1b7cc234c1287a8	6			yes					-1	-1	-1	-1	-1	-1	
78	50	2057808dfe8c8478	6			yes					-1	-1	-1	-1	-1	79	
79	78	a1f0245ae6bbb07b	5			yes					-1	-1	-1	-1	-1	
80	50	58f377b9e63e8f50	6			yes					-1	-1	-1	-1	-1	-1	
81	24	0daadb1f61962f85	4			yes					82	-1	-1	121	
82	81	f0e251b1532c5870	7			yes					83	98	101	109	111	113	-1	
83	82	7bc45fdcd82a974c	6			yes					-1	-1	-1	-1	-1	-1	
84	49	a29523d2ff108d40	7			yes					-1	-1	-1	-1	-1	-1	85	
85	84	23328705e727b943	6			yes					-1	-1	-1	-1	-1	-1	
86	49	903d760f6d7bc13c	7			yes					-1	-1	-1	-1	-1	-1	88	
87	35	e5e584c331505855	4			no					-1	-2	-2	-2	
88	86	119ad2d8754cf53f	6			yes					-1	-1	-1	-1	-1	-1	
89	49	90ac491dcebc9290	7			yes					-1	-1	-1	90	-1	-1	95	
90	89	201aa4050d834b85	6			yes					-1	-1	-1	-1	-1	-1	
91	53	da977d306ac68273	4			no					531	-2	-2	-2	
92	91	2bc22bed1c028658	7			yes					93	377	580	597	618	-1	639	
93	92	b23659bd81daa11e	6			yes					-1	118	152	-1	-1	315	
94	93	b4ebef58569e8d79	5			yes					-1	-1	-1	-1	-1	
95	89	110bedcad68ba693	6			yes					-1	-1	-1	-1	-1	-1	
96	9	a15941e3ea39787d	5			yes					-1	-1	-1	-1	124	
97	60	1932f9aa4524bbc3	5			yes					-1	-1	-1	-1	-1	
98	82	e2a105ffcf60bf38	6			yes					-1	-1	-1	-1	-1	-1	
99	98	69870b9244667004	5			no					-1	-1	-2	-1	-1	
100	49	6b1727d70877526c	7			yes					-1	-1	-1	-1	-1	102	103	
101	82	034677bc19581177	6			yes					-1	-1	-1	-1	-1	-1	
102	100	9214743408f26d47	6			yes					-1	-1	-1	-1	-1	-1	
103	100	eab083001040666f	6			yes					-1	-1	-1	-1	-1	-1	
104	49	b342d5827953b782	7			yes					-1	-1	-1	-1	-1	-1	106	
105	96	71aaeeb7068699b0	4			no					-1	-2	-2	-2	
106	104	32e5715561648381	6			yes					-1	-1	-1	-1	-1	-1	
107	97	2668e6a2d257c697	4			yes					-1	-1	-1	-1	
108	49	22a2992ccbcdb452	7			yes					-1	-1	-1	-1	-1	-1	110	
109	82	944cfbe69d4ae2c0	6			yes					-1	-1	-1	-1	-1	-1	
110	108	a3053dfbd3fa8051	6			yes					-1	-1	-1	-1	-1	-1	
111	82	385b4599b079311a	6			yes					-1	-1	-1	-1	-1	-1	
112	49	5a066e18d37fbf7a	7			yes					-1	-1	-1	-1	-1	-1	-1	
113	82	ada25cf1cc911787	6			yes					-1	-1	-1	-1	-1	-1	
114	11	b3bd2e6112e79b57	4			yes					115	-1	117	-1	
115	114	4a40308d947694b7	7			yes					-1	-1	-1	-1	-1	-1	-1	
116	115	48b5292ca137a49d	6			no					-1	-2	-2	-2	-2	-2	
117	114	501fe314bc7ff65d	8			yes					-1	-1	-1	-1	-1	-1	-1	-1	
118	93	5866b68394c13ad3	5			yes					-1	-1	-1	-1	140	
119	60	12997ae6f57a9f61	4			no					-1	-1	-2	-2	
120	76	66212fef36106c2f	5			yes					-1	-1	-1	-1	-1	
121	81	e7b60bdb6545a5ee	7			yes					122	135	144	148	151	163	166	
122	121	6c9005b6ee436ad2	6			yes					123	125	127	129	-1	-1	
123	122	d6b22daa64efc866	5			yes					-1	-1	-1	-1	-1	
124	96	512a3ffe807de8e4	4			yes					-1	-1	-1	-1	
125	122	3a5adb49843029c8	5			yes					-1	-1	-1	-1	-1	
126	60	a52f5a7531c4388c	5			yes					-1	-1	-1	-1	-1	
127	122	642e9f1f98562636	5			yes					-1	-1	-1	-1	-1	
128	9	244ccf9dc1b3784c	5			yes					-1	-1	-1	-1	130	
129	122	e76587219c06eab6	5			yes					-1	-1	-1	-1	-1	
130	128	d43fb180abf7e8d5	4			yes					-1	-1	-1	-1	
131	53	6b97ec078c4e9daa	8			yes					132	699	741	769	784	800	-1	809	
132	131	35669e7f9a9380e0	7			yes					133	537	-1	610	-1	-1	676	
133	132	ef7b2a34d465d9c3	6			yes					-1	-1	-1	-1	-1	417	
134	59	bfc3e0f4d427e79d	6			yes					-1	-1	139	-1	-1	145	
135	121	5d9423c7efe9075a	6			yes					-1	-1	-1	141	-1	-1	
136	91	375b97a30135cf9b	8			yes					137	588	636	684	706	717	-1	720	
137	136	69aae5db17e8d2d1	7			yes					138	374	450	530	-1	-1	571	
138	137	b3b75190591e8bf2	6			yes					-1	-1	276	-1	-1	-1	
139	134	3c845c2337b41986	5			yes					-1	-1	-1	-1	142	
140	118	a815c89efe85aa4a	4			yes					-1	-1	-1	-1	
141	135	d661a1509dac873e	5			yes					-1	-1	-1	-1	-1	
142	139	03de432ba0c764d2	4			yes					-1	-1	-1	-1	
143	9	85df3054564c5e28	5			yes					-1	-1	-1	-1	-1	
144	121	b17cd5240f36e6f4	6			yes					-1	-1	-1	-1	-1	-1	
145	134	8099fffc43549ac9	5			yes					-1	-1	-1	-1	-1	
146	8	b8f8b35fb32723ff	6			no					-1	147	161	-1	174	-2	
147	146	680b1c0b5f98c232	5			yes					-1	-1	-1	-1	154	
148	121	ef0891721350e90a	6			yes					-1	-1	-1	149	-1	-1	
149	148	64fd13e56115696e	5			yes					-1	-1	-1	-1	-1	
150	55	6522ec6815802804	5			yes					-1	-1	-1	-1	-1	
151	121	6c43894c1700258a	6			yes					-1	-1	-1	-1	-1	-1	
152	93	3359c82983070834	5			yes					-1	-1	-1	-1	162	
153	59	9200851ab62e05a8	5			yes					-1	-1	-1	-1	157	
154	147	9878621635dc52ab	4			yes					-1	-1	-1	-1	
155	153	901be85e7b4936b1	8			no					-1	-1	-2	-1	-1	-1	-1	-2	
156	138	21f129644b191aed	5			no					-1	-1	-1	-1	-2	
157	153	ad5a9a12215d78fc	4			yes					-1	-1	-1	-1	
158	157	7efcee29d9d8102f	8			no					-1	-1	-2	-1	-1	-1	-1	-2	
159	59	3be70092d1df6d71	6			yes					-1	-1	-1	175	-1	318	
160	35	226e090408f2953d	4			yes					-1	-1	-1	-1	
161	146	6c0dbcf565169533	5			yes					-1	-1	-1	-1	169	
162	152	c32ab634e94398ad	4			yes					-1	-1	-1	-1	
163	121	3b00bf79536552b8	6			yes					-1	-1	-1	-1	-1	-1	
164	159	b30b3f098212b7c8	4			yes					-1	-1	-1	-1	
165	164	ff5b0484c0c06e1b	7			yes					-1	-1	-1	-1	-1	-1	-1	
166	121	3833541259a91544	6			yes					167	-1	-1	-1	170	-1	
167	166	b3155a7fd2afda78	5			yes					-1	-1	-1	-1	-1	
168	164	54aa03ab0164cb38	6			no					-1	-1	-1	-1	-1	208	
169	161	9c7ec2e80f5205aa	4			yes					-1	-1	-1	-1	
170	166	b3c6d6852bec9520	5			yes					-1	-1	-1	-1	-1	
171	32	75ddce9ac9524443	3			no					178	-2	-2	
172	171	d198d273c61df2b1	7			no					173	-2	-2	-2	-2	-2	-2	
173	172	486ca0235bc5d5f7	6			no					-1	-1	-1	-1	-1	565	
174	146	4b9f355604961fd7	8			yes					-1	-1	-1	-1	-1	-1	-1	-1	
175	159	a4c3eac3a2161524	7			yes					176	188	255	273	-1	-1	317	
176	175	b4880ec9d67a66e2	6			yes					-1	-1	-1	-1	-1	-1	
177	24	2a72f249e8846b34	4			yes					-1	-1	-1	-1	
178	171	1dc82ee12ab0c1d5	7			no					179	-2	-2	-2	-2	-2	-2	
179	178	43395c993c6ddc9f	6			no					180	-2	-2	-2	-2	-2	
180	179	9924e8d2729b85bc	5			no					-1	-1	-1	-1	664	
181	164	c3398f0ab812934b	6			no					-1	-2	-2	-2	-1	-2	
182	7	1c6a3c3186e2597f	5			yes					-1	186	219	262	267	
183	7	3759a6b6e98308ed	6			yes					184	201	206	209	214	230	
184	183	158c5f8e7d78de5f	5			yes					185	-1	198	-1	200	
185	184	12ef033f9b13aaa8	4			yes					-1	-1	-1	-1	
186	182	e1c9234b2503b802	6			yes					187	-1	-1	-1	212	216	
187	186	e33c3aea10428828	5			yes					-1	-1	-1	-1	195	
188	175	a0463df837528ad6	6			yes					-1	-1	-1	-1	-1	-1	
189	185	2db51c370c60d7fc	3			yes					-1	-1	-1	
190	7	3c6ac9700f4d17a4	7			yes					191	248	253	283	293	297	310	
191	190	3dc6af50ae6faace	6			yes					192	194	-1	231	-1	246	
192	191	f13e34668062faea	5			yes					-1	-1	-1	-1	193	
193	192	014d4a7bea266a73	4			yes					-1	-1	-1	-1	
194	191	ed35000442d04b03	5			yes					-1	-1	-1	-1	203	
195	187	2931b9b486bec977	4			yes					-1	-1	-1	-1	
196	7	99367e7fc483cc20	5			yes					197	227	229	296	300	
197	196	8c5d8ba1ae72a45e	4			yes					-1	-1	-1	211	
198	184	00e02916ee1f0526	4			yes					-1	-1	-1	199	
199	198	3fba361e796c7872	3			yes					-1	-1	-1	
200	184	2ad64086ea0ba30b	4			yes					-1	-1	-1	-1	
201	183	303afa070fe87c1a	5			yes					-1	-1	-1	-1	204	
202	201	25568c9f9c8fa763	4			no					-1	-1	-1	-1	
203	194	1d467e192894db9a	4			yes					-1	-1	-1	-1	
204	201	0f60e50f989b014e	4			yes					-1	-1	205	-1	
205	204	1a0c93970bfcda37	3			yes					-1	-1	-1	
206	183	9ebe233e8e726034	5			yes					-1	-1	-1	-1	207	
207	206	a1e43c3619011d60	4			yes					-1	-1	-1	-1	
208	168	bfad00bb40639bd7	5			yes					-1	-1	-1	-1	-1	
209	183	2235d02e7ae4d394	5			yes					-1	-1	-1	-1	210	
210	209	1d6fcf26ed97aec0	4			yes					-1	-1	-1	-1	
211	197	b30794a93901d90a	3			yes					-1	-1	-1	
212	186	3732b88e3b893af2	5			yes					-1	-1	-1	-1	213	
213	212	fd3f3bd0ad757bad	4			yes					-1	-1	-1	-1	
214	183	a667499111756cb1	5			yes					215	-1	-1	-1	218	
215	214	84b2b0a9858eba03	4			yes					-1	-1	-1	-1	
216	186	2bc4a015b3fff95d	5			yes					-1	-1	-1	-1	-1	
217	191	b042e2459e13ae65	5			no					-1	-1	-2	-1	-2	
218	214	993d5699860611e5	4			yes					-1	-1	-1	224	
219	182	fe73959dde61fe4d	7			yes					220	234	236	239	-1	257	259	
220	219	fc868c3ceb20ce67	6			yes					221	225	-1	-1	-1	232	
221	220	85b26521df78c85e	5			yes					-1	-1	-1	-1	223	
222	70	3c898eaed616d1bb	4			yes					-1	-1	-1	-1	
223	221	4fbfe67f49848901	4			yes					-1	-1	-1	-1	
224	218	8c5120011561ca9c	3			yes					-1	-1	-1	
225	220	b71a30fc4d138422	5			yes					-1	-1	-1	-1	226	
226	225	7d17b3a2dbefc57d	4			yes					-1	-1	-1	-1	
227	196	4454eae64cce4c8d	6			yes					-1	-1	-1	-1	-1	228	
228	227	af53e9f60dc91c62	5			yes					-1	-1	-1	-1	-1	
229	196	e904989754344374	4			yes					-1	-1	-1	240	
230	183	0803b9be7ef075b9	5			yes					-1	-1	-1	-1	-1	
231	191	f8366f433b934fe4	5			yes					-1	233	-1	-1	245	
232	220	368b0f627ddc8f38	5			yes					-1	-1	-1	-1	-1	
233	231	28c5c017d72cae29	4			yes					-1	-1	-1	238	
234	219	87477c80ea39f874	6			yes					-1	-1	-1	-1	-1	235	
235	234	4d4affde7cc5b92b	5			yes					-1	-1	-1	-1	-1	
236	219	b5ef295d7852b408	6			yes					-1	-1	-1	-1	-1	237	
237	236	7fe2aa03eeaef557	5			yes					-1	-1	-1	-1	-1	
238	233	d8b6be0abd683eb0	3			yes					-1	-1	-1	
239	219	d25ff0c8c12876eb	6			yes					-1	-1	-1	-1	-1	243	
240	229	d65e879fc3473e20	3			yes					241	-1	-1	
241	240	1529eed1d54fdc04	7			yes					242	-1	-1	-1	-1	-1	261	
242	241	9e0fe0bc5e491338	6			yes					-1	-1	-1	-1	-1	244	
243	239	1852739657d437b4	5			yes					-1	-1	-1	-1	-1	
244	242	110e330d159cb8f5	5			yes					-1	-1	-1	-1	-1	
245	231	0845115e51d7df7d	4			yes					-1	-1	-1	-1	
246	191	cdb5d14dc42b3a57	5			yes					-1	-1	247	-1	-1	
247	246	40319c58f4573efc	4			yes					-1	-1	-1	-1	
248	190	f092524621404780	6			yes					-1	249	-1	251	-1	252	
249	248	2061fd12cdffa64d	5			yes					-1	-1	-1	-1	250	
250	249	d012830fa7bb36d4	4			yes					-1	-1	-1	-1	
251	248	34cef475159e1fc0	4			yes					-1	-1	-1	-1	
252	248	00e12c5b4b04d719	5			yes					-1	-1	-1	-1	-1	
253	190	ec996624e3f2f669	6			yes					-1	-1	-1	254	-1	277	
254	253	2969a637760e1343	5			yes					-1	-1	-1	-1	266	
255	175	e39466722017f336	6			yes					-1	-1	-1	-1	-1	-1	
256	219	978c4a7136aa848b	6			no					-1	-1	-1	-1	-1	-2	
257	219	bf83759bc654cf69	6			yes					-1	-1	-1	-1	-1	258	
258	257	758ef6c550a88e36	5			yes					-1	-1	-1	-1	-1	
259	219	347e16c3489dbf12	6			yes					-1	-1	-1	-1	260	-1	
260	259	5d81c92fa056c5d4	5			yes					-1	-1	-1	-1	-1	
261	241	9a283d609e9a77c9	6			yes					-1	-1	-1	-1	-1	-1	
262	182	0852e79cb26f45b2	4			yes					-1	-1	263	264	
263	262	c0dc05ac6f8bd009	5			yes					-1	-1	-1	-1	-1	
264	262	5abd76781e2bba9b	3			yes					-1	-1	265	
265	264	0b50b18ad6c8f18e	5			yes					-1	-1	-1	-1	-1	
266	254	d91ad82a1c4a83da	4			yes					-1	-1	-1	-1	
267	182	4e85add52aa6a656	4			yes					-1	268	271	-1	
268	267	d9e2ef79d42b0505	6			yes					269	-1	-1	-1	270	-1	
269	268	db17f6d8e16a352f	5			yes					-1	-1	-1	-1	-1	
270	268	0f1974bccaa187f5	5			yes					-1	-1	-1	-1	-1	
271	267	c65859af2f49434a	7			yes					272	274	278	291	-1	294	-1	
272	271	c4ad400e1a087360	6			yes					-1	-1	-1	-1	-1	-1	
273	175	e7f6b5419bfbef8a	6			yes					-1	-1	-1	-1	-1	-1	
274	271	bf6cb0b21b114573	6			yes					-1	-1	-1	-1	-1	-1	
275	274	bd99a9132e507559	5			no					-1	-1	-1	-1	-2	
276	138	484015ed400da61f	5			yes					-1	-1	-1	-1	-1	
277	253	1cea183989b666f0	5			yes					-1	-1	-1	-1	-1	
278	271	8dc4e56f897a090f	6			yes					-1	-1	-1	-1	-1	-1	
279	278	8f31fccebc3b3925	5			no					-1	-1	-1	-1	-2	
280	32	f1952718097b8fba	8			no					281	678	740	783	-1	822	-2	-2	
281	280	af6455601fa692f0	7			yes					282	478	-1	-1	-1	-1	642	
282	281	7579e12b5150cbd3	6			yes					-1	-1	-1	-1	-1	410	
283	190	b1ee84653f31130f	6			yes					-1	-1	-1	284	-1	292	
284	283	eff74adcd24e57c5	7			yes					285	287	-1	-1	-1	-1	290	
285	284	c40c1242dd16af98	6			yes					-1	-1	-1	-1	-1	286	
286	285	eb53321c7ffee15f	5			yes					-1	-1	-1	-1	-1	
287	284	1791cb297bf100d9	6			yes					-1	-1	-1	-1	-1	288	
288	287	38ceeb77d9194e1e	5			yes					-1	-1	-1	-1	-1	
289	55	05de7562f4d4684c	5			yes					-1	-1	-1	-1	-1	
290	284	c0a86a8270a61902	6			yes					-1	-1	-1	-1	-1	-1	
291	271	ea743cfa3000cbec	6			yes					-1	-1	-1	-1	-1	-1	
292	283	419dfa7855758396	5			yes					-1	-1	-1	-1	-1	
293	190	f99a09639ab1f28e	6			yes					-1	-1	-1	-1	-1	295	
294	271	87a8b9a9377c726e	6			yes					-1	-1	-1	-1	-1	-1	
295	293	09e9777ef0f56217	5			yes					-1	-1	-1	-1	-1	
296	196	080891583c75a87c	4			yes					-1	-1	-1	299	
297	190	a5a0a159ac547d9b	6			yes					298	303	305	-1	-1	308	
298	297	a40cc7790d76c0f1	5			yes					-1	-1	-1	-1	301	
299	296	37528e50ab06d528	3			yes					-1	-1	-1	
300	196	a66c617753f0b174	4			yes					-1	307	-1	-1	
301	298	547fb96467325068	4			yes					-1	-1	-1	-1	
302	55	da0ae490b58cd7d2	6			yes					-1	-1	-1	-1	-1	-1	
303	297	69583a6f82592dbf	5			yes					-1	-1	-1	-1	-1	
304	302	955192757fc4b89d	4			no					-1	-2	-2	-2	
305	297	75530e0d40eb9c56	5			yes					-1	-1	-1	-1	306	
306	305	852070102aaf0ccf	4			yes					-1	-1	-1	-1	
307	300	20523a47461cb7af	6			yes					-1	-1	-1	-1	-1	-1	
308	297	55d3df44c610ed02	5			yes					-1	-1	-1	-1	-1	
309	308	98872252493f004c	3			yes					-1	-1	-1	
310	190	cc19b76d6509873d	6			yes					-1	-1	-1	-1	-1	-1	
311	32	1003f6e04897e42a	8			no					312	-2	-2	-2	-2	-2	-2	-2	
312	311	1673d3c24bdccf03	7			no					313	-2	-2	-2	-2	-2	-2	
313	312	09f5a4448ec3bc74	6			no					314	-1	681	-1	-1	803	
314	313	8456ceb8e24dc469	5			yes					-1	-1	-1	-1	602	
315	93	424527a0eb9e3187	5			yes					-1	-1	-1	-1	-1	
316	315	449891453cda1de0	4			yes					-1	-1	-1	-1	
317	175	ee5104e01ba642b6	6			yes					-1	-1	-1	-1	-1	-1	
318	159	04bd1f9a46ac1025	5			yes					-1	-1	-1	421	-1	
319	318	9b2147a0317122da	7			yes					320	321	323	-1	-1	-1	-1	
320	319	8b6aa3aa451d511c	6			yes					-1	-1	-1	-1	-1	-1	
321	319	9fa4909ba435bd28	6			yes					-1	-1	-1	-1	-1	-1	
322	276	8b204caf88fb42fd	4			yes					-1	-1	-1	-1	
323	319	dc76cb11b370c4c8	6			yes					-1	-1	-1	-1	-1	-1	
324	318	7f5d63ebfba06847	7			yes					-1	-1	-1	482	-1	-1	-1	
325	54	b5505e3895544c6a	7			yes					-1	352	409	-1	-1	434	438	
326	7	c14482f2adc70f80	2			yes					365	562	
327	326	66287a1c8711bab7	5			yes					328	338	341	349	356	
328	327	73438fc2ede0d2c9	4			yes					-1	-1	-1	333	
329	7	a653000f0ba8f2f0	7			yes					330	364	380	382	394	403	408	
330	329	8486f9379f532442	6			yes					331	-1	340	355	360	363	
331	330	83e5a586793850b5	5			yes					-1	-1	-1	-1	336	
332	69	ec7a21fa3aa93076	5			yes					-1	-1	-1	-1	-1	
333	328	caddbb036ba364f8	3			yes					-1	-1	-1	
334	7	f7d50ea18b5499a3	6			yes					335	-1	442	489	508	520	
335	334	e2befb7fe1a5f1dd	5			yes					-1	337	389	414	433	
336	331	3a7b9147ff7be684	4			yes					-1	-1	-1	-1	
337	335	fb4e01bfac1af475	4			yes					-1	-1	-1	373	
338	327	dd27318f1a9874f0	4			yes					-1	-1	-1	339	
339	338	64b9054e9cdbc2c1	3			yes					-1	-1	-1	
340	330	07c145e07cc0da59	5			yes					-1	-1	-1	-1	348	
341	327	bc8f05317d48eb90	6			yes					-1	-1	-1	-1	-1	342	
342	341	6fd8b5c524ef1633	5			yes					-1	-1	-1	-1	-1	
343	340	794b3078aa37e75f	4			no					-1	-1	-2	-2	
344	32	65953197c8752575	9			no					345	-2	-2	-2	-2	-2	-2	-2	-2	
345	344	3aba2bb0b65c42ba	8			no					346	-2	-2	-2	-2	-2	-2	-2	
346	345	6330f22d0cd7fd81	7			no					347	-2	-2	-2	-2	-2	-2	
347	346	a42787e3b615045e	6			no					-1	-1	-1	-1	-1	-2	
348	340	be5f7121fa836c68	4			yes					-1	-1	-1	-1	
349	327	8b6ef0d670a6e4e0	4			yes					350	-1	-1	-1	
350	349	e60320160241090a	7			yes					351	-1	-1	-1	-1	-1	-1	
351	350	6d252e7b8947c636	6			yes					-1	-1	-1	-1	-1	-1	
352	325	097b954716c8f797	6			yes					-1	-1	-1	-1	-1	388	
353	352	908fe7178b10d0d1	5			no					-1	-2	-1	-2	-2	
354	326	6bb98521a3d43154	5			yes					-1	-1	411	445	474	
355	330	ead724b732bd6902	5			yes					-1	-1	-1	-1	359	
356	327	dfb64edd01520c86	4			yes					-1	-1	357	-1	
357	356	51c6acabb3362afe	6			yes					-1	-1	-1	-1	-1	-1	
358	355	945d512fe44a5404	4			no					-1	-1	-2	-2	
359	355	53491076b4fedf33	4			yes					-1	-1	-1	-1	
360	330	fa0c8caf49a41944	5			yes					-1	-1	-1	-1	361	
361	360	4392b86ecfe7af75	4			yes					-1	-1	-1	-1	
362	361	2dc365ee6209e235	3			no					-1	-2	-2	
363	330	3d18cdf619109273	5			yes					-1	-1	-1	-1	-1	
364	329	a1305cbeedc38607	6			yes					-1	-1	368	370	372	376	
365	326	9cac5264da89664b	6			yes					366	415	437	466	506	519	
366	365	5054c952f484366f	5			yes					367	-1	-1	-1	401	
367	366	80a76606183bd7a2	4			yes					-1	-1	-1	379	
368	364	2277e0690e50781c	5			yes					-1	-1	-1	-1	369	
369	368	9be9d4a88813ce2d	4			yes					-1	-1	-1	-1	
370	364	cf61813e402dcb47	5			yes					-1	-1	-1	-1	371	
371	370	76ffb5ffc66e7d76	4			yes					-1	-1	-1	-1	
372	364	dfba29263b34bb01	5			yes					-1	-1	-1	-1	375	
373	337	42d0357e2a594244	3			yes					-1	-1	-1	
374	137	77440a51cfc31f36	6			yes					-1	-1	-1	-1	-1	407	
375	372	66241de7bd770d30	4			yes					-1	-1	-1	-1	
376	364	18ae687f6b803036	5			yes					-1	-1	-1	-1	-1	
377	92	2d1f9d08cb46aa3f	6			yes					-1	393	451	-1	-1	536	
378	332	8cd4df93cf00749f	4			yes					-1	-1	-1	-1	
379	367	4e6822fdd9c3e088	3			yes					-1	-1	-1	
380	329	8cf339508fca6432	5			yes					-1	-1	-1	-1	381	
381	380	356d0d910989d203	4			yes					-1	-1	-1	-1	
382	329	2514bcd8e83b0ceb	6			yes					-1	-1	-1	383	387	391	
383	382	4b45615845d541ab	5			yes					-1	-1	-1	384	385	
384	383	35cf14c093227cad	4			yes					-1	-1	-1	-1	
385	383	f2db5599c396f79a	4			yes					-1	-1	-1	386	
386	385	5514b433280d4fff	7			yes					-1	-1	-1	-1	-1	-1	-1	
387	382	5b9ec9403ecc31ed	5			yes					-1	-1	-1	-1	390	
388	352	f908eb5a7c8c670e	5			yes					-1	-1	-1	-1	-1	
389	335	8cef26ff4c4bbc9d	4			yes					-1	-1	-1	406	
390	387	e200fd81b88f87dc	4			yes					-1	-1	-1	-1	
391	382	9c8a88196e78bada	5			yes					-1	-1	-1	-1	-1	
392	318	bff6173d24e335db	9			yes					-1	-1	-1	-1	-1	419	-1	-1	-1	
393	377	c74f7236de5d31f2	5			yes					-1	-1	-1	-1	418	
394	329	c802dd8fa646bfb0	6			yes					-1	-1	-1	-1	398	402	
395	91	8145d40747bbd858	8			no					396	-2	-2	-2	-2	-2	-2	-2	
396	395	8735f12544f0f371	7			no					397	-2	-2	-2	-2	-2	-2	
397	396	98b386a381ef8006	6			no					-1	-1	-2	-1	-2	-2	
398	394	b688a81770b182b6	5			yes					-1	-1	-1	-1	399	
399	398	0f169cd6f6f23487	4			yes					-1	400	-1	-1	
400	399	0875c06710994070	3			yes					-1	-1	-1	
401	366	9e9b8da9357c0145	4			yes					-1	-1	-1	-1	
402	394	719ce94e20050981	5			yes					-1	-1	-1	-1	-1	
403	329	d8d97597dd5fcff6	6			yes					-1	-1	-1	-1	-1	404	
404	403	614741565b1c79c7	5			yes					-1	-1	-1	-1	-1	
405	374	8cb34e2cd6d032db	5			no					-1	-1	-1	-1	-2	
406	389	3571123eca080aac	3			yes					-1	-1	-1	
407	374	b42453130735fbd4	5			yes					-1	-1	-1	-1	-1	
408	329	1fcd34ce8deb44c1	6			yes					-1	-1	-1	-1	-1	-1	
409	325	fa0b28dd5f1c2325	5			yes					-1	-1	-1	-1	-1	
410	282	b619b86999a62f31	5			yes					-1	-1	-1	-1	-1	
411	354	2502f97db3996551	5			yes					412	436	-1	-1	439	
412	411	27f7e0dc86d8557b	4			yes					-1	-1	-1	413	
413	412	0cb0b8947ce18958	3			yes					-1	-1	-1	
414	335	9c348ee73752ccdb	4			yes					-1	-1	-1	416	
415	365	4c5ffd3036368786	5			yes					-1	-1	-1	-1	420	
416	414	25aaba26b1117aea	3			yes					-1	-1	-1	
417	133	2c1b73761c933d21	5			yes					-1	-1	-1	-1	-1	
418	393	373c0c2bb419a16b	4			yes					-1	-1	-1	-1	
419	392	9df35214e359ec3b	8			yes					-1	-1	-1	-1	-1	-1	-1	-1	
420	415	8290b9cbf7ceb0ac	4			yes					-1	-1	-1	-1	
421	318	33ea2c205c487a62	10			yes					-1	-1	-1	-1	-1	-1	-1	-1	-1	-1	
422	4	e7b5539c4219ba3f	7			no					423	-2	-2	-2	-2	-2	-2	
423	422	8f6ca249c9715324	6			no					804	-2	-2	-2	-2	-2	
424	423	fa0d871f7b0a4188	5			no					713	-2	-2	-2	-2	
425	424	7d0f109fd54b608e	4			no					657	-2	-2	-2	
426	425	97c32198f99c685f	8			no					427	-2	-2	-2	-2	-2	-2	-2	
427	426	427ed8440a698c03	7			no					428	-2	-2	-2	-2	-2	-2	
428	427	607b78260ddf13da	6			no					-1	-1	-1	-1	-1	-2	
429	6	98c5123d6fe162c3	9			no					430	-2	-2	-2	-2	-2	-2	-2	-2	
430	429	77db13974fb05104	8			no					431	-2	-2	-2	-2	-2	-2	-2	
431	430	c6d2b1a4696751f5	7			no					432	640	-1	-2	-1	-2	-2	
432	431	3eb7c5f43db6c6cd	6			yes					-1	-1	-1	-1	-1	596	
433	335	5b20cfbe67e647ec	4			yes					-1	-1	-1	-1	
434	325	9af7b1d7be48636d	5			yes					-1	-1	-1	-1	435	
435	434	6a84cfcad40cf3f4	4			yes					-1	-1	-1	-1	
436	411	810d314d4a9411ca	4			yes					-1	-1	-1	-1	
437	365	48595dce0cb8d087	5			yes					-1	-1	-1	-1	440	
438	325	45232025ff10dcf3	6			yes					-1	-1	-1	-1	-1	-1	
439	411	0e45a13549a0b972	4			yes					-1	-1	-1	-1	
440	437	86961935cd40e7ad	4			yes					-1	-1	-1	-1	
441	334	f80368db38bcc3ee	5			no					-1	-1	-1	-1	-2	
442	334	ee25f461c6eb9c0b	5			yes					-1	-1	444	475	484	
443	34	c6c45515428cd437	5			yes					-1	-1	-1	-1	498	
444	442	807429e16b05d14b	4			yes					-1	-1	447	465	
445	354	ccdf3239ab1ac8b2	5			yes					446	463	464	-1	471	
446	445	ce2a2b989e5bf898	4			yes					-1	-1	-1	-1	
447	444	f35f7a6c16f4ad8e	6			yes					-1	-1	-1	-1	-1	456	
448	447	787974019df262b2	5			no					-1	-1	-1	-1	-2	
449	54	0fa623a2c18cdbf0	7			yes					-1	-1	469	-1	518	-1	617	
450	137	fbec9d2f05ef43ce	6			yes					-1	-1	-1	-1	-1	502	
451	377	ac700c9cc99b0315	5			yes					-1	-1	-1	-1	487	
452	53	a4610edb39683572	8			no					453	-2	-2	-2	-2	-2	-2	-2	
453	452	a2112bf93a231e5b	7			no					454	-2	-2	-2	-2	-2	-2	
454	453	bd975c7fff3c6d2c	6			no					455	-1	764	-2	-2	-2	
455	454	16f8ad4a3cf07afd	5			yes					-1	-1	-1	-1	694	
456	447	e39996c534360af5	5			yes					-1	-1	-1	-1	-1	
457	3	ef8a58cfa5fceace	8			no					458	-2	-2	-2	-2	-2	-2	-2	
458	457	8753a91a2e9403d5	7			no					459	-2	-2	-2	-2	-2	-2	
459	458	f2328c4c9cef1179	6			no					785	-2	-2	-2	-2	-2	
460	459	8e10485576dd0734	7			no					461	-2	-2	-2	-2	-2	-2	
461	460	34b3ddc94390e7f3	6			no					462	-1	-2	-2	-2	-2	
462	461	42c1aefe3aea5924	5			yes					-1	-1	-1	-1	745	
463	445	68d0fa095217bc29	4			yes					-1	-1	-1	-1	
464	445	13cbbc21fb3f27ce	4			yes					-1	-1	-1	-1	
465	444	39ea1d20ed46677a	3			yes					-1	-1	470	
466	365	3338ae284d93de11	7			yes					467	483	490	491	493	-1	497	
467	466	18c3f6b642cb264c	6			yes					468	-1	-1	-1	-1	473	
468	467	e0a57743eb747150	5			yes					-1	-1	-1	-1	-1	
469	449	40fd55470bc4b4bf	5			yes					-1	-1	-1	-1	472	
470	465	a26e554a02718b57	6			yes					-1	-1	-1	-1	-1	-1	
471	445	110d40c42e729736	4			yes					-1	-1	-1	-1	
472	469	b08e2b5a61802426	4			yes					-1	-1	-1	-1	
473	467	02e3a51248b2a701	5			yes					-1	-1	-1	-1	-1	
474	354	4233be2cbee415fa	4			yes					-1	-1	480	511	
475	442	90af81f9101ca10d	4			yes					-1	-1	-1	479	
476	91	843e7c0dca2d2ba0	6			no					477	-2	-2	-2	-2	-2	
477	476	8afd3b529f50fbe0	5			no					-1	-2	-2	-2	-2	
478	281	687517ff98a77d7e	6			yes					-1	-1	-1	-1	-1	534	
479	475	2931b538965f173c	3			yes					-1	-1	-1	
480	474	15d846b3a81234c5	5			yes					481	-1	-1	-1	-1	
481	480	172d5f129d5304ef	4			yes					-1	-1	-1	-1	
482	324	5d5826c23c1ab1a7	6			yes					-1	-1	-1	-1	-1	-1	
483	466	cb5e2fdde42c890d	6			yes					-1	-1	-1	-1	-1	488	
484	442	57bbc0a040a82a3a	4			yes					-1	-1	-1	-1	
485	68	00026b85925f1106	6			yes					-1	-1	-1	-1	-1	505	
486	485	60ac95ec67f655ef	5			no					-1	-1	-1	-2	-2	
487	451	5c037281a3df938c	4			yes					-1	-1	-1	-1	
488	483	d17e7c79ee550840	5			yes					-1	-1	-1	-1	-1	
489	334	9984d32126bad4e3	5			yes					-1	-1	-1	492	504	
490	466	aa6533a540bc7cd8	6			yes					-1	-1	-1	-1	-1	-1	
491	466	164dd689ba9907e3	6			yes					-1	-1	-1	-1	-1	-1	
492	489	e70ea6b9f04de9e5	4			yes					-1	-1	-1	496	
493	466	197c99c7c3572814	6			yes					-1	-1	-1	-1	-1	-1	
494	173	6457483092fe0ddc	5			no					-1	-2	-2	-2	-2	
495	449	2001cc4dea90f4f7	5			yes					-1	-1	-1	-1	515	
496	492	5e909278760e5fd4	3			yes					-1	-1	-1	
497	466	2918fd8c47ea5f5c	6			yes					-1	-1	-1	-1	-1	-1	
498	443	36b72b0828c844ae	4			yes					-1	-1	-1	-1	
499	7	41778f678d2891e7	8			no					500	-2	-2	-2	-2	-2	-2	-2	
500	499	40dbe9472c0a2c8d	7			no					501	-2	-2	-2	-2	-2	-2	
501	500	8c23727102077ca9	6			no					-1	-1	-1	-1	-1	798	
502	450	388cc46dcd19a72c	5			yes					503	-1	-1	-1	-1	
503	502	e291702683effe0f	4			yes					-1	-1	-1	-1	
504	489	201ae7e0a0f962d2	4			yes					-1	-1	-1	-1	
505	485	f0711598f81b819f	5			yes					-1	-1	517	-1	-1	
506	365	179c1a5ad8c3e6aa	5			yes					-1	-1	-1	509	510	
507	502	c37b8010d40a8ac1	4			yes					-1	-1	-1	-1	
508	334	895f7b395da3a4a5	5			yes					-1	-1	-1	-1	513	
509	506	7919198adfafd229	6			yes					-1	-1	-1	-1	-1	-1	
510	506	d9535ea1193bd180	4			yes					-1	-1	-1	516	
511	474	326630f915e27c41	5			yes					512	514	525	-1	-1	
512	511	3093295820a34c6b	4			yes					-1	-1	-1	-1	
513	508	30c14ff8dbe01294	4			yes					-1	-1	-1	-1	
514	511	9669f8c9ecef08da	4			yes					-1	-1	-1	-1	
515	495	d072b25080d4646e	4			yes					-1	-1	-1	-1	
516	510	2db9ec86b2560983	6			yes					-1	-1	-1	-1	-1	-1	
517	505	90dfebf10db2c576	4			yes					-1	-1	-1	-1	
518	449	492988c510e58083	10			yes					-1	-1	-1	-1	-1	-1	-1	-1	-1	581	
519	365	5263169f1b715161	5			yes					-1	-1	-1	521	-1	
520	334	4e4b3a600d172f92	5			yes					-1	-1	-1	-1	-1	
521	519	d15fa0a0ae610ef0	7			yes					522	523	529	-1	535	-1	-1	
522	521	faa4f83ea139f6ad	6			yes					-1	-1	-1	-1	-1	-1	
523	521	2939215507de59ec	6			yes					524	-1	-1	-1	-1	-1	
524	523	02c279cb0886a1b1	5			yes					-1	-1	-1	-1	-1	
525	511	ed72bee145c7933d	4			yes					-1	-1	-1	-1	
526	425	eb5b4e8a954be07d	7			no					527	-2	-2	-2	-2	-2	-2	
527	526	51f8db16a00600ba	6			no					528	-2	-2	-2	-2	-2	
528	527	278aa821d97cbe6d	5			no					-1	-2	-2	-2	-2	
529	521	48023d2da34eac39	6			yes					-1	-1	-1	-1	-1	-1	
530	137	925da1a60efbff3c	6			yes					-1	-1	-1	-1	-1	538	
531	91	fd6871dedcbdb79a	6			no					532	-2	-2	-2	-2	-2	
532	531	50540757c58d6137	5			no					533	-2	-2	-2	-2	
533	532	731764c864b309ee	4			yes					-1	-1	-1	583	
534	478	ab154ebd5051999c	5			yes					-1	-1	-1	-1	-1	
535	521	fb1b974f20a5f8f5	6			yes					-1	-1	-1	-1	-1	-1	
536	377	dd6ce315a1023aa6	5			yes					-1	-1	-1	-1	-1	
537	132	9d2cf22c618a58dd	6			yes					-1	-1	-1	-1	-1	570	
538	530	513df8e4c60d1bde	5			yes					-1	-1	-1	-1	-1	
539	34	014fd8d27b2e195f	5			yes					-1	-1	-1	-1	-1	
540	459	95d9de58bc5f8be8	8			no					541	-2	-2	-2	-2	-2	-2	-2	
541	540	b455436a4b557dc7	7			no					542	-2	-2	-2	-2	-2	-2	
542	541	94db62fc3f29c259	6			no					543	-1	679	-2	-2	-2	
543	542	e1aea2330829f4e8	5			yes					-1	-1	-1	-1	582	
544	326	1ec7aa7e0b78f143	4			yes					545	-1	550	-1	
545	544	0bac5fa06189993d	3			yes					-1	-1	-1	
546	326	b0475629d2cb350b	6			yes					547	553	555	557	559	569	
547	546	7cbfcd1ffcc6652f	5			yes					548	-1	-1	-1	552	
548	547	ac4c624b107984e2	4			yes					-1	-1	-1	549	
549	548	628326b0d181b3c8	3			yes					-1	-1	-1	
550	544	5e6b75dc7c128114	7			yes					-1	-1	-1	-1	-1	-1	551	
551	550	8d3cc52825b57cb7	6			yes					-1	-1	-1	-1	-1	-1	
552	547	b27089e43d3e5205	4			yes					-1	-1	-1	-1	
553	546	60b4f97d3e74d4c6	5			yes					-1	-1	-1	-1	554	
554	553	ae7bbd86ff8ce3ec	4			yes					-1	-1	-1	-1	
555	546	570fa9bf0635d38a	8			yes					-1	-1	-1	-1	-1	-1	-1	556	
556	555	b44b7fd8dfa577b2	7			yes					-1	-1	-1	-1	-1	-1	-1	
557	546	75b7963a4737d021	5			yes					-1	-1	-1	-1	558	
558	557	bb78d2c186cfe70b	4			yes					-1	-1	-1	-1	
559	546	9ab0fd9fa6ca6742	5			yes					560	561	-1	-1	-1	
560	559	564866a988c73766	4			yes					-1	-1	-1	-1	
561	559	4a4352cb4a75868f	4			yes					-1	-1	-1	-1	
562	326	2702985ff549e070	4			yes					-1	568	575	-1	
563	68	b05f3ab88b49b422	6			yes					-1	-1	-1	-1	-1	579	
564	563	7ca7a18ea544e406	5			no					-1	-1	-1	-1	-1	
565	173	b81fde3e3181456e	5			no					-1	-1	606	-2	-2	
566	565	9b3e0fe8425dc90c	4			no					-1	-2	-2	-2	
567	59	304c83de618149d3	5			yes					-1	-1	-1	-1	-1	
568	562	a1fc325ee3e3d80d	5			yes					-1	-1	-1	-1	-1	
569	546	7e8812d213330221	5			yes					-1	-1	573	-1	-1	
570	537	5e4cab6ea97cbc3f	5			yes					-1	-1	-1	-1	-1	
571	137	aacabc99df1e3633	6			yes					572	-1	-1	-1	-1	-1	
572	571	70d708d291e86f10	5			yes					-1	-1	-1	-1	-1	
573	569	595dff0d556b5ef6	8			yes					-1	-1	-1	-1	-1	-1	-1	-1	
574	59	87faa34da53fee3e	6			yes					-1	-1	-1	-1	-1	-1	
575	562	bfda0e04dc2a186e	5			yes					576	-1	-1	-1	593	
576	575	bd2f17a5e96b2844	4			yes					-1	-1	-1	-1	
577	539	2ee8373d50323658	3			no					-1	-2	-2	
578	281	d9e4744743d64c4a	5			no					-1	-1	-1	-1	-1	
579	563	402c44a5e10d24bb	5			yes					-1	-1	-1	-1	-1	
580	92	c192c4d309191d95	6			yes					-1	-1	-1	-1	-1	586	
581	518	d8c22767f295d2d2	9			yes					-1	-1	-1	-1	-1	-1	-1	-1	-1	
582	543	2ba3216d9ed5b5b7	4			yes					-1	-1	-1	-1	
583	533	83641ad50ef79977	3			yes					-1	-1	-1	
584	68	ff562b3e55fcdfcc	5			no					-1	-1	-1	-1	-2	
585	33	4be90549ff6e22e2	6			yes					-1	-1	590	-1	-1	615	
586	580	31e1bace635d8d0c	5			yes					-1	-1	-1	-1	-1	
587	68	2082bacc14a46052	6			yes					-1	-1	-1	-1	600	-1	
588	136	ed4623e84fc396b8	7			yes					-1	589	592	601	-1	-1	621	
589	588	f3a8cc6297e85b5f	6			yes					-1	-1	-1	-1	-1	591	
590	585	7c11f693ac887f13	5			yes					-1	-1	-1	-1	598	
591	589	30c895205f1ebfbd	5			yes					-1	-1	-1	-1	-1	
592	588	7f005b1c5dc407a7	6			yes					-1	-1	-1	-1	-1	599	
593	575	42c13af5857565bf	4			yes					-1	-1	-1	-1	
594	592	84f71f6144d72a4a	5			yes					-1	-1	-1	-1	-1	
595	565	20bdd62a91fb7b4e	4			no					-1	-2	-2	-2	
596	432	fdd79cb6f540222f	5			yes					-1	-1	-1	-1	-1	
597	92	aaadba791edf2f72	6			yes					-1	-1	-1	-1	-1	605	
598	590	8c62888ec6ccef8a	4			yes					-1	-1	-1	-1	
599	592	bc60025e9532e345	5			yes					-1	-1	-1	-1	-1	
600	587	0f2555233fb84f55	4			yes					-1	-1	-1	-1	
601	588	16b1679556d0bb55	6			yes					-1	-1	-1	-1	-1	603	
602	314	4e5b4de674b18536	4			yes					-1	-1	-1	-1	
603	601	d5d13ed79e265fb7	5			yes					-1	-1	608	-1	-1	
604	132	b6bf5a8b3fce7bf9	5			no					-1	-1	-2	-2	-2	
605	597	5adec464749bbfeb	5			yes					-1	-1	-1	-1	-1	
606	565	9424362df8ba9d45	4			yes					-1	-1	-1	-1	
607	67	1da539c7f1cf1d85	7			yes					-1	609	-1	682	-1	688	697	
608	603	479746238c21cea8	4			yes					-1	-1	-1	-1	
609	607	cd5696931d70fc48	6			yes					-1	-1	-1	-1	-1	660	
610	132	44b0d2c5d49a0c4e	6			yes					-1	-1	-1	-1	-1	614	
611	609	adf868fae8d9b8a1	5			yes					-1	-1	-1	-1	625	
612	605	658e1a2cd38154a4	7			no					-1	-1	-1	-1	-1	-1	-2	
613	585	644eeaa6d4720de5	4			no					-1	-1	-1	-2	
614	610	87d08b871c6ce8ac	5			yes					-1	-1	-1	-1	-1	
615	585	bb9a7b54952ab27b	5			yes					-1	-1	-1	-1	-1	
616	281	a8ec8eb15d718cf5	5			no					-1	-1	-1	-2	-2	
617	449	ffd55dbfabc84b69	6			yes					-1	-1	-1	-1	-1	-1	
618	92	e1ddc9c53da79631	6			yes					619	620	622	623	-1	-1	
619	618	c66267130f1da601	5			yes					-1	-1	-1	-1	-1	
620	618	8f0c4b89f819c151	5			yes					-1	-1	-1	-1	-1	
621	588	2e267aaa8735725a	6			yes					-1	-1	-1	-1	-1	-1	
622	618	78fd5ecb8ba80d86	5			yes					-1	-1	-1	-1	-1	
623	618	9ab533a33b53d053	5			yes					-1	-1	-1	-1	-1	
624	54	fcd69e3888580f42	6			yes					-1	-1	-1	632	-1	634	
625	611	5d8b16e7829d2838	4			yes					-1	-1	-1	-1	
626	624	df49ab67d2adb610	7			yes					-1	-1	-1	-1	-1	-1	631	
627	31	6160001bf6c968ce	9			no					628	-2	-2	-2	-2	-2	-2	-2	-2	
628	627	67102539f58243e7	8			no					629	-2	-2	-2	-2	-2	-2	-2	
629	628	789652bf309d3090	7			no					630	821	-2	-2	-2	-2	-2	
630	629	fea3bacf4979c229	5			yes					-1	-1	-1	-1	703	
631	626	667421d30032f735	6			yes					-1	-1	-1	-1	-1	-1	
632	624	d3d321d574ffeca2	9			yes					-1	-1	-1	-1	-1	-1	-1	-1	-1	
633	614	75df03c9f7389f1b	4			no					-1	-1	-2	-2	
634	624	0ca5e025e21c9fdb	5			yes					-1	-1	-1	643	-1	
635	634	678dcf1684b6e470	7			yes					-1	-1	-1	-1	-1	-1	-1	
636	136	29b57829d91e027c	7			yes					-1	-1	644	663	-1	-1	680	
637	634	3c4007ea2e912903	10			no					-1	-1	-1	-1	-1	-2	-1	-1	-1	-2	
638	634	210d501d3295f8ff	7			yes					-1	-1	-1	-1	-1	-1	-1	
639	92	dbb155f0764616c1	6			yes					-1	-1	-1	-1	645	-1	
640	431	4a0dd7e48280b365	6			yes					-1	-1	-1	-1	-1	695	
641	640	b268a3b4d651245d	5			no					-1	-2	-1	-2	-2	
642	281	6c040c22d7507612	6			yes					-1	-1	-1	-1	-1	-1	
643	634	a956538855b04598	9			yes					-1	-1	-1	-1	-1	-1	-1	-1	-1	
644	636	bbf300ddcb199363	6			yes					-1	-1	-1	-1	-1	656	
645	639	609727d1b815db2d	5			yes					-1	-1	-1	-1	-1	
646	642	1a842d058b20a8a8	4			yes					-1	-1	-1	-1	
647	54	9c2a0732690c4f0a	6			yes					-1	-1	-1	-1	-1	655	
648	33	65013274af5c14ba	5			yes					-1	-1	-1	-1	662	
649	6	23a1a8940bc1e0c0	9			no					650	-2	-2	-2	-2	-2	-2	-2	-2	
650	649	bcc85a672355ca5d	8			no					651	-2	-2	-2	-2	-2	-2	-2	
651	650	b3938eaa4af12fd9	7			no					652	-2	-2	-2	-2	-2	-2	
652	651	3421963f2be15a4e	6			no					653	-2	-2	-2	-2	-2	
653	652	a738a14f35cfef44	5			no					-1	-2	-2	-2	-2	
654	644	400444a0d20abe8e	5			yes					-1	-1	-1	-1	-1	
655	647	6c59792f0348df93	5			yes					-1	-1	-1	-1	-1	
656	644	7893599f03ef7781	5			yes					-1	-1	-1	-1	-1	
657	425	0a648be4c3562107	7			no					658	-2	-2	-2	-2	-2	-2	
658	657	2be816d6345cd728	6			no					659	-2	-2	-2	-2	-2	
659	658	0b663740402068b6	5			no					-1	-1	-1	-1	779	
660	609	3d25e88e77346cd1	5			yes					-1	-1	-1	-1	-1	
661	54	43fe96c02854f094	7			yes					-1	-1	-1	-1	-1	-1	-1	
662	648	95724c69c5188423	4			yes					-1	-1	-1	-1	
663	636	d2423c54c00d2f91	6			yes					-1	-1	-1	-1	-1	672	
664	180	5a44b190ba6d615e	4			no					-1	-1	-2	-2	
665	2	757771d1b412a036	8			no					666	-2	-2	-2	-2	-2	-2	-2	
666	665	1dae80043f7a492d	7			no					667	-2	-2	-2	-2	-2	-2	
667	666	2755da4b7b1c67c5	5			no					721	-2	-2	-2	-2	
668	667	5ac57beb9b3fb9bc	9			no					669	-2	-2	-2	-2	-2	-2	-2	-2	
669	668	8f78823768ca5de0	8			no					670	-2	-2	-2	-2	-2	-2	-2	
670	669	ad7d22556f7cc239	7			no					671	-2	-2	-2	-2	-2	-2	
671	670	5789319e2efb6cfc	6			no					-1	-1	-1	-1	-1	-2	
672	663	1122651608fbcb73	5			yes					-1	-1	-1	-1	-1	
673	424	ecda54f23f109916	8			no					674	-2	-2	-2	-2	-2	-2	-2	
674	673	cd56c9c0c81a6f39	7			no					675	746	-2	-2	-2	-2	-2	
675	674	edd8e856bc66d0a7	6			yes					-1	-1	-1	-1	-1	730	
676	132	f606c73d52656402	6			yes					-1	-1	-1	-1	-1	-1	
677	33	5f302745df54f371	6			yes					-1	-1	-1	691	-1	749	
678	280	2b889353478dd699	7			yes					-1	683	-1	-1	-1	-1	728	
679	542	387a58cfc0ea97e0	5			no					-1	-1	-1	-1	767	
680	636	ead5216b11e8e69e	6			yes					-1	-1	-1	-1	-1	-1	
681	313	5963cb2c73782b61	5			yes					-1	-1	-1	-1	744	
682	607	7d0bc7ae0466596c	6			yes					-1	-1	-1	-1	-1	685	
683	678	ec99d1ccc08c3917	6			yes					-1	-1	-1	-1	-1	701	
684	136	a51def5713325e84	7			yes					-1	-1	-1	686	-1	-1	702	
685	682	8d78b9b36e22c9f5	5			yes					-1	-1	-1	-1	-1	
686	684	5eeaab2a0a217369	6			yes					687	-1	-1	-1	-1	698	
687	686	001bd9521cfc6e23	5			yes					-1	-1	-1	-1	-1	
688	607	3202d628dad33282	5			yes					-1	-1	-1	-1	690	
689	677	461b9b0cc201b1d6	7			yes					-1	-1	-1	-1	-1	-1	-1	
690	688	c271a835b097a21b	4			yes					-1	-1	-1	-1	
691	677	c25fe1c73754aa74	6			yes					692	-1	-1	-1	-1	737	
692	691	e5e04f1105ee9a44	5			yes					-1	-1	-1	-1	693	
693	692	2a6612d7e5913bfc	4			yes					-1	-1	-1	-1	
694	455	dcf52e14aa0c3ba2	4			yes					-1	-1	-1	-1	
695	640	896d8ea64a765787	5			yes					-1	-1	-1	-1	-1	
696	695	7108faf61ea7c0bf	4			no					-1	-2	-1	-2	
697	607	edd647da9b8b8d1c	6			yes					-1	-1	-1	-1	-1	-1	
698	686	9d8af268c2d7978b	5			yes					-1	-1	-1	-1	-1	
699	131	b18a584cc2b8c489	7			yes					-1	700	-1	709	-1	-1	736	
700	699	19c0341f39a11cb4	6			yes					-1	-1	-1	-1	-1	704	
701	683	2ff9888e087addf5	5			yes					-1	-1	-1	-1	-1	
702	684	667db615dbc4ba66	6			yes					-1	-1	-1	-1	-1	-1	
703	630	34ae3991df858376	4			yes					-1	-1	-1	-1	
704	700	daa06d5df157f856	5			yes					-1	-1	-1	-1	-1	
705	691	4566d9b19c1a8c97	5			no					-1	-1	-1	-1	-2	
706	136	ccacd3de1826e276	7			yes					-1	-1	-1	-1	-1	-1	712	
707	67	01ae0da5337dac6c	7			yes					-1	-1	-1	727	-1	-1	748	
708	678	5d08b2741bfd0823	5			no					-1	-1	-1	-1	-2	
709	699	c05c14f68cb14827	6			yes					-1	-1	-1	-1	-1	719	
710	709	681678a577a8901a	5			no					-1	-2	-2	-2	-2	
711	707	12806ce4ce7752d0	5			no					-1	-1	-1	-1	-2	
712	706	0fcc8a9cd0d00694	6			yes					-1	-1	-1	-1	-1	-1	
713	424	778ba767227d6249	8			no					714	-2	-2	-2	-2	-2	-2	-2	
714	713	a2365ebbd1888615	7			no					715	-2	-2	-2	-2	-2	-2	
715	714	8033fed9d63e19cc	6			no					716	-2	-2	-2	-2	-2	
716	715	1a972c714ea2ddc4	5			no					-1	-1	-1	-1	-2	
717	136	d7555ade2c8d50d5	6			yes					-1	-1	-1	-1	-1	-1	
718	678	2c004882055ac89c	5			no					-1	-1	-1	-1	725	
719	709	033c4db44447acc5	5			yes					-1	-1	-1	-1	-1	
720	136	f43bcee1c9c32b79	7			yes					-1	-1	-1	-1	-1	726	-1	
721	667	3b3168587de9615b	8			no					722	-2	-2	-2	-2	-2	-2	-2	
722	721	1abdf56a8ae39774	7			no					723	-2	-2	-2	-2	-2	-2	
723	722	3f6a87b7eba072b8	6			no					724	-2	-2	-2	-2	-2	
724	723	0787ff496b0a4f4c	5			no					-1	-2	-2	-2	-2	
725	718	ef6011c0cdac2c7e	4			no					-1	-1	-1	-2	
726	720	d6a6396130b3fec9	6			yes					-1	-1	-1	-1	-1	-1	
727	707	6100f3ccc6d4e885	6			yes					-1	-1	-1	-1	-1	738	
728	678	e8e8ca118f7b327b	6			yes					-1	-1	-1	-1	-1	-1	
729	728	9e68eb36d30becc1	4			yes					-1	-1	-1	-1	
730	675	27d56b082a9a91f8	5			yes					-1	-1	-1	-1	-1	
731	53	b0b58c5c03f236a7	9			no					732	-2	-2	-2	-2	-2	-2	-2	-2	
732	731	ef9a967b7ddb5168	8			no					733	-2	-2	-2	-2	-2	-2	-2	
733	732	b6104fe6c750ee53	7			no					734	-2	-2	-2	-2	-2	-2	
734	733	71073a287d92178c	6			no					735	-2	-2	-2	-2	-2	
735	734	de7bf6714c6cb4b4	5			no					-1	-1	-1	-1	-2	
736	699	72ea010e0a4e206b	6			yes					-1	-1	-1	-1	-1	-1	
737	691	0dd9bc01d72b0bcc	5			yes					-1	-1	-1	-1	-1	
738	727	91738dd1ac90781c	5			yes					-1	-1	-1	-1	-1	
739	738	e2f312f9a433c249	4			yes					-1	-1	-1	-1	
740	280	368465878e7a6034	7			yes					-1	-1	-1	-1	-1	753	765	
741	131	c3dd805477574597	7			yes					-1	-1	-1	743	-1	-1	752	
742	707	2e09e24a1861836b	5			no					-1	-1	-1	-1	-1	
743	741	b20bccee395ec939	6			yes					-1	-1	-1	-1	-1	747	
744	681	936e4872e5846a3e	4			yes					-1	-1	-1	-1	
745	462	81a1f7bcf21cbdc6	4			yes					-1	-1	-1	-1	
746	674	de2d9b593d057db7	6			no					-1	-1	-1	-1	-1	823	
747	743	716b95acf1a82ddb	5			yes					-1	-1	-1	-1	-1	
748	707	f1dd73b859393cf5	6			yes					-1	-1	-1	-1	-1	-1	
749	677	af435958b51063e8	5			yes					-1	-1	-1	751	-1	
750	748	de7a9c57722513f2	4			yes					-1	-1	-1	-1	
751	749	0654842b9c93c1cc	7			yes					-1	-1	-1	-1	-1	-1	-1	
752	741	00bdd916bfa1a175	6			yes					-1	-1	-1	-1	-1	-1	
753	740	310cbe56ccad7e31	5			yes					-1	-1	-1	-1	-1	
754	67	c273c3b022c8b31d	6			yes					-1	-1	-1	-1	-1	763	
755	33	476f3b70a7ae8187	5			yes					-1	-1	-1	-1	762	
756	3	219ab67ebf46df46	8			no					757	-2	-2	-2	-2	-2	-2	-2	
757	756	708fe80ba639b50a	7			no					758	-2	-2	-2	-2	-2	-2	
758	757	3442e56677f567db	6			no					772	-2	-2	-2	-2	-2	
759	758	d5fc2d13c774ec61	7			no					760	-2	-2	-2	-2	-2	-2	
760	759	a99374f3ff363214	6			no					761	-2	-2	-2	-2	-2	
761	760	1e4b49abf56b12aa	5			no					-1	-2	-2	-2	-2	
762	755	b71c456dcdea111e	4			yes					-1	-1	-1	-1	
763	754	3200bdad488c2384	5			yes					-1	-1	-1	-1	-1	
764	454	ad73f7f5fe83b452	5			no					-1	-1	-1	-1	776	
765	740	f5e43cc5468c84d6	6			yes					-1	-1	-1	-1	-1	-1	
766	67	b1f35c982a6b0948	7			yes					-1	-1	-1	-1	768	-1	775	
767	679	f277db915616d6bf	4			yes					-1	-1	-1	-1	
768	766	7d2722587fbfd342	7			yes					-1	-1	-1	-1	-1	-1	-1	
769	131	e84e28f3291366b3	6			yes					-1	-1	-1	-1	-1	778	
770	766	442fd383d8e5b6fc	6			no					771	-2	-2	-2	-2	-2	
771	770	6fd48b1dd7bd4ea1	5			no					-1	-1	-1	-1	-2	
772	758	0c24bcc943505145	8			no					773	-2	-2	-2	-2	-2	-2	-2	
773	772	09587656b298ad11	7			no					774	-2	-2	-2	-2	-2	-2	
774	773	854a1212ae33f85b	6			no					-1	-1	-2	-1	-2	-2	
775	766	41802285402f99d1	6			yes					-1	-1	-1	-1	780	789	
776	764	677e74ab687ff50d	4			yes					-1	-1	-1	-1	
777	33	98bbaa82e6f63e19	6			yes					-1	-1	-1	-1	-1	-1	
778	769	2b2e71b1e1e58251	5			yes					-1	-1	-1	-1	-1	
779	659	c16bb41ed6dc29e9	4			no					-1	-1	-2	-2	
780	775	f587b50a50d70e6d	7			yes					-1	-1	-1	-1	-1	-1	-1	
781	775	a965583df292a146	6			no					782	-2	-2	-2	-2	-2	
782	781	829e00a3fdca591b	5			no					-1	-1	-1	-1	-2	
783	280	8715063f550b5100	6			yes					-1	-1	-1	-1	-1	797	
784	131	1a41a0bdc2471104	7			yes					-1	-1	-1	-1	-1	-1	790	
785	459	6b45c6ac5e4938cb	8			no					786	-2	-2	-2	-2	-2	-2	-2	
786	785	bef83f70adbcdc97	7			no					787	-2	-2	-2	-2	-2	-2	
787	786	9cfd9f12aa0a434e	6			no					788	-2	-2	-2	-2	-2	
788	787	06594dba32968746	5			no					-1	-2	-2	-2	-2	
789	775	59584478c9249db1	6			yes					-1	-1	-1	-1	-1	-1	
790	784	d921f9ff0ab1f5e6	6			yes					-1	-1	-1	-1	-1	-1	
791	67	fefa4d1ef4de62a6	6			yes					-1	-1	-1	-1	-1	792	
792	791	0e8933039e9af23f	5			yes					-1	-1	-1	-1	-1	
793	790	7188bd3911001526	9			yes					-1	-1	-1	-1	-1	-1	-1	-1	-1	
794	790	a9b80d652271ba56	7			no					795	-2	-2	-2	-2	-2	-2	
795	794	b1919dd1f1e08bba	6			yes					-1	-1	-1	-1	-1	-1	
796	67	212edcecb586dd38	7			yes					-1	-1	-1	-1	-1	-1	-1	
797	783	44755f7d9dfdb5e2	5			yes					-1	-1	-1	-1	-1	
798	501	42ec368ac3ff4b83	5			no					799	-2	-2	-2	-2	
799	798	921f99de2f40aa4e	4			no					-1	-1	-1	-2	
800	131	6c1f37d6ce9983af	6			yes					-1	-1	-1	-1	-1	802	
801	800	32ee45aed8449ee5	5			no					-1	-2	-2	-2	-2	
802	800	af7f6e94066f674d	5			yes					-1	-1	-1	-1	-1	
803	313	c3f8271a183ffd2b	5			yes					-1	-1	-1	-1	-1	
804	423	fba893d3d160ade8	10			no					805	-2	-2	-2	-2	-2	-2	-2	-2	-2	
805	804	2e156a0f229549b4	9			no					806	-2	-2	-2	-2	-2	-2	-2	-2	
806	805	0c10ca6d2523d66d	8			no					807	-2	-2	-2	-2	-2	-2	-2	
807	806	fc2c2230bc72a81c	7			no					808	-2	-2	-2	-2	-2	-2	
808	807	33aadd90ca22341a	6			no					-1	-2	-2	-2	-2	-2	
809	131	a8f7b54544b87948	7			yes					-1	-1	-1	-1	-1	-1	-1	
810	1	22852a288da8d77a	6			no					811	-2	-2	-2	-2	-2	
811	810	7242314bc90896a0	5			no					812	-2	-2	-2	-2	
812	811	921480b5bd0457be	4			no					813	-2	-2	-2	
813	812	e51127d2c799c35e	6			no					814	-2	-2	-2	-2	-2	
814	813	7572449b1446b9d3	5			no					815	-2	-2	-2	-2	
815	814	b609b04c8dac128a	4			no					818	-2	-2	-2	
816	815	5fdd66fc3d24d505	6			no					817	-2	-2	-2	-2	-2	
817	816	f29afa6872716249	5			no					-1	-1	-1	-2	-2	
818	815	b22fe40793d7c2cb	7			no					819	-2	-2	-2	-2	-2	-2	
819	818	3d054c9f90dad4f8	6			no					820	-2	-2	-2	-2	-2	
820	819	82734ea602ead164	5			no					-1	-1	-1	-1	-2	
821	629	fa54ae328d44a2a9	6			no					-1	-2	-2	-2	-2	-2	
822	280	f61dfcc94bac91bf	6			no					-1	-2	-2	-2	-2	-2	
823	746	14201807abf93ce8	5			no					-1	-2	-2	-2	-2	
