Number of nodes
568
ID	PID	Hash_Value			File_Number	Fully_Enumerated	Children
0	-1	9e0f2ed16ef1d85a	6			yes					1	177	317	415	479	567	
1	0	79cb2257a3324f0b	5			yes					2	69	94	118	136	
2	1	38710cccaae2e034	5			yes					3	16	38	57	68	
3	2	3dd613a727736401	4			yes					4	5	7	9	
4	3	383c7d476285c6d7	4			yes					-1	-1	-1	-1	
5	3	610d7e62f0f9a6df	4			yes					-1	6	-1	-1	
6	5	870b15d5e98e5109	3			yes					-1	-1	-1	
7	3	88eaac92b11eba12	4			yes					-1	-1	8	-1	
8	7	2ea0c672da028a85	3			yes					-1	-1	-1	
9	3	5510ac666bcf0e1e	3			yes					10	12	14	
10	9	d5f197e6b20be4c1	5			yes					-1	-1	-1	-1	11	
11	10	ed2339a718f09108	4			yes					-1	-1	-1	-1	
12	9	69f0dfd7c173b925	5			yes					-1	-1	-1	-1	13	
13	12	512271966b88ccec	4			yes					-1	-1	-1	-1	
14	9	1b1511d7ecb7b0ad	5			yes					-1	-1	-1	-1	15	
15	14	23c7bf96464cc564	4			yes					-1	-1	-1	-1	
16	2	27a0d9c4bf8d3001	4			yes					-1	17	24	31	
17	16	7b7112411326a5d4	5			yes					18	20	21	22	23	
18	17	ccee50a7f1335082	4			yes					19	-1	-1	-1	
19	18	75800aee4f46d63e	3			yes					-1	-1	-1	
20	17	c21f4808ad532368	4			yes					-1	-1	-1	-1	
21	17	982bec1cf981b32a	4			yes					-1	-1	-1	-1	
22	17	4dfeb42c8aa114f2	4			yes					-1	-1	-1	-1	
23	17	db24409f2f40d432	4			yes					-1	-1	-1	-1	
24	16	e15f33224e63bdfc	5			yes					25	27	28	29	30	
25	24	56c071c4ac7648aa	4			yes					26	-1	-1	-1	
26	25	efae2b8d1203ce16	3			yes					-1	-1	-1	
27	24	5831696bf0163b40	4			yes					-1	-1	-1	-1	
28	24	45e646462d767d2f	4			yes					-1	-1	-1	-1	
29	24	8e55d2da95401504	4			yes					-1	-1	-1	-1	
30	24	c5428c33e4561bc1	4			yes					-1	-1	-1	-1	
31	16	ae74338af0840c6e	5			yes					32	34	35	36	37	
32	31	19eb716c1291f938	4			yes					33	-1	-1	-1	
33	32	a0852b25ace47f84	3			yes					-1	-1	-1	
34	31	171a69c34ef18ad2	4			yes					-1	-1	-1	-1	
35	31	0acd46ee9391ccbd	4			yes					-1	-1	-1	-1	
36	31	e411acab07cd62b6	4			yes					-1	-1	-1	-1	
37	31	e02df2eac83cdde1	4			yes					-1	-1	-1	-1	
38	2	afc3676a33732d57	4			yes					-1	-1	39	46	
39	38	7ae8b2965f5956e2	5			yes					40	42	43	44	45	
40	39	cd77f070bd4ca3b4	4			yes					41	-1	-1	-1	
41	40	7419aa3903392508	3			yes					-1	-1	-1	
42	39	c386e8dfe12cd05e	4			yes					-1	-1	-1	-1	
43	39	d070da751fedf9da	4			yes					-1	-1	-1	-1	
44	39	8074cf5db6e17aef	4			yes					-1	-1	-1	-1	
45	39	5ef50d87f56cf0df	4			yes					-1	-1	-1	-1	
46	38	5acce3c43e7defae	6			yes					47	50	52	-1	54	56	
47	46	ed53a122dc681af8	5			yes					48	-1	-1	-1	49	
48	47	543dfb6b621d9c44	4			yes					-1	-1	-1	-1	
49	47	d5810f6376936f31	4			yes					-1	-1	-1	-1	
50	46	e3a2b98d80086912	5			yes					-1	-1	-1	-1	51	
51	50	db7017cc2af31cdb	4			yes					-1	-1	-1	-1	
52	46	f0548b277ec94096	5			yes					-1	-1	-1	-1	53	
53	52	c8862566d432355f	4			yes					-1	-1	-1	-1	
54	46	fc5a3b465be864a3	5			yes					-1	-1	-1	-1	55	
55	54	c4889507f113116a	4			yes					-1	-1	-1	-1	
56	46	621e4d8594869a67	5			yes					-1	-1	-1	-1	-1	
57	2	e5021e044dd3f37c	4			yes					-1	-1	-1	58	
58	57	28292dc413b9e626	6			yes					59	61	63	65	-1	67	
59	58	9fb66f22f1ac1370	5			yes					-1	-1	-1	-1	60	
60	59	a764c1635b5766b9	4			yes					-1	-1	-1	-1	
61	58	9147778dadcc609a	5			yes					-1	-1	-1	-1	62	
62	61	a995d9cc07371553	4			yes					-1	-1	-1	-1	
63	58	82b14527530d491e	5			yes					-1	-1	-1	-1	64	
64	63	ba63eb66f9f63cd7	4			yes					-1	-1	-1	-1	
65	58	8e63472478a5d6b1	5			yes					-1	-1	-1	-1	66	
66	65	b6b1e965d25ea378	4			yes					-1	-1	-1	-1	
67	58	10fb8385b94293ef	5			yes					-1	-1	-1	-1	-1	
68	2	50b7b30de65e8a2b	4			yes					-1	-1	-1	-1	
69	1	e1f3bdd00be0026b	4			yes					70	77	82	93	
70	69	c6d7852a5fb938a9	3			yes					71	72	73	
71	70	234215eba791b7bf	4			yes					-1	-1	-1	-1	
72	70	0031490a993b4d36	4			yes					-1	-1	-1	-1	
73	70	75e3769c3571197d	5			yes					-1	74	75	-1	76	
74	73	1b3ef8b30423198f	4			yes					-1	-1	-1	-1	
75	73	d3a91c7c5e6d29ea	4			yes					-1	-1	-1	-1	
76	73	0fb5e75b607c8b57	4			yes					-1	-1	-1	-1	
77	69	929195f3ffd44395	3			yes					-1	78	79	
78	77	72f70142e23aae06	4			yes					-1	-1	-1	-1	
79	77	0b2c20e13a9916da	5			yes					80	81	-1	-1	-1	
80	79	bcb36207d88ce38c	4			yes					-1	-1	-1	-1	
81	79	96dfc0fe86c009ba	4			yes					-1	-1	-1	-1	
82	69	3c80af18ecd11123	3			yes					-1	-1	83	
83	82	6889334f516fda44	6			yes					84	86	88	90	-1	92	
84	83	df1671a9b37a2f12	5			yes					-1	-1	-1	-1	85	
85	84	e7c4dfe819815adb	4			yes					-1	-1	-1	-1	
86	83	f57ad350ed36c524	5			yes					-1	-1	-1	-1	87	
87	86	cda87d1147cdb0ed	4			yes					-1	-1	-1	-1	
88	83	a62cff715121d0c2	5			yes					-1	-1	-1	-1	89	
89	88	9efe5130fbdaa50b	4			yes					-1	-1	-1	-1	
90	83	cec359af3a73ead3	5			yes					-1	-1	-1	-1	91	
91	90	f611f7ee90889f1a	4			yes					-1	-1	-1	-1	
92	83	505b9d0efb94af8d	5			yes					-1	-1	-1	-1	-1	
93	69	89350211475c6874	3			yes					-1	-1	-1	
94	1	79ea2d27bfa4b94e	4			yes					95	102	115	117	
95	94	5ece15ddebfd838c	3			yes					96	97	98	
96	95	ebe5388d2a014c5f	4			yes					-1	-1	-1	-1	
97	95	da2d80e83a032b04	4			yes					-1	-1	-1	-1	
98	95	89d44e6c191f6209	5			yes					-1	99	100	-1	101	
99	98	6fd225db006895df	4			yes					-1	-1	-1	-1	
100	98	5b72f9e47648dece	4			yes					-1	-1	-1	-1	
101	98	f382dfab4c12f023	4			yes					-1	-1	-1	-1	
102	94	663bf82faacb697b	3			yes					-1	103	104	
103	102	3cbdd39a372be8a5	4			yes					-1	-1	-1	-1	
104	102	032c2fb70c45fac3	6			yes					105	107	109	111	112	114	
105	104	b4b36d51ee500f95	5			yes					-1	-1	-1	-1	106	
106	105	8c61c31044ab7a5c	4			yes					-1	-1	-1	-1	
107	104	9edfcfa8b01ce5a3	5			yes					-1	-1	-1	-1	108	
108	107	a60d61e91ae7906a	4			yes					-1	-1	-1	-1	
109	104	1a6b6b9284b65741	5			yes					-1	-1	-1	-1	110	
110	109	22b9c5d32e4d2288	4			yes					-1	-1	-1	-1	
111	104	7f58545f19d5ca4b	5			yes					-1	-1	-1	-1	-1	
112	104	778d337569d402f5	5			yes					-1	-1	-1	-1	113	
113	112	4f5f9d34c32f773c	4			yes					-1	-1	-1	-1	
114	104	3bfe81f6a6be8f0a	5			yes					-1	-1	-1	-1	-1	
115	94	503352330d8a80e8	3			yes					-1	-1	116	
116	115	52f838565d3e09ed	5			yes					-1	-1	-1	-1	-1	
117	94	112c92e6f318d351	3			yes					-1	-1	-1	
118	1	82bacc1b8f63ec84	4			yes					119	126	133	135	
119	118	a59ef4e1db3ad646	3			yes					120	123	-1	
120	119	0155131bd69d21bd	5			yes					-1	-1	-1	121	122	
121	120	30bbb259d11a7937	4			yes					-1	-1	-1	-1	
122	120	9ca624a75a1db6fd	4			yes					-1	-1	-1	-1	
123	119	cf8076a995152073	5			yes					-1	-1	-1	124	125	
124	123	fe6ed7eb929278f9	4			yes					-1	-1	-1	-1	
125	123	527341151995b733	4			yes					-1	-1	-1	-1	
126	118	9d6b19139a0c3cb1	3			yes					-1	127	132	
127	126	3199c88c3ad8b9e2	5			yes					128	129	-1	130	131	
128	127	86068a6ad8cd4cb4	4			yes					-1	-1	-1	-1	
129	127	ac6a28938681a682	4			yes					-1	-1	-1	-1	
130	127	a3c2b8a5389511c6	4			yes					-1	-1	-1	-1	
131	127	5b6d2c8db6a654ec	4			yes					-1	-1	-1	-1	
132	126	d3835cca48c336ad	5			yes					-1	-1	-1	-1	-1	
133	118	1508a7bd16f221e7	3			yes					-1	-1	134	
134	133	4834dd7e59f9ddb3	5			yes					-1	-1	-1	-1	-1	
135	118	af478654d8a72794	3			yes					-1	-1	-1	
136	1	0354f60aec5c532e	5			yes					137	144	163	175	176	
137	136	2470cef0b80569ec	4			yes					138	140	142	-1	
138	137	6bb5c9d0c2e03d27	5			yes					-1	-1	-1	-1	139	
139	138	c7c667b8bee696c4	4			yes					-1	-1	-1	-1	
140	137	da7da7ed26f5d08f	5			yes					-1	-1	-1	-1	141	
141	140	760e09855af37b6c	4			yes					-1	-1	-1	-1	
142	137	316dcb78a33090ca	5			yes					-1	-1	-1	-1	143	
143	142	9d1e6510df363b29	4			yes					-1	-1	-1	-1	
144	136	1c852302f933831b	4			yes					-1	145	150	159	
145	144	4852ff034f569bf8	5			yes					146	147	-1	148	149	
146	145	ffcdbde5ad436eae	4			yes					-1	-1	-1	-1	
147	145	d5a11f1cf30f8498	4			yes					-1	-1	-1	-1	
148	145	7edd596ed6d12ade	4			yes					-1	-1	-1	-1	
149	145	ffb9fac92d6c4dee	4			yes					-1	-1	-1	-1	
150	144	76dd69d6d11a0d61	6			yes					151	153	-1	155	156	158	
151	150	c1422b30330ff837	5			yes					-1	-1	-1	-1	152	
152	151	6d3185584f0953d4	4			yes					-1	-1	-1	-1	
153	150	eb2e89c96d431201	5			yes					-1	-1	-1	-1	154	
154	153	475d27a11145b9e2	4			yes					-1	-1	-1	-1	
155	150	19d7882e0a39a599	5			yes					-1	-1	-1	-1	-1	
156	150	4dac980d9a7c29fe	5			yes					-1	-1	-1	-1	157	
157	156	e1df3665e67a821d	4			yes					-1	-1	-1	-1	
158	150	daaec7bead1ca682	5			yes					-1	-1	-1	-1	-1	
159	144	6de541942af9e4e9	3			yes					-1	160	-1	
160	159	1d278febf2b9859d	5			yes					161	162	-1	-1	-1	
161	160	aab8cd0d10ac70cb	4			yes					-1	-1	-1	-1	
162	160	80d46ff44ee09afd	4			yes					-1	-1	-1	-1	
163	136	94e69dac75cd9e4d	4			yes					-1	-1	164	174	
164	163	ed6ae862c020e67f	6			yes					165	167	169	-1	171	173	
165	164	5af5aa8422351329	5			yes					-1	-1	-1	-1	166	
166	165	f68604ec5e33b8ca	4			yes					-1	-1	-1	-1	
167	164	7099087d7c79f91f	5			yes					-1	-1	-1	-1	168	
168	167	dceaa615007f52fc	4			yes					-1	-1	-1	-1	
169	164	47f2808180944947	5			yes					-1	-1	-1	-1	170	
170	169	eb812ee9fc92e2a4	4			yes					-1	-1	-1	-1	
171	164	d61b19b98b46c2e0	5			yes					-1	-1	-1	-1	172	
172	171	7a68b7d1f7406903	4			yes					-1	-1	-1	-1	
173	164	4119460abc264d9c	5			yes					-1	-1	-1	-1	-1	
174	163	e586ff3aa607f9bf	3			yes					-1	-1	-1	
175	136	de27e4c20b6d4066	4			yes					-1	-1	-1	-1	
176	136	7234949c3f9634dc	4			yes					-1	-1	-1	-1	
177	0	0ccaa7c4017b38e2	5			yes					-1	178	237	261	280	
178	177	1f9309818d744e52	5			yes					179	198	209	225	236	
179	178	92d4e14d16c196f0	4			yes					180	181	187	192	
180	179	647190d7aac404e2	4			yes					-1	-1	-1	-1	
181	179	a896ff2734f44050	5			yes					182	183	184	185	186	
182	181	9fee6eb222b6f1cc	4			yes					-1	-1	-1	-1	
183	181	1d767c3a8a295b2f	4			yes					-1	-1	-1	-1	
184	181	1442e63b0d7e6a23	4			yes					-1	-1	-1	-1	
185	181	9e19594aad73f176	4			yes					-1	-1	-1	-1	
186	181	08c3adf9089231b6	4			yes					-1	-1	-1	-1	
187	179	ca0d97918475dc1e	5			yes					188	189	190	-1	191	
188	187	fd75060492376d82	4			yes					-1	-1	-1	-1	
189	187	7fed148c3aa8c761	4			yes					-1	-1	-1	-1	
190	187	f889082d13afd69e	4			yes					-1	-1	-1	-1	
191	187	c7464155306d7f34	4			yes					-1	-1	-1	-1	
192	179	1dc602c960e422e4	5			yes					193	194	195	196	197	
193	192	2abe935c76a69378	4			yes					-1	-1	-1	-1	
194	192	a82681d4de39399b	4			yes					-1	-1	-1	-1	
195	192	2f429d75f73e2864	4			yes					-1	-1	-1	-1	
196	192	031584f8caea4998	4			yes					-1	-1	-1	-1	
197	192	aecf0b05954bcb1f	4			yes					-1	-1	-1	-1	
198	178	af402e63a9a96c96	4			yes					-1	199	203	204	
199	198	0a97f4cd47c7e60b	5			yes					200	-1	-1	201	202	
200	199	e0b221092f219046	4			yes					-1	-1	-1	-1	
201	199	ce2d7fada2fc96b9	4			yes					-1	-1	-1	-1	
202	199	9764c371cb47714b	4			yes					-1	-1	-1	-1	
203	198	9a13e52d57cb590b	4			yes					-1	-1	-1	-1	
204	198	c78691a2e5150689	3			yes					205	206	208	
205	204	cb7dfa16a765cfa5	4			yes					-1	-1	-1	-1	
206	204	7a21b63f3db49570	5			yes					-1	-1	-1	-1	207	
207	206	42f3187e974fe0b9	4			yes					-1	-1	-1	-1	
208	204	09ec58680a6253b4	5			yes					-1	-1	-1	-1	-1	
209	178	8821622714e58331	4			yes					-1	-1	210	215	
210	209	436f816995507047	5			yes					211	212	213	-1	214	
211	210	a94a54adfdb6060a	4			yes					-1	-1	-1	-1	
212	210	fa01db202b25f6fb	4			yes					-1	-1	-1	-1	
213	210	8dca4d57951e7ac1	4			yes					-1	-1	-1	-1	
214	210	67723e783f65d67a	4			yes					-1	-1	-1	-1	
215	209	634bd03bf474c90b	6			yes					216	218	220	-1	222	224	
216	215	896e05ff9c92bf46	5			yes					-1	-1	-1	-1	217	
217	216	b1bcabbe3669ca8f	4			yes					-1	-1	-1	-1	
218	215	da258a724a014fb7	5			yes					-1	-1	-1	-1	219	
219	218	e2f72433e0fa3a7e	4			yes					-1	-1	-1	-1	
220	215	adee1c05f43ac38d	5			yes					-1	-1	-1	-1	221	
221	220	953cb2445ec1b644	4			yes					-1	-1	-1	-1	
222	215	c5dd08b991e14206	5			yes					-1	-1	-1	-1	223	
223	222	fd0fa6f83b1a37cf	4			yes					-1	-1	-1	-1	
224	215	5b997e7a5e8fbcc2	5			yes					-1	-1	-1	-1	-1	
225	178	c2e01b496a455d1a	4			yes					-1	-1	-1	226	
226	225	11ae1e3bd9b0c083	6			yes					227	229	231	233	-1	235	
227	226	fb8bcbffb156b6ce	5			yes					-1	-1	-1	-1	228	
228	227	c35965be1badc307	4			yes					-1	-1	-1	-1	
229	226	a8c0447267c5463f	5			yes					-1	-1	-1	-1	230	
230	229	9012ea33cd3e33f6	4			yes					-1	-1	-1	-1	
231	226	df0bd205d9feca05	5			yes					-1	-1	-1	-1	232	
232	231	e7d97c447305bfcc	4			yes					-1	-1	-1	-1	
233	226	b7e474dbb2acf014	5			yes					-1	-1	-1	-1	234	
234	233	8f36da9a185785dd	4			yes					-1	-1	-1	-1	
235	226	297cb07a734bb54a	5			yes					-1	-1	-1	-1	-1	
236	178	7755b640c1c8244d	4			yes					-1	-1	-1	-1	
237	177	bae3bb99a5d45f5c	4			yes					238	252	258	260	
238	237	37a453553e6187fe	3			yes					239	240	241	
239	238	c91ef1645ea9a90a	4			yes					-1	-1	-1	-1	
240	238	4e77ec01d80cf91c	4			yes					-1	-1	-1	-1	
241	238	85a69f977b6d160e	6			yes					242	244	246	248	249	251	
242	241	b2de0e026d2fa792	5			yes					-1	-1	-1	-1	243	
243	242	8a0ca043c7d4d25b	4			yes					-1	-1	-1	-1	
244	241	5ad9f45fc49bb4f8	5			yes					-1	-1	-1	-1	245	
245	244	620b5a1e6e60c131	4			yes					-1	-1	-1	-1	
246	241	d8003336734eae1d	5			yes					-1	-1	-1	-1	247	
247	246	e0d29d77d9b5dbd4	4			yes					-1	-1	-1	-1	
248	241	f9d2e47f6efd2686	5			yes					-1	-1	-1	-1	-1	
249	241	f10783551efcee38	5			yes					-1	-1	-1	-1	250	
250	249	c9d52d14b4079bf1	4			yes					-1	-1	-1	-1	
251	241	bd7431d6d19663c7	5			yes					-1	-1	-1	-1	-1	
252	237	cc58281965278b1b	3			yes					-1	253	254	
253	252	f69d2a41a9794aa0	4			yes					-1	-1	-1	-1	
254	252	eb9c6af2c6d9760c	5			yes					255	-1	256	-1	257	
255	254	01b9bf36ae3f0041	4			yes					-1	-1	-1	-1	
256	254	bedc050815a6cb9a	4			yes					-1	-1	-1	-1	
257	254	91cafb3593d4e426	4			yes					-1	-1	-1	-1	
258	237	933ac48d17fa66fa	3			yes					-1	-1	259	
259	258	2bdf1522d5e1132a	5			yes					-1	-1	-1	-1	-1	
260	237	d2250458e9683543	3			yes					-1	-1	-1	
261	177	41b35aa595130a96	4			yes					262	273	277	279	
262	261	ccf4b2690ea6d234	3			yes					263	266	271	
263	262	b88c17848a1c6dce	5			yes					-1	-1	-1	264	265	
264	263	8962b6c68d9b3544	4			yes					-1	-1	-1	-1	
265	263	257f2038069cfa8e	4			yes					-1	-1	-1	-1	
266	262	bcdaebbfd0870467	5			yes					267	268	-1	269	270	
267	266	8ba27a2ac6c5b5fb	4			yes					-1	-1	-1	-1	
268	266	63a580776f71a691	4			yes					-1	-1	-1	-1	
269	266	8d344afdd7005ced	4			yes					-1	-1	-1	-1	
270	266	2129dc035c079327	4			yes					-1	-1	-1	-1	
271	262	4e6b2a161e456f3f	5			yes					-1	-1	-1	-1	272	
272	271	4701abffacf81361	4			yes					-1	-1	-1	-1	
273	261	3708c92555e0ded1	3			yes					-1	274	-1	
274	273	02ddd2cc2e73c275	5			yes					-1	-1	-1	275	276	
275	274	3333738e29f49aff	4			yes					-1	-1	-1	-1	
276	274	9f2ee570a2f35535	4			yes					-1	-1	-1	-1	
277	261	d60131030c82c7f5	3			yes					-1	-1	278	
278	277	3113f00ad126c774	5			yes					-1	-1	-1	-1	-1	
279	261	6c4e10eac2d7c186	3			yes					-1	-1	-1	
280	177	c05d60b4f62cb53c	5			yes					281	297	303	315	316	
281	280	4d1a88786d996d9e	4			yes					282	284	289	292	
282	281	365373591df429ff	5			yes					-1	-1	-1	-1	283	
283	282	9a20dd3161f2821c	4			yes					-1	-1	-1	-1	
284	281	215425945a3ff725	5			yes					285	286	-1	287	288	
285	284	162cb4014c7d46b9	4			yes					-1	-1	-1	-1	
286	284	fe2b4e5ce5c955d3	4			yes					-1	-1	-1	-1	
287	284	6b3bee9ac8080f0e	4			yes					-1	-1	-1	-1	
288	284	6507098367e377ac	4			yes					-1	-1	-1	-1	
289	281	d4995dcf116c54d7	5			yes					-1	290	-1	-1	291	
290	289	0be63607ae9af621	4			yes					-1	-1	-1	-1	
291	289	78eaf3a76d6aff34	4			yes					-1	-1	-1	-1	
292	281	3c7aeaeebe530a6c	3			yes					-1	293	295	
293	292	1f51984432eee586	5			yes					-1	-1	-1	294	-1	
294	293	553e534aa0d91dad	4			yes					-1	-1	-1	-1	
295	292	168ac01134d3f07a	5			yes					-1	-1	-1	-1	296	
296	295	2e586e509e2885b3	4			yes					-1	-1	-1	-1	
297	280	b6e6f33436df617b	4			yes					-1	298	301	-1	
298	297	d337ef66f69bf1c2	5			yes					299	-1	-1	300	-1	
299	298	39123aa29e7d878f	4			yes					-1	-1	-1	-1	
300	298	178d640613a08170	4			yes					-1	-1	-1	-1	
301	297	239482c745e573d3	5			yes					-1	-1	-1	-1	302	
302	301	8fe72caf39e3d830	4			yes					-1	-1	-1	-1	
303	280	57ef0b126fbd785f	4			yes					-1	-1	304	314	
304	303	944dc51648fffcb8	6			yes					305	307	309	-1	311	313	
305	304	7e6810d220198af5	5			yes					-1	-1	-1	-1	306	
306	305	d21bbeba5c1f2116	4			yes					-1	-1	-1	-1	
307	304	2d239f5ff68a7a04	5			yes					-1	-1	-1	-1	308	
308	307	815031378a8cd1e7	4			yes					-1	-1	-1	-1	
309	304	3ed5adf5084b5380	5			yes					-1	-1	-1	-1	310	
310	309	92a6039d744df863	4			yes					-1	-1	-1	-1	
311	304	af3c34cd0399d827	5			yes					-1	-1	-1	-1	312	
312	311	034f9aa57f9f73c4	4			yes					-1	-1	-1	-1	
313	304	383e6b7e34f9575b	5			yes					-1	-1	-1	-1	-1	
314	303	268f6984bc771fad	3			yes					-1	-1	-1	
315	280	1d2e727c111da674	4			yes					-1	-1	-1	-1	
316	280	b13d022225e6d2ce	4			yes					-1	-1	-1	-1	
317	0	8c11b252c731cae4	5			yes					-1	-1	318	375	389	
318	317	1bd0ca623887a6fa	5			yes					319	340	356	363	374	
319	318	969722aea3327e58	4			yes					320	326	327	331	
320	319	ff0c707888b31b6a	5			yes					321	322	323	324	325	
321	320	3db2b7718395a6c0	4			yes					-1	-1	-1	-1	
322	320	3b9a6341286e5090	4			yes					-1	-1	-1	-1	
323	320	2daac7f0e7e4a7ad	4			yes					-1	-1	-1	-1	
324	320	497d5404482cddd7	4			yes					-1	-1	-1	-1	
325	320	62ff47c404338c2a	4			yes					-1	-1	-1	-1	
326	319	e07b1f51bfc48700	4			yes					-1	-1	-1	-1	
327	319	5319205ad108b3bd	5			yes					-1	328	329	330	-1	
328	327	3521b2d92f3d3b18	4			yes					-1	-1	-1	-1	
329	327	23dffd0d481d34dd	4			yes					-1	-1	-1	-1	
330	327	43dd074d73876ffc	4			yes					-1	-1	-1	-1	
331	319	4498202fe9560eb0	6			yes					-1	332	334	336	337	339	
332	331	22a0b2ac17638615	5			yes					-1	-1	-1	-1	333	
333	332	1a721cedbd98f3dc	4			yes					-1	-1	-1	-1	
334	331	345efd78704389d0	5			yes					-1	-1	-1	-1	335	
335	334	0c8c5339dab8fc19	4			yes					-1	-1	-1	-1	
336	331	38ec5bc7fcc63e38	5			yes					-1	-1	-1	-1	-1	
337	331	30393ced8cc7f686	5			yes					-1	-1	-1	-1	338	
338	337	08eb92ac263c834f	4			yes					-1	-1	-1	-1	
339	331	7c4a8e6e43ad7b79	5			yes					-1	-1	-1	-1	-1	
340	318	c8d2a7a18f952283	4			yes					-1	341	342	346	
341	340	521b6ce5fcd65294	4			yes					-1	-1	-1	-1	
342	340	8eb901d5607ed1d4	5			yes					343	-1	344	345	-1	
343	342	649cd4110898a799	4			yes					-1	-1	-1	-1	
344	342	fe7fdc82f96b56b4	4			yes					-1	-1	-1	-1	
345	342	9e7d26c2c2f10d95	4			yes					-1	-1	-1	-1	
346	340	993801a058206cd9	6			yes					347	349	350	352	353	355	
347	346	731dd46430c61a94	5			yes					-1	-1	-1	-1	348	
348	347	4bcf7a259a3d6f5d	4			yes					-1	-1	-1	-1	
349	346	aae4c1f82b094c5a	5			yes					-1	-1	-1	-1	-1	
350	346	e9fedcf7c135ebb9	5			yes					-1	-1	-1	-1	351	
351	350	d12c72b66bce9e70	4			yes					-1	-1	-1	-1	
352	346	e54c7a484db05c51	5			yes					-1	-1	-1	-1	-1	
353	346	ed991d623db194ef	5			yes					-1	-1	-1	-1	354	
354	353	d54bb323974ae126	4			yes					-1	-1	-1	-1	
355	346	a1eaafe1f2db1910	5			yes					-1	-1	-1	-1	-1	
356	318	ebf02806872a258c	4			yes					-1	-1	357	358	
357	356	2f4d966068c92d1d	4			yes					-1	-1	-1	-1	
358	356	833697c7cb964f93	3			yes					359	361	-1	
359	358	ec659f4b583cfbfe	5			yes					-1	-1	-1	-1	360	
360	359	d4b7310af2c78e37	4			yes					-1	-1	-1	-1	
361	358	5e05ecff1b2e2e6a	5			yes					-1	-1	-1	-1	362	
362	361	66d742beb1d55ba3	4			yes					-1	-1	-1	-1	
363	318	c6a3d8aadfb6b5b2	4			yes					-1	-1	-1	364	
364	363	41df7905dfd7d50f	6			yes					365	367	369	371	-1	373	
365	364	abfaacc1b731a342	5			yes					-1	-1	-1	-1	366	
366	365	932802801dcad68b	4			yes					-1	-1	-1	-1	
367	364	dc2c991a638eca6f	5			yes					-1	-1	-1	-1	368	
368	367	e4fe375bc975bfa6	4			yes					-1	-1	-1	-1	
369	364	8f7ab53bdf99df89	5			yes					-1	-1	-1	-1	370	
370	369	b7a81b7a7562aa40	4			yes					-1	-1	-1	-1	
371	364	9379ce8db08069c8	5			yes					-1	-1	-1	-1	372	
372	371	abab60cc1a7b1c01	4			yes					-1	-1	-1	-1	
373	364	790dd744752ca0c6	5			yes					-1	-1	-1	-1	-1	
374	318	731675a3743bcce5	4			yes					-1	-1	-1	-1	
375	317	00dae7638f57d635	4			yes					376	384	387	388	
376	375	8d9d0faf14e20e97	3			yes					377	382	383	
377	376	bc4f69155c543e0f	5			yes					-1	378	379	380	381	
378	377	78d97a2cfc8975f5	4			yes					-1	-1	-1	-1	
379	377	1a0503f537480e98	4			yes					-1	-1	-1	-1	
380	377	ca965ad14c992bc9	4			yes					-1	-1	-1	-1	
381	377	d6bb8d14d02ad301	4			yes					-1	-1	-1	-1	
382	376	02908105f84ed6c7	5			yes					-1	-1	-1	-1	-1	
383	376	56b2983878f0427f	5			yes					-1	-1	-1	-1	-1	
384	375	d3d88aa03845524c	3			yes					-1	385	386	
385	384	b0f0f2b1bb5c0353	5			yes					-1	-1	-1	-1	-1	
386	384	8b12b9b7c9862016	5			yes					-1	-1	-1	-1	-1	
387	375	73b8cf407b6397cb	3			yes					-1	-1	-1	
388	375	2d27ad2cd8931d25	3			yes					-1	-1	-1	
389	317	8134dd72ec68699f	5			yes					390	403	410	413	414	
390	389	0c7335be77ddb13d	4			yes					391	396	398	401	
391	390	5240b6bb3da480f3	5			yes					-1	392	393	394	395	
392	391	96d6a5829d79cb09	4			yes					-1	-1	-1	-1	
393	391	f40adc5b56b8b064	4			yes					-1	-1	-1	-1	
394	391	e43192c7fd3b464e	4			yes					-1	-1	-1	-1	
395	391	16139aac0078007a	4			yes					-1	-1	-1	-1	
396	390	ac8fe9e1128c39b1	5			yes					-1	-1	-1	-1	397	
397	396	00fc47896e8a9252	4			yes					-1	-1	-1	-1	
398	390	3fe5afff61129b69	5			yes					-1	399	-1	-1	400	
399	398	59dd3d7c9f2713cc	4			yes					-1	-1	-1	-1	
400	398	418767ce324be170	4			yes					-1	-1	-1	-1	
401	390	7d135728a417d6cf	3			yes					402	-1	-1	
402	401	6c450b6b55759250	5			yes					-1	-1	-1	-1	-1	
403	389	5236b0b15b7aede6	4			yes					-1	404	406	409	
404	403	1eef9a55519eec25	5			yes					-1	-1	-1	-1	405	
405	404	b29c343d2d9847c6	4			yes					-1	-1	-1	-1	
406	403	e2458e70d064f900	5			yes					407	-1	-1	-1	408	
407	406	08605bb4b8828f4d	4			yes					-1	-1	-1	-1	
408	406	9c274641833d8319	4			yes					-1	-1	-1	-1	
409	403	2356d22788b08a14	3			yes					-1	-1	-1	
410	389	f256f551185c2861	4			yes					-1	-1	411	-1	
411	410	40a19521703d6c2c	5			yes					-1	-1	-1	-1	412	
412	411	ecd23b490c3bc7cf	4			yes					-1	-1	-1	-1	
413	389	5c47cfba0b597ad7	4			yes					-1	-1	-1	-1	
414	389	f054bfe43fa20e6d	4			yes					-1	-1	-1	-1	
415	0	17c8c7e43cbafae4	5			yes					-1	-1	-1	416	446	
416	415	2338668be97ceac0	5			yes					417	431	440	443	445	
417	416	ae7f8e4772c93262	4			yes					418	423	427	430	
418	417	0653535d16588842	5			yes					-1	419	420	421	422	
419	418	0c35a744f8c2f9a5	4			yes					-1	-1	-1	-1	
420	418	d4f5e4d5790f3485	4			yes					-1	-1	-1	-1	
421	418	708a609906959d84	4			yes					-1	-1	-1	-1	
422	418	6ca7b75c9a26654c	4			yes					-1	-1	-1	-1	
423	417	7e4da5a4f196fe83	5			yes					-1	-1	424	425	426	
424	423	4124d8ef53ca6225	4			yes					-1	-1	-1	-1	
425	423	08949660e15beb45	4			yes					-1	-1	-1	-1	
426	423	14b941a57de8138d	4			yes					-1	-1	-1	-1	
427	417	d64fdcaad262bcfe	3			yes					428	429	-1	
428	427	eb8c0fe91a4b1b0a	4			yes					-1	-1	-1	-1	
429	427	3ba5cf61757bca8e	4			yes					-1	-1	-1	-1	
430	417	7987f7ec5f4ec172	5			yes					-1	-1	-1	-1	-1	
431	416	f03a0b485e6e6eb9	4			yes					-1	432	437	439	
432	431	cc2dd610b2842b17	5			yes					433	-1	434	435	436	
433	432	260803d4da625d5a	4			yes					-1	-1	-1	-1	
434	432	f344ab5b10d8b7b1	4			yes					-1	-1	-1	-1	
435	432	baf4e5d4a2493ed1	4			yes					-1	-1	-1	-1	
436	432	a6d932113efac619	4			yes					-1	-1	-1	-1	
437	431	880a59a5fec5e025	3			yes					-1	438	-1	
438	437	89c5bcd536691f1a	4			yes					-1	-1	-1	-1	
439	431	235cd3f325f1244b	5			yes					-1	-1	-1	-1	-1	
440	416	3ce9b383fc133af5	4			yes					-1	-1	441	442	
441	440	44d9e16e5cb8b469	3			yes					-1	-1	-1	
442	440	6e9069886b964acc	5			yes					-1	-1	-1	-1	-1	
443	416	5b08346649d7645c	4			yes					-1	-1	-1	444	
444	443	4194500739c88cee	3			yes					-1	-1	-1	
445	416	39a402ea99630272	4			yes					-1	-1	-1	-1	
446	415	192d4d85582cd2ba	5			yes					447	463	473	477	478	
447	446	946aa549c3990a18	4			yes					448	453	458	460	
448	447	e85c8cf377a836be	5			yes					-1	449	450	451	452	
449	448	e23a78ea99324759	4			yes					-1	-1	-1	-1	
450	448	3afa3b7b18ff8a79	4			yes					-1	-1	-1	-1	
451	448	5e2da88fb737f003	4			yes					-1	-1	-1	-1	
452	448	ac0fa0e44a74b637	4			yes					-1	-1	-1	-1	
453	447	90427a0a9066407f	5			yes					-1	454	455	456	457	
454	453	af2ad3b00b936690	4			yes					-1	-1	-1	-1	
455	453	af2b0741323adcd9	4			yes					-1	-1	-1	-1	
456	453	26335e7650f986c2	4			yes					-1	-1	-1	-1	
457	453	d411561dadbac0f6	4			yes					-1	-1	-1	-1	
458	447	bc24de5f00fabee6	5			yes					-1	-1	-1	-1	459	
459	458	105770377cfc1505	4			yes					-1	-1	-1	-1	
460	447	e50ac7df10536dea	3			yes					461	462	-1	
461	460	d65931231f79241d	5			yes					-1	-1	-1	-1	-1	
462	460	ae47c7daf8b752dc	5			yes					-1	-1	-1	-1	-1	
463	446	ca2f2046ef3e56c3	4			yes					-1	464	469	471	
464	463	222209bed37495eb	5			yes					465	-1	466	467	468	
465	464	c807dc7abb92e3a6	4			yes					-1	-1	-1	-1	
466	464	1d4b74f57128094d	4			yes					-1	-1	-1	-1	
467	464	94532dc213eb5356	4			yes					-1	-1	-1	-1	
468	464	667125a9eea81562	4			yes					-1	-1	-1	-1	
469	463	d0d24281c9952236	5			yes					-1	-1	-1	-1	470	
470	469	7ca1ece9b59389d5	4			yes					-1	-1	-1	-1	
471	463	bb4f42d03cf43131	3			yes					-1	472	-1	
472	471	1c27b46ebba58748	5			yes					-1	-1	-1	-1	-1	
473	446	06fc988d4d43028f	4			yes					-1	-1	474	476	
474	473	01f197a2e24752f1	5			yes					-1	-1	-1	-1	475	
475	474	ad8239ca9e41f912	4			yes					-1	-1	-1	-1	
476	473	779cfa1b9e89657d	3			yes					-1	-1	-1	
477	446	30f43291ea02eb1c	4			yes					-1	-1	-1	-1	
478	446	684d2f138be6b548	4			yes					-1	-1	-1	-1	
479	0	bd2e4eb057f5ebd2	5			yes					-1	-1	-1	-1	480	
480	479	eed8f02559c247e9	4			yes					481	504	524	546	
481	480	dbf7a1f354b19331	5			yes					482	487	498	502	503	
482	481	fcd3990900e8a9f3	4			yes					483	484	-1	485	
483	482	d8f508b067c13674	5			yes					-1	-1	-1	-1	-1	
484	482	16206d02244937ba	5			yes					-1	-1	-1	-1	-1	
485	482	93fcde1f1f18ad30	6			yes					-1	-1	-1	-1	-1	486	
486	485	daeb04b0c068e99d	5			yes					-1	-1	-1	-1	-1	
487	481	c42674fb41de4304	4			yes					-1	488	493	494	
488	487	6a33932e92c3b99a	6			yes					489	490	-1	-1	491	492	
489	488	ddacd1c870d64ccc	5			yes					-1	-1	-1	-1	-1	
490	488	f7c073312e9aa6fa	5			yes					-1	-1	-1	-1	-1	
491	488	f71e82e5caa0ff0f	5			yes					-1	-1	-1	-1	-1	
492	488	c6403d46eec51279	5			yes					-1	-1	-1	-1	-1	
493	487	bea9c3098bcf46f7	5			yes					-1	-1	-1	-1	-1	
494	487	dcb29a47ebd4dfa9	3			yes					495	496	-1	
495	494	670aac027da567cd	5			yes					-1	-1	-1	-1	-1	
496	494	8f57e7e931b556d4	6			yes					-1	-1	-1	-1	497	-1	
497	496	127af62269d61041	5			yes					-1	-1	-1	-1	-1	
498	481	4c45ca55cd205e52	4			yes					-1	-1	499	500	
499	498	251e42bd9af5ade9	5			yes					-1	-1	-1	-1	-1	
500	498	54d124e9672ac2ff	3			yes					501	-1	-1	
501	500	a9dfc9b03e2d6603	5			yes					-1	-1	-1	-1	-1	
502	481	b7d368e872adbb39	4			yes					-1	-1	-1	-1	
503	481	c3634f4ffebb0f9c	4			yes					-1	-1	-1	-1	
504	480	18fe374d4ec17523	5			yes					505	514	518	522	523	
505	504	95b9df81d574ad81	4			yes					506	507	509	510	
506	505	612c0c2f3b407a07	5			yes					-1	-1	-1	-1	-1	
507	505	657af01461db13ae	5			yes					-1	-1	-1	508	-1	
508	507	54945156665c4b24	4			yes					-1	-1	-1	-1	
509	505	3bacb996bd40ac8d	5			yes					-1	-1	-1	-1	-1	
510	505	8d2d313d7f7e312c	3			yes					511	512	-1	
511	510	ded3a89d21242bbe	5			yes					-1	-1	-1	-1	-1	
512	510	da8554a67bbf4217	5			yes					-1	-1	-1	513	-1	
513	512	eb6bf5e47c381a9d	4			yes					-1	-1	-1	-1	
514	504	6e45a4cd8e32a164	4			yes					-1	515	-1	516	
515	514	db7dc9679f2fd5bc	5			yes					-1	-1	-1	-1	-1	
516	514	810597a0f9cd4e29	6			yes					-1	-1	-1	-1	-1	517	
517	516	c8124d0f26bd0a84	5			yes					-1	-1	-1	-1	-1	
518	504	8f4c5cebd750b840	4			yes					-1	-1	519	520	
519	518	5c396fc9122ab72e	5			yes					-1	-1	-1	-1	-1	
520	518	97d8b2577d5a24ed	3			yes					-1	521	-1	
521	520	64826dd5854b8405	5			yes					-1	-1	-1	-1	-1	
522	504	74dafe5668dd5d2b	4			yes					-1	-1	-1	-1	
523	504	006ad9f1e4cbe98e	4			yes					-1	-1	-1	-1	
524	480	59978a8b5485a980	5			yes					525	536	541	544	545	
525	524	d4d06247cf307122	4			yes					526	530	-1	532	
526	525	e7e532b7f44f3e77	6			yes					-1	-1	527	-1	528	529	
527	526	41af58579f530ee0	5			yes					-1	-1	-1	-1	-1	
528	526	7ac8237cac2c78e2	5			yes					-1	-1	-1	-1	-1	
529	526	4b969cdf88499594	5			yes					-1	-1	-1	-1	-1	
530	525	db309aae4912c10e	5			yes					-1	-1	-1	-1	-1	
531	525	5b70fbd1db49caf3	5			no					-1	-1	-1	-1	-2	
532	525	cc448cfb653aed8f	3			yes					533	535	-1	
533	532	028146705739d139	6			yes					-1	-1	-1	-1	534	-1	
534	533	9fac57bb0f5a97ac	5			yes					-1	-1	-1	-1	-1	
535	532	64cf3e1c537690b7	5			yes					-1	-1	-1	-1	-1	
536	524	8a95e748e3972df9	4			yes					-1	537	538	539	
537	536	6950e91a0a00149a	5			yes					-1	-1	-1	-1	-1	
538	536	86d0da5e6a3fa89a	5			yes					-1	-1	-1	-1	-1	
539	536	920109f4499db154	3			yes					-1	540	-1	
540	539	d6af4da810644523	5			yes					-1	-1	-1	-1	-1	
541	524	2af5a2a8a0b1e87e	4			yes					-1	-1	-1	542	
542	541	00238f112dff955c	6			yes					-1	-1	-1	-1	-1	543	
543	542	493455bef28fd1f1	5			yes					-1	-1	-1	-1	-1	
544	524	35b3439072998188	4			yes					-1	-1	-1	-1	
545	524	41036437fe8f352d	4			yes					-1	-1	-1	-1	
546	480	77369ff153bd3bf2	5			yes					547	556	563	566	-1	
547	546	fa71773dc808e350	4			yes					548	552	555	-1	
548	547	5df908ffbe43883a	6			yes					-1	-1	549	-1	550	551	
549	548	8f5fbf77d11434fd	5			yes					-1	-1	-1	-1	-1	
550	548	c0d41934e620ceaf	5			yes					-1	-1	-1	-1	-1	
551	548	f18aa697c24523d9	5			yes					-1	-1	-1	-1	-1	
552	547	25e7fe06598dfefb	6			yes					-1	-1	-1	-1	553	554	
553	552	b8caefcd01eeb86e	5			yes					-1	-1	-1	-1	-1	
554	552	8994506e258b5518	5			yes					-1	-1	-1	-1	-1	
555	547	93d03bacf037aefb	5			yes					-1	-1	-1	-1	-1	
556	546	a434f232e4afbf8b	4			yes					-1	557	561	-1	
557	556	97878db21a9f2b6f	6			yes					558	-1	-1	-1	559	560	
558	557	7da2587672795d22	5			yes					-1	-1	-1	-1	-1	
559	557	0aaa9c7942fc6dfa	5			yes					-1	-1	-1	-1	-1	
560	557	3bf423da6699808c	5			yes					-1	-1	-1	-1	-1	
561	556	6b02c6bac1f6e0b2	6			yes					-1	-1	-1	-1	-1	562	
562	561	c77168d2bdf04b51	5			yes					-1	-1	-1	-1	-1	
563	546	68e74af946d2ebc7	4			yes					-1	-1	564	-1	
564	563	ba211399ea249075	6			yes					-1	-1	-1	-1	-1	565	
565	564	1652bdf196223b96	5			yes					-1	-1	-1	-1	-1	
566	546	0f06cd1cf316b56e	4			yes					-1	-1	-1	-1	
567	0	cdf9904460c67461	5			yes					-1	-1	-1	-1	-1	
