Number of nodes
549
ID	PID	Hash_Value			File_Number	Fully_Enumerated	Children
0	-1	7dd4025fecf2970f	6			yes					1	155	285	379	456	548	
1	0	f68705dbe0ca99ea	5			yes					2	61	86	105	123	
2	1	c2ed4111121037bc	5			yes					3	12	32	49	60	
3	2	a2e2985191c6a9c7	4			yes					4	5	6	7	
4	3	86a588679df3f0be	4			yes					-1	-1	-1	-1	
5	3	367d7c02e5f78ef4	4			yes					-1	-1	-1	-1	
6	3	142c4144c528b2a3	4			yes					-1	-1	-1	-1	
7	3	a9a8269a5cb2dd83	3			yes					8	9	11	
8	7	d0e60984706e4890	4			yes					-1	-1	-1	-1	
9	7	6d72e62042878b63	5			yes					-1	-1	-1	-1	10	
10	9	7cb19704a34ee350	4			yes					-1	-1	-1	-1	
11	7	1886c40b3b9d2adc	5			yes					-1	-1	-1	-1	-1	
12	2	1a65455d556cbb52	4			yes					-1	13	20	25	
13	12	5a7664254d8ec59d	5			yes					14	16	17	18	19	
14	13	1e41fc46d454ecbe	4			yes					15	-1	-1	-1	
15	14	819de9d5afcd81bc	3			yes					-1	-1	-1	
16	13	c5aa71b63617a89f	4			yes					-1	-1	-1	-1	
17	13	46b82c356c11d182	4			yes					-1	-1	-1	-1	
18	13	15e2a96966622ba7	4			yes					-1	-1	-1	-1	
19	13	88b108ace830be04	4			yes					-1	-1	-1	-1	
20	12	52d55006b79037ed	5			yes					21	22	-1	23	24	
21	20	16e2c8652e4a1ece	4			yes					-1	-1	-1	-1	
22	20	cd094595cc095aef	4			yes					-1	-1	-1	-1	
23	20	461782b1606b74e8	4			yes					-1	-1	-1	-1	
24	20	ad2cb16af10b3a08	4			yes					-1	-1	-1	-1	
25	12	54185a6e3c55c0d9	5			yes					26	28	29	30	31	
26	25	102fc20da58fe9fa	4			yes					27	-1	-1	-1	
27	26	8ff3d79ede1684f8	3			yes					-1	-1	-1	
28	25	cbc44ffd47ccaddb	4			yes					-1	-1	-1	-1	
29	25	361db443f8e6fdf5	4			yes					-1	-1	-1	-1	
30	25	421dac5c627105fe	4			yes					-1	-1	-1	-1	
31	25	afeb95ef78d4bc2a	4			yes					-1	-1	-1	-1	
32	2	41ad27a6f84431bc	4			yes					-1	-1	33	38	
33	32	d1dd55bb5a8d8e13	5			yes					34	35	36	-1	37	
34	33	95eacdd8c357a730	4			yes					-1	-1	-1	-1	
35	33	4e0140282114e311	4			yes					-1	-1	-1	-1	
36	33	7915f03d4ea6ea1c	4			yes					-1	-1	-1	-1	
37	33	2e24b4d71c1683f6	4			yes					-1	-1	-1	-1	
38	32	17226f3f5b51e3cb	6			yes					39	42	44	-1	46	48	
39	38	5315f75cc28bcae8	5			yes					40	-1	-1	-1	41	
40	39	ccc9e2cfb912a7ea	4			yes					-1	-1	-1	-1	
41	39	42d686782342a2db	4			yes					-1	-1	-1	-1	
42	38	88fe7aac20c88ec9	5			yes					-1	-1	-1	-1	43	
43	42	993d0b88c101e6fa	4			yes					-1	-1	-1	-1	
44	38	bfeacab94f7a87c4	5			yes					-1	-1	-1	-1	45	
45	44	ae29bb9daeb3eff7	4			yes					-1	-1	-1	-1	
46	38	66c4934b4de46189	5			yes					-1	-1	-1	-1	47	
47	46	7707e26fac2d09ba	4			yes					-1	-1	-1	-1	
48	38	06e11e1bba988bf8	5			yes					-1	-1	-1	-1	-1	
49	2	308d0570e38a60d1	4			yes					-1	-1	-1	50	
50	49	62d64d14224b4274	6			yes					51	53	55	57	-1	59	
51	50	26e1d577bb916b57	5			yes					-1	-1	-1	-1	52	
52	51	3722a4535a580364	4			yes					-1	-1	-1	-1	
53	50	fd0a588759d22f76	5			yes					-1	-1	-1	-1	54	
54	53	ecc929a3b81b4745	4			yes					-1	-1	-1	-1	
55	50	ca1ee8923660267b	5			yes					-1	-1	-1	-1	56	
56	55	dbdd99b6d7a94e48	4			yes					-1	-1	-1	-1	
57	50	2d1c023f783bbf16	5			yes					-1	-1	-1	-1	58	
58	57	3cdf731b99f2d725	4			yes					-1	-1	-1	-1	
59	50	73153c30c3822a47	5			yes					-1	-1	-1	-1	-1	
60	2	c9a7ffdadf6443f8	4			yes					-1	-1	-1	-1	
61	1	ce087736e81cbb5f	4			yes					62	69	74	85	
62	61	6ce32fa3ac042821	3			yes					63	64	65	
63	62	c9684cbe1ab3d090	4			yes					-1	-1	-1	-1	
64	62	79b20d22e33901c1	4			yes					-1	-1	-1	-1	
65	62	16de66e32ea5efd1	5			yes					-1	66	67	-1	68	
66	65	9bb8b2e4aa71f40b	4			yes					-1	-1	-1	-1	
67	65	591429c874d512b3	4			yes					-1	-1	-1	-1	
68	65	3d3f801fdce6abdd	4			yes					-1	-1	-1	-1	
69	61	5bc1a23f78f6b057	3			yes					-1	70	71	
70	69	791639078134bcaf	4			yes					-1	-1	-1	-1	
71	69	9dd0008bbf062eb8	5			yes					72	73	-1	-1	-1	
72	71	d9e798e826dc079b	4			yes					-1	-1	-1	-1	
73	71	137c7d1f5ac74f4b	4			yes					-1	-1	-1	-1	
74	61	3c6833571986ec32	3			yes					-1	-1	75	
75	74	5f79176edeb6996c	6			yes					76	78	80	82	-1	84	
76	75	1b4e8f0d476cb04f	5			yes					-1	-1	-1	-1	77	
77	76	0a8dfe29a6a5d87c	4			yes					-1	-1	-1	-1	
78	75	d1d56afa3b77f89f	5			yes					-1	-1	-1	-1	79	
79	78	c0161bdedabe90ac	4			yes					-1	-1	-1	-1	
80	75	db6e8095a8382a8a	5			yes					-1	-1	-1	-1	81	
81	80	caadf1b149f142b9	4			yes					-1	-1	-1	-1	
82	75	10b3584584c6640e	5			yes					-1	-1	-1	-1	83	
83	82	01702961650f0c3d	4			yes					-1	-1	-1	-1	
84	75	4eba664a3f7ff15f	5			yes					-1	-1	-1	-1	-1	
85	61	c542c9fd2568cf1b	3			yes					-1	-1	-1	
86	1	0528e051e42178aa	4			yes					87	94	102	104	
87	86	a7c3b8c4a039ebd4	3			yes					88	89	90	
88	87	a10874ba5e6e2231	4			yes					-1	-1	-1	-1	
89	87	31718e95bed99258	4			yes					-1	-1	-1	-1	
90	87	be0c16ee8de5e3d1	5			yes					-1	91	92	-1	93	
91	90	5ef48e8f2f204b69	4			yes					-1	-1	-1	-1	
92	90	348a65ae52c4a1d1	4			yes					-1	-1	-1	-1	
93	90	95edf0127fa6a7dd	4			yes					-1	-1	-1	-1	
94	86	dda0e41da35df444	3			yes					-1	95	96	
95	94	24ddffacd066446f	4			yes					-1	-1	-1	-1	
96	94	08919b17097335b3	5			yes					97	98	99	100	101	
97	96	4ca6037490a91c90	4			yes					-1	-1	-1	-1	
98	96	863de683ecb25440	4			yes					-1	-1	-1	-1	
99	96	902efee9f8b15a5a	4			yes					-1	-1	-1	-1	
100	96	f390816f89afc69d	4			yes					-1	-1	-1	-1	
101	96	a9259a710d05d417	4			yes					-1	-1	-1	-1	
102	86	7129e212ce106bd4	3			yes					-1	-1	103	
103	102	d3c018d195daced9	5			yes					-1	-1	-1	-1	-1	
104	86	0e625e9a29550cee	3			yes					-1	-1	-1	
105	1	4fc3dbc4709b073a	4			yes					106	113	120	122	
106	105	ed28835134839444	3			yes					107	110	-1	
107	106	f09d81007c8a09c0	5			yes					-1	-1	-1	108	109	
108	107	5b57a98f4ba06944	4			yes					-1	-1	-1	-1	
109	107	60bf012421fc2e81	4			yes					-1	-1	-1	-1	
110	106	1da17a3ba47d66d4	5			yes					-1	-1	-1	111	112	
111	110	b66b52b493570650	4			yes					-1	-1	-1	-1	
112	110	8d83fa1ff90b4195	4			yes					-1	-1	-1	-1	
113	105	974bdf8837e78bd4	3			yes					-1	114	119	
114	113	951fde624bb478f5	5			yes					115	116	-1	117	118	
115	114	d1284601d26e51d6	4			yes					-1	-1	-1	-1	
116	114	1bb3a3f6ae751906	4			yes					-1	-1	-1	-1	
117	114	f724147204d166e6	4			yes					-1	-1	-1	-1	
118	114	b46e67f712e142dc	4			yes					-1	-1	-1	-1	
119	113	09cf4453f020974c	5			yes					-1	-1	-1	-1	-1	
120	105	cc83bd739acf013a	3			yes					-1	-1	121	
121	120	8ac741ee1d3d2eb2	5			yes					-1	-1	-1	-1	-1	
122	105	f9233a6ee9301990	3			yes					-1	-1	-1	
123	1	c9081c68f7bd4216	5			yes					124	131	146	153	154	
124	123	6be344fdb3a5d168	4			yes					125	127	129	-1	
125	124	f2be604395163a70	5			yes					-1	-1	-1	-1	126	
126	125	1a214bc0dcf5b8ad	4			yes					-1	-1	-1	-1	
127	124	cad2acd8eee0458b	5			yes					-1	-1	-1	-1	128	
128	127	224d875ba703c756	4			yes					-1	-1	-1	-1	
129	124	cb9d1e1ee6f3315b	5			yes					-1	-1	-1	-1	130	
130	129	2302359daf10b386	4			yes					-1	-1	-1	-1	
131	123	11801824b0c1cef8	4			yes					-1	132	137	142	
132	131	ac806d401679781d	5			yes					133	134	-1	135	136	
133	132	e8b7f5238fa3513e	4			yes					-1	-1	-1	-1	
134	132	222c10d4f3b819ee	4			yes					-1	-1	-1	-1	
135	132	e314a00c3d959627	4			yes					-1	-1	-1	-1	
136	132	99c160ab7668b2f5	4			yes					-1	-1	-1	-1	
137	131	ffac6c8749b4bf5a	5			yes					138	139	-1	140	141	
138	137	bb9bf4e4d06e9679	4			yes					-1	-1	-1	-1	
139	137	71001113ac75dea9	4			yes					-1	-1	-1	-1	
140	137	eb6ebe309e4ffc5f	4			yes					-1	-1	-1	-1	
141	137	bc5cd96d6f5336f9	4			yes					-1	-1	-1	-1	
142	131	d3cb7a435fd6c213	3			yes					-1	143	-1	
143	142	5221f30fd05cef9a	5			yes					144	145	-1	-1	-1	
144	143	16166b6c4986c6b9	4			yes					-1	-1	-1	-1	
145	143	dc8d8e9b359d8e69	4			yes					-1	-1	-1	-1	
146	123	4a487adf1de94416	4			yes					-1	-1	147	152	
147	146	7ca4693aa4a906a4	5			yes					148	149	150	-1	151	
148	147	3893f1593d732f87	4			yes					-1	-1	-1	-1	
149	147	f20814ae41686757	4			yes					-1	-1	-1	-1	
150	147	d46cccbcb08262ab	4			yes					-1	-1	-1	-1	
151	147	3f54dcd0824e8f07	4			yes					-1	-1	-1	-1	
152	146	880318b8f2fe48fd	3			yes					-1	-1	-1	
153	123	3b6858090627157b	4			yes					-1	-1	-1	-1	
154	123	0b437e0f18aa4efd	4			yes					-1	-1	-1	-1	
155	0	5ddf785be36a5e6f	5			yes					-1	156	215	234	253	
156	155	22619d4b0ec07ec0	5			yes					157	176	187	203	214	
157	156	d3810aa4cb5ba610	4			yes					158	159	165	170	
158	157	f5a98d634bc9e265	4			yes					-1	-1	-1	-1	
159	157	ab1fde0acc35ee56	5			yes					160	161	162	163	164	
160	159	144c335573a80b79	4			yes					-1	-1	-1	-1	
161	159	df17c2eddb23fe2a	4			yes					-1	-1	-1	-1	
162	159	5608507d26d960f0	4			yes					-1	-1	-1	-1	
163	159	e48b1346e7d9006c	4			yes					-1	-1	-1	-1	
164	159	79d8b283698b95cf	4			yes					-1	-1	-1	-1	
165	157	c4e993a2eccf64ef	5			yes					166	167	168	-1	169	
166	165	7bba7efd535281c0	4			yes					-1	-1	-1	-1	
167	165	b0e18f45fbd97493	4			yes					-1	-1	-1	-1	
168	165	99364f10d2d8e946	4			yes					-1	-1	-1	-1	
169	165	23de21c21887845e	4			yes					-1	-1	-1	-1	
170	157	188caea623ad6938	5			yes					171	172	173	174	175	
171	170	a7df43f99c308c17	4			yes					-1	-1	-1	-1	
172	170	6c84b24134bb7944	4			yes					-1	-1	-1	-1	
173	170	455372141dbae491	4			yes					-1	-1	-1	-1	
174	170	ca877c9f8ea43040	4			yes					-1	-1	-1	-1	
175	170	448fff333b952182	4			yes					-1	-1	-1	-1	
176	156	8b8a0bf21321fdf9	4			yes					-1	177	181	182	
177	176	97124a2ee9140d8f	5			yes					178	-1	-1	179	180	
178	177	ff921317b1a60f38	4			yes					-1	-1	-1	-1	
179	177	0d8c0a8572467d47	4			yes					-1	-1	-1	-1	
180	177	0730ca0ab4622ace	4			yes					-1	-1	-1	-1	
181	176	a3fdd6d36ad4f9fe	4			yes					-1	-1	-1	-1	
182	176	80c0b539de5589bd	3			yes					183	184	186	
183	182	97444d1630b550af	4			yes					-1	-1	-1	-1	
184	182	b3b0bcffc510c563	5			yes					-1	-1	-1	-1	185	
185	184	a273cddb24d9ad50	4			yes					-1	-1	-1	-1	
186	182	af57539c94616181	5			yes					-1	-1	-1	-1	-1	
187	156	a121fbfce49478c0	4			yes					-1	-1	188	193	
188	187	d1b5a69cf940726e	5			yes					189	190	191	-1	192	
189	188	b935ffa5a1f270d9	4			yes					-1	-1	-1	-1	
190	188	4e69b30f82d91f6c	4			yes					-1	-1	-1	-1	
191	188	55a231678fcec188	4			yes					-1	-1	-1	-1	
192	188	2e4c47f0bfdb7f8b	4			yes					-1	-1	-1	-1	
193	187	174a9c18f89c1fb6	6			yes					194	196	198	-1	200	202	
194	193	7fcac521a02e1d01	5			yes					-1	-1	-1	-1	195	
195	194	6e09b40541e77532	4			yes					-1	-1	-1	-1	
196	193	8896898b830572b4	5			yes					-1	-1	-1	-1	197	
197	196	9955f8af62cc1a87	4			yes					-1	-1	-1	-1	
198	193	935d0be38e12ac50	5			yes					-1	-1	-1	-1	199	
199	198	829e7ac76fdbc463	4			yes					-1	-1	-1	-1	
200	193	66ac606cee299df4	5			yes					-1	-1	-1	-1	201	
201	200	776f11480fe0f5c7	4			yes					-1	-1	-1	-1	
202	193	0689ed3c19557785	5			yes					-1	-1	-1	-1	-1	
203	156	d001d92aff5a29ad	4			yes					-1	-1	-1	204	
204	203	62bebe338186be09	6			yes					205	207	209	211	-1	213	
205	204	0a3ee70ad934bcbe	5			yes					-1	-1	-1	-1	206	
206	205	1bfd962e38fdd48d	4			yes					-1	-1	-1	-1	
207	204	fd62aba0fa1fd30b	5			yes					-1	-1	-1	-1	208	
208	207	eca1da841bd6bb38	4			yes					-1	-1	-1	-1	
209	204	e6a929c8f7080def	5			yes					-1	-1	-1	-1	210	
210	209	f76a58ec16c165dc	4			yes					-1	-1	-1	-1	
211	204	2d74f118dbf6436b	5			yes					-1	-1	-1	-1	212	
212	211	3cb7803c3a3f2b58	4			yes					-1	-1	-1	-1	
213	204	737dcf17604fd63a	5			yes					-1	-1	-1	-1	-1	
214	156	292b2380c3b40a84	4			yes					-1	-1	-1	-1	
215	155	503bf8f8e66a1fde	4			yes					216	225	231	233	
216	215	a1db6f1723f1c70e	3			yes					217	218	219	
217	216	39b7404154e8b26d	4			yes					-1	-1	-1	-1	
218	216	ea459a3c6d7e6545	4			yes					-1	-1	-1	-1	
219	216	a23460041ede5a91	5			yes					220	221	222	223	224	
220	219	1d678d5ba143bfbe	4			yes					-1	-1	-1	-1	
221	219	2dba7da0c5d10d5c	4			yes					-1	-1	-1	-1	
222	219	6a68ebe5e038a068	4			yes					-1	-1	-1	-1	
223	219	59357a7c9e02a9bf	4			yes					-1	-1	-1	-1	
224	219	038061621aa8bb35	4			yes					-1	-1	-1	-1	
225	215	8eab2b6722debfea	3			yes					-1	226	227	
226	225	f0cc3c53afbf2c86	4			yes					-1	-1	-1	-1	
227	225	1b04064481093e8c	5			yes					228	-1	229	-1	230	
228	227	73845f7dd9bb3c3b	4			yes					-1	-1	-1	-1	
229	227	c29a06b0847fd310	4			yes					-1	-1	-1	-1	
230	227	30e5e0b8734a7a80	4			yes					-1	-1	-1	-1	
231	215	243afabbcc5b0ca0	3			yes					-1	-1	232	
232	231	ee07b18ccaeae9bc	5			yes					-1	-1	-1	-1	-1	
233	215	5b7146332b1e6b9a	3			yes					-1	-1	-1	
234	155	1ad0c36d72d0604e	4			yes					235	246	250	252	
235	234	eb305482b74bb89e	3			yes					236	239	244	
236	235	2db9407c3af27147	5			yes					-1	-1	-1	237	238	
237	236	867368f30dd811c3	4			yes					-1	-1	-1	-1	
238	236	bd9bc05867845606	4			yes					-1	-1	-1	-1	
239	235	cf9a70b26ec930cc	5			yes					240	241	-1	242	243	
240	239	70c99dedd154d5e3	4			yes					-1	-1	-1	-1	
241	239	40146d16b5c66701	4			yes					-1	-1	-1	-1	
242	239	6450583d59e35048	4			yes					-1	-1	-1	-1	
243	239	5fb8f09633bf178d	4			yes					-1	-1	-1	-1	
244	235	a9b304f4942ddc5f	5			yes					-1	-1	-1	-1	245	
245	244	35054f487831d28d	4			yes					-1	-1	-1	-1	
246	234	c44010f2b664c07a	3			yes					-1	247	-1	
247	246	24c02f2bea639764	5			yes					-1	-1	-1	248	249	
248	247	8f0a07a4dd49f7e0	4			yes					-1	-1	-1	-1	
249	247	b4e2af0fb715b025	4			yes					-1	-1	-1	-1	
250	234	9990a5da9884664e	3			yes					-1	-1	251	
251	250	b700e8b3420d09d7	5			yes					-1	-1	-1	-1	-1	
252	234	ac3022c7eb7b7ee4	3			yes					-1	-1	-1	
253	155	9c1b04c1f5f62562	5			yes					254	270	276	283	284	
254	253	6dfb932e306dfdb2	4			yes					255	257	262	265	
255	254	608788503aeadfb0	5			yes					-1	-1	-1	-1	256	
256	255	8818a3d373095d6d	4			yes					-1	-1	-1	-1	
257	254	541a43a39a77c676	5			yes					258	259	-1	260	261	
258	257	eb49aefc25ea2359	4			yes					-1	-1	-1	-1	
259	257	db945e07417891bb	4			yes					-1	-1	-1	-1	
260	257	69a8b12b068f8c59	4			yes					-1	-1	-1	-1	
261	257	cd9af64762d546dd	4			yes					-1	-1	-1	-1	
262	254	7630d6f881cda81c	5			yes					-1	263	-1	-1	264	
263	262	f9becb5c5ac2ffd1	4			yes					-1	-1	-1	-1	
264	262	9eaffd7bc82e2ac1	4			yes					-1	-1	-1	-1	
265	254	afb0f149df7af159	3			yes					-1	266	268	
266	265	e67b10bb909602d1	5			yes					-1	-1	-1	267	-1	
267	266	dbc9e2330c6e48fe	4			yes					-1	-1	-1	-1	
268	265	621d29f8cd2ad684	5			yes					-1	-1	-1	-1	269	
269	268	73de58dc2ce3beb7	4			yes					-1	-1	-1	-1	
270	253	428bd75e31428556	4			yes					-1	271	274	-1	
271	270	98c340b953862b3f	5			yes					272	-1	-1	-1	273	
272	271	f04319800b342988	4			yes					-1	-1	-1	-1	
273	271	705c6b3a1a65a9e2	4			yes					-1	-1	-1	-1	
274	270	7c4c8989490f7a06	5			yes					-1	-1	-1	-1	275	
275	274	94d3a20a00ecf8db	4			yes					-1	-1	-1	-1	
276	253	1f5b62761fa22362	4			yes					-1	-1	277	282	
277	276	4163c067fb9921c1	5			yes					278	279	280	-1	281	
278	277	29e3995ea32b2376	4			yes					-1	-1	-1	-1	
279	277	debfd5f480004cc3	4			yes					-1	-1	-1	-1	
280	277	e9ab65e1efb245ce	4			yes					-1	-1	-1	-1	
281	277	0293758ddd7ea862	4			yes					-1	-1	-1	-1	
282	276	dd100011f0b52f89	3			yes					-1	-1	-1	
283	253	6e7b40a0046c720f	4			yes					-1	-1	-1	-1	
284	253	5e5066a61ae12989	4			yes					-1	-1	-1	-1	
285	0	4755913c3cd760d9	5			yes					-1	-1	286	338	352	
286	285	158df6206783b26f	5			yes					287	306	319	326	337	
287	286	e46d61cfa2186abf	4			yes					288	295	296	301	
288	287	19aa1ac3470301c0	5			yes					289	290	291	293	294	
289	288	d13a63a30f300f0e	4			yes					-1	-1	-1	-1	
290	288	c42ca83f855dc6d4	4			yes					-1	-1	-1	-1	
291	288	932c6983982243c0	4			yes					-1	-1	-1	292	
292	291	030ee9a7c5546481	3			yes					-1	-1	-1	
293	288	0fb238f8083aac9b	4			yes					-1	-1	-1	-1	
294	288	89889ae71a752681	4			yes					-1	-1	-1	-1	
295	287	33017fc4c05c11b7	4			yes					-1	-1	-1	-1	
296	287	d39a6829d29c64d4	5			yes					-1	297	298	299	300	
297	296	d0ac23b289de953d	4			yes					-1	-1	-1	-1	
298	296	cdda7184be93b327	4			yes					-1	-1	-1	-1	
299	296	acbb923995d25d8f	4			yes					-1	-1	-1	-1	
300	296	2c63894594076931	4			yes					-1	-1	-1	-1	
301	287	09f7684b57e342e0	5			yes					-1	302	303	304	305	
302	301	0ac123d00ca1b309	4			yes					-1	-1	-1	-1	
303	301	17b771e63bec9513	4			yes					-1	-1	-1	-1	
304	301	f2f67233d73fb1ce	4			yes					-1	-1	-1	-1	
305	301	a843692d5395a344	4			yes					-1	-1	-1	-1	
306	286	62190ba3546e23a2	4			yes					-1	307	308	313	
307	306	e3326461ac1c9eb6	4			yes					-1	-1	-1	-1	
308	306	fe28e5cd71d2fff7	5			yes					309	-1	310	311	312	
309	308	96a8bcf42960fd40	4			yes					-1	-1	-1	-1	
310	308	e068fc601ddd2804	4			yes					-1	-1	-1	-1	
311	308	81091fdd369cc6ac	4			yes					-1	-1	-1	-1	
312	308	01d104a13749f212	4			yes					-1	-1	-1	-1	
313	306	2445e5aff4add9c3	5			yes					314	315	316	317	318	
314	313	4cc5bc96ac1fdb74	4			yes					-1	-1	-1	-1	
315	313	2c755b8ab017c7ce	4			yes					-1	-1	-1	-1	
316	313	3a05fc0298a20e30	4			yes					-1	-1	-1	-1	
317	313	df44ffd774712aed	4			yes					-1	-1	-1	-1	
318	313	85f1e4c9f0db3867	4			yes					-1	-1	-1	-1	
319	286	7f5e90c6ca986a34	4			yes					-1	-1	320	321	
320	319	55a1f85d405c973b	4			yes					-1	-1	-1	-1	
321	319	74142e0d07ec1e70	3			yes					322	324	-1	
322	321	7acd4949eea8a1d1	5			yes					-1	-1	-1	-1	323	
323	322	6b0e386d0f61c9e2	4			yes					-1	-1	-1	-1	
324	321	aafe52ec82e82ed0	5			yes					-1	-1	-1	-1	325	
325	324	bb3d23c8632146e3	4			yes					-1	-1	-1	-1	
326	286	e7edb2419619e502	4			yes					-1	-1	-1	327	
327	326	b682ea5f9a8f0d9a	6			yes					328	330	332	334	-1	336	
328	327	de02b366c23d0f2d	5			yes					-1	-1	-1	-1	329	
329	328	cfc1c24223f4671e	4			yes					-1	-1	-1	-1	
330	327	382e97cb7f4e6c69	5			yes					-1	-1	-1	-1	331	
331	330	29ede6ef9e87045a	4			yes					-1	-1	-1	-1	
332	327	32957da4ec01be7c	5			yes					-1	-1	-1	-1	333	
333	332	23560c800dc8d64f	4			yes					-1	-1	-1	-1	
334	327	3c04991f45ae4f9a	5			yes					-1	-1	-1	-1	335	
335	334	2dc7e83ba46727a9	4			yes					-1	-1	-1	-1	
336	327	a7419b7b7b4665a9	5			yes					-1	-1	-1	-1	-1	
337	286	1ec748ebaaf7c62b	4			yes					-1	-1	-1	-1	
338	285	a55d5ecfff375cbf	4			yes					339	347	350	351	
339	338	54bdc9203aac846f	3			yes					340	345	346	
340	339	1e94cf47065b757a	5			yes					-1	341	342	343	344	
341	340	c3127dbbc405b26e	4			yes					-1	-1	-1	-1	
342	340	515e806c5c2b8818	4			yes					-1	-1	-1	-1	
343	340	7bad3d2289480e91	4			yes					-1	-1	-1	-1	
344	340	3fe576d25f0e4f53	4			yes					-1	-1	-1	-1	
345	339	9a74b12ecaee87e3	5			yes					-1	-1	-1	-1	-1	
346	339	f906e75b72d040fa	5			yes					-1	-1	-1	-1	-1	
347	338	d2c9a34cccdacd72	3			yes					-1	348	349	
348	347	4a47aa8ba6ae08e2	5			yes					-1	-1	-1	-1	-1	
349	347	d4b46abfd19edbd9	5			yes					-1	-1	-1	-1	-1	
350	338	30948bc66fdd57b7	3			yes					-1	-1	-1	
351	338	13bdbf65669c4215	3			yes					-1	-1	-1	
352	285	2396996378111993	5			yes					353	367	374	377	378	
353	352	d2760e8cbd8ac143	4			yes					354	359	361	364	
354	353	d544136867861948	5			yes					-1	355	356	357	358	
355	354	08c2a194a5d8de5c	4			yes					-1	-1	-1	-1	
356	354	9a8e5c433df6e42a	4			yes					-1	-1	-1	-1	
357	354	c35c315328bfb413	4			yes					-1	-1	-1	-1	
358	354	4cc4a68c9f2499e3	4			yes					-1	-1	-1	-1	
359	353	1f70ce008dc8ce3b	5			yes					-1	-1	-1	-1	360	
360	359	f7efe583c42b4ce6	4			yes					-1	-1	-1	-1	
361	353	48a21b27fb5b727d	5			yes					-1	362	-1	-1	363	
362	361	4b9450bca0198394	4			yes					-1	-1	-1	-1	
363	361	a587ba820f4af694	4			yes					-1	-1	-1	-1	
364	353	103d6ceb529dcda8	3			yes					365	-1	-1	
365	364	672540706d67ddef	5			yes					-1	-1	366	-1	-1	
366	365	28ef0f5b3717208d	4			yes					-1	-1	-1	-1	
367	352	540264e04bfc885e	4			yes					-1	368	370	373	
368	367	cf43d5a5e188413a	5			yes					-1	-1	-1	-1	369	
369	368	27dcfe26a86bc3e7	4			yes					-1	-1	-1	-1	
370	367	651096c35815e95e	5			yes					371	-1	-1	-1	372	
371	370	0d90cffa00a7ebe9	4			yes					-1	-1	-1	-1	
372	370	88353766ac046db7	4			yes					-1	-1	-1	-1	
373	367	96490687a4eb84b5	3			yes					-1	-1	-1	
374	352	b65f4c6ae8fb129b	4			yes					-1	-1	375	-1	
375	374	3916e06651faaf29	5			yes					-1	-1	-1	-1	376	
376	375	d189cbe518192df4	4			yes					-1	-1	-1	-1	
377	352	d1f6dd02898b4efe	4			yes					-1	-1	-1	-1	
378	352	e1ddfb0497061578	4			yes					-1	-1	-1	-1	
379	0	72a218efb969106a	5			yes					-1	-1	-1	380	421	
380	379	ac237ccceb7fb81a	5			yes					381	397	410	418	420	
381	380	5dc3eb232ee460ca	4			yes					382	387	391	392	
382	381	70feaba9a29dc83e	5			yes					-1	383	384	385	386	
383	382	065e41d041540d0c	4			yes					-1	-1	-1	-1	
384	382	fa78d8e97dbc8a3e	4			yes					-1	-1	-1	-1	
385	382	15c759cc2d8eb3d5	4			yes					-1	-1	-1	-1	
386	382	518f123cfbc8f217	4			yes					-1	-1	-1	-1	
387	381	d86da9e790cad42f	5			yes					-1	-1	388	389	390	
388	387	fc0e496572734fd0	4			yes					-1	-1	-1	-1	
389	387	bd545b821fd9afc4	4			yes					-1	-1	-1	-1	
390	387	f91c1072c99fee06	4			yes					-1	-1	-1	-1	
391	381	b7f62d133a38d212	4			yes					-1	-1	-1	-1	
392	381	715efae6e9abcbdd	6			yes					-1	-1	393	394	395	396	
393	392	ea9b9217053e918f	5			yes					-1	-1	-1	-1	-1	
394	392	9bae6781e17a6821	5			yes					-1	-1	-1	-1	-1	
395	392	8aeec3808ff2c93e	5			yes					-1	-1	-1	-1	-1	
396	392	c5157d939028c8ec	5			yes					-1	-1	-1	-1	-1	
397	380	dbb7814fd89229d7	4			yes					-1	398	403	404	
398	397	085eb242fc8a5b2e	5			yes					399	-1	400	401	402	
399	398	60deeb7ba4385999	4			yes					-1	-1	-1	-1	
400	398	2c3d52c01e33c0d1	4			yes					-1	-1	-1	-1	
401	398	6d674027739920c5	4			yes					-1	-1	-1	-1	
402	398	292f0bd7a5df6107	4			yes					-1	-1	-1	-1	
403	397	87e46b3fbae57637	5			yes					-1	-1	-1	-1	-1	
404	397	d6976956e9910ab4	6			yes					405	-1	406	407	408	409	
405	404	be17306fb1230803	5			yes					-1	-1	-1	-1	-1	
406	404	70ac06f919eff110	5			yes					-1	-1	-1	-1	-1	
407	404	3c67f431e140a948	5			yes					-1	-1	-1	-1	-1	
408	404	2d2750308fc80857	5			yes					-1	-1	-1	-1	-1	
409	404	62dcee2390120985	5			yes					-1	-1	-1	-1	-1	
410	380	74ab7880ac0334f4	4			yes					-1	-1	411	412	
411	410	06b5dc1ae41a835b	5			yes					-1	-1	-1	-1	-1	
412	410	db9862275bbaae83	6			yes					413	414	-1	415	416	417	
413	412	b3183b1e0308ac34	5			yes					-1	-1	-1	-1	-1	
414	412	55341fb3be7bcf70	5			yes					-1	-1	-1	-1	-1	
415	412	3168ff40536b0d7f	5			yes					-1	-1	-1	-1	-1	
416	412	20285b413de3ac60	5			yes					-1	-1	-1	-1	-1	
417	412	6fd3e5522239adb2	5			yes					-1	-1	-1	-1	-1	
418	380	2c21503295ef9378	4			yes					-1	-1	-1	419	
419	418	5efc6e20b10ac5f3	3			yes					-1	-1	-1	
420	380	defe42decf9aee91	4			yes					-1	-1	-1	-1	
421	379	e8b60e04742cda66	5			yes					422	439	450	454	455	
422	421	195699ebb1b702b6	4			yes					423	428	433	435	
423	422	bb2e7786c340a40c	5			yes					-1	424	425	426	427	
424	423	cd8e9dff2089613e	4			yes					-1	-1	-1	-1	
425	423	31a804c61c61e60c	4			yes					-1	-1	-1	-1	
426	423	ad3655bd8c790957	4			yes					-1	-1	-1	-1	
427	423	22aec2623be224a7	4			yes					-1	-1	-1	-1	
428	422	13bd75c8f117b81d	5			yes					-1	429	430	431	432	
429	428	e5cf563eb126c07f	4			yes					-1	-1	-1	-1	
430	428	37de954a13ae23e2	4			yes					-1	-1	-1	-1	
431	428	05a557f3be2e1546	4			yes					-1	-1	-1	-1	
432	428	8a3dc02c09b538b6	4			yes					-1	-1	-1	-1	
433	422	0c413b298aa28bfd	5			yes					-1	-1	-1	-1	434	
434	433	e4de10aac3410920	4			yes					-1	-1	-1	-1	
435	422	db1dfb8c5ea00e5d	3			yes					436	438	-1	
436	435	094f249ec9a160ab	5			yes					-1	-1	437	-1	-1	
437	436	83c957de168022ab	4			yes					-1	-1	-1	-1	
438	435	a1dc26d0fbf67cba	5			yes					-1	-1	-1	-1	-1	
439	421	9f22f38747c14bab	4			yes					-1	440	445	447	
440	439	c38e6e6d9d57371c	5			yes					441	-1	442	443	444	
441	440	ab0e3754c5e535ab	4			yes					-1	-1	-1	-1	
442	440	e7ed8eef7feeace3	4			yes					-1	-1	-1	-1	
443	440	d5964c56d26e9a47	4			yes					-1	-1	-1	-1	
444	440	5a0edb8965f5b7b7	4			yes					-1	-1	-1	-1	
445	439	2824a09d89913e07	5			yes					-1	-1	-1	-1	446	
446	445	c0bb8b1ec072bcda	4			yes					-1	-1	-1	-1	
447	439	5d6991e0a8d64740	3			yes					-1	448	-1	
448	447	71ef3d7597b6f3bb	5			yes					449	-1	-1	-1	-1	
449	448	196f644ccf04f10c	4			yes					-1	-1	-1	-1	
450	421	303e0a4833505688	4			yes					-1	-1	451	453	
451	450	a97517b8d76ecb6b	5			yes					-1	-1	-1	-1	452	
452	451	41ea3c3b9e8d49b6	4			yes					-1	-1	-1	-1	
453	450	f275682fdc475a63	3			yes					-1	-1	-1	
454	421	9cb70c475e1dc918	4			yes					-1	-1	-1	-1	
455	421	2afd6c639b3bd68d	4			yes					-1	-1	-1	-1	
456	0	cb849d2bcf5894ed	5			yes					-1	-1	-1	-1	457	
457	456	9eaff453861eb736	4			yes					458	481	501	525	
458	457	5260499326d2f776	5			yes					459	464	475	479	480	
459	458	f08b110662ca6408	4			yes					460	461	-1	462	
460	459	f93fb4c0d95eae2a	5			yes					-1	-1	-1	-1	-1	
461	459	14034ffb01a9c13e	5			yes					-1	-1	-1	-1	-1	
462	459	ba0be5776a05cfbf	6			yes					-1	-1	-1	-1	-1	463	
463	462	fd67432c0fb98412	5			yes					-1	-1	-1	-1	-1	
464	458	8ae84ddf61ae7b98	4			yes					-1	465	470	471	
465	464	8216137f6e668a1c	6			yes					466	467	-1	-1	468	469	
466	465	c6218b1cf7bca33f	5			yes					-1	-1	-1	-1	-1	
467	465	0cba6eeb8ba7ebef	5			yes					-1	-1	-1	-1	-1	
468	465	5cf14c745b02c001	5			yes					-1	-1	-1	-1	-1	
469	465	6a8938fc278508c1	5			yes					-1	-1	-1	-1	-1	
470	464	aa92b109a5068dcc	5			yes					-1	-1	-1	-1	-1	
471	464	9160dce200aefbdc	3			yes					472	473	-1	
472	471	a4ec9523408bb44c	5			yes					-1	-1	-1	-1	-1	
473	471	2de59ea74239436c	6			yes					-1	-1	-1	-1	474	-1	
474	473	f302c1ac775d0971	5			yes					-1	-1	-1	-1	-1	
475	458	d1202f24cc86f176	4			yes					-1	-1	476	477	
476	475	299ab4b4481b3432	5			yes					-1	-1	-1	-1	-1	
477	475	caa8be19ad867132	3			yes					478	-1	-1	
478	477	49d06e18987cdb58	5			yes					-1	-1	-1	-1	-1	
479	458	e2abab53883099d4	4			yes					-1	-1	-1	-1	
480	458	49e8d8ae47d27732	4			yes					-1	-1	-1	-1	
481	457	0773513a24999002	5			yes					482	491	495	499	500	
482	481	f693c6d5e10248d2	4			yes					483	484	486	487	
483	482	241b75bc9f26d6ad	5			yes					-1	-1	-1	-1	-1	
484	482	c6384572cb1d9726	5			yes					-1	-1	-1	485	-1	
485	484	6df26dfdfc37f7a2	4			yes					-1	-1	-1	-1	
486	482	781f548c355d7908	5			yes					-1	-1	-1	-1	-1	
487	482	ed1b57e88002c896	3			yes					488	489	-1	
488	487	79c8545f06f3cccb	5			yes					-1	-1	-1	-1	-1	
489	487	9beb649152c88d40	5			yes					-1	-1	-1	490	-1	
490	489	30214c1e65e2edc4	4			yes					-1	-1	-1	-1	
491	481	d9e382a5e02d3036	4			yes					-1	492	-1	493	
492	491	2d621aeb4fb7308e	5			yes					-1	-1	-1	-1	-1	
493	491	0dda72e0c5f984e2	6			yes					-1	-1	-1	-1	-1	494	
494	493	4ab6d4bba045cf4f	5			yes					-1	-1	-1	-1	-1	
495	481	8433378dcecd9602	4			yes					-1	-1	496	497	
496	495	145d1de9172b1357	5			yes					-1	-1	-1	-1	-1	
497	495	9fbba6b0afcd1646	3			yes					-1	498	-1	
498	497	70b13b08d6622ae8	5			yes					-1	-1	-1	-1	-1	
499	481	b7b8b3fa8a7bfea0	4			yes					-1	-1	-1	-1	
500	481	1cfbc00745991046	4			yes					-1	-1	-1	-1	
501	457	b8fecc98a97eacf3	5			yes					502	515	520	523	524	
502	501	491e5b776ce57423	4			yes					503	509	510	511	
503	502	099d025a23898793	6			yes					-1	504	505	506	507	508	
504	503	d41bb0a6e1d74087	5			yes					-1	-1	-1	-1	-1	
505	503	46574d7179f97af1	5			yes					-1	-1	-1	-1	-1	
506	503	6ca4f03fac9afc78	5			yes					-1	-1	-1	-1	-1	
507	503	d77a5d5116edcd8e	5			yes					-1	-1	-1	-1	-1	
508	503	e10229d96a6a054e	5			yes					-1	-1	-1	-1	-1	
509	502	93d684ee6f3a2009	5			yes					-1	-1	-1	-1	-1	
510	502	ea596193efd7c145	5			yes					-1	-1	-1	-1	-1	
511	502	5296ca4a0de5f467	3			yes					512	514	-1	
512	511	a66e8f820fd64ee3	6			yes					-1	-1	-1	-1	513	-1	
513	512	7889d0893ab204fe	5			yes					-1	-1	-1	-1	-1	
514	511	ce05a50df6ef3a6f	5			yes					-1	-1	-1	-1	-1	
515	501	cf6a311b9a933d3e	4			yes					-1	516	517	518	
516	515	43e59f4b037aaf08	5			yes					-1	-1	-1	-1	-1	
517	515	c7ebec774c995a66	5			yes					-1	-1	-1	-1	-1	
518	515	d4e2a026fb93bd7a	3			yes					-1	519	-1	
519	518	1e36bea89aafb56e	5			yes					-1	-1	-1	-1	-1	
520	501	2d3719913994a7fb	4			yes					-1	-1	-1	521	
521	520	837a0e81584d021a	6			yes					-1	-1	-1	-1	-1	522	
522	521	c416a8da3df149b7	5			yes					-1	-1	-1	-1	-1	
523	501	08352e58079cc251	4			yes					-1	-1	-1	-1	
524	501	a3765da5c87e2cb7	4			yes					-1	-1	-1	-1	
525	457	1d7fb18b79af32fe	5			yes					526	539	546	547	-1	
526	525	ec9f2664bc34ea2e	4			yes					527	533	-1	-1	
527	526	67f766b4874f3ad7	6			yes					-1	528	529	530	531	532	
528	527	11578ccd6486ffe5	5			yes					-1	-1	-1	-1	-1	
529	527	ed7115f4586e78d7	5			yes					-1	-1	-1	-1	-1	
530	527	02ce94d1085c413c	5			yes					-1	-1	-1	-1	-1	
531	527	b91039bfb22b70ca	5			yes					-1	-1	-1	-1	-1	
532	527	8f684d37ceacb80a	5			yes					-1	-1	-1	-1	-1	
533	526	cf6464fab51826c6	6			yes					-1	-1	534	535	536	537	
534	533	eb07847857a1bd39	5			yes					-1	-1	-1	-1	-1	
535	533	aa5d969f3a0b5d2d	5			yes					-1	-1	-1	-1	-1	
536	533	11833bf1807c6cdb	5			yes					-1	-1	-1	-1	-1	
537	533	27fb4f79fcfba41b	5			yes					-1	-1	-1	-1	-1	
538	526	f04797281c2fe370	5			no					-1	-1	-1	-2	-2	
539	525	6aeb4c084a42a333	4			yes					-1	540	-1	-1	
540	539	1f577f5fd958a9c7	6			yes					541	-1	542	543	544	545	
541	540	77d7266681eaab70	5			yes					-1	-1	-1	-1	-1	
542	540	3b349fdd3be13238	5			yes					-1	-1	-1	-1	-1	
543	540	7a6e8d3a564bd22c	5			yes					-1	-1	-1	-1	-1	
544	540	c1b02054ec3ce3da	5			yes					-1	-1	-1	-1	-1	
545	540	f7c854dc90bb2b1a	5			yes					-1	-1	-1	-1	-1	
546	525	c5f7b5c73ed3be10	4			yes					-1	-1	-1	-1	
547	525	9d7d9d75073f199c	4			yes					-1	-1	-1	-1	
548	0	28ff6b27a5b4b4d4	5			yes					-1	-1	-1	-1	-1	
