Number of nodes
319
ID	PID	Hash_Value			File_Number	Fully_Enumerated	Children
0	-1	7f2a10140dbfda51	6			yes					1	105	186	243	283	318	
1	0	772ece4adc3fd165	5			yes					2	40	58	73	81	
2	1	31756c19a3dc0763	5			yes					3	11	23	32	39	
3	2	9c25560ebecdce00	4			yes					4	5	6	7	
4	3	5b3d019eb0ee96d5	4			yes					-1	-1	-1	-1	
5	3	6cd3085fc3f2506e	4			yes					-1	-1	-1	-1	
6	3	8f50fb86a47a0c23	4			yes					-1	-1	-1	-1	
7	3	b960e33f6447c2e2	3			yes					8	9	-1	
8	7	bc0150ce22fa32b3	4			yes					-1	-1	-1	-1	
9	7	b42723776d0b64c0	4			yes					-1	-1	-1	-1	
10	7	d1343e252479f683	5			no					-1	-1	-1	-1	-2	
11	2	a38a218ea7074fd8	4			yes					-1	12	16	20	
12	11	c92277218dd348e0	5			yes					13	14	-1	-1	15	
13	12	edceabea1fe9be0c	4			yes					-1	-1	-1	-1	
14	12	ff1048efe79c13c3	4			yes					-1	-1	-1	-1	
15	12	19aae8b5844121f4	4			yes					-1	-1	-1	-1	
16	11	f9eb8fa72c955199	5			yes					17	18	-1	-1	19	
17	16	dd07536cbeafa775	4			yes					-1	-1	-1	-1	
18	16	cfd9b06946da0aba	4			yes					-1	-1	-1	-1	
19	16	296310332507388d	4			yes					-1	-1	-1	-1	
20	11	59f097535f1aa4cc	5			yes					21	22	-1	-1	-1	
21	20	7d1c4b98cd205220	4			yes					-1	-1	-1	-1	
22	20	6fc2a89d3555ffef	4			yes					-1	-1	-1	-1	
23	2	3fb573dafd039666	4			yes					-1	-1	24	28	
24	23	a12b5744de6cc174	5			yes					25	26	27	-1	-1	
25	24	85c78b8f4c563798	4			yes					-1	-1	-1	-1	
26	24	9719688ab4239a57	4			yes					-1	-1	-1	-1	
27	24	06eea91511b8cc8a	4			yes					-1	-1	-1	-1	
28	23	b82a9583dd7c0f3b	5			yes					29	30	31	-1	-1	
29	28	9cc649484f46f9d7	4			yes					-1	-1	-1	-1	
30	28	8e18aa4db7335418	4			yes					-1	-1	-1	-1	
31	28	1fef6bd212a802c5	4			yes					-1	-1	-1	-1	
32	2	142add729d9f1c3f	4			yes					-1	-1	-1	33	
33	32	dd3988d1940e9d78	6			yes					34	35	36	37	-1	38	
34	33	f9d5541a06346b94	5			yes					-1	-1	-1	-1	-1	
35	33	eb0bb71ffe41c65b	5			yes					-1	-1	-1	-1	-1	
36	33	7afc76805bda9086	5			yes					-1	-1	-1	-1	-1	
37	33	cf6294f3d34f7e5e	5			yes					-1	-1	-1	-1	-1	
38	33	bf142ce82221904b	5			yes					-1	-1	-1	-1	-1	
39	2	1430d92879560b81	4			yes					-1	-1	-1	-1	
40	1	3b7530fb6a3ce363	4			yes					41	45	48	56	
41	40	61b66489fdc7b578	5			yes					-1	42	43	-1	44	
42	41	0d012e22648fa60c	4			yes					-1	-1	-1	-1	
43	41	73ed78abba86565e	4			yes					-1	-1	-1	-1	
44	41	b13efb1df455dc6c	4			yes					-1	-1	-1	-1	
45	40	b3840b30e37f6a6c	3			yes					-1	46	47	
46	45	d8533a92acba184c	4			yes					-1	-1	-1	-1	
47	45	9dae1a416f1a5a72	5			yes					-1	-1	-1	-1	-1	
48	40	1e2a8190547ff83f	3			yes					49	-1	50	
49	48	74e5f57d26b3341f	4			yes					-1	-1	-1	-1	
50	48	ce37aef87458d296	6			yes					51	52	53	54	-1	55	
51	50	eadb7233e662247a	5			yes					-1	-1	-1	-1	-1	
52	50	85a24b7b7775e840	5			yes					-1	-1	-1	-1	-1	
53	50	075baccd32b8f173	5			yes					-1	-1	-1	-1	-1	
54	50	dc6cb2da331931b0	5			yes					-1	-1	-1	-1	-1	
55	50	ac1a0ac1c277dfa5	5			yes					-1	-1	-1	-1	-1	
56	40	1e3085cab0b6ef81	3			yes					57	-1	-1	
57	56	c390ed985dc56428	5			yes					-1	-1	-1	-1	-1	
58	1	48bb03d557b112d2	4			yes					59	63	69	71	
59	58	c0fa8adbcef3dadb	5			yes					-1	60	61	-1	62	
60	59	57f8ce8bd572f193	4			yes					-1	-1	-1	-1	
61	59	88587650384f6e62	4			yes					-1	-1	-1	-1	
62	59	1072154fc761b3cf	4			yes					-1	-1	-1	-1	
63	58	da444e42536a5a69	3			yes					64	65	66	
64	63	23d5016f1556e4c6	4			yes					-1	-1	-1	-1	
65	63	a1c02117bb689b2e	4			yes					-1	-1	-1	-1	
66	63	6ce1e0a9cd390a51	5			yes					67	68	-1	-1	-1	
67	66	480d3c625f03fcbd	4			yes					-1	-1	-1	-1	
68	66	2774052ace143087	4			yes					-1	-1	-1	-1	
69	58	0424f7ccd9e7398b	3			yes					-1	-1	70	
70	69	15e8b11ae6fb1b97	5			yes					-1	-1	-1	-1	-1	
71	58	6dfeb6e48d3b1e30	3			yes					72	-1	-1	
72	71	62dc03ca6ef10b8b	5			yes					-1	-1	-1	-1	-1	
73	1	5c4d07de75efe7a4	4			yes					74	77	79	80	
74	73	efd308b472599a76	3			yes					75	76	-1	
75	74	a38c31285844edc3	5			yes					-1	-1	-1	-1	-1	
76	74	0abb0dc0422be12f	5			yes					-1	-1	-1	-1	-1	
77	73	ceb24a497134af1f	3			yes					-1	78	-1	
78	77	1dda94f1b0a67f49	5			yes					-1	-1	-1	-1	-1	
79	73	528d181d2b3076a1	3			yes					-1	-1	-1	
80	73	2fa15d3e5db2a46c	3			yes					-1	-1	-1	
81	1	f8ecd90e8be8e6ce	5			yes					82	87	97	102	104	
82	81	4b72d6648c5e9b1c	4			yes					83	85	-1	-1	
83	82	98cf40b54cafef00	5			yes					-1	-1	-1	-1	84	
84	83	8bc1d742ee3de63e	4			yes					-1	-1	-1	-1	
85	82	ebe4cfeaa5d53ec3	5			yes					-1	-1	-1	-1	86	
86	85	f8ea581d074737fd	4			yes					-1	-1	-1	-1	
87	81	6a1394998f33ae75	4			yes					-1	88	92	94	
88	87	6b0f2b37d1d9addd	5			yes					89	90	-1	-1	91	
89	88	4fe3f7fc43e35b31	4			yes					-1	-1	-1	-1	
90	88	209aceb4d2f4970b	4			yes					-1	-1	-1	-1	
91	88	640d32f8ed234001	4			yes					-1	-1	-1	-1	
92	87	5bc6d3b1709fb4a4	5			yes					-1	-1	-1	-1	93	
93	92	54c4ca7e4c655978	4			yes					-1	-1	-1	-1	
94	87	9801a1c2672af78b	3			yes					-1	95	96	
95	94	16a3247d44b3f845	5			yes					-1	-1	-1	-1	-1	
96	94	266adcfbe5f5e13c	5			yes					-1	-1	-1	-1	-1	
97	81	f62cc6cdd53777cb	4			yes					-1	-1	98	100	
98	97	e527a065277373d5	6			yes					-1	-1	-1	-1	-1	99	
99	98	f629379285e17aeb	5			yes					-1	-1	-1	-1	-1	
100	97	043ef3963d2e2e35	3			yes					-1	-1	101	
101	100	0ef45499cdfdea8c	5			yes					-1	-1	-1	-1	-1	
102	81	ddb36865b5abfd92	4			yes					103	-1	-1	-1	
103	102	a629f2551f2ab19c	5			yes					-1	-1	-1	-1	-1	
104	81	0afeec5563f1bf30	4			yes					-1	-1	-1	-1	
105	0	a2d58539b2c0c4a5	5			yes					-1	106	138	154	164	
106	105	ecd6e357ca1d97ba	5			yes					107	118	121	130	137	
107	106	8b776f0e6a490601	4			yes					108	109	113	115	
108	107	af07bad39eb239e1	4			yes					-1	-1	-1	-1	
109	107	555cf6dbc077c024	5			yes					-1	110	111	-1	112	
110	109	e8f23469d4a31344	4			yes					-1	-1	-1	-1	
111	109	6a0f0d195cbb0cd1	4			yes					-1	-1	-1	-1	
112	109	85d4694fc9e5a930	4			yes					-1	-1	-1	-1	
113	107	4b82748b62c694f7	4			yes					-1	114	-1	-1	
114	113	f62cb63976124797	3			yes					-1	-1	-1	
115	107	2724c057387521a5	5			yes					-1	116	117	-1	-1	
116	115	9a8a02e52ca1f2c5	4			yes					-1	-1	-1	-1	
117	115	8797f5416b793edc	4			yes					-1	-1	-1	-1	
118	106	697b97c01a421700	4			yes					-1	119	-1	120	
119	118	775e62fe135799df	4			yes					-1	-1	-1	-1	
120	118	4c3e22f1c0c81be2	3			yes					-1	-1	-1	
121	106	e216fc9494c206bf	4			yes					-1	-1	122	126	
122	121	c5ae029c7b99bcfb	5			yes					123	124	125	-1	-1	
123	122	eb6e77ebc5621983	4			yes					-1	-1	-1	-1	
124	122	f39c3d5211d6e7d8	4			yes					-1	-1	-1	-1	
125	122	0cc200a93d799f1e	4			yes					-1	-1	-1	-1	
126	121	dcafc05b788972b4	5			yes					127	128	129	-1	-1	
127	126	f26fb52cc672d7cc	4			yes					-1	-1	-1	-1	
128	126	ea9dff9512c62997	4			yes					-1	-1	-1	-1	
129	126	15c3c26e3e695151	4			yes					-1	-1	-1	-1	
130	106	c989523cf45e8ce6	4			yes					-1	-1	-1	131	
131	130	b9bcdd0931fbe0f7	6			yes					132	133	134	135	-1	136	
132	131	977ca87e8f00458f	5			yes					-1	-1	-1	-1	-1	
133	131	8f8ee2c75bb4bbd4	5			yes					-1	-1	-1	-1	-1	
134	131	70d0df3c771bc312	5			yes					-1	-1	-1	-1	-1	
135	131	abe7c12b76ba03d1	5			yes					-1	-1	-1	-1	-1	
136	131	db91793087d4edc4	5			yes					-1	-1	-1	-1	-1	
137	106	c993566610979b58	4			yes					-1	-1	-1	-1	
138	105	0110f767b0736c6b	4			yes					139	146	150	152	
139	138	66b17b3e1027fdd0	3			yes					140	141	142	
140	139	fb47d2bf6e87b94d	4			yes					-1	-1	-1	-1	
141	139	43d6e3f9ba207276	4			yes					-1	-1	-1	-1	
142	139	eef920621aa94a06	5			yes					-1	143	-1	-1	145	
143	142	6f6a705d8db18f0c	4			yes					-1	-1	-1	-1	
144	142	ebf95f3238411e33	4			no					-1	-2	-2	-2	
145	142	9c5736e7b339f242	4			yes					-1	-1	-1	-1	
146	138	cadedf55e3043ee1	5			yes					147	-1	148	-1	149	
147	146	e41eaa225dff9b99	4			yes					-1	-1	-1	-1	
148	146	80e73bfb6cde0a08	4			yes					-1	-1	-1	-1	
149	146	1a5640c1ea9657f5	4			yes					-1	-1	-1	-1	
150	138	4d8f037e3e254732	3			yes					-1	-1	151	
151	150	6263c2eba35829f6	5			yes					-1	-1	-1	-1	-1	
152	138	245542566af96089	3			yes					-1	153	-1	
153	152	68f856444306efb1	5			yes					-1	-1	-1	-1	-1	
154	105	15e6f36c922d991d	4			yes					155	160	162	163	
155	154	72477f35327908a6	3			yes					156	157	-1	
156	155	d4240e426a203808	5			yes					-1	-1	-1	-1	-1	
157	155	c5b82e3fe2a5e2c1	5			yes					-1	-1	-1	158	159	
158	157	40a872a875435a3b	4			yes					-1	-1	-1	-1	
159	157	1530b1abeb378bd5	4			yes					-1	-1	-1	-1	
160	154	1a8dc97ad6d64376	3			yes					-1	161	-1	
161	160	1463da7b7babad20	5			yes					-1	-1	-1	-1	-1	
162	154	1b26ecafccf20818	3			yes					-1	-1	-1	
163	154	660aa98cba70dad5	3			yes					-1	-1	-1	
164	105	b1472dbc6c2a9877	5			yes					165	175	179	184	185	
165	164	d6e6a1e5cc7e09cc	4			yes					166	167	169	171	
166	165	fd993a23d89d87d8	4			yes					-1	-1	-1	-1	
167	165	1dc2be2df8912b73	5			yes					-1	-1	-1	-1	168	
168	167	0ecc29da5a03224d	4			yes					-1	-1	-1	-1	
169	165	89806d961bfb9d6a	5			yes					-1	-1	-1	-1	170	
170	169	9a8efa61b9699454	4			yes					-1	-1	-1	-1	
171	165	24f494be24675032	3			yes					-1	172	174	
172	171	574b42fec42e0258	5			yes					-1	-1	-1	-1	173	
173	172	3566e6c772010f6b	4			yes					-1	-1	-1	-1	
174	171	fe9da1e620a8da75	5			yes					-1	-1	-1	-1	-1	
175	164	be2c17aa28d1421c	4			yes					-1	176	178	-1	
176	175	dbea96aef48ac07d	5			yes					-1	-1	-1	-1	177	
177	176	c8e401595618c943	4			yes					-1	-1	-1	-1	
178	175	2762f910a17a56ea	5			yes					-1	-1	-1	-1	-1	
179	164	bf87327f32f50972	4			yes					-1	-1	180	182	
180	179	92acd39462d041b4	6			yes					-1	-1	-1	-1	-1	181	
181	180	81a24463c042488a	5			yes					-1	-1	-1	-1	-1	
182	179	4d950724daec508c	3			yes					-1	-1	183	
183	182	797f2768885ed8ed	5			yes					-1	-1	-1	-1	-1	
184	164	94189cd75269832b	4			yes					-1	-1	-1	-1	
185	164	435518e78433c189	4			yes					-1	-1	-1	-1	
186	0	eef67c2113584c69	5			yes					-1	-1	187	212	220	
187	186	139613a9184e2b67	5			yes					188	199	205	207	211	
188	187	74379ff0b81abadc	4			yes					189	193	194	196	
189	188	0e8793ee7f86f419	5			yes					-1	190	191	-1	192	
190	189	6385efebb04d0a9d	4			yes					-1	-1	-1	-1	
191	189	46256f65893a40a0	4			yes					-1	-1	-1	-1	
192	189	de0f0c7a76149d0d	4			yes					-1	-1	-1	-1	
193	188	d722f02ea4680070	4			yes					-1	-1	-1	-1	
194	188	a4c3d9e44308559c	5			yes					-1	-1	-1	-1	-1	
195	194	952bec8d3d7fb785	4			no					-1	-2	-2	-2	
196	188	510904893758da80	5			yes					-1	197	198	-1	-1	
197	196	7dcfbbebb3de3a3b	4			yes					-1	-1	-1	-1	
198	196	60e131e0492f3899	4			yes					-1	-1	-1	-1	
199	187	b5522c9daceb3148	4			yes					-1	200	201	202	
200	199	ce4421c97eee545f	4			yes					-1	-1	-1	-1	
201	199	ebc3c3ddb3e94966	5			yes					-1	-1	-1	-1	-1	
202	199	1e091eb0c7b9c67a	5			yes					203	-1	204	-1	-1	
203	202	30c96bc779426302	4			yes					-1	-1	-1	-1	
204	202	2fe12bd9b9ce2463	4			yes					-1	-1	-1	-1	
205	187	c17fb737f0389c2a	4			yes					-1	-1	-1	206	
206	205	e43a02062ab290c8	3			yes					-1	-1	-1	
207	187	36c9a2c2260d303b	4			yes					-1	-1	-1	208	
208	207	9ee2e7ede964d69d	6			yes					-1	-1	-1	-1	-1	210	
209	208	b022929a579f73e5	5			no					-1	-1	-1	-1	-2	
210	208	fccf43d45f4bdbae	5			yes					-1	-1	-1	-1	-1	
211	187	36d3a698c2c42785	4			yes					-1	-1	-1	-1	
212	186	3a78d246b5ef4153	4			yes					213	216	218	219	
213	212	5dd95e1f15bbd0e8	3			yes					214	215	-1	
214	213	fb01a337abaa4444	5			yes					-1	-1	-1	-1	-1	
215	213	a85d1c2fa4a4afef	5			yes					-1	-1	-1	-1	-1	
216	212	9cbced72014a5b7c	3			yes					-1	217	-1	
217	216	39975b0d76a6490e	5			yes					-1	-1	-1	-1	-1	
218	212	b289e98d3cacc85c	3			yes					-1	-1	-1	
219	212	499488a69db2029b	3			yes					-1	-1	-1	
220	186	9ed90c964be84039	5			yes					221	233	240	241	242	
221	220	f97880cfebbcd182	4			yes					222	226	228	230	
222	221	8bf4f51cfb13274e	5			yes					-1	223	224	-1	225	
223	222	e6f6891934d8d9ca	4			yes					-1	-1	-1	-1	
224	222	99afe93ebc52c468	4			yes					-1	-1	-1	-1	
225	222	84f6ecd3c7e9ca92	4			yes					-1	-1	-1	-1	
226	221	97be474761cb07ca	5			yes					-1	-1	-1	-1	227	
227	226	84b0d0b0c3590ef4	4			yes					-1	-1	-1	-1	
228	221	526a54e0c0fe7e05	5			yes					-1	-1	-1	-1	229	
229	228	4164c317626c773b	4			yes					-1	-1	-1	-1	
230	221	0b6ab59403a5887c	3			yes					231	-1	232	
231	230	f658fa566e7972d6	5			yes					-1	-1	-1	-1	-1	
232	230	e0ed498df031275d	5			yes					-1	-1	-1	-1	-1	
233	220	381d33a2ff4d5a16	4			yes					-1	234	236	238	
234	233	1c9a658d6876e57a	5			yes					-1	-1	-1	-1	235	
235	234	0f94f27acae4ec44	4			yes					-1	-1	-1	-1	
236	233	1d6a4ed9301f62ff	5			yes					-1	-1	-1	-1	237	
237	236	0e64d92e928d6bc1	4			yes					-1	-1	-1	-1	
238	233	ca0f06f9175403e8	3			yes					-1	-1	239	
239	238	afed53b400d03ba7	5			yes					-1	-1	-1	-1	-1	
240	220	1628375dc2abc936	4			yes					-1	-1	-1	-1	
241	220	bb86bdfd75ab5b65	4			yes					-1	-1	-1	-1	
242	220	6ccb39cda3f119c7	4			yes					-1	-1	-1	-1	
243	0	0746e338940b07d0	5			yes					-1	-1	-1	244	261	
244	243	474fa16217a87194	5			yes					245	251	255	258	259	
245	244	20ee2d3bb7fce02f	4			yes					246	247	-1	250	
246	245	a764338fb07ff0d5	5			yes					-1	-1	-1	-1	-1	
247	245	1f380bb4707ee52b	5			yes					-1	-1	-1	248	249	
248	247	9a285723e7985dd1	4			yes					-1	-1	-1	-1	
249	247	cfb0942079ec8c3f	4			yes					-1	-1	-1	-1	
250	245	10f9e525f85235c1	5			yes					-1	-1	-1	-1	-1	
251	244	e18b9e56a30d6bbb	4			yes					-1	252	-1	253	
252	251	6347cde2e79ba9a0	5			yes					-1	-1	-1	-1	-1	
253	251	6bd54bd5959036a0	6			yes					-1	-1	-1	-1	-1	254	
254	253	5db756b5a0511972	5			yes					-1	-1	-1	-1	-1	
255	244	d5b0ecf51373392f	4			yes					-1	-1	-1	256	
256	255	0ddd51dcd567a282	6			yes					-1	-1	-1	-1	-1	257	
257	256	3bbf4cbce0a68d50	5			yes					-1	-1	-1	-1	-1	
258	244	b75ac487d12e47fa	4			yes					-1	-1	-1	-1	
259	244	a38f9b1fd6acf541	4			yes					-1	-1	-1	260	
260	259	539afefa102ac32f	3			yes					-1	-1	-1	
261	243	ed173fb87665b188	5			yes					262	272	279	281	282	
262	261	8ab6b3e1d6312033	4			yes					263	267	-1	269	
263	262	d79165a4e0c693df	5			yes					-1	264	265	-1	266	
264	263	bc0f69b085258e55	4			yes					-1	-1	-1	-1	
265	263	9f33992f167a2766	4			yes					-1	-1	-1	-1	
266	263	d8937c6bdc3c7e03	4			yes					-1	-1	-1	-1	
267	262	c4d5fbaf1d2b28ad	5			yes					-1	-1	-1	-1	268	
268	267	d7db6c58bfb92193	4			yes					-1	-1	-1	-1	
269	262	78a486ba3e2879cd	3			yes					270	271	-1	
270	269	aa3d6aee75acc647	5			yes					-1	-1	-1	-1	-1	
271	269	51b17db3bb1388f8	4			yes					-1	-1	-1	-1	
272	261	4bd3008cc2c0aba7	4			yes					-1	273	-1	277	
273	272	13b29bc9b722caaa	5			yes					274	-1	275	-1	276	
274	273	3d72eebe09d96fd2	4			yes					-1	-1	-1	-1	
275	273	283614b7feb9c87d	4			yes					-1	-1	-1	-1	
276	273	1cb082068bd82776	4			yes					-1	-1	-1	-1	
277	272	b9c135d72ad9f259	3			yes					-1	278	-1	
278	277	6e1e948322489f32	5			yes					-1	-1	-1	-1	-1	
279	261	7fe8722f72bef933	4			yes					-1	-1	-1	280	
280	279	8dfa47749aa7a0cd	3			yes					-1	-1	-1	
281	261	a188cba1f8339ad1	4			yes					-1	-1	-1	-1	
282	261	1f050ae39e7ce876	4			yes					-1	-1	-1	-1	
283	0	866acba9df973c62	5			yes					-1	-1	-1	-1	284	
284	283	5fc1100495cc6cd3	6			yes					285	296	305	312	315	317	
285	284	38609c5d3598fd68	5			yes					286	288	289	290	292	
286	285	8edcc843b5c5ec78	6			yes					-1	-1	-1	-1	-1	287	
287	286	9dd25fb41757e546	5			yes					-1	-1	-1	-1	-1	
288	285	e52dc8093a95f1a8	5			yes					-1	-1	-1	-1	-1	
289	285	076c7f0fc08e5eac	5			yes					-1	-1	-1	-1	-1	
290	285	918b1246af79b1b8	4			yes					-1	-1	-1	291	
291	290	3afb6d60eea1c391	3			yes					-1	-1	-1	
292	285	9310e37b74408f41	4			yes					293	294	295	-1	
293	292	9cae67ad01fbcf60	6			yes					-1	-1	-1	-1	-1	-1	
294	292	7d43fd5ab841f914	5			yes					-1	-1	-1	-1	-1	
295	292	9f024a5c425a5610	5			yes					-1	-1	-1	-1	-1	
296	284	f9052f30216976fc	5			yes					-1	297	299	300	302	
297	296	4704bce3c5fc8383	6			yes					-1	-1	-1	-1	-1	298	
298	297	540a2b14676e8abd	5			yes					-1	-1	-1	-1	-1	
299	296	4bf60ba2ed1f1ea6	5			yes					-1	-1	-1	-1	-1	
300	296	50eea12bbb883a2c	4			yes					-1	-1	-1	301	
301	300	fb9ede0dfa504805	3			yes					-1	-1	-1	
302	296	5275501660b104d5	4			yes					-1	303	304	-1	
303	302	5576130d71c2a09b	6			yes					-1	-1	-1	-1	-1	-1	
304	302	d3983ef16fcb161a	5			yes					-1	-1	-1	-1	-1	
305	284	cd3e5d9391172468	5			yes					-1	-1	306	308	310	
306	305	64b72628282067ef	6			yes					-1	-1	-1	-1	-1	307	
307	306	77b9b1df8ab26ed1	5			yes					-1	-1	-1	-1	-1	
308	305	64d5d3880bf668b8	4			yes					-1	-1	-1	309	
309	308	cfa5acae4a2e1a91	3			yes					-1	-1	-1	
310	305	664e22b5d0cf5641	4			yes					-1	-1	311	-1	
311	310	76c589c69c1e44f7	6			yes					-1	-1	-1	-1	-1	-1	
312	284	51010fc7cb13fdd6	5			yes					-1	-1	-1	313	314	
313	312	f8ea81dc51f2b106	4			yes					-1	-1	-1	-1	
314	312	fa7170e18acb8fff	4			yes					-1	-1	-1	-1	
315	284	f62a9e1f0f2d2003	5			yes					-1	-1	-1	-1	316	
316	315	5d5ae1394ef5522a	4			yes					-1	-1	-1	-1	
317	284	f4b16f22d4141efa	5			yes					-1	-1	-1	-1	-1	
318	0	c50b0fd73b84b84a	5			yes					-1	-1	-1	-1	-1	
