Number of nodes
84
ID	PID	Hash_Value			File_Number	Fully_Enumerated	Children
0	-1	2f4c8ac2ae36e4b0	6			no					1	-2	-2	-2	-2	-2	
1	0	098e714066b95b4d	6			no					54	-2	-2	-2	-2	-2	
2	1	c5a8f86240f59585	5			no					3	74	-2	-2	-2	
3	2	8a9a6b4d68864b5c	5			yes					4	6	14	20	22	
4	3	d7c4204ef039e82f	4			yes					-1	-1	-1	5	
5	4	b65dcd09f9647d65	3			yes					-1	-1	-1	
6	3	2cd143682a8ba29a	4			yes					-1	7	9	11	
7	6	1e2a60d583c1cb10	5			yes					-1	-1	-1	-1	8	
8	7	76dfc4ea6447c3cb	4			yes					-1	-1	-1	-1	
9	6	78b74d3c642b5616	5			yes					-1	-1	-1	-1	10	
10	9	93ef79cf15fc3b54	4			yes					-1	-1	-1	-1	
11	6	4d48ae2f23d637d0	3			yes					-1	12	13	
12	11	d9c5aca4ead083fd	5			yes					-1	-1	-1	-1	-1	
13	11	35a0b6d9b568f599	5			yes					-1	-1	-1	-1	-1	
14	3	c1074a0804d30f2d	4			yes					-1	-1	15	17	
15	14	9b2f8696acc1f91e	5			yes					-1	-1	-1	-1	16	
16	15	5d3b268e79ec92e3	4			yes					-1	-1	-1	-1	
17	14	a09ea74f0d8e9a67	3			yes					-1	-1	18	
18	17	a4986238863f0abf	5			yes					19	-1	-1	-1	-1	
19	18	ed30ed947c1ecc02	4			yes					-1	-1	-1	-1	
20	3	d111af24bfba9b8e	4			yes					-1	-1	-1	21	
21	20	b0884263b6e70ec4	3			yes					-1	-1	-1	
22	3	eb03860a61dbde16	4			yes					-1	-1	-1	-1	
23	2	dfc83ca5f49142ae	4			no					44	-2	-2	-2	
24	23	93c72aab2e115cac	4			yes					25	27	28	30	
25	24	cd1b130b79077825	5			yes					-1	-1	-1	-1	26	
26	25	a5eeb7349e8170fe	4			yes					-1	-1	-1	-1	
27	24	2bd6c33450499f35	5			yes					-1	-1	-1	-1	-1	
28	24	d4bd98492fe3b7a3	6			yes					-1	-1	-1	-1	29	-1	
29	28	06b349c2484284fa	5			yes					-1	-1	-1	-1	-1	
30	24	f25ec7ec274cc9e6	3			yes					31	34	35	
31	30	0af4df7a101630c8	5			yes					-1	-1	-1	-1	-1	
32	23	5a72ead9ad83198f	5			no					33	51	68	80	-2	
33	32	a786995c18e8069f	4			yes					-1	-1	-1	42	
34	30	fc98b0bbfd1ec150	5			yes					-1	-1	-1	-1	-1	
35	30	a2ff71a179980bb1	6			yes					-1	-1	-1	-1	36	-1	
36	35	70f1a02a1e3938e8	5			yes					-1	-1	-1	-1	-1	
37	23	f8a4982fabc0045a	4			yes					38	-1	40	43	
38	37	364092d8cd29abd7	3			yes					-1	-1	39	
39	38	dfa551c027a6f15e	2			yes					-1	-1	
40	37	cbbfbfbcc7f2d779	6			yes					-1	-1	-1	-1	-1	41	
41	40	d8b1fb093dd16813	5			yes					-1	-1	-1	-1	-1	
42	33	4aba7ce015afcb3d	3			yes					-1	-1	-1	
43	37	11415b37414f5ed3	3			yes					-1	-1	-1	
44	23	9d5fbfa171932e85	5			no					45	63	67	-2	-2	
45	44	109189a145446fcc	4			yes					46	-1	-1	53	
46	45	a9347c45e9ae7ba1	3			yes					-1	-1	49	
47	43	8ba90019f78ae635	6			no					-1	-1	-1	-2	-1	-2	
48	32	c21f32383a62a518	4			yes					-1	-1	-1	50	
49	46	1b5efe95b580595c	2			yes					-1	-1	
50	48	2f23d784372568ba	3			yes					-1	-1	-1	
51	32	4172d9db323794a1	7			yes					-1	-1	-1	-1	-1	-1	52	
52	51	b9e0f7a47a836e87	6			yes					-1	-1	-1	-1	-1	-1	
53	45	a2fb0b71196a4d31	3			yes					-1	-1	-1	
54	1	b0c490d2c4d4a558	6			no					55	-2	-2	-2	-2	-2	
55	54	0e96106748d9c2c8	5			no					61	-2	-2	-2	-2	
56	55	8b19e55b7a365085	4			no					59	-2	-2	-2	
57	56	fbc1e5d9a11fd8b1	4			no					58	-2	-2	-2	
58	57	ccbe07d84d296fd1	3			yes					-1	-1	64	
59	56	fddca038a742d7a5	4			no					60	-2	-2	-2	
60	59	45a88a13aa467a99	5			no					-1	-1	-2	-2	-2	
61	55	a8b724c22a64c9c8	5			no					62	-2	-2	-2	-2	
62	61	9fc8c6c3c6527ea8	4			no					-1	-1	-1	-2	
63	44	24fa4a45dd793ae8	4			yes					-1	-1	-1	65	
64	58	eb70fe0049b9184f	2			yes					-1	-1	
65	63	9690c89581571815	3			yes					-1	-1	-1	
66	44	4ccda9eb52e106a7	7			no					-1	-1	-1	-2	-1	-1	-2	
67	44	a603614b7f541def	4			no					-1	-1	-1	-2	
68	32	85ec5a4819068237	6			yes					69	70	71	-1	-1	72	
69	68	5c3bdda3c94218b0	5			yes					-1	-1	-1	-1	-1	
70	68	4b7147292de1f84d	5			yes					-1	-1	-1	-1	-1	
71	68	36f0f46ec4a267b9	5			yes					-1	-1	-1	-1	-1	
72	68	d0f7bfccdcfcad58	5			yes					-1	73	-1	-1	-1	
73	72	1e6aa2ade81bd722	4			yes					-1	-1	-1	-1	
74	2	2847b55d4eb175cf	6			no					75	-2	-2	-2	-2	-2	
75	74	66482a9a592e37e6	5			no					76	-2	-2	-2	-2	
76	75	462a704def0f7ae3	4			no					77	-2	-2	-2	
77	76	dba3feb7e82d94dd	6			no					-1	-2	-2	-2	-2	-2	
78	32	26558ce2ab01328c	6			no					79	82	83	-2	-2	-2	
79	78	ff820b097b45a80b	5			yes					-1	-1	-1	-1	-1	
80	32	dd79ff886c927c68	7			no					81	-2	-2	-2	-2	-2	-2	
81	80	5e67e55bb34974bc	6			no					-1	-1	-2	-1	-2	-1	
82	78	e8c891839fe648f6	5			yes					-1	-1	-1	-1	-1	
83	78	954922c476a5d702	5			no					-1	-1	-1	-2	-1	
