Number of nodes
326
ID	PID	Hash_Value			File_Number	Fully_Enumerated	Children
0	-1	5379614d579bd168	6			yes					1	96	176	239	291	325	
1	0	52f300954414708b	5			yes					2	45	55	66	75	
2	1	de4214e798eace71	5			yes					3	13	35	42	44	
3	2	538553a77ae307e6	4			yes					4	6	8	9	
4	3	297eb3ff00731edf	5			yes					-1	-1	-1	-1	5	
5	4	b46577c6085b5933	4			yes					-1	-1	-1	-1	
6	3	754f1aa2ce60d2c6	5			yes					-1	-1	-1	-1	7	
7	6	e854de9bc648952a	4			yes					-1	-1	-1	-1	
8	3	217b11ee5b97014b	4			yes					-1	-1	-1	-1	
9	3	8e02c264abf576e1	3			yes					10	11	12	
10	9	b8311e6785b96b43	5			yes					-1	-1	-1	-1	-1	
11	9	e400b73a4baaa75a	5			yes					-1	-1	-1	-1	-1	
12	9	68877577d2dee21d	4			yes					-1	-1	-1	-1	
13	2	794510f419301dc0	4			yes					-1	14	25	28	
14	13	753dc21515d4f9ee	6			yes					15	18	21	-1	22	24	
15	14	9abc5f05e0f2f9af	5			yes					16	-1	-1	-1	17	
16	15	92757b02fc320d57	4			yes					-1	-1	-1	-1	
17	15	07a79b3ce8dabe43	4			yes					-1	-1	-1	-1	
18	14	7df4e61209140d16	5			yes					-1	-1	-1	19	20	
19	18	91e22dc3258cc338	4			yes					-1	-1	-1	-1	
20	18	e0ef222b013c4afa	4			yes					-1	-1	-1	-1	
21	14	80364ca5dadfa246	5			yes					-1	-1	-1	-1	-1	
22	14	992b09c4394c37c0	5			yes					-1	-1	-1	-1	23	
23	22	0430cdfd3164702c	4			yes					-1	-1	-1	-1	
24	14	e826062c1dfcbe02	5			yes					-1	-1	-1	-1	-1	
25	13	e03dac72f8392c6a	5			yes					26	27	-1	-1	-1	
26	25	0fbc31620d1f2c2b	4			yes					-1	-1	-1	-1	
27	25	e8f48875e4f9d892	4			yes					-1	-1	-1	-1	
28	13	a4c28137c8266cc7	3			yes					-1	29	33	
29	28	e4726f8d901e8c72	6			yes					30	31	-1	-1	32	-1	
30	29	0bf3f29d65388c33	5			yes					-1	-1	-1	-1	-1	
31	29	ecbb4b8a8cde788a	5			yes					-1	-1	-1	-1	-1	
32	29	0864a45cbc86425c	5			yes					-1	-1	-1	-1	-1	
33	28	a9c1c8eb7170cf3c	5			yes					-1	34	-1	-1	-1	
34	33	a108ecec6db03bc4	4			yes					-1	-1	-1	-1	
35	2	9afd2dc8aa899d1b	4			yes					-1	-1	36	39	
36	35	ed91ca0fd75293a8	5			yes					37	38	-1	-1	-1	
37	36	0210571f227493e9	4			yes					-1	-1	-1	-1	
38	36	e558ee08cb926750	4			yes					-1	-1	-1	-1	
39	35	477abc0b7b9fec1c	3			yes					-1	-1	40	
40	39	ee48e81cc1e6b58b	5			yes					-1	41	-1	-1	-1	
41	40	e681cc1bdd264173	4			yes					-1	-1	-1	-1	
42	2	b3f8ebbf80a6384b	4			yes					-1	-1	-1	43	
43	42	6e7f7a7c51b0494c	3			yes					-1	-1	-1	
44	2	03c5852449fcbf76	4			yes					-1	-1	-1	-1	
45	1	d9dce7d9d338c867	4			yes					46	50	52	54	
46	45	d731e18408c6b3d6	3			yes					-1	47	48	
47	46	fe15f6d591c1b5c7	5			yes					-1	-1	-1	-1	-1	
48	46	e0a29d7c1df26792	5			yes					-1	49	-1	-1	-1	
49	48	cafaebbbd57fad54	4			yes					-1	-1	-1	-1	
50	45	2d4c06c300f4c7a4	3			yes					-1	-1	51	
51	50	afba45f2a36ae5c7	5			yes					-1	-1	-1	-1	-1	
52	45	27fa7684d9240575	3			yes					-1	-1	53	
53	52	fa7de74708327472	2			yes					-1	-1	
54	45	045b761a022eb960	3			yes					-1	-1	-1	
55	1	04e1f880e659a501	4			yes					56	59	63	65	
56	55	0a0cfedd3da7deb0	3			yes					57	-1	58	
57	56	98f9aa23ff5bd4b5	4			yes					-1	-1	-1	-1	
58	56	cae7ecc6add5ed9a	5			yes					-1	-1	-1	-1	-1	
59	55	2d9b47dc4448ecad	3			yes					-1	60	61	
60	59	4f0dc3d7f76dc0ce	4			yes					-1	-1	-1	-1	
61	59	f01cd61f955e9daa	2			yes					62	-1	
62	61	80e61defa61e8e04	4			yes					-1	-1	-1	-1	
63	55	fa1028c2a8f9431a	3			yes					-1	-1	64	
64	63	90c5ac6d3a2c0bd9	5			yes					-1	-1	-1	-1	-1	
65	55	d9666943374fd406	3			yes					-1	-1	-1	
66	1	69925199eb3f8764	4			yes					67	70	72	74	
67	66	677f57c430c1fcd5	3			yes					68	69	-1	
68	67	e86b93bd6b38fb22	5			yes					-1	-1	-1	-1	-1	
69	67	8ed3026639eca4c0	5			yes					-1	-1	-1	-1	-1	
70	66	40e8eec5492ecec8	3			yes					-1	71	-1	
71	70	1a7c12554b546038	5			yes					-1	-1	-1	-1	-1	
72	66	2d2d68b6d95cd40e	3			yes					-1	-1	73	
73	72	821e015d4de3f3a4	5			yes					-1	-1	-1	-1	-1	
74	66	6328802e4b8c6177	3			yes					-1	-1	-1	
75	1	afe40a8bb51faafa	5			yes					76	84	90	94	95	
76	75	a1090cd66ee1d14b	4			yes					77	78	80	81	
77	76	badfe320d7eaa911	5			yes					-1	-1	-1	-1	-1	
78	76	e3be4a222e9f013a	5			yes					-1	-1	-1	-1	79	
79	78	ed04dec4f12ef118	4			yes					-1	-1	-1	-1	
80	76	ed9f9dac4986a61f	4			yes					-1	-1	-1	-1	
81	76	007f792b883eecfc	3			yes					-1	82	83	
82	81	e150b7657cccc368	5			yes					-1	-1	-1	-1	-1	
83	81	07a651de1a1e5a76	4			yes					-1	-1	-1	-1	
84	75	869eb5d7170ee356	4			yes					-1	85	86	87	
85	84	72eefeb019659023	5			yes					-1	-1	-1	-1	-1	
86	84	f8770b4a677288b9	5			yes					-1	-1	-1	-1	-1	
87	84	27e8c02af1d1dee1	3			yes					-1	88	89	
88	87	a4d15940a9beb125	5			yes					-1	-1	-1	-1	-1	
89	87	468d0932fca9802d	5			yes					-1	-1	-1	-1	-1	
90	75	eb5b33a4877cf990	4			yes					-1	-1	91	93	
91	90	d13ef67391ef6beb	5			yes					-1	-1	-1	-1	92	
92	91	d16351dd98d6b292	4			yes					-1	-1	-1	-1	
93	90	4a2d465961a3c427	3			yes					-1	-1	-1	
94	75	c25ef5d3ad535cc0	4			yes					-1	-1	-1	-1	
95	75	0e927f7653c0974d	4			yes					-1	-1	-1	-1	
96	0	b7d65422be09f940	5			yes					-1	97	133	143	152	
97	96	eb3b476fbcee8bee	5			yes					98	111	118	128	132	
98	97	34441c1ab0e15e9b	4			yes					99	100	104	107	
99	98	ec9790cc3a0f8401	5			yes					-1	-1	-1	-1	-1	
100	98	37ca7033ddd6e1b0	5			yes					-1	101	-1	102	103	
101	100	e9d3c40d72526318	4			yes					-1	-1	-1	-1	
102	100	db64f6c4edefdadf	4			yes					-1	-1	-1	-1	
103	100	aad1b40ad5fea65c	4			yes					-1	-1	-1	-1	
104	98	e6ba5117148044d5	5			yes					-1	105	-1	-1	106	
105	104	38a3e529bb04c67d	4			yes					-1	-1	-1	-1	
106	104	5ccd66b3dcf92ce7	4			yes					-1	-1	-1	-1	
107	98	e9c38dd961f72f9c	3			yes					108	109	110	
108	107	2e3fa1b6e2aa3467	5			yes					-1	-1	-1	-1	-1	
109	107	a685ddab581c942c	5			yes					-1	-1	-1	-1	-1	
110	107	0fb0363309cc6dd1	5			yes					-1	-1	-1	-1	-1	
111	97	e5f00ada6b4571bd	4			yes					-1	112	114	115	
112	111	4382483de7688363	5			yes					-1	-1	-1	-1	113	
113	112	de998c04ef40c48f	4			yes					-1	-1	-1	-1	
114	111	6c86aff4c489d1b7	4			yes					-1	-1	-1	-1	
115	111	38779b19ba5300ba	3			yes					-1	116	117	
116	115	d2cde5a562a2f6ff	5			yes					-1	-1	-1	-1	-1	
117	115	257acb6d4dc032e1	4			yes					-1	-1	-1	-1	
118	97	6189785b12fea81b	4			yes					-1	-1	119	121	
119	118	05102c1624a49799	5			yes					-1	120	-1	-1	-1	
120	119	0dd9081138646361	4			yes					-1	-1	-1	-1	
121	118	3ad2a02ea6449fcd	6			yes					122	123	125	-1	126	127	
122	121	46ea749dbb095512	5			yes					-1	-1	-1	-1	-1	
123	121	321b8429ba846b35	5			yes					-1	-1	-1	-1	124	
124	123	3e4fed8837665945	4			yes					-1	-1	-1	-1	
125	121	e4cb141009c01d65	5			yes					-1	-1	-1	-1	-1	
126	121	d67c26d9967da4a2	5			yes					-1	-1	-1	-1	-1	
127	121	3686c98f2ba6adbd	5			yes					-1	-1	-1	-1	-1	
128	97	8681b837a4a27dd4	4			yes					-1	-1	-1	129	
129	128	5b0629f475b40cd3	3			yes					-1	-1	130	
130	129	3a75ba7de54b30da	5			yes					-1	131	-1	-1	-1	
131	130	32bc9e7af98bc422	4			yes					-1	-1	-1	-1	
132	97	36bcd6ac6df8fae9	4			yes					-1	-1	-1	-1	
133	96	2ea482cc1c9805b1	4			yes					134	138	140	142	
134	133	f1dbd9b91097d0c4	3			yes					135	136	137	
135	134	8bae6a8bc28c44d4	4			yes					-1	-1	-1	-1	
136	134	04c7a277d30b1c31	5			yes					-1	-1	-1	-1	-1	
137	134	c348be5c2c102475	2			yes					-1	-1	
138	133	26d68fe36f8e8310	3			yes					-1	-1	139	
139	138	dfd465efc9f3635d	6			yes					-1	-1	-1	-1	-1	-1	
140	133	e59e31bf439ea765	3			yes					-1	-1	141	
141	140	7ab4e24d8462a3d8	6			yes					-1	-1	-1	-1	-1	-1	
142	133	1c37e529201ff100	3			yes					-1	-1	-1	
143	96	45748c7b74ac362b	4			yes					144	148	150	151	
144	143	9a0bd70e78a3e35e	3			yes					145	146	147	
145	144	c3738cb3b5e75053	5			yes					-1	-1	-1	-1	-1	
146	144	aa0d89e55941846b	5			yes					-1	-1	-1	-1	-1	
147	144	e2012bda96b5851e	5			yes					-1	-1	-1	-1	-1	
148	143	4d06815407bab08a	3			yes					-1	149	-1	
149	148	99cb51eefc727a9a	5			yes					-1	-1	-1	-1	-1	
150	143	ddb787eddfaab5c7	3			yes					-1	-1	-1	
151	143	4fce5dccd41fd038	3			yes					-1	-1	-1	
152	96	8302d7692a8c1bb5	5			yes					153	162	169	174	175	
153	152	5c7d8c1c2683cec0	4			yes					154	156	157	159	
154	153	cea40764131eff19	5			yes					-1	-1	-1	-1	155	
155	154	c01e9382ccaf0f3b	4			yes					-1	-1	-1	-1	
156	153	c708b0c47126eb01	5			yes					-1	-1	-1	-1	-1	
157	153	b121dcf44ab91d51	5			yes					-1	-1	-1	-1	158	
158	157	b17c7b5a4380c428	4			yes					-1	-1	-1	-1	
159	153	fd0bf9e1c05cf377	3			yes					160	161	-1	
160	159	cc4afa23414d3d4b	5			yes					-1	-1	-1	-1	-1	
161	159	05750e5bf429ae43	5			yes					-1	-1	-1	-1	-1	
162	152	8b70da46599a9d14	4			yes					-1	163	165	166	
163	162	950734bb015804ee	5			yes					-1	-1	-1	-1	164	
164	163	9bbda05ddee9f4cc	4			yes					-1	-1	-1	-1	
165	162	a9d92f661a4d5342	4			yes					-1	-1	-1	-1	
166	162	2a06afbbbf45a0a3	3			yes					-1	167	168	
167	166	97e9c9fc530bc6bc	5			yes					-1	-1	-1	-1	-1	
168	166	13e999e6d907235b	4			yes					-1	-1	-1	-1	
169	152	1bc1dcff818a9859	4			yes					-1	-1	170	172	
170	169	37705cc9e54478b9	5			yes					-1	171	-1	-1	-1	
171	170	3fb978cef9848c41	4			yes					-1	-1	-1	-1	
172	169	bab7a9026755a5ee	3			yes					-1	-1	173	
173	172	68b0c43445313364	5			yes					-1	-1	-1	-1	-1	
174	152	eeb8283132c0ed8f	4			yes					-1	-1	-1	-1	
175	152	2274a294cc532602	4			yes					-1	-1	-1	-1	
176	0	a8d1d39729eaa47b	5			yes					-1	-1	177	205	214	
177	176	769873a687b33cff	5			yes					178	192	199	202	204	
178	177	a9e728d38bbce98a	4			yes					179	183	184	186	
179	178	678ed1915c556ed5	5			yes					-1	180	181	-1	182	
180	179	16b349ba1f4a115f	4			yes					-1	-1	-1	-1	
181	179	c5a1c742dcbdc520	4			yes					-1	-1	-1	-1	
182	179	a31db35f11ec8259	4			yes					-1	-1	-1	-1	
183	178	5fa475d78ae77b9d	5			yes					-1	-1	-1	-1	-1	
184	178	90e38326bcb79b25	5			yes					-1	-1	-1	-1	185	
185	184	94bb6f9cd9a1a4be	4			yes					-1	-1	-1	-1	
186	178	7460b9105aaa988d	3			yes					187	190	191	
187	186	7f91665d05103464	5			yes					-1	188	189	-1	-1	
188	187	0eacfe76460f4bee	4			yes					-1	-1	-1	-1	
189	187	ddbe708e85f89f91	4			yes					-1	-1	-1	-1	
190	186	9d0c44ad5242cbfb	5			yes					-1	-1	-1	-1	-1	
191	186	99c225a3c9d9a85b	5			yes					-1	-1	-1	-1	-1	
192	177	efbf782c2b8aee86	4			yes					-1	193	194	196	
193	192	63b403c1ff6002a3	5			yes					-1	-1	-1	-1	-1	
194	192	a16f564bbfd64f97	5			yes					-1	-1	-1	-1	195	
195	194	a537baf1dac0700c	4			yes					-1	-1	-1	-1	
196	192	3238e9effa9c9f81	3			yes					-1	197	198	
197	196	a11c32bb27c5b2c5	5			yes					-1	-1	-1	-1	-1	
198	196	a84ef0cecab87ce9	5			yes					-1	-1	-1	-1	-1	
199	177	06e080df9c0e7c04	4			yes					-1	-1	200	201	
200	199	f25c84ba0fedc729	4			yes					-1	-1	-1	-1	
201	199	db67111c4d180d03	3			yes					-1	-1	-1	
202	177	eba732456a9d36f0	4			yes					-1	-1	-1	203	
203	202	47639769c2a57789	5			yes					-1	-1	-1	-1	-1	
204	177	ab1fe26556a54df8	4			yes					-1	-1	-1	-1	
205	176	f81d31d7b824f8b2	4			yes					206	210	212	213	
206	205	27626aa2b42b2dc7	3			yes					207	209	-1	
207	206	9a40c08edd6e38ac	5			yes					-1	-1	-1	-1	208	
208	207	5c65ecfc81a38532	4			yes					-1	-1	-1	-1	
209	206	45ed3589f83fbd10	5			yes					-1	-1	-1	-1	-1	
210	205	613a3a5d141d2acb	3			yes					-1	211	-1	
211	210	79fd439f8db8c42e	5			yes					-1	-1	-1	-1	-1	
212	205	7b866af15d3ff756	3			yes					-1	-1	-1	
213	205	c5c30bd9452d08e8	3			yes					-1	-1	-1	
214	176	00a68003a44dc3b8	5			yes					215	227	234	237	238	
215	214	dfd9db76a84216cd	4			yes					216	219	221	222	
216	215	d54d3eb81e6a4917	5			yes					-1	217	218	-1	-1	
217	216	a470a6935d75369d	4			yes					-1	-1	-1	-1	
218	216	f7bddd2c46dee27e	4			yes					-1	-1	-1	-1	
219	215	6f17347b19fc2b8e	5			yes					-1	-1	-1	-1	220	
220	219	61ada09dc64ddbac	4			yes					-1	-1	-1	-1	
221	215	0853614c797d170a	5			yes					-1	-1	-1	-1	-1	
222	215	7eafae8b4e9d2b7a	3			yes					223	225	226	
223	222	6439caa519f85f69	5			yes					-1	-1	224	-1	-1	
224	223	46c92931414cf400	4			yes					-1	-1	-1	-1	
225	222	6df9c93c4bafe9dc	5			yes					-1	-1	-1	-1	-1	
226	222	4e518b64bf3bdfe3	5			yes					-1	-1	-1	-1	-1	
227	214	99818b89087411c1	4			yes					-1	228	230	231	
228	227	5307426d6c7b52b0	5			yes					-1	-1	-1	-1	229	
229	228	5dbdd68bb3caa292	4			yes					-1	-1	-1	-1	
230	227	39dfb4217a1cc3b8	5			yes					-1	-1	-1	-1	-1	
231	227	38f7fe74eeab2c76	3			yes					-1	232	233	
232	231	51e9bf2a3e2890e2	5			yes					-1	-1	-1	-1	-1	
233	231	7fdd5e09bc5a0b51	5			yes					-1	-1	-1	-1	-1	
234	214	833ddb254156cc5c	4			yes					-1	-1	235	236	
235	234	93d976413e24d465	4			yes					-1	-1	-1	-1	
236	234	224baed8a789f1eb	3			yes					-1	-1	-1	
237	214	64b57e24a3f2355f	4			yes					-1	-1	-1	-1	
238	214	a1d0f5fe4292fe0f	4			yes					-1	-1	-1	-1	
239	0	169f2a51131bd5c5	5			yes					-1	-1	-1	240	262	
240	239	e1a3ce6c87c0f0de	5			yes					241	251	256	259	261	
241	240	3edc95198bcf25ab	4			yes					242	247	249	250	
242	241	a3213c6f6586b015	6			yes					-1	-1	243	-1	245	246	
243	242	010e2abce56e1be0	5			yes					-1	-1	-1	-1	244	
244	243	9c15ee85ed465c0c	4			yes					-1	-1	-1	-1	
245	242	5a0d26ea099ee051	5			yes					-1	-1	-1	-1	-1	
246	242	3e3af8566daef7f9	5			yes					-1	-1	-1	-1	-1	
247	241	1c12de865e447e9d	5			yes					-1	-1	-1	-1	248	
248	247	da37f2f40289c303	4			yes					-1	-1	-1	-1	
249	241	66200358ee42c496	5			yes					-1	-1	-1	-1	-1	
250	241	eef1c35eeca97fd0	5			yes					-1	-1	-1	-1	-1	
251	240	7884c5e62bf922a7	4			yes					-1	252	254	255	
252	251	2002a8902bc307a3	5			yes					-1	-1	-1	-1	253	
253	252	e62784e2770eba3d	4			yes					-1	-1	-1	-1	
254	251	bb41fd9faaf50b13	5			yes					-1	-1	-1	-1	-1	
255	251	8a84bd3277dcc4e2	5			yes					-1	-1	-1	-1	-1	
256	240	03608ac84e4cc596	4			yes					-1	-1	257	258	
257	256	4007e82536ec777e	5			yes					-1	-1	-1	-1	-1	
258	256	d6e7fb2df730967d	5			yes					-1	-1	-1	-1	-1	
259	240	5b7943d9be1fa07a	4			yes					-1	-1	-1	260	
260	259	a49b145b69ba3244	3			yes					-1	-1	-1	
261	240	1e4199ee506562e0	4			yes					-1	-1	-1	-1	
262	239	fb1cb1e4c1c5e9e8	5			yes					263	276	285	289	290	
263	262	2463ea91cdca3c9d	4			yes					264	268	270	271	
264	263	55bf423193967a1b	5			yes					-1	265	266	-1	267	
265	264	feca988b60e80f7d	4			yes					-1	-1	-1	-1	
266	264	f79054e2137ed1ee	4			yes					-1	-1	-1	-1	
267	264	7955f1cea18d88b5	4			yes					-1	-1	-1	-1	
268	263	531f20b09d400f26	5			yes					-1	-1	269	-1	-1	
269	268	3d55a9cccad1649b	4			yes					-1	-1	-1	-1	
270	263	6e3a1cc0ed848319	4			yes					-1	-1	-1	-1	
271	263	85159f6c2b15012a	3			yes					272	274	275	
272	271	a5d924ccb5713e88	5			yes					-1	-1	273	-1	-1	
273	272	07f6321f3599957d	4			yes					-1	-1	-1	-1	
274	271	e26bd4ad9ad21958	5			yes					-1	-1	-1	-1	-1	
275	271	68cc43e53b3fcdfd	4			yes					-1	-1	-1	-1	
276	262	623bba6e6dfc3b91	4			yes					-1	277	280	281	
277	276	6f0f56a6e8c77618	5			yes					278	-1	279	-1	-1	
278	277	13378215f58abcc7	4			yes					-1	-1	-1	-1	
279	277	0145dfdabf561da5	4			yes					-1	-1	-1	-1	
280	276	0049fee59a59cf11	5			yes					-1	-1	-1	-1	-1	
281	276	c34dcf938b230626	3			yes					-1	282	284	
282	281	de7ba2bbef556066	5			yes					283	-1	-1	-1	-1	
283	282	a2437608f218aab9	4			yes					-1	-1	-1	-1	
284	281	8af0e96eca342048	5			yes					-1	-1	-1	-1	-1	
285	262	19dff5400849dca0	4			yes					-1	-1	286	287	
286	285	481df7bd352a30f1	4			yes					-1	-1	-1	-1	
287	285	b8a980bdee96e117	3			yes					-1	-1	288	
288	287	4eeba898e3917e15	4			yes					-1	-1	-1	-1	
289	262	05ed61a68f650ff3	4			yes					-1	-1	-1	-1	
290	262	5a6ac419271ad45f	4			yes					-1	-1	-1	-1	
291	0	9f9881d449aa881c	5			yes					-1	-1	-1	-1	292	
292	291	5b6bad71c0ecf875	4			yes					293	299	305	312	
293	292	3c9129777c0f53e7	4			yes					294	296	298	-1	
294	293	327c2f2aa7f12856	3			yes					-1	295	-1	
295	294	1d7252b9ee75130e	5			yes					-1	-1	-1	-1	-1	
296	293	15eb962bde1e1a4b	3			yes					-1	297	-1	
297	296	ff4cb36a23307781	5			yes					-1	-1	-1	-1	-1	
298	293	782e10584e6c008d	3			yes					-1	-1	-1	
299	292	1077f495e39ce2a8	4			yes					300	303	304	-1	
300	299	cf08afe0ef9337dd	3			yes					301	302	-1	
301	300	50d2dc6c627ee79d	5			yes					-1	-1	-1	-1	-1	
302	300	4f3d28da312593d2	5			yes					-1	-1	-1	-1	-1	
303	299	1805f9ba908a6409	3			yes					-1	-1	-1	
304	299	88b4ff03489a6144	3			yes					-1	-1	-1	
305	292	72c310bc3b9eaa5e	4			yes					306	309	311	-1	
306	305	adbc4bc937917f2b	3			yes					307	308	-1	
307	306	7f7061b1b50a2f15	5			yes					-1	-1	-1	-1	-1	
308	306	d64c65562fa60ade	5			yes					-1	-1	-1	-1	-1	
309	305	ebe41b3697a77827	3			yes					-1	310	-1	
310	309	ea5c13405a2173e0	5			yes					-1	-1	-1	-1	-1	
311	305	f1584b9ade85a5ba	3			yes					-1	-1	-1	
312	292	b77419deaa0fc764	5			yes					313	319	322	324	-1	
313	312	680b42aba6001211	4			yes					314	317	318	-1	
314	313	30806cb0b21f07db	6			yes					-1	-1	315	-1	316	-1	
315	314	92af7a6332f7ac2e	5			yes					-1	-1	-1	-1	-1	
316	314	c9ac7635de07579f	5			yes					-1	-1	-1	-1	-1	
317	313	f9227fb936206924	5			yes					-1	-1	-1	-1	-1	
318	313	8310a2678626d32f	5			yes					-1	-1	-1	-1	-1	
319	312	2e5312540636151d	4			yes					-1	320	321	-1	
320	319	c53209af43a7101a	5			yes					-1	-1	-1	-1	-1	
321	319	5e715ca0c2911caa	5			yes					-1	-1	-1	-1	-1	
322	312	55b75d7a6383f22c	4			yes					-1	-1	323	-1	
323	322	a537491a5e8860c7	5			yes					-1	-1	-1	-1	-1	
324	312	0dae946b93d097c0	4			yes					-1	-1	-1	-1	
325	0	978a4de8dedda101	5			yes					-1	-1	-1	-1	-1	
