Number of nodes
404
ID	PID	Hash_Value			File_Number	Fully_Enumerated	Children
0	-1	95fcf22a0999baf4	6			yes					1	51	92	131	171	299	
1	0	820e20b798a02c8c	5			yes					2	16	37	46	50	
2	1	59355cf3a5c1d942	4			yes					3	5	7	11	
3	2	9bd5eb3f9a1c905e	4			yes					-1	-1	-1	4	
4	3	02b6538ba69290fc	3			yes					-1	-1	-1	
5	2	0b0b8e19d30e06c6	4			yes					-1	6	-1	-1	
6	5	31d92c59a32fd4ef	3			yes					-1	-1	-1	
7	2	6f0e3a4881c4e9fa	5			yes					-1	8	9	-1	10	
8	7	55dc9808f1e53bd3	4			yes					-1	-1	-1	-1	
9	7	c1e345e0351bb1dc	4			yes					-1	-1	-1	-1	
10	7	b4ff9fb7d2bcbe3f	4			yes					-1	-1	-1	-1	
11	2	24628af3b3931a2a	5			yes					-1	12	13	14	15	
12	11	1eb028b3c3b2c803	4			yes					-1	-1	-1	-1	
13	11	8a8ff55b074c420c	4			yes					-1	-1	-1	-1	
14	11	b2ea585a8397c0cd	4			yes					-1	-1	-1	-1	
15	11	ff262904ddb42ca2	4			yes					-1	-1	-1	-1	
16	1	6838d7a0c14cc63c	4			yes					-1	17	28	35	
17	16	f0751ec2d8ca7485	3			yes					18	19	23	
18	17	d18408ee68dadc57	4			yes					-1	-1	-1	-1	
19	17	607215ca4bd7dae1	5			yes					20	21	-1	-1	22	
20	19	70fc0f26a4744d4b	4			yes					-1	-1	-1	-1	
21	19	35d09fbfcec9f24d	4			yes					-1	-1	-1	-1	
22	19	bb83b03518af8d24	4			yes					-1	-1	-1	-1	
23	17	2b1ea57179802931	5			yes					24	25	-1	26	27	
24	23	3b90bf9d9623be9b	4			yes					-1	-1	-1	-1	
25	23	7ebc2f04fc9e019d	4			yes					-1	-1	-1	-1	
26	23	bd9677d84984f3d6	4			yes					-1	-1	-1	-1	
27	23	f05a068617a71fb9	4			yes					-1	-1	-1	-1	
28	16	c6d8c32fb853e0e8	3			yes					29	-1	31	
29	28	48e4930fda9d1ae9	4			yes					-1	-1	-1	30	
30	29	521f02b3233db76c	3			yes					-1	-1	-1	
31	28	b93d4bdd906290bd	5			yes					32	33	-1	-1	34	
32	31	a9b351317fc10717	4			yes					-1	-1	-1	-1	
33	31	ec9fc1a8157cb811	4			yes					-1	-1	-1	-1	
34	31	b82e1b2d1189533b	4			yes					-1	-1	-1	-1	
35	16	ed96a1a95df861a3	3			yes					36	-1	-1	
36	35	d9f2f07cc8b5a674	4			yes					-1	-1	-1	-1	
37	1	1a43e9d581269e35	4			yes					-1	-1	38	44	
38	37	b4a3fd5af839b8e1	3			yes					39	-1	40	
39	38	5b60696522ef81b2	4			yes					-1	-1	-1	-1	
40	38	294996ab01d4626a	5			yes					41	42	43	-1	-1	
41	40	39c78c47ee77f5c0	4			yes					-1	-1	-1	-1	
42	40	7ceb1cde84ca4ac6	4			yes					-1	-1	-1	-1	
43	40	139b34eb71f5b043	4			yes					-1	-1	-1	-1	
44	37	9fed9fdc1d9239aa	3			yes					45	-1	-1	
45	44	326d61841dc0457a	4			yes					-1	-1	-1	-1	
46	1	2cee3438e1bf0a58	4			yes					-1	-1	-1	47	
47	46	a94042317d0badc7	3			yes					48	-1	-1	
48	47	6fdbab8d25355479	5			yes					-1	-1	-1	-1	49	
49	48	696a60f7cb0f0307	4			yes					-1	-1	-1	-1	
50	1	07a056be04148b13	4			yes					-1	-1	-1	-1	
51	0	8ffac6e4b7a2fa50	5			yes					52	69	79	88	91	
52	51	28f936331fa3f272	4			yes					53	56	63	67	
53	52	b867cdd3be0fff8b	4			yes					-1	54	-1	55	
54	53	b81f7cf693c06f60	3			yes					-1	-1	-1	
55	53	210475678281ff29	3			yes					-1	-1	-1	
56	52	b0b4ff51062540cb	3			yes					57	59	61	
57	56	a79a6f160ec318e5	4			yes					-1	-1	58	-1	
58	57	bbe2552c1ea38fad	3			yes					-1	-1	-1	
59	56	318434d53f380b73	4			yes					60	-1	-1	-1	
60	59	49faa4d118f08c3a	3			yes					-1	-1	-1	
61	56	f8a23ac7965c5b96	5			yes					-1	-1	-1	-1	62	
62	61	911315db1b5ee82c	4			yes					-1	-1	-1	-1	
63	52	861922bc66bcd4a6	3			yes					64	-1	65	
64	63	1665411d74da7f2c	4			yes					-1	-1	-1	-1	
65	63	a8c3c904770fc601	5			yes					-1	-1	-1	-1	66	
66	65	ae72027e9935917f	4			yes					-1	-1	-1	-1	
67	52	ad57403a831755ed	3			yes					68	-1	-1	
68	67	fa40d690eca6c9a1	4			yes					-1	-1	-1	-1	
69	51	14005b33542c3bd0	4			yes					-1	70	72	76	
70	69	6555a0d24aa7d6f7	4			yes					71	-1	-1	-1	
71	70	f53a47baeef24d45	3			yes					-1	-1	-1	
72	69	01501483186d39cb	5			yes					73	-1	74	-1	75	
73	72	913ff3ebbc38a279	4			yes					-1	-1	-1	-1	
74	72	afbd6b2bacb261ed	4			yes					-1	-1	-1	-1	
75	72	daa1b17c4b156e0e	4			yes					-1	-1	-1	-1	
76	69	4a3ca4382a3aca1b	5			yes					77	-1	78	-1	-1	
77	76	da5343508e6f51a9	4			yes					-1	-1	-1	-1	
78	76	e4d1db909ee5923d	4			yes					-1	-1	-1	-1	
79	51	17b70f86ae2448e9	4			yes					-1	-1	80	86	
80	79	b9571b09d73b6e3d	3			yes					-1	81	82	
81	80	353e47aebb465183	4			yes					-1	-1	-1	-1	
82	80	da123b232011a662	5			yes					83	84	85	-1	-1	
83	82	4a7ddc4b84443dd0	4			yes					-1	-1	-1	-1	
84	82	fc0ae15acf3c46de	4			yes					-1	-1	-1	-1	
85	82	e0c099635030744b	4			yes					-1	-1	-1	-1	
86	79	9219798f3290ef76	3			yes					-1	87	-1	
87	86	5c334f4f8469954b	4			yes					-1	-1	-1	-1	
88	51	211ad26bcebddc84	4			yes					-1	-1	-1	89	
89	88	a4b4a46252097b1b	3			yes					-1	90	-1	
90	89	01858546bc9c8448	5			yes					-1	-1	-1	-1	-1	
91	51	0a54b0ed2b165dcf	4			yes					-1	-1	-1	-1	
92	0	2d44a8433a7d8b95	5			yes					93	111	121	127	130	
93	92	8a475894927c83b7	4			yes					94	102	104	109	
94	93	97923c1bb9736260	3			yes					-1	95	98	
95	94	0bdb39bed7d4bb2c	5			yes					-1	-1	96	-1	97	
96	95	a5364616630be30a	4			yes					-1	-1	-1	-1	
97	95	d02a9c4184acece9	4			yes					-1	-1	-1	-1	
98	94	40b78905e58348fc	5			yes					-1	-1	99	100	101	
99	98	ee5af6ad515c10da	4			yes					-1	-1	-1	-1	
100	98	d63f5bacd587921b	4			yes					-1	-1	-1	-1	
101	98	9bf32af28ba47e74	4			yes					-1	-1	-1	-1	
102	93	d6e2d6b83ef8199b	4			yes					-1	-1	-1	103	
103	102	4f816e0c02761939	3			yes					-1	-1	-1	
104	93	24a74c1beb63a563	3			yes					-1	105	106	
105	104	50f06014ac9b73e6	4			yes					-1	-1	-1	-1	
106	104	e371c1fe963c86e1	5			yes					-1	107	-1	-1	108	
107	106	f2a56476d584a7dd	4			yes					-1	-1	-1	-1	
108	106	e262910e17d74567	4			yes					-1	-1	-1	-1	
109	93	0fe92e9d0ec82428	3			yes					-1	110	-1	
110	109	94c5cdfb6c512fb1	4			yes					-1	-1	-1	-1	
111	92	3091cccc11726a42	4			yes					-1	112	114	119	
112	111	74b145af6c9e4db4	4			yes					113	-1	-1	-1	
113	112	e4dea2c7c8cbd606	3			yes					-1	-1	-1	
114	111	9e71d843686d4c96	3			yes					-1	115	116	
115	114	fa08ad76cdbf3758	4			yes					-1	-1	-1	-1	
116	114	292c2684b0ce775d	5			yes					117	-1	-1	-1	118	
117	116	b943c1ec149becef	4			yes					-1	-1	-1	-1	
118	116	283f76743125b4db	4			yes					-1	-1	-1	-1	
119	111	b53fbac58dc6cddd	3			yes					-1	120	-1	
120	119	de916607364d0341	4			yes					-1	-1	-1	-1	
121	92	9198f6de66a568be	4			yes					-1	-1	122	125	
122	121	e093e84e0021d6f9	5			yes					-1	123	-1	-1	124	
123	122	b531623b853ffe55	4			yes					-1	-1	-1	-1	
124	122	3b624db15359813c	4			yes					-1	-1	-1	-1	
125	121	abff58f532762529	5			yes					-1	126	-1	-1	-1	
126	125	fe5dd280b7680d85	4			yes					-1	-1	-1	-1	
127	92	83a4bccc4362ad41	4			yes					-1	-1	-1	128	
128	127	060acac5dfd60ade	3			yes					-1	-1	129	
129	128	e046798ba4d06b7a	5			yes					-1	-1	-1	-1	-1	
130	92	a8eade4aa6c92c0a	4			yes					-1	-1	-1	-1	
131	0	f3d289a86a9b847b	5			yes					132	147	160	168	170	
132	131	54d1797fc29a8c59	4			yes					133	141	144	145	
133	132	49041df0e9956d8e	3			yes					134	136	137	
134	133	71d66788d402e2f7	4			yes					-1	135	-1	-1	
135	134	09c92f46f13c4557	3			yes					-1	-1	-1	
136	133	bc392d795aa66d13	4			yes					-1	-1	-1	-1	
137	133	a918c58477d2fd61	5			yes					-1	138	-1	139	140	
138	137	93ca67c407f32f48	4			yes					-1	-1	-1	-1	
139	137	3f90172d47d62786	4			yes					-1	-1	-1	-1	
140	137	725c667319f5cbe9	4			yes					-1	-1	-1	-1	
141	132	bee78e689b7666e9	3			yes					-1	142	143	
142	141	6efff14772472016	4			yes					-1	-1	-1	-1	
143	141	5411fe0464743cd4	4			yes					-1	-1	-1	-1	
144	132	d3db783442933eba	4			yes					-1	-1	-1	-1	
145	132	d17f0f765e2e2bc6	3			yes					-1	-1	146	
146	145	25fde15856b3e561	4			yes					-1	-1	-1	-1	
147	131	ee07ed27419465ac	4			yes					-1	148	154	157	
148	147	04311a3018788f1c	3			yes					-1	149	150	
149	148	d26703b2c30fbd22	4			yes					-1	-1	-1	-1	
150	148	c746eb4fee7b2d50	5			yes					151	-1	-1	152	153	
151	150	57290c274a2eb6e2	4			yes					-1	-1	-1	-1	
152	150	51ce39e6de7ff7b7	4			yes					-1	-1	-1	-1	
153	150	1c0248b8805c1bd8	4			yes					-1	-1	-1	-1	
154	147	cb2347477231ce4b	5			yes					155	-1	-1	-1	156	
155	154	5b4ca02fd66455f9	4			yes					-1	-1	-1	-1	
156	154	e3149e8568fdebbc	4			yes					-1	-1	-1	-1	
157	147	6ba99b2edd20c233	3			yes					-1	-1	158	
158	157	408acab5f7a5db46	5			yes					-1	-1	-1	-1	159	
159	158	293be5a97aa768fc	4			yes					-1	-1	-1	-1	
160	131	19e47ebf33776ecb	4			yes					-1	-1	161	165	
161	160	e7749f0f55948f20	5			yes					162	163	-1	-1	164	
162	161	771b7867f1c11492	4			yes					-1	-1	-1	-1	
163	161	b2d6157ad08aa78c	4			yes					-1	-1	-1	-1	
164	161	52607dad2ce65fc5	4			yes					-1	-1	-1	-1	
165	160	9c4a08b6afc3c954	3			yes					-1	-1	166	
166	165	530728357e7985b1	5			yes					-1	-1	-1	-1	167	
167	166	3ab60729f37b360b	4			yes					-1	-1	-1	-1	
168	131	d54e15464656a4da	4			yes					-1	-1	-1	169	
169	168	7243ff4d4683799c	5			yes					-1	-1	-1	-1	-1	
170	131	767cffa1f62f23e4	4			yes					-1	-1	-1	-1	
171	0	36af6a0c657bd5f4	5			yes					172	184	197	210	242	
172	171	5911a1bccd145928	4			yes					173	177	183	-1	
173	172	822addf8f075ace6	3			yes					174	175	-1	
174	173	4d9565fff098f338	4			yes					-1	-1	-1	-1	
175	173	71143c4ca7c581bf	5			yes					-1	-1	-1	176	-1	
176	175	f0dbd7de3e6a313e	4			yes					-1	-1	-1	-1	
177	172	b32756ab94f8b398	3			yes					-1	178	182	
178	177	ef0cfe279532d3cb	5			yes					179	180	-1	181	-1	
179	178	ff82e4cb7a914461	4			yes					-1	-1	-1	-1	
180	178	baae7452102cfb67	4			yes					-1	-1	-1	-1	
181	178	8da6e799fcfa78e4	4			yes					-1	-1	-1	-1	
182	177	2c66770b4b5aec0d	5			yes					-1	-1	-1	-1	-1	
183	172	c15c68ded492eb91	3			yes					-1	-1	-1	
184	171	54e547efe2168ff4	4			yes					185	193	196	-1	
185	184	f3e6b7384a1787d6	3			yes					186	187	192	
186	185	ed3cf89df8efa94b	4			yes					-1	-1	-1	-1	
187	185	4f3a1c096382cc8a	5			yes					188	189	-1	190	191	
188	187	37448c0d444a4bc3	4			yes					-1	-1	-1	-1	
189	187	5fc461d14ad5b0c9	4			yes					-1	-1	-1	-1	
190	187	cef5f79bfa2d7c0b	4			yes					-1	-1	-1	-1	
191	187	d659a4bd5f0ccc28	4			yes					-1	-1	-1	-1	
192	185	96bdc3949d5f9749	5			yes					-1	-1	-1	-1	-1	
193	184	cf1fda3801984e74	3			yes					-1	194	-1	
194	193	1f4a12873e6c518e	5			yes					-1	-1	-1	195	-1	
195	194	9e85f915a7c3e10f	4			yes					-1	-1	-1	-1	
196	184	cca88e8dfb903d4d	3			yes					-1	-1	-1	
197	171	f65b29486fc9fe31	4			yes					198	205	209	-1	
198	197	5158d99fc7c8f613	3			yes					199	203	204	
199	198	84a5d2530931b206	5			yes					-1	200	201	202	-1	
200	199	daa273e52f0032f9	4			yes					-1	-1	-1	-1	
201	199	2a48adfbbdeeea20	4			yes					-1	-1	-1	-1	
202	199	e60fcbed60f91929	4			yes					-1	-1	-1	-1	
203	198	16e94120b7265433	4			yes					-1	-1	-1	-1	
204	198	ea77bf7f7c168ae4	5			yes					-1	-1	-1	-1	-1	
205	197	eb8e4dc744c61fe6	3			yes					-1	206	208	
206	205	ce34c18b5ce904b3	5			yes					-1	-1	-1	207	-1	
207	206	4ffb2a19c546b432	4			yes					-1	-1	-1	-1	
208	205	202a58055ae47b58	5			yes					-1	-1	-1	-1	-1	
209	197	4a8777d533111d1a	3			yes					-1	-1	-1	
210	171	62f69290e407baf4	5			yes					211	224	233	240	241	
211	210	c5f562474c06b2d6	4			yes					212	216	220	221	
212	211	6d0a9ed29b60079b	5			yes					-1	213	214	215	-1	
213	212	57d83c92eb41d5b2	4			yes					-1	-1	-1	-1	
214	212	4e9dae0debfeb8f6	4			yes					-1	-1	-1	-1	
215	212	0fa0876cf2a8acb4	4			yes					-1	-1	-1	-1	
216	211	cfdb127fe8e02ad8	5			yes					-1	-1	217	218	219	
217	216	3ac8438c9b76893d	4			yes					-1	-1	-1	-1	
218	216	4e14f9ed714f9a59	4			yes					-1	-1	-1	-1	
219	216	56b8aacbd46e2a7a	4			yes					-1	-1	-1	-1	
220	211	ac6a432a6ca4c89a	4			yes					-1	-1	-1	-1	
221	211	c6a671c0075f8b35	5			yes					-1	-1	222	223	-1	
222	221	e531411f77c13458	4			yes					-1	-1	-1	-1	
223	221	a40c687e6e97201a	4			yes					-1	-1	-1	-1	
224	210	7f23f61fcf085b23	4			yes					-1	225	229	230	
225	224	0354b01902c9d7aa	5			yes					226	-1	227	228	-1	
226	225	933b5771a69c4c18	4			yes					-1	-1	-1	-1	
227	225	20c380c6725768c7	4			yes					-1	-1	-1	-1	
228	225	61fea9a76b017c85	4			yes					-1	-1	-1	-1	
229	224	82df74c687a2814e	5			yes					-1	-1	-1	-1	-1	
230	224	3a3e582718b54d31	5			yes					231	-1	-1	232	-1	
231	230	aa51bf4fbce0d683	4			yes					-1	-1	-1	-1	
232	230	58944199717de61e	4			yes					-1	-1	-1	-1	
233	210	88c06587bdeb5044	4			yes					-1	-1	234	235	
234	233	8325062113909daa	5			yes					-1	-1	-1	-1	-1	
235	233	79a317511f3da985	6			yes					236	237	-1	238	-1	239	
236	235	e9ccf039bb683237	5			yes					-1	-1	-1	-1	-1	
237	235	2c019d249a238129	5			yes					-1	-1	-1	-1	-1	
238	235	8cb046a26cab0a60	5			yes					-1	-1	-1	-1	-1	
239	235	6d18dac93a18d734	5			yes					-1	-1	-1	-1	-1	
240	210	dcfcc1538e3b3654	4			yes					-1	-1	-1	-1	
241	210	eeea308cb0de8fe5	4			yes					-1	-1	-1	-1	
242	171	42e585abc596f4cc	6			yes					243	266	283	293	296	298	
243	242	e5e6757c6d97fcee	5			yes					244	250	256	261	262	
244	243	956090b82a5264ae	6			yes					-1	245	246	247	248	249	
245	244	afb232f85a73b687	5			yes					-1	-1	-1	-1	-1	
246	244	3b8def109e8d3c88	5			yes					-1	-1	-1	-1	-1	
247	244	f7ca8906439acf81	5			yes					-1	-1	-1	-1	-1	
248	244	f4ad71fd3140c501	5			yes					-1	-1	-1	-1	-1	
249	244	6ac903569f6afcc5	5			yes					-1	-1	-1	-1	-1	
250	243	85a7762323075ea7	6			yes					-1	-1	251	252	254	255	
251	250	99208d43a287256d	5			yes					-1	-1	-1	-1	-1	
252	250	04689db1baa8ee26	5			yes					-1	-1	-1	-1	253	
253	252	a5f414bdec2528a4	4			yes					-1	-1	-1	-1	
254	250	ba02312b126631d2	5			yes					-1	-1	-1	-1	-1	
255	250	243bff2f758a9825	5			yes					-1	-1	-1	-1	-1	
256	243	19ac1fb1e4927b43	6			yes					-1	-1	-1	257	259	260	
257	256	9863f4237d3dcbc2	5			yes					-1	-1	-1	-1	258	
258	257	39ff7d2f2bb00d40	4			yes					-1	-1	-1	-1	
259	256	260958b9d5f31436	5			yes					-1	-1	-1	-1	-1	
260	256	b83096bdb21fbdc1	5			yes					-1	-1	-1	-1	-1	
261	243	9427f98a4a33337a	4			yes					-1	-1	-1	-1	
262	243	1e6fd60c4cc1764a	4			yes					263	264	265	-1	
263	262	a7deb3134ece5def	6			yes					-1	-1	-1	-1	-1	-1	
264	262	3bf13b5d4bd28569	5			yes					-1	-1	-1	-1	-1	
265	262	a7fa52cf8c47a08d	5			yes					-1	-1	-1	-1	-1	
266	242	5f30e124ee99151b	5			yes					-1	267	273	279	280	
267	266	fb3ebe73b3fbb49f	6			yes					268	-1	269	270	271	272	
268	267	6b51591b17ae2f2d	5			yes					-1	-1	-1	-1	-1	
269	267	55d3c1db0724ecb9	5			yes					-1	-1	-1	-1	-1	
270	267	9994a7cdda331fb0	5			yes					-1	-1	-1	-1	-1	
271	267	9af35f36a8e91530	5			yes					-1	-1	-1	-1	-1	
272	267	04972d9d06c32cf4	5			yes					-1	-1	-1	-1	-1	
273	266	0e0878eba06db567	6			yes					274	-1	-1	275	277	278	
274	273	9e679f8304382ed5	5			yes					-1	-1	-1	-1	-1	
275	273	8fc7937939c205e6	5			yes					-1	-1	-1	-1	276	
276	275	2e5b1a756f4fc364	4			yes					-1	-1	-1	-1	
277	273	31ad3fe3910cda12	5			yes					-1	-1	-1	-1	-1	
278	273	af94f1e7f6e073e5	5			yes					-1	-1	-1	-1	-1	
279	266	2ef16dd2c93dda8f	4			yes					-1	-1	-1	-1	
280	266	a4b94254cfcf9fbf	4			yes					-1	281	282	-1	
281	280	c9809dd8d7678dde	6			yes					-1	-1	-1	-1	-1	-1	
282	280	b05e3595c8b86ea9	5			yes					-1	-1	-1	-1	-1	
283	242	a8d372bc9c7a1e7c	5			yes					-1	-1	284	290	291	
284	283	1afd42beabb75bad	6			yes					285	286	-1	287	288	289	
285	284	8a92a5d60fe2c01f	5			yes					-1	-1	-1	-1	-1	
286	284	4f5fc8cb2ea97301	5			yes					-1	-1	-1	-1	-1	
287	284	78575b00c27ff082	5			yes					-1	-1	-1	-1	-1	
288	284	7b30a3fbb0a5fa02	5			yes					-1	-1	-1	-1	-1	
289	284	e554d1501e8fc3c6	5			yes					-1	-1	-1	-1	-1	
290	283	d912fe4abbded1e8	4			yes					-1	-1	-1	-1	
291	283	535ad1ccbd2c94d8	4			yes					-1	-1	292	-1	
292	291	28436115cf2b62ec	6			yes					-1	-1	-1	-1	-1	-1	
293	242	daa84cc9dc104675	5			yes					-1	-1	-1	294	295	
294	293	ab69c03ffbb489e1	4			yes					-1	-1	-1	-1	
295	293	2121efb9fd46ccd1	4			yes					-1	-1	-1	-1	
296	242	3324095de2323b58	5			yes					-1	-1	-1	-1	297	
297	296	c8adaa2dc364b1fc	4			yes					-1	-1	-1	-1	
298	242	b96c26dbe4c07e68	5			yes					-1	-1	-1	-1	-1	
299	0	0da485246e2fb768	5			yes					300	328	351	375	-1	
300	299	dfeabcc8b9a97524	5			yes					301	307	320	327	-1	
301	300	04d1c08c84c880ea	4			yes					302	304	306	-1	
302	301	9c8f9d8fc17e390b	5			yes					-1	-1	-1	-1	303	
303	302	3d13148397f3ff89	4			yes					-1	-1	-1	-1	
304	301	aeb16668d6a3198e	5			yes					-1	-1	-1	-1	305	
305	304	5118f586639b81e5	4			yes					-1	-1	-1	-1	
306	301	94a59764e95b2f9b	5			yes					-1	-1	-1	-1	-1	
307	300	35dc4bdfe0459f94	4			yes					-1	308	316	-1	
308	307	6e63c882704bb64e	6			yes					309	311	-1	313	314	315	
309	308	7eedd26e9fe821e4	5			yes					-1	-1	-1	-1	310	
310	309	df715b62c965e766	4			yes					-1	-1	-1	-1	
311	308	3bc142f7f5559ee2	5			yes					-1	-1	-1	-1	312	
312	311	9a5dcbfba3d85860	4			yes					-1	-1	-1	-1	
313	308	f8eb1a2b404f6ca9	5			yes					-1	-1	-1	-1	-1	
314	308	51c68f8a412ad93b	5			yes					-1	-1	-1	-1	-1	
315	308	cfff418e26c670cc	5			yes					-1	-1	-1	-1	-1	
316	307	5f04a65f09f73cb8	5			yes					317	318	-1	-1	319	
317	316	4f8abcb3e654ab12	4			yes					-1	-1	-1	-1	
318	316	0aa62c2a8ce91414	4			yes					-1	-1	-1	-1	
319	316	a0ad35b1bccfa4d3	4			yes					-1	-1	-1	-1	
320	300	47a775aaa02fc79d	4			yes					-1	-1	321	-1	
321	320	d389ffe88b201799	6			yes					322	323	324	-1	325	326	
322	321	c307e50464838033	5			yes					-1	-1	-1	-1	-1	
323	321	862b759d0e3e3f35	5			yes					-1	-1	-1	-1	-1	
324	321	e95b5da8fb01c5b0	5			yes					-1	-1	-1	-1	-1	
325	321	97de680cc3f41287	5			yes					-1	-1	-1	-1	-1	
326	321	721576e4ddadd11b	5			yes					-1	-1	-1	-1	-1	
327	300	710aa847c0b653f0	4			yes					-1	-1	-1	-1	
328	299	d21e5a9b96aba3f8	5			yes					329	339	343	350	-1	
329	328	751daa4c3eaaabda	4			yes					330	332	337	-1	
330	329	bf3dbb63e56d56de	5			yes					-1	-1	-1	-1	331	
331	330	1ea1326fb3e0905c	4			yes					-1	-1	-1	-1	
332	329	ac409a16af44eedb	5			yes					333	334	-1	335	336	
333	332	d43e0a12888c6992	4			yes					-1	-1	-1	-1	
334	332	bcbee7ce86139298	4			yes					-1	-1	-1	-1	
335	332	872858f03ba6280b	4			yes					-1	-1	-1	-1	
336	332	53e909f81a7c76b0	4			yes					-1	-1	-1	-1	
337	329	53bdf5edbb61bde3	5			yes					-1	-1	-1	-1	338	
338	337	ac1466030e592588	4			yes					-1	-1	-1	-1	
339	328	49e4c74c75256278	4			yes					-1	340	342	-1	
340	339	c0ef48a34f0ac9bf	5			yes					-1	-1	-1	-1	341	
341	340	3f46db4dfa3251d4	4			yes					-1	-1	-1	-1	
342	339	fafbb9af70f2ffaa	5			yes					-1	-1	-1	-1	-1	
343	328	4a5393f98f2d1141	4			yes					-1	-1	344	-1	
344	343	20d25260aae5d391	6			yes					345	346	347	-1	348	349	
345	344	b0bdb5080eb04823	5			yes					-1	-1	-1	-1	-1	
346	344	06ca881945c8332d	5			yes					-1	-1	-1	-1	-1	
347	344	1a00f020dac401b8	5			yes					-1	-1	-1	-1	-1	
348	344	6485c584e231d68f	5			yes					-1	-1	-1	-1	-1	
349	344	814edb6cfc681513	5			yes					-1	-1	-1	-1	-1	
350	328	7cfe4e14efb4852c	4			yes					-1	-1	-1	-1	
351	299	70a0343c1b74d23d	5			yes					352	366	372	374	-1	
352	351	d7a3c4ebb375da1f	4			yes					353	361	363	-1	
353	352	05cae4f6ec48d783	6			yes					-1	354	356	358	359	360	
354	353	5bcd4540ca79577c	5			yes					-1	-1	-1	-1	355	
355	354	fa51cc4c9cf491fe	4			yes					-1	-1	-1	-1	
356	353	ab279b5e58978fa5	5			yes					-1	-1	-1	-1	357	
357	356	0abb12520e1a4927	4			yes					-1	-1	-1	-1	
358	353	9342365fdc4c0d64	5			yes					-1	-1	-1	-1	-1	
359	353	3a6fa3fedd29b8f6	5			yes					-1	-1	-1	-1	-1	
360	353	a4566dfabac51101	5			yes					-1	-1	-1	-1	-1	
361	352	d1b8a008659ab0ce	5			yes					-1	-1	-1	-1	362	
362	361	702429043317764c	4			yes					-1	-1	-1	-1	
363	352	935608719ca706f2	5			yes					-1	364	-1	-1	365	
364	363	8282adf9df1f27ce	4			yes					-1	-1	-1	-1	
365	363	6cff9b9f299f9e99	4			yes					-1	-1	-1	-1	
366	351	6d7550b3307b33ea	4			yes					-1	367	369	-1	
367	366	8234202725d6b9e1	5			yes					-1	-1	-1	-1	368	
368	367	23a8a92b735b7f63	4			yes					-1	-1	-1	-1	
369	366	590bef0bba55f74e	5			yes					370	-1	-1	-1	371	
370	369	c96408631e006cfc	4			yes					-1	-1	-1	-1	
371	369	a6a27ce50f6d6f25	4			yes					-1	-1	-1	-1	
372	351	cc7c6aa147ac3116	4			yes					-1	-1	373	-1	
373	372	1b38456268be1098	5			yes					-1	-1	-1	-1	-1	
374	351	de4020b3626bf4e9	4			yes					-1	-1	-1	-1	
375	299	ae3615d74b92ddd3	5			yes					376	390	401	403	-1	
376	375	0935e500e393d5f1	4			yes					377	385	388	-1	
377	376	ec65a8777e19621e	6			yes					-1	378	380	382	383	384	
378	377	d6b70a370e38b037	5			yes					-1	-1	-1	-1	379	
379	378	772b833b58b576b5	4			yes					-1	-1	-1	-1	
380	377	cff298a80e87dd73	5			yes					-1	-1	-1	-1	381	
381	380	6e6e11a4580a1bf1	4			yes					-1	-1	-1	-1	
382	377	7aed7ade4e1db8f9	5			yes					-1	-1	-1	-1	-1	
383	377	d3c0ef7f4f780d6b	5			yes					-1	-1	-1	-1	-1	
384	377	4df9217b2894a49c	5			yes					-1	-1	-1	-1	-1	
385	376	080bb4756d9f6f39	5			yes					-1	-1	-1	386	387	
386	385	fe7eb6eefe541c6e	4			yes					-1	-1	-1	-1	
387	385	f7a2279bd8a7f752	4			yes					-1	-1	-1	-1	
388	376	f71ee906daef3749	5			yes					-1	-1	-1	-1	389	
389	388	5682600a8c62f1cb	4			yes					-1	-1	-1	-1	
390	375	b3e37158609d3c04	4			yes					-1	391	399	-1	
391	390	823b86bce7b0b22f	6			yes					392	-1	394	396	397	398	
392	391	125461d443e5299d	5			yes					-1	-1	-1	-1	393	
393	392	b3c8e8d81568ef1f	4			yes					-1	-1	-1	-1	
394	391	a1acb663972e0d42	5			yes					-1	-1	-1	-1	395	
395	394	00303f6fc1a3cbc0	4			yes					-1	-1	-1	-1	
396	391	14b35415d7b468c8	5			yes					-1	-1	-1	-1	-1	
397	391	bd9ec1b4d6d1dd5a	5			yes					-1	-1	-1	-1	-1	
398	391	23a70fb0b13d74ad	5			yes					-1	-1	-1	-1	-1	
399	390	863317f830b8f2b2	5			yes					-1	-1	-1	-1	400	
400	399	27af9ef466353430	4			yes					-1	-1	-1	-1	
401	375	4400e2c0127e3763	4			yes					-1	-1	402	-1	
402	401	c2e9c9363797f17d	5			yes					-1	-1	-1	-1	-1	
403	375	88aa8939675ffd72	4			yes					-1	-1	-1	-1	
