Number of nodes
338
ID	PID	Hash_Value			File_Number	Fully_Enumerated	Children
0	-1	ae6e107264fc005f	6			yes					1	114	206	265	308	337	
1	0	1d335502a06792f0	5			yes					2	50	62	77	86	
2	1	da8290d226be727b	5			yes					3	14	27	43	49	
3	2	09042a06af769b32	4			yes					4	5	7	8	
4	3	71c5291a395e6722	4			yes					-1	-1	-1	-1	
5	3	04344c78fdc329a0	4			yes					-1	6	-1	-1	
6	5	5aca05b1e78eb270	3			yes					-1	-1	-1	
7	3	30a52d8374d2baf3	4			yes					-1	-1	-1	-1	
8	3	01ee500ef04ea64f	3			yes					9	10	12	
9	8	3d83bb5271889d25	4			yes					-1	-1	-1	-1	
10	8	fd44927d122a030a	5			yes					-1	-1	-1	-1	11	
11	10	0aaa3d75cbd58a1c	4			yes					-1	-1	-1	-1	
12	8	18b61debf453c6e6	5			yes					-1	-1	-1	-1	13	
13	12	ef58b2e32dac4ff0	4			yes					-1	-1	-1	-1	
14	2	8bb7e5a87186fe4d	4			yes					-1	15	19	23	
15	14	9e89d940267b11cf	5			yes					16	17	-1	-1	18	
16	15	b62d796cdda8df37	4			yes					-1	-1	-1	-1	
17	15	9ef31cc0ed5ff62d	4			yes					-1	-1	-1	-1	
18	15	769af99eebd0c5d4	4			yes					-1	-1	-1	-1	
19	14	ee45b50e45ad81c6	5			yes					20	21	-1	22	-1	
20	19	c6e11522be7e4f3e	4			yes					-1	-1	-1	-1	
21	19	ee3f708e8e896624	4			yes					-1	-1	-1	-1	
22	19	d4853afc9294c3f1	4			yes					-1	-1	-1	-1	
23	14	9e935eb11996a92f	5			yes					24	25	-1	-1	26	
24	23	b637fe9de24567d7	4			yes					-1	-1	-1	-1	
25	23	9ee99b31d2b24ecd	4			yes					-1	-1	-1	-1	
26	23	2ffabcef1a9ad1bc	4			yes					-1	-1	-1	-1	
27	2	bf2ba4d49fb42ddc	4			yes					-1	-1	28	33	
28	27	10b0ce7f23a1810f	5			yes					29	30	31	-1	32	
29	28	38146e53d8724ff7	4			yes					-1	-1	-1	-1	
30	28	b721884246983a21	4			yes					-1	-1	-1	-1	
31	28	4e4e87b639ec1adf	4			yes					-1	-1	-1	-1	
32	28	de88d725b5491b83	4			yes					-1	-1	-1	-1	
33	27	8fa1043cfc8d528f	6			yes					34	36	38	-1	40	42	
34	33	a705a410075e9c77	5			yes					-1	-1	-1	-1	35	
35	34	50eb0b18dea11561	4			yes					-1	-1	-1	-1	
36	33	2830420199b4e9a1	5			yes					-1	-1	-1	-1	37	
37	36	dfdeed09404b60b7	4			yes					-1	-1	-1	-1	
38	33	d15f4df5e6c0c95f	5			yes					-1	-1	-1	-1	39	
39	38	26b1e2fd3f3f4049	4			yes					-1	-1	-1	-1	
40	33	d1d883e9cb70bdc9	5			yes					-1	-1	-1	-1	41	
41	40	26362ce1128f34df	4			yes					-1	-1	-1	-1	
42	33	784fab342572db99	5			yes					-1	-1	-1	-1	-1	
43	2	eff081a038c207a5	4			yes					-1	-1	-1	44	
44	43	e71afba867fa3ad8	3			yes					-1	45	46	
45	44	ca02355aab514444	5			yes					-1	-1	-1	-1	-1	
46	44	efa8fa4db41a92ce	5			yes					47	48	-1	-1	-1	
47	46	c70c5a614fc95c36	4			yes					-1	-1	-1	-1	
48	46	4839bc70d12329e0	4			yes					-1	-1	-1	-1	
49	2	d268eada79864f06	4			yes					-1	-1	-1	-1	
50	1	79c74d728ea94d66	4			yes					51	56	59	61	
51	50	d1e2b95f40f5c69c	3			yes					52	53	54	
52	51	bb87c59ec2f718bc	4			yes					-1	-1	-1	-1	
53	51	03f4966e5c29d910	5			yes					-1	-1	-1	-1	-1	
54	51	923cd7592e0ab08b	5			yes					-1	55	-1	-1	-1	
55	54	26a2b1b18e943aec	4			yes					-1	-1	-1	-1	
56	50	e9a09255b2872784	3			yes					-1	57	58	
57	56	6f0354b4dffd23b3	4			yes					-1	-1	-1	-1	
58	56	dbb8a9afb7a2ea5b	5			yes					-1	-1	-1	-1	-1	
59	50	30a85102ad4adc65	3			yes					-1	-1	60	
60	59	38422b0af272e118	2			yes					-1	-1	
61	50	712d377ad191701b	3			yes					-1	-1	-1	
62	1	26574d00e24dc120	4			yes					63	66	74	76	
63	62	8e72b92d2c114ada	3			yes					64	-1	65	
64	63	62a0e6ff18ded86a	4			yes					-1	-1	-1	-1	
65	63	5954f410ca09a28a	5			yes					-1	-1	-1	-1	-1	
66	62	0bcfc1bc58699673	3			yes					-1	67	68	
67	66	a17b936f34b290d6	4			yes					-1	-1	-1	-1	
68	66	442ef055ae142996	6			yes					69	71	-1	-1	-1	73	
69	68	6c8a507955c7e76e	5			yes					-1	-1	-1	-1	70	
70	69	9b64ff718c386e78	4			yes					-1	-1	-1	-1	
71	68	81f508d6b5cdaedf	5			yes					-1	-1	-1	-1	72	
72	71	761ba7de6c3227c9	4			yes					-1	-1	-1	-1	
73	68	b3c05f5d77eba080	5			yes					-1	-1	-1	-1	-1	
74	62	8d5702992b40e1d4	3			yes					-1	-1	75	
75	74	cb1683e78037fef7	5			yes					-1	-1	-1	-1	-1	
76	62	2ebd3708bd75fc5d	3			yes					-1	-1	-1	
77	1	85197e3392da070b	4			yes					78	81	83	85	
78	77	2d3c8a1e5c868cf1	3			yes					79	80	-1	
79	78	2789b5390150160c	5			yes					-1	-1	-1	-1	-1	
80	78	809427357853c372	5			yes					-1	-1	-1	-1	-1	
81	77	a881f28f28fe5058	3			yes					-1	82	-1	
82	81	946e76ad3caabbf2	5			yes					-1	-1	-1	-1	-1	
83	77	e0b04a352bd058ac	3			yes					-1	-1	84	
84	83	ca1d1814c9595860	5			yes					-1	-1	-1	-1	-1	
85	77	e0144c97cd72830e	3			yes					-1	-1	-1	
86	1	ed3110c789cfd64d	5			yes					87	97	105	112	113	
87	86	4514e4ea47935db7	4			yes					88	89	90	91	
88	87	e47974bdd6f3fdcf	4			yes					-1	-1	-1	-1	
89	87	d3b9158885775688	4			yes					-1	-1	-1	-1	
90	87	f7ae0a05242a2ab6	4			yes					-1	-1	-1	-1	
91	87	7d43a9c81d527d2a	3			yes					92	94	96	
92	91	03c9aac33994b10d	5			yes					-1	-1	-1	-1	93	
93	92	f42705cbe06b381b	4			yes					-1	-1	-1	-1	
94	91	95716c35e92b9468	5			yes					-1	-1	-1	-1	95	
95	94	629fc33d30d41d7e	4			yes					-1	-1	-1	-1	
96	91	6840a3053948fda7	5			yes					-1	-1	-1	-1	-1	
97	86	c0a99c7b33eb811e	4			yes					-1	98	101	102	
98	97	3ca1d22f1e2f6ec2	5			yes					99	100	-1	-1	-1	
99	98	14057203e5fca03a	4			yes					-1	-1	-1	-1	
100	98	f97a2aac05f6e98b	4			yes					-1	-1	-1	-1	
101	97	e7a417b1488b4b19	5			yes					-1	-1	-1	-1	-1	
102	97	f8fed159692aa183	3			yes					-1	103	104	
103	102	09503d63a6aff8d2	5			yes					-1	-1	-1	-1	-1	
104	102	d70e41c44dd90c9b	5			yes					-1	-1	-1	-1	-1	
105	86	889824c130c589ea	4			yes					-1	-1	106	111	
106	105	019fa10ce767dbe7	5			yes					107	108	109	-1	110	
107	106	293b01201cb4151f	4			yes					-1	-1	-1	-1	
108	106	83bb0568ff1daa67	4			yes					-1	-1	-1	-1	
109	106	5f61e8c5fd2a4037	4			yes					-1	-1	-1	-1	
110	106	fb3d357cc80ad12d	4			yes					-1	-1	-1	-1	
111	105	b0cf69e36a04a977	3			yes					-1	-1	-1	
112	86	d84301b597b3a393	4			yes					-1	-1	-1	-1	
113	86	d5665de5d30ef6d0	4			yes					-1	-1	-1	-1	
114	0	0e6267b2c5e561e2	5			yes					-1	115	153	174	183	
115	114	f1b3e0f67a12bd4c	5			yes					116	131	139	149	152	
116	115	b6485fb7b8a3d6b1	4			yes					117	118	122	125	
117	116	11f7770f2836736a	5			yes					-1	-1	-1	-1	-1	
118	116	0aee6c9f556de991	5			yes					-1	119	-1	120	121	
119	118	14c30fe4e29ee37c	4			yes					-1	-1	-1	-1	
120	118	83fd39578cbf8ae0	4			yes					-1	-1	-1	-1	
121	118	5bf2407c8fc2b269	4			yes					-1	-1	-1	-1	
122	116	b00f1a209e3d8393	5			yes					-1	123	-1	-1	124	
123	122	ae22795b29ce897e	4			yes					-1	-1	-1	-1	
124	122	7e37037a08d5191f	4			yes					-1	-1	-1	-1	
125	116	bea225bfe79bebcc	3			yes					126	127	130	
126	125	eaf6406dbe9c4e9c	5			yes					-1	-1	-1	-1	-1	
127	125	9fb3d6e691f4e7b6	5			yes					-1	128	-1	129	-1	
128	127	819eb59d2607ed5b	4			yes					-1	-1	-1	-1	
129	127	16a0832e482684c7	4			yes					-1	-1	-1	-1	
130	125	4f172e1209869052	5			yes					-1	-1	-1	-1	-1	
131	115	57c369f20828f34d	4			yes					-1	132	133	134	
132	131	bab2fc8e7ae324dc	4			yes					-1	-1	-1	-1	
133	131	1e3a909eff3cc391	4			yes					-1	-1	-1	-1	
134	131	5f2913fa5710ce30	3			yes					-1	135	137	
135	134	52325ca4bbd6e968	5			yes					-1	-1	-1	-1	136	
136	135	a5dcf3ac6229607e	4			yes					-1	-1	-1	-1	
137	134	3629a0f67fbdbf84	5			yes					-1	-1	-1	-1	138	
138	137	c1c70ffea6423692	4			yes					-1	-1	-1	-1	
139	115	dc135d3ff1cf6d5f	4			yes					-1	-1	140	141	
140	139	2407ac7879340fc5	5			yes					-1	-1	-1	-1	-1	
141	139	3dd347e877b030d1	6			yes					142	144	146	-1	-1	148	
142	141	47a9504ad312a2ed	5			yes					-1	-1	-1	-1	143	
143	142	b047ff420aed2bfb	4			yes					-1	-1	-1	-1	
144	141	9a4201d512898bff	5			yes					-1	-1	-1	-1	145	
145	144	6dacaeddcb7602e9	4			yes					-1	-1	-1	-1	
146	141	5b74fbf9bb1c5bfe	5			yes					-1	-1	-1	-1	147	
147	146	ac9a54f162e3d2e8	4			yes					-1	-1	-1	-1	
148	141	ca3de8e0ae4fb9c7	5			yes					-1	-1	-1	-1	-1	
149	115	c4c1f184646ec892	4			yes					-1	-1	-1	150	
150	149	cc2b8b8c3b56f5ef	3			yes					-1	-1	151	
151	150	db1f984aee8f1c04	5			yes					-1	-1	-1	-1	-1	
152	115	f9599afe252a8031	4			yes					-1	-1	-1	-1	
153	114	c83604f1a6f8b4f7	4			yes					154	168	171	173	
154	153	8fcdbbb06449df0a	3			yes					155	156	157	
155	154	14088bee70b4323c	4			yes					-1	-1	-1	-1	
156	154	d2b73d8c1c77956a	4			yes					-1	-1	-1	-1	
157	154	65c73c785cedcafa	6			yes					158	160	162	164	165	167	
158	157	fbab3bcf6d49c610	5			yes					-1	-1	-1	-1	159	
159	158	0c4594c7b4b64f06	4			yes					-1	-1	-1	-1	
160	157	d596f066f94dcbe4	5			yes					-1	-1	-1	-1	161	
161	160	22785f6e20b242f2	4			yes					-1	-1	-1	-1	
162	157	e6cb73229fe84923	5			yes					-1	-1	-1	-1	163	
163	162	1125dc2a4617c035	4			yes					-1	-1	-1	-1	
164	157	17c264220cdca55e	5			yes					-1	-1	-1	-1	-1	
165	157	28da73a1decf689f	5			yes					-1	-1	-1	-1	166	
166	165	df34dca90730e189	4			yes					-1	-1	-1	-1	
167	157	92299370851243ec	5			yes					-1	-1	-1	-1	-1	
168	153	91a7e4347445755f	3			yes					-1	-1	169	
169	168	b7a507eba029e473	5			yes					170	-1	-1	-1	-1	
170	169	cddf1049048b764f	4			yes					-1	-1	-1	-1	
171	153	1680258c4f349728	3			yes					-1	-1	172	
172	171	e61c5ce4bd2de7fe	5			yes					-1	-1	-1	-1	-1	
173	153	c0dc7ef9f9c0898a	3			yes					-1	-1	-1	
174	114	59344ded5b0cbce8	4			yes					175	179	181	182	
175	174	1ecff2ac99bdd715	3			yes					176	177	178	
176	175	f2f9d95a120d3f4f	5			yes					-1	-1	-1	-1	-1	
177	175	595c091006e6b8e5	5			yes					-1	-1	-1	-1	-1	
178	175	bdf299911f8f699f	5			yes					-1	-1	-1	-1	-1	
179	174	00a5ad2889b17d40	3			yes					-1	180	-1	
180	179	f0bbbacd9dff997a	5			yes					-1	-1	-1	-1	-1	
181	174	7b676d204fa42e50	3			yes					-1	-1	-1	
182	174	3c397f4904a438ed	3			yes					-1	-1	-1	
183	114	311c231940196dae	5			yes					184	193	200	204	205	
184	183	76e79c5882a80653	4			yes					185	186	187	189	
185	184	b63d3c0a1e088e6c	4			yes					-1	-1	-1	-1	
186	184	dd09547c122c7a70	5			yes					-1	-1	-1	-1	-1	
187	184	2b4b4e34483a0b38	5			yes					-1	-1	-1	-1	188	
188	187	5b74c116443edb6a	4			yes					-1	-1	-1	-1	
189	184	4eb0d17ad86926ce	3			yes					190	192	-1	
190	189	4acb297b561a9133	5			yes					-1	-1	-1	-1	191	
191	190	bd2586738fe51825	4			yes					-1	-1	-1	-1	
192	189	282e40ea5f7efd9d	5			yes					-1	-1	-1	-1	-1	
193	183	688dc3dc92a4ac06	4			yes					-1	194	196	197	
194	193	ce066846ed4945f7	5			yes					-1	-1	-1	-1	195	
195	194	0e50a6b8824484a2	4			yes					-1	-1	-1	-1	
196	193	02148c934ff716c6	4			yes					-1	-1	-1	-1	
197	193	50da8efec8658c9b	3			yes					-1	198	199	
198	197	ca1130229c72d17d	5			yes					-1	-1	-1	-1	-1	
199	197	261eff68d44f69ba	5			yes					-1	-1	-1	-1	-1	
200	183	134f03d454b1ff16	4			yes					-1	-1	201	202	
201	200	868db25699e3260f	5			yes					-1	-1	-1	-1	-1	
202	200	2b184ef60e70df8b	3			yes					-1	-1	203	
203	202	4d0f0b4eb7dda588	5			yes					-1	-1	-1	-1	-1	
204	183	046e326b5e651870	4			yes					-1	-1	-1	-1	
205	183	094b6e3b1ad84d33	4			yes					-1	-1	-1	-1	
206	0	5fb56038cc7717ab	5			yes					-1	-1	207	235	244	
207	206	db7dc0b9023245a9	5			yes					208	221	230	232	234	
208	207	9c867ff8c0832e54	4			yes					209	212	213	216	
209	208	961481f026d006e7	5			yes					-1	210	211	-1	-1	
210	209	e90ed4125180d0e1	4			yes					-1	-1	-1	-1	
211	209	81b41487ed481771	4			yes					-1	-1	-1	-1	
212	208	c877a1bcc0853829	5			yes					-1	-1	-1	-1	-1	
213	208	cb51f311cbeb8a02	5			yes					-1	-1	214	215	-1	
214	213	ca64a68e7250b9c3	4			yes					-1	-1	-1	-1	
215	213	11e065b85692d95b	4			yes					-1	-1	-1	-1	
216	208	946c05f09fbb1329	3			yes					217	219	220	
217	216	6d15b692b07a3b11	5			yes					-1	-1	218	-1	-1	
218	217	7ab523e57be22a87	4			yes					-1	-1	-1	-1	
219	216	5d2a1bc5041c360e	5			yes					-1	-1	-1	-1	-1	
220	216	ef16734525174f80	5			yes					-1	-1	-1	-1	-1	
221	207	f4d16847988d709e	4			yes					-1	222	223	227	
222	221	23213f9b0e2041c4	5			yes					-1	-1	-1	-1	-1	
223	221	10aae7446bffbf40	5			yes					224	-1	225	226	-1	
224	223	6ad0f0e6cf5d2d7c	4			yes					-1	-1	-1	-1	
225	223	119fb2dbd2448c81	4			yes					-1	-1	-1	-1	
226	223	ca1b71edf686ec19	4			yes					-1	-1	-1	-1	
227	221	fc3b124fc7b54de3	3			yes					-1	228	229	
228	227	b67c85e2cab94fe3	5			yes					-1	-1	-1	-1	-1	
229	227	34ed671085037ac2	5			yes					-1	-1	-1	-1	-1	
230	207	55cf7cc5194a1669	4			yes					-1	-1	-1	231	
231	230	5d2506cd46722b14	3			yes					-1	-1	-1	
232	207	ee0fd1cb1c4e3077	4			yes					-1	-1	-1	233	
233	232	e6e5abc343760d0a	3			yes					-1	-1	-1	
234	207	d397bab15d0a78d4	4			yes					-1	-1	-1	-1	
235	206	50b8079fc825c994	4			yes					236	240	242	243	
236	235	1743b8de0a94a269	3			yes					237	239	-1	
237	236	ccdd2fda55d4cc42	5			yes					-1	-1	-1	-1	238	
238	237	019edf12b30b6f6b	4			yes					-1	-1	-1	-1	
239	236	03b86bc52b8ccd36	5			yes					-1	-1	-1	-1	-1	
240	235	7f14af61529afca3	3			yes					-1	241	-1	
241	240	5f1d7eb14714ef91	5			yes					-1	-1	-1	-1	-1	
242	235	215c00dc33d024be	3			yes					-1	-1	-1	
243	235	19b310fca3fbb3e0	3			yes					-1	-1	-1	
244	206	b41623e1469b2125	5			yes					245	255	261	263	264	
245	244	f3ed9ca0842a4ad8	4			yes					246	249	250	251	
246	245	56ae32f17de487dc	5			yes					-1	247	248	-1	-1	
247	246	29b467130ab451da	4			yes					-1	-1	-1	-1	
248	246	5bf837b976e4111f	4			yes					-1	-1	-1	-1	
249	245	39d9a9f9e971d64d	5			yes					-1	-1	-1	-1	-1	
250	245	923f7b0eff8bc409	5			yes					-1	-1	-1	-1	-1	
251	245	cbbad182deeb6a45	3			yes					252	253	254	
252	251	77e326ad70e2bc44	5			yes					-1	-1	-1	-1	-1	
253	251	3dcef19d984a42c7	5			yes					-1	-1	-1	-1	-1	
254	251	61cc69671975be68	5			yes					-1	-1	-1	-1	-1	
255	244	9bba8b1fdc241412	4			yes					-1	256	257	258	
256	255	afde6b6cc9522017	5			yes					-1	-1	-1	-1	-1	
257	255	49c46f5b5f9ff14b	5			yes					-1	-1	-1	-1	-1	
258	255	a3edc63d86e5348f	3			yes					-1	259	260	
259	258	abc93308b869b49d	5			yes					-1	-1	-1	-1	-1	
260	258	ba377d32b9618b2a	5			yes					-1	-1	-1	-1	-1	
261	244	c5f224a2bd6ecc0f	4			yes					-1	-1	-1	262	
262	261	fda56980e7afec92	3			yes					-1	-1	-1	
263	244	21e45ddef93a937d	4			yes					-1	-1	-1	-1	
264	244	8c416ec31c5a01b8	4			yes					-1	-1	-1	-1	
265	0	4c4336a00fa41d40	5			yes					-1	-1	-1	266	285	
266	265	966b1270dae2939a	5			yes					267	274	279	282	284	
267	266	d190ad311853f867	4			yes					268	270	272	273	
268	267	5c22a9c16c99d764	5			yes					-1	-1	-1	-1	269	
269	268	916159098a46744d	4			yes					-1	-1	-1	-1	
270	267	1532ad55af626f5c	5			yes					-1	-1	-1	-1	271	
271	270	d8715d9d49bdcc75	4			yes					-1	-1	-1	-1	
272	267	b03c84608a08b139	5			yes					-1	-1	-1	-1	-1	
273	267	64376023a4b50ee2	5			yes					-1	-1	-1	-1	-1	
274	266	b9c7ba8e405da6ad	4			yes					-1	275	277	278	
275	274	6b9035b56d2a3853	5			yes					-1	-1	-1	-1	276	
276	275	a6d3c57d8bf59b7a	4			yes					-1	-1	-1	-1	
277	274	fe6814915611b135	5			yes					-1	-1	-1	-1	-1	
278	274	3c9fba08e5e54337	5			yes					-1	-1	-1	-1	-1	
279	266	003d4d7cce901941	4			yes					-1	-1	280	281	
280	279	3fd347dc65fc6179	5			yes					-1	-1	-1	-1	-1	
281	279	392d6ff2ad0d04ec	5			yes					-1	-1	-1	-1	-1	
282	266	9d5066a01f62d4e8	4			yes					-1	-1	-1	283	
283	282	fe0148b34c7cd411	3			yes					-1	-1	-1	
284	266	f53a3c6389fc9363	4			yes					-1	-1	-1	-1	
285	265	6d564a08dfb0d478	5			yes					286	296	303	306	307	
286	285	2aadf5491d01bf85	4			yes					287	290	292	293	
287	286	c651b4ea44a99cfa	5			yes					-1	288	289	-1	-1	
288	287	3342f72cca2cd68f	4			yes					-1	-1	-1	-1	
289	287	d1f1219d8f318d6c	4			yes					-1	-1	-1	-1	
290	286	8f41b07e875224c2	5			yes					-1	291	-1	-1	-1	
291	290	f0f9eca8c96ace0e	4			yes					-1	-1	-1	-1	
292	286	94dcfdd9e339d477	4			yes					-1	-1	-1	-1	
293	286	12fab86b47c09f18	3			yes					294	295	-1	
294	293	e71ca0b649afa762	5			yes					-1	-1	-1	-1	-1	
295	293	ae0ca4228a541f5a	5			yes					-1	-1	-1	-1	-1	
296	285	42fae2f6450fe14f	4			yes					-1	297	300	301	
297	296	f1e3289e451a73cd	5			yes					298	-1	299	-1	-1	
298	297	8b993f3ce1b8e1f1	4			yes					-1	-1	-1	-1	
299	297	6571e4541e996f5a	4			yes					-1	-1	-1	-1	
300	296	fde936790613b166	5			yes					-1	-1	-1	-1	-1	
301	296	7aadafd41fcec1d2	3			yes					-1	302	-1	
302	301	d0ae3cc2481c4855	5			yes					-1	-1	-1	-1	-1	
303	285	fb001504cbc25ea3	4			yes					-1	-1	304	305	
304	303	5ad403f74e9300d1	4			yes					-1	-1	-1	-1	
305	303	c357582691037e3e	3			yes					-1	-1	-1	
306	285	c656059116bdf48c	4			yes					-1	-1	-1	-1	
307	285	5501072a8571f4e5	4			yes					-1	-1	-1	-1	
308	0	a392efcba670ab44	5			yes					-1	-1	-1	-1	309	
309	308	00a76428a651f9f9	4			yes					310	316	322	329	
310	309	2532e2ef83cab9d8	4			yes					311	313	315	-1	
311	310	8d1716c24d963222	3			yes					-1	312	-1	
312	311	11dec528cdf159df	5			yes					-1	-1	-1	-1	-1	
313	310	08aa6e5339eeee8b	3			yes					-1	314	-1	
314	313	98ec1f80b0e8537d	5			yes					-1	-1	-1	-1	-1	
315	310	409bd6e93ac0e67f	3			yes					-1	-1	-1	
316	309	f91fd1314a1c023b	4			yes					317	320	321	-1	
317	316	bee46e7088ad69c6	3			yes					318	319	-1	
318	317	63b33b47a7afa5e2	5			yes					-1	-1	-1	-1	-1	
319	317	55de603d8aa4506a	5			yes					-1	-1	-1	-1	-1	
320	316	a08e31f498a1c393	3			yes					-1	-1	-1	
321	316	db4cf1fc5eb49083	3			yes					-1	-1	-1	
322	309	6248a644ee4cc777	4			yes					323	326	328	-1	
323	322	25b319052cfdac8a	3			yes					324	325	-1	
324	323	c05f46f7d99624cd	5			yes					-1	-1	-1	-1	-1	
325	323	92f289d89e2e579b	5			yes					-1	-1	-1	-1	-1	
326	322	4de40eba74f3f240	3			yes					-1	327	-1	
327	326	ce579cacf2b6753c	5			yes					-1	-1	-1	-1	-1	
328	322	13aca10715b92a5d	3			yes					-1	-1	-1	
329	309	1a207e76398b7a5e	5			yes					330	333	335	336	-1	
330	329	5ddbc137fb3a11a3	4			yes					331	332	-1	-1	
331	330	50a0c0ece0db3feb	5			yes					-1	-1	-1	-1	-1	
332	330	19b0c478232087d3	5			yes					-1	-1	-1	-1	-1	
333	329	358cd688a3344f69	4			yes					-1	334	-1	-1	
334	333	67125c98e168d0dc	5			yes					-1	-1	-1	-1	-1	
335	329	8c76217a2df9f085	4			yes					-1	-1	-1	-1	
336	329	111b0aa6fc0b3d2c	4			yes					-1	-1	-1	-1	
337	0	0d5b9b9164dd52e2	5			yes					-1	-1	-1	-1	-1	
