Number of nodes
592
ID	PID	Hash_Value			File_Number	Fully_Enumerated	Children
0	-1	cb27fa0d5e9277a1	6			yes					1	193	329	445	544	591	
1	0	aa241983d4971af8	5			yes					2	73	105	136	159	
2	1	0818121214bafbcf	5			yes					3	18	40	61	72	
3	2	5da9569435559811	4			yes					4	6	9	14	
4	3	e27a722852789c7c	5			yes					-1	-1	-1	-1	5	
5	4	87bfc9505a6fb90a	4			yes					-1	-1	-1	-1	
6	3	98798f51980c8329	5			yes					-1	7	-1	-1	8	
7	6	568b0e1831cb8ea1	4			yes					-1	-1	-1	-1	
8	6	4e8e9c06b5fd7ddf	4			yes					-1	-1	-1	-1	
9	3	08256c72ad272dd8	3			yes					10	11	12	
10	9	1bbd824e59564700	4			yes					-1	-1	-1	-1	
11	9	5914029229484c7d	4			yes					-1	-1	-1	-1	
12	9	ac56517718e8ff52	5			yes					-1	-1	-1	-1	13	
13	12	094477938587e3e7	4			yes					-1	-1	-1	-1	
14	3	04ab9dd1ce0fa6a6	3			yes					15	16	-1	
15	14	2987cdb9472194e1	4			yes					-1	-1	-1	-1	
16	14	90dce48b005a24e3	5			yes					-1	-1	-1	-1	17	
17	16	35cec26f9d353856	4			yes					-1	-1	-1	-1	
18	2	ff46fb85ee3934cd	4			yes					-1	19	26	33	
19	18	88de91982dbd0c75	5			yes					20	22	23	24	25	
20	19	052bfcdd779640ff	4			yes					21	-1	-1	-1	
21	20	5f9791bf856dd063	3			yes					-1	-1	-1	
22	19	d262fcfadf469ce9	4			yes					-1	-1	-1	-1	
23	19	bc0a53b21478cf23	4			yes					-1	-1	-1	-1	
24	19	97a4990a99b223b8	4			yes					-1	-1	-1	-1	
25	19	fce7ca9f251a308d	4			yes					-1	-1	-1	-1	
26	18	5df791340c73b340	5			yes					27	29	30	31	32	
27	26	d002fc715658ffca	4			yes					28	-1	-1	-1	
28	27	8abe9113a4a36f56	3			yes					-1	-1	-1	
29	26	074bfc56fe8823dc	4			yes					-1	-1	-1	-1	
30	26	9084c87a557ac818	4			yes					-1	-1	-1	-1	
31	26	87e47a65993ccba0	4			yes					-1	-1	-1	-1	
32	26	c029b2386496dfae	4			yes					-1	-1	-1	-1	
33	18	6fcddec3120460a1	5			yes					34	36	37	38	39	
34	33	e238b386482f2c2b	4			yes					35	-1	-1	-1	
35	34	b884dee4bad4bcb7	3			yes					-1	-1	-1	
36	33	3571b3a1e0fff03d	4			yes					-1	-1	-1	-1	
37	33	a2be878d4b0d1bf9	4			yes					-1	-1	-1	-1	
38	33	5d86f1638d096000	4			yes					-1	-1	-1	-1	
39	33	287176c96ed4a7ef	4			yes					-1	-1	-1	-1	
40	2	ae615cb2b84427a2	4			yes					-1	-1	41	48	
41	40	1f5e11e87c6db83d	5			yes					42	44	45	46	47	
42	41	92ab7cad2646f4b7	4			yes					43	-1	-1	-1	
43	42	c81711cfd4bd642b	3			yes					-1	-1	-1	
44	41	45e27c8a8e9628a1	4			yes					-1	-1	-1	-1	
45	41	d1ac90a1d5aab5b5	4			yes					-1	-1	-1	-1	
46	41	8465a26269f2bd70	4			yes					-1	-1	-1	-1	
47	41	828032e41488d4d3	4			yes					-1	-1	-1	-1	
48	40	d696f7f1557fd0a3	6			yes					49	53	56	-1	58	60	
49	48	5b639ab40f549c29	5			yes					50	51	-1	-1	52	
50	49	01dff7d6fdaf0cb5	4			yes					-1	-1	-1	-1	
51	49	95911bfda69391a1	4			yes					-1	-1	-1	-1	
52	49	fe71bc50923b809c	4			yes					-1	-1	-1	-1	
53	48	8c2a9a93a784403f	5			yes					-1	54	-1	-1	55	
54	53	42d81bda0e434db7	4			yes					-1	-1	-1	-1	
55	53	2938bc773aeb5c8a	4			yes					-1	-1	-1	-1	
56	48	186476b8fcb8dd2b	5			yes					-1	-1	-1	-1	57	
57	56	bd76505c61d7c19e	4			yes					-1	-1	-1	-1	
58	48	6ab6bf0b159adc24	5			yes					-1	-1	-1	-1	59	
59	58	cfa499ef88f5c091	4			yes					-1	-1	-1	-1	
60	48	7384d115c810cc16	5			yes					-1	-1	-1	-1	-1	
61	2	5d9428f48cc84e06	4			yes					-1	-1	-1	62	
62	61	ea1c420d4dcd0b12	6			yes					63	65	67	69	-1	71	
63	62	67e92f4817e64798	5			yes					-1	-1	-1	-1	64	
64	63	c2fb09ac8a895b2d	4			yes					-1	-1	-1	-1	
65	62	b0a02f6fbf369b8e	5			yes					-1	-1	-1	-1	66	
66	65	15b2098b2259873b	4			yes					-1	-1	-1	-1	
67	62	24eec344e40a069a	5			yes					-1	-1	-1	-1	68	
68	67	81fce5a079651a2f	4			yes					-1	-1	-1	-1	
69	62	41de278fb8e98351	5			yes					-1	-1	-1	-1	70	
70	69	e4cc016b25869fe4	4			yes					-1	-1	-1	-1	
71	62	4f0e64e9d0a217a7	5			yes					-1	-1	-1	-1	-1	
72	2	511ad957efe0c578	4			yes					-1	-1	-1	-1	
73	1	a8ef05d41499c965	4			yes					74	84	93	104	
74	73	3b30d2a11386c456	3			yes					75	76	80	
75	74	000adc9fceb31935	4			yes					-1	-1	-1	-1	
76	74	28889a724e438bbb	5			yes					-1	77	78	-1	79	
77	76	e5c5acca67cb6125	4			yes					-1	-1	-1	-1	
78	76	834afff0bb6703f8	4			yes					-1	-1	-1	-1	
79	76	5ade5341cc231cab	4			yes					-1	-1	-1	-1	
80	74	0bd8d04f1e69b1b1	5			yes					-1	81	82	-1	83	
81	80	c695e6f737e15b2f	4			yes					-1	-1	-1	-1	
82	80	a01ab5cdeb4d39f2	4			yes					-1	-1	-1	-1	
83	80	24901a12bb05e2d3	4			yes					-1	-1	-1	-1	
84	73	9f5126d66437864d	3			yes					-1	85	89	
85	84	ce45bff339a00634	5			yes					86	87	-1	-1	88	
86	85	43b0d2b6638b4abe	4			yes					-1	-1	-1	-1	
87	85	4c3380a763522fdb	4			yes					-1	-1	-1	-1	
88	85	bc1376c0bbc09124	4			yes					-1	-1	-1	-1	
89	84	ed15f5ce698a3c3e	5			yes					90	91	-1	-1	92	
90	89	60e0988b33a170b4	4			yes					-1	-1	-1	-1	
91	89	6f63ca9a337815d1	4			yes					-1	-1	-1	-1	
92	89	c25d3f93cce66f5c	4			yes					-1	-1	-1	-1	
93	73	fd633f328ceb7cac	3			yes					-1	-1	94	
94	93	3169a7ca658b5577	6			yes					95	97	99	101	-1	103	
95	94	bc9cca8f3fa019fd	5			yes					-1	-1	-1	-1	96	
96	95	198eec6ba2cf0548	4			yes					-1	-1	-1	-1	
97	94	b31f989e3f797c98	5			yes					-1	-1	-1	-1	98	
98	97	160dbe7aa216602d	4			yes					-1	-1	-1	-1	
99	94	fc2491724c03bfe9	5			yes					-1	-1	-1	-1	100	
100	99	5936b796d16ca35c	4			yes					-1	-1	-1	-1	
101	94	9aabc24890afdd34	5			yes					-1	-1	-1	-1	102	
102	101	3fb9e4ac0dc0c181	4			yes					-1	-1	-1	-1	
103	94	947b812ef8e449c2	5			yes					-1	-1	-1	-1	-1	
104	73	f1edce91efc3f7d2	3			yes					-1	-1	-1	
105	1	70e480b6ce1da53f	4			yes					106	115	133	135	
106	105	e33b57c3c902a80c	3			yes					107	110	111	
107	106	4d146f9d4427291d	5			yes					-1	108	-1	-1	109	
108	107	bb39c9219104382f	4			yes					-1	-1	-1	-1	
109	107	729f72041d481369	4			yes					-1	-1	-1	-1	
110	106	cc564f393ac48da7	4			yes					-1	-1	-1	-1	
111	106	52fe853e26ef1c84	5			yes					-1	112	113	-1	114	
112	111	9c0c04778f28110c	4			yes					-1	-1	-1	-1	
113	111	a3a5023c6b02dee4	4			yes					-1	-1	-1	-1	
114	111	7db64f6383834fe6	4			yes					-1	-1	-1	-1	
115	105	87ba6921349e6a3d	3			yes					-1	116	120	
116	115	9edc1b532089f0cd	5			yes					117	118	-1	-1	119	
117	116	132976167aa2bc47	4			yes					-1	-1	-1	-1	
118	116	1caa24077a7bd922	4			yes					-1	-1	-1	-1	
119	116	78f5258ef3c1da71	4			yes					-1	-1	-1	-1	
120	115	07b9fc77c999fea6	6			yes					121	124	126	128	130	132	
121	120	8a4c913293b2b22c	5			yes					122	-1	-1	-1	123	
122	121	083aae66c9409bc3	4			yes					-1	-1	-1	-1	
123	121	2f5eb7d60eddae99	4			yes					-1	-1	-1	-1	
124	120	85cfc323936bd749	5			yes					-1	-1	-1	-1	125	
125	124	20dde5c70e04cbfc	4			yes					-1	-1	-1	-1	
126	120	f1945acb1cbaef94	5			yes					-1	-1	-1	-1	127	
127	126	54867c2f81d5f321	4			yes					-1	-1	-1	-1	
128	120	82d3f8bd962b924e	5			yes					-1	-1	-1	-1	129	
129	128	27c1de590b448efb	4			yes					-1	-1	-1	-1	
130	120	d9d6d6831727040a	5			yes					-1	-1	-1	-1	131	
131	130	7cc4f0678a4818bf	4			yes					-1	-1	-1	-1	
132	120	a2abda9354f6e213	5			yes					-1	-1	-1	-1	-1	
133	105	3d83f5a706c6fc86	3			yes					-1	-1	134	
134	133	2af08b79b0eab80a	5			yes					-1	-1	-1	-1	-1	
135	105	29e64bf335479b88	3			yes					-1	-1	-1	
136	1	c13aba55bfa4fd1c	4			yes					137	144	156	158	
137	136	52e56d20b8bbf02f	3			yes					138	141	-1	
138	137	0d2ccb4923b38a6d	5			yes					-1	-1	139	140	-1	
139	138	7eb0d14bc6507dbc	4			yes					-1	-1	-1	-1	
140	138	733bf251be669f85	4			yes					-1	-1	-1	-1	
141	137	43640fee2c65db49	5			yes					-1	142	-1	143	-1	
142	141	8d968ea785a2d6c1	4			yes					-1	-1	-1	-1	
143	141	3d7336f6b1b0cea1	4			yes					-1	-1	-1	-1	
144	136	366453c24527321e	3			yes					-1	145	155	
145	144	6c02bbb466c5313e	6			yes					146	148	150	151	153	154	
146	145	e1f7d6f13cee7db4	5			yes					-1	-1	-1	-1	147	
147	146	6e57e19d02c04478	4			yes					-1	-1	-1	-1	
148	145	ee7484e03c3718d1	5			yes					-1	-1	-1	-1	149	
149	148	61d4b38c0219211d	4			yes					-1	-1	-1	-1	
150	145	58d6799e5f00f268	5			yes					-1	-1	-1	-1	-1	
151	145	cb6921e721af87da	5			yes					-1	-1	-1	-1	152	
152	151	44c9168b1f81be16	4			yes					-1	-1	-1	-1	
153	145	9c3c0a687e7610d7	4			yes					-1	-1	-1	-1	
154	145	e3a28cd858eb08f2	5			yes					-1	-1	-1	-1	-1	
155	144	521c89bab6aa3356	5			yes					-1	-1	-1	-1	-1	
156	136	6743f4f5135a2171	3			yes					-1	-1	157	
157	156	10b50966c6b4382b	5			yes					-1	-1	-1	-1	-1	
158	136	c2f8704251621e5c	3			yes					-1	-1	-1	
159	1	9190241a97017cd5	5			yes					160	168	187	191	192	
160	159	024ff36f901e71e6	4			yes					161	163	166	-1	
161	160	637a70feed590c85	5			yes					-1	-1	-1	-1	162	
162	161	3fd7a2ac0bf19bdc	4			yes					-1	-1	-1	-1	
163	160	b8fac9941a30af2b	5			yes					-1	164	-1	-1	165	
164	163	760848ddb3f7a2a3	4			yes					-1	-1	-1	-1	
165	163	e4571bc6fc983872	4			yes					-1	-1	-1	-1	
166	160	041baf308428068d	5			yes					-1	-1	-1	-1	167	
167	166	58b67d62628091d4	4			yes					-1	-1	-1	-1	
168	159	66cecd8d6d82b3d7	4			yes					-1	169	180	185	
169	168	39fc09aeba15c283	6			yes					170	172	174	175	177	179	
170	169	b40964ebe03e8e09	5			yes					-1	-1	-1	-1	171	
171	170	0e1a708f7bd76257	4			yes					-1	-1	-1	-1	
172	169	bb8a36fae0e7eb6c	5			yes					-1	-1	-1	-1	173	
173	172	0199229e7b0e0732	4			yes					-1	-1	-1	-1	
174	169	0d28cb8483d001d5	5			yes					-1	-1	-1	-1	-1	
175	169	2686013c0e1aed4e	5			yes					-1	-1	-1	-1	176	
176	175	9c95155895f30110	4			yes					-1	-1	-1	-1	
177	169	9e3e8ccd16fa65a0	5			yes					-1	-1	-1	-1	178	
178	177	242d98a98d1389fe	4			yes					-1	-1	-1	-1	
179	169	83ef1dca21fc2edd	5			yes					-1	-1	-1	-1	-1	
180	168	3342f76bf5f0061e	3			yes					181	182	-1	
181	180	91a26c054fc58695	5			yes					-1	-1	-1	-1	-1	
182	180	dd17ef21d9fcefc2	5			yes					183	-1	-1	-1	184	
183	182	50e2826483d7a348	4			yes					-1	-1	-1	-1	
184	182	81ba3d733f54789b	4			yes					-1	-1	-1	-1	
185	168	602aa33333936497	3			yes					-1	186	-1	
186	185	31d1e34b39e93e6c	5			yes					-1	-1	-1	-1	-1	
187	159	37e96aba3bffa0b8	4			yes					-1	-1	188	190	
188	187	6265505ca38d1571	3			yes					189	-1	-1	
189	188	d30becd93fdb8de8	5			yes					-1	-1	-1	-1	-1	
190	187	310d040465ee77f8	3			yes					-1	-1	-1	
191	159	c41c1efc0f73c91c	4			yes					-1	-1	-1	-1	
192	159	97744aa4c910ab95	4			yes					-1	-1	-1	-1	
193	0	cc775aedce50eafd	5			yes					-1	194	256	281	297	
194	193	5ddffc55d5132e11	5			yes					195	215	228	244	255	
195	194	07e032840f0fc885	4			yes					196	198	204	210	
196	195	c2c7f9cbc311e28d	5			yes					-1	-1	-1	-1	197	
197	196	7dba8a7d6e4bcb0b	4			yes					-1	-1	-1	-1	
198	195	7f982a4f06424c8a	5			yes					199	200	201	202	203	
199	198	a0e35a6b6c3925dd	4			yes					-1	-1	-1	-1	
200	198	7b8dda55d0ad6922	4			yes					-1	-1	-1	-1	
201	198	b02dd3ab003c5fca	4			yes					-1	-1	-1	-1	
202	198	60e222ddb24d6347	4			yes					-1	-1	-1	-1	
203	198	0ba171480ee57072	4			yes					-1	-1	-1	-1	
204	195	2138e4e579b63b6c	5			yes					205	206	207	208	209	
205	204	fe4394c113cd523b	4			yes					-1	-1	-1	-1	
206	204	252d14ffaf591ec4	4			yes					-1	-1	-1	-1	
207	204	66d264e317dc35bf	4			yes					-1	-1	-1	-1	
208	204	7365f77a04712792	4			yes					-1	-1	-1	-1	
209	204	ced913a7af395ed2	4			yes					-1	-1	-1	-1	
210	195	fd40e60ee260260c	5			yes					211	212	213	214	-1	
211	210	223b962a881b4f5b	4			yes					-1	-1	-1	-1	
212	210	f9551614348f03a4	4			yes					-1	-1	-1	-1	
213	210	baaa66088c0a28df	4			yes					-1	-1	-1	-1	
214	210	9332565614aa73c0	4			yes					-1	-1	-1	-1	
215	194	f0c871d215cab187	4			yes					-1	216	219	223	
216	215	54adaebf4a999708	5			yes					217	-1	-1	-1	218	
217	216	de34773107425612	4			yes					-1	-1	-1	-1	
218	216	825abde8676869fe	4			yes					-1	-1	-1	-1	
219	215	a5444b348db8044e	3			yes					220	221	-1	
220	219	a7bdeee4c69594c1	4			yes					-1	-1	-1	-1	
221	219	95c0237cfbdd585c	4			yes					-1	-1	-1	-1	
222	219	60827099ca7deb73	5			yes					-1	-1	-1	-1	-1	
223	215	a9caba97ee908f30	3			yes					224	226	-1	
224	223	5dec9d4702d7ab2b	5			yes					-1	-1	-1	-1	225	
225	224	f8febba39fb8b79e	4			yes					-1	-1	-1	-1	
226	223	5c08c565d2cf30c2	5			yes					-1	-1	-1	-1	227	
227	226	f91ae3814fa02c77	4			yes					-1	-1	-1	-1	
228	194	fba6b2f579edf27c	4			yes					-1	-1	229	235	
229	228	1b8d12d2ebd2d2bb	5			yes					230	231	232	233	234	
230	229	9114cb5ca60913a1	4			yes					-1	-1	-1	-1	
231	229	41317fb019294227	4			yes					-1	-1	-1	-1	
232	229	d6c0246ac25a3825	4			yes					-1	-1	-1	-1	
233	229	80b6a158fe4dd7f6	4			yes					-1	-1	-1	-1	
234	229	865331de8337be55	4			yes					-1	-1	-1	-1	
235	228	d245f4cbc2c0ba25	6			yes					236	238	240	-1	242	243	
236	235	58dc2d458f1b7b3f	5			yes					-1	-1	-1	-1	237	
237	236	fdce0ba11274678a	4			yes					-1	-1	-1	-1	
238	235	88f999a9303b2ab9	5			yes					-1	-1	-1	-1	239	
239	238	2debbf4dad54360c	4			yes					-1	-1	-1	-1	
240	235	1f08c273eb4850bb	5			yes					-1	-1	-1	-1	241	
241	240	ba1ae49776274c0e	4			yes					-1	-1	-1	-1	
242	235	6e65bc318225b6a2	5			yes					-1	-1	-1	-1	-1	
243	235	7757d22f5fafa690	5			yes					-1	-1	-1	-1	-1	
244	194	0853c6b34d619bd8	4			yes					-1	-1	-1	245	
245	244	eecf4137da726194	6			yes					246	248	250	252	-1	254	
246	245	645698b997a9a08e	5			yes					-1	-1	-1	-1	247	
247	246	c144be5d0ac6bc3b	4			yes					-1	-1	-1	-1	
248	245	b4732c552889f108	5			yes					-1	-1	-1	-1	249	
249	248	11610ab1b5e6edbd	4			yes					-1	-1	-1	-1	
250	245	2382778ff3fa8b0a	5			yes					-1	-1	-1	-1	251	
251	250	8690516b6e9597bf	4			yes					-1	-1	-1	-1	
252	245	450d24b52f56e9d7	5			yes					-1	-1	-1	-1	253	
253	252	e01f0251b239f562	4			yes					-1	-1	-1	-1	
254	245	4bdd67d3471d7d21	5			yes					-1	-1	-1	-1	-1	
255	194	04dd37102e4910a6	4			yes					-1	-1	-1	-1	
256	193	0f1a4603a14d8610	4			yes					257	272	278	280	
257	256	552588d27b516084	3			yes					258	260	262	
258	257	60f74353321147cf	5			yes					-1	-1	-1	-1	259	
259	258	5f7c5eca6b7e7dbb	4			yes					-1	-1	-1	-1	
260	257	1cdc129f03d11478	5			yes					-1	-1	-1	-1	261	
261	260	55b4f2ac7b1dae61	4			yes					-1	-1	-1	-1	
262	257	cf91c6e32c228edf	6			yes					263	265	267	269	270	271	
263	262	10eab6c74659e788	5			yes					-1	-1	-1	-1	264	
264	263	b5f89023db36fb3d	4			yes					-1	-1	-1	-1	
265	262	09074073b4c5e05c	5			yes					-1	-1	-1	-1	266	
266	265	ac15669729aafce9	4			yes					-1	-1	-1	-1	
267	262	e7fafe6eeeff8d25	5			yes					-1	-1	-1	-1	268	
268	267	42e8d88a73909190	4			yes					-1	-1	-1	-1	
269	262	4afbc2297390e237	5			yes					-1	-1	-1	-1	-1	
270	262	11feec17f29c7473	5			yes					-1	-1	-1	-1	-1	
271	262	6a83e007b14d926a	5			yes					-1	-1	-1	-1	-1	
272	256	4e5a7085e99d819a	3			yes					-1	273	274	
273	272	00826ed7e8519986	4			yes					-1	-1	-1	-1	
274	272	9e2aa4d0f47a08a5	5			yes					275	-1	276	-1	277	
275	274	14b37d5eb9a1c9bf	4			yes					-1	-1	-1	-1	
276	274	6f7123d2b997cac5	4			yes					-1	-1	-1	-1	
277	274	b1626e8d51165bc7	4			yes					-1	-1	-1	-1	
278	256	427d33126996dfa9	3			yes					-1	-1	279	
279	278	f5566d840f138ce9	5			yes					-1	-1	-1	-1	-1	
280	256	56188d465a17b8a7	3			yes					-1	-1	-1	
281	193	bec47ce0d0f4de33	4			yes					282	291	294	296	
282	281	e4fbb2310ae838a7	3			yes					283	285	290	
283	282	f8e3c1ffb11ed337	5			yes					-1	-1	-1	284	-1	
284	283	86f4f8e72ccbc6df	4			yes					-1	-1	-1	-1	
285	282	a37f1eabc03f5dff	5			yes					286	287	-1	288	289	
286	285	7c046e8faa4434a8	4			yes					-1	-1	-1	-1	
287	285	65e9983b58d8337c	4			yes					-1	-1	-1	-1	
288	285	dd6827b35dea4817	4			yes					-1	-1	-1	-1	
289	285	ffa8bceb3f4666a5	4			yes					-1	-1	-1	-1	
290	282	3044062d87e0ed26	5			yes					-1	-1	-1	-1	-1	
291	281	ff844a669824d9b9	3			yes					-1	292	-1	
292	291	8fb02e00fef0cf68	5			yes					-1	-1	-1	293	-1	
293	292	f1a717186325da80	4			yes					-1	-1	-1	-1	
294	281	18bd32407c0a025e	3			yes					-1	-1	295	
295	294	cf13ef9b794d0cc8	5			yes					-1	-1	-1	-1	-1	
296	281	bd06b6f73e323d73	3			yes					-1	-1	-1	
297	193	ee6ee2aff8515ffa	5			yes					298	317	323	327	328	
298	297	b4512c7e224db96e	4			yes					299	301	311	315	
299	298	d5b3786af8731614	5			yes					-1	-1	-1	-1	300	
300	299	891eaa381edb814d	4			yes					-1	-1	-1	-1	
301	298	1d90b7b5caeace54	6			yes					302	304	-1	306	308	310	
302	301	c2ebc791a091a703	5			yes					-1	-1	-1	-1	303	
303	302	78f8d3f53b784b5d	4			yes					-1	-1	-1	-1	
304	301	db063125520da0d7	5			yes					-1	-1	-1	-1	305	
305	304	61152541c9e44c89	4			yes					-1	-1	-1	-1	
306	301	f460083f8742c84c	5			yes					-1	-1	-1	-1	307	
307	306	4e731c5b1cab2412	4			yes					-1	-1	-1	-1	
308	301	412abd7cc4e91776	5			yes					-1	-1	-1	-1	309	
309	308	fb39a9185f00fb28	4			yes					-1	-1	-1	-1	
310	301	a783a3d15103220a	5			yes					-1	-1	-1	-1	-1	
311	298	e1dd1698ba3f0ca7	3			yes					312	313	-1	
312	311	2da200afd0065554	5			yes					-1	-1	-1	-1	-1	
313	311	9abfc11f1a45be22	5			yes					-1	-1	-1	-1	314	
314	313	c612134dfced297b	4			yes					-1	-1	-1	-1	
315	298	b2b542c07c5c6e2e	3			yes					-1	316	-1	
316	315	d4716345fa6ca84a	5			yes					-1	-1	-1	-1	-1	
317	297	af2ed429b0815870	4			yes					-1	318	321	-1	
318	317	742ee87ac8a5bb0a	5			yes					319	-1	-1	-1	320	
319	318	feb731f4857e7a10	4			yes					-1	-1	-1	-1	
320	318	28833a282e0d2c53	4			yes					-1	-1	-1	-1	
321	317	c8cf8ede56bd12ac	5			yes					-1	-1	-1	-1	322	
322	321	94625c8cb01585f5	4			yes					-1	-1	-1	-1	
323	297	4817ac0f54af8397	4			yes					-1	-1	324	326	
324	323	1d9b96e9ccdd365e	3			yes					-1	325	-1	
325	324	1fdfcd37ed4e99c9	5			yes					-1	-1	-1	-1	-1	
326	323	4ef3c2b10abe54d7	3			yes					-1	-1	-1	
327	297	bbe2d8496023ea33	4			yes					-1	-1	-1	-1	
328	297	e88a8c11a64088ba	4			yes					-1	-1	-1	-1	
329	0	fea9c7caa9d75b80	5			yes					-1	-1	330	394	414	
330	329	672eef0f5bd70116	5			yes					331	355	375	382	393	
331	330	3d1121de81cbe782	4			yes					332	339	341	346	
332	331	a1a0394e60b47d40	5			yes					333	334	336	337	338	
333	332	740231e22d77734e	4			yes					-1	-1	-1	-1	
334	332	ab32779b650b5f6c	4			yes					-1	335	-1	-1	
335	334	5a69f09928e69d0c	3			yes					-1	-1	-1	
336	332	50fbbe4c2d59bf20	4			yes					-1	-1	-1	-1	
337	332	72bc633bfae8d518	4			yes					-1	-1	-1	-1	
338	332	fd779b0e9fcd461a	4			yes					-1	-1	-1	-1	
339	331	5660c2472227c45f	5			yes					-1	-1	-1	-1	340	
340	339	db44667ef2c3d772	4			yes					-1	-1	-1	-1	
341	331	b5788cf0685a902f	5			yes					-1	342	343	344	345	
342	341	782034b6234a308e	4			yes					-1	-1	-1	-1	
343	341	2a0b082ca1b6d443	4			yes					-1	-1	-1	-1	
344	341	603189addcf8680f	4			yes					-1	-1	-1	-1	
345	341	28a6affc00bffcc1	4			yes					-1	-1	-1	-1	
346	331	03f8a27ba87e8e10	6			yes					347	348	350	352	353	354	
347	346	ac3c34409e9f6e3c	5			yes					-1	-1	-1	-1	-1	
348	346	cea01a3de36e2eb1	5			yes					-1	-1	-1	-1	349	
349	348	6bb23cd97e013204	4			yes					-1	-1	-1	-1	
350	346	9c8b26a76192ca7c	5			yes					-1	-1	-1	-1	351	
351	350	39990043fcfdd6c9	4			yes					-1	-1	-1	-1	
352	346	8692a6b1f7cce2f8	5			yes					-1	-1	-1	-1	-1	
353	346	dd97888f76c074bc	5			yes					-1	-1	-1	-1	-1	
354	346	a6ea849f351192a5	5			yes					-1	-1	-1	-1	-1	
355	330	088a1d528cad7000	4			yes					-1	356	359	365	
356	355	bf8783657d5a6a72	5			yes					357	-1	-1	-1	358	
357	356	351e5aeb3081ab68	4			yes					-1	-1	-1	-1	
358	356	32a3275cadbe795f	4			yes					-1	-1	-1	-1	
359	355	2e1adce079ffcb91	5			yes					360	361	362	363	364	
360	359	a483056e34240a8b	4			yes					-1	-1	-1	-1	
361	359	5d7d7b03587011b8	4			yes					-1	-1	-1	-1	
362	359	b169583cb0138ffd	4			yes					-1	-1	-1	-1	
363	359	fb53d9bdcd5d33b1	4			yes					-1	-1	-1	-1	
364	359	b3c4ffec111aa77f	4			yes					-1	-1	-1	-1	
365	355	989af26bb9dbd5ae	6			yes					366	368	370	372	373	374	
366	365	12032be5f40014b4	5			yes					-1	-1	-1	-1	367	
367	366	b7110d01696f0801	4			yes					-1	-1	-1	-1	
368	365	ebfd558898540f87	5			yes					-1	-1	-1	-1	369	
369	368	4eef736c053b1332	4			yes					-1	-1	-1	-1	
370	365	07e976b7703791c2	5			yes					-1	-1	-1	-1	371	
371	370	a2fb5053ed588d77	4			yes					-1	-1	-1	-1	
372	365	1df0f6a1e669b946	5			yes					-1	-1	-1	-1	-1	
373	365	46f5d89f67652f02	5			yes					-1	-1	-1	-1	-1	
374	365	3d88d48f24b4c91b	5			yes					-1	-1	-1	-1	-1	
375	330	3915cd2f6e4e1cfc	4			yes					-1	-1	376	379	
376	375	6c99f7c9f63ca935	3			yes					377	378	-1	
377	376	fc69b6fea398459e	4			yes					-1	-1	-1	-1	
378	376	158ef7dcfce5ebb3	4			yes					-1	-1	-1	-1	
379	375	6017066a9514224b	3			yes					380	381	-1	
380	379	dce89be4e823ead7	5			yes					-1	-1	-1	-1	-1	
381	379	350fdac6b75e44fa	5			yes					-1	-1	-1	-1	-1	
382	330	32a2d5e9c3a5b4df	4			yes					-1	-1	-1	383	
383	382	6c9cf181cab292c4	6			yes					384	386	388	390	-1	392	
384	383	e605280f876953de	5			yes					-1	-1	-1	-1	385	
385	384	43170eeb1a064f6b	4			yes					-1	-1	-1	-1	
386	383	eeeaced59040bb2b	5			yes					-1	-1	-1	-1	387	
387	386	4bf8e8310d2fa79e	4			yes					-1	-1	-1	-1	
388	383	a1d1c739e33a785a	5			yes					-1	-1	-1	-1	389	
389	388	04c3e1dd7e5564ef	4			yes					-1	-1	-1	-1	
390	383	9dc77683875f50a4	5			yes					-1	-1	-1	-1	391	
391	390	38d550671a304c11	4			yes					-1	-1	-1	-1	
392	383	c98ed76557dd8e71	5			yes					-1	-1	-1	-1	-1	
393	330	3e2c244aa08d3fa1	4			yes					-1	-1	-1	-1	
394	329	01e7d599930e3bea	4			yes					395	407	412	413	
395	394	5bd81b484912dd7e	3			yes					396	404	406	
396	395	1ec84753e37a9374	6			yes					-1	397	398	400	402	403	
397	396	145a0986e6c5b158	5			yes					-1	-1	-1	-1	-1	
398	396	b50a22d1165e1b37	5			yes					-1	-1	-1	-1	399	
399	398	3aaa15bd287022fb	4			yes					-1	-1	-1	-1	
400	396	84cc9227a5eb8588	5			yes					-1	-1	-1	-1	401	
401	400	0b6ca54b9bc5bc44	4			yes					-1	-1	-1	-1	
402	396	eef6f68ffbc9b29d	4			yes					-1	-1	-1	-1	
403	396	9168703fdd54aab8	5			yes					-1	-1	-1	-1	-1	
404	395	7b3822c8a29b40f9	5			yes					-1	-1	-1	405	-1	
405	404	052f1bd03f4e5511	4			yes					-1	-1	-1	-1	
406	395	964ab170de696593	5			yes					-1	-1	-1	-1	-1	
407	394	6e4327c444744afc	3			yes					-1	408	411	
408	407	92df63eafde6eed4	5			yes					-1	-1	-1	410	-1	
409	408	1846ba64b03d2fce	4			no					-1	-2	-2	-2	
410	408	ecc85af26033fb3c	4			yes					-1	-1	-1	-1	
411	407	0d28e160cfcc3e2d	5			yes					-1	-1	-1	-1	-1	
412	394	3659f69be3a074c2	3			yes					-1	-1	-1	
413	394	02251f8e7dc8d8aa	3			yes					-1	-1	-1	
414	329	514d4bd6bbabba23	5			yes					415	434	441	443	444	
415	414	0b72850761b75cb7	4			yes					416	426	428	432	
416	415	41476723b2ee3945	6			yes					-1	417	419	421	423	425	
417	416	4bd529f6b7511b69	5			yes					-1	-1	-1	-1	418	
418	417	f1c63d922cb8f737	4			yes					-1	-1	-1	-1	
419	416	ea8502a147cab106	5			yes					-1	-1	-1	-1	420	
420	419	509616c5dc235d58	4			yes					-1	-1	-1	-1	
421	416	925b3d5628b2911d	5			yes					-1	-1	-1	-1	422	
422	421	28482932b35b7d43	4			yes					-1	-1	-1	-1	
423	416	1dfd6deabcede067	5			yes					-1	-1	-1	-1	424	
424	423	a7ee798e27040c39	4			yes					-1	-1	-1	-1	
425	416	fb5473472907d51b	5			yes					-1	-1	-1	-1	-1	
426	415	6ecf74c71cdf7447	5			yes					-1	-1	-1	-1	427	
427	426	3262a695fa77e31e	4			yes					-1	-1	-1	-1	
428	415	5efebfe1f9c5e97e	3			yes					429	431	-1	
429	428	84da7b5d98660f71	5			yes					-1	-1	-1	-1	430	
430	429	d877a90f7ece9828	4			yes					-1	-1	-1	-1	
431	428	767658b5b50b840b	5			yes					-1	-1	-1	-1	-1	
432	415	0d96ebb93fa68bf7	3			yes					433	-1	-1	
433	432	88a6b3d382685f5b	5			yes					-1	-1	-1	-1	-1	
434	414	3ee9b98b6cd1cb35	4			yes					-1	435	438	440	
435	434	872835e543a2da6a	5			yes					-1	-1	-1	-1	437	
436	435	0db1ec6b0e791b70	4			no					-1	-1	-1	-2	
437	435	db85e7b7a50a4d33	4			yes					-1	-1	-1	-1	
438	434	6b65836df4a37efc	3			yes					-1	439	-1	
439	438	9f911997ea762a26	5			yes					-1	-1	-1	-1	-1	
440	434	380dd73532c01c75	3			yes					-1	-1	-1	
441	414	66f368d4cb05f50b	4			yes					-1	-1	442	-1	
442	441	e605898b6474e184	5			yes					-1	-1	-1	-1	-1	
443	414	04c1713023d90fea	4			yes					-1	-1	-1	-1	
444	414	57a92568e5ba6d63	4			yes					-1	-1	-1	-1	
445	0	c2f11568f5a52cd6	5			yes					-1	-1	-1	446	499	
446	445	3b98037f886372da	5			yes					447	471	488	496	498	
447	446	61a7cdae527f944e	4			yes					448	456	463	466	
448	447	ed1edb09fe834d7b	6			yes					-1	449	450	452	454	455	
449	448	4ec3eb065e0cfb7b	5			yes					-1	-1	-1	-1	-1	
450	448	1c455c0bb36e8f1b	5			yes					-1	-1	-1	-1	451	
451	450	93e56b678d40b6d7	4			yes					-1	-1	-1	-1	
452	448	771a0e7db8125b87	5			yes					-1	-1	-1	-1	453	
453	452	f8ba3911863c624b	4			yes					-1	-1	-1	-1	
454	448	1d206ad5e6306c92	4			yes					-1	-1	-1	-1	
455	448	62beec65c0ad74b7	5			yes					-1	-1	-1	-1	-1	
456	447	37f650d9f8faae96	6			yes					-1	457	458	459	461	462	
457	456	fb11d1e9dc03367c	5			yes					-1	-1	-1	-1	-1	
458	456	091973a34c3a4fd3	5			yes					-1	-1	-1	-1	-1	
459	456	adf285adbe6bb86a	5			yes					-1	-1	-1	-1	460	
460	459	2252b2c1804581a6	4			yes					-1	-1	-1	-1	
461	456	c7c8e105e0498f7f	4			yes					-1	-1	-1	-1	
462	456	b85667b5c6d4975a	5			yes					-1	-1	-1	-1	-1	
463	447	8c9f16c690fc4e19	3			yes					464	465	-1	
464	463	4b8ef19b2b6c5f5c	5			yes					-1	-1	-1	-1	-1	
465	463	b8734f23a411df28	5			yes					-1	-1	-1	-1	-1	
466	447	bcae420d3b35dd25	6			yes					-1	-1	467	468	469	470	
467	466	537b7f9fef2e682b	5			yes					-1	-1	-1	-1	-1	
468	466	95ac1354d28095ad	5			yes					-1	-1	-1	-1	-1	
469	466	4d391f3150453974	5			yes					-1	-1	-1	-1	-1	
470	466	3283f268282fde28	5			yes					-1	-1	-1	-1	-1	
471	446	543cf1225f1903cc	4			yes					-1	472	480	482	
472	471	de1111fba78700bb	6			yes					473	-1	475	476	478	479	
473	472	5488c875ea5cc1a1	5			yes					-1	-1	-1	-1	474	
474	473	db28ff19d472f86d	4			yes					-1	-1	-1	-1	
475	472	e0fe32811347e1fe	5			yes					-1	-1	-1	-1	-1	
476	472	4415c48fe1161647	5			yes					-1	-1	-1	-1	477	
477	476	cbb5f3e3df382f8b	4			yes					-1	-1	-1	-1	
478	472	2e2fa027bf342152	4			yes					-1	-1	-1	-1	
479	472	51b1269799a93977	5			yes					-1	-1	-1	-1	-1	
480	471	b9042a4a9d9ad99b	3			yes					-1	481	-1	
481	480	51940e01fb6c7105	5			yes					-1	-1	-1	-1	-1	
482	471	450ed3da49abc1c0	6			yes					483	-1	484	485	486	487	
483	482	cf970a54047000da	5			yes					-1	-1	-1	-1	-1	
484	482	311f50a27c5fe7ab	5			yes					-1	-1	-1	-1	-1	
485	482	6c0c8283a01e8948	5			yes					-1	-1	-1	-1	-1	
486	482	b4998ee622db2591	5			yes					-1	-1	-1	-1	-1	
487	482	cb2363bf5ab1c2cd	5			yes					-1	-1	-1	-1	-1	
488	446	ccc6eae872e0bdd8	4			yes					-1	-1	489	490	
489	488	21fe3180b063678f	3			yes					-1	-1	-1	
490	488	a87afc6653d55613	6			yes					491	492	-1	493	494	495	
491	490	22e325e81e0e9709	5			yes					-1	-1	-1	-1	-1	
492	490	2a0cc33209277ffc	5			yes					-1	-1	-1	-1	-1	
493	490	8178ad3fba601e9b	5			yes					-1	-1	-1	-1	-1	
494	490	59eda15a38a5b242	5			yes					-1	-1	-1	-1	-1	
495	490	26574c0340cf551e	5			yes					-1	-1	-1	-1	-1	
496	446	d6a0d8174ae0a88d	4			yes					-1	-1	-1	497	
497	496	c2c5d51bf7e55880	3			yes					-1	-1	-1	
498	446	2ffd0e73356682d7	4			yes					-1	-1	-1	-1	
499	445	8946ceb4612fd679	5			yes					500	525	539	542	543	
500	499	d3790065bb3330ed	4			yes					501	511	521	522	
501	500	b291fb79af17e74a	6			yes					-1	502	504	506	508	510	
502	501	114ccb760f98514a	5			yes					-1	-1	-1	-1	503	
503	502	ab5fdf129471bd14	4			yes					-1	-1	-1	-1	
504	501	43ca7c7be2fa252a	5			yes					-1	-1	-1	-1	505	
505	504	f9d9681f7913c974	4			yes					-1	-1	-1	-1	
506	501	618da10c354b4f12	5			yes					-1	-1	-1	-1	507	
507	506	db9eb568aea2a34c	4			yes					-1	-1	-1	-1	
508	501	ee2bf1b0a1143e68	5			yes					-1	-1	-1	-1	509	
509	508	5438e5d43afdd236	4			yes					-1	-1	-1	-1	
510	501	0882ef1d34fe0b14	5			yes					-1	-1	-1	-1	-1	
511	500	687970a9a96e04a7	6			yes					-1	512	514	516	518	520	
512	511	a49ef1998d979c4d	5			yes					-1	-1	-1	-1	513	
513	512	1e8de5fd167e7013	4			yes					-1	-1	-1	-1	
514	511	569653d31daee5e2	5			yes					-1	-1	-1	-1	515	
515	514	ec8547b7864709bc	4			yes					-1	-1	-1	-1	
516	511	bb652adc3332acff	5			yes					-1	-1	-1	-1	517	
517	516	01763eb8a8db40a1	4			yes					-1	-1	-1	-1	
518	511	34c37a60a76ddd85	5			yes					-1	-1	-1	-1	519	
519	518	8ed06e043c8431db	4			yes					-1	-1	-1	-1	
520	511	d26a64cd3287e8f9	5			yes					-1	-1	-1	-1	-1	
521	500	affd8208b792fd8d	5			yes					-1	-1	-1	-1	-1	
522	500	d59d6edbe522e7ad	3			yes					523	524	-1	
523	522	7b702f899f918154	5			yes					-1	-1	-1	-1	-1	
524	522	a198a45999e862b9	5			yes					-1	-1	-1	-1	-1	
525	499	e6e23ce9b655a76f	4			yes					-1	526	536	537	
526	525	819e318bf613aa8a	6			yes					527	-1	529	531	533	535	
527	526	0b07e805bbc86b90	5			yes					-1	-1	-1	-1	528	
528	527	b114fc61202187ce	4			yes					-1	-1	-1	-1	
529	526	bf7112f142d34bcf	5			yes					-1	-1	-1	-1	530	
530	529	05620695d93aa791	4			yes					-1	-1	-1	-1	
531	526	52826bfe6c4f02d2	5			yes					-1	-1	-1	-1	532	
532	531	e8917f9af7a6ee8c	4			yes					-1	-1	-1	-1	
533	526	dd243b42f81073a8	5			yes					-1	-1	-1	-1	534	
534	533	67372f2663f99ff6	4			yes					-1	-1	-1	-1	
535	526	3b8d25ef6dfa46d4	5			yes					-1	-1	-1	-1	-1	
536	525	818d751ad4ab4f4e	5			yes					-1	-1	-1	-1	-1	
537	525	e0065257e844702f	3			yes					-1	538	-1	
538	537	487fe57bc695cc94	5			yes					-1	-1	-1	-1	-1	
539	499	7e1827239bac197b	4			yes					-1	-1	540	541	
540	539	da7b5beace0c6252	5			yes					-1	-1	-1	-1	-1	
541	539	78fc499dc5bdce3b	3			yes					-1	-1	-1	
542	499	c421bba5a9f48fc0	4			yes					-1	-1	-1	-1	
543	499	8fa2a00a3f3e0139	4			yes					-1	-1	-1	-1	
544	0	b6e2d844e714d6b7	5			yes					-1	-1	-1	-1	545	
545	544	2158d65dfadc5bb0	6			yes					546	566	578	585	588	590	
546	545	7b67188c20c0bd24	5			yes					547	555	560	563	565	
547	546	14c3ead1f7bacc32	4			yes					548	550	-1	553	
548	547	429d7d12db8ddd11	6			yes					-1	-1	-1	-1	-1	549	
549	548	f88e69764064314f	5			yes					-1	-1	-1	-1	-1	
550	547	d09419b4ff8848bf	6			yes					-1	-1	-1	-1	-1	552	
551	550	ae8320ac625d5d57	5			no					-1	-1	-1	-1	-2	
552	550	6a870dd06461a4e1	5			yes					-1	-1	-1	-1	-1	
553	547	8923048da77445da	6			yes					-1	-1	-1	-1	-1	554	
554	553	f37a3de4975f17ae	5			yes					-1	-1	-1	-1	-1	
555	546	8c39f11bda437226	4			yes					-1	556	-1	558	
556	555	c1469e25c8084edf	6			yes					-1	-1	-1	-1	-1	557	
557	556	7b558a4153e1a281	5			yes					-1	-1	-1	-1	-1	
558	555	86f66a8a600f5dae	6			yes					-1	-1	-1	-1	-1	559	
559	558	fcaf53e350240fda	5			yes					-1	-1	-1	-1	-1	
560	546	dd1e562c8c3e6149	4			yes					-1	-1	-1	561	
561	560	5b320427aceaab9a	6			yes					-1	-1	-1	-1	-1	562	
562	561	8b69906ab9ed8097	5			yes					-1	-1	-1	-1	-1	
563	546	8d79ff389a19980e	4			yes					-1	-1	-1	564	
564	563	3e83556a81076279	3			yes					-1	-1	-1	
565	546	c89db2de3bde4753	4			yes					-1	-1	-1	-1	
566	545	4efc24002da62aa6	5			yes					-1	567	572	575	577	
567	566	b9a2cd97d725e5a4	4			yes					-1	568	-1	570	
568	567	28a1df079775e0f2	6			yes					-1	-1	-1	-1	-1	569	
569	568	92b2cb630c9c0cac	5			yes					-1	-1	-1	-1	-1	
570	567	6f112ba83f72f383	6			yes					-1	-1	-1	-1	-1	571	
571	570	154812c10f59a1f7	5			yes					-1	-1	-1	-1	-1	
572	566	e8856aa08158f6cb	4			yes					-1	-1	-1	573	
573	572	0e3c1c8b8aacd330	6			yes					-1	-1	-1	-1	-1	574	
574	573	746525e2ba878144	5			yes					-1	-1	-1	-1	-1	
575	566	b8e2c3b4977f0f8c	4			yes					-1	-1	-1	576	
576	575	0b1869e68c61f5fb	3			yes					-1	-1	-1	
577	566	fd068e5236b8d0d1	4			yes					-1	-1	-1	-1	
578	545	d6063fca005f94b2	5			yes					-1	-1	579	582	584	
579	578	707f716aaca148df	4			yes					-1	-1	-1	580	
580	579	55ca327b900bfe2c	6			yes					-1	-1	-1	-1	-1	581	
581	580	2f930b12a020ac58	5			yes					-1	-1	-1	-1	-1	
582	578	2018d87eba86b198	4			yes					-1	-1	-1	583	
583	582	93e2722ca1984bef	3			yes					-1	-1	-1	
584	578	65fc95981b416ec5	4			yes					-1	-1	-1	-1	
585	545	872198fd562287dd	5			yes					-1	-1	-1	586	587	
586	585	713f7f49ecfba2f7	4			yes					-1	-1	-1	-1	
587	585	34db32af4d3c7daa	4			yes					-1	-1	-1	-1	
588	545	d74631e940057e9a	5			yes					-1	-1	-1	-1	589	
589	588	64bc9bbb5b1b84ed	4			yes					-1	-1	-1	-1	
590	545	92a27c0fe1c2a1c7	5			yes					-1	-1	-1	-1	-1	
591	0	27ceb385ff332645	5			yes					-1	-1	-1	-1	-1	
