Number of nodes
331
ID	PID	Hash_Value			File_Number	Fully_Enumerated	Children
0	-1	c92525ae93b9c846	6			yes					1	114	201	258	301	330	
1	0	fe246916ff6e3212	5			yes					2	50	62	77	86	
2	1	ea24240e6a4c50ee	5			yes					3	14	27	43	49	
3	2	1713ca61234f51d4	4			yes					4	5	7	8	
4	3	0aee0883e5d52145	4			yes					-1	-1	-1	-1	
5	3	b56f64e0da4521d0	4			yes					-1	6	-1	-1	
6	5	4c7bc9c86701b007	3			yes					-1	-1	-1	
7	3	486a1a57901155d9	4			yes					-1	-1	-1	-1	
8	3	bdf451edbfc7373a	3			yes					9	10	12	
9	8	9cdcdf991a7cefab	4			yes					-1	-1	-1	-1	
10	8	83520d2433a3cdba	5			yes					-1	-1	-1	-1	11	
11	10	e600845ab75a43c4	4			yes					-1	-1	-1	-1	
12	8	6028a59a54ba452a	5			yes					-1	-1	-1	-1	13	
13	12	057a2ce4d043cb54	4			yes					-1	-1	-1	-1	
14	2	f45d0d2f872cdfa4	4			yes					-1	15	19	23	
15	14	b297c9c987b6941f	5			yes					16	17	-1	-1	18	
16	15	39b0ee423488025b	4			yes					-1	-1	-1	-1	
17	15	18abafe039094d1c	4			yes					-1	-1	-1	-1	
18	15	8e53578904624ee5	4			yes					-1	-1	-1	-1	
19	14	b3646d9af6034021	5			yes					20	21	-1	22	-1	
20	19	38434a11453dd665	4			yes					-1	-1	-1	-1	
21	19	19580bb348bc9922	4			yes					-1	-1	-1	-1	
22	19	9a167e9c905dafe0	4			yes					-1	-1	-1	-1	
23	14	28c51a5fb8b4c9ed	5			yes					24	25	-1	-1	26	
24	23	a3e23dd40b8a5fa9	4			yes					-1	-1	-1	-1	
25	23	82f97c76060b10ee	4			yes					-1	-1	-1	-1	
26	23	3b0a7667cf3363b9	4			yes					-1	-1	-1	-1	
27	2	88b6eed0a82e20ba	4			yes					-1	-1	28	33	
28	27	0545d13ef923f5d7	5			yes					29	30	31	-1	32	
29	28	8e62f6b54a1d6393	4			yes					-1	-1	-1	-1	
30	28	3845abf2291dfe07	4			yes					-1	-1	-1	-1	
31	28	fc517c1644676400	4			yes					-1	-1	-1	-1	
32	28	1b85a1e21943358e	4			yes					-1	-1	-1	-1	
33	27	fb212322e50d7f98	6			yes					34	36	38	-1	40	42	
34	33	700604a95633e9dc	5			yes					-1	-1	-1	-1	35	
35	34	15548dd7d2ca67a2	4			yes					-1	-1	-1	-1	
36	33	c62159ee35337448	5			yes					-1	-1	-1	-1	37	
37	36	a373d090b1cafa36	4			yes					-1	-1	-1	-1	
38	33	02358e0a5849ee4f	5			yes					-1	-1	-1	-1	39	
39	38	67670774dcb06031	4			yes					-1	-1	-1	-1	
40	33	b2b6355330d31db4	5			yes					-1	-1	-1	-1	41	
41	40	d7e4bc2db42a93ca	4			yes					-1	-1	-1	-1	
42	33	9e73aa5c61f4f1e6	5			yes					-1	-1	-1	-1	-1	
43	2	2b3b961cfa8998ca	4			yes					-1	-1	-1	44	
44	43	81dc0d906601fe24	3			yes					-1	45	46	
45	44	272552c7cba9ac20	5			yes					-1	-1	-1	-1	-1	
46	44	d4cd94d4cdcf755f	5			yes					47	48	-1	-1	-1	
47	46	5feab35f7ef1e31b	4			yes					-1	-1	-1	-1	
48	46	e9cdee181df17e8f	4			yes					-1	-1	-1	-1	
49	2	40c3bf82f6c43600	4			yes					-1	-1	-1	-1	
50	1	db939255226cb22e	4			yes					51	56	59	61	
51	50	630a5946360efeb5	3			yes					52	53	54	
52	51	8044025fd8e2e8a5	4			yes					-1	-1	-1	-1	
53	51	0d1d8e0919f60c67	4			yes					-1	-1	-1	-1	
54	51	29a1d8a7e771cb13	5			yes					-1	-1	55	-1	-1	
55	54	b7bab6923fbc7532	4			yes					-1	-1	-1	-1	
56	50	576131b20633b799	3			yes					-1	57	58	
57	56	0a4f604736963d24	4			yes					-1	-1	-1	-1	
58	56	a1abb5bc84583c6a	5			yes					-1	-1	-1	-1	-1	
59	50	9e8cf378acb52fc2	3			yes					-1	-1	60	
60	59	346b68f4303d492c	2			yes					-1	-1	
61	50	717409d9bee4d4c0	3			yes					-1	-1	-1	
62	1	49f0368de61927c7	4			yes					63	66	74	76	
63	62	f169fd9ef27b6b5c	3			yes					64	-1	65	
64	63	0d5f50cc2d5f2485	4			yes					-1	-1	-1	-1	
65	63	6d8ac59fa6c11d27	5			yes					-1	-1	-1	-1	-1	
66	62	90c37d2a69181531	3			yes					-1	67	68	
67	66	1cf61ea22fd6a656	4			yes					-1	-1	-1	-1	
68	66	48c520e3cacb50ec	6			yes					69	71	-1	-1	-1	73	
69	68	c3e2076879f5c6a8	5			yes					-1	-1	-1	-1	70	
70	69	a6b08e16fd0c48d6	4			yes					-1	-1	-1	-1	
71	68	e4cdfa57a8f01172	5			yes					-1	-1	-1	-1	72	
72	71	819f73292c099f0c	4			yes					-1	-1	-1	-1	
73	68	2d97a99d4e32de92	5			yes					-1	-1	-1	-1	-1	
74	62	cb4d1b3807eb1883	3			yes					-1	-1	75	
75	74	b98c222bca5e4bd7	5			yes					-1	-1	-1	-1	-1	
76	62	e317ad017a914129	3			yes					-1	-1	-1	
77	1	c0fd4f45ae54e2b8	4			yes					78	81	83	85	
78	77	78648456ba36ae23	3			yes					79	80	-1	
79	78	9db43ca4a993a4c6	5			yes					-1	-1	-1	-1	-1	
80	78	66d413f21d19140c	5			yes					-1	-1	-1	-1	-1	
81	77	19ce04e22155d04e	3			yes					-1	82	-1	
82	81	66a78f13fd7344aa	5			yes					-1	-1	-1	-1	-1	
83	77	a26f859b6c3692ec	3			yes					-1	-1	84	
84	83	488cbf1000d7601f	5			yes					-1	-1	-1	-1	-1	
85	77	03384a6a59010e39	3			yes					-1	-1	-1	
86	1	fb37dfb4a0977ba3	5			yes					87	97	105	112	113	
87	86	43ae14a7b4f53738	4			yes					88	89	90	91	
88	87	2a9e38219a3d9ef7	4			yes					-1	-1	-1	-1	
89	87	16bfbcf7c582c277	4			yes					-1	-1	-1	-1	
90	87	9b0022daece98c5e	4			yes					-1	-1	-1	-1	
91	87	7abe336bdda68a86	3			yes					92	94	96	
92	91	d9946b4f92a6b98a	5			yes					-1	-1	-1	-1	93	
93	92	bcc6e231165f37f4	4			yes					-1	-1	-1	-1	
94	91	2e1893223c883757	5			yes					-1	-1	-1	-1	95	
95	94	4b4a1a5cb871b929	4			yes					-1	-1	-1	-1	
96	91	2163d38eb082c9a9	5			yes					-1	-1	-1	-1	-1	
97	86	220494132f964955	4			yes					-1	98	101	102	
98	97	2a4bfd812f472e69	5			yes					99	100	-1	-1	-1	
99	98	a16cda0a9c79b82d	4			yes					-1	-1	-1	-1	
100	98	864327354d7c6ff7	4			yes					-1	-1	-1	-1	
101	97	4bfe4bef67df522b	5			yes					-1	-1	-1	-1	-1	
102	97	1b14b3df46c5f4eb	3			yes					-1	103	104	
103	102	4ce32dc88a33c149	5			yes					-1	-1	-1	-1	-1	
104	102	a15b845f13146e47	5			yes					-1	-1	-1	-1	-1	
105	86	99a5156a62f50bf7	4			yes					-1	-1	106	111	
106	105	4662b1d9f05c4c1d	5			yes					107	108	109	-1	110	
107	106	cd4596524362da59	4			yes					-1	-1	-1	-1	
108	106	e723e0d1ed7a528d	4			yes					-1	-1	-1	-1	
109	106	bf761cf14d18ddca	4			yes					-1	-1	-1	-1	
110	106	87c48a26d45b20ce	4			yes					-1	-1	-1	-1	
111	105	a0b532a60ba6b649	3			yes					-1	-1	-1	
112	86	3a286da63052b387	4			yes					-1	-1	-1	-1	
113	86	c227f878c9c4c61d	4			yes					-1	-1	-1	-1	
114	0	5563187701e19f04	5			yes					-1	115	150	171	180	
115	114	960cb1dfeb3bbc23	5			yes					116	133	139	147	149	
116	115	1c3b4dc01f4adead	4			yes					117	118	123	126	
117	116	033e72d3ca049266	4			yes					-1	-1	-1	-1	
118	116	9da3c43ea299c053	5			yes					119	120	121	-1	122	
119	118	ff9be17180ca3c66	4			yes					-1	-1	-1	-1	
120	118	43824337ae540f3f	4			yes					-1	-1	-1	-1	
121	118	cdaade392dfe8564	4			yes					-1	-1	-1	-1	
122	118	d84d9419cd6d45fa	4			yes					-1	-1	-1	-1	
123	116	98c92cbe39391fae	5			yes					-1	124	-1	-1	125	
124	123	46e8abb735f4d0c2	4			yes					-1	-1	-1	-1	
125	123	86095c62d959dff7	4			yes					-1	-1	-1	-1	
126	116	b6dcd64c83c2b843	3			yes					127	129	132	
127	126	687c80d1f499aa15	5			yes					-1	-1	-1	-1	128	
128	127	0d2e09af7060246b	4			yes					-1	-1	-1	-1	
129	126	04999c020e3ccfb2	5			yes					-1	130	131	-1	-1	
130	129	dab81b0b02f100de	4			yes					-1	-1	-1	-1	
131	129	54908605815b8a85	4			yes					-1	-1	-1	-1	
132	126	494169540dd59f26	5			yes					-1	-1	-1	-1	-1	
133	115	835d1f5f3a5ebc10	4			yes					-1	134	136	137	
134	133	b41e3b1319872b7f	5			yes					-1	-1	-1	-1	135	
135	134	b43828c6e7191c60	4			yes					-1	-1	-1	-1	
136	133	e5fee8f363d4b764	4			yes					-1	-1	-1	-1	
137	133	29ba84d3a6d6dafe	3			yes					-1	138	-1	
138	137	4205f3dad9b7e3ee	5			yes					-1	-1	-1	-1	-1	
139	115	f49e7b012959cc77	4			yes					-1	-1	140	145	
140	139	665f14d0dc68f72d	5			yes					141	142	143	-1	144	
141	140	9b852952bcbf6815	4			yes					-1	-1	-1	-1	
142	140	5b5f6e1c0c56fcfd	4			yes					-1	-1	-1	-1	
143	140	8aac661f978e6d7c	4			yes					-1	-1	-1	-1	
144	140	789f640c3c083774	4			yes					-1	-1	-1	-1	
145	139	5e79e08db5d1aa99	3			yes					-1	-1	146	
146	145	b7d7513ae88477a5	5			yes					-1	-1	-1	-1	-1	
147	115	571303cd7bfe7407	4			yes					-1	-1	-1	148	
148	147	fdf49841e77612e9	3			yes					-1	-1	-1	
149	115	3ceb2a5377b3dacd	4			yes					-1	-1	-1	-1	
150	114	d547b818acc477c7	4			yes					151	165	168	170	
151	150	5f70440758b51549	3			yes					152	153	154	
152	151	562d9c8efc120f57	4			yes					-1	-1	-1	-1	
153	151	36c5ad7981decbd6	4			yes					-1	-1	-1	-1	
154	151	27da9fa9a17b70e4	6			yes					155	157	159	161	162	164	
155	154	45e2bae683288cd1	5			yes					-1	-1	-1	-1	156	
156	155	20b0339807d102af	4			yes					-1	-1	-1	-1	
157	154	803fd1f3f58bcf65	5			yes					-1	-1	-1	-1	158	
158	157	e56d588d7172411b	4			yes					-1	-1	-1	-1	
159	154	ecd397f4c88d8808	5			yes					-1	-1	-1	-1	160	
160	159	89811e8a4c740676	4			yes					-1	-1	-1	-1	
161	154	02db6d45f65b97a9	5			yes					-1	-1	-1	-1	-1	
162	154	4e8718dacc8cd26b	5			yes					-1	-1	-1	-1	163	
163	162	2bd591a448755c15	4			yes					-1	-1	-1	-1	
164	154	428816d72582fe9a	5			yes					-1	-1	-1	-1	-1	
165	150	3cadec38ddfb22a8	3			yes					-1	-1	166	
166	165	710475f25bb3e72a	5			yes					167	-1	-1	-1	-1	
167	166	8cde48703b647812	4			yes					-1	-1	-1	-1	
168	150	c93a33b319c6510f	3			yes					-1	-1	169	
169	168	7f39795810fa101a	5			yes					-1	-1	-1	-1	-1	
170	150	7fa02394304c1129	3			yes					-1	-1	-1	
171	114	9593f59ec6c79d81	4			yes					172	176	178	179	
172	171	1fa4098132b6ff0f	3			yes					173	174	175	
173	172	675944e9c26c1639	5			yes					-1	-1	-1	-1	-1	
174	172	b3388d91cfaa6b22	5			yes					-1	-1	-1	-1	-1	
175	172	4c77cd018080d960	5			yes					-1	-1	-1	-1	-1	
176	171	7c79a1beb7f8c8ee	3			yes					-1	177	-1	
177	176	e2a71f8c8347c6be	5			yes					-1	-1	-1	-1	-1	
178	171	a018ad10721bdb60	3			yes					-1	-1	-1	
179	171	5656f0b131927100	3			yes					-1	-1	-1	
180	114	ae59656fc804049a	5			yes					181	190	195	199	200	
181	180	246e99703c756614	4			yes					182	183	184	186	
182	181	373507ad5475ecec	4			yes					-1	-1	-1	-1	
183	181	305a7ea25c63e92b	5			yes					-1	-1	-1	-1	-1	
184	181	d70f55cdf08641e2	5			yes					-1	-1	-1	-1	185	
185	184	ab90738f4499ba99	4			yes					-1	-1	-1	-1	
186	181	1d7ebebc5526dbaa	3			yes					187	189	-1	
187	186	43d7367ba0ab63e6	5			yes					-1	-1	-1	-1	188	
188	187	2685bf052452ed98	4			yes					-1	-1	-1	-1	
189	186	cb4916811c675a77	5			yes					-1	-1	-1	-1	-1	
190	180	47b3314fb93b51f5	4			yes					-1	191	192	193	
191	190	ec5eaba211fd751a	5			yes					-1	-1	-1	-1	-1	
192	190	8e525a7dacabc2df	4			yes					-1	-1	-1	-1	
193	190	7ea31683d068ec4b	3			yes					-1	-1	194	
194	193	08151f82624f849e	5			yes					-1	-1	-1	-1	-1	
195	180	9bd23de17cd8427b	4			yes					-1	-1	196	197	
196	195	c232f7a1b410a04a	5			yes					-1	-1	-1	-1	-1	
197	195	a2c21a2d158bffc5	3			yes					-1	-1	198	
198	197	ccdcf968449b8c48	5			yes					-1	-1	-1	-1	-1	
199	180	6f46d77d58c1ccbe	4			yes					-1	-1	-1	-1	
200	180	974942a3a157b924	4			yes					-1	-1	-1	-1	
201	0	d021f5661b11ac4c	5			yes					-1	-1	202	228	237	
202	201	79f91e58e55e7148	5			yes					203	215	222	224	227	
203	202	f3cee247112f13c6	4			yes					204	207	208	210	
204	203	2dcff623eeb257e0	5			yes					-1	205	206	-1	-1	
205	204	ef2a6973d7bc517c	4			yes					-1	-1	-1	-1	
206	204	b620aebec9a79696	4			yes					-1	-1	-1	-1	
207	203	6354a2a1f989b196	5			yes					-1	-1	-1	-1	-1	
208	203	5c0cd93abe01d404	5			yes					-1	-1	-1	-1	209	
209	208	77f9eab29525d4e2	4			yes					-1	-1	-1	-1	
210	203	592979cb8da77528	3			yes					211	213	214	
211	210	af0cf9d7011fc677	5			yes					-1	-1	212	-1	-1	
212	211	34e3a14a260a0701	4			yes					-1	-1	-1	-1	
213	210	e197ad5516242001	5			yes					-1	-1	-1	-1	-1	
214	210	0d4f810fbbeb4535	5			yes					-1	-1	-1	-1	-1	
215	202	83e52eed0e507a6e	4			yes					-1	216	217	219	
216	215	87878a6761eb4d48	5			yes					-1	-1	-1	-1	-1	
217	215	f5159c3a700b6277	5			yes					-1	-1	-1	-1	218	
218	217	dee0afb25b2f6291	4			yes					-1	-1	-1	-1	
219	215	2902b56192d81c80	3			yes					-1	220	221	
220	219	054485938e46dcdf	5			yes					-1	-1	-1	-1	-1	
221	219	a456c40f75e1f346	5			yes					-1	-1	-1	-1	-1	
222	202	c84f66dc8cf15504	4			yes					-1	-1	-1	223	
223	222	62a8fd50107933ea	3			yes					-1	-1	-1	
224	202	6b7a2fa2ea582b0a	4			yes					-1	-1	-1	225	
225	224	c3dd8de3e4d7f2e2	6			yes					-1	-1	-1	-1	-1	226	
226	225	a68f049d602e7c9c	5			yes					-1	-1	-1	-1	-1	
227	202	d31e85d479d617a6	4			yes					-1	-1	-1	-1	
228	201	92b36e76e226c2ad	4			yes					229	233	235	236	
229	228	188492691657a023	3			yes					230	232	-1	
230	229	7b810ff89e431fe5	5			yes					-1	-1	-1	-1	231	
231	230	d72eef5a468a2489	4			yes					-1	-1	-1	-1	
232	229	5b0792c8934bd5d1	5			yes					-1	-1	-1	-1	-1	
233	228	68af5ec30928c98b	3			yes					-1	234	-1	
234	233	bfd4ba0e0b29290f	5			yes					-1	-1	-1	-1	-1	
235	228	598d6207ce32a251	3			yes					-1	-1	-1	
236	228	bb15c0db336b0954	3			yes					-1	-1	-1	
237	201	0af39b68d2afacc9	5			yes					238	248	254	256	257	
238	237	80c4677726dece47	4			yes					239	242	243	244	
239	238	6299161f4c4a32bf	5			yes					-1	240	241	-1	-1	
240	239	a07c894f75443423	4			yes					-1	-1	-1	-1	
241	239	fc82782a94878c9e	4			yes					-1	-1	-1	-1	
242	238	c987bf671fa89b68	5			yes					-1	-1	-1	-1	-1	
243	238	90e68bb64fcd029e	5			yes					-1	-1	-1	-1	-1	
244	238	b9d440bb4f8d73f9	3			yes					245	246	247	
245	244	bff975280a0bc4f8	5			yes					-1	-1	-1	-1	-1	
246	244	67dce71fd7e20d9c	5			yes					-1	-1	-1	-1	-1	
247	244	9eb03ab10f699745	5			yes					-1	-1	-1	-1	-1	
248	237	f0efabdd39a1a7ef	4			yes					-1	249	250	251	
249	248	2d5497a187ca67b6	5			yes					-1	-1	-1	-1	-1	
250	248	39ffceb681c7b4ed	5			yes					-1	-1	-1	-1	-1	
251	248	c9ff8c1150f21a51	3			yes					-1	252	253	
252	251	830fcfd94f80f142	5			yes					-1	-1	-1	-1	-1	
253	251	37a97fb1c1632136	5			yes					-1	-1	-1	-1	-1	
254	237	c1cd9719febbcc35	4			yes					-1	-1	-1	255	
255	254	f8ddb0d597e8718b	3			yes					-1	-1	-1	
256	237	8205e7175a38b4ea	4			yes					-1	-1	-1	-1	
257	237	33e3bca4bbfc1177	4			yes					-1	-1	-1	-1	
258	0	6db04c99830901b0	5			yes					-1	-1	-1	259	278	
259	258	71442e97674511ca	5			yes					260	267	272	275	277	
260	259	fb73d28893347344	4			yes					261	263	265	266	
261	260	c433ba1d802bb0f1	5			yes					-1	-1	-1	-1	262	
262	261	689c5abf58e28b9d	4			yes					-1	-1	-1	-1	
263	260	bb32a9cb07e6e896	5			yes					-1	-1	-1	-1	264	
264	263	179d4969df2fd3fa	4			yes					-1	-1	-1	-1	
265	260	6d4e057048f9904c	5			yes					-1	-1	-1	-1	-1	
266	260	8ba031c0111fa69d	5			yes					-1	-1	-1	-1	-1	
267	259	8b581e228c4b1aec	4			yes					-1	268	270	271	
268	267	5fe1810d9f841448	5			yes					-1	-1	-1	-1	269	
269	268	f34e61af474d2f24	4			yes					-1	-1	-1	-1	
270	267	7883dcdb79a5fe7b	5			yes					-1	-1	-1	-1	-1	
271	267	2aaddb95147d5cef	5			yes					-1	-1	-1	-1	-1	
272	259	d35c5728af479dd5	4			yes					-1	-1	273	274	
273	272	fba83df0d005e613	5			yes					-1	-1	-1	-1	-1	
274	272	a5a65acc7a5edc02	5			yes					-1	-1	-1	-1	-1	
275	259	c8cd1659064487e7	4			yes					-1	-1	-1	276	
276	275	d233b515d77de5b7	3			yes					-1	-1	-1	
277	259	6bba8ddbb67c739a	4			yes					-1	-1	-1	-1	
278	258	699ebf6c5fdc674d	5			yes					279	289	296	299	300	
279	278	e3a94373abad05c3	4			yes					280	283	285	286	
280	279	5832f7e0de11f8ff	5			yes					-1	281	282	-1	-1	
281	280	b08905b07e5036ac	4			yes					-1	-1	-1	-1	
282	280	c3ddaf7df9043989	4			yes					-1	-1	-1	-1	
283	279	2733e43659dca098	5			yes					-1	-1	284	-1	-1	
284	283	aea6995903ea0b1c	4			yes					-1	-1	-1	-1	
285	279	c27840c3fcd911bf	4			yes					-1	-1	-1	-1	
286	279	dab964bfc2feb87d	3			yes					287	288	-1	
287	286	855294d798500eb8	5			yes					-1	-1	-1	-1	-1	
288	286	fa5387011f9d56df	5			yes					-1	-1	-1	-1	-1	
289	278	93828fd9b4d26c6b	4			yes					-1	290	293	294	
290	289	c3e0ccf0c1be5c46	5			yes					291	-1	292	-1	-1	
291	290	3e3af172a169c37e	4			yes					-1	-1	-1	-1	
292	290	4a75b19f9b88f7c2	4			yes					-1	-1	-1	-1	
293	289	47604079e4fb2393	4			yes					-1	-1	-1	-1	
294	289	aa92a815dd81d1d5	3			yes					-1	295	-1	
295	294	1e80afc787ffaa01	5			yes					-1	-1	-1	-1	-1	
296	278	cb86c6d397deeb52	4			yes					-1	-1	297	298	
297	296	c44ba1524d5b3bfb	4			yes					-1	-1	-1	-1	
298	296	f296e11ffe8d56ec	3			yes					-1	-1	-1	
299	278	eb2392d9be2e5809	4			yes					-1	-1	-1	-1	
300	278	508e98a0368fdaf3	4			yes					-1	-1	-1	-1	
301	0	95d2192a3302133b	5			yes					-1	-1	-1	-1	302	
302	301	16d6c89e669700ea	4			yes					303	309	315	322	
303	302	2cf107eb82eceda3	4			yes					304	306	308	-1	
304	303	9468ccf8968ea138	3			yes					-1	305	-1	
305	304	3e94834315634a69	5			yes					-1	-1	-1	-1	-1	
306	303	f5c24c4c0deddf55	3			yes					-1	307	-1	
307	306	f3e9ff42fac11453	5			yes					-1	-1	-1	-1	-1	
308	303	4e63cd35408e9df7	3			yes					-1	-1	-1	
309	302	799fbd30ea7f929a	4			yes					310	313	314	-1	
310	309	f3a8412f1e0ef014	3			yes					311	312	-1	
311	310	3f19d458ca16485c	5			yes					-1	-1	-1	-1	-1	
312	310	2676fdc0c8183bdb	5			yes					-1	-1	-1	-1	-1	
313	309	9075e9109b40c7f5	3			yes					-1	-1	-1	
314	309	4c14e5be5ea3d47b	3			yes					-1	-1	-1	
315	302	ddeb6e934bf4f496	4			yes					316	319	321	-1	
316	315	57dc928cbf859618	3			yes					317	318	-1	
317	316	eecf7fa999f14f1c	5			yes					-1	-1	-1	-1	-1	
318	316	034702799b318bb4	5			yes					-1	-1	-1	-1	-1	
319	315	27f75e26a0faffb0	3			yes					-1	320	-1	
320	319	e7942abf0353776a	5			yes					-1	-1	-1	-1	-1	
321	315	16d562e267e0946a	3			yes					-1	-1	-1	
322	302	daa490eec5a27c20	5			yes					323	326	328	329	-1	
323	322	50936cf131d31eae	4			yes					324	325	-1	-1	
324	323	517dca4c8799e008	5			yes					-1	-1	-1	-1	-1	
325	323	2e7cd99a0054b86f	5			yes					-1	-1	-1	-1	-1	
326	322	20b8a05b2eac7706	4			yes					-1	327	-1	-1	
327	326	caaff15c983644b1	5			yes					-1	-1	-1	-1	-1	
328	322	78bce9510da0f03f	4			yes					-1	-1	-1	-1	
329	322	632da820a4a3ea0d	4			yes					-1	-1	-1	-1	
330	0	4a21f41ac62cdb97	5			yes					-1	-1	-1	-1	-1	
