Number of nodes
226
ID	PID	Hash_Value			File_Number	Fully_Enumerated	Children
0	-1	b7b62932a73be06a	5			yes					1	47	86	125	164	
1	0	0f0fe2167611c73f	5			yes					2	14	34	43	46	
2	1	b56a785cd35a353a	4			yes					3	5	7	11	
3	2	c6dfabaf5123a374	4			yes					-1	-1	-1	4	
4	3	d59fc741c56c9a59	3			yes					-1	-1	-1	
5	2	9af9787af0f4ff4a	4			yes					-1	6	-1	-1	
6	5	ce47e0736eca67e6	3			yes					-1	-1	-1	
7	2	bf780f1b85476c73	5			yes					-1	8	9	-1	10	
8	7	ebc697121b79f4df	4			yes					-1	-1	-1	-1	
9	7	9794cc6c35b63655	4			yes					-1	-1	-1	-1	
10	7	21aa228108eb97f8	4			yes					-1	-1	-1	-1	
11	2	e1da58b84d1ab40b	5			yes					-1	12	13	-1	-1	
12	11	b564c0b1d3242ca7	4			yes					-1	-1	-1	-1	
13	11	c9369bcffdebee2d	4			yes					-1	-1	-1	-1	
14	1	35f243b1db372a46	4			yes					-1	15	26	32	
15	14	f463f0ffb334921d	3			yes					16	17	21	
16	15	472bceaa944d6f5c	4			yes					-1	-1	-1	-1	
17	15	3df5b080051d3b09	5			yes					18	19	-1	-1	20	
18	17	086b2a35f25c8bce	4			yes					-1	-1	-1	-1	
19	17	2f6174e959cdd27f	4			yes					-1	-1	-1	-1	
20	17	a3279d1a88b1c082	4			yes					-1	-1	-1	-1	
21	15	6357e723cd40e371	5			yes					22	23	-1	24	25	
22	21	56c97d963a0153b6	4			yes					-1	-1	-1	-1	
23	21	71c3234a91900a07	4			yes					-1	-1	-1	-1	
24	21	eee9ff5ec8467941	4			yes					-1	-1	-1	-1	
25	21	1ca55bda99a36106	4			yes					-1	-1	-1	-1	
26	14	e6db9c9e952a2e6f	3			yes					27	-1	28	
27	26	6b6ccc2ed35ffc13	4			yes					-1	-1	-1	-1	
28	26	2a2197c1c04710ef	5			yes					29	30	-1	-1	31	
29	28	1fbf0d743706a028	4			yes					-1	-1	-1	-1	
30	28	38b553a89c97f999	4			yes					-1	-1	-1	-1	
31	28	b7d53bd7221fced9	4			yes					-1	-1	-1	-1	
32	14	a8ddf62b83554e77	3			yes					33	-1	-1	
33	32	aa6d7bb8918f182e	4			yes					-1	-1	-1	-1	
34	1	ce9e51581e127f64	4			yes					-1	-1	35	41	
35	34	1db78e77500f7b4d	3			yes					36	-1	37	
36	35	f52937bda93fd5d5	4			yes					-1	-1	-1	-1	
37	35	c290f0729b27b8c4	5			yes					38	39	40	-1	-1	
38	37	f70e6ac76c660803	4			yes					-1	-1	-1	-1	
39	37	d004341bc7f751b2	4			yes					-1	-1	-1	-1	
40	37	962e687b05192068	4			yes					-1	-1	-1	-1	
41	34	53b1e4c246701b55	3			yes					42	-1	-1	
42	41	2bb7689c9ea1d1b7	4			yes					-1	-1	-1	-1	
43	1	dc263d39380cc316	4			yes					-1	-1	-1	44	
44	43	410988a3606ea727	3			yes					45	-1	-1	
45	44	c8a41ef4b8be2780	5			yes					-1	-1	-1	-1	-1	
46	1	9220578c2e73a30e	4			yes					-1	-1	-1	-1	
47	0	b258851ece7880c8	5			yes					48	63	73	82	85	
48	47	c75a045135992610	4			yes					49	51	57	61	
49	48	99a08dbb481d1049	4			yes					-1	-1	-1	50	
50	49	8ae0e155dc522964	3			yes					-1	-1	-1	
51	48	06cbb71f5d9a9e4b	3			yes					52	54	55	
52	51	1c69b16434088ce8	4			yes					-1	-1	-1	53	
53	52	dfba635e49a9280e	3			yes					-1	-1	-1	
54	51	2be570d6ecb693cb	4			yes					-1	-1	-1	-1	
55	51	c918a94838d4d217	5			yes					-1	-1	-1	-1	56	
56	55	e44659e73f5ba7be	4			yes					-1	-1	-1	-1	
57	48	1473db7e7b842239	3			yes					58	-1	59	
58	57	e36709da99c5cbdb	4			yes					-1	-1	-1	-1	
59	57	6dd9effb3f51810c	5			yes					-1	-1	-1	-1	60	
60	59	774eaec7e87dee60	4			yes					-1	-1	-1	-1	
61	48	5a75b1cb6dfb4221	3			yes					62	-1	-1	
62	61	f5125dac88b1ab13	4			yes					-1	-1	-1	-1	
63	47	fa9558b4859d7e9b	4			yes					-1	64	66	70	
64	63	18b4cc81a2a802fd	4			yes					65	-1	-1	-1	
65	64	2eb41ad9f86b3c24	3			yes					-1	-1	-1	
66	63	3d35bbe0d71b91c4	5			yes					67	-1	68	-1	69	
67	66	0b356db88dd8af1d	4			yes					-1	-1	-1	-1	
68	66	15d9789767eacbe2	4			yes					-1	-1	-1	-1	
69	66	a3e7967a5ab76a4f	4			yes					-1	-1	-1	-1	
70	63	6397ec431f4649bc	5			yes					71	-1	72	-1	-1	
71	70	55973a1b45857765	4			yes					-1	-1	-1	-1	
72	70	4b7b2f34afb7139a	4			yes					-1	-1	-1	-1	
73	47	73c93650a67b3893	4			yes					-1	-1	74	80	
74	73	a0e0e97fe8663cba	3			yes					-1	75	76	
75	74	77648346fb632862	4			yes					-1	-1	-1	-1	
76	74	0d5825c231cf28b4	5			yes					77	78	79	-1	-1	
77	76	3b58f39a6b0c166d	4			yes					-1	-1	-1	-1	
78	76	d39a78f66a75dfac	4			yes					-1	-1	-1	-1	
79	76	59e6bdcbaff1b018	4			yes					-1	-1	-1	-1	
80	73	eee683cafe195ca2	3			yes					-1	81	-1	
81	80	a9fadc67ccfd2c00	4			yes					-1	-1	-1	-1	
82	47	61715a31806584e1	4			yes					-1	-1	-1	83	
83	82	fc5eefabd807e0d0	3			yes					-1	84	-1	
84	83	4ae9aa0feae2da37	5			yes					-1	-1	-1	-1	-1	
85	47	2f773084961ae4f9	4			yes					-1	-1	-1	-1	
86	0	440293c7d4afa3d1	5			yes					87	105	115	121	124	
87	86	310012882f4e0509	4			yes					88	96	98	103	
88	87	7608b41ba062521a	3			yes					-1	89	92	
89	88	055773035ba0cad9	5			yes					-1	-1	90	-1	91	
90	89	2dbbb074eb5190ff	4			yes					-1	-1	-1	-1	
91	89	9b855e99d60c3152	4			yes					-1	-1	-1	-1	
92	88	5bf524a093fd12a1	5			yes					-1	-1	93	94	95	
93	92	7319e7d7230c4887	4			yes					-1	-1	-1	-1	
94	92	d64b3cdd96fb8891	4			yes					-1	-1	-1	-1	
95	92	24079859c71e90d6	4			yes					-1	-1	-1	-1	
96	87	a58395f6dc2a6fd8	4			yes					-1	-1	-1	97	
97	96	b6c3f918486556f5	3			yes					-1	-1	-1	
98	87	e229cda761530120	3			yes					-1	99	100	
99	98	2646c93c6c970697	4			yes					-1	-1	-1	-1	
100	98	1e9f62a46ad72f91	5			yes					-1	101	-1	-1	102	
101	100	22a98a033c745d79	4			yes					-1	-1	-1	-1	
102	100	836bceb2888ff1a7	4			yes					-1	-1	-1	-1	
103	87	ac2fa712772c6138	3			yes					-1	104	-1	
104	103	c93145e11c86d482	4			yes					-1	-1	-1	-1	
105	86	030a35545b83f4c2	4			yes					-1	106	108	113	
106	105	b5abacc26becf576	4			yes					107	-1	-1	-1	
107	106	83ab7a9a312fcbaf	3			yes					-1	-1	-1	
108	105	d023ea7b159ef0eb	3			yes					-1	109	110	
109	108	c83527a7a3a6f742	4			yes					-1	-1	-1	-1	
110	108	b2acce188d5ad613	5			yes					111	-1	-1	-1	112	
111	110	84ac1840d799e8ca	4			yes					-1	-1	-1	-1	
112	110	2f58620e6f020825	4			yes					-1	-1	-1	-1	
113	105	9e2580ce03e190f3	3			yes					-1	114	-1	
114	113	88b3b50e772bdfdb	4			yes					-1	-1	-1	-1	
115	86	7c0c4d6962b291d3	4			yes					-1	-1	116	119	
116	115	3e6bfc6da89fb517	5			yes					-1	117	-1	-1	118	
117	116	2cff3804f44f5c61	4			yes					-1	-1	-1	-1	
118	116	a0b9d1f725334e9c	4			yes					-1	-1	-1	-1	
119	115	60c9abce60c26d6f	5			yes					-1	120	-1	-1	-1	
120	119	725d6fa73c128419	4			yes					-1	-1	-1	-1	
121	86	972b4ce89ab2a7f8	4			yes					-1	-1	-1	122	
122	121	0a04f972c2d0c3c9	3			yes					-1	-1	123	
123	122	49b7ed829566fee4	5			yes					-1	-1	-1	-1	-1	
124	86	d92d265d8ccdc7e0	4			yes					-1	-1	-1	-1	
125	0	be33b896eed1df5a	5			yes					126	141	154	161	163	
126	125	cb3139d915307982	4			yes					127	135	138	139	
127	126	8c399f4a9a1c2e91	3			yes					128	130	131	
128	127	54328ba102b488f7	4			yes					-1	129	-1	-1	
129	128	9f9b9136ae1634c7	3			yes					-1	-1	-1	
130	127	bb7264a377c06fce	4			yes					-1	-1	-1	-1	
131	127	2aad0274ccb75ffe	5			yes					-1	132	-1	133	134	
132	131	7e139a7d5289c752	4			yes					-1	-1	-1	-1	
133	131	a7131a09c9b1c5ce	4			yes					-1	-1	-1	-1	
134	131	555fbe8d9854dd89	4			yes					-1	-1	-1	-1	
135	126	f1cc987eb81694fb	3			yes					-1	136	137	
136	135	b9097ae99e0a7e30	4			yes					-1	-1	-1	-1	
137	135	e36bc10cf7363401	4			yes					-1	-1	-1	-1	
138	126	7da76fe7f11dcfe7	4			yes					-1	-1	-1	-1	
139	126	561e8c434d521db3	3			yes					-1	-1	140	
140	139	3e9f2762faef292e	4			yes					-1	-1	-1	-1	
141	125	f93b1e0561fd8849	4			yes					-1	142	148	151	
142	141	c3c6bfa2ccdb6530	3			yes					-1	143	144	
143	142	393fd058259c9279	4			yes					-1	-1	-1	-1	
144	142	a8e0b68f9eeba249	5			yes					145	-1	-1	146	147	
145	144	9ee060d7c4289c90	4			yes					-1	-1	-1	-1	
146	144	255eaef29bed3879	4			yes					-1	-1	-1	-1	
147	144	d7120a76ca08203e	4			yes					-1	-1	-1	-1	
148	141	ced78d9d516bc1a3	5			yes					149	-1	-1	-1	150	
149	148	f8d75bc50ba8ff7a	4			yes					-1	-1	-1	-1	
150	148	d1bcfafe57095551	4			yes					-1	-1	-1	-1	
151	141	6414ab9f399fec78	3			yes					-1	-1	152	
152	151	d714d936c1f6c34a	5			yes					-1	-1	-1	-1	153	
153	152	fa4a2999c679b6e3	4			yes					-1	-1	-1	-1	
154	125	84ce193143f73223	4			yes					-1	-1	155	159	
155	154	319acef8596e9f88	5			yes					156	157	-1	-1	158	
156	155	079a18a003ada151	4			yes					-1	-1	-1	-1	
157	155	230e0a9105be76fe	4			yes					-1	-1	-1	-1	
158	155	09c241898e6806fc	4			yes					-1	-1	-1	-1	
159	154	19e1acab1b955612	3			yes					-1	-1	160	
160	159	8f3e485771194115	5			yes					-1	-1	-1	-1	-1	
161	125	95d833e181897883	4			yes					-1	-1	-1	162	
162	161	b31a99554811306e	5			yes					-1	-1	-1	-1	-1	
163	125	231c0d0cb6b3bb6b	4			yes					-1	-1	-1	-1	
164	0	600a50487152eb3f	6			yes					165	191	210	220	223	225	
165	164	1508d1078ab34de7	5			yes					166	172	180	186	187	
166	165	6d15a3ac73921f90	6			yes					-1	167	168	169	170	171	
167	166	39ab3ba5edac873c	5			yes					-1	-1	-1	-1	-1	
168	166	45f960dbc36345b6	5			yes					-1	-1	-1	-1	-1	
169	166	db85e67eedf65752	5			yes					-1	-1	-1	-1	-1	
170	166	46086b760ec028f5	5			yes					-1	-1	-1	-1	-1	
171	166	8e1b7134ffc9d3eb	5			yes					-1	-1	-1	-1	-1	
172	165	7305692d43a5b0e9	6			yes					-1	-1	173	175	177	179	
173	172	5799d8c9d5597ec9	5			yes					-1	-1	-1	-1	174	
174	173	419f4cc3a77a1e72	4			yes					-1	-1	-1	-1	
175	172	d58fca6796688d31	5			yes					-1	-1	-1	-1	176	
176	175	c3895e6de44bed8a	4			yes					-1	-1	-1	-1	
177	172	97f25171f3d2a531	5			yes					-1	-1	-1	-1	178	
178	177	81f4c57b81f1c58a	4			yes					-1	-1	-1	-1	
179	172	6503fd273186d052	5			yes					-1	-1	-1	-1	-1	
180	165	0dd7006bcfdd7f68	6			yes					-1	-1	-1	181	183	185	
181	180	ab5da3211a1042b0	5			yes					-1	-1	-1	-1	182	
182	181	bd5b372b6833220b	4			yes					-1	-1	-1	-1	
183	180	e92038377faa6ab0	5			yes					-1	-1	-1	-1	184	
184	183	ff26ac3d0d890a0b	4			yes					-1	-1	-1	-1	
185	180	1bd19461bdfe1fd3	5			yes					-1	-1	-1	-1	-1	
186	165	0edd20f004f71baf	4			yes					-1	-1	-1	-1	
187	165	a7b1458dc44d5479	4			yes					188	189	190	-1	
188	187	c65a27f572b158eb	6			yes					-1	-1	-1	-1	-1	-1	
189	187	65c9e31dd04a77f2	5			yes					-1	-1	-1	-1	-1	
190	187	1b1b8a5b5c32b873	5			yes					-1	-1	-1	-1	-1	
191	164	2702f6dbfe7ebc2c	5			yes					-1	192	198	206	207	
192	191	ef58175721cee227	6			yes					193	-1	194	195	196	197	
193	192	d958c10f7b0ddcfe	5			yes					-1	-1	-1	-1	-1	
194	192	c7b4d420913fb801	5			yes					-1	-1	-1	-1	-1	
195	192	59c85285bfaaaae5	5			yes					-1	-1	-1	-1	-1	
196	192	c445df8d5c9cd542	5			yes					-1	-1	-1	-1	-1	
197	192	0c56c5cfad952e5c	5			yes					-1	-1	-1	-1	-1	
198	191	798d0d935cb8ff0b	6			yes					199	-1	-1	201	203	205	
199	198	4f8ddbcb067bc1d2	5			yes					-1	-1	-1	-1	200	
200	199	598b4fc17458a169	4			yes					-1	-1	-1	-1	
201	198	df07aed98975c2d3	5			yes					-1	-1	-1	-1	202	
202	201	c9013ad3fb56a268	4			yes					-1	-1	-1	-1	
203	198	9d7a35cfeccfead3	5			yes					-1	-1	-1	-1	204	
204	203	8b7ca1c59eec8a68	4			yes					-1	-1	-1	-1	
205	198	6f8b99992e9b9fb0	5			yes					-1	-1	-1	-1	-1	
206	191	3cd7072c703aea64	4			yes					-1	-1	-1	-1	
207	191	95bb6251b080a5b2	4			yes					-1	208	209	-1	
208	207	4417930e20eda55c	6			yes					-1	-1	-1	-1	-1	-1	
209	207	6f4187a3cf573810	5			yes					-1	-1	-1	-1	-1	
210	164	5af7f1efdc740646	5			yes					-1	-1	211	217	218	
211	210	ec0650da5e4ac6f4	6			yes					212	213	-1	214	215	216	
212	211	da0686820489f82d	5			yes					-1	-1	-1	-1	-1	
213	211	fe9294b3029a2f82	5			yes					-1	-1	-1	-1	-1	
214	211	5a961508c02e8e36	5			yes					-1	-1	-1	-1	-1	
215	211	c71b98002318f191	5			yes					-1	-1	-1	-1	-1	
216	211	0f088242d2110a8f	5			yes					-1	-1	-1	-1	-1	
217	210	412200185230500e	4			yes					-1	-1	-1	-1	
218	210	e84e6565928a1fd8	4			yes					-1	-1	219	-1	
219	218	4749d4835f69818f	6			yes					-1	-1	-1	-1	-1	-1	
220	164	a19be30619515364	5			yes					-1	-1	-1	221	222	
221	220	ba4e12f19715052c	4			yes					-1	-1	-1	-1	
222	220	1322778c57af4afa	4			yes					-1	-1	-1	-1	
223	164	7bdfa1bfff16bd77	5			yes					-1	-1	-1	-1	224	
224	223	c9663535b1e8a4e9	4			yes					-1	-1	-1	-1	
225	164	d2b3c4c23facf2a1	5			yes					-1	-1	-1	-1	-1	
