Number of nodes
959
ID	PID	Hash_Value			File_Number	Fully_Enumerated	Children
0	-1	819ea5d81ea88e80	6			yes					1	279	704	-1	-1	-1	
1	0	667dbe6d82304204	4			yes					2	67	126	-1	
2	1	f76fb4a149e171a7	5			yes					3	11	27	40	-1	
3	2	53109b6ac4e335d8	4			yes					4	5	7	-1	
4	3	f114c6d0e1130494	4			yes					-1	-1	-1	-1	
5	3	ebb91e340fe9a014	4			yes					-1	-1	-1	6	
6	5	809670d12104e9e7	3			yes					-1	-1	-1	
7	3	874895b025cb57b4	5			yes					-1	-1	8	9	10	
8	7	03add758e7d6d786	5			yes					-1	-1	-1	-1	-1	
9	7	1055e2b1f19fe382	4			yes					-1	-1	-1	-1	
10	7	0004c0424c59bbcb	4			yes					-1	-1	-1	-1	
11	2	121a139dcc28b886	4			yes					-1	12	16	-1	
12	11	dbf1ba017a3eaa6f	5			yes					13	14	-1	-1	15	
13	12	daff0bf6bfa990c8	4			yes					-1	-1	-1	-1	
14	12	fd3f916def639ae0	4			yes					-1	-1	-1	-1	
15	12	b0ded4e454d3e39c	4			yes					-1	-1	-1	-1	
16	11	b7003185501c5dcf	6			yes					17	19	-1	21	-1	23	
17	16	46b837af3f8a26f7	5			yes					-1	-1	-1	-1	18	
18	17	6456a84274fea924	4			yes					-1	-1	-1	-1	
19	16	03f61397eac20534	6			yes					-1	-1	-1	-1	-1	20	
20	19	21188c7aa1b68ae7	5			yes					-1	-1	-1	-1	-1	
21	16	c8fed94c534e70bd	5			yes					-1	-1	-1	-1	22	
22	21	ea1046a1183aff6e	4			yes					-1	-1	-1	-1	
23	16	304c6477398eb1b0	5			yes					24	25	-1	26	-1	
24	23	3f1975aa23bcb3f5	5			yes					-1	-1	-1	-1	-1	
25	23	7a575192f6f49036	6			yes					-1	-1	-1	-1	-1	-1	
26	23	b15f9b494f78e5bf	5			yes					-1	-1	-1	-1	-1	
27	2	2206988021e5b693	4			yes					-1	-1	28	-1	
28	27	1c024cafb2b7f4e4	5			yes					29	31	34	-1	36	
29	28	832e78a35bc90cd1	5			yes					-1	-1	-1	-1	30	
30	29	a1c0e74e10bd8302	4			yes					-1	-1	-1	-1	
31	28	f891bf8a8a1d2ab8	6			yes					32	-1	-1	-1	-1	33	
32	31	2413af43d1b4cef8	5			yes					-1	-1	-1	-1	-1	
33	31	da7f2067c169a56b	5			yes					-1	-1	-1	-1	-1	
34	28	60001a8fd9cc5241	5			yes					-1	-1	-1	-1	35	
35	34	42ee856292b8dd92	4			yes					-1	-1	-1	-1	
36	28	9b4e195ddb25189b	4			yes					37	38	39	-1	
37	36	fa8f3aa647ff99d3	5			yes					-1	-1	-1	-1	-1	
38	36	8130fd8f962bbfba	6			yes					-1	-1	-1	-1	-1	-1	
39	36	19a1588ac5fac743	5			yes					-1	-1	-1	-1	-1	
40	2	210a09cfa4883461	6			yes					41	50	57	59	63	65	
41	40	2004b838611f0ec6	5			yes					42	44	45	-1	47	
42	41	490cddd36a47788c	5			yes					-1	-1	-1	-1	43	
43	42	6be2423e2133f75f	4			yes					-1	-1	-1	-1	
44	41	557eab432730c519	4			yes					-1	-1	-1	-1	
45	41	d205baa8d6e4dd00	4			yes					-1	-1	-1	46	
46	45	f0eb25459d9052d3	3			yes					-1	-1	-1	
47	41	a748edca088de2b9	4			yes					48	-1	49	-1	
48	47	30ad9fd67671ed8e	5			yes					-1	-1	-1	-1	-1	
49	47	aba4f8adcad24802	4			yes					-1	-1	-1	-1	
50	40	07c422a331d504ee	5			yes					-1	51	52	54	55	
51	50	4196fd7d427c4be7	5			yes					-1	-1	-1	-1	-1	
52	50	55bc70a9d3ea83a0	5			yes					-1	-1	-1	-1	53	
53	52	7752ef44989e0c73	4			yes					-1	-1	-1	-1	
54	50	aa66f969808a7551	5			yes					-1	-1	-1	-1	-1	
55	50	808877515847e891	4			yes					-1	-1	56	-1	
56	55	2c1d32accfdc16a2	5			yes					-1	-1	-1	-1	-1	
57	40	b1f1b8ac89594da5	5			yes					-1	-1	-1	-1	58	
58	57	931f2741c22dc276	4			yes					-1	-1	-1	-1	
59	40	08f166510fbdeb20	5			yes					-1	-1	60	-1	61	
60	59	22d8675d86528cf2	5			yes					-1	-1	-1	-1	-1	
61	59	4f2beb4264bbc0be	5			yes					-1	-1	-1	-1	62	
62	61	146436aa33f9da6f	4			yes					-1	-1	-1	-1	
63	40	b6177ece70dc8057	5			yes					-1	-1	-1	-1	64	
64	63	315b2b3c194e6c28	4			yes					-1	-1	-1	-1	
65	40	a6465c3dcd1ad81e	5			yes					-1	-1	66	-1	-1	
66	65	c850faa9956fd8a7	5			yes					-1	-1	-1	-1	-1	
67	1	dbd36f087668e263	5			yes					68	89	101	112	122	
68	67	0df0f5c5ceaaeb13	4			yes					69	74	76	81	
69	68	668517bf4e9b1a49	5			yes					70	71	72	-1	73	
70	69	7599b43820078e43	4			yes					-1	-1	-1	-1	
71	69	8a843d9a1360589d	4			yes					-1	-1	-1	-1	
72	69	b25bec5c20e7b982	4			yes					-1	-1	-1	-1	
73	69	75c4aa7a63061e33	4			yes					-1	-1	-1	-1	
74	68	95b4dbee7e3e2c30	4			yes					-1	-1	-1	75	
75	74	86f5662b53a3284a	3			yes					-1	-1	-1	
76	68	507828c441113176	5			yes					-1	77	78	79	80	
77	76	b8a41e3793ebbbc4	4			yes					-1	-1	-1	-1	
78	76	84a6d3272f6d92bd	4			yes					-1	-1	-1	-1	
79	76	5d29e3b03949ff10	4			yes					-1	-1	-1	-1	
80	76	316c7f7d8942a511	4			yes					-1	-1	-1	-1	
81	68	5de9f13ba7979712	5			yes					82	83	86	-1	88	
82	81	5dd68822ea0bd51c	4			yes					-1	-1	-1	-1	
83	81	b535c7c8756d1da0	4			yes					-1	84	-1	85	
84	83	61eb3c2b1b11be6b	3			yes					-1	-1	-1	
85	83	8ae65ac11dfd8ae3	3			yes					-1	-1	-1	
86	81	89370ad8c9eb34d9	4			yes					-1	-1	-1	87	
87	86	b6e497d1a17ba39a	3			yes					-1	-1	-1	
88	81	623a6c32cf070051	4			yes					-1	-1	-1	-1	
89	67	c2d449f4ed1d2cd7	4			yes					-1	90	92	95	
90	89	1d58f17bbe00d9af	5			yes					91	-1	-1	-1	-1	
91	90	27c1131417414129	4			yes					-1	-1	-1	-1	
92	89	18acc509903c9c88	5			yes					-1	-1	93	-1	94	
93	92	cc723eeafe403f43	4			yes					-1	-1	-1	-1	
94	92	79b892b0586f08ef	4			yes					-1	-1	-1	-1	
95	89	153d1cf676ba3aec	5			yes					96	97	98	-1	100	
96	95	2fa4fe99dffba26a	4			yes					-1	-1	-1	-1	
97	95	8f935cbe91b0c728	4			yes					-1	-1	-1	-1	
98	95	c1e3e71518c69927	4			yes					-1	-1	-1	99	
99	98	fe307a1c70560e64	3			yes					-1	-1	-1	
100	95	2aee81ff1e2aadaf	4			yes					-1	-1	-1	-1	
101	67	cf64584a83f90f0e	4			yes					-1	-1	102	103	
102	101	c41850ef0eb50742	4			yes					-1	-1	-1	-1	
103	101	481b2ea1d8ba9ea2	5			yes					104	106	108	110	111	
104	103	7282ccce71fb0624	4			yes					-1	-1	-1	105	
105	104	4d5151c7196b9167	3			yes					-1	-1	-1	
106	103	83806054dfee6581	4			yes					-1	-1	-1	107	
107	106	bc53fd5db77ef2c2	3			yes					-1	-1	-1	
108	103	90d6e9a8f8989fc0	4			yes					-1	-1	-1	-1	
109	108	af0574a190080883	3			no					-1	-2	-1	
110	103	161cf69ae6a7f584	4			yes					-1	-1	-1	-1	
111	103	77c8b3a8b02a09e1	4			yes					-1	-1	-1	-1	
112	67	a145fd47a29810dd	6			yes					113	114	115	118	120	121	
113	112	9bdc1f280bd9885b	5			yes					-1	-1	-1	-1	-1	
114	112	6adeb3b2a5ccebfe	5			yes					-1	-1	-1	-1	-1	
115	112	4999cbb470629a6f	5			yes					-1	-1	116	-1	117	
116	115	9d4730571e1e39a4	4			yes					-1	-1	-1	-1	
117	115	288d9c0db8310e08	4			yes					-1	-1	-1	-1	
118	112	759b06a4cce4b316	5			yes					-1	-1	-1	-1	119	
119	118	148f511d04b72771	4			yes					-1	-1	-1	-1	
120	112	ac143633dac0debb	5			yes					-1	-1	-1	-1	-1	
121	112	c051aafe6acb84ba	5			yes					-1	-1	-1	-1	-1	
122	67	c01921bbec88ff7e	4			yes					-1	-1	-1	123	
123	122	3b2fe82df828c339	6			yes					-1	-1	124	125	-1	-1	
124	123	d3f3dede2ad2498b	5			yes					-1	-1	-1	-1	-1	
125	123	eff113ce965460f2	5			yes					-1	-1	-1	-1	-1	
126	1	9e223a547d81819b	6			yes					127	149	171	193	211	229	
127	126	e3da2377572b4526	5			yes					128	133	141	146	148	
128	127	e3e55a6e1ab70728	4			yes					129	130	-1	131	
129	128	aabca98991ad3c0e	4			yes					-1	-1	-1	-1	
130	128	a4ab2064a79a1e42	4			yes					-1	-1	-1	-1	
131	128	5ceb4bdbe4de940f	5			yes					-1	-1	-1	-1	132	
132	131	11a42c28f4316d44	4			yes					-1	-1	-1	-1	
133	127	e902dbc69032bc2d	4			yes					-1	134	136	137	
134	133	87f72a8e48952c67	5			yes					135	-1	-1	-1	-1	
135	134	22e213c43095eb17	4			yes					-1	-1	-1	-1	
136	133	41d547f21f7fda43	4			yes					-1	-1	-1	-1	
137	133	967c26e6a3b2f23c	3			yes					138	139	140	
138	137	d944d3701bd1838a	4			yes					-1	-1	-1	-1	
139	137	69e4f4d707635473	5			yes					-1	-1	-1	-1	-1	
140	137	203598c219ebc063	4			yes					-1	-1	-1	-1	
141	127	ca214ce9fc1e9a67	4			yes					-1	-1	142	143	
142	141	07b0804b85a2214b	5			yes					-1	-1	-1	-1	-1	
143	141	b55fb1c9cf9ed476	3			yes					144	-1	145	
144	143	5f06767adeed0aa6	4			yes					-1	-1	-1	-1	
145	143	161cfc9d44be4972	5			yes					-1	-1	-1	-1	-1	
146	127	5c62131612302a55	4			yes					-1	-1	-1	147	
147	146	231cee3621b06444	3			yes					-1	-1	-1	
148	127	9ca4de5764ab0b37	4			yes					-1	-1	-1	-1	
149	126	22c61fe111c7ebd8	5			yes					150	159	163	168	170	
150	149	185ffd8eb886735e	4			yes					151	153	154	155	
151	150	63a5cb8cc8914209	5			yes					-1	-1	-1	-1	152	
152	151	f337d6dceaa3d65e	4			yes					-1	-1	-1	-1	
153	150	3fd33e8023687993	4			yes					-1	-1	-1	-1	
154	150	1655514df9c56a79	4			yes					-1	-1	-1	-1	
155	150	672100ae8b063d4f	3			yes					156	157	158	
156	155	be78b12ffa4c2f15	5			yes					-1	-1	-1	-1	-1	
157	155	c47e689e5a1f6d77	4			yes					-1	-1	-1	-1	
158	155	1151bcc60795b2c4	4			yes					-1	-1	-1	-1	
159	149	d3a440b074ef66a5	4			yes					-1	160	-1	161	
160	159	122bd83adc7abf71	4			yes					-1	-1	-1	-1	
161	159	4f5018134e01c5d4	5			yes					-1	-1	-1	-1	162	
162	161	021f7fe05eee3c9f	4			yes					-1	-1	-1	-1	
163	149	0b3d707fbaf23499	4			yes					-1	-1	164	165	
164	163	ca5c641f779e6f19	5			yes					-1	-1	-1	-1	-1	
165	163	74438d5f89727a88	3			yes					-1	166	167	
166	165	283bb7523132ef0d	4			yes					-1	-1	-1	-1	
167	165	dbf018c9b6820720	5			yes					-1	-1	-1	-1	-1	
168	149	9d7e2f8054dc84ab	4			yes					-1	-1	-1	169	
169	168	e200d2a0675ccaba	3			yes					-1	-1	-1	
170	149	5db8e2c12247a5c9	4			yes					-1	-1	-1	-1	
171	126	146408d548e95027	5			yes					172	181	188	190	192	
172	171	2efdeabae1a8c8a1	4			yes					173	175	176	177	
173	172	9868077997eb3b27	5			yes					-1	-1	-1	-1	174	
174	173	08fa1a29b5d9af70	4			yes					-1	-1	-1	-1	
175	172	52899427196b4acd	4			yes					-1	-1	-1	-1	
176	172	8ad2ca85f02c78b3	4			yes					-1	-1	-1	-1	
177	172	5183179ad22886b0	3			yes					178	179	180	
178	177	45b57ddaa536563b	5			yes					-1	-1	-1	-1	-1	
179	177	db04775738534137	4			yes					-1	-1	-1	-1	
180	177	8dd6270e0e7ca00e	4			yes					-1	-1	-1	-1	
181	171	dfff46204fbdab04	4			yes					-1	182	184	185	
182	181	a4adfa658c59b43a	5			yes					-1	-1	-1	-1	183	
183	182	343fe735ae6b206d	4			yes					-1	-1	-1	-1	
184	181	64849b57a4bd4602	4			yes					-1	-1	-1	-1	
185	181	a081bb007c3de515	3			yes					-1	186	187	
186	185	797080c6be84d926	5			yes					-1	-1	-1	-1	-1	
187	185	638076dc5aed9ebf	4			yes					-1	-1	-1	-1	
188	171	31c461dbd88e42c7	4			yes					-1	-1	-1	189	
189	188	a703a548f2d3d6a6	5			yes					-1	-1	-1	-1	-1	
190	171	abdc38b40df23f54	4			yes					-1	-1	-1	191	
191	190	d4a2c5943e727145	3			yes					-1	-1	-1	
192	171	6b1af5f57b691e36	4			yes					-1	-1	-1	-1	
193	126	df5d7355ef766913	5			yes					194	202	206	208	209	
194	193	e5c4913a4637f195	4			yes					195	198	-1	199	
195	194	63eacde525ca3867	5			yes					-1	-1	196	-1	197	
196	195	7651f68fd7b08ae8	4			yes					-1	-1	-1	-1	
197	195	f378d0b507f8ac30	4			yes					-1	-1	-1	-1	
198	194	7505ea34174384c1	4			yes					-1	-1	-1	-1	
199	194	9aba6c1a75b7bf84	3			yes					200	201	-1	
200	199	be37b7461717557b	5			yes					-1	-1	-1	-1	-1	
201	199	73859d3391285eb9	4			yes					-1	-1	-1	-1	
202	193	14c63da0e8229230	4			yes					-1	203	-1	204	
203	202	9fdd50fa14ac4b5f	5			yes					-1	-1	-1	-1	-1	
204	202	6bb8c080dba2dc21	3			yes					-1	205	-1	
205	204	995d27fd92c79127	5			yes					-1	-1	-1	-1	-1	
206	193	d5858be4286f9018	4			yes					-1	-1	-1	207	
207	206	aafb76c41befde09	3			yes					-1	-1	-1	
208	193	ad7f39a609c814bd	5			yes					-1	-1	-1	-1	-1	
209	193	a0238e75dcf62702	4			yes					-1	-1	-1	210	
210	209	8323a331710b798a	5			yes					-1	-1	-1	-1	-1	
211	126	34620d0a1917943e	5			yes					212	219	224	227	228	
212	211	0efbef65b0560cb8	4			yes					213	215	217	-1	
213	212	739a717612c1d982	5			yes					-1	-1	-1	-1	214	
214	213	aaccd7abe55de5e0	4			yes					-1	-1	-1	-1	
215	212	3b3fbe6437380db8	4			yes					-1	-1	-1	216	
216	215	e26918b9c0a431da	3			yes					-1	-1	-1	
217	212	f83e3145608e56ea	5			yes					-1	-1	-1	-1	218	
218	217	2168979897126a88	4			yes					-1	-1	-1	-1	
219	211	fff943ff1e436f1d	4			yes					-1	220	222	-1	
220	219	3d6d9df3748652bf	5			yes					-1	-1	-1	-1	221	
221	220	e43b3b2e831a6edd	4			yes					-1	-1	-1	-1	
222	219	53a329bc90839e4a	5			yes					-1	-1	-1	-1	223	
223	222	8af58f61671fa228	4			yes					-1	-1	-1	-1	
224	211	3ebaf5bbde0e6d35	4			yes					-1	-1	225	-1	
225	224	df66eb4ad65a6d2f	6			yes					-1	-1	-1	-1	-1	226	
226	225	06304d9721c6514d	5			yes					-1	-1	-1	-1	-1	
227	211	1d996294b2224b7f	4			yes					-1	-1	-1	-1	
228	211	d2213bb5c23945ef	4			yes					-1	-1	-1	-1	
229	126	c0265271d58fe9ec	5			yes					230	240	250	260	268	
230	229	86fd8693385c00e7	5			yes					231	234	237	239	-1	
231	230	86c2ff8a75c042e9	4			yes					232	233	-1	-1	
232	231	4c67c1d7088bcd94	4			yes					-1	-1	-1	-1	
233	231	1ce67ccedac1d757	4			yes					-1	-1	-1	-1	
234	230	8c257e22ff45f9ec	4			yes					-1	235	236	-1	
235	234	a83397eec42dc7c2	5			yes					-1	-1	-1	-1	-1	
236	234	e376c61db68787dd	4			yes					-1	-1	-1	-1	
237	230	af06e90d9369dfa6	4			yes					-1	-1	238	-1	
238	237	90932a3636233593	5			yes					-1	-1	-1	-1	-1	
239	230	3945b6f27d476f94	4			yes					-1	-1	-1	-1	
240	229	47e1ba057eb0ae19	5			yes					241	245	247	249	-1	
241	240	7d78586ad7f1369f	4			yes					242	243	244	-1	
242	241	e545085592eb1242	5			yes					-1	-1	-1	-1	-1	
243	241	879e622a5e33b086	4			yes					-1	-1	-1	-1	
244	241	22887d3aabbd369e	4			yes					-1	-1	-1	-1	
245	240	b683e5541b982364	4			yes					-1	246	-1	-1	
246	245	4e55c5ff3e13fca8	4			yes					-1	-1	-1	-1	
247	240	6e1ad59bd5857158	4			yes					-1	-1	248	-1	
248	247	5d7fce62c41f7bc1	5			yes					-1	-1	-1	-1	-1	
249	240	f8598a643babc16a	4			yes					-1	-1	-1	-1	
250	229	7143ad31279e15e6	5			yes					251	255	258	259	-1	
251	250	4bda4f5e8edf8d60	4			yes					252	253	254	-1	
252	251	1e88c4a0cd916b6c	5			yes					-1	-1	-1	-1	-1	
253	251	40ce0a1889f5026e	4			yes					-1	-1	-1	-1	
254	251	be0fe6f2a2542454	4			yes					-1	-1	-1	-1	
255	250	bad8e3c420caeec5	4			yes					-1	256	257	-1	
256	255	224d39bcd623e471	5			yes					-1	-1	-1	-1	-1	
257	255	5059b720f6c51ae5	4			yes					-1	-1	-1	-1	
258	250	54e3c43fb7f90706	4			yes					-1	-1	-1	-1	
259	250	cefb9d5062857a95	4			yes					-1	-1	-1	-1	
260	229	ba7ad6b180012cd2	5			yes					261	264	266	267	-1	
261	260	80e334de2940b454	4			yes					262	263	-1	-1	
262	261	e50a0e3c7fb0682c	5			yes					-1	-1	-1	-1	-1	
263	261	ec2bbc673de08294	4			yes					-1	-1	-1	-1	
264	260	71e198448755d7f1	4			yes					-1	265	-1	-1	
265	264	06f306a93e0f4d0a	5			yes					-1	-1	-1	-1	-1	
266	260	b0a22e004718d5d9	4			yes					-1	-1	-1	-1	
267	260	490a585b4a7c1e3d	5			yes					-1	-1	-1	-1	-1	
268	229	f06f3e74792ead3b	5			yes					269	273	276	278	-1	
269	268	caf6dc1bd06f35bd	4			yes					270	271	272	-1	
270	269	de788f887ad4d8a6	5			yes					-1	-1	-1	-1	-1	
271	269	96dd409a5f2d0c9c	4			yes					-1	-1	-1	-1	
272	269	55dccfbb089b57ce	5			yes					-1	-1	-1	-1	-1	
273	268	3bf470817e7a5618	4			yes					-1	274	275	-1	
274	273	908f630d1c93539b	5			yes					-1	-1	-1	-1	-1	
275	273	fe41d742f8969f6e	5			yes					-1	-1	-1	-1	-1	
276	268	fab7c6c5be375430	4			yes					-1	-1	277	-1	
277	276	728415b4be4f6c0b	6			yes					-1	-1	-1	-1	-1	-1	
278	268	d99451ead21b727a	4			yes					-1	-1	-1	-1	
279	0	e5d8a886a2b36616	4			yes					280	391	476	523	
280	279	f0c6e50df44250a9	5			yes					281	290	331	363	384	
281	280	c95800d1f3bffcc9	5			yes					282	283	285	287	289	
282	281	c5a5e968a03a0f16	4			yes					-1	-1	-1	-1	
283	281	5e73bee12ab2716b	4			yes					-1	-1	-1	284	
284	283	cf3045e31ac7444f	5			yes					-1	-1	-1	-1	-1	
285	281	e0a36f4f588a2388	4			yes					-1	-1	-1	286	
286	285	76f930f3abfc9431	4			yes					-1	-1	-1	-1	
287	281	d321736580d10655	4			yes					-1	-1	-1	288	
288	287	893d048231372479	4			yes					-1	-1	-1	-1	
289	281	a8544ba352d35ba0	4			yes					-1	-1	-1	-1	
290	280	75e17c80fdd14a66	4			yes					291	295	307	311	
291	290	cce6905cf1267399	4			yes					292	-1	-1	293	
292	291	c01b79e5a2a38046	3			yes					-1	-1	-1	
293	291	adeadb2e504ad4f0	3			yes					-1	-1	294	
294	293	47b5b239844f5b17	4			yes					-1	-1	-1	-1	
295	290	424ecc50f36de616	5			yes					296	299	302	304	306	
296	295	c7cdf1c2da753be7	4			yes					-1	-1	-1	297	
297	296	3775537228bc7901	5			yes					-1	-1	-1	-1	298	
298	297	c8e90f54e142d545	4			yes					-1	-1	-1	-1	
299	295	4c738a3fd6f13547	4			yes					-1	-1	-1	300	
300	299	f465a845d4b0a2d9	5			yes					-1	-1	-1	-1	301	
301	300	0bf9f4631d4e0e9d	4			yes					-1	-1	-1	-1	
302	295	0f5d9eea200f6f4d	4			yes					-1	-1	-1	-1	
303	302	d4f66a018cf251bf	5			yes					-1	-1	-1	-1	-1	
304	295	a7a162357e8a2092	4			yes					-1	-1	-1	305	
305	304	fe2ac54857a53d6b	5			yes					-1	-1	-1	-1	-1	
306	295	234287225201417f	4			yes					-1	-1	-1	-1	
307	290	8f24d31635d58a0d	4			yes					308	309	-1	310	
308	307	0aa7ee841ccd57fc	3			yes					-1	-1	-1	
309	307	811995791049595c	3			yes					-1	-1	-1	
310	307	ae1e12f39ce31c40	3			yes					-1	-1	-1	
311	290	49a959c9ce415dcc	5			yes					312	320	326	327	329	
312	311	cc2a645be759803d	4			yes					313	-1	315	316	
313	312	6038cc88511bc75f	5			yes					-1	-1	-1	-1	314	
314	313	66a86d4a99495a22	4			yes					-1	-1	-1	-1	
315	312	bf30e2daf383938a	4			yes					-1	-1	-1	-1	
316	312	31e45cd5c6953b2d	3			yes					317	-1	318	
317	316	9934316c50b7f666	5			yes					-1	-1	-1	-1	-1	
318	316	47d7bb41a28dd21b	5			yes					-1	-1	-1	-1	319	
319	318	2d3cc1f6f68d672d	4			yes					-1	-1	-1	-1	
320	311	47941fa6ebdd8e9d	4			yes					-1	321	322	323	
321	320	a43d9e730e141624	4			yes					-1	-1	-1	-1	
322	320	a78f6ec0b4acda06	4			yes					-1	-1	-1	-1	
323	320	ba5a2728ca11358d	3			yes					-1	-1	324	
324	323	5f68375be5a29b97	5			yes					-1	-1	-1	-1	325	
325	324	35834decb1a22ea1	4			yes					-1	-1	-1	-1	
326	311	312f46cfd6803ea8	5			yes					-1	-1	-1	-1	-1	
327	311	53d02a7dbd2fa750	4			yes					-1	-1	328	-1	
328	327	c357622675d122ac	4			yes					-1	-1	-1	-1	
329	311	b4676147ef8de6dc	4			yes					-1	-1	330	-1	
330	329	c823bb2bd72c0f91	5			yes					-1	-1	-1	-1	-1	
331	280	25afc92c9c46979d	4			yes					332	-1	336	342	
332	331	aa4e68f70802cd94	4			yes					333	-1	-1	334	
333	332	a6b3814e5b873e4b	3			yes					-1	-1	-1	
334	332	cb422385a96e6afd	3			yes					-1	335	-1	
335	334	d495f7d1882cc2a7	5			yes					-1	-1	-1	-1	-1	
336	331	86900392295399e9	5			yes					337	338	339	340	341	
337	336	03133e00004b4418	4			yes					-1	-1	-1	-1	
338	336	88ad45fd0ccf4ab8	4			yes					-1	-1	-1	-1	
339	336	8c48fb23ee4a60e2	4			yes					-1	-1	-1	-1	
340	336	c1a89a72879136f2	4			yes					-1	-1	-1	-1	
341	336	c65e1aac655f58b0	4			yes					-1	-1	-1	-1	
342	331	2c3ccfcec9b7583b	5			yes					343	351	357	360	361	
343	342	a9bff25ce0af85ca	4			yes					344	346	-1	348	
344	343	9bba0614e33ac41f	5			yes					-1	-1	-1	-1	345	
345	344	9d2aa7d62b685962	4			yes					-1	-1	-1	-1	
346	343	b1958cbe410bfc74	4			yes					-1	-1	-1	347	
347	346	b7052d7c89596109	3			yes					-1	-1	-1	
348	343	5471cad2c1633eda	3			yes					349	350	-1	
349	348	62b6fbf0e296f526	5			yes					-1	-1	-1	-1	-1	
350	348	4899715a40a7cd4d	4			yes					-1	-1	-1	-1	
351	342	220189a1ec2b8b6a	4			yes					-1	352	354	355	
352	351	6bb62ed1fba43f1c	5			yes					-1	-1	-1	-1	353	
353	352	6d268f1333f6a261	4			yes					-1	-1	-1	-1	
354	351	18cd90a77d3474bf	4			yes					-1	-1	-1	-1	
355	351	dfcfb12fcde7307a	3			yes					-1	356	-1	
356	355	92bad335fa080e25	5			yes					-1	-1	-1	-1	-1	
357	342	26e4377f0eaea130	4			yes					-1	-1	358	359	
358	357	94b35c5cf7e24c15	4			yes					-1	-1	-1	-1	
359	357	db2a0ff12f621a20	3			yes					-1	-1	-1	
360	342	287451d4825682e1	5			yes					-1	-1	-1	-1	-1	
361	342	d1f2f740e87be32b	4			yes					-1	-1	-1	362	
362	361	0d195f1210cedb2f	5			yes					-1	-1	-1	-1	-1	
363	280	592acd75248a6086	4			yes					364	-1	-1	366	
364	363	9317f9f2888b3771	4			yes					365	-1	-1	-1	
365	364	9fea104bdb0ec4ae	3			yes					-1	-1	-1	
366	363	8ad3e913dbbfc03e	5			yes					367	373	378	381	383	
367	366	0f50d481f2a71dcf	4			yes					368	370	372	-1	
368	367	f2bf65034da14fdb	5			yes					-1	-1	-1	-1	369	
369	368	f42fc4c185f3d2a6	4			yes					-1	-1	-1	-1	
370	367	79c31c7543130054	4			yes					-1	-1	-1	371	
371	370	7f53bdb78b419d29	3			yes					-1	-1	-1	
372	367	07ab4168a70d6722	4			yes					-1	-1	-1	-1	
373	366	84eeaf7cfe23136f	4			yes					-1	374	376	377	
374	373	8cb3912792a6c810	5			yes					-1	-1	-1	-1	375	
375	374	8a2330e55af4556d	4			yes					-1	-1	-1	-1	
376	373	9591f218b8d8262a	4			yes					-1	-1	-1	-1	
377	373	073b6790aa20acf0	4			yes					-1	-1	-1	-1	
378	366	800b11a21ca63935	4			yes					-1	-1	379	380	
379	378	aec96744701cfe42	5			yes					-1	-1	-1	-1	-1	
380	378	45ea24d6006a8a4b	4			yes					-1	-1	-1	-1	
381	366	a328868d708a1f7f	4			yes					-1	-1	-1	382	
382	381	73c340895d3f035a	5			yes					-1	-1	-1	-1	-1	
383	366	a89decd260a828ea	4			yes					-1	-1	-1	-1	
384	280	1499412ede0728dc	4			yes					385	-1	-1	-1	
385	384	559a732d731fe0b0	5			yes					386	387	389	390	-1	
386	385	59679a94209a136f	4			yes					-1	-1	-1	-1	
387	385	363cb8071b6b7576	5			yes					-1	-1	-1	-1	388	
388	387	30ac19c5d339e80b	4			yes					-1	-1	-1	-1	
389	385	651a9ca8d27381e1	4			yes					-1	-1	-1	-1	
390	385	bbdbc156ccc817fd	4			yes					-1	-1	-1	-1	
391	279	9a7ed734fd4b2d2b	5			yes					392	405	425	449	464	
392	391	e4a24d08da98e9fc	5			yes					393	395	399	401	404	
393	392	3068e991604b93d4	4			yes					394	-1	-1	-1	
394	393	395f8378aceb4d3d	3			yes					-1	-1	-1	
395	392	ed9527e116383715	4			yes					-1	-1	396	398	
396	395	f7ec54556556cd89	3			yes					-1	-1	397	
397	396	ccb92e502b48b570	5			yes					-1	-1	-1	-1	-1	
398	395	8c996c93b754907c	3			yes					-1	-1	-1	
399	392	a688f6b6a471f934	4			yes					-1	-1	-1	400	
400	399	f58cc47b12651164	6			yes					-1	-1	-1	-1	-1	-1	
401	392	fedb3ebca9f61360	4			yes					-1	-1	-1	402	
402	401	8cb54e5b1344e199	6			yes					-1	-1	-1	403	-1	-1	
403	402	bbf88c35793f72b2	5			yes					-1	-1	-1	-1	-1	
404	392	85ae067a7bf44e95	4			yes					-1	-1	-1	-1	
405	391	5d0ae569a483f7a3	4			yes					406	412	414	417	
406	405	086278188575eebe	5			yes					407	408	409	410	411	
407	406	a20a6fdedd1fa1ca	4			yes					-1	-1	-1	-1	
408	406	f8e6409e215dcdc0	4			yes					-1	-1	-1	-1	
409	406	219917862e4031ff	4			yes					-1	-1	-1	-1	
410	406	121b0bacf61b1422	4			yes					-1	-1	-1	-1	
411	406	696e336a241949d7	4			yes					-1	-1	-1	-1	
412	405	7b8070c58296b80a	4			yes					-1	-1	-1	413	
413	412	1a8c3bb723fa1f63	3			yes					-1	-1	-1	
414	405	b33a7684cfd48ed9	4			yes					415	-1	416	-1	
415	414	fec9a32496e3fda1	3			yes					-1	-1	-1	
416	414	9ac1191a64e15198	3			yes					-1	-1	-1	
417	405	75b7fc5b34405918	5			yes					418	419	420	422	424	
418	417	384429fb6d772a60	4			yes					-1	-1	-1	-1	
419	417	83bff104a0a0edb5	4			yes					-1	-1	-1	-1	
420	417	5c4c93c59f758659	4			yes					-1	-1	-1	421	
421	420	a182ab4bbeb93d49	3			yes					-1	-1	-1	
422	417	6fce8fef472ea384	4			yes					-1	-1	-1	423	
423	422	9200b76166e21894	3			yes					-1	-1	-1	
424	417	8879c4d5158ce208	4			yes					-1	-1	-1	-1	
425	391	3ff9597ba28631ec	4			yes					426	-1	431	435	
426	425	639e752052ef7c0e	5			yes					-1	427	429	-1	430	
427	426	6aa91fc99e4fa2e7	4			yes					-1	-1	-1	428	
428	427	e10911a2ea25377b	6			yes					-1	-1	-1	-1	-1	-1	
429	426	093ddcf249bf5a8b	4			yes					-1	-1	-1	-1	
430	426	02923e52f383db67	4			yes					-1	-1	-1	-1	
431	425	f6617032292a5bf4	5			yes					-1	432	433	-1	-1	
432	431	18a410636f2cd177	4			yes					-1	-1	-1	-1	
433	431	ff561adbe58a851d	4			yes					-1	434	-1	-1	
434	433	11937a8aa38c0f9e	3			yes					-1	-1	-1	
435	425	88a017b477ade3a4	6			yes					436	437	441	443	447	448	
436	435	ad068a44a7721f45	5			yes					-1	-1	-1	-1	-1	
437	435	666577e531ab6927	5			yes					-1	439	-1	-1	440	
438	437	2c87b0a35e32bd94	5			no					-1	-2	-2	-2	-2	
439	437	6f521d0cfd0bb7ce	4			yes					-1	-1	-1	-1	
440	437	9bab4f6b1067d237	4			yes					-1	-1	-1	-1	
441	435	81977d5dbb0d3d4d	5			yes					-1	-1	-1	-1	442	
442	441	7c5945d39ac1865d	4			yes					-1	-1	-1	-1	
443	435	e203be666cfdc521	5			yes					-1	444	445	-1	446	
444	443	0cc6de372afb4fa2	4			yes					-1	-1	-1	-1	
445	443	eb34d48fa05d1bc8	4			yes					-1	-1	-1	-1	
446	443	1fcd86e84d317e31	4			yes					-1	-1	-1	-1	
447	435	3d6c4e44e90dba87	5			yes					-1	-1	-1	-1	-1	
448	435	756e2f3a566158b4	5			yes					-1	-1	-1	-1	-1	
449	391	3392ff4c2d831d04	4			yes					450	-1	-1	453	
450	449	beedb42ba1ac2244	4			yes					451	452	-1	-1	
451	450	6a2710b21b7f586c	3			yes					-1	-1	-1	
452	450	b7dadec26d0cfcad	3			yes					-1	-1	-1	
453	449	ca656167166fdf0e	5			yes					454	457	460	462	463	
454	453	8796b4c74f58ac76	4			yes					455	456	-1	-1	
455	454	621d87e061eefb93	6			yes					-1	-1	-1	-1	-1	-1	
456	454	a390dd0ca0a20dab	5			yes					-1	-1	-1	-1	-1	
457	453	24a001365069558d	4			yes					-1	458	-1	459	
458	457	2d976bdf9cc98b64	3			yes					-1	-1	-1	
459	457	06ee04f7eb7ebd59	3			yes					-1	-1	-1	
460	453	c3520b8edacf01e7	4			yes					-1	-1	-1	461	
461	460	e11c0e4f61d8e933	3			yes					-1	-1	-1	
462	453	884fdad96886cfc6	4			yes					-1	-1	-1	-1	
463	453	e82b64a6ad7837da	4			yes					-1	-1	-1	-1	
464	391	7e217317d70e555e	4			yes					465	-1	-1	-1	
465	464	78603ef45a38f585	5			yes					466	467	470	472	-1	
466	465	acaa9a6de0eb8fad	4			yes					-1	-1	-1	-1	
467	465	7157541d96982b6c	4			yes					-1	468	469	-1	
468	467	89456ec42ea291df	5			yes					-1	-1	-1	-1	-1	
469	467	fe5feb84d6b786f4	5			yes					-1	-1	-1	-1	-1	
470	465	0c80399f13c9205d	6			yes					-1	-1	-1	-1	-1	471	
471	470	0a10985ddb9bbd20	5			yes					-1	-1	-1	-1	-1	
472	465	62194d4029560f19	4			yes					-1	-1	473	474	
473	472	02fa210704eb4a5f	5			yes					-1	-1	-1	-1	-1	
474	472	46b4d214bfb5938c	7			yes					-1	-1	-1	-1	-1	-1	475	
475	474	2c5fa8a3ebb526ba	6			yes					-1	-1	-1	-1	-1	-1	
476	279	3b262eb5555514ab	5			yes					477	486	504	514	518	
477	476	3d26de858d5bd903	5			yes					478	479	482	484	485	
478	477	94ec6377f05f71eb	4			yes					-1	-1	-1	-1	
479	477	37fe26344a422008	4			yes					-1	480	481	-1	
480	479	0a863db7c95e8a53	3			yes					-1	-1	-1	
481	479	c6444d291d228f7e	3			yes					-1	-1	-1	
482	477	005ec5060e477358	4			yes					-1	-1	483	-1	
483	482	f1e4ae1b5927dc2e	3			yes					-1	-1	-1	
484	477	cc9cb598da3b7675	4			yes					-1	-1	-1	-1	
485	477	6fd035dd6e6154ce	4			yes					-1	-1	-1	-1	
486	476	c71b524e08842b72	4			yes					487	491	497	500	
487	486	9cf7c58dc21f3e5a	5			yes					488	-1	489	490	-1	
488	487	369fd24b9a75712e	4			yes					-1	-1	-1	-1	
489	487	a18fde0e41039401	4			yes					-1	-1	-1	-1	
490	487	6d4dae90957f912c	4			yes					-1	-1	-1	-1	
491	486	734b2649f4223cce	5			yes					492	493	494	495	496	
492	491	3eb8f3e9ad154fb6	4			yes					-1	-1	-1	-1	
493	491	83cfcca76deb8727	4			yes					-1	-1	-1	-1	
494	491	1e3bbf0b74a4ea2a	4			yes					-1	-1	-1	-1	
495	491	82f14d54a34293b8	4			yes					-1	-1	-1	-1	
496	491	21bdcd111718b103	4			yes					-1	-1	-1	-1	
497	486	1ade560062ceb5f4	4			yes					498	-1	-1	499	
498	497	572d83a03bf9c68c	3			yes					-1	-1	-1	
499	497	4828bd5881f43839	3			yes					-1	-1	-1	
500	486	e6f41f30ebb5ea90	5			yes					-1	-1	501	503	-1	
501	500	db8c04b368a940cb	4			yes					-1	-1	502	-1	
502	501	2a366fae3fc9efbd	3			yes					-1	-1	-1	
503	500	174e742dbcd545e6	4			yes					-1	-1	-1	-1	
504	476	be01b7385cc60e64	4			yes					505	-1	508	512	
505	504	fa23ecc2b97dd4d6	4			yes					-1	-1	506	-1	
506	505	0b9987dfee1d7ba0	3			yes					-1	-1	-1	
507	505	ebeffab31e46ff4a	6			no					-1	-2	-2	-2	-2	-1	
508	504	25854e17900a1418	5			yes					509	510	-1	-1	511	
509	508	68769bb7c93d6760	4			yes					-1	-1	-1	-1	
510	508	9606b5b0cf1c3540	4			yes					-1	-1	-1	-1	
511	508	448905653166b371	4			yes					-1	-1	-1	-1	
512	504	69c8713022b4b26b	5			yes					-1	-1	-1	513	-1	
513	512	98721a2d75d41d1d	4			yes					-1	-1	-1	-1	
514	476	87a86a745331f8bb	4			yes					515	-1	-1	517	
515	514	055d99b2e4cc1a12	4			yes					-1	516	-1	-1	
516	515	0f85610323d5e319	3			yes					-1	-1	-1	
517	514	96b604407f057caf	5			yes					-1	-1	-1	-1	-1	
518	476	70aa46ca53e56a38	4			yes					519	-1	-1	-1	
519	518	f977d0826db74576	5			yes					-1	520	521	522	-1	
520	519	74ef53a69ee59c1a	5			yes					-1	-1	-1	-1	-1	
521	519	c40fcb01eeabef2d	4			yes					-1	-1	-1	-1	
522	519	08cdbb9f3ad7ea00	4			yes					-1	-1	-1	-1	
523	279	d9ff6d40de3f8224	6			yes					524	580	632	669	695	703	
524	523	6cc18a3ddffc211a	5			yes					525	541	550	559	567	
525	524	40120410c057057d	5			yes					526	528	531	535	539	
526	525	ea7a13d6983d4a09	4			yes					-1	-1	-1	527	
527	526	9b2955a77568dc13	3			yes					-1	-1	-1	
528	525	cd45969e22eaca18	5			yes					-1	-1	-1	-1	530	
529	528	d609b22d19732682	4			no					-1	-1	-1	-2	
530	528	ea71856f3e0ce37e	4			yes					-1	-1	-1	-1	
531	525	69e96b8e6b62da3c	4			yes					-1	532	533	534	
532	531	8e9601a4728b1c6a	5			yes					-1	-1	-1	-1	-1	
533	531	a046d3ec6a9b4af4	5			yes					-1	-1	-1	-1	-1	
534	531	f595875da7f53824	5			yes					-1	-1	-1	-1	-1	
535	525	5a6b77a4b339ffe1	4			yes					-1	536	-1	537	
536	535	0df2b9844f825856	4			yes					-1	-1	-1	-1	
537	535	41752a857577e604	6			yes					-1	-1	-1	-1	-1	538	
538	537	2b9e503221775332	5			yes					-1	-1	-1	-1	-1	
539	525	314142612d029367	4			yes					-1	540	-1	-1	
540	539	15edd949f7f24f3a	5			yes					-1	-1	-1	-1	-1	
541	524	e740e1397358d68e	4			yes					542	543	544	547	
542	541	b09906ff3f46a781	5			yes					-1	-1	-1	-1	-1	
543	541	8efd101396a4b35d	5			yes					-1	-1	-1	-1	-1	
544	541	fd39928d00362c12	3			yes					-1	-1	545	
545	544	7b6784fb3722d733	6			yes					-1	-1	-1	-1	-1	546	
546	545	118cfe4c63226205	5			yes					-1	-1	-1	-1	-1	
547	541	9613a7489e0d4094	3			yes					548	549	-1	
548	547	68314928ea5e22a3	5			yes					-1	-1	-1	-1	-1	
549	547	56555fc443bc367f	5			yes					-1	-1	-1	-1	-1	
550	524	82d5773e74aed379	4			yes					551	552	555	556	
551	550	e822998970bf8938	5			yes					-1	-1	-1	-1	-1	
552	550	880d8f8fb3b72a72	3			yes					-1	-1	553	
553	552	0cb13631e93c2fba	5			yes					-1	-1	-1	-1	554	
554	553	f32d6a1720c283fe	4			yes					-1	-1	-1	-1	
555	550	27137ccb7d4d0a17	5			yes					-1	-1	-1	-1	-1	
556	550	f386314f99fb4563	3			yes					557	-1	558	
557	556	308ad65ea5a70c1a	5			yes					-1	-1	-1	-1	-1	
558	556	936fbbfd845ee2c1	5			yes					-1	-1	-1	-1	-1	
559	524	8304e9f0ea72aca2	4			yes					560	561	564	566	
560	559	8127fa9ede2402fc	5			yes					-1	-1	-1	-1	-1	
561	559	89dc11412d6b55a9	3			yes					-1	562	563	
562	561	749c2b6b6dda5d13	5			yes					-1	-1	-1	-1	-1	
563	561	db9cc03994fab3a5	4			yes					-1	-1	-1	-1	
564	559	aaff866e414773e3	3			yes					-1	-1	565	
565	564	edb5a466c9af3ab4	5			yes					-1	-1	-1	-1	-1	
566	559	8ae92add11288ea2	3			yes					-1	-1	-1	
567	524	6d5e61e7438acf2e	5			yes					568	569	575	578	579	
568	567	c494dc153e8e67c6	4			yes					-1	-1	-1	-1	
569	567	6786995684933625	4			yes					-1	570	572	573	
570	569	aac16f84801bacfa	5			yes					-1	-1	-1	-1	571	
571	570	ac51ce4648493187	4			yes					-1	-1	-1	-1	
572	569	acd16b26fc31e050	4			yes					-1	-1	-1	-1	
573	569	9a48a1d8a55f8d35	3			yes					-1	574	-1	
574	573	53cd926081b79dc3	5			yes					-1	-1	-1	-1	-1	
575	567	44a50e79e8bf106f	4			yes					-1	-1	576	577	
576	575	9a73c6bc06d91b3b	5			yes					-1	-1	-1	-1	-1	
577	575	b96b36f7c973ab7f	3			yes					-1	-1	-1	
578	567	7727125330e435b2	4			yes					-1	-1	-1	-1	
579	567	909059696246743e	4			yes					-1	-1	-1	-1	
580	523	25c211bb83eebdfd	5			yes					-1	581	595	602	608	
581	580	b4cbb51b38e16d40	5			yes					582	587	589	590	594	
582	581	f93860bb61d61e38	4			yes					-1	583	584	585	
583	582	25464d58b8a4f601	4			yes					-1	-1	-1	-1	
584	582	b52a880814630024	4			yes					-1	-1	-1	-1	
585	582	ad35e8c5ac131748	5			yes					-1	-1	-1	-1	586	
586	585	52a9b4e365edbb0c	4			yes					-1	-1	-1	-1	
587	581	444f5ff5a128d6a9	4			yes					-1	-1	-1	588	
588	587	351c19844c7d40b3	3			yes					-1	-1	-1	
589	581	d65d0a8b5ec5a417	4			yes					-1	-1	-1	-1	
590	581	aeb2c6af4b8f97dc	4			yes					-1	-1	-1	591	
591	590	dfe180dea6da01c6	3			yes					592	-1	-1	
592	591	6d77d1c592da841a	5			yes					-1	-1	-1	-1	593	
593	592	079cab72c6da312c	4			yes					-1	-1	-1	-1	
594	581	c598f36ad5b4fb5a	4			yes					-1	-1	-1	-1	
595	580	9d56b88cf2ac7c9f	4			yes					596	599	600	601	
596	595	d0a56d2cab9b0fe7	3			yes					-1	-1	597	
597	596	b3f650c40a94b043	5			yes					-1	-1	-1	-1	598	
598	597	4c6a0ce2c36a1c07	4			yes					-1	-1	-1	-1	
599	595	6c34e7dd9784f1e2	3			yes					-1	-1	-1	
600	595	cdc2cc80d14a681f	3			yes					-1	-1	-1	
601	595	ec05fefd1ff9ea85	3			yes					-1	-1	-1	
602	580	9c8726426c700344	4			yes					603	605	606	607	
603	602	d174f3e23547703c	3			yes					-1	604	-1	
604	603	da5cd68a7df3e0a4	4			yes					-1	-1	-1	-1	
605	602	6de5791309588e39	3			yes					-1	-1	-1	
606	602	b57c49dcc745dc05	3			yes					-1	-1	-1	
607	602	956ae56f972a2144	3			yes					-1	-1	-1	
608	580	4c9c7aa9b09c4eea	4			yes					609	619	625	627	
609	608	cc8f7aef0cce2877	5			yes					610	611	612	615	-1	
610	609	66e76d2954a46703	4			yes					-1	-1	-1	-1	
611	609	ece124adf65e7e03	5			yes					-1	-1	-1	-1	-1	
612	609	2acbcd0b2dd57c9c	5			yes					-1	613	-1	-1	-1	
613	612	7b102d66c1bdb129	4			yes					-1	-1	-1	-1	
614	612	3f5df0eb5d1e7e46	4			no					-1	-2	-1	-1	
615	609	b992731e2479a795	5			yes					616	617	-1	-1	-1	
616	615	3d632fda4781d7b5	4			yes					-1	-1	-1	-1	
617	615	e8499373c8116a20	4			yes					-1	-1	-1	-1	
618	615	ac044efe54b2a54f	4			no					-1	-1	-2	-1	
619	608	3856cbe4f478404a	5			yes					620	621	622	623	-1	
620	619	54391521adbf2671	5			yes					-1	-1	-1	-1	-1	
621	619	c8d2210a6db1fba3	4			yes					-1	-1	-1	-1	
622	619	5ac07474925c891d	4			yes					-1	-1	-1	-1	
623	619	222fb8508716bad6	4			yes					624	-1	-1	-1	
624	623	9590885ec3d4c58b	4			yes					-1	-1	-1	-1	
625	608	11cbc6733e355195	4			yes					626	-1	-1	-1	
626	625	4afaad200b38817a	5			yes					-1	-1	-1	-1	-1	
627	608	b724e0ae2c3dc990	4			yes					628	-1	630	-1	
628	627	23ffce37a5a30abe	5			yes					-1	-1	-1	-1	629	
629	628	256f6ff56df197c3	4			yes					-1	-1	-1	-1	
630	627	9edf8f30870816d1	3			yes					631	-1	-1	
631	630	9e7f7e4af4a57a1b	4			yes					-1	-1	-1	-1	
632	523	5cd8f4cdd7ac98eb	5			yes					-1	-1	633	646	652	
633	632	27df94a9b5f18be5	5			yes					634	639	642	644	645	
634	633	6a2c4109ecc6f89d	4			yes					635	-1	636	637	
635	634	28d04662548e2251	5			yes					-1	-1	-1	-1	-1	
636	634	2c3fdc85dfec722c	4			yes					-1	-1	-1	-1	
637	634	3550a2e680c6d1d1	5			yes					-1	-1	-1	-1	638	
638	637	caccfec049387d95	4			yes					-1	-1	-1	-1	
639	633	945c6f0eeae7aabd	4			yes					-1	-1	-1	640	
640	639	e50f297f07b23ca7	3			yes					641	-1	-1	
641	640	f07809b58196a773	5			yes					-1	-1	-1	-1	-1	
642	633	6accc613669302be	4			yes					-1	-1	-1	643	
643	642	1b9f80628bc694a4	3			yes					-1	-1	-1	
644	633	c2303acc38164d61	4			yes					-1	-1	-1	-1	
645	633	568cd2d858a41dff	4			yes					-1	-1	-1	-1	
646	632	d23d84246d1c62c0	4			yes					647	649	650	651	
647	646	9fce5184342b11b8	3			yes					648	-1	-1	
648	647	9a7a525841363bc1	5			yes					-1	-1	-1	-1	-1	
649	646	61be7f83320a4398	3			yes					-1	-1	-1	
650	646	f79ded2afd7b7020	3			yes					-1	-1	-1	
651	646	dbd04709964640c0	3			yes					-1	-1	-1	
652	632	35869fdfe4de6bfc	4			yes					653	-1	658	664	
653	652	6bdd9fc6bfc1fb84	4			yes					654	655	656	-1	
654	653	913db4ccebf2139a	5			yes					-1	-1	-1	-1	-1	
655	653	af59a22042100746	5			yes					-1	-1	-1	-1	-1	
656	653	8380dd60662c96a2	5			yes					-1	-1	-1	-1	-1	
657	656	0da866c065f21084	4			no					-1	-2	-2	-1	
658	652	ab42ea567968a6ef	5			yes					659	660	662	663	-1	
659	658	cc5c5f02816ae0e8	5			yes					-1	-1	-1	-1	-1	
660	658	18c111f1267e87b7	4			yes					661	-1	-1	-1	
661	660	0974f451803a964a	5			yes					-1	-1	-1	-1	-1	
662	658	e651b8ecaa0a2fb4	4			yes					-1	-1	-1	-1	
663	658	4ead4433f48f606b	4			yes					-1	-1	-1	-1	
664	652	f99e42c82d51a814	4			yes					665	667	-1	-1	
665	664	a5593c152ff16b2c	5			yes					-1	-1	-1	-1	666	
666	665	a3c99dd7e7a3f651	4			yes					-1	-1	-1	-1	
667	664	4a1db96f7247894c	3			yes					668	-1	-1	
668	667	bbdee06b95828fda	5			yes					-1	-1	-1	-1	-1	
669	523	0c964161b63b4510	5			yes					-1	-1	-1	670	680	
670	669	859a5b2e1e932083	5			yes					671	676	677	678	679	
671	670	c8698e8e47a453fb	4			yes					672	674	-1	675	
672	671	ebd43bc4c2784c8d	5			yes					-1	-1	-1	-1	673	
673	672	cce02835de9e65eb	4			yes					-1	-1	-1	-1	
674	671	933f5fd5c5f77cef	4			yes					-1	-1	-1	-1	
675	671	2ca16aaa814c5941	5			yes					-1	-1	-1	-1	-1	
676	670	3619a089418501db	4			yes					-1	-1	-1	-1	
677	670	8f42a39fd98ad988	4			yes					-1	-1	-1	-1	
678	670	c2a2c2ceb0518f98	4			yes					-1	-1	-1	-1	
679	670	b3904f566ffa0430	4			yes					-1	-1	-1	-1	
680	669	65c82a738549b607	4			yes					681	-1	-1	687	
681	680	0e4809c1b837fe73	4			yes					682	683	686	-1	
682	681	c9862bbaa40b3d23	5			yes					-1	-1	-1	-1	-1	
683	681	f5bdcbd5e8901e83	5			yes					684	-1	-1	-1	-1	
684	683	714c97118b686ea3	4			yes					-1	-1	-1	-1	
685	683	7b957075eb4e98a5	4			no					-1	-1	-1	-2	
686	681	b602b53b16c6bb0f	5			yes					-1	-1	-1	-1	-1	
687	680	eceb8643b536edee	5			yes					688	690	692	694	-1	
688	687	715aeb9d87c7de6e	5			yes					-1	-1	-1	-1	689	
689	688	77ca4a5f4f954313	4			yes					-1	-1	-1	-1	
690	687	5f687de4ea20ccb6	4			yes					691	-1	-1	-1	
691	690	ca7089f716ccf896	5			yes					-1	-1	-1	-1	-1	
692	687	e6337ef2722f14e5	4			yes					693	-1	-1	-1	
693	692	d71cf7154ca1e650	4			yes					-1	-1	-1	-1	
694	687	abd31fa31bf442f5	4			yes					-1	-1	-1	-1	
695	523	701345380ef7b20b	5			yes					-1	-1	-1	-1	696	
696	695	194d2e2a3d85411c	4			yes					697	-1	-1	-1	
697	696	a8a72f1caa3f6676	4			yes					698	699	702	-1	
698	697	a08348ad0a90b6e7	5			yes					-1	-1	-1	-1	-1	
699	697	9288551dea43469a	5			yes					700	-1	-1	-1	701	
700	699	167909d989bb36ba	4			yes					-1	-1	-1	-1	
701	699	9418f4df2211dbe7	4			yes					-1	-1	-1	-1	
702	697	c3adb7f5eec1ccd5	5			yes					-1	-1	-1	-1	-1	
703	523	b0a10652ed4d7133	5			yes					-1	-1	-1	-1	-1	
704	0	e2b9bc2787c9e3ea	4			yes					705	-1	790	824	
705	704	96bedda27abcfd59	5			yes					706	720	744	756	768	
706	705	643227ab2636c137	5			yes					707	708	713	716	719	
707	706	5b19e180647711b4	4			yes					-1	-1	-1	-1	
708	706	6eeadf1ae12f383c	4			yes					-1	709	710	711	
709	708	511c1fcdcbffeb89	5			yes					-1	-1	-1	-1	-1	
710	708	8ec8d60f323f4017	4			yes					-1	-1	-1	-1	
711	708	86e041e8e235d3ad	5			yes					-1	-1	-1	-1	712	
712	711	797c1dce2bcb7fe9	4			yes					-1	-1	-1	-1	
713	706	4dc948358d031e76	4			yes					-1	-1	714	715	
714	713	966c299d750362d8	5			yes					-1	-1	-1	-1	-1	
715	713	33792f744be7756f	5			yes					-1	-1	-1	-1	-1	
716	706	7e4b541f55583bab	4			yes					-1	-1	-1	717	
717	716	879982ac9965ab4f	6			yes					-1	-1	-1	-1	-1	718	
718	717	ed72f81bcd651e79	5			yes					-1	-1	-1	-1	-1	
719	706	067122b05d030c55	4			yes					-1	-1	-1	-1	
720	705	ca221c539790e58e	5			yes					721	725	728	734	743	
721	720	f8abff42b54b3850	4			yes					-1	722	723	724	
722	721	b3ef52512314b87b	4			yes					-1	-1	-1	-1	
723	721	07c5f8ecc5596f1f	4			yes					-1	-1	-1	-1	
724	721	d051ba166d22ac22	5			yes					-1	-1	-1	-1	-1	
725	720	6348fa2081b53561	4			yes					-1	-1	-1	727	
726	725	f9ca942079c385db	4			no					-1	-1	-2	-2	
727	725	d627055bfd491db7	5			yes					-1	-1	-1	-1	-1	
728	720	e3d973cd3ca53acf	4			yes					-1	-1	729	731	
729	728	647f2766ad83ce36	5			yes					-1	730	-1	-1	-1	
730	729	e9aa425286b76a2d	4			yes					-1	-1	-1	-1	
731	728	c16a218f9367d981	5			yes					-1	732	733	-1	-1	
732	731	4cbf44bbb8537d9a	4			yes					-1	-1	-1	-1	
733	731	a23a2da0d3173e02	4			yes					-1	-1	-1	-1	
734	720	d05b6fe7e4fe1f12	4			yes					-1	-1	-1	736	
735	734	01b347a15532de8a	4			no					-1	-1	-2	-1	
736	734	758a8c5741e507a1	6			yes					-1	737	739	-1	-1	741	
737	736	f85fe9636ad1a3ba	5			yes					-1	-1	-1	-1	738	
738	737	92b493d43ed1168c	4			yes					-1	-1	-1	-1	
739	736	16da80780195e022	5			yes					-1	-1	-1	-1	740	
740	739	7c31facf55955514	4			yes					-1	-1	-1	-1	
741	736	1f61f6e015e5b297	5			yes					-1	-1	-1	-1	-1	
742	741	ba3a1cb953673850	4			no					-1	-2	-2	-2	
743	720	a8611948eca528ec	4			yes					-1	-1	-1	-1	
744	705	3f3e4c3f98b9bd7d	4			yes					745	749	751	753	
745	744	0db7af2eba6260a3	3			yes					746	-1	747	
746	745	4865b3946883fbc1	4			yes					-1	-1	-1	-1	
747	745	a0577e0473ca3e0f	5			yes					-1	-1	-1	-1	748	
748	747	5fcb2222ba34924b	4			yes					-1	-1	-1	-1	
749	744	3398d0c790373672	4			yes					-1	-1	-1	750	
750	749	d7caf2a81025eaa4	3			yes					-1	-1	-1	
751	744	a6d7abfde644d98b	5			yes					-1	752	-1	-1	-1	
752	751	8414351b70a687f1	4			yes					-1	-1	-1	-1	
753	744	5d7d4924e38c701f	3			yes					-1	754	755	
754	753	2856ae8ed9db46e0	4			yes					-1	-1	-1	-1	
755	753	a1b38cffd21757cf	5			yes					-1	-1	-1	-1	-1	
756	705	63b54e73f8a1cf42	4			yes					757	760	764	767	
757	756	513cad62da7a129c	3			yes					758	759	-1	
758	757	a8dffb018f99a2f2	4			yes					-1	-1	-1	-1	
759	757	d69c474176535ea8	4			yes					-1	-1	-1	-1	
760	756	140cc936aec6dea9	5			yes					-1	-1	761	762	763	
761	760	b157236fe844546e	4			yes					-1	-1	-1	-1	
762	760	d6a55fa18f3c81bf	4			yes					-1	-1	-1	-1	
763	760	f05eeb592ed4027f	4			yes					-1	-1	-1	-1	
764	756	4a4e21ed53941003	3			yes					-1	765	766	
765	764	da34ec69aebc05d9	4			yes					-1	-1	-1	-1	
766	764	df6993649fe68fba	5			yes					-1	-1	-1	-1	-1	
767	756	241252b66b5fbbde	3			yes					-1	-1	-1	
768	705	c3a5198c39fdfa52	5			yes					769	777	781	788	789	
769	768	f12cfa9d1b26278c	4			yes					770	771	772	773	
770	769	12a65a6fba4dfb12	4			yes					-1	-1	-1	-1	
771	769	bb4b71b9a1590f8d	4			yes					-1	-1	-1	-1	
772	769	2812cfaca8f5d484	4			yes					-1	-1	-1	-1	
773	769	0ce2c2133aea9c9c	3			yes					-1	774	775	
774	773	64153bef2b794b35	4			yes					-1	-1	-1	-1	
775	773	d0f59637f9fb9515	5			yes					-1	-1	-1	-1	776	
776	775	ba1eec80adfb2023	4			yes					-1	-1	-1	-1	
777	768	fcc5c7b5db4c4313	4			yes					-1	778	780	-1	
778	777	1b08178d3183c470	4			yes					-1	-1	-1	779	
779	778	1d98b64ff9d1590d	3			yes					-1	-1	-1	
780	777	ee8265c0928ecf74	4			yes					-1	-1	-1	-1	
781	768	ea5e761292c82513	4			yes					-1	-1	782	786	
782	781	a8aff1be5090ae35	5			yes					-1	783	784	-1	785	
783	782	8a6c6f58c672f04f	4			yes					-1	-1	-1	-1	
784	782	bd39cc5e205bacef	4			yes					-1	-1	-1	-1	
785	782	0e4977bfaea7cf21	4			yes					-1	-1	-1	-1	
786	781	17904e9cb3049e03	3			yes					-1	787	-1	
787	786	e204ea69302ff549	4			yes					-1	-1	-1	-1	
788	768	d9dc6a384a9300ce	4			yes					-1	-1	-1	-1	
789	768	3e6b210218314142	4			yes					-1	-1	-1	-1	
790	704	da7f343cebb8910f	5			yes					791	-1	800	807	816	
791	790	225e57dce2368b08	5			yes					792	794	795	798	799	
792	791	da0f08216c8676cf	4			yes					-1	-1	-1	793	
793	792	ae29662157f86a89	6			yes					-1	-1	-1	-1	-1	-1	
794	791	15274ab948af336f	5			yes					-1	-1	-1	-1	-1	
795	791	f680ac3f8c4a28c3	4			yes					-1	-1	-1	796	
796	795	c59dc420505b9383	6			yes					-1	-1	-1	-1	-1	-1	
797	796	3a01980699a53fc7	5			yes					-1	-1	-1	-1	-1	
798	791	d4e8706e3ae5a469	5			yes					-1	-1	-1	-1	-1	
799	791	401d52c79903466a	4			yes					-1	-1	-1	-1	
800	790	cec8037e1e297c62	4			yes					801	-1	804	805	
801	800	c726e3db6c538f09	5			yes					-1	-1	-1	802	803	
802	801	12fe384ddd28e9ce	5			yes					-1	-1	-1	-1	-1	
803	801	c56a7ab775532af3	6			yes					-1	-1	-1	-1	-1	-1	
804	800	8d5b877e4ea3e823	4			yes					-1	-1	-1	-1	
805	800	65f95272d492fb7e	3			yes					806	-1	-1	
806	805	3c66875374ff1bca	6			yes					-1	-1	-1	-1	-1	-1	
807	790	b3993ee950f7364a	4			yes					808	-1	-1	811	
808	807	3cb057d67c558d69	5			yes					-1	-1	809	-1	810	
809	808	5b3e1b3712cc2b2b	6			yes					-1	-1	-1	-1	-1	-1	
810	808	61014aca3f74bb18	6			yes					-1	-1	-1	-1	-1	-1	
811	807	18a86fe59a4cb156	3			yes					812	-1	-1	
812	811	587dbfd47e374061	6			yes					-1	813	814	815	-1	-1	
813	812	30efe06f047c3fa6	5			yes					-1	-1	-1	-1	-1	
814	812	8da42a968768e6f6	5			yes					-1	-1	-1	-1	-1	
815	812	d7a613cc2c1811ae	5			yes					-1	-1	-1	-1	-1	
816	790	714e653021031613	4			yes					817	-1	-1	-1	
817	816	bdd36a49b8cffd7a	5			yes					818	819	820	823	-1	
818	817	57259bc556545bb0	6			yes					-1	-1	-1	-1	-1	-1	
819	817	f7e5c91400ef72c4	5			yes					-1	-1	-1	-1	-1	
820	817	3c9139c451f7a2ba	6			yes					-1	821	822	-1	-1	-1	
821	820	5403667f2bbcdd7d	5			yes					-1	-1	-1	-1	-1	
822	820	e948ac86a8a8042d	5			yes					-1	-1	-1	-1	-1	
823	817	378fb34bcddc9b7e	5			yes					-1	-1	-1	-1	-1	
824	704	bd7b035ec6e05dac	6			yes					825	-1	854	914	941	947	
825	824	10f79fa89c5b1aa9	6			yes					826	828	830	838	845	849	
826	825	e8a6c05512ebe76e	5			yes					-1	-1	-1	-1	827	
827	826	0f32f1421a4a7118	4			yes					-1	-1	-1	-1	
828	825	11306cd602a238a8	6			yes					-1	-1	-1	-1	-1	829	
829	828	58bc92edd931d172	5			yes					-1	-1	-1	-1	-1	
830	825	54fe7e0cd1eb3968	6			yes					-1	831	833	-1	835	837	
831	830	3c6c21b7aba046af	5			yes					-1	-1	-1	-1	832	
832	831	75e0df8c7033af75	4			yes					-1	-1	-1	-1	
833	830	416843eca1203bb2	5			yes					-1	-1	-1	-1	-1	
834	833	08e4bdd77ab3d268	4			no					-1	-2	-1	-2	
835	830	c2b4b9ff4285c072	5			yes					-1	-1	-1	-1	836	
836	835	8b3847c4991629a8	4			yes					-1	-1	-1	-1	
837	830	1d7280370a78d0b2	5			yes					-1	-1	-1	-1	-1	
838	825	7b836a13f1ede580	5			yes					-1	-1	839	841	842	
839	838	d8b457f9ad16024b	6			yes					-1	-1	-1	-1	-1	840	
840	839	9138a9c27685eb91	5			yes					-1	-1	-1	-1	-1	
841	838	1bf404b9e6ea098f	5			yes					-1	-1	-1	-1	-1	
842	838	9c175b04f94c73f6	4			yes					-1	-1	843	844	
843	842	c4d66a71a40f2663	6			yes					-1	-1	-1	-1	-1	-1	
844	842	26b45bb075a2555f	5			yes					-1	-1	-1	-1	-1	
845	825	fcf3b7404ec7c5f1	5			yes					-1	-1	846	-1	847	
846	845	46b01e9d16af6cf7	5			yes					-1	-1	-1	-1	-1	
847	845	1b67865746665387	4			yes					-1	-1	848	-1	
848	847	690c0cbc2fcad9b4	5			yes					-1	-1	-1	-1	-1	
849	825	f763aebf94fa8cdf	5			yes					-1	850	851	-1	-1	
850	849	0d52515e0bbb1c80	6			yes					-1	-1	-1	-1	-1	-1	
851	849	489c4384d8f21d40	6			yes					-1	852	-1	-1	853	-1	
852	851	200e1c3fa2b96287	5			yes					-1	-1	-1	-1	-1	
853	851	ded684774b9ce45a	5			yes					-1	-1	-1	-1	-1	
854	824	385c9ad3cf734763	5			yes					855	-1	879	901	906	
855	854	514f2adb7cf8ddce	6			yes					856	858	860	862	866	870	
856	855	9cce3eafb9be4528	6			yes					-1	-1	-1	-1	-1	857	
857	856	d542c094622dacf2	5			yes					-1	-1	-1	-1	-1	
858	855	af8ba42ffca0d21f	6			yes					-1	-1	-1	-1	-1	859	
859	858	e6075a1427333bc5	5			yes					-1	-1	-1	-1	-1	
860	855	5928d9d00f3f1814	6			yes					-1	-1	-1	-1	-1	861	
861	860	10a427ebd4acf1ce	5			yes					-1	-1	-1	-1	-1	
862	855	8a26362ba53ec129	6			yes					-1	863	-1	-1	-1	865	
863	862	e2b46990df75beee	5			yes					-1	-1	-1	-1	-1	
864	863	ab3897ab04e65734	4			no					-1	-2	-2	-1	
865	862	c3aac8107ead28f3	5			yes					-1	-1	-1	-1	-1	
866	855	cafe7bc51b6ce77f	6			yes					-1	867	-1	-1	868	869	
867	866	a26c247e612798b8	5			yes					-1	-1	-1	-1	-1	
868	866	e04e2a8037a7cb3d	5			yes					-1	-1	-1	-1	-1	
869	866	0776229c94d5a220	5			yes					-1	-1	-1	-1	-1	
870	855	b6db1bcc74594bb8	5			yes					871	872	873	874	876	
871	870	80ac0327b0a76100	6			yes					-1	-1	-1	-1	-1	-1	
872	870	b3e999a7f5b9f637	6			yes					-1	-1	-1	-1	-1	-1	
873	870	454ae45806263c3c	6			yes					-1	-1	-1	-1	-1	-1	
874	870	96440ba3ac27e501	6			yes					-1	875	-1	-1	-1	-1	
875	874	fed65418d66c9ac6	5			yes					-1	-1	-1	-1	-1	
876	870	e54269e42209523c	6			yes					-1	877	-1	-1	878	-1	
877	876	8dd0365f58422dfb	5			yes					-1	-1	-1	-1	-1	
878	876	cff238a10ec27e7e	5			yes					-1	-1	-1	-1	-1	
879	854	ed35b6f2a7778057	4			yes					880	-1	892	893	
880	879	6850ca6768d08aa8	7			yes					-1	881	883	885	887	889	891	
881	880	00c295dc129bf56f	6			yes					-1	-1	-1	-1	-1	882	
882	881	494e6be7c9081cb5	5			yes					-1	-1	-1	-1	-1	
883	880	98270234b5f8f2d6	6			yes					-1	-1	-1	-1	-1	884	
884	883	d1abfc0f6e6b1b0c	5			yes					-1	-1	-1	-1	-1	
885	880	7debf10d9aaa3827	6			yes					-1	-1	-1	-1	-1	886	
886	885	34670f364139d1fd	5			yes					-1	-1	-1	-1	-1	
887	880	42e09b22441ba6ea	6			yes					-1	-1	-1	-1	-1	888	
888	887	0b6c65199f884f30	5			yes					-1	-1	-1	-1	-1	
889	880	fe1a0d94fbbe73b2	6			yes					-1	-1	-1	-1	-1	890	
890	889	b796f3af202d9a68	5			yes					-1	-1	-1	-1	-1	
891	880	21dc345cb3436372	6			yes					-1	-1	-1	-1	-1	-1	
892	879	2eb27f8a9e0e8ab5	5			yes					-1	-1	-1	-1	-1	
893	879	2d5b543f307ded9c	3			yes					894	-1	900	
894	893	6bf2a4e4f422985c	7			yes					-1	895	896	897	898	899	-1	
895	894	0360fb5f8e69e79b	6			yes					-1	-1	-1	-1	-1	-1	
896	894	9b856cb7290ae022	6			yes					-1	-1	-1	-1	-1	-1	
897	894	7e499f8e06582ad3	6			yes					-1	-1	-1	-1	-1	-1	
898	894	4142f5a1d8e9b41e	6			yes					-1	-1	-1	-1	-1	-1	
899	894	fdb86317674c6146	6			yes					-1	-1	-1	-1	-1	-1	
900	893	af93440d43aa9dc9	5			yes					-1	-1	-1	-1	-1	
901	854	1918964b90d3f6c4	4			yes					902	-1	-1	904	
902	901	bd46b5967dfdc935	6			yes					-1	-1	-1	-1	-1	903	
903	902	b18cf624f94ae632	5			yes					-1	-1	-1	-1	-1	
904	901	d976748607d99b0f	3			yes					905	-1	-1	
905	904	c538ae0766c3db74	6			yes					-1	-1	-1	-1	-1	-1	
906	854	f832781e58792aa8	4			yes					907	-1	-1	-1	
907	906	c72bc3e1a737bd22	6			yes					908	909	910	911	913	-1	
908	907	9f6c502c254c57dc	6			yes					-1	-1	-1	-1	-1	-1	
909	907	ac29caac6052c0eb	6			yes					-1	-1	-1	-1	-1	-1	
910	907	5a8ab75393cd0ae0	6			yes					-1	-1	-1	-1	-1	-1	
911	907	898458a839ccd3dd	6			yes					-1	912	-1	-1	-1	-1	
912	911	e11607134387ac1a	5			yes					-1	-1	-1	-1	-1	
913	907	5d01fc32ee0ab0cd	6			yes					-1	-1	-1	-1	-1	-1	
914	824	68122f7faee49a98	5			yes					915	-1	-1	929	934	
915	914	f5702623a1b6df50	5			yes					916	918	-1	920	924	
916	915	c9cf1a2fa0a507c4	6			yes					-1	-1	-1	-1	-1	917	
917	916	8043e4147b36ee1e	5			yes					-1	-1	-1	-1	-1	
918	915	6093a77208bced7e	6			yes					-1	-1	-1	-1	-1	919	
919	918	291f5949d32f04a4	5			yes					-1	-1	-1	-1	-1	
920	915	9fff5f450277a593	6			yes					-1	921	-1	-1	922	-1	
921	920	f76d00fe783cda54	5			yes					-1	-1	-1	-1	-1	
922	920	b54f0e002ebc89d1	5			yes					-1	-1	-1	-1	-1	
923	920	5277061c8dcee0cc	5			no					-1	-2	-2	-2	-2	
924	915	12e41734a9174926	4			yes					925	926	-1	927	
925	924	d5ad27a7a9bc23ec	6			yes					-1	-1	-1	-1	-1	-1	
926	924	7cf19afa01a5c956	6			yes					-1	-1	-1	-1	-1	-1	
927	924	b0434d643b1210d0	6			yes					-1	-1	-1	-1	-1	-1	
928	927	d8d112df41596f17	5			no					-1	-2	-2	-2	-2	
929	914	495623e7f1442b3f	4			yes					930	-1	-1	932	
930	929	e847911664e68bd9	6			yes					-1	-1	-1	-1	-1	931	
931	930	e48dd2a4e051a4de	5			yes					-1	-1	-1	-1	-1	
932	929	8938c12a664e46f4	3			yes					933	-1	-1	
933	932	90398a877fd89998	6			yes					-1	-1	-1	-1	-1	-1	
934	914	a87ccdb239eef753	4			yes					935	-1	-1	-1	
935	934	6314cf197a79bfbc	5			yes					936	937	-1	938	-1	
936	935	ca6d74ac3c571530	6			yes					-1	-1	-1	-1	-1	-1	
937	935	6331c9f1944eff8a	6			yes					-1	-1	-1	-1	-1	-1	
938	935	0800d8b2f711f221	6			yes					-1	939	-1	-1	940	-1	
939	938	609287098d5a8de6	5			yes					-1	-1	-1	-1	-1	
940	938	22b089f7dbdade63	5			yes					-1	-1	-1	-1	-1	
941	824	9c3f0fc69940ec0b	5			yes					942	-1	-1	-1	944	
942	941	61b61e2e0370ddd9	4			yes					-1	-1	943	-1	
943	942	9b97940019fb64a5	6			yes					-1	-1	-1	-1	-1	-1	
944	941	5c51ed0b0e4a81c0	4			yes					945	-1	-1	-1	
945	944	525d762d90c7447a	4			yes					-1	-1	946	-1	
946	945	e3e98f9102c576e4	6			yes					-1	-1	-1	-1	-1	-1	
947	824	7d15e19351ea3067	5			yes					948	-1	-1	-1	-1	
948	947	8693769247947a45	6			yes					949	950	951	954	957	-1	
949	948	7ec2296fc9248782	5			yes					-1	-1	-1	-1	-1	
950	948	129202559e502a5c	6			yes					-1	-1	-1	-1	-1	-1	
951	948	575c108f4d192b9c	6			yes					-1	952	-1	-1	953	-1	
952	951	3fce4f343752545b	5			yes					-1	-1	-1	-1	-1	
953	951	c116d77cde77d286	5			yes					-1	-1	-1	-1	-1	
954	948	ede783292a22856c	5			yes					-1	-1	955	956	-1	
955	954	db16397a31e410bf	6			yes					-1	-1	-1	-1	-1	-1	
956	954	bc15dcc2f1c12f0b	5			yes					-1	-1	-1	-1	-1	
957	948	6a975e7a9508a51d	5			yes					-1	-1	958	-1	-1	
958	957	d14f996ae3c93b45	5			yes					-1	-1	-1	-1	-1	
