Number of nodes
216
ID	PID	Hash_Value			File_Number	Fully_Enumerated	Children
0	-1	4c3da800c6e0e8a9	6			no					204	-2	-2	-2	-2	-2	
1	0	705cf1f1b04b1b19	5			no					2	151	-2	-2	-2	
2	1	45f09421d47eaffb	4			yes					3	16	44	69	
3	2	02b1e735322a7477	4			yes					4	5	10	13	
4	3	aa70cda99639e28c	3			yes					-1	-1	-1	
5	3	5b9fc70ff8738920	4			yes					6	7	-1	9	
6	5	2a1e50fecb11c59d	3			yes					-1	-1	-1	
7	5	821687f908907f30	3			yes					-1	-1	-1	
8	5	cd907425e696bbe9	5			no					-1	-1	-1	-1	-2	
9	5	7aefd234c37ebf98	5			yes					-1	-1	-1	-1	-1	
10	3	a0ba463518b301f8	4			yes					11	-1	-1	12	
11	10	d13bd1c42bd14d45	3			yes					-1	-1	-1	
12	10	6ca025cf9ca5e847	3			yes					-1	-1	-1	
13	3	c0289888c9f30aa4	4			yes					14	-1	-1	15	
14	13	b1a90f79fa914619	3			yes					-1	-1	-1	
15	13	a7642397a089f921	3			yes					-1	-1	-1	
16	2	89715f98d2a3f869	4			yes					17	23	29	36	
17	16	f43905ef2d07ee01	3			yes					18	19	20	
18	17	7461b862ffd2c5d9	3			yes					-1	-1	-1	
19	17	e5b8cf9d57f5b318	3			yes					-1	-1	-1	
20	17	ee9b7a146eff8859	4			yes					-1	21	-1	22	
21	20	5ac8e8d246501d0f	3			yes					-1	-1	-1	
22	20	89d7c10b07857bdc	3			yes					-1	-1	-1	
23	16	df915ae4565e7087	4			yes					24	26	27	28	
24	23	1315dfd9df43b9d4	3			yes					-1	-1	25	
25	24	1c09e49832c7e4ea	4			yes					-1	-1	-1	-1	
26	23	3bfcbd6ebfb382f5	3			yes					-1	-1	-1	
27	23	74f7a76026534d01	5			yes					-1	-1	-1	-1	-1	
28	23	751522c27917ea42	5			yes					-1	-1	-1	-1	-1	
29	16	3f72f0dabe90ece6	5			yes					30	32	34	-1	35	
30	29	f3f675e7378d25b5	4			yes					-1	-1	-1	31	
31	30	02070c0b155555b4	3			yes					-1	-1	-1	
32	29	f379643673b19bfa	4			yes					-1	-1	-1	33	
33	32	02881dda5169ebfb	3			yes					-1	-1	-1	
34	29	a334484b2a1f3eb0	5			yes					-1	-1	-1	-1	-1	
35	29	ce8389369c489ce7	4			yes					-1	-1	-1	-1	
36	16	992f76354db0e2dc	3			yes					-1	37	41	
37	36	78f66573ee9a702b	4			yes					38	-1	40	-1	
38	37	5c639ca8a63b760d	5			yes					-1	-1	-1	-1	39	
39	38	917f4ae5c128a46b	4			yes					-1	-1	-1	-1	
40	37	7dd5aebf74bb27f4	5			yes					-1	-1	-1	-1	-1	
41	36	36d4cde1725dc142	5			yes					-1	-1	42	-1	43	
42	41	debc6582e79f72e5	5			yes					-1	-1	-1	-1	-1	
43	41	91bbf7993ba46acb	4			yes					-1	-1	-1	-1	
44	2	a696dd1398496735	4			yes					45	51	59	65	
45	44	dbde876467ed715d	3			yes					46	47	50	
46	45	3e4bee1e67a64bfb	4			yes					-1	-1	-1	-1	
47	45	f03d5615f5749bca	4			yes					-1	48	-1	49	
48	47	289689c515776070	3			yes					-1	-1	-1	
49	47	fe4013193de5e719	3			yes					-1	-1	-1	
50	45	2033605367aa4a96	3			yes					-1	-1	-1	
51	44	86ab46c57cb0e53a	5			yes					52	-1	56	-1	58	
52	51	4a2fc3f8f5ad2c69	4			yes					-1	53	-1	55	
53	52	9c541934ae81e013	3			yes					-1	-1	54	
54	53	92295c3866109cc0	2			yes					-1	-1	
55	52	445286f43d3c50ba	3			yes					-1	-1	-1	
56	51	50d09c09279c2940	4			yes					-1	-1	-1	57	
57	56	5eadd905ef0d5593	3			yes					-1	-1	-1	
58	51	88d603c9b42199e9	4			yes					-1	-1	-1	-1	
59	44	008dc68bf8fbe449	3			yes					-1	60	63	
60	59	eff085db665790ef	4			yes					61	-1	-1	62	
61	60	3ea3a8e38d99230c	5			yes					-1	-1	-1	-1	-1	
62	60	757eb32b69a9c96f	5			yes					-1	-1	-1	-1	-1	
63	59	6338f4378b8deb36	5			yes					-1	-1	-1	-1	64	
64	63	d1ab56499f682c06	4			yes					-1	-1	-1	-1	
65	44	dab001525140f780	5			yes					66	67	68	-1	-1	
66	65	1634846fd85d3ed3	4			yes					-1	-1	-1	-1	
67	65	16bb95be9c61809c	4			yes					-1	-1	-1	-1	
68	65	bbb795bfafeecd85	4			yes					-1	-1	-1	-1	
69	2	95b49567b02569ef	5			yes					70	82	87	107	112	
70	69	e8fccf104f817f87	4			yes					71	73	77	79	
71	70	d04d5df4666dda14	4			yes					-1	-1	-1	-1	
72	71	eea57063d902996c	5			no					-1	-1	-2	-2	-2	
73	70	fd941ea10ebc3152	4			yes					-1	-1	74	76	
74	73	c7c086db1de97500	3			yes					-1	-1	75	
75	74	254f3676112112b2	2			yes					-1	-1	
76	73	1f1bae0c027456e0	3			yes					-1	-1	-1	
77	70	3228f7f7292c6594	4			yes					-1	-1	-1	78	
78	77	d0a7475a25e40226	3			yes					-1	-1	-1	
79	70	ffac97e0e7fa9610	3			yes					80	81	-1	
80	79	543ae655dfa74522	4			yes					-1	-1	-1	-1	
81	79	e0c952e2164c90a9	3			yes					-1	-1	-1	
82	69	15c6213993ef0404	4			yes					83	-1	84	85	
83	82	d942a4041af2cd57	3			yes					-1	-1	-1	
84	82	dd640d9e59b192f2	5			yes					-1	-1	-1	-1	-1	
85	82	37d8bca2f1f61b6a	3			yes					86	-1	-1	
86	85	fb5c399f78ebd239	2			yes					-1	-1	
87	69	33af8effd097ea93	4			yes					-1	88	92	100	
88	87	439148b3e9679301	4			yes					89	-1	-1	91	
89	88	dadd8b2373727dd4	5			yes					-1	-1	-1	-1	90	
90	89	bf0a95928f818c48	4			yes					-1	-1	-1	-1	
91	88	37af2106f5d4a4c8	5			yes					-1	-1	-1	-1	-1	
92	87	940fff93beb2d16f	5			yes					93	95	97	-1	98	
93	92	9271670d7e0d9d2d	5			yes					-1	-1	-1	-1	94	
94	93	f7a679bc82fe6cb1	4			yes					-1	-1	-1	-1	
95	92	2fb1e7afb69f6034	5			yes					-1	-1	-1	-1	96	
96	95	4a66f91e4a6c91a8	4			yes					-1	-1	-1	-1	
97	92	68982ca4837c6a96	5			yes					-1	-1	-1	-1	-1	
98	92	b99667235bb127c6	4			yes					-1	-1	99	-1	
99	98	62fb416d3c0303c8	5			yes					-1	-1	-1	-1	-1	
100	87	71944aaf936c8958	5			yes					101	102	103	-1	104	
101	100	bd10cf921a71400b	4			yes					-1	-1	-1	-1	
102	100	bd9fde435e4dfe44	4			yes					-1	-1	-1	-1	
103	100	ec4c42d98a85b917	5			yes					-1	-1	-1	-1	-1	
104	100	16d8f1b0fa167add	4			yes					105	106	-1	-1	
105	104	da5c748d730bb38e	3			yes					-1	-1	-1	
106	104	dad3655c37370dc1	3			yes					-1	-1	-1	
107	69	6f0d303249f306b4	4			yes					-1	108	-1	-1	
108	107	f77f53fe6b62bfda	4			yes					109	-1	-1	110	
109	108	91d8a10e9b7eab30	5			yes					-1	-1	-1	-1	-1	
110	108	8a4d8b309cdb31e5	6			yes					-1	-1	-1	-1	-1	111	
111	110	94c13b0527af8a19	5			yes					-1	-1	-1	-1	-1	
112	69	82e4cd97185e8078	4			yes					-1	113	-1	-1	
113	112	8506ff631bcac737	4			yes					114	-1	-1	-1	
114	113	49827a5e92d70e64	3			yes					-1	-1	-1	
115	1	b6be6dad0005b549	4			yes					116	141	156	172	
116	115	04f43b2266f62139	4			yes					117	122	126	133	
117	116	789deb68de26722d	3			yes					118	119	121	
118	117	85c075d94988ebe2	3			yes					-1	-1	-1	
119	117	373ade95e518e7a8	4			yes					-1	-1	-1	-1	
120	119	77548deb55a00500	3			no					-1	-2	-2	
121	117	2ba263fecb346e0c	4			yes					-1	-1	-1	-1	
122	116	ee33fe821bcdcbc6	4			yes					123	-1	124	125	
123	122	9fb2697328af877b	3			yes					-1	-1	-1	
124	122	a14116ef86b44b58	5			yes					-1	-1	-1	-1	-1	
125	122	f2b43676991211c9	5			yes					-1	-1	-1	-1	-1	
126	116	40717eacc138fdbf	5			yes					127	129	131	-1	132	
127	126	31f0e95df25ab102	4			yes					-1	-1	-1	128	
128	127	719eba2342e253aa	3			yes					-1	-1	-1	
129	126	aca2d710f4ae6262	4			yes					-1	-1	-1	130	
130	129	eccc846e441680ca	3			yes					-1	-1	-1	
131	126	a3145e30ad0e58f6	5			yes					-1	-1	-1	-1	-1	
132	126	001f2dd271801f17	4			yes					-1	-1	-1	-1	
133	116	5ce9c3c7ef14741b	5			yes					134	135	136	137	138	
134	133	2d685436dc7638a6	4			yes					-1	-1	-1	-1	
135	133	b03a6a7bda82ebc6	4			yes					-1	-1	-1	-1	
136	133	05036268bc8f420d	5			yes					-1	-1	-1	-1	-1	
137	133	dd9df2f047d86fee	5			yes					-1	-1	-1	-1	-1	
138	133	3ba578d8866e879e	4			yes					139	140	-1	-1	
139	138	4a24ef29b50ccb23	3			yes					-1	-1	-1	
140	138	d776d164b3f81843	3			yes					-1	-1	-1	
141	115	96f488c9b29f50b6	3			yes					142	146	148	
142	141	ebc1ff36fdd7de37	4			yes					143	144	-1	145	
143	142	ebfee11295bb6a40	3			yes					-1	-1	-1	
144	142	142d63f4ee34194a	3			yes					-1	-1	-1	
145	142	1e91a59f132dd6b6	5			yes					-1	-1	-1	-1	-1	
146	141	5a29958506fe476f	4			yes					147	-1	-1	-1	
147	146	96ad10b88fe38e3c	3			yes					-1	-1	-1	
148	141	6ba0f6162fbf660f	6			yes					149	-1	-1	150	155	-1	
149	148	a724732ba6a2af5c	5			yes					-1	-1	-1	-1	-1	
150	148	ebcbb5460592a654	5			yes					-1	-1	-1	-1	-1	
151	1	1b4bce033b76d10e	4			no					152	-2	-2	-2	
152	151	26c4b80dde4dbdb0	4			no					153	-2	-2	-2	
153	152	396392b18958c708	3			no					201	203	215	
154	153	0959baf85309d29a	4			no					-1	-1	-1	-2	
155	148	05d51209393a5a53	5			yes					-1	-1	-1	-1	-1	
156	115	ff494cb6c71e2116	3			yes					157	162	168	
157	156	f7cafe600f38ada3	4			yes					158	159	160	161	
158	157	70fbb40df04a73f0	3			yes					-1	-1	-1	
159	157	f9cfaab168a0dba4	5			yes					-1	-1	-1	-1	-1	
160	157	09605d3ce5b16372	3			yes					-1	-1	-1	
161	157	988371fd40e2e229	5			yes					-1	-1	-1	-1	-1	
162	156	58e2a6e486f0ae9a	5			yes					163	165	166	-1	167	
163	162	946623d90fed67c9	4			yes					-1	-1	-1	164	
164	163	9a1b66d5c77c1b1a	3			yes					-1	-1	-1	
165	162	56b9dfe01e66595d	5			yes					-1	-1	-1	-1	-1	
166	162	43d4666e26bcdd5c	4			yes					-1	-1	-1	-1	
167	162	569fe3e84e61d249	4			yes					-1	-1	-1	-1	
168	156	83fc77eb9f603f5b	5			yes					169	170	171	-1	-1	
169	168	4f78f2d6167df608	4			yes					-1	-1	-1	-1	
170	168	8b56524210da6ae7	4			yes					-1	-1	-1	-1	
171	168	7f1624faed75ef25	4			yes					-1	-1	-1	-1	
172	115	cc6b04c2ef722fcc	4			yes					173	178	186	192	
173	172	19cc4d8a0ef33c4c	4			yes					174	175	176	177	
174	173	9efd07e7f181e21f	3			yes					-1	-1	-1	
175	173	d01d6ad27043f58e	5			yes					-1	-1	-1	-1	-1	
176	173	e96e3c6dfed53c7d	5			yes					-1	-1	-1	-1	-1	
177	173	faf74d34de4350ff	3			yes					-1	-1	-1	
178	172	3553c617f4ab5d0f	5			yes					179	181	-1	182	184	
179	178	f9d7432a7db6945c	4			yes					-1	-1	-1	180	
180	179	1b58f387717ef3ee	3			yes					-1	-1	-1	
181	178	ce5677553fc4b1cb	5			yes					-1	-1	-1	-1	-1	
182	178	9d34183f8e8c93ca	4			yes					-1	-1	-1	183	
183	182	7fbba8928244f478	3			yes					-1	-1	-1	
184	178	d7dc76baf8633abd	4			yes					-1	185	-1	-1	
185	184	8907fff6ac592908	5			yes					-1	-1	-1	-1	-1	
186	172	36d2a19716a44097	3			yes					187	189	-1	
187	186	f523186bfb8d58c9	4			yes					-1	-1	-1	188	
188	187	dab52df13ea605bb	5			yes					-1	-1	-1	-1	-1	
189	186	d712a510aac0fdcc	4			yes					-1	191	-1	-1	
190	189	7aa7ccb4f75b2ac8	5			no					-1	-1	-2	-2	-2	
191	189	7538af6520d1dec8	5			yes					-1	-1	-1	-1	-1	
192	172	db3b5c324709c65b	3			yes					193	194	-1	
193	192	9dbbf62bb739a37a	4			yes					-1	-1	-1	-1	
194	192	caaf0a29576f4d59	4			yes					195	-1	-1	-1	
195	194	062b8f14de72840a	3			yes					-1	-1	-1	
196	-1	e4201ea7ffeaab59	7			no					197	-2	-2	-2	-2	-2	-2	
197	196	5056d6c59983a0d4	6			no					198	-2	-2	-2	-2	-2	
198	197	0b60cf682eec5d7c	5			no					199	-2	-2	-2	-2	
199	198	03813d9aef08e52a	5			no					200	-2	-2	-2	-2	
200	199	b3723aad330beed4	4			no					-1	-1	-1	202	
201	153	546046c5b3029d19	3			yes					-1	-1	-1	
202	200	2bbaec09cfad7afa	3			yes					-1	-1	-1	
203	153	8b870e05836a02d8	4			yes					-1	-1	-1	-1	
204	0	f8764b238f5cdd0d	5			no					205	-2	-2	-2	-2	
205	204	36325f3144f82d6b	4			no					206	-2	-2	-2	
206	205	985448ae9b2afe51	4			no					207	-2	-2	-2	
207	206	0b42ab3c919c08c4	3			no					208	-2	-2	
208	207	27b789b1854aa1dd	3			no					-1	-2	-2	
209	-1	0f07b97a5dd5fc47	4			no					210	-2	-2	-2	
210	209	05673b649b66e0ef	3			no					211	-2	-2	
211	210	c88835d2da3d80a9	4			no					212	-2	-2	-2	
212	211	64a6eb4ae0d96f7c	4			no					213	-2	-2	-2	
213	212	57ed717c766fb7de	3			no					214	-2	-2	
214	213	c5be0ce2cd516af0	4			no					-1	-2	-2	-2	
215	153	fb3664eb2a9985ae	4			yes					-1	-1	-1	-1	
