Number of nodes
448
ID	PID	Hash_Value			File_Number	Fully_Enumerated	Children
0	-1	f22db5bc375b445f	6			yes					1	139	247	342	404	447	
1	0	8590f60d12db5c10	5			yes					2	54	76	98	112	
2	1	7b4c83758cb2d3be	5			yes					3	16	31	46	53	
3	2	c9a571310c28668c	4			yes					4	5	7	11	
4	3	2684ea76c2d76315	4			yes					-1	-1	-1	-1	
5	3	d82790e91682e5cc	4			yes					-1	6	-1	-1	
6	5	c78a34b21488c2ef	3			yes					-1	-1	-1	
7	3	5b733896052bdf9f	5			yes					-1	8	9	-1	10	
8	7	44de9ccd0721f8bc	4			yes					-1	-1	-1	-1	
9	7	77340e0e27ca5d65	4			yes					-1	-1	-1	-1	
10	7	d27f4072e21078e7	4			yes					-1	-1	-1	-1	
11	3	6fddb59a999eaf3e	3			yes					12	13	15	
12	11	581ecbe72827a35b	4			yes					-1	-1	-1	-1	
13	11	c6b893114d83d5e9	5			yes					-1	-1	-1	-1	14	
14	13	50669bd815bb9d22	4			yes					-1	-1	-1	-1	
15	11	9e18dcda41ea5e82	5			yes					-1	-1	-1	-1	-1	
16	2	46323a9c6859f5e1	4			yes					-1	17	24	28	
17	16	1fcc675669376a57	5			yes					18	20	21	22	23	
18	17	2ef45a5ea46acfda	4			yes					19	-1	-1	-1	
19	18	10bd26e74f024061	3			yes					-1	-1	-1	
20	17	21851bef825fe5ec	4			yes					-1	-1	-1	-1	
21	17	65fbbbc0740590d1	4			yes					-1	-1	-1	-1	
22	17	3edc99ccc464461f	4			yes					-1	-1	-1	-1	
23	17	545663bd9654fcf8	4			yes					-1	-1	-1	-1	
24	16	c21491a25e01d9f7	5			yes					25	26	-1	-1	27	
25	24	f32cacaa935c7c7a	4			yes					-1	-1	-1	-1	
26	24	fc5ded1bb569564c	4			yes					-1	-1	-1	-1	
27	24	c7d7e29327ce2105	4			yes					-1	-1	-1	-1	
28	16	185f4316fc84d5a2	5			yes					29	30	-1	-1	-1	
29	28	29677e1e31d9702f	4			yes					-1	-1	-1	-1	
30	28	26163faf17ec5a19	4			yes					-1	-1	-1	-1	
31	2	e7a6f37eb6c9e315	4			yes					-1	-1	32	37	
32	31	60625c932e43526f	5			yes					33	34	35	-1	36	
33	32	515a619be31ef7e2	4			yes					-1	-1	-1	-1	
34	32	5e2b202ac52bddd4	4			yes					-1	-1	-1	-1	
35	32	7fcff8c82c49754c	4			yes					-1	-1	-1	-1	
36	32	5b313a1b01a3aa08	4			yes					-1	-1	-1	-1	
37	31	86f91be09920a310	6			yes					38	40	42	-1	-1	45	
38	37	b7c126e8547d069d	5			yes					-1	-1	-1	-1	39	
39	38	211f2e210c454e56	4			yes					-1	-1	-1	-1	
40	37	b8b0675972482cab	5			yes					-1	-1	-1	-1	41	
41	40	2e6e6f902a706460	4			yes					-1	-1	-1	-1	
42	37	9954bfbb9b2a8433	5			yes					-1	-1	-1	-1	43	
43	42	0f8ab772c312ccf8	4			yes					-1	-1	-1	-1	
44	37	df9688b1fd7ce421	5			no					-1	-2	-2	-1	-2	
45	37	10271329c118ebdb	5			yes					-1	-1	-1	-1	-1	
46	2	b505ff0dcbbc6a74	4			yes					-1	-1	-1	47	
47	46	de59542b9549287b	6			yes					48	49	50	51	-1	52	
48	47	ef61692358148df6	5			yes					-1	-1	-1	-1	-1	
49	47	e01028927e21a7c0	5			yes					-1	-1	-1	-1	-1	
50	47	c1f4f07097430f58	5			yes					-1	-1	-1	-1	-1	
51	47	f21e62b3b7a8aa81	5			yes					-1	-1	-1	-1	-1	
52	47	84f99b98da988e5d	5			yes					-1	-1	-1	-1	-1	
53	2	dd3447de19041a0c	4			yes					-1	-1	-1	-1	
54	1	4feadce90c97e1ac	4			yes					55	63	68	75	
55	54	f82f914e3f3512c8	3			yes					56	57	59	
56	55	eb2fa666954dc0fa	4			yes					-1	-1	-1	-1	
57	55	e4bef3c3bfc19850	5			yes					-1	-1	-1	-1	58	
58	57	6db28b2758fa3f28	4			yes					-1	-1	-1	-1	
59	55	de3bd9d471bc8472	5			yes					-1	-1	-1	-1	62	
60	59	7e5bb6dac95ce49e	4			no					-1	-2	-2	-2	
61	59	f27cef4c535d0688	4			no					-1	-2	-2	-2	
62	59	fbbcbed737d5561d	4			yes					-1	-1	-1	-1	
63	54	dff4f574e11a831c	3			yes					-1	64	66	
64	63	acec5d36674ea7f7	5			yes					-1	-1	-1	-1	65	
65	64	ae8123aed778b581	4			yes					-1	-1	-1	-1	
66	63	e8c10753072b2da8	5			yes					-1	67	-1	-1	-1	
67	66	27af359cd07d0968	4			yes					-1	-1	-1	-1	
68	54	81a3a0914b995866	3			yes					-1	-1	69	
69	68	90b3d108139dc4cf	6			yes					70	71	72	73	-1	74	
70	69	a18bec00dec06142	5			yes					-1	-1	-1	-1	-1	
71	69	5fdde3c7c4cbe00f	5			yes					-1	-1	-1	-1	-1	
72	69	30d3be06ab7da423	5			yes					-1	-1	-1	-1	-1	
73	69	bcf4e790317c4635	5			yes					-1	-1	-1	-1	-1	
74	69	ca131ebb5c4c62e9	5			yes					-1	-1	-1	-1	-1	
75	54	e99218429921281e	3			yes					-1	-1	-1	
76	1	7a05b87a93156a85	4			yes					77	82	95	97	
77	76	cdc0f5dda0b799e1	3			yes					78	-1	79	
78	77	9a1f46db28583a0e	4			yes					-1	-1	-1	-1	
79	77	497e5255977d43bd	5			yes					-1	80	81	-1	-1	
80	79	56d3f60e9577649e	4			yes					-1	-1	-1	-1	
81	79	4db12419e9b74147	4			yes					-1	-1	-1	-1	
82	76	477b019377fe4cda	3			yes					-1	83	85	
83	82	64e0c2ec58e88b76	5			yes					-1	-1	-1	-1	84	
84	83	4a94e39f7580c075	4			yes					-1	-1	-1	-1	
85	82	86f3310b5a3f51dd	6			yes					86	88	90	92	-1	94	
86	85	b7cb0c039762f450	5			yes					-1	-1	-1	-1	87	
87	86	211504cacf5abc9b	4			yes					-1	-1	-1	-1	
88	85	499d03c48d69751d	5			yes					-1	-1	-1	-1	89	
89	88	df430b0dd5513dd6	4			yes					-1	-1	-1	-1	
90	85	9bcd2e0734be7f65	5			yes					-1	-1	-1	-1	91	
91	90	0d1326ce6c8637ae	4			yes					-1	-1	-1	-1	
92	85	2665c4a776c0622f	5			yes					-1	-1	-1	-1	-1	
93	85	d520edae004dd4cc	5			no					-1	-1	-1	-1	-2	
94	85	102d39c202071916	5			yes					-1	-1	-1	-1	-1	
95	76	2cc330e542ff1c89	3			yes					-1	-1	96	
96	95	98768f5749f71dcc	5			yes					-1	-1	-1	-1	-1	
97	76	dc7d7cd106a3a337	3			yes					-1	-1	-1	
98	1	c791883b1d957f9b	4			yes					99	102	109	111	
99	98	7054c59c2e378cff	3			yes					100	101	-1	
100	99	dc4f73994901bd36	5			yes					-1	-1	-1	-1	-1	
101	99	15720bbad0961b80	5			yes					-1	-1	-1	-1	-1	
102	98	faef31d2f97e59c4	3			yes					-1	103	108	
103	102	25f4b31bdce3039e	5			yes					104	105	-1	106	107	
104	103	14cc8e1311bea613	4			yes					-1	-1	-1	-1	
105	103	ea9a81d40bb5275e	4			yes					-1	-1	-1	-1	
106	103	b961960c4d46982a	4			yes					-1	-1	-1	-1	
107	103	18f4f646969ce07f	4			yes					-1	-1	-1	-1	
108	102	b20fe04db1f4d0a9	5			yes					-1	-1	-1	-1	-1	
109	98	5b7bf83027ee4f30	3			yes					-1	-1	110	
110	109	e08b155c33d1d554	5			yes					-1	-1	-1	-1	-1	
111	98	16518445ed32e590	3			yes					-1	-1	-1	
112	1	204c1da6bb63920c	5			yes					113	119	131	137	138	
113	112	9789500188c16168	4			yes					114	116	118	-1	
114	113	2cc49d00a10ad315	5			yes					-1	-1	-1	-1	115	
115	114	eae7729cbea85d22	4			yes					-1	-1	-1	-1	
116	113	e55233039b8341a2	5			yes					-1	-1	-1	-1	117	
117	116	2371dc9f8421cf95	4			yes					-1	-1	-1	-1	
118	113	fe80374eecf3d9c6	5			yes					-1	-1	-1	-1	-1	
119	112	1d32a44f5f88b453	4			yes					-1	120	125	129	
120	119	0855f76230e77b9b	5			yes					121	122	-1	123	124	
121	120	396dca6afdbade16	4			yes					-1	-1	-1	-1	
122	120	c73bc5ade7b15f5b	4			yes					-1	-1	-1	-1	
123	120	294509f89db457d3	4			yes					-1	-1	-1	-1	
124	120	a5712dcbaa6a5783	4			yes					-1	-1	-1	-1	
125	119	0aaf400337b7f384	5			yes					126	127	-1	-1	128	
126	125	3b977d0bfaea5609	4			yes					-1	-1	-1	-1	
127	125	c5c172cce0e1d744	4			yes					-1	-1	-1	-1	
128	125	36f0ace51bf08a7e	4			yes					-1	-1	-1	-1	
129	119	e56641d44ed77a05	3			yes					-1	130	-1	
130	129	80f64ac8ec0385ec	5			yes					-1	-1	-1	-1	-1	
131	112	bca66dad8118a2a7	4			yes					-1	-1	132	136	
132	131	fcf9f8bb988bd59f	5			yes					133	134	135	-1	-1	
133	132	cdc1c5b355d67012	4			yes					-1	-1	-1	-1	
134	132	3397ca744fddf15f	4			yes					-1	-1	-1	-1	
135	132	e3545ce09a81f2bc	4			yes					-1	-1	-1	-1	
136	131	44f2883690476cf1	3			yes					-1	-1	-1	
137	112	ee0561defc6d2bc6	4			yes					-1	-1	-1	-1	
138	112	d818f83daa3c5c5a	4			yes					-1	-1	-1	-1	
139	0	421912540485e98e	5			yes					-1	140	188	208	221	
140	139	d4d935e9cc57f103	5			yes					141	158	165	180	187	
141	140	c546229c65b27c4b	4			yes					142	143	149	153	
142	141	3d2a5611b119ef1f	4			yes					-1	-1	-1	-1	
143	141	a643f659b01afde6	5			yes					144	145	146	147	148	
144	143	2558a602b482bbb8	4			yes					-1	-1	-1	-1	
145	143	77c55359ad76692d	4			yes					-1	-1	-1	-1	
146	143	38170f2a4bc46872	4			yes					-1	-1	-1	-1	
147	143	875308c31d49d1ae	4			yes					-1	-1	-1	-1	
148	143	edd9f2b24f796b49	4			yes					-1	-1	-1	-1	
149	141	f6150e8ae6e20766	5			yes					-1	150	151	-1	152	
150	149	2793ab8afb8e93ad	4			yes					-1	-1	-1	-1	
151	149	142d276844bbc611	4			yes					-1	-1	-1	-1	
152	149	f3d67dbb9f2dff94	4			yes					-1	-1	-1	-1	
153	141	bbc426ced52f88d6	5			yes					154	155	156	-1	-1	
154	153	38df7695d1b7ce88	4			yes					-1	-1	-1	-1	
155	153	6a4283cec8431c1d	4			yes					-1	-1	-1	-1	
156	153	59fc0f2c777649a1	4			yes					-1	-1	-1	-1	
157	153	8a7fd306fec37ab5	4			no					-1	-2	-2	-2	
158	140	e544dfad4126cd9b	4			yes					-1	159	160	161	
159	158	56e5708450b42f05	4			yes					-1	-1	-1	-1	
160	158	d5b1d8fb431d1556	5			yes					-1	-1	-1	-1	-1	
161	158	433c1b06d4900429	3			yes					162	163	-1	
162	161	125524608f2d7bac	4			yes					-1	-1	-1	-1	
163	161	487a737c0bb51f20	5			yes					-1	-1	-1	-1	164	
164	163	dea47bb5538d57eb	4			yes					-1	-1	-1	-1	
165	140	483345e2f62cc1a8	4			yes					-1	-1	166	171	
166	165	523f14b9aa1bb42a	5			yes					167	168	169	-1	170	
167	166	ee97aace59f4b02d	4			yes					-1	-1	-1	-1	
168	166	6c76680041733b91	4			yes					-1	-1	-1	-1	
169	166	f25f7bb712fbd4c6	4			yes					-1	-1	-1	-1	
170	166	696c723185fb4c4d	4			yes					-1	-1	-1	-1	
171	165	b4a453ca1d784555	6			yes					172	174	176	-1	178	179	
172	171	080cedbdee974152	5			yes					-1	-1	-1	-1	173	
173	172	9ed2e574b6af0999	4			yes					-1	-1	-1	-1	
174	171	8aed2f73f610caee	5			yes					-1	-1	-1	-1	175	
175	174	1c3327baae288225	4			yes					-1	-1	-1	-1	
176	171	14c43cc4a59825b9	5			yes					-1	-1	-1	-1	177	
177	176	821a340dfda06d72	4			yes					-1	-1	-1	-1	
178	171	edcbc09b79240264	5			yes					-1	-1	-1	-1	-1	
179	171	227a5b0345400d9e	5			yes					-1	-1	-1	-1	-1	
180	140	1a9049918b5948c9	4			yes					-1	-1	-1	181	
181	180	ec041c011111ce3e	6			yes					182	183	184	185	-1	186	
182	181	50aca276e2feca39	5			yes					-1	-1	-1	-1	-1	
183	181	d24d60b8fa794185	5			yes					-1	-1	-1	-1	-1	
184	181	4c64730fa9f1aed2	5			yes					-1	-1	-1	-1	-1	
185	181	c0432a9933f04cc4	5			yes					-1	-1	-1	-1	-1	
186	181	b6a4d3b25ec06818	5			yes					-1	-1	-1	-1	-1	
187	140	72a1f14259e138b1	4			yes					-1	-1	-1	-1	
188	139	55dd1f1001e3ad01	4			yes					189	202	205	207	
189	188	44420865a8062049	3			yes					190	191	192	
190	189	b8fb60f8c92bd1b7	4			yes					-1	-1	-1	-1	
191	189	18e960a8a7b9e0d3	4			yes					-1	-1	-1	-1	
192	189	859810cbdbac839e	6			yes					193	195	197	199	200	201	
193	192	06834090df34c5c0	5			yes					-1	-1	-1	-1	194	
194	193	905d4859870c8d0b	4			yes					-1	-1	-1	-1	
195	192	79c46ca7b1026014	5			yes					-1	-1	-1	-1	196	
196	195	ef1a646ee93a28df	4			yes					-1	-1	-1	-1	
197	192	1adc0df740835bfc	5			yes					-1	-1	-1	-1	198	
198	197	8c02053e18bb1337	4			yes					-1	-1	-1	-1	
199	192	250ee567f753b06c	5			yes					-1	-1	-1	-1	-1	
200	192	d64bcc6e81de068f	5			yes					-1	-1	-1	-1	-1	
201	192	134618028394cb55	5			yes					-1	-1	-1	-1	-1	
202	188	e1215b41edb932f6	3			yes					-1	-1	203	
203	202	c7bcb238d14b8974	5			yes					-1	-1	-1	-1	204	
204	203	e23bd53b97225b1b	4			yes					-1	-1	-1	-1	
205	188	031b978fd009db0d	3			yes					-1	-1	206	
206	205	e4c1425e4b7b173d	5			yes					-1	-1	-1	-1	-1	
207	188	f3a5dbbb945564b3	3			yes					-1	-1	-1	
208	139	e8492f518f63b81f	4			yes					209	216	218	220	
209	208	f9d6382426863557	3			yes					210	211	215	
210	209	0a0bded1c8efa9dd	5			yes					-1	-1	-1	-1	-1	
211	209	b2324592c71ced13	5			yes					-1	212	-1	213	214	
212	211	4e6e39feadb20e99	4			yes					-1	-1	-1	-1	
213	211	ca036692901a8901	4			yes					-1	-1	-1	-1	
214	211	f9a84179387f7bbc	4			yes					-1	-1	-1	-1	
215	209	1bb5df7b7f9189bb	5			yes					-1	-1	-1	-1	-1	
216	208	5cb56b00633927e8	3			yes					-1	217	-1	
217	216	9bb0ebd796a0d149	5			yes					-1	-1	-1	-1	-1	
218	208	74a35f5ab51888b4	3			yes					-1	-1	219	
219	218	9c3cd855315ddfa5	5			yes					-1	-1	-1	-1	-1	
220	208	3989232f7fc42214	3			yes					-1	-1	-1	
221	139	0f94bacc29955588	5			yes					222	235	239	245	246	
222	221	1e0badb98070d8c0	4			yes					223	225	230	232	
223	222	f79d0f24d169a35d	5			yes					-1	-1	-1	-1	224	
224	223	31bee0b8cecb2d6a	4			yes					-1	-1	-1	-1	
225	222	87b8b44cd5f9b26d	5			yes					226	227	-1	228	229	
226	225	04a3e417d161f433	4			yes					-1	-1	-1	-1	
227	225	7be4c820bf5751e7	4			yes					-1	-1	-1	-1	
228	225	133ff159ce0c8c05	4			yes					-1	-1	-1	-1	
229	225	2a9c6ee54f749e75	4			yes					-1	-1	-1	-1	
230	222	44f7d7931f5fd7cf	5			yes					-1	-1	-1	-1	231	
231	230	82d4380f00fd59f8	4			yes					-1	-1	-1	-1	
232	222	e65f4822912f1696	3			yes					-1	233	234	
233	232	0f1b09e6091d4c1a	5			yes					-1	-1	-1	-1	-1	
234	232	b5651dd5f2ad6b94	5			yes					-1	-1	-1	-1	-1	
235	221	bb68fe9dc5cfca7f	4			yes					-1	236	238	-1	
236	235	6b90d36eddb58b6b	5			yes					-1	-1	-1	-1	237	
237	236	adb33cf2c217055c	4			yes					-1	-1	-1	-1	
238	235	7042d723aac5130f	5			yes					-1	-1	-1	-1	-1	
239	221	937ecac713ee6523	4			yes					-1	-1	240	244	
240	239	804e35b29a07df6e	5			yes					241	242	243	-1	-1	
241	240	3ce68bc569e8db69	4			yes					-1	-1	-1	-1	
242	240	be07490b716f50d5	4			yes					-1	-1	-1	-1	
243	240	9fe391e9980df84d	4			yes					-1	-1	-1	-1	
244	239	6b2a2f5c02b1ab75	3			yes					-1	-1	-1	
245	221	c1ddc6b46e9bec42	4			yes					-1	-1	-1	-1	
246	221	f7c05f5738ca9bde	4			yes					-1	-1	-1	-1	
247	0	a4a6c325274a70f7	5			yes					-1	-1	248	302	316	
248	247	59dcd28422184db4	5			yes					249	268	288	294	301	
249	248	4843c5f18bfdc0fc	4			yes					250	256	257	261	
250	249	0221d9301e3931cf	5			yes					251	252	253	254	255	
251	250	e4f23ec47ddd0bc4	4			yes					-1	-1	-1	-1	
252	250	912dbb52bd0f469a	4			yes					-1	-1	-1	-1	
253	250	06eeaf7c60f33335	4			yes					-1	-1	-1	-1	
254	250	3a8af731417bd90b	4			yes					-1	-1	-1	-1	
255	250	49bbdddbe15aa760	4			yes					-1	-1	-1	-1	
256	249	84a400180e34bd95	4			yes					-1	-1	-1	-1	
257	249	52e2042f4f1fd249	5			yes					-1	258	259	-1	260	
258	257	e7aea5565f1eaf99	4			yes					-1	-1	-1	-1	
259	257	bbe1e8e084bdc82a	4			yes					-1	-1	-1	-1	
260	257	b75cecc8209b7b14	4			yes					-1	-1	-1	-1	
261	249	4e197af348e5ddd4	6			yes					-1	262	264	266	-1	267	
262	261	fb55db8a58e4a004	5			yes					-1	-1	-1	-1	263	
263	262	6d8bd34300dce8cf	4			yes					-1	-1	-1	-1	
264	261	a71a963c8347c7b7	5			yes					-1	-1	-1	-1	265	
265	264	31c49ef5db7f8f7c	4			yes					-1	-1	-1	-1	
266	261	ee8f8f5f641aee26	5			yes					-1	-1	-1	-1	-1	
267	261	d8c7723a10dd951f	5			yes					-1	-1	-1	-1	-1	
268	248	d21a7193ac9d7162	4			yes					-1	269	273	277	
269	268	333f38612f959dc8	5			yes					270	-1	-1	271	272	
270	269	8f978616dc7a99cf	4			yes					-1	-1	-1	-1	
271	269	a8693805408966a9	4			yes					-1	-1	-1	-1	
272	269	78a53c8ad0f60b67	4			yes					-1	-1	-1	-1	
273	268	a2f5306b896ec389	5			yes					274	-1	275	-1	276	
274	273	1e5d8e1c7a81c78e	4			yes					-1	-1	-1	-1	
275	273	4bf6dca442ccd9ea	4			yes					-1	-1	-1	-1	
276	273	474bd88ce6ea6ad4	4			yes					-1	-1	-1	-1	
277	268	be0e4eb78e94cc14	6			yes					278	280	282	284	286	287	
278	277	02a6f0c07d7bc813	5			yes					-1	-1	-1	-1	279	
279	278	9478f809254380d8	4			yes					-1	-1	-1	-1	
280	277	3030737816f8e04c	5			yes					-1	-1	-1	-1	281	
281	280	a6ee7bb14ec0a887	4			yes					-1	-1	-1	-1	
282	277	570da2784536d677	5			yes					-1	-1	-1	-1	283	
283	282	c1d3aab11d0e9ebc	4			yes					-1	-1	-1	-1	
284	277	1e98bb1ba26bffe6	5			yes					-1	-1	-1	-1	285	
285	284	8846b3d2fa53b72d	4			yes					-1	-1	-1	-1	
286	277	eddd9212d4e64905	5			yes					-1	-1	-1	-1	-1	
287	277	28d0467ed6ac84df	5			yes					-1	-1	-1	-1	-1	
288	248	5399680aeb11775d	4			yes					-1	-1	289	290	
289	288	519b5e9208ef2e2d	5			yes					-1	-1	-1	-1	-1	
290	288	f5e1aca17ea7beef	3			yes					291	293	-1	
291	290	847dfc89ed76822e	5			yes					-1	-1	-1	-1	292	
292	291	dedd333aa2a72408	4			yes					-1	-1	-1	-1	
293	290	5d225b89969fd908	5			yes					-1	-1	-1	-1	-1	
294	248	3664ca477bdf42c5	4			yes					-1	-1	-1	295	
295	294	ba4333c4d0cb9334	6			yes					296	297	-1	299	-1	300	
296	295	06eb8db323249733	5			yes					-1	-1	-1	-1	-1	
297	295	752d010b079db7f4	5			yes					-1	-1	-1	-1	-1	
298	295	1a235cca682bf3d8	5			no					-1	-2	-2	-1	-2	
299	295	2f09f051a6c96abb	5			yes					-1	-1	-1	-1	-1	
300	295	e0e3fc779f1a3512	5			yes					-1	-1	-1	-1	-1	
301	248	ffa4162fb7ae8406	4			yes					-1	-1	-1	-1	
302	247	db8791813a4a4925	4			yes					303	311	314	315	
303	302	ca1886f493afc46d	3			yes					304	309	310	
304	303	110fc6cc829d240c	5			yes					-1	305	306	307	308	
305	304	8203a4ae21ab5359	4			yes					-1	-1	-1	-1	
306	304	3d48f054a07ca6f6	4			yes					-1	-1	-1	-1	
307	304	6498f653a84c2c45	4			yes					-1	-1	-1	-1	
308	304	2c0f8391c8e2c7ed	4			yes					-1	-1	-1	-1	
309	303	1c6534afc4bde30b	5			yes					-1	-1	-1	-1	-1	
310	303	e73573b4812f4e49	5			yes					-1	-1	-1	-1	-1	
311	302	50413296b4cf75f3	3			yes					-1	312	313	
312	311	d85957f919e0caba	5			yes					-1	-1	-1	-1	-1	
313	311	172247f0475e5f89	5			yes					-1	-1	-1	-1	-1	
314	302	4b99b81cd7c72b95	3			yes					-1	-1	-1	
315	302	0a479dffcaedd32e	3			yes					-1	-1	-1	
316	247	3c5a041c9cbca4b2	5			yes					317	330	337	340	341	
317	316	2dc51369355929fa	4			yes					318	323	325	328	
318	317	cc1747a627fc0b78	5			yes					-1	319	320	321	322	
319	318	5f1b25c484ca7c2d	4			yes					-1	-1	-1	-1	
320	318	e050713e051d8982	4			yes					-1	-1	-1	-1	
321	318	f4bc69a778bee3bc	4			yes					-1	-1	-1	-1	
322	318	61339d0fbd712760	4			yes					-1	-1	-1	-1	
323	317	27d7173b31d5c9e4	5			yes					-1	-1	-1	-1	324	
324	323	e1f4f8a72e7747d3	4			yes					-1	-1	-1	-1	
325	317	5f95d3fa076c6d64	5			yes					-1	326	-1	-1	327	
326	325	ead97283176d10b4	4			yes					-1	-1	-1	-1	
327	325	63ca3f1c2b2b149e	4			yes					-1	-1	-1	-1	
328	317	d591f6f22406e7ac	3			yes					329	-1	-1	
329	328	44b4fa0cfb18f50f	5			yes					-1	-1	-1	-1	-1	
330	316	b79ca70b12399864	4			yes					-1	331	333	336	
331	330	baf8155609f24743	5			yes					-1	-1	-1	-1	332	
332	331	7cdbfaca1650c974	4			yes					-1	-1	-1	-1	
333	330	af82e7bec11d7ca4	5			yes					334	-1	-1	-1	335	
334	333	132a59c932f278a3	4			yes					-1	-1	-1	-1	
335	333	93dd0b58ed5a055e	4			yes					-1	-1	-1	-1	
336	330	4fc8429003665632	3			yes					-1	-1	-1	
337	316	ac442d817131c602	4			yes					-1	-1	338	339	
338	337	6204ff5140ae53cb	5			yes					-1	-1	-1	-1	-1	
339	337	5410c81a606e0854	3			yes					-1	-1	-1	
340	316	f2137864dbb21d78	4			yes					-1	-1	-1	-1	
341	316	c40ee1878de36ae4	4			yes					-1	-1	-1	-1	
342	0	7be88452e8af75cb	5			yes					-1	-1	-1	343	375	
343	342	03c0d4b21fc757fc	5			yes					344	356	365	372	374	
344	343	125fc3c7b622dab4	4			yes					345	350	354	355	
345	344	bbb8f25e4e5f27c3	5			yes					-1	346	347	348	349	
346	345	aa8be47a7d80d359	4			yes					-1	-1	-1	-1	
347	345	bf77841230952539	4			yes					-1	-1	-1	-1	
348	345	ce2fc2c1648e2f8a	4			yes					-1	-1	-1	-1	
349	345	86b8b7030420c422	4			yes					-1	-1	-1	-1	
350	344	ace77263cd2031ad	5			yes					-1	-1	351	352	353	
351	350	6fef2305ee6b932d	4			yes					-1	-1	-1	-1	
352	350	d4d651639a2655bf	4			yes					-1	-1	-1	-1	
353	350	e77d76883243a702	4			yes					-1	-1	-1	-1	
354	344	5686d07d8f7c2a11	4			yes					-1	-1	-1	-1	
355	344	73c67f985247af3f	5			yes					-1	-1	-1	-1	-1	
356	343	880677a591426b2a	4			yes					-1	357	362	363	
357	356	1a88e4236afd5863	5			yes					358	-1	359	360	361	
358	357	a6205a5499125c64	4			yes					-1	-1	-1	-1	
359	357	14ceb945039c5a2c	4			yes					-1	-1	-1	-1	
360	357	6f1fd4bc402c502a	4			yes					-1	-1	-1	-1	
361	357	2788a17e2082bb82	4			yes					-1	-1	-1	-1	
362	356	44a629ee12b25792	5			yes					-1	-1	-1	-1	-1	
363	356	0a50e52811d201b9	6			yes					-1	-1	-1	-1	-1	364	
364	363	9fa4961ec8cae581	5			yes					-1	-1	-1	-1	-1	
365	343	3ebe6d5bfb2c71a3	4			yes					-1	-1	366	367	
366	365	68a0cb7e52c91c12	5			yes					-1	-1	-1	-1	-1	
367	365	33567d9d03a4738e	6			yes					368	369	-1	370	-1	371	
368	367	8ffec3eaf04b7789	5			yes					-1	-1	-1	-1	-1	
369	367	fc384f52d4f2574e	5			yes					-1	-1	-1	-1	-1	
370	367	f05e2cfb20efd10e	5			yes					-1	-1	-1	-1	-1	
371	367	a6a20eabdabc97b6	5			yes					-1	-1	-1	-1	-1	
372	343	38a7c3e7afe3db5f	4			yes					-1	-1	-1	373	
373	372	a7270d8bc38b97c1	3			yes					-1	-1	-1	
374	343	9c401ade73af1b62	4			yes					-1	-1	-1	-1	
375	342	09b5608f033e2f9b	5			yes					376	390	399	402	403	
376	375	182a77faaadba2d3	4			yes					377	382	385	386	
377	376	66a07334eb3e08b7	5			yes					-1	378	379	380	381	
378	377	77936510d8e1fc2d	4			yes					-1	-1	-1	-1	
379	377	626f057895f40a4d	4			yes					-1	-1	-1	-1	
380	377	5e0b5d35b47ce073	4			yes					-1	-1	-1	-1	
381	377	cb84a99d71b324af	4			yes					-1	-1	-1	-1	
382	376	49b67b6fb6941ee4	5			yes					-1	-1	-1	383	384	
383	382	3af11ede7553dc55	4			yes					-1	-1	-1	-1	
384	382	8f9594f3a93690d3	4			yes					-1	-1	-1	-1	
385	376	709509226afe4d0d	5			yes					-1	-1	-1	-1	-1	
386	376	e07e9261bb846c85	3			yes					387	388	-1	
387	386	ee03ce9e37daf6c0	5			yes					-1	-1	-1	-1	-1	
388	386	39df252e68bb9fb8	5			yes					-1	-1	-1	-1	389	
389	388	af012de73083d773	4			yes					-1	-1	-1	-1	
390	375	8273c3988dbb134d	4			yes					-1	391	396	397	
391	390	c7906549cf9c7717	5			yes					392	-1	393	394	395	
392	391	7b38db3e3c737310	4			yes					-1	-1	-1	-1	
393	391	c9d6382fa6fd7558	4			yes					-1	-1	-1	-1	
394	391	ff3b4b4890de9fd3	4			yes					-1	-1	-1	-1	
395	391	6ab4bfe055115b0f	4			yes					-1	-1	-1	-1	
396	390	204933d9beb30d27	5			yes					-1	-1	-1	-1	-1	
397	390	7a2726039ce4dd1b	3			yes					-1	398	-1	
398	397	4f33d8e313788960	5			yes					-1	-1	-1	-1	-1	
399	375	34cbd966e7d509c4	4			yes					-1	-1	400	401	
400	399	11731d90ada39cf1	5			yes					-1	-1	-1	-1	-1	
401	399	cc9f3cfdf68ac792	3			yes					-1	-1	-1	
402	375	5f73e810d2d45997	4			yes					-1	-1	-1	-1	
403	375	f1e185141261e1cd	4			yes					-1	-1	-1	-1	
404	0	6f2a162e91c73482	5			yes					-1	-1	-1	-1	405	
405	404	10a3c8a237cd4d8f	6			yes					406	423	434	441	444	446	
406	405	013cdfd79e28c0c7	5			yes					407	412	417	420	422	
407	406	8afa7cc010adfc11	4			yes					408	409	-1	410	
408	407	ecb50093ad01136a	5			yes					-1	-1	-1	-1	-1	
409	407	54b1493315df144a	5			yes					-1	-1	-1	-1	-1	
410	407	b12f404ce6fb5175	6			yes					-1	-1	-1	-1	-1	411	
411	410	67d1ac9a63a99751	5			yes					-1	-1	-1	-1	-1	
412	406	3c42663e7ac3e698	4			yes					-1	413	-1	414	
413	412	063b60b726664519	5			yes					-1	-1	-1	-1	-1	
414	412	572eab7a4cc51954	6			yes					-1	-1	415	-1	-1	416	
415	414	8862dad3f2512414	5			yes					-1	-1	-1	-1	-1	
416	414	81d047acc997df70	5			yes					-1	-1	-1	-1	-1	
417	406	9dd6afdca453f06c	4			yes					-1	-1	-1	418	
418	417	260b5f1ef100f06c	6			yes					-1	-1	-1	-1	-1	419	
419	418	69209cbb0b65a861	5			yes					-1	-1	-1	-1	-1	
420	406	087c3e73408df1e7	4			yes					-1	-1	-1	421	
421	420	2a526af550152a22	3			yes					-1	-1	-1	
422	406	23128b518eb01b02	4			yes					-1	-1	-1	-1	
423	405	9b656bb5b9487159	5			yes					-1	424	428	431	433	
424	423	a61bd25c5da35706	4			yes					-1	425	-1	426	
425	424	3ee789bb7c0e700d	5			yes					-1	-1	-1	-1	-1	
426	424	72a590ea37eb822e	6			yes					-1	-1	-1	-1	-1	427	
427	426	a45b7c3cb2b9440a	5			yes					-1	-1	-1	-1	-1	
428	423	078f1bbe833341f2	4			yes					-1	-1	-1	429	
429	428	00312ff2e4038cb2	6			yes					-1	-1	-1	-1	-1	430	
430	429	4f1aec571e66d4bf	5			yes					-1	-1	-1	-1	-1	
431	423	92258a1167ed4079	4			yes					-1	-1	-1	432	
432	431	b00bde9777759bbc	3			yes					-1	-1	-1	
433	423	b94b3f33a9d0aa9c	4			yes					-1	-1	-1	-1	
434	405	2ddd714bd3266bd0	5			yes					-1	-1	435	438	440	
435	434	b1370140e95d5b7b	4			yes					-1	-1	-1	436	
436	435	8a7bc2a216de54a2	6			yes					-1	-1	-1	-1	-1	437	
437	436	5c852e74938c9286	5			yes					-1	-1	-1	-1	-1	
438	434	249d90ef0d835af0	4			yes					-1	-1	-1	439	
439	438	06b3c4691d1b8135	3			yes					-1	-1	-1	
440	434	0ff325cdc3beb015	4			yes					-1	-1	-1	-1	
441	405	8c49b8a90db67d24	5			yes					-1	-1	-1	442	443	
442	441	8509590dd3134c04	4			yes					-1	-1	-1	-1	
443	441	ae67ec2f1d2ea6e1	4			yes					-1	-1	-1	-1	
444	405	19e32906e9687caf	5			yes					-1	-1	-1	-1	445	
445	444	3bcd7d80f9f0a76a	4			yes					-1	-1	-1	-1	
446	405	328d9c242755964a	5			yes					-1	-1	-1	-1	-1	
447	0	85c000bc7f27c07f	5			yes					-1	-1	-1	-1	-1	
