Number of nodes
132
ID	PID	Hash_Value			File_Number	Fully_Enumerated	Children
0	-1	defcba3824b0ad8f	6			yes					1	21	40	61	82	94	
1	0	c9521145ad493ea6	5			yes					2	6	13	17	20	
2	1	433b5163283109cb	4			yes					3	4	-1	5	
3	2	ce759e6865f3be6f	4			yes					-1	-1	-1	-1	
4	2	dd11e88ce43ff9d0	3			yes					-1	-1	-1	
5	2	c0be8f19f485a518	4			yes					-1	-1	-1	-1	
6	1	36fddd56e71502ba	4			yes					-1	7	9	10	
7	6	912703829fa9953f	4			yes					8	-1	-1	-1	
8	7	ed38975abc7e949f	3			yes					-1	-1	-1	
9	6	c01eed926243758e	4			yes					-1	-1	-1	-1	
10	6	3d10c7e11dc960ef	5			yes					-1	-1	-1	-1	12	
11	10	2c222cf877266867	4			no					-1	-1	-1	-2	
12	10	8ba8bb5d76aa83ca	4			yes					-1	-1	-1	-1	
13	1	c0f240964efe01d6	4			yes					-1	-1	14	15	
14	13	eee38089591082a7	4			yes					-1	-1	-1	-1	
15	13	fd77f9c18a243db2	5			yes					-1	-1	-1	-1	16	
16	15	4bcf857de147de97	4			yes					-1	-1	-1	-1	
17	1	146c9d2eda0f5d9c	4			yes					-1	-1	-1	18	
18	17	7c66dde62c933401	3			yes					-1	19	-1	
19	18	a8a5a158bc019604	4			yes					-1	-1	-1	-1	
20	1	a158518d5bd5573b	4			yes					-1	-1	-1	-1	
21	0	02bed1e102f334e2	5			yes					22	31	34	37	39	
22	21	a8f18973dfc92f56	4			yes					23	24	26	27	
23	22	fb490595df7ecc7f	4			yes					-1	-1	-1	-1	
24	22	4950ff702a58df51	4			yes					-1	-1	-1	25	
25	24	d69c93fa44f1e226	3			yes					-1	-1	-1	
26	22	370f81488b59af11	4			yes					-1	-1	-1	-1	
27	22	ca01ab3bf4d3ba70	5			yes					-1	28	-1	-1	30	
28	27	446fcdf71a94457a	4			yes					-1	-1	-1	-1	
29	27	23565bd49e1ea7aa	4			no					-1	-1	-1	-2	
30	27	7cb9d7879fb05955	4			yes					-1	-1	-1	-1	
31	21	16dbc5e2bf572e63	4			yes					-1	32	-1	33	
32	31	e07bf0eca05ac15b	4			yes					-1	-1	-1	-1	
33	31	7388e4553e9204af	4			yes					-1	-1	-1	-1	
34	21	0b1e8032e1440b92	4			yes					-1	-1	35	36	
35	34	63a63032617a5be7	4			yes					-1	-1	-1	-1	
36	34	9f3dd4bfd41372a3	4			yes					-1	-1	-1	-1	
37	21	df805d8a75b557d8	4			yes					-1	-1	-1	38	
38	37	b78a1d4283293e45	3			yes					-1	-1	-1	
39	21	6ab49129f46f5d7f	4			yes					-1	-1	-1	-1	
40	0	72e0966bd33aa27d	5			yes					41	48	55	57	60	
41	40	d8afcef90e00b9c9	4			yes					42	44	45	46	
42	41	6c3d072ff11efc29	4			yes					-1	-1	-1	43	
43	42	f3f16ba59fb7c15e	3			yes					-1	-1	-1	
44	41	15a5f035b1681b08	3			yes					-1	-1	-1	
45	41	9cab815f3fc3bd95	4			yes					-1	-1	-1	-1	
46	41	61a5ab2c4049a8f4	5			yes					-1	-1	-1	-1	47	
47	46	d71dd7902b2a4bd1	4			yes					-1	-1	-1	-1	
48	40	08ab21b939dd40ae	4			yes					-1	49	50	51	
49	48	876cbb1930608b55	4			yes					-1	-1	-1	-1	
50	48	9ef439d540f6ac21	4			yes					-1	-1	-1	-1	
51	48	63fa13a63f7cb940	5			yes					-1	-1	53	-1	54	
52	51	c7c2aa3a32ec24dc	4			no					-1	-2	-2	-2	
53	51	8aade34955b1a49a	4			yes					-1	-1	-1	-1	
54	51	d5426f1a541f5a65	4			yes					-1	-1	-1	-1	
55	40	653023e3b607f3c0	4			yes					-1	-1	-1	56	
56	55	1dfd2852301b45b4	4			yes					-1	-1	-1	-1	
57	40	afde1a00a47cc147	4			yes					-1	-1	-1	58	
58	57	c7d45ac852e0a8da	3			yes					-1	-1	-1	
59	58	f64f751f9eb44fab	4			no					-1	-1	-2	-1	
60	40	1aead6a325a6cbe0	4			yes					-1	-1	-1	-1	
61	0	991cd5c1848a6f03	5			yes					62	71	76	80	81	
62	61	33538d5359b074b7	4			yes					63	65	-1	67	
63	62	5a29213dde83b038	4			yes					-1	-1	-1	64	
64	63	c5e54db7b02a8d4f	3			yes					-1	-1	-1	
65	62	48398a87029e3889	4			yes					-1	-1	-1	66	
66	65	d7f5e60d6c3705fe	3			yes					-1	-1	-1	
67	62	5dd40201ca752428	5			yes					-1	68	-1	-1	70	
68	67	d3ba64cd2432db22	4			yes					-1	-1	-1	-1	
69	67	3a87bee41569152c	4			no					-1	-2	-2	-2	
70	67	eb6c7ebda116c70d	4			yes					-1	-1	-1	-1	
71	61	e35762136e6d8dd0	4			yes					-1	72	-1	74	
72	71	90c338369e485dbc	4			yes					-1	-1	-1	73	
73	72	0f0f54bcf0e160cb	3			yes					-1	-1	-1	
74	71	bff0738f0aa29ec3	5			yes					-1	-1	-1	-1	75	
75	74	09480f3361c17de6	4			yes					-1	-1	-1	-1	
76	61	66b319d2ced6531f	4			yes					-1	-1	-1	77	
77	76	3de8444207d2f4d0	5			yes					-1	78	-1	-1	79	
78	77	2cdaaf5b6d3dfc58	4			yes					-1	-1	-1	-1	
79	77	8b5038fe6cb117f5	4			yes					-1	-1	-1	-1	
80	61	47a1639b8b1dace6	4			yes					-1	-1	-1	-1	
81	61	f11695097216069e	4			yes					-1	-1	-1	-1	
82	0	03f3c23304e3b97e	5			yes					83	87	90	92	93	
83	82	a9bc9aa1d9d9a2ca	4			yes					84	85	86	-1	
84	83	5b81d971b934f994	4			yes					-1	-1	-1	-1	
85	83	22ad623e7eb9b254	4			yes					-1	-1	-1	-1	
86	83	831c78a47a723719	4			yes					-1	-1	-1	-1	
87	82	79b875e1ee045bad	4			yes					-1	88	89	-1	
88	87	a2b9b0baac8edd45	4			yes					-1	-1	-1	-1	
89	87	6138092abaa58df2	4			yes					-1	-1	-1	-1	
90	82	fc5c0e204ebf8562	4			yes					-1	-1	91	-1	
91	90	5cad35c7e5480fca	4			yes					-1	-1	-1	-1	
92	82	0a5393e0e754860e	4			yes					-1	-1	-1	-1	
93	82	260b72809e36fa0b	4			yes					-1	-1	-1	-1	
94	0	a71f4da6a59576f8	5			yes					95	103	111	119	126	
95	94	043a501a97a17ecb	5			yes					96	97	100	102	-1	
96	95	86d03c20f932833a	4			yes					-1	-1	-1	-1	
97	95	fb959c09ddfd42d7	4			yes					-1	98	99	-1	
98	97	c08fb5ff34a39a37	4			yes					-1	-1	-1	-1	
99	97	28963d21fb02087d	4			yes					-1	-1	-1	-1	
100	95	0d9a01c9741641bb	4			yes					-1	-1	101	-1	
101	100	ac87c85c79950598	5			yes					-1	-1	-1	-1	-1	
102	95	d904dc71e0e71df1	4			yes					-1	-1	-1	-1	
103	94	cfd690be381b748f	5			yes					104	107	108	110	-1	
104	103	6599c82ce5216f3b	4			yes					-1	105	106	-1	
105	104	264a5c7f22252721	4			yes					-1	-1	-1	-1	
106	104	df8751fb1218d2e2	4			yes					-1	-1	-1	-1	
107	103	35e6576c3325228d	4			yes					-1	-1	-1	-1	
108	103	c676c16ddbac4bff	4			yes					-1	-1	109	-1	
109	108	0cbc933d6907a397	4			yes					-1	-1	-1	-1	
110	103	12e81cd54f5d17b5	4			yes					-1	-1	-1	-1	
111	94	bf88d734e9d2e210	5			yes					112	115	117	118	-1	
112	111	15c78fa634e8f9a4	4			yes					113	-1	114	-1	
113	112	0327a420f9630459	4			yes					-1	-1	-1	-1	
114	112	742351eca682c066	4			yes					-1	-1	-1	-1	
115	111	c5c360e6033500c3	4			yes					-1	-1	116	-1	
116	115	767ce966d9b7d1d2	4			yes					-1	-1	-1	-1	
117	111	18a898bb1ae4060b	4			yes					-1	-1	-1	-1	
118	111	62b65b5f9e94812a	4			yes					-1	-1	-1	-1	
119	94	5474949ebe622f6e	5			yes					120	123	125	-1	-1	
120	119	fe3bcc0c635834da	4			yes					121	122	-1	-1	
121	120	35338232d6fe4848	4			yes					-1	-1	-1	-1	
122	120	272329880ae3c0f9	4			yes					-1	-1	-1	-1	
123	119	2e3f234c5485cdbd	4			yes					-1	124	-1	-1	
124	123	ffd99b399635a5cc	4			yes					-1	-1	-1	-1	
125	119	abdb588df43e1372	4			yes					-1	-1	-1	-1	
126	94	3e8ad5f993476557	5			yes					127	128	130	131	-1	
127	126	94c58d6b4e7d7ee3	4			yes					-1	-1	-1	-1	
128	126	44c1622b79a08784	4			yes					-1	129	-1	-1	
129	128	e3f2ffbbc61b2368	4			yes					-1	-1	-1	-1	
130	126	c12519ead91b594b	4			yes					-1	-1	-1	-1	
131	126	372a842a70f05a27	4			yes					-1	-1	-1	-1	
