Number of nodes
418
ID	PID	Hash_Value			File_Number	Fully_Enumerated	Children
0	-1	d7d93f20fe4c566b	6			yes					1	126	227	311	373	417	
1	0	965deb20405abaf0	5			yes					2	46	67	84	98	
2	1	a5cf5782be22c80e	5			yes					3	13	28	38	45	
3	2	156a16b5c34e1f82	4			yes					4	5	7	9	
4	3	4a12279006303a47	4			yes					-1	-1	-1	-1	
5	3	8e40726448cc96bf	4			yes					-1	6	-1	-1	
6	5	8680d11d16bb1b72	3			yes					-1	-1	-1	
7	3	2a6c5f6bc106e6f9	4			yes					-1	-1	-1	-1	
8	7	a3a7f8b36361ef28	3			no					-1	-2	-1	
9	3	b7557d0b3a6ae306	3			yes					10	11	12	
10	9	312866fa20c0b4a8	4			yes					-1	-1	-1	-1	
11	9	fa20e12606986b31	4			yes					-1	-1	-1	-1	
12	9	5696b462ba454d97	5			yes					-1	-1	-1	-1	-1	
13	2	6a85359b4b06899a	4			yes					-1	14	20	24	
14	13	63b1e3cecd968ee2	5			yes					15	17	-1	18	19	
15	14	f9aad1c5f37c8a77	4			yes					16	-1	-1	-1	
16	15	08d90fc680876f95	3			yes					-1	-1	-1	
17	14	92c23dcdbe6d6b00	4			yes					-1	-1	-1	-1	
18	14	9cd74ee1b2114a64	4			yes					-1	-1	-1	-1	
19	14	08c84921dd9a627c	4			yes					-1	-1	-1	-1	
20	13	ec95f49990e5e538	5			yes					21	22	-1	-1	23	
21	20	768ec692ae0fe1ad	4			yes					-1	-1	-1	-1	
22	20	1de62a9ae31e00da	4			yes					-1	-1	-1	-1	
23	20	27a7261d3a463d47	4			yes					-1	-1	-1	-1	
24	13	c5c4971e914fc82a	5			yes					25	26	-1	-1	27	
25	24	5fdfa515afa5ccbf	4			yes					-1	-1	-1	-1	
26	24	34b7491de2b42dc8	4			yes					-1	-1	-1	-1	
27	24	df2ef03df043465d	4			yes					-1	-1	-1	-1	
28	2	2ecc444546b475fb	4			yes					-1	-1	29	34	
29	28	8a08207774af4188	5			yes					30	31	32	-1	33	
30	29	1013127c4a45451d	4			yes					-1	-1	-1	-1	
31	29	7b7bfe740754a46a	4			yes					-1	-1	-1	-1	
32	29	f514ffab3c123680	4			yes					-1	-1	-1	-1	
33	29	e5de220fbc58f384	4			yes					-1	-1	-1	-1	
34	28	6e83342d91f6ee9e	5			yes					35	36	37	-1	-1	
35	34	f4980626af1cea0b	4			yes					-1	-1	-1	-1	
36	34	9ff0ea2ee20d0b7c	4			yes					-1	-1	-1	-1	
37	34	119febf1d94b9996	4			yes					-1	-1	-1	-1	
38	2	56d35b5789fad769	4			yes					-1	-1	-1	39	
39	38	c23561692d2bc838	6			yes					40	41	42	43	-1	44	
40	39	582e536213c1ccad	5			yes					-1	-1	-1	-1	-1	
41	39	3346bf6a5ed02dda	5			yes					-1	-1	-1	-1	-1	
42	39	bd29beb56596bf30	5			yes					-1	-1	-1	-1	-1	
43	39	4bfec6b18f4cc1e9	5			yes					-1	-1	-1	-1	-1	
44	39	0950aaab9adc54a1	5			yes					-1	-1	-1	-1	-1	
45	2	07f03c3c4706348a	4			yes					-1	-1	-1	-1	
46	1	9c1f3e20c37d2b07	4			yes					47	53	59	66	
47	46	adcc31bc0af84bbe	3			yes					48	49	50	
48	47	5096154ccb071236	4			yes					-1	-1	-1	-1	
49	47	3bc846945c81c351	4			yes					-1	-1	-1	-1	
50	47	c72b5a9b30d0907b	5			yes					-1	-1	51	-1	52	
51	50	4ee0fd4392b799aa	4			yes					-1	-1	-1	-1	
52	50	22090cf76dce3dca	4			yes					-1	-1	-1	-1	
53	46	60f068f70779835a	3			yes					-1	54	56	
54	53	09f25fe38d166304	5			yes					-1	-1	-1	-1	55	
55	54	a89cceb254e67be0	4			yes					-1	-1	-1	-1	
56	53	c37901a4dc53c6ad	5			yes					57	58	-1	-1	-1	
57	56	596233afe2b9c238	4			yes					-1	-1	-1	-1	
58	56	6848aee95ec9d4df	4			yes					-1	-1	-1	-1	
59	46	6f0332f5f4a53460	3			yes					-1	-1	60	
60	59	64c503fa3b61ff1a	6			yes					61	62	63	64	-1	65	
61	60	fede31f1058bfb8f	5			yes					-1	-1	-1	-1	-1	
62	60	cff4acb7b9fbed68	5			yes					-1	-1	-1	-1	-1	
63	60	e76bcffb94f748a0	5			yes					-1	-1	-1	-1	-1	
64	60	ed0ea4229906f6cb	5			yes					-1	-1	-1	-1	-1	
65	60	afa0c8388c966383	5			yes					-1	-1	-1	-1	-1	
66	46	3e20559e3a59d783	3			yes					-1	-1	-1	
67	1	70abf13e7836deb0	4			yes					68	73	81	83	
68	67	4178fea2b1b3be09	3			yes					69	-1	70	
69	68	1e89f05a433674ab	4			yes					-1	-1	-1	-1	
70	68	bc87cbb13e6fc9d7	5			yes					-1	-1	71	-1	72	
71	70	5f44e4bc0f30bc02	4			yes					-1	-1	-1	-1	
72	70	59a59ddd63716466	4			yes					-1	-1	-1	-1	
73	67	bfe193278d129f24	3			yes					-1	74	76	
74	73	54982eb53553b37d	5			yes					-1	-1	-1	-1	75	
75	74	4eb6b3517a1895e1	4			yes					-1	-1	-1	-1	
76	73	05fda3f0da296f49	5			yes					77	78	79	80	-1	
77	76	9fe691fbe4c36bdc	4			yes					-1	-1	-1	-1	
78	76	aecc0cbd58b37d3b	4			yes					-1	-1	-1	-1	
79	76	ccc2772b80acda32	4			yes					-1	-1	-1	-1	
80	76	c51fa0e705378e46	4			yes					-1	-1	-1	-1	
81	67	5ca6063bc585dda9	3			yes					-1	-1	82	
82	81	1c7157d4b9e92fbf	5			yes					-1	-1	-1	-1	-1	
83	67	d2949a8081122234	3			yes					-1	-1	-1	
84	1	1e5053366d8d600e	4			yes					85	88	95	97	
85	84	2f835caaa40800b7	3			yes					86	87	-1	
86	85	e425c58e635b9c11	5			yes					-1	-1	-1	-1	-1	
87	85	4b2a70a6ea05ae71	5			yes					-1	-1	-1	-1	-1	
88	84	d11a312f98a9219a	3			yes					-1	89	94	
89	88	c45f6cce9984a857	5			yes					90	91	-1	92	93	
90	89	5e445ec5a76eacc2	4			yes					-1	-1	-1	-1	
91	89	6f6ec3831b1eba25	4			yes					-1	-1	-1	-1	
92	89	c7fc7d0122be9869	4			yes					-1	-1	-1	-1	
93	89	ae4f848fe8466154	4			yes					-1	-1	-1	-1	
94	88	486787ee22977f2e	5			yes					-1	-1	-1	-1	-1	
95	84	955340f1951bddfb	3			yes					-1	-1	96	
96	95	7fca10d0d53a6c4d	5			yes					-1	-1	-1	-1	-1	
97	84	759a7e42c4379cd8	3			yes					-1	-1	-1	
98	1	386b229d90cddc6e	5			yes					99	106	118	124	125	
99	98	09b82d015948bcd7	4			yes					100	102	104	-1	
100	99	83ed0c96818ddf9c	5			yes					-1	-1	-1	-1	101	
101	100	2c224a13b08c6ee4	4			yes					-1	-1	-1	-1	
102	99	69ec129fdc070180	5			yes					-1	-1	-1	-1	103	
103	102	c623541aed06b0f8	4			yes					-1	-1	-1	-1	
104	99	37ad62de2e1aae09	5			yes					-1	-1	-1	-1	105	
105	104	9862245b1f1b1f71	4			yes					-1	-1	-1	-1	
106	98	f721408465e99dfa	4			yes					-1	107	112	116	
107	106	e22bfc97d6e86cb1	5			yes					108	109	-1	110	111	
108	107	7830ce9ce8026824	4			yes					-1	-1	-1	-1	
109	107	491a53da54727ec3	4			yes					-1	-1	-1	-1	
110	107	1d4d51b8a96fa837	4			yes					-1	-1	-1	-1	
111	107	528a386f2cfb95ec	4			yes					-1	-1	-1	-1	
112	106	e2bc9e60c5954a13	5			yes					113	114	-1	-1	115	
113	112	78a7ac6bfb7f4e86	4			yes					-1	-1	-1	-1	
114	112	498d312d470f5861	4			yes					-1	-1	-1	-1	
115	112	7de55753cb27cad7	4			yes					-1	-1	-1	-1	
116	106	49cc108e06cbc22b	3			yes					-1	117	-1	
117	116	b7a86e0371e5385d	5			yes					-1	-1	-1	-1	-1	
118	98	b368315a685b619b	4			yes					-1	-1	119	123	
119	118	6e1e1acfb972128a	5			yes					120	121	122	-1	-1	
120	119	f40528c48798161f	4			yes					-1	-1	-1	-1	
121	119	c52fb5823be800f8	4			yes					-1	-1	-1	-1	
122	119	1102c513f1cf6582	4			yes					-1	-1	-1	-1	
123	118	0d8561500b793e4a	3			yes					-1	-1	-1	
124	98	cb772e48a715c309	4			yes					-1	-1	-1	-1	
125	98	86867297f3ef83bf	4			yes					-1	-1	-1	-1	
126	0	c7eca02a5ad8fb8e	5			yes					-1	127	170	186	199	
127	126	2c60bc1a7e7be1e1	5			yes					128	146	152	162	169	
128	127	c37b5de22aa8a4c9	4			yes					129	130	136	141	
129	128	eca2aef1fc2035a1	4			yes					-1	-1	-1	-1	
130	128	1ba447b22bab8e72	5			yes					131	132	133	134	135	
131	130	83905f02f2023c9e	4			yes					-1	-1	-1	-1	
132	130	3d0d9c9366ea86db	4			yes					-1	-1	-1	-1	
133	130	95ea49fedb3a91f1	4			yes					-1	-1	-1	-1	
134	130	b7cbf3b60f61606d	4			yes					-1	-1	-1	-1	
135	130	9cbc79d940b34bd9	4			yes					-1	-1	-1	-1	
136	128	cfd53177cc03c4a2	5			yes					137	138	139	-1	140	
137	136	57e129c715aa764e	4			yes					-1	-1	-1	-1	
138	136	e97cea568142cc0b	4			yes					-1	-1	-1	-1	
139	136	77bca71d8f1cd290	4			yes					-1	-1	-1	-1	
140	136	04e7e3f366a01cdd	4			yes					-1	-1	-1	-1	
141	128	6fb1446e3cee2682	5			yes					142	143	144	-1	145	
142	141	f7855cdee547946e	4			yes					-1	-1	-1	-1	
143	141	49189f4f71af2e2b	4			yes					-1	-1	-1	-1	
144	141	d7d8d2047ff130b0	4			yes					-1	-1	-1	-1	
145	141	e0724ef89655a13c	4			yes					-1	-1	-1	-1	
146	127	353b955462b91b3e	4			yes					-1	147	148	149	
147	146	195bdaa8c4bce189	5			yes					-1	-1	-1	-1	-1	
148	146	fe2119ccea69292a	4			yes					-1	-1	-1	-1	
149	146	9704feea9b9de7ba	3			yes					150	151	-1	
150	149	2028267ec1b47b41	4			yes					-1	-1	-1	-1	
151	149	76c23ed300c0237e	5			yes					-1	-1	-1	-1	-1	
152	127	a763afdd86ed5c14	4			yes					-1	-1	153	158	
153	152	b1ce8c0baffef07f	5			yes					154	155	156	-1	157	
154	153	eca101a1ad6e85af	4			yes					-1	-1	-1	-1	
155	153	40bd5208dc05159d	4			yes					-1	-1	-1	-1	
156	153	3260400a006847c5	4			yes					-1	-1	-1	-1	
157	153	de188e7367094273	4			yes					-1	-1	-1	-1	
158	152	554598514aa75f69	5			yes					159	160	161	-1	-1	
159	158	082a15fb48372ab9	4			yes					-1	-1	-1	-1	
160	158	a4364652395cba8b	4			yes					-1	-1	-1	-1	
161	158	d6eb5450e531e8d3	4			yes					-1	-1	-1	-1	
162	127	df7cb0cf49a3fe86	4			yes					-1	-1	-1	163	
163	162	f9f3cd15f67a79cf	6			yes					164	165	166	167	-1	168	
164	163	a49c40bff4ea0c1f	5			yes					-1	-1	-1	-1	-1	
165	163	0880131685819c2d	5			yes					-1	-1	-1	-1	-1	
166	163	7a5d011459ecce75	5			yes					-1	-1	-1	-1	-1	
167	163	70386acd541d701e	5			yes					-1	-1	-1	-1	-1	
168	163	329606d7418de556	5			yes					-1	-1	-1	-1	-1	
169	127	8e5fd7a4875f1d65	4			yes					-1	-1	-1	-1	
170	126	7a9b70bc6c68ecbb	4			yes					171	179	183	185	
171	170	9580914438bba993	3			yes					172	173	174	
172	171	2d4c46328c268341	4			yes					-1	-1	-1	-1	
173	171	08ddcfd846601f0e	4			yes					-1	-1	-1	-1	
174	171	a7f85d7e40442668	5			yes					175	176	177	178	-1	
175	174	3fcc45ce99ed9484	4			yes					-1	-1	-1	-1	
176	174	4eede2fbc0d30b9e	4			yes					-1	-1	-1	-1	
177	174	8cc94d5865e253cf	4			yes					-1	-1	-1	-1	
178	174	671a5e699f5ac767	4			yes					-1	-1	-1	-1	
179	170	61297d431044bab5	3			yes					-1	-1	180	
180	179	165afb8588e58910	5			yes					181	-1	-1	-1	182	
181	180	4b35762f8a75fcc0	4			yes					-1	-1	-1	-1	
182	180	f378ade9d5fb24a1	4			yes					-1	-1	-1	-1	
183	170	569687b9d1dbefa2	3			yes					-1	-1	184	
184	183	8147993b74f2a96a	5			yes					-1	-1	-1	-1	-1	
185	170	d8a41b02954c103f	3			yes					-1	-1	-1	
186	126	1460d2b479d35205	4			yes					187	194	196	198	
187	186	fb7b334c2d00172d	3			yes					188	189	193	
188	187	d975ba6f01cf68b4	5			yes					-1	-1	-1	-1	-1	
189	187	fe5d29fc0a077b16	5			yes					-1	190	-1	191	192	
190	189	174896798a9056e0	4			yes					-1	-1	-1	-1	
191	189	b205e8f08e290457	4			yes					-1	-1	-1	-1	
192	189	952483131a0b9788	4			yes					-1	-1	-1	-1	
193	187	d9f5482e30ba464f	5			yes					-1	-1	-1	-1	-1	
194	186	0fd2df4b05ff040b	3			yes					-1	195	-1	
195	194	21a3e336c6c42bcd	5			yes					-1	-1	-1	-1	-1	
196	186	9f63c1738145eff0	3			yes					-1	-1	197	
197	196	e2fcde3f1821ea98	5			yes					-1	-1	-1	-1	-1	
198	186	7faaffc0d069aed3	3			yes					-1	-1	-1	
199	126	325ba31f8493ee65	5			yes					200	214	219	225	226	
200	199	dd4042e7d040ab4d	4			yes					201	203	208	210	
201	200	34d4d95e8149a8fc	5			yes					-1	-1	-1	-1	202	
202	201	9b1b9fdbb0481984	4			yes					-1	-1	-1	-1	
203	200	14f8a7bcd03ba4ee	5			yes					204	205	-1	206	207	
204	203	8cccbf0c09921602	4			yes					-1	-1	-1	-1	
205	203	fded183950ac8918	4			yes					-1	-1	-1	-1	
206	203	48e372f96b6db4e2	4			yes					-1	-1	-1	-1	
207	203	a45963442a285db3	4			yes					-1	-1	-1	-1	
208	200	05496d93e309557e	5			yes					-1	-1	-1	-1	209	
209	208	aa862b16d208e406	4			yes					-1	-1	-1	-1	
210	200	63ad12edb362f49c	3			yes					-1	211	212	
211	210	417b35287736f002	5			yes					-1	-1	-1	-1	-1	
212	210	3626203bbf917b5d	5			yes					-1	-1	-1	-1	213	
213	212	fd43ebf90866e7c4	4			yes					-1	-1	-1	-1	
214	199	29e9aee0f8bfb86b	4			yes					-1	215	217	-1	
215	214	5cc5b6488fce3a83	5			yes					-1	-1	-1	-1	216	
216	215	f30af0cdbecf8bfb	4			yes					-1	-1	-1	-1	
217	214	e3e02479057561da	5			yes					-1	-1	-1	-1	218	
218	217	4c2f62fc3474d0a2	4			yes					-1	-1	-1	-1	
219	199	b958b0d87c055390	4			yes					-1	-1	220	224	
220	219	f328d4207469945f	5			yes					221	222	223	-1	-1	
221	220	ae47598a76f9e18f	4			yes					-1	-1	-1	-1	
222	220	025b0a23079271bd	4			yes					-1	-1	-1	-1	
223	220	8c340bfc3cd4e357	4			yes					-1	-1	-1	-1	
224	219	07b5e0d21f270c41	3			yes					-1	-1	-1	
225	199	c147afcab34bf102	4			yes					-1	-1	-1	-1	
226	199	8cb6f315e7b1b1b4	4			yes					-1	-1	-1	-1	
227	0	0291ed05350fc312	5			yes					-1	-1	228	271	285	
228	227	d43f6ecf68d1f0f8	5			yes					229	246	258	263	270	
229	228	3b248f373c02b5d0	4			yes					230	236	237	242	
230	229	d1658d2bb127c6cf	5			yes					231	232	233	234	235	
231	230	57471a3bbeef9d9a	4			yes					-1	-1	-1	-1	
232	230	342946fdee77c07d	4			yes					-1	-1	-1	-1	
233	230	32a6a2268078b31a	4			yes					-1	-1	-1	-1	
234	230	ebd4d92471cbc4ac	4			yes					-1	-1	-1	-1	
235	230	ba1c27c4a12b2a51	4			yes					-1	-1	-1	-1	
236	229	aed22cba6ded0150	4			yes					-1	-1	-1	-1	
237	229	32b57fce58d87af4	5			yes					-1	238	239	240	241	
238	237	0ec9ab8835eebaaa	4			yes					-1	-1	-1	-1	
239	237	eedbb7c3404f2511	4			yes					-1	-1	-1	-1	
240	237	aef97320a85a374b	4			yes					-1	-1	-1	-1	
241	237	5d637db6902fc8f8	4			yes					-1	-1	-1	-1	
242	229	3cc79b355c714992	5			yes					-1	243	244	245	-1	
243	242	00bb4f73314789cc	4			yes					-1	-1	-1	-1	
244	242	e0a9533844e61677	4			yes					-1	-1	-1	-1	
245	242	fc259822836fa89d	4			yes					-1	-1	-1	-1	
246	228	03671e6a71566f1d	4			yes					-1	247	248	253	
247	246	a487f1b263c9efca	4			yes					-1	-1	-1	-1	
248	246	acf22f5bf48893a9	5			yes					249	-1	250	251	252	
249	248	f19da2f1f618e679	4			yes					-1	-1	-1	-1	
250	248	709ce756ec1fcc4c	4			yes					-1	-1	-1	-1	
251	248	30be23b5040ade16	4			yes					-1	-1	-1	-1	
252	248	c3242d233c7f21a5	4			yes					-1	-1	-1	-1	
253	246	a280cba0f021a0cf	5			yes					254	255	256	257	-1	
254	253	ffef460af2b1d51f	4			yes					-1	-1	-1	-1	
255	253	7ce9afca26dbe6e0	4			yes					-1	-1	-1	-1	
256	253	7eee03ade8b6ff2a	4			yes					-1	-1	-1	-1	
257	253	6262c8b72f3f41c0	4			yes					-1	-1	-1	-1	
258	228	6960f63683a8392e	4			yes					-1	-1	259	260	
259	258	ce86e042b16c1241	5			yes					-1	-1	-1	-1	-1	
260	258	cb5f9d887a8cc5aa	3			yes					261	262	-1	
261	260	2e7ccbdd7b6d8627	4			yes					-1	-1	-1	-1	
262	260	db7246eece39102d	5			yes					-1	-1	-1	-1	-1	
263	228	2723621a5f09ef9f	4			yes					-1	-1	-1	264	
264	263	c9b9348e9423f25b	6			yes					265	266	267	268	-1	269	
265	264	94d6b92496b3878b	5			yes					-1	-1	-1	-1	-1	
266	264	62889bc316b9e029	5			yes					-1	-1	-1	-1	-1	
267	264	4a17f88f3bb545e1	5			yes					-1	-1	-1	-1	-1	
268	264	2a7a1b83a57c878e	5			yes					-1	-1	-1	-1	-1	
269	264	02dcff4c23d46ec2	5			yes					-1	-1	-1	-1	-1	
270	228	7600057191f50c7c	4			yes					-1	-1	-1	-1	
271	227	af66eafe20ea8e46	4			yes					272	280	283	284	
272	271	407d0b067439cb6e	3			yes					273	278	279	
273	272	d4832816cc328ab3	5			yes					-1	274	275	276	277	
274	273	31cfe3c093628c01	4			yes					-1	-1	-1	-1	
275	273	5d488fce6e558362	4			yes					-1	-1	-1	-1	
276	273	80b5135f833d9d35	4			yes					-1	-1	-1	-1	
277	273	be93c057bdf043b0	4			yes					-1	-1	-1	-1	
278	272	ed6994f0ad9fce45	5			yes					-1	-1	-1	-1	-1	
279	272	92b9498a63c2c9c3	5			yes					-1	-1	-1	-1	-1	
280	271	783e9a5b396d11a3	3			yes					-1	281	282	
281	280	3a23b13f2adc13d5	5			yes					-1	-1	-1	-1	-1	
282	280	0cfe191fcf92209e	5			yes					-1	-1	-1	-1	-1	
283	271	5389bc29e4ee261b	3			yes					-1	-1	-1	
284	271	c4acc78a89507290	3			yes					-1	-1	-1	
285	227	895d9b55ddaa3226	5			yes					286	299	306	309	310	
286	285	66467aad8979770e	4			yes					287	292	294	297	
287	286	60b56be9c800af08	5			yes					-1	288	289	290	291	
288	287	85f9a03f9750a9ba	4			yes					-1	-1	-1	-1	
289	287	e97ecc316a67a6d9	4			yes					-1	-1	-1	-1	
290	287	5a043fe608ecad6b	4			yes					-1	-1	-1	-1	
291	287	d014af1132135655	4			yes					-1	-1	-1	-1	
292	286	9ba4ad2b5a6284b0	5			yes					-1	-1	-1	-1	293	
293	292	346bebae6b6335c8	4			yes					-1	-1	-1	-1	
294	286	3862500484c0fcfe	5			yes					-1	295	-1	-1	296	
295	294	041e8442e9f63ca0	4			yes					-1	-1	-1	-1	
296	294	a73b99378a727c3a	4			yes					-1	-1	-1	-1	
297	286	d8ab2aa7ea5b28df	3			yes					298	-1	-1	
298	297	3536f97d6f0dfbe4	5			yes					-1	-1	-1	-1	-1	
299	285	5e05ebf0c42dadc3	4			yes					-1	300	302	305	
300	299	3e32c2500a3e16d9	5			yes					-1	-1	-1	-1	301	
301	300	91fd84d53b3fa7a1	4			yes					-1	-1	-1	-1	
302	299	a6250091289015a3	5			yes					303	-1	-1	-1	304	
303	302	fb4a8d3b2a006073	4			yes					-1	-1	-1	-1	
304	302	397cc9a226229567	4			yes					-1	-1	-1	-1	
305	299	e0e8bbfaa70ff212	3			yes					-1	-1	-1	
306	285	75b2cd8219ae9a7b	4			yes					-1	-1	307	-1	
307	306	70e4863bc778aa01	5			yes					-1	-1	-1	-1	308	
308	307	df2bc0bef6791b79	4			yes					-1	-1	-1	-1	
309	285	7a419780ea722d41	4			yes					-1	-1	-1	-1	
310	285	37b0cb5fbe886df7	4			yes					-1	-1	-1	-1	
311	0	589f52389f6dfca3	5			yes					-1	-1	-1	312	342	
312	311	f39357debe5fc683	5			yes					313	327	336	339	341	
313	312	1c88b626ea8c83ab	4			yes					314	319	323	326	
314	313	4f5bd65b5b0f39e8	5			yes					-1	315	316	317	318	
315	314	5bc76b15005af005	4			yes					-1	-1	-1	-1	
316	314	ac98f9566a504c3d	4			yes					-1	-1	-1	-1	
317	314	1b6ded1214002e6e	4			yes					-1	-1	-1	-1	
318	314	254b3e1a2acdf0eb	4			yes					-1	-1	-1	-1	
319	313	6bc7b8e3a8e5df79	5			yes					-1	-1	320	321	322	
320	319	dd2aaef172d67a75	4			yes					-1	-1	-1	-1	
321	319	279f79ef2ccba038	4			yes					-1	-1	-1	-1	
322	319	00be120cb8e933e7	4			yes					-1	-1	-1	-1	
323	313	e5616d1b16123aa4	3			yes					324	325	-1	
324	323	32b1c86652939823	4			yes					-1	-1	-1	-1	
325	323	6fe078237e7ddc70	4			yes					-1	-1	-1	-1	
326	313	5dbd384184822a29	5			yes					-1	-1	-1	-1	-1	
327	312	24cb277ba7d85966	4			yes					-1	328	333	335	
328	327	60774132a5fa97c2	5			yes					329	-1	330	331	332	
329	328	3d18cc98a76ae212	4			yes					-1	-1	-1	-1	
330	328	5ac1000dc927a5a0	4			yes					-1	-1	-1	-1	
331	328	34417a7beaf58044	4			yes					-1	-1	-1	-1	
332	328	0a67a973d4385ec1	4			yes					-1	-1	-1	-1	
333	327	dd22fc465b46e069	3			yes					-1	334	-1	
334	333	2663bbbb7a38c934	4			yes					-1	-1	-1	-1	
335	327	4e29908d03978423	5			yes					-1	-1	-1	-1	-1	
336	312	3cd935c74b7b8717	4			yes					-1	-1	337	338	
337	336	c530eefab7e53e18	3			yes					-1	-1	-1	
338	336	3dd15b7cccfa17a3	5			yes					-1	-1	-1	-1	-1	
339	312	0a7a8ce342c17f8c	4			yes					-1	-1	-1	340	
340	339	f709f344b8709b59	3			yes					-1	-1	-1	
341	312	0ee0287944ee2256	4			yes					-1	-1	-1	-1	
342	311	65e9544b66e1c791	5			yes					343	357	367	371	372	
343	342	8af2b5b3323282b9	4			yes					344	349	352	354	
344	343	fb6d95a45f3d1c53	5			yes					-1	345	346	347	348	
345	344	eff128ea0468d5be	4			yes					-1	-1	-1	-1	
346	344	18aebaa96e626986	4			yes					-1	-1	-1	-1	
347	344	c1dcc1ab9fd11e30	4			yes					-1	-1	-1	-1	
348	344	4bcc515ca52ee50e	4			yes					-1	-1	-1	-1	
349	343	29624160702c20bd	5			yes					-1	-1	-1	350	351	
350	349	9526808008ebb9dd	4			yes					-1	-1	-1	-1	
351	349	86ad07e5412d91c5	4			yes					-1	-1	-1	-1	
352	343	ef33866144aa832b	5			yes					-1	-1	-1	-1	353	
353	352	40fcc0e475ab3253	4			yes					-1	-1	-1	-1	
354	343	341fe5b95110dd68	3			yes					355	356	-1	
355	354	aeee0730f83048bf	5			yes					-1	-1	-1	-1	-1	
356	354	07e32f7fda28257f	4			yes					-1	-1	-1	-1	
357	342	b2b124ee7f665874	4			yes					-1	358	363	365	
358	357	d44102cda1c8b279	5			yes					359	-1	360	361	362	
359	358	892e8f67a358c7a9	4			yes					-1	-1	-1	-1	
360	358	eef743f2cd15801b	4			yes					-1	-1	-1	-1	
361	358	eef056c26124b01a	4			yes					-1	-1	-1	-1	
362	358	64e0c6355bdb4b24	4			yes					-1	-1	-1	-1	
363	357	8de5da62ea57f76c	5			yes					-1	-1	-1	-1	364	
364	363	222a9ce7db564614	4			yes					-1	-1	-1	-1	
365	357	0c5c74e41c4407a5	3			yes					-1	366	-1	
366	365	81c2905906c5e695	5			yes					-1	-1	-1	-1	-1	
367	342	aaa3365293c58605	4			yes					-1	-1	368	370	
368	367	e2f2fe4cde222f32	5			yes					-1	-1	-1	-1	369	
369	368	4d3db8c9ef239e4a	4			yes					-1	-1	-1	-1	
370	367	144e6658f0e7d9d4	3			yes					-1	-1	-1	
371	342	49e4a34edb52c488	4			yes					-1	-1	-1	-1	
372	342	db04044105c39840	4			yes					-1	-1	-1	-1	
373	0	8fe7f822c6c16a52	5			yes					-1	-1	-1	-1	374	
374	373	c8ad6fa35622dc20	6			yes					375	393	404	411	414	416	
375	374	27b68e5b02f19908	5			yes					376	382	388	390	392	
376	375	f0eefefe1b7606ed	4			yes					377	378	-1	379	
377	376	02add478ebd07d77	5			yes					-1	-1	-1	-1	-1	
378	376	829bd230c6453ada	5			yes					-1	-1	-1	-1	-1	
379	376	51026c2d38f15101	6			yes					-1	-1	-1	-1	-1	381	
380	379	01d33d3212455eba	5			no					-1	-1	-2	-2	-2	
381	379	1f92e7d093418354	5			yes					-1	-1	-1	-1	-1	
382	375	e8fcec42f7d5d89c	4			yes					-1	383	-1	384	
383	382	0a2dd925cd1eebeb	5			yes					-1	-1	-1	-1	-1	
384	382	0af5e92815d03dc3	6			yes					-1	-1	385	-1	-1	387	
385	384	b467dbdf30b36969	5			yes					-1	-1	-1	-1	-1	
386	384	5a24b8373f643278	5			no					-1	-1	-2	-2	-2	
387	384	446562d5be60ef96	5			yes					-1	-1	-1	-1	-1	
388	375	acb59d9cfa6724fd	4			yes					-1	-1	-1	389	
389	388	ff264d37bc64d463	5			yes					-1	-1	-1	-1	-1	
390	375	eefcacc61dd47fc8	4			yes					-1	-1	-1	391	
391	390	9311017b14356384	3			yes					-1	-1	-1	
392	375	5a5b23e60b108544	4			yes					-1	-1	-1	-1	
393	374	1ff51f064fa543c5	5			yes					-1	394	398	401	403	
394	393	d0bf7d1fba810251	4			yes					-1	395	-1	396	
395	394	e1fbdf28c0c30616	5			yes					-1	-1	-1	-1	-1	
396	394	5d2104a00a2c2125	6			yes					-1	-1	-1	-1	-1	397	
397	396	13b18f5da19cf370	5			yes					-1	-1	-1	-1	-1	
398	393	94f60cc1b733fe30	4			yes					-1	-1	-1	399	
399	398	186dc5e2614d15a1	6			yes					-1	-1	-1	-1	-1	400	
400	399	56fd4e1fcafdc7f4	5			yes					-1	-1	-1	-1	-1	
401	393	d6bf3d9b5080a505	4			yes					-1	-1	-1	402	
402	401	ab5290265961b949	3			yes					-1	-1	-1	
403	393	6218b2bb46445f89	4			yes					-1	-1	-1	-1	
404	374	07e70dbaa3069db4	5			yes					-1	-1	405	408	410	
405	404	8ce41e7d5b902041	4			yes					-1	-1	-1	406	
406	405	777ae1cc5538cdff	6			yes					-1	-1	-1	-1	-1	407	
407	406	39ea6a31fe881faa	5			yes					-1	-1	-1	-1	-1	
408	404	cead2f27bc237b74	4			yes					-1	-1	-1	409	
409	408	b340829ab5c26738	3			yes					-1	-1	-1	
410	404	7a0aa007aae781f8	4			yes					-1	-1	-1	-1	
411	374	43ae7c64aeb461d5	5			yes					-1	-1	-1	412	413	
412	411	8ae45ef9b1918715	4			yes					-1	-1	-1	-1	
413	411	3e43d1d9a7557d99	4			yes					-1	-1	-1	-1	
414	374	01e74d3e49073ae0	5			yes					-1	-1	-1	-1	415	
415	414	7c0ae08340e626ac	4			yes					-1	-1	-1	-1	
416	374	b540c21e5fc3c06c	5			yes					-1	-1	-1	-1	-1	
417	0	53813335886d42f6	5			yes					-1	-1	-1	-1	-1	
