Number of nodes
152
ID	PID	Hash_Value			File_Number	Fully_Enumerated	Children
0	-1	453818b5a0064c9f	5			yes					1	28	61	93	132	
1	0	27e7a7cca2e25b1c	5			yes					2	5	14	21	26	
2	1	415738dec453d2fa	4			yes					-1	3	4	-1	
3	2	50961dfa2faf53e0	3			yes					-1	-1	-1	
4	2	9f93a15109be37a7	3			yes					-1	-1	-1	
5	1	4be7d3a98364a525	4			yes					6	7	10	11	
6	5	39ab4655fee59bf9	3			yes					-1	-1	-1	
7	5	60798ce2c160046b	3			yes					-1	-1	9	
8	7	d5eb442cf14d4a9c	3			no					-1	-2	-2	
9	7	cf8484f6e2913096	4			yes					-1	-1	-1	-1	
10	5	a09e549bbbfd4c65	3			yes					-1	-1	-1	
11	5	a2c772c3b25317f9	4			yes					-1	-1	12	13	
12	11	1e14ae5866fc51a5	3			yes					-1	-1	-1	
13	11	c124a71f02b4f2a2	3			yes					-1	-1	-1	
14	1	2a79dbd97c96d0fb	4			yes					15	-1	16	18	
15	14	a72ad05b0a1dccfe	3			yes					-1	-1	-1	
16	14	7ed933d931a4effb	3			yes					-1	17	-1	
17	16	0e7cff9d9093bcbd	3			yes					-1	-1	-1	
18	14	ec3c953c6009132d	4			yes					-1	19	-1	20	
19	18	32457ed744770371	3			yes					-1	-1	-1	
20	18	8fdf40e0d0eef676	3			yes					-1	-1	-1	
21	1	901a5e228ac72098	4			yes					22	-1	-1	23	
22	21	9f47b10b24f9a1d2	3			yes					-1	-1	-1	
23	21	40a08a1074deaf8e	4			yes					-1	24	25	-1	
24	23	2e4278df26b61f3e	4			yes					-1	-1	-1	-1	
25	23	7f7fd93a803f862b	4			yes					-1	-1	-1	-1	
26	1	f131c22076b2bc6f	4			yes					27	-1	-1	-1	
27	26	9d1e97532d57fa4e	4			yes					-1	-1	-1	-1	
28	0	205bee23483bfab7	5			yes					29	38	41	50	55	
29	28	99b22129bdd3ef08	4			yes					-1	30	32	34	
30	29	986b229724cc77bc	3			yes					-1	-1	31	
31	30	c87bcaa255923bf3	4			yes					-1	-1	-1	-1	
32	29	a00643c70a281a90	3			yes					-1	33	-1	
33	32	5186b362e5486c2c	4			yes					-1	-1	-1	-1	
34	29	a25f659f0386410c	4			yes					-1	35	36	37	
35	34	57dc9ad1282e2a87	4			yes					-1	-1	-1	-1	
36	34	b7e92245a18fc771	4			yes					-1	-1	-1	-1	
37	34	c1bcb043b361a457	3			yes					-1	-1	-1	
38	28	c41341d532b0b2f8	4			yes					39	-1	40	-1	
39	38	f3cafd9d8730558b	3			yes					-1	-1	-1	
40	38	1ad7d85aff5d57a5	3			yes					-1	-1	-1	
41	28	2dc59236964f7150	4			yes					-1	44	45	47	
42	41	7ee7337fe348744f	3			yes					-1	-1	-1	
43	42	1f55e0718f530c42	3			no					-1	-1	-2	
44	41	76b818aa8c2cd1b9	4			yes					-1	-1	-1	-1	
45	41	d40293f34aab4892	3			yes					46	-1	-1	
46	45	fa6ae7a7c846b69c	3			yes					-1	-1	-1	
47	41	46e735161b06b444	4			yes					48	-1	-1	49	
48	47	3964cba1c00982f2	3			yes					-1	-1	-1	
49	47	2504e0caabe1511f	3			yes					-1	-1	-1	
50	28	97a617cd601e8133	4			yes					-1	51	-1	52	
51	50	1a03c800d21ac1d0	3			yes					-1	-1	-1	
52	50	ea7b2a3a0fd108e7	4			yes					53	-1	54	-1	
53	52	2cfd8079ee239c90	4			yes					-1	-1	-1	-1	
54	52	4e26bb64b457eacf	4			yes					-1	-1	-1	-1	
55	28	a09add93d548aa40	5			yes					56	-1	58	59	60	
56	55	974361db60c84d33	4			yes					-1	57	-1	-1	
57	56	e1bbea91eda6e55c	3			yes					-1	-1	-1	
58	55	b15bf8b73eb42b5a	4			yes					-1	-1	-1	-1	
59	55	7e5e441c18a54f1d	4			yes					-1	-1	-1	-1	
60	55	c379084f65af4f1b	4			yes					-1	-1	-1	-1	
61	0	6266087d8439af63	5			yes					62	72	78	81	87	
62	61	db8fc77771d1badc	4			yes					63	67	68	69	
63	62	6406e7cc9a392728	4			yes					-1	64	65	66	
64	63	cdefb47c65ed3bc7	3			yes					-1	-1	-1	
65	63	dff9ab9880300b7f	3			yes					-1	-1	-1	
66	63	30b915549929844a	4			yes					-1	-1	-1	-1	
67	62	5348dfc3acaba805	3			yes					-1	-1	-1	
68	62	8f5cd127a23786d7	3			yes					-1	-1	-1	
69	62	8d05f77fab99dd4b	4			yes					-1	-1	70	71	
70	69	f10d654cf514e094	3			yes					-1	-1	-1	
71	69	eee622a31b7e3810	3			yes					-1	-1	-1	
72	61	40e0552d07f8734e	4			yes					-1	-1	73	75	
73	72	0d3d0fa764b8aaf9	3			yes					74	-1	-1	
74	73	4e1297efaa022061	4			yes					-1	-1	-1	-1	
75	72	0f6429ff6d16f165	4			yes					76	-1	77	-1	
76	75	e7c512a185642774	4			yes					-1	-1	-1	-1	
77	75	c3844a7dacb740fa	4			yes					-1	-1	-1	-1	
78	61	39140f9a6d795e69	4			yes					79	80	-1	-1	
79	78	0ecdb3d2d8f9b91a	3			yes					-1	-1	-1	
80	78	1ecf036ebb2d330a	3			yes					-1	-1	-1	
81	61	d59bf193ac1cd4e7	4			yes					-1	-1	82	84	
82	81	5ea0ce69e4c1311f	4			yes					-1	-1	-1	83	
83	82	9e4597376414d05a	3			yes					-1	-1	-1	
84	81	adb8d08fb0d28980	4			yes					85	86	-1	-1	
85	84	dbdc611f19b6dfbb	4			yes					-1	-1	-1	-1	
86	84	fb17a6bd8fe341bc	4			yes					-1	-1	-1	-1	
87	61	e75927266a4b2b27	5			yes					88	90	-1	91	92	
88	87	d0809b6edfcbcc54	4			yes					89	-1	-1	-1	
89	88	10a4f26fdef1ae64	4			yes					-1	-1	-1	-1	
90	87	c0822bd2bc1f4644	4			yes					-1	-1	-1	-1	
91	87	399dbea9a7a6ce7a	4			yes					-1	-1	-1	-1	
92	87	84baf2fadaacce7c	4			yes					-1	-1	-1	-1	
93	0	a16840e9eab7a4ec	5			yes					94	103	112	117	119	
94	93	18818fe31f5fb153	4			yes					95	97	99	100	
95	94	2f1931f6a8eb3478	3			yes					-1	-1	96	
96	95	45dd5b960626974c	4			yes					-1	-1	-1	-1	
97	94	0600f9be3331c610	3			yes					-1	-1	98	
98	97	bf2685c3728f378f	4			yes					-1	-1	-1	-1	
99	94	4de860f85c6f4395	3			yes					-1	-1	-1	
100	94	573e27b0af3447c5	4			yes					-1	101	-1	102	
101	100	48a22e22e1c9e82b	3			yes					-1	-1	-1	
102	100	34ddf26c1fd3a29e	3			yes					-1	-1	-1	
103	93	83ee1db9697678c1	4			yes					-1	104	108	109	
104	103	4cf58b2593d56541	4			yes					105	-1	106	107	
105	104	9dc362f5b7d540fa	4			yes					-1	-1	-1	-1	
106	104	5cd8ac8fc3459d52	4			yes					-1	-1	-1	-1	
107	104	cf110b784825df12	4			yes					-1	-1	-1	-1	
108	103	bced4b929f64296d	3			yes					-1	-1	-1	
109	103	a63b0cda6c3f2d3d	4			yes					110	-1	-1	111	
110	109	ca9958ed5ba626e0	3			yes					-1	-1	-1	
111	109	c5d8d906dcd8c866	3			yes					-1	-1	-1	
112	93	cd68348ccb315ad5	4			yes					-1	-1	-1	113	
113	112	b015866a1be718c8	4			yes					114	115	-1	116	
114	113	a11acf8a3fdc0f34	4			yes					-1	-1	-1	-1	
115	113	592da6fa9f20abe5	4			yes					-1	-1	-1	-1	
116	113	d3f653b6ab00fd93	3			yes					-1	-1	-1	
117	93	21b983d383ffd0d8	4			yes					-1	-1	-1	118	
118	117	cfa57c07f809e404	4			yes					-1	-1	-1	-1	
119	93	77be25053ee7439f	4			yes					-1	-1	-1	-1	
120	0	5c90bd579f31b31d	5			yes					121	125	129	135	140	
121	120	d8430dc35cd6ed88	5			yes					-1	122	123	-1	124	
122	121	3dc938ec27a21d08	4			yes					-1	-1	-1	-1	
123	121	0596fad1a9b69e0d	4			yes					-1	-1	-1	-1	
124	121	beee9174018332cb	4			yes					-1	-1	-1	-1	
125	120	294626a99fdd8770	5			yes					126	-1	127	-1	128	
126	125	335e161bd98b18b8	4			yes					-1	-1	-1	-1	
127	125	b106e1a4bc8f89d6	4			yes					-1	-1	-1	-1	
128	125	4febba1ec2885833	4			yes					-1	-1	-1	-1	
129	120	1a99d2e081100134	5			yes					130	131	-1	-1	134	
130	129	274eea388b4a6cbc	4			yes					-1	-1	-1	-1	
131	129	d2ff08129985a2f4	4			yes					-1	-1	-1	-1	
132	0	5b594fb22dea15df	5			yes					133	148	149	150	151	
133	132	97b0eacb8d48ebc3	5			yes					-1	-1	-1	-1	-1	
134	129	7c344e57dc45de77	4			yes					-1	-1	-1	-1	
135	120	224f0323e65c6032	5			yes					136	137	138	-1	139	
136	135	e922d89b97f6d985	4			yes					-1	-1	-1	-1	
137	135	3bc0cc29ce050841	4			yes					-1	-1	-1	-1	
138	135	bb73420c323261c1	5			yes					-1	-1	-1	-1	-1	
139	135	765e58dd0c2a0361	4			yes					-1	-1	-1	-1	
140	120	19cd0968d8c7f58c	5			yes					-1	-1	-1	-1	-1	
141	-1	2d5defaed7ca0524	6			no					142	-2	-2	-2	-2	-2	
142	141	e94defd642e84a69	5			no					143	-2	-2	-2	-2	
143	142	27203f2ebc3f9e64	5			no					-1	-2	-2	-2	-2	
144	-1	f93aab9190ba725b	4			no					145	-2	-2	-2	
145	144	98bb7441b4ceb9dc	4			no					146	-2	-2	-2	
146	145	493c3ff3a652a1c9	3			no					147	-2	-2	
147	146	2f01ef146e2d0496	5			no					-1	-1	-2	-2	-2	
148	132	9751e9023927a40e	5			yes					-1	-1	-1	-1	-1	
149	132	d9effa3401b25734	5			yes					-1	-1	-1	-1	-1	
150	132	fbe6a7f78928d04e	5			yes					-1	-1	-1	-1	-1	
151	132	8bfbfe9122814e65	4			yes					-1	-1	-1	-1	
