Number of nodes
297
ID	PID	Hash_Value			File_Number	Fully_Enumerated	Children
0	-1	ce86b2d3f3dd33bd	6			yes					1	96	169	222	261	296	
1	0	5f088c2b90b21176	5			yes					2	31	50	65	73	
2	1	6788225a3a10d8ef	5			yes					3	9	17	25	30	
3	2	77e8c602e2e267b2	4			yes					4	5	6	7	
4	3	bbb27f172af0adb8	4			yes					-1	-1	-1	-1	
5	3	77fe91615a2deebe	4			yes					-1	-1	-1	-1	
6	3	ee7fd5360bd0268a	4			yes					-1	-1	-1	-1	
7	3	9e3724c988a01363	3			yes					-1	8	-1	
8	7	114dadf9d208f5d0	4			yes					-1	-1	-1	-1	
9	2	515f44f98ac531ff	4			yes					-1	10	14	15	
10	9	db47a02727fa8218	5			yes					11	12	-1	-1	13	
11	10	64fae5e679fd4aff	4			yes					-1	-1	-1	-1	
12	10	70e0a9e6d2782495	4			yes					-1	-1	-1	-1	
13	10	02fd58a81504da81	4			yes					-1	-1	-1	-1	
14	9	2a1f348c6ab37805	5			yes					-1	-1	-1	-1	-1	
15	9	2c14610f595f58cf	5			yes					16	-1	-1	-1	-1	
16	15	93a924ce07589028	4			yes					-1	-1	-1	-1	
17	2	e58d03983d2cfebb	4			yes					-1	-1	18	21	
18	17	028373a518c8ef33	5			yes					19	-1	-1	-1	-1	
19	18	bd3e366446cf27d4	4			yes					-1	-1	-1	-1	
20	18	022bb11041854845	4			no					-1	-2	-1	-1	
21	17	4ff3b1b3e90d14ff	5			yes					22	23	24	-1	-1	
22	21	f04ef472b70adc18	4			yes					-1	-1	-1	-1	
23	21	e2724a92ab7c841b	4			yes					-1	-1	-1	-1	
24	21	4f5b7306b040b389	4			yes					-1	-1	-1	-1	
25	2	4d6d41f2055904c8	4			yes					-1	-1	-1	26	
26	25	33a20c6ae0cad0ee	6			yes					27	28	-1	-1	-1	29	
27	26	8c1f49abbecd1809	5			yes					-1	-1	-1	-1	-1	
28	26	9e23f74ba2bb400a	5			yes					-1	-1	-1	-1	-1	
29	26	bf50be9e2a8a0ece	5			yes					-1	-1	-1	-1	-1	
30	2	8e57c0915052ac3e	4			yes					-1	-1	-1	-1	
31	1	cf29c1fe436368ee	4			yes					32	36	40	47	
32	31	1da54f43f1f08cf2	5			yes					-1	-1	34	-1	35	
33	32	289fed7a16248b05	4			no					-1	-1	-1	-2	
34	32	bd8d8d01e14068f8	4			yes					-1	-1	-1	-1	
35	32	c41fb7ccc30ed46b	4			yes					-1	-1	-1	-1	
36	31	58b60f37799266db	5			yes					37	38	-1	-1	39	
37	36	e70b4af62795ae3c	4			yes					-1	-1	-1	-1	
38	36	b64864751c60fc2e	4			yes					-1	-1	-1	-1	
39	36	810cf7b84b6c3e42	4			yes					-1	-1	-1	-1	
40	31	e5cca2567c2ab4c9	3			yes					41	42	43	
41	40	e8a92737f2217ad8	4			yes					-1	-1	-1	-1	
42	40	9891fe71ed3241cd	4			yes					-1	-1	-1	-1	
43	40	dfe60a5862c3a0d8	6			yes					-1	44	-1	-1	-1	46	
44	43	3118611a07313a2d	5			yes					-1	-1	-1	-1	-1	
45	43	7fcec81a727344d2	5			no					-1	-2	-2	-1	-2	
46	43	5314b8aca8837ef8	5			yes					-1	-1	-1	-1	-1	
47	31	26f6233529211c3f	3			yes					48	49	-1	
48	47	fbbe2cc8e7fbe86c	5			yes					-1	-1	-1	-1	-1	
49	47	bead6cbc6f990245	5			yes					-1	-1	-1	-1	-1	
50	1	aed9fa6737824ac1	4			yes					51	55	61	63	
51	50	a0cc99a472939aea	5			yes					-1	-1	53	-1	54	
52	51	5a9cb94e665f7d79	4			no					-1	-1	-1	-2	
53	51	72e70fd21258889c	4			yes					-1	-1	-1	-1	
54	51	7976612b406dc273	4			yes					-1	-1	-1	-1	
55	50	01669c0a50e1a516	3			yes					56	57	58	
56	55	3247ecce132cf868	4			yes					-1	-1	-1	-1	
57	55	d61f205c4488840d	4			yes					-1	-1	-1	-1	
58	55	d7e5b973a8d0f52c	5			yes					59	60	-1	-1	-1	
59	58	6858fcb2f6d73dcb	4			yes					-1	-1	-1	-1	
60	58	391bd231cd226fd9	4			yes					-1	-1	-1	-1	
61	50	00996889f995bf0b	3			yes					-1	-1	62	
62	61	df24cd961f6715ad	5			yes					-1	-1	-1	-1	-1	
63	50	470618ac5dc03e10	3			yes					64	-1	-1	
64	63	46d7fa2f6498fe74	5			yes					-1	-1	-1	-1	-1	
65	1	2a733035914e5cbf	4			yes					66	69	71	72	
66	65	6c8adc1a65fa78b2	3			yes					67	68	-1	
67	66	4dab91693081fbd2	5			yes					-1	-1	-1	-1	-1	
68	66	abf6971a02da0a58	5			yes					-1	-1	-1	-1	-1	
69	65	85cc5658f62db368	3			yes					-1	70	-1	
70	69	4381bd0df6469661	5			yes					-1	-1	-1	-1	-1	
71	65	a87611f796727aeb	3			yes					-1	-1	-1	
72	65	6b43ab8094ebed8e	3			yes					-1	-1	-1	
73	1	bd1dd322c92cc57b	5			yes					74	80	89	94	95	
74	73	fbe43f0d3d98e176	4			yes					75	77	-1	79	
75	74	624d1c177e3e053c	5			yes					-1	-1	-1	-1	76	
76	75	4863eb0bfad3fec2	4			yes					-1	-1	-1	-1	
77	74	568d74a8c8719d32	5			yes					-1	-1	-1	-1	78	
78	77	7ca383b44c9c66cc	4			yes					-1	-1	-1	-1	
79	74	075f24075f1615a4	3			yes					-1	-1	-1	
80	73	12a2b54fae4f2aac	4			yes					-1	81	85	86	
81	80	791959a3c86ffdfa	5			yes					82	83	-1	-1	84	
82	81	c6a41c629668351d	4			yes					-1	-1	-1	-1	
83	81	97e732e1ad9d670f	4			yes					-1	-1	-1	-1	
84	81	31e8412fe7de4588	4			yes					-1	-1	-1	-1	
85	80	a1b1389cd0e07d97	5			yes					-1	-1	-1	-1	-1	
86	80	ee19ae45ccc1de7e	3			yes					-1	87	88	
87	86	0e49da2bc32b798f	5			yes					-1	-1	-1	-1	-1	
88	86	d6e1bb14dba4f9e2	5			yes					-1	-1	-1	-1	-1	
89	73	3f18f2e0ce10e32f	4			yes					-1	-1	90	92	
90	89	7096962f15168892	6			yes					-1	-1	-1	-1	-1	91	
91	90	5ab8613391fb736c	5			yes					-1	-1	-1	-1	-1	
92	89	c3a3e9eaac9e17fd	3			yes					-1	-1	93	
93	92	7ea42fc6e618cf83	5			yes					-1	-1	-1	-1	-1	
94	73	97f8b08af665195c	4			yes					-1	-1	-1	-1	
95	73	41a6c828aba231a9	4			yes					-1	-1	-1	-1	
96	0	0006b88bf6815899	5			yes					-1	97	126	137	147	
97	96	22dff6f16f6c2650	5			yes					98	108	111	120	125	
98	97	9a291fa974a565e1	4			yes					99	100	104	105	
99	98	88fe6c7db287dfea	4			yes					-1	-1	-1	-1	
100	98	9f4b80d8c08353a7	5			yes					-1	101	-1	-1	103	
101	100	755d600d0c5d68b0	4			yes					-1	-1	-1	-1	
102	100	b776c6c6d0811d8e	4			no					-1	-2	-2	-2	
103	100	46f17857f27d0b3e	4			yes					-1	-1	-1	-1	
104	98	56fb9f07cbb9877d	4			yes					-1	-1	-1	-1	
105	98	7b85eccd78a2cdd9	5			yes					-1	106	107	-1	-1	
106	105	91930c18b47cf6ce	4			yes					-1	-1	-1	-1	
107	105	ccdebee7140a6361	4			yes					-1	-1	-1	-1	
108	97	f9c949f949fecd13	4			yes					-1	109	-1	110	
109	108	95e5699590c055b9	4			yes					-1	-1	-1	-1	
110	108	1016ab3223bcb9c2	3			yes					-1	-1	-1	
111	97	a0dad73368500004	4			yes					-1	-1	112	116	
112	111	e57ba92e1afa7ad2	5			yes					113	114	115	-1	-1	
113	112	1205a035e3455df3	4			yes					-1	-1	-1	-1	
114	112	48fa520f588bea36	4			yes					-1	-1	-1	-1	
115	112	4ae8fdcae63da783	4			yes					-1	-1	-1	-1	
116	111	a80b6b38eb3f811e	5			yes					117	118	119	-1	-1	
117	116	5f7562231280a63f	4			yes					-1	-1	-1	-1	
118	116	058a9019a94e11fa	4			yes					-1	-1	-1	-1	
119	116	07983fdc17f85c4f	4			yes					-1	-1	-1	-1	
120	97	083a95595025fa77	4			yes					-1	-1	-1	121	
121	120	d45ad6e1e2f8450f	6			yes					-1	-1	-1	123	-1	124	
122	121	2324dffa1b47622e	5			no					-1	-2	-2	-1	-2	
123	121	747214a3f248a105	5			yes					-1	-1	-1	-1	-1	
124	121	58a8641528b89b2f	5			yes					-1	-1	-1	-1	-1	
125	97	cb00143a052e5281	4			yes					-1	-1	-1	-1	
126	96	54c09a6a624e1e27	4			yes					127	132	134	136	
127	126	ec36733279875d96	3			yes					128	129	130	
128	127	14bd10740208ab01	4			yes					-1	-1	-1	-1	
129	127	f49bd7a473ac2d63	4			yes					-1	-1	-1	-1	
130	127	6a2a5f5ab43f69fa	5			yes					-1	-1	-1	-1	131	
131	130	558bc45e90ca55fd	4			yes					-1	-1	-1	-1	
132	126	ff69997dbf9cc2aa	3			yes					-1	-1	133	
133	132	08f6297fa4a3035a	5			yes					-1	-1	-1	-1	-1	
134	126	fa800884ac59ebed	3			yes					-1	-1	135	
135	134	d498112f9f5cf07a	5			yes					-1	-1	-1	-1	-1	
136	126	bd1f78a1080c6af6	3			yes					-1	-1	-1	
137	96	d06a5038c4820859	4			yes					138	143	145	146	
138	137	689cb960df4b4be8	3			yes					139	140	-1	
139	138	571a59aa5e288c97	5			yes					-1	-1	-1	-1	-1	
140	138	ab004b923a3f4337	5			yes					-1	-1	-1	-1	142	
141	140	7640a604e2b81d34	4			no					-1	-1	-1	-2	
142	140	72bab31d08c11bae	4			yes					-1	-1	-1	-1	
143	137	7bc3532f1950d4d4	3			yes					-1	144	-1	
144	143	4217ad52731ce83d	5			yes					-1	-1	-1	-1	-1	
145	137	526f71fac3be2e0d	3			yes					-1	-1	-1	
146	137	915acb8dc127b968	3			yes					-1	-1	-1	
147	96	4704b32f9ce0919d	5			yes					148	159	162	167	168	
148	147	fff25a778729d22c	4			yes					149	151	153	155	
149	148	1c42fbf9ff76a262	5			yes					-1	-1	-1	-1	150	
150	149	366c0ce57b9b599c	4			yes					-1	-1	-1	-1	
151	148	5eae78c5d012c472	5			yes					-1	-1	-1	-1	152	
152	151	74808fd954ff3f8c	4			yes					-1	-1	-1	-1	
153	148	2e788f1ada726ecf	5			yes					-1	-1	-1	-1	154	
154	153	045678065e9f9531	4			yes					-1	-1	-1	-1	
155	148	0349417de5a726fe	3			yes					-1	156	158	
156	155	f2aa9b6cc67b07ee	5			yes					-1	-1	-1	-1	157	
157	156	7e5829980c3bd9ce	4			yes					-1	-1	-1	-1	
158	155	3fc88cf1487c266a	5			yes					-1	-1	-1	-1	-1	
159	147	ecadb03841324d10	4			yes					-1	160	-1	-1	
160	159	6c192addc1425311	5			yes					-1	-1	-1	-1	161	
161	160	4637ddc145afa8ef	4			yes					-1	-1	-1	-1	
162	147	c50192ed9bdcb7c9	4			yes					-1	-1	163	165	
163	162	7b2a4a96952d6d45	6			yes					-1	-1	-1	-1	-1	164	
164	163	5104bd8a11c096bb	5			yes					-1	-1	-1	-1	-1	
165	162	39ba89e7f952431b	3			yes					-1	-1	166	
166	165	7518f37f66232a54	5			yes					-1	-1	-1	-1	-1	
167	147	6de1d087a3a94dba	4			yes					-1	-1	-1	-1	
168	147	bbbfa825fe6e654f	4			yes					-1	-1	-1	-1	
169	0	dbeb2d28f935437a	5			yes					-1	-1	170	193	199	
170	169	79a8672b637ab82a	5			yes					171	181	187	189	192	
171	170	c15e8e7378b3fb9b	4			yes					172	176	177	178	
172	171	a5d1b897c5fc5171	5			yes					-1	173	174	-1	175	
173	172	0912e11ba6417ed2	4			yes					-1	-1	-1	-1	
174	172	77fa2ee1a5374307	4			yes					-1	-1	-1	-1	
175	172	7c6b4018f70209e8	4			yes					-1	-1	-1	-1	
176	171	b92b59af10d1344f	4			yes					-1	-1	-1	-1	
177	171	df0fb9fc56e29284	5			yes					-1	-1	-1	-1	-1	
178	171	fc6a4a425ac9d189	5			yes					-1	179	180	-1	-1	
179	178	e7e748c71dd3cbcf	4			yes					-1	-1	-1	-1	
180	178	74ef5fe42b3a3320	4			yes					-1	-1	-1	-1	
181	170	a15f2f9e86de6413	4			yes					-1	182	183	184	
182	181	fb5f8d8fe36acfd2	4			yes					-1	-1	-1	-1	
183	181	3bb8ba4defd080c8	5			yes					-1	-1	-1	-1	-1	
184	181	18dd49f3e3fbc3c5	5			yes					185	-1	186	-1	-1	
185	184	efa340e81a44e4e4	4			yes					-1	-1	-1	-1	
186	184	90585c559208216c	4			yes					-1	-1	-1	-1	
187	170	a33b208eab66377e	4			yes					-1	-1	-1	188	
188	187	4ae4c245c12443af	3			yes					-1	-1	-1	
189	170	534d04835c33640d	4			yes					-1	-1	-1	190	
190	189	e52612b6b500b962	6			yes					-1	-1	-1	-1	-1	191	
191	190	69d4a0427f406742	5			yes					-1	-1	-1	-1	-1	
192	170	907785e00938ccfb	4			yes					-1	-1	-1	-1	
193	169	6bdb96ea1914caac	4			yes					194	196	197	198	
194	193	d32d7fb202dd891d	3			yes					195	-1	-1	
195	194	4b229ec3613fe10e	5			yes					-1	-1	-1	-1	-1	
196	193	b32cde5ffcb01695	3			yes					-1	-1	-1	
197	193	21313a58fbc82eb9	3			yes					-1	-1	-1	
198	193	2aeb0d5f1cb17b9d	3			yes					-1	-1	-1	
199	169	fcb575fd41765368	5			yes					200	212	219	220	221	
200	199	44439ca55abf10d9	4			yes					201	205	207	209	
201	200	46990ca0a8c847e6	5			yes					-1	202	203	-1	204	
202	201	ea5a552ccb756845	4			yes					-1	-1	-1	-1	
203	201	e6b1cee2b878a3ec	4			yes					-1	-1	-1	-1	
204	201	0e68142c8779ff94	4			yes					-1	-1	-1	-1	
205	200	cb7becc350872309	5			yes					-1	-1	-1	-1	206	
206	205	e1551bdfd46ad8f7	4			yes					-1	-1	-1	-1	
207	200	f48402f922f8ca5a	5			yes					-1	-1	-1	-1	208	
208	207	deaaf5e5a61531a4	4			yes					-1	-1	-1	-1	
209	200	b8f887af3831e40b	3			yes					210	-1	211	
210	209	31c98f28a38cc393	5			yes					-1	-1	-1	-1	-1	
211	209	331139934e9f5f25	5			yes					-1	-1	-1	-1	-1	
212	199	24423d48a4d28f51	4			yes					-1	213	215	217	
213	212	fc4afec543ae86f8	5			yes					-1	-1	-1	-1	214	
214	213	d66409d9c7437d06	4			yes					-1	-1	-1	-1	
215	212	103301489bcad816	5			yes					-1	-1	-1	-1	216	
216	215	3a1df6541f2723e8	4			yes					-1	-1	-1	-1	
217	212	d8f92642c65c7b83	3			yes					-1	-1	218	
218	217	d7a63a22f7ad4d69	5			yes					-1	-1	-1	-1	-1	
219	199	b65fd94fa3aab77d	4			yes					-1	-1	-1	-1	
220	199	d65016557e3f8f4f	4			yes					-1	-1	-1	-1	
221	199	000e6ef723f8a7ba	4			yes					-1	-1	-1	-1	
222	0	dde69837aac32185	5			yes					-1	-1	-1	223	239	
223	222	d434d1b942d26b3e	5			yes					224	229	233	236	237	
224	223	6cc238e1591b288f	4			yes					225	226	-1	228	
225	224	b4c574fa51db0e5f	5			yes					-1	-1	-1	-1	-1	
226	224	40c433bc02742bb8	5			yes					-1	-1	-1	-1	227	
227	226	997ecb33308a7321	4			yes					-1	-1	-1	-1	
228	224	816b7159e96b9ff3	5			yes					-1	-1	-1	-1	-1	
229	223	0cc3990ca776b707	4			yes					-1	230	-1	231	
230	229	f870dbbff381191e	5			yes					-1	-1	-1	-1	-1	
231	229	f282f877aedc8bdf	6			yes					-1	-1	-1	-1	-1	232	
232	231	f23e5d18f4d52bfc	5			yes					-1	-1	-1	-1	-1	
233	223	7b8bb7d425b184e9	4			yes					-1	-1	-1	234	
234	233	5e1b463f84db3f42	6			yes					-1	-1	-1	-1	-1	235	
235	234	5ea7e350ded29f61	5			yes					-1	-1	-1	-1	-1	
236	223	9567e6dce7efaa16	4			yes					-1	-1	-1	-1	
237	223	8eedf0e53c33b177	4			yes					-1	-1	-1	238	
238	237	cfbec780990e705f	3			yes					-1	-1	-1	
239	222	9d454e6435977147	5			yes					240	250	257	259	260	
240	239	25b3a73c2e5e32f6	4			yes					241	245	-1	247	
241	240	b97ee699982ca8b7	5			yes					-1	-1	243	-1	244	
242	241	98590118bb0e9e39	4			no					-1	-2	-2	-2	
243	241	6b5570eff8e7bac1	4			yes					-1	-1	-1	-1	
244	241	f18ffe15b79d10c5	4			yes					-1	-1	-1	-1	
245	240	c8ad9da6b428b968	5			yes					-1	-1	-1	-1	246	
246	245	e2836aba30c54296	4			yes					-1	-1	-1	-1	
247	240	d908bc364cd0c624	3			yes					248	249	-1	
248	247	ce2e651193682cc2	5			yes					-1	-1	-1	-1	-1	
249	247	0e9e1eb528d1240a	4			yes					-1	-1	-1	-1	
250	239	45b206d1d033ad7e	4			yes					-1	251	-1	255	
251	250	f5cb49dc3a76bff6	5			yes					252	-1	253	-1	254	
252	251	02b540c7c3c998d7	4			yes					-1	-1	-1	-1	
253	251	0fdd59cfc287f22a	4			yes					-1	-1	-1	-1	
254	251	bd3a515015c70784	4			yes					-1	-1	-1	-1	
255	250	b9091ddbb2bd59ac	3			yes					-1	256	-1	
256	255	829bca5431323b83	5			yes					-1	-1	-1	-1	-1	
257	239	32fa280952f49e90	4			yes					-1	-1	-1	258	
258	257	ce413303307a6a42	3			yes					-1	-1	-1	
259	239	3305dc8afb80848d	4			yes					-1	-1	-1	-1	
260	239	61fe556e57198595	4			yes					-1	-1	-1	-1	
261	0	af8a2ae1f4bd5cb2	5			yes					-1	-1	-1	-1	262	
262	261	0c6ee104657c301e	6			yes					263	274	283	290	293	295	
263	262	b498085c7eb573af	5			yes					264	266	267	268	270	
264	263	9f74d03de130ca83	6			yes					-1	-1	-1	-1	-1	265	
265	264	b55a272165dd317d	5			yes					-1	-1	-1	-1	-1	
266	263	7994cc3eb671fe3f	5			yes					-1	-1	-1	-1	-1	
267	263	f2167c0881d93e7c	5			yes					-1	-1	-1	-1	-1	
268	263	1dddde382291dd34	4			yes					-1	-1	-1	269	
269	268	f54d0f1a85fb15ba	3			yes					-1	-1	-1	
270	263	5c08d97ed9dfbb21	4			yes					271	272	273	-1	
271	270	7efb36610a3a0ca9	6			yes					-1	-1	-1	-1	-1	-1	
272	270	63c74e405d3fa58f	5			yes					-1	-1	-1	-1	-1	
273	270	e845fe766a9765cc	5			yes					-1	-1	-1	-1	-1	
274	262	d499a9b180d8ec27	5			yes					-1	275	277	278	280	
275	274	cf9131eecc802194	6			yes					-1	-1	-1	-1	-1	276	
276	275	e5bfc6f2486dda6a	5			yes					-1	-1	-1	-1	-1	
277	274	277336b9c882f8bd	5			yes					-1	-1	-1	-1	-1	
278	274	7ddc7fd5dcfc42bc	4			yes					-1	-1	-1	279	
279	278	954caef77b968a32	3			yes					-1	-1	-1	
280	274	3c09789327b224a9	4			yes					-1	281	282	-1	
281	280	2e1ed7b2278ae7be	6			yes					-1	-1	-1	-1	-1	-1	
282	280	3d20b4c723cca30d	5			yes					-1	-1	-1	-1	-1	
283	262	a3d18769021fdfc9	5			yes					-1	-1	284	286	288	
284	283	52f00124916e4b07	6			yes					-1	-1	-1	-1	-1	285	
285	284	78def6381583b0f9	5			yes					-1	-1	-1	-1	-1	
286	283	0a94510d5e3b7152	4			yes					-1	-1	-1	287	
287	286	e204802ff951b9dc	3			yes					-1	-1	-1	
288	283	4b41564ba5751747	4			yes					-1	-1	289	-1	
289	288	b37fe7787a648d2d	6			yes					-1	-1	-1	-1	-1	-1	
290	262	8e6bc0c66240164a	5			yes					-1	-1	-1	291	292	
291	290	272e16a23e64b8d1	4			yes					-1	-1	-1	-1	
292	290	66fb11e4c52adec4	4			yes					-1	-1	-1	-1	
293	262	a52b376039589e85	5			yes					-1	-1	-1	-1	294	
294	293	4dbbe6429e32560b	4			yes					-1	-1	-1	-1	
295	262	e4fe3026c216f890	5			yes					-1	-1	-1	-1	-1	
296	0	380f198d32a5441f	5			yes					-1	-1	-1	-1	-1	
