Number of nodes
448
ID	PID	Hash_Value			File_Number	Fully_Enumerated	Children
0	-1	5dd1aa6e177dc030	6			yes					1	138	244	338	403	447	
1	0	7685a5a754bbbdf0	5			yes					2	53	75	97	111	
2	1	2b01af6ee962c3e5	5			yes					3	14	30	45	52	
3	2	6fc715e6f357567d	4			yes					4	5	7	9	
4	3	e35bad78ec3995c1	4			yes					-1	-1	-1	-1	
5	3	fb93754ddac6810c	4			yes					-1	6	-1	-1	
6	5	e2640d055e82b5c5	3			yes					-1	-1	-1	
7	3	f2cb82f3f16fa1fe	5			yes					-1	-1	-1	-1	8	
8	7	5d0c801b2b1ab3fb	4			yes					-1	-1	-1	-1	
9	3	6e971e74b2c28b9f	3			yes					10	11	13	
10	9	f669490ec74bb3b3	4			yes					-1	-1	-1	-1	
11	9	3e92e2b1cc3c77c8	5			yes					-1	-1	-1	-1	12	
12	11	43001cc02325bd7f	4			yes					-1	-1	-1	-1	
13	9	9f819d3c826dd345	5			yes					-1	-1	-1	-1	-1	
14	2	2e4405cc5a342a32	4			yes					-1	15	22	26	
15	14	8e7743ee713c7d15	5			yes					16	18	19	20	21	
16	15	8b1a15a53e592ab9	4			yes					17	-1	-1	-1	
17	16	4733ec97016ec9eb	3			yes					-1	-1	-1	
18	15	425ebadc4e0b9e47	4			yes					-1	-1	-1	-1	
19	15	38b7ee88050fada2	4			yes					-1	-1	-1	-1	
20	15	65b4592d10d6b602	4			yes					-1	-1	-1	-1	
21	15	944718dc658baf5e	4			yes					-1	-1	-1	-1	
22	14	192615ef91f00611	5			yes					23	24	-1	-1	25	
23	22	1c4b43a4de9551bd	4			yes					-1	-1	-1	-1	
24	22	d50fecddaec7e543	4			yes					-1	-1	-1	-1	
25	22	d46a8bafc98623a5	4			yes					-1	-1	-1	-1	
26	14	c0994a6feccd4825	5			yes					27	28	-1	29	-1	
27	26	c5f41c24a3a81f89	4			yes					-1	-1	-1	-1	
28	26	0cb0b35dd3faab77	4			yes					-1	-1	-1	-1	
29	26	8aa7fe1821f2462d	4			yes					-1	-1	-1	-1	
30	2	c88b974baee51027	4			yes					-1	-1	31	36	
31	30	82ad0568cd9b2eb1	5			yes					32	33	34	-1	35	
32	31	87c0532382fe791d	4			yes					-1	-1	-1	-1	
33	31	4e84fc5af2accde3	4			yes					-1	-1	-1	-1	
34	31	eb5bc2c4e7f77963	4			yes					-1	-1	-1	-1	
35	31	d599417796677dd7	4			yes					-1	-1	-1	-1	
36	30	48b93437d9a41fe5	6			yes					37	39	41	-1	-1	44	
37	36	4dd4627c96c14849	5			yes					-1	-1	-1	-1	38	
38	37	30469c0d79d882fe	4			yes					-1	-1	-1	-1	
39	36	8490cd05e693fcb7	5			yes					-1	-1	-1	-1	40	
40	39	f9023374098a3600	4			yes					-1	-1	-1	-1	
41	36	214ff39bf3c84837	5			yes					-1	-1	-1	-1	42	
42	41	5cdd0dea1cd18280	4			yes					-1	-1	-1	-1	
43	36	6c8bb0968b0d22e7	5			no					-1	-1	-1	-1	-2	
44	36	352bca4636bdd552	5			yes					-1	-1	-1	-1	-1	
45	2	a359239daf71726f	4			yes					-1	-1	-1	46	
46	45	e9aa4bba97f5bb68	6			yes					47	48	49	50	-1	51	
47	46	ecc71df1d890ecc4	5			yes					-1	-1	-1	-1	-1	
48	46	2583b288a8c2583a	5			yes					-1	-1	-1	-1	-1	
49	46	805c8c16bd99ecba	5			yes					-1	-1	-1	-1	-1	
50	46	bc8cae691ead08ed	5			yes					-1	-1	-1	-1	-1	
51	46	8f6d7b478b913cb6	5			yes					-1	-1	-1	-1	-1	
52	2	2a51a4fca8f71e07	4			yes					-1	-1	-1	-1	
53	1	24948e2c817dc0bb	4			yes					54	61	67	74	
54	53	9c183bfa5e7b87a1	3			yes					55	56	58	
55	54	146309808cf93deb	4			yes					-1	-1	-1	-1	
56	54	7b4c9e9d4ea2594f	5			yes					-1	-1	-1	-1	57	
57	56	d48b9c7594d74b4a	4			yes					-1	-1	-1	-1	
58	54	bd8ec7be799f005a	5			yes					-1	-1	-1	-1	-1	
59	58	e8a8226df0c7b3df	4			no					-1	-2	-2	-2	
60	58	b84699fb0bcaf201	4			no					-1	-2	-2	-2	
61	53	318432b7d8802b72	3			yes					-1	62	64	
62	61	8da803a88f0de75a	5			yes					-1	-1	-1	-1	63	
63	62	226f01405578f55f	4			yes					-1	-1	-1	-1	
64	61	4b6a5a8bb830be4f	5			yes					-1	-1	-1	-1	66	
65	64	4e070cc0f755e9e3	4			no					-1	-1	-1	-2	
66	64	4ea204ceca654c14	4			yes					-1	-1	-1	-1	
67	53	accc02dfc76e7131	3			yes					-1	-1	68	
68	67	d1dbac080035df8b	6			yes					69	70	71	72	-1	73	
69	68	d4b6fa434f508827	5			yes					-1	-1	-1	-1	-1	
70	68	9f7d74e091197b10	5			yes					-1	-1	-1	-1	-1	
71	68	02d3adcc1382ab73	5			yes					-1	-1	-1	-1	-1	
72	68	84fd49db896d6c0e	5			yes					-1	-1	-1	-1	-1	
73	68	b71c9cf51c515855	5			yes					-1	-1	-1	-1	-1	
74	53	25c485bec0e81d59	3			yes					-1	-1	-1	
75	1	65fa4fe1959dc24a	4			yes					76	82	94	96	
76	75	dd76fa374a9b8550	3			yes					77	-1	79	
77	76	a1367dafc6d05edf	4			yes					-1	-1	-1	-1	
78	76	a572bc691e01cb37	4			no					-1	-1	-1	-2	
79	76	016714ddeb17abb6	5			yes					-1	-1	80	-1	-1	
80	79	612f3e034f0a4b6e	4			yes					-1	-1	-1	-1	
81	79	04af4a98994259ed	4			no					-1	-2	-2	-2	
82	75	60bfe54326cb2b9d	3			yes					-1	83	85	
83	82	fd707ea4638de014	5			yes					-1	-1	-1	-1	84	
84	83	254c3e80df1dd23b	4			yes					-1	-1	-1	-1	
85	82	1e78161751ada0bc	6			yes					86	88	90	92	-1	93	
86	85	1b15405c1ec8f710	5			yes					-1	-1	-1	-1	87	
87	86	6687be2df1d13da7	4			yes					-1	-1	-1	-1	
88	85	50deceffc0810427	5			yes					-1	-1	-1	-1	89	
89	88	2d4c308e2f98ce90	4			yes					-1	-1	-1	-1	
90	85	a7cbae352f79196c	5			yes					-1	-1	-1	-1	91	
91	90	da595044c060d3db	4			yes					-1	-1	-1	-1	
92	85	ce1e20a46b0ddaf2	5			yes					-1	-1	-1	-1	-1	
93	85	63eae866beb46a0b	5			yes					-1	-1	-1	-1	-1	
94	75	bc9914e62dc5732f	3			yes					-1	-1	95	
95	94	63fbc18de12c82bb	5			yes					-1	-1	-1	-1	-1	
96	75	64aa4473d4081fa8	3			yes					-1	-1	-1	
97	1	0d3f09fb312b696e	4			yes					98	101	108	110	
98	97	b5b3bc2dee2d2e74	3			yes					99	100	-1	
99	98	1447f2891f3a3259	5			yes					-1	-1	-1	-1	-1	
100	98	8e15ab80a4267ae5	5			yes					-1	-1	-1	-1	-1	
101	97	087aa359827d80b9	3			yes					-1	102	107	
102	101	af1cbb729da2aab5	5			yes					103	104	-1	105	106	
103	102	aa71ed39d2c7fd19	4			yes					-1	-1	-1	-1	
104	102	e1ba639a0c8e0e2e	4			yes					-1	-1	-1	-1	
105	102	755dac2dd9f46e56	4			yes					-1	-1	-1	-1	
106	102	274a349aee2ce763	4			yes					-1	-1	-1	-1	
107	101	f3a0016d60011c17	5			yes					-1	-1	-1	-1	-1	
108	97	eeb531de76acbaac	3			yes					-1	-1	109	
109	108	7bb94c248427d668	5			yes					-1	-1	-1	-1	-1	
110	97	5e4327512bd77d0f	3			yes					-1	-1	-1	
111	1	eea30916497f89a5	5			yes					112	118	130	136	137	
112	111	562fbcc09679cebf	4			yes					113	115	117	-1	
113	112	70bf86025d81a2c6	5			yes					-1	-1	-1	-1	114	
114	113	0c2bac782033e0ac	4			yes					-1	-1	-1	-1	
115	112	a64225d231877eb3	5			yes					-1	-1	-1	-1	116	
116	115	dad60fa84c353cd9	4			yes					-1	-1	-1	-1	
117	112	465b0c9fddc45c39	5			yes					-1	-1	-1	-1	-1	
118	111	ebe6a3b4fa296072	4			yes					-1	119	124	128	
119	118	b6a9de5b87415f7a	5			yes					120	121	-1	122	123	
120	119	b3c48810c82408d6	4			yes					-1	-1	-1	-1	
121	119	f80f06b3166dfbe1	4			yes					-1	-1	-1	-1	
122	119	5d6ac498e6ab946d	4			yes					-1	-1	-1	-1	
123	119	16c83906cb90e897	4			yes					-1	-1	-1	-1	
124	118	6022277d52401f97	5			yes					125	126	-1	-1	127	
125	124	654f71361d25483b	4			yes					-1	-1	-1	-1	
126	124	2e84ff95c36cbb0c	4			yes					-1	-1	-1	-1	
127	124	56e5aa75679d646c	4			yes					-1	-1	-1	-1	
128	118	d35e0100de922552	3			yes					-1	129	-1	
129	128	13006743b9c51acc	5			yes					-1	-1	-1	-1	-1	
130	111	0d2931330ef85a67	4			yes					-1	-1	131	135	
131	130	dedc99c79ef10da6	5			yes					132	133	134	-1	-1	
132	131	dbb1cf8cd1945a0a	4			yes					-1	-1	-1	-1	
133	131	907a412f0fdda93d	4			yes					-1	-1	-1	-1	
134	131	b72a5e6bb49d5a74	4			yes					-1	-1	-1	-1	
135	130	359193872a431f47	3			yes					-1	-1	-1	
136	111	66fb85e50f6c382f	4			yes					-1	-1	-1	-1	
137	111	d61baba26dc4cc85	4			yes					-1	-1	-1	-1	
138	0	26e5f5c1825ddf4f	5			yes					-1	139	185	205	218	
139	138	66168dd06a13d38f	5			yes					140	156	163	177	184	
140	139	65a6e97103776817	4			yes					141	142	148	152	
141	140	ac65c915c705cd56	4			yes					-1	-1	-1	-1	
142	140	571f671560c81e48	5			yes					143	144	145	146	147	
143	142	56eb619c50188c87	4			yes					-1	-1	-1	-1	
144	142	19547007f536ab45	4			yes					-1	-1	-1	-1	
145	142	be4c506ad0733e9e	4			yes					-1	-1	-1	-1	
146	142	bcdc7dd60122d55f	4			yes					-1	-1	-1	-1	
147	142	4d2f3c27747fcc03	4			yes					-1	-1	-1	-1	
148	140	8b33300526981d39	5			yes					-1	149	150	-1	151	
149	148	c5782717b366a834	4			yes					-1	-1	-1	-1	
150	148	3b2bd967f057e92f	4			yes					-1	-1	-1	-1	
151	148	467fae457eee388d	4			yes					-1	-1	-1	-1	
152	140	e85f210e6311557d	5			yes					153	154	155	-1	-1	
153	152	e9ab278753c1c7b2	4			yes					-1	-1	-1	-1	
154	152	a614361cf6efe070	4			yes					-1	-1	-1	-1	
155	152	5847c86cb5dea16b	4			yes					-1	-1	-1	-1	
156	139	6932dbe529650432	4			yes					-1	157	158	159	
157	156	3dcc138c4413e5ea	4			yes					-1	-1	-1	-1	
158	156	3494e4326fbac518	5			yes					-1	-1	-1	-1	-1	
159	156	6862d07768f0d9d0	3			yes					160	161	-1	
160	159	13636b2f12a67163	4			yes					-1	-1	-1	-1	
161	159	f8cd847052e9132e	5			yes					-1	-1	-1	-1	162	
162	161	855f7a01bdf0d999	4			yes					-1	-1	-1	-1	
163	139	859cb5f52d94004d	4			yes					-1	-1	164	169	
164	163	d5e11e3da523326f	5			yes					165	166	167	-1	168	
165	164	3d3e954bbb255a37	4			yes					-1	-1	-1	-1	
166	164	19c8e70f9a14d13d	4			yes					-1	-1	-1	-1	
167	164	06e91ff9b6944697	4			yes					-1	-1	-1	-1	
168	164	82d55a22fedf6109	4			yes					-1	-1	-1	-1	
169	163	1ff52f62b11c033b	6			yes					170	172	174	-1	-1	176	
170	169	f72aa414af1a6b63	5			yes					-1	-1	-1	-1	171	
171	170	8ab85a654003a1d4	4			yes					-1	-1	-1	-1	
172	169	d3dcd6508e2be069	5			yes					-1	-1	-1	-1	173	
173	172	ae4e282161322ade	4			yes					-1	-1	-1	-1	
174	169	ccfd2ea6a2ab77c3	5			yes					-1	-1	-1	-1	175	
175	174	b16fd0d74db2bd74	4			yes					-1	-1	-1	-1	
176	169	6267d1135e05c98c	5			yes					-1	-1	-1	-1	-1	
177	139	ee4e01232c006205	4			yes					-1	-1	-1	178	
178	177	bee650efff4da7b6	6			yes					179	180	181	182	-1	183	
179	178	5639db99e14bcfee	5			yes					-1	-1	-1	-1	-1	
180	178	72cfa9ddc07a44e4	5			yes					-1	-1	-1	-1	-1	
181	178	6dee512becfad34e	5			yes					-1	-1	-1	-1	-1	
182	178	ebc0b53c76151433	5			yes					-1	-1	-1	-1	-1	
183	178	d8216012e3292068	5			yes					-1	-1	-1	-1	-1	
184	139	674686422b860e6d	4			yes					-1	-1	-1	-1	
185	138	5ea976446729f506	4			yes					186	198	201	204	
186	185	5d1912e50e4d4e9e	3			yes					187	188	189	
187	186	1b61b419386f05c2	4			yes					-1	-1	-1	-1	
188	186	10126d7d2a0bd3ee	4			yes					-1	-1	-1	-1	
189	186	1c46464537ceadaf	6			yes					190	192	194	196	-1	197	
190	189	1db240cc071e3f60	5			yes					-1	-1	-1	-1	191	
191	190	6020bebde807f5d7	4			yes					-1	-1	-1	-1	
192	189	04f8b0d2b8011a12	5			yes					-1	-1	-1	-1	193	
193	192	796a4ea35718d0a5	4			yes					-1	-1	-1	-1	
194	189	f54ad0884e2fcf29	5			yes					-1	-1	-1	-1	195	
195	194	88d82ef9a136059e	4			yes					-1	-1	-1	-1	
196	189	cc2070f60d6ed7e1	5			yes					-1	-1	-1	-1	-1	
197	189	61d4b834d8d76718	5			yes					-1	-1	-1	-1	-1	
198	185	db83343490a9d71f	3			yes					-1	-1	199	
199	198	c738721c75c2cf50	5			yes					-1	-1	-1	-1	-1	
200	199	2fe7f96a6bc4a708	4			no					-1	-1	-1	-2	
201	185	87ca2d43df714463	3			yes					-1	202	203	
202	201	632ddaa880d4afd1	4			yes					-1	-1	-1	-1	
203	201	0cc63d6a1e54fa86	5			yes					-1	-1	-1	-1	-1	
204	185	5ff97dd626bc28e4	3			yes					-1	-1	-1	
205	138	366c305ec39f5e22	4			yes					206	213	215	217	
206	205	35dc54ffaafbe5ba	3			yes					207	208	212	
207	206	33d8220cffaba0ae	5			yes					-1	-1	-1	-1	-1	
208	206	4e393e4a0880d17f	5			yes					-1	209	-1	210	211	
209	208	5687c8dd874f66c2	4			yes					-1	-1	-1	-1	
210	208	886c88770690746b	4			yes					-1	-1	-1	-1	
211	208	540965781c370334	4			yes					-1	-1	-1	-1	
212	206	2113d6e39fe7c790	5			yes					-1	-1	-1	-1	-1	
213	205	b346722e341f7c3b	3			yes					-1	214	-1	
214	213	484acd413af31e03	5			yes					-1	-1	-1	-1	-1	
215	205	d5e6087b84188de0	3			yes					-1	-1	216	
216	215	1484b0c37b5fae55	5			yes					-1	-1	-1	-1	-1	
217	205	65101ef4d9634a43	3			yes					-1	-1	-1	
218	138	d5f030b3bbcbbee9	5			yes					219	232	236	242	243	
219	218	d6405412d2af0571	4			yes					220	222	227	229	
220	219	87aa1768093a38e9	5			yes					-1	-1	-1	-1	221	
221	220	fb3e3d1274887a83	4			yes					-1	-1	-1	-1	
222	219	2f4b50642324b7f3	5			yes					223	224	-1	225	226	
223	222	2ebf56ed13f4253c	4			yes					-1	-1	-1	-1	
224	222	37f5a6f3aceb004e	4			yes					-1	-1	-1	-1	
225	222	64b77516ea9807b7	4			yes					-1	-1	-1	-1	
226	222	8f2ab7396ff5001e	4			yes					-1	-1	-1	-1	
227	219	7298130f60dd91b4	5			yes					-1	-1	-1	-1	228	
228	227	0e0c39751d6fd3de	4			yes					-1	-1	-1	-1	
229	219	eef8f6a6f6144051	3			yes					-1	230	231	
230	229	8ae2e97c1da0f245	5			yes					-1	-1	-1	-1	-1	
231	229	bf0a50aa631922b6	5			yes					-1	-1	-1	-1	-1	
232	218	50da72c34c4b9cf0	4			yes					-1	233	235	-1	
233	232	601d4313af521a55	5			yes					-1	-1	-1	-1	234	
234	233	1c896969d2e0583f	4			yes					-1	-1	-1	-1	
235	232	80046a5e431138df	5			yes					-1	-1	-1	-1	-1	
236	218	367a0896fc4c6d2b	4			yes					-1	-1	237	241	
237	236	b1e165206189759b	5			yes					238	239	240	-1	-1	
238	237	593eee567f8f1dc3	4			yes					-1	-1	-1	-1	
239	237	7dc89c125ebe96c9	4			yes					-1	-1	-1	-1	
240	237	d817a28c4be52249	4			yes					-1	-1	-1	-1	
241	236	0ec2aa22d8f7280b	3			yes					-1	-1	-1	
242	218	5da8bc40fdd80f63	4			yes					-1	-1	-1	-1	
243	218	ed4892079f70fbc9	4			yes					-1	-1	-1	-1	
244	0	dc3c2a7d9a199899	5			yes					-1	-1	245	299	313	
245	244	11b9368aa659c871	5			yes					246	267	286	291	298	
246	245	1209522bcf3d73e9	4			yes					247	253	254	259	
247	246	462f3bb5b461a9bb	5			yes					248	249	250	251	252	
248	247	0a5352beed8e123b	4			yes					-1	-1	-1	-1	
249	247	847ac6f29bbcbb27	4			yes					-1	-1	-1	-1	
250	247	2667116b107c4963	4			yes					-1	-1	-1	-1	
251	247	f451e5a0c6989b8f	4			yes					-1	-1	-1	-1	
252	247	5c1f6087a0d67bf0	4			yes					-1	-1	-1	-1	
253	246	b26639d1fa32d8ba	4			yes					-1	-1	-1	-1	
254	246	15c6e03c0605e563	5			yes					-1	255	256	257	258	
255	254	b380aa675c8393dc	4			yes					-1	-1	-1	-1	
256	254	fe82041193037c00	4			yes					-1	-1	-1	-1	
257	254	680ea54b951f3bf7	4			yes					-1	-1	-1	-1	
258	254	42f2a4235df9b605	4			yes					-1	-1	-1	-1	
259	246	d33ac1c23fd382ca	6			yes					-1	260	262	264	-1	266	
260	259	757c8b996555f475	5			yes					-1	-1	-1	-1	261	
261	260	08ee75e88a4c3ec2	4			yes					-1	-1	-1	-1	
262	259	387e25efaad51ba9	5			yes					-1	-1	-1	-1	263	
263	262	45ecdb9e45ccd11e	4			yes					-1	-1	-1	-1	
264	259	035cf7710573f884	5			yes					-1	-1	-1	-1	-1	
265	264	7ece0900ea6a3233	4			no					-1	-2	-2	-2	
266	259	aea83fb3d0ca487d	5			yes					-1	-1	-1	-1	-1	
267	245	d9b03ec7878742ab	4			yes					-1	268	269	275	
268	267	cff1e0c11c15ad96	4			yes					-1	-1	-1	-1	
269	267	90d358283cf7cca0	5			yes					270	271	272	273	274	
270	269	780cd35e22f1a4f8	4			yes					-1	-1	-1	-1	
271	269	29676e3343e67cc9	4			yes					-1	-1	-1	-1	
272	269	7b97bc05a9f155c3	4			yes					-1	-1	-1	-1	
273	269	ed1b1d5fafed1234	4			yes					-1	-1	-1	-1	
274	269	c7e71c37670b9fc6	4			yes					-1	-1	-1	-1	
275	267	562f79d60521ab09	6			yes					276	278	280	282	284	285	
276	275	bef0f2a01b27c351	5			yes					-1	-1	-1	-1	277	
277	276	c3620cd1f43e09e6	4			yes					-1	-1	-1	-1	
278	275	ef9b4fcd7a301b60	5			yes					-1	-1	-1	-1	279	
279	278	9209b1bc9529d1d7	4			yes					-1	-1	-1	-1	
280	275	bd6b9dfb9027326a	5			yes					-1	-1	-1	-1	281	
281	280	c0f9638a7f3ef8dd	4			yes					-1	-1	-1	-1	
282	275	86494f653f81d147	5			yes					-1	-1	-1	-1	283	
283	282	fbdbb114d0981bf0	4			yes					-1	-1	-1	-1	
284	275	17db918221a8f1ab	5			yes					-1	-1	-1	-1	-1	
285	275	2bbd87a7ea3861be	5			yes					-1	-1	-1	-1	-1	
286	245	42b1eb8d4f3c5d2a	4			yes					-1	-1	287	288	
287	286	601ade95de6ed8ae	5			yes					-1	-1	-1	-1	-1	
288	286	43e1e01f0ea980c8	3			yes					289	290	-1	
289	288	9c62acda79ac26ae	4			yes					-1	-1	-1	-1	
290	288	c946e30c5aa4510b	5			yes					-1	-1	-1	-1	-1	
291	245	99e1ba79e04a79fb	4			yes					-1	-1	-1	292	
292	291	0907be387c13b322	6			yes					293	294	295	296	-1	297	
293	292	e1d8354e6215db7a	5			yes					-1	-1	-1	-1	-1	
294	292	47a166d0ed3f17b9	5			yes					-1	-1	-1	-1	-1	
295	292	da0fbffc6fa4c7da	5			yes					-1	-1	-1	-1	-1	
296	292	694f94e6d80e53fa	5			yes					-1	-1	-1	-1	-1	
297	292	6fc08ec5607734fc	5			yes					-1	-1	-1	-1	-1	
298	245	10e93d18e7cc1593	4			yes					-1	-1	-1	-1	
299	244	8dd5fedd0bbbceea	4			yes					300	308	311	312	
300	299	8e659a7c62df7572	3			yes					301	306	307	
301	300	564ad074a3d1553e	5			yes					-1	302	303	304	305	
302	301	941f2d338c0c47a2	4			yes					-1	-1	-1	-1	
303	301	036c35a72a89e6bb	4			yes					-1	-1	-1	-1	
304	301	5359fe778ce4574f	4			yes					-1	-1	-1	-1	
305	301	de1c5f9cd05f18e8	4			yes					-1	-1	-1	-1	
306	300	6cafa7b5fd1b066c	5			yes					-1	-1	-1	-1	-1	
307	300	78fb11bf87b996c6	5			yes					-1	-1	-1	-1	-1	
308	299	45dcf6902a654430	3			yes					-1	309	310	
309	308	5632ba7b88679ac9	5			yes					-1	-1	-1	-1	-1	
310	308	fdeea9abbd4bbf05	5			yes					-1	-1	-1	-1	-1	
311	299	98c5424652462523	3			yes					-1	-1	-1	
312	299	dea9d0771147da8b	3			yes					-1	-1	-1	
313	244	6e49fe3073ef2e21	5			yes					314	327	334	336	337	
314	313	6df99a911a8b95b9	4			yes					315	320	322	325	
315	314	c91048d7c1429f40	5			yes					-1	316	317	318	319	
316	315	0b45b590ee9f8ddc	4			yes					-1	-1	-1	-1	
317	315	9c36ad04481a2cc5	4			yes					-1	-1	-1	-1	
318	315	7b6e96c2b3bbad74	4			yes					-1	-1	-1	-1	
319	315	6971af8a8d9328ad	4			yes					-1	-1	-1	-1	
320	314	0edb882569360aa2	5			yes					-1	-1	-1	-1	321	
321	320	724fa25f148448c8	4			yes					-1	-1	-1	-1	
322	314	eb7937afb5f89546	5			yes					-1	323	-1	-1	324	
323	322	4d3f7df4ef7ee3f9	4			yes					-1	-1	-1	-1	
324	322	ddbebaa78025eebd	4			yes					-1	-1	-1	-1	
325	314	554138253e30d099	3			yes					326	-1	-1	
326	325	6cb9f1cfffc6daf6	5			yes					-1	-1	-1	-1	-1	
327	313	a640f67d5231a4fb	4			yes					-1	328	330	333	
328	327	5b431b0e7a45b6fe	5			yes					-1	-1	-1	-1	329	
329	328	27d7317407f7f494	4			yes					-1	-1	-1	-1	
330	327	6e6c8fbb8f0abc85	5			yes					331	-1	-1	-1	332	
331	330	86b304cd910cd4dd	4			yes					-1	-1	-1	-1	
332	330	58ab02b3bad7c77e	4			yes					-1	-1	-1	-1	
333	327	9ef854c9768ae1db	3			yes					-1	-1	-1	
334	313	7b5942ab2a12c5e8	4			yes					-1	-1	335	-1	
335	334	d48a50f9f2c52569	5			yes					-1	-1	-1	-1	-1	
336	313	e61172c335fc9fab	4			yes					-1	-1	-1	-1	
337	313	56f15c8457546b01	4			yes					-1	-1	-1	-1	
338	0	4be80c6512ddf666	5			yes					-1	-1	-1	339	374	
339	338	f72bd7bb83643091	5			yes					340	352	363	371	373	
340	339	f49bb31aea008b09	4			yes					341	346	350	351	
341	340	b64fff25f5781136	5			yes					-1	342	343	344	345	
342	341	a171e23ea14914ff	4			yes					-1	-1	-1	-1	
343	341	d607d5fb5165f1ee	4			yes					-1	-1	-1	-1	
344	341	b35cd126da4d1347	4			yes					-1	-1	-1	-1	
345	341	3e1970cd86f65ce0	4			yes					-1	-1	-1	-1	
346	340	1bf17f8b235ed32e	5			yes					-1	-1	347	348	349	
347	346	7ff25c19c9d12b8b	4			yes					-1	-1	-1	-1	
348	346	dda4c9b62d4e763a	4			yes					-1	-1	-1	-1	
349	346	01c124b937e90165	4			yes					-1	-1	-1	-1	
350	340	f1a241f29488c89a	4			yes					-1	-1	-1	-1	
351	340	9efc45d9e5b5b1d4	5			yes					-1	-1	-1	-1	-1	
352	339	3f22dff6a2baba4b	4			yes					-1	353	358	359	
353	352	9d3c58b684ed9342	5			yes					354	-1	355	356	357	
354	353	75e3d3c09aebfb1a	4			yes					-1	-1	-1	-1	
355	353	b90ad3563ebb2891	4			yes					-1	-1	-1	-1	
356	353	982f76b5abd89133	4			yes					-1	-1	-1	-1	
357	353	156ad75ef763de94	4			yes					-1	-1	-1	-1	
358	352	fc20fa0a4d4de4a9	5			yes					-1	-1	-1	-1	-1	
359	352	0ac2cbd1545ab583	6			yes					360	-1	-1	-1	361	362	
360	359	e21d40a74a5cdddb	5			yes					-1	-1	-1	-1	-1	
361	359	47de9d64c723ff50	5			yes					-1	-1	-1	-1	-1	
362	359	7ed4b4b24c1dc455	5			yes					-1	-1	-1	-1	-1	
363	339	f26e7d193032d946	4			yes					-1	-1	364	365	
364	363	dc8b8e188acda337	5			yes					-1	-1	-1	-1	-1	
365	363	42c3e1f8904fb6b3	6			yes					366	367	-1	368	369	370	
366	365	aa1c6a8e8e49deeb	5			yes					-1	-1	-1	-1	-1	
367	365	0c65391001631228	5			yes					-1	-1	-1	-1	-1	
368	365	26c0c26a7ac04e16	5			yes					-1	-1	-1	-1	-1	
369	365	0fdfb74d0336fc60	5			yes					-1	-1	-1	-1	-1	
370	365	36d59e9b8808c765	5			yes					-1	-1	-1	-1	-1	
371	339	17c880c771c72d2d	4			yes					-1	-1	-1	372	
372	371	cefcc64efbecd895	3			yes					-1	-1	-1	
373	339	2e1f9132094fc529	4			yes					-1	-1	-1	-1	
374	338	2f273ffd670f2cd0	5			yes					375	389	398	401	402	
375	374	2c975b5c0e6b9748	4			yes					376	381	384	385	
376	375	2915678697ebdb48	5			yes					-1	377	378	379	380	
377	376	3e2b7a9dc3dade81	4			yes					-1	-1	-1	-1	
378	376	495d4d5833f63b90	4			yes					-1	-1	-1	-1	
379	376	9b6bb993e512e97c	4			yes					-1	-1	-1	-1	
380	376	897480dbdb3a6ca5	4			yes					-1	-1	-1	-1	
381	375	02e1c28344dd7e2f	5			yes					-1	-1	-1	382	383	
382	381	0f65addf946464f0	4			yes					-1	-1	-1	-1	
383	381	7e75e8f9396f3c45	4			yes					-1	-1	-1	-1	
384	375	c0c706784d8299bc	5			yes					-1	-1	-1	-1	-1	
385	375	142ff9e82ad0d268	3			yes					386	387	-1	
386	385	8cbcde9ea96f9efe	5			yes					-1	-1	-1	-1	-1	
387	385	4f9791802246b68f	5			yes					-1	-1	-1	-1	388	
388	387	32056ff1cd5f7c38	4			yes					-1	-1	-1	-1	
389	374	e72e37b046d1a60a	4			yes					-1	390	395	396	
390	389	0266c015e67e593c	5			yes					391	-1	392	393	394	
391	390	eab94b63f8783164	4			yes					-1	-1	-1	-1	
392	390	26504bf55c28e2ef	4			yes					-1	-1	-1	-1	
393	390	b0181e0094876b08	4			yes					-1	-1	-1	-1	
394	390	a2072748aaafeed1	4			yes					-1	-1	-1	-1	
395	389	56df6fb96bb83771	5			yes					-1	-1	-1	-1	-1	
396	389	df969504626ae32a	3			yes					-1	397	-1	
397	396	a7cf790dd8fa1c8a	5			yes					-1	-1	-1	-1	-1	
398	374	2a62955fd459c507	4			yes					-1	-1	399	400	
399	398	3495fe832fe7a600	5			yes					-1	-1	-1	-1	-1	
400	398	12da37ebf0e28027	3			yes					-1	-1	-1	
401	374	f64464fadf579db5	4			yes					-1	-1	-1	-1	
402	374	179f9d4943b469f0	4			yes					-1	-1	-1	-1	
403	0	e4b8aa8b9895fdee	5			yes					-1	-1	-1	-1	404	
404	403	6a0a09014c34a31c	6			yes					405	423	434	441	444	446	
405	404	69ba6da025501884	5			yes					406	411	417	420	422	
406	405	a1b365ed048e925e	4			yes					407	408	-1	409	
407	406	89899e63a7cdc508	5			yes					-1	-1	-1	-1	-1	
408	406	b99fddacbe382a0b	5			yes					-1	-1	-1	-1	-1	
409	406	a93d0ca58faffaa9	6			yes					-1	-1	-1	-1	-1	410	
410	409	54e0c9813e4c4e67	5			yes					-1	-1	-1	-1	-1	
411	405	6cffc7029606f153	4			yes					-1	412	-1	414	
412	411	6359cb233e40c122	5			yes					-1	-1	-1	-1	413	
413	412	1fcde15943f28348	4			yes					-1	-1	-1	-1	
414	411	1fd4c0ad41020efb	6			yes					-1	-1	415	-1	-1	416	
415	414	76bf95ae33f5c28c	5			yes					-1	-1	-1	-1	-1	
416	414	e2090589f0e1ba35	5			yes					-1	-1	-1	-1	-1	
417	405	8a30558562d7cb46	4			yes					-1	-1	-1	418	
418	417	3672b20671e629da	6			yes					-1	-1	-1	-1	-1	419	
419	418	f4d9292b2aadee6c	5			yes					-1	-1	-1	-1	-1	
420	405	82eb63dc1e2bcdc7	4			yes					-1	-1	-1	421	
421	420	2ec69acad50fb0cf	3			yes					-1	-1	-1	
422	405	c59794b6ee74658c	4			yes					-1	-1	-1	-1	
423	404	a203014c6dea29c6	5			yes					-1	424	428	431	433	
424	423	a746abeedebcc011	4			yes					-1	425	-1	426	
425	424	ec630614d001ff6f	5			yes					-1	-1	-1	-1	-1	
426	424	7f70ad219063cf60	6			yes					-1	-1	-1	-1	-1	427	
427	426	82ad680521807bae	5			yes					-1	-1	-1	-1	-1	
428	423	418939692a6dfa04	4			yes					-1	-1	-1	429	
429	428	36b901292c2a1a8c	6			yes					-1	-1	-1	-1	-1	430	
430	429	f4129a047761dd3a	5			yes					-1	-1	-1	-1	-1	
431	423	49520f305691fc85	4			yes					-1	-1	-1	432	
432	431	e57ff6269db5818d	3			yes					-1	-1	-1	
433	423	0e2ef85aa6ce54ce	4			yes					-1	-1	-1	-1	
434	404	6f4fa3a3ff624acb	5			yes					-1	-1	435	438	440	
435	434	8cc59b86b8e59909	4			yes					-1	-1	-1	436	
436	435	68b25ac29b532d83	6			yes					-1	-1	-1	-1	-1	437	
437	436	956f9fe62ab0994d	5			yes					-1	-1	-1	-1	-1	
438	434	841eaddfc4199f88	4			yes					-1	-1	-1	439	
439	438	283354c90f3de280	3			yes					-1	-1	-1	
440	434	c3625ab5344637c3	4			yes					-1	-1	-1	-1	
441	404	898031240bb370de	5			yes					-1	-1	-1	442	443	
442	441	62d13f5830c8a59d	4			yes					-1	-1	-1	-1	
443	441	25adc832c0970dd6	4			yes					-1	-1	-1	-1	
444	404	815b077d774f765f	5			yes					-1	-1	-1	-1	445	
445	444	2d76fe6bbc6b0b57	4			yes					-1	-1	-1	-1	
446	404	c627f0178710de14	5			yes					-1	-1	-1	-1	-1	
447	0	7edd769bd1ca319e	5			yes					-1	-1	-1	-1	-1	
