Number of nodes
529
ID	PID	Hash_Value			File_Number	Fully_Enumerated	Children
0	-1	2ee2c82912625687	6			yes					1	165	296	402	482	528	
1	0	ae3fcfa592281f4e	5			yes					2	55	85	106	123	
2	1	0c2d0bd17d2439f7	5			yes					3	15	33	43	54	
3	2	8c9b786bef2d857b	4			yes					4	5	8	12	
4	3	e2162de6c8c6868d	4			yes					-1	-1	-1	-1	
5	3	4326980d763706f6	5			yes					-1	6	-1	-1	7	
6	5	32c6550a800c3f40	4			yes					-1	-1	-1	-1	
7	5	c77e86cba161cb65	4			yes					-1	-1	-1	-1	
8	3	d345d543ba41bd98	3			yes					9	10	11	
9	8	761026538d7ec0cc	4			yes					-1	-1	-1	-1	
10	8	a7dc49e0fdcdba30	4			yes					-1	-1	-1	-1	
11	8	f90da65ab6086d65	5			yes					-1	-1	-1	-1	-1	
12	3	74d7b922af3d1997	3			yes					13	14	-1	
13	12	cda744f084af26e4	4			yes					-1	-1	-1	-1	
14	12	927dc90defb8ab9b	4			yes					-1	-1	-1	-1	
15	2	0213cfc82e510274	4			yes					-1	16	23	28	
16	15	2d1ee85687a198d0	5			yes					17	19	20	21	22	
17	16	5ba8f6d617629964	4			yes					18	-1	-1	-1	
18	17	1dd5096481fa938a	3			yes					-1	-1	-1	
19	16	6b6317e41139923e	4			yes					-1	-1	-1	-1	
20	16	3b6d155d18e9f6ef	4			yes					-1	-1	-1	-1	
21	16	b3a1d3323607f563	4			yes					-1	-1	-1	-1	
22	16	b807275d28b508d6	4			yes					-1	-1	-1	-1	
23	15	a6b8a7dd2a048254	5			yes					24	25	-1	26	27	
24	23	d00eb95dbac783e0	4			yes					-1	-1	-1	-1	
25	23	e0c5586fbc9c88ba	4			yes					-1	-1	-1	-1	
26	23	f180304250856845	4			yes					-1	-1	-1	-1	
27	23	907f05b7b872a5c2	4			yes					-1	-1	-1	-1	
28	15	1d0fc57e23d5647c	5			yes					29	30	31	32	-1	
29	28	6bb9dbfeb31665c8	4			yes					-1	-1	-1	-1	
30	28	5b723accb54d6e92	4			yes					-1	-1	-1	-1	
31	28	ea83b664e77d20f5	4			yes					-1	-1	-1	-1	
32	28	9f8bf6dac0c655a0	4			yes					-1	-1	-1	-1	
33	2	291adbc2d4002300	4			yes					-1	-1	34	39	
34	33	7774c86e5ab7f8a8	5			yes					35	36	37	-1	38	
35	34	01c2d6eeca74f91c	4			yes					-1	-1	-1	-1	
36	34	310937dccc2ff246	4			yes					-1	-1	-1	-1	
37	34	06940569ac8cc11e	4			yes					-1	-1	-1	-1	
38	34	41b36a04c8c1df3e	4			yes					-1	-1	-1	-1	
39	33	42d5488348c2e903	5			yes					40	41	42	-1	-1	
40	39	34635603d801e8b7	4			yes					-1	-1	-1	-1	
41	39	04a8b731de5ae3ed	4			yes					-1	-1	-1	-1	
42	39	33358584bef9d0b5	4			yes					-1	-1	-1	-1	
43	2	53f3a6f928480114	4			yes					-1	-1	-1	44	
44	43	29a527d411722ffd	6			yes					45	47	49	51	-1	53	
45	44	5f13395481b12e49	5			yes					-1	-1	-1	-1	46	
46	45	880142c5d9292e7c	4			yes					-1	-1	-1	-1	
47	44	6fd8d86687ea2513	5			yes					-1	-1	-1	-1	48	
48	47	b8caa3f7df722526	4			yes					-1	-1	-1	-1	
49	44	5845ead3e749164b	5			yes					-1	-1	-1	-1	50	
50	49	8f579142bfd1167e	4			yes					-1	-1	-1	-1	
51	44	d2867b8b44a48220	5			yes					-1	-1	-1	-1	52	
52	51	0594001a1c3c8215	4			yes					-1	-1	-1	-1	
53	44	feb75c4549ea2fc8	5			yes					-1	-1	-1	-1	-1	
54	2	f461ca983d34a51b	4			yes					-1	-1	-1	-1	
55	1	0821e865666c179d	4			yes					56	65	73	84	
56	55	17f50517c978f434	3			yes					57	58	62	
57	56	fdb669d820dbda48	4			yes					-1	-1	-1	-1	
58	56	e4e3f4d1baedd227	5			yes					-1	59	60	-1	61	
59	58	87ac066f2572aa38	4			yes					-1	-1	-1	-1	
60	58	1fc0a88eef3b7ffa	4			yes					-1	-1	-1	-1	
61	58	4e5cfa5ca67a757a	4			yes					-1	-1	-1	-1	
62	56	e3fd75cc1fa4d0d2	5			yes					-1	63	64	-1	-1	
63	62	80b28772803ba8cd	4			yes					-1	-1	-1	-1	
64	62	18de29934a727d0f	4			yes					-1	-1	-1	-1	
65	55	b8468113ba6847a6	3			yes					-1	66	70	
66	65	b62d13667438321a	5			yes					67	68	-1	-1	69	
67	66	c09b0de6e4fb33ae	4			yes					-1	-1	-1	-1	
68	66	fc29d907de0e21ac	4			yes					-1	-1	-1	-1	
69	66	1c921deb68af9547	4			yes					-1	-1	-1	-1	
70	65	b133927bd17130ef	5			yes					71	72	-1	-1	-1	
71	70	c7858cfb41b2315b	4			yes					-1	-1	-1	-1	
72	70	fb37581a7b472359	4			yes					-1	-1	-1	-1	
73	55	57ff454d33002f7e	3			yes					-1	-1	74	
74	73	37732dbe4478770c	6			yes					75	77	79	81	-1	83	
75	74	41c5333ed4bb76b8	5			yes					-1	-1	-1	-1	76	
76	75	96d748af8c23768d	4			yes					-1	-1	-1	-1	
77	74	7d77e7dfee4e64ba	5			yes					-1	-1	-1	-1	78	
78	77	aa659c4eb6d6648f	4			yes					-1	-1	-1	-1	
79	74	543cdf00dbe70f13	5			yes					-1	-1	-1	-1	80	
80	79	832ea491837f0f26	4			yes					-1	-1	-1	-1	
81	74	cc5071e111aedad1	5			yes					-1	-1	-1	-1	82	
82	81	1b420a704936dae4	4			yes					-1	-1	-1	-1	
83	74	e061562f1ce07739	5			yes					-1	-1	-1	-1	-1	
84	55	f06d292c267c8b71	3			yes					-1	-1	-1	
85	1	4a8d0acd97ead53f	4			yes					86	93	103	105	
86	85	5559e7bf38fe3696	3			yes					87	89	90	
87	86	73c9b3c1c313f5eb	5			yes					-1	-1	-1	-1	88	
88	87	8221c0309408fb5c	4			yes					-1	-1	-1	-1	
89	86	b8ad8b99b5c0d138	4			yes					-1	-1	-1	-1	
90	86	efe7db8a46855205	5			yes					-1	91	92	-1	-1	
91	90	9e07168db0be6bb3	4			yes					-1	-1	-1	-1	
92	90	0a71162a23d63ca6	4			yes					-1	-1	-1	-1	
93	85	44b3ced4c49feebc	3			yes					-1	94	98	
94	93	d2025863d27627a7	5			yes					-1	96	-1	-1	97	
95	94	a4b446e342b52613	4			no					-1	-1	-1	-2	
96	94	9806920278403411	4			yes					-1	-1	-1	-1	
97	94	19472ffb9f248e3c	4			yes					-1	-1	-1	-1	
98	93	cf2a1764ed94ab02	5			yes					99	100	101	102	-1	
99	98	b99c09e47d57aab6	4			yes					-1	-1	-1	-1	
100	98	852edd0547a2b8b4	4			yes					-1	-1	-1	-1	
101	98	7dfb4ed4cf02bd3d	4			yes					-1	-1	-1	-1	
102	98	31bdd7a13b45a1c2	4			yes					-1	-1	-1	-1	
103	85	e9a6e822bc7144c6	3			yes					-1	-1	104	
104	103	28911a5bd1fdd270	5			yes					-1	-1	-1	-1	-1	
105	85	b2c1cb84d7fa49d3	3			yes					-1	-1	-1	
106	1	6b21cdb9fb5bfe70	4			yes					107	113	120	122	
107	106	74f520cb544f1dd9	3			yes					108	111	-1	
108	107	8ac5b86a94cf2441	5			yes					-1	-1	-1	110	-1	
109	108	67a032fb35d62ff3	4			no					-1	-2	-2	-2	
110	108	6f93563c6b8496ff	4			yes					-1	-1	-1	-1	
111	107	b98ec9bb3816ffe7	5			yes					-1	-1	-1	112	-1	
112	111	5cd827edc75d4d59	4			yes					-1	-1	-1	-1	
113	106	651f09a0a82ec5f3	3			yes					-1	114	119	
114	113	fd9ba26c0d433da9	5			yes					115	116	-1	117	118	
115	114	8b2dbcec9d803c1d	4			yes					-1	-1	-1	-1	
116	114	b79f680da7752e1f	4			yes					-1	-1	-1	-1	
117	114	2c0a91ef82a4ee4b	4			yes					-1	-1	-1	-1	
118	114	fb501a692a5aafdf	4			yes					-1	-1	-1	-1	
119	113	e257ae7abae46803	5			yes					-1	-1	-1	-1	-1	
120	106	4e161daa527fe487	3			yes					-1	-1	121	
121	120	339bc1c9ca5712ff	5			yes					-1	-1	-1	-1	-1	
122	106	34ddf9785545c2dd	3			yes					-1	-1	-1	
123	1	681494b622149feb	5			yes					124	131	151	163	164	
124	123	77c079c48d007c42	4			yes					125	127	130	-1	
125	124	ae1b21ad26c3703c	5			yes					-1	-1	-1	-1	126	
126	125	56d24c4914895650	4			yes					-1	-1	-1	-1	
127	124	d849970bf2d7c989	5			yes					-1	128	-1	-1	129	
128	127	a9a95a0c04ecf03f	4			yes					-1	-1	-1	-1	
129	127	2080faefc09defe5	4			yes					-1	-1	-1	-1	
130	124	129051b85a18a47f	5			yes					-1	-1	-1	-1	-1	
131	123	662a50af7161a468	4			yes					-1	132	142	150	
132	131	969badc9b3f0f225	6			yes					133	135	-1	137	139	141	
133	132	e02db3492333f391	5			yes					-1	-1	-1	-1	134	
134	133	f512115ac8b14275	4			yes					-1	-1	-1	-1	
135	132	dc9f67a819c6e193	5			yes					-1	-1	-1	-1	136	
136	135	c9a0c5bbf2445077	4			yes					-1	-1	-1	-1	
137	132	082496ad02569f96	5			yes					-1	-1	-1	-1	138	
138	137	1d1b34bee9d42e72	4			yes					-1	-1	-1	-1	
139	132	a141b09dff99a06a	5			yes					-1	-1	-1	-1	140	
140	139	b47e128e141b118e	4			yes					-1	-1	-1	-1	
141	132	83a40fda587243c1	5			yes					-1	-1	-1	-1	-1	
142	131	dec37f8681db54cf	6			yes					143	145	-1	-1	147	149	
143	142	a87561061118557b	5			yes					-1	-1	-1	-1	144	
144	143	bd4ac315fa9ae49f	4			yes					-1	-1	-1	-1	
145	142	94c7b5e72bed4779	5			yes					-1	-1	-1	-1	146	
146	145	81f817f4c06ff69d	4			yes					-1	-1	-1	-1	
147	142	893992776f5e0d7e	5			yes					-1	-1	-1	-1	148	
148	147	9c06306484dcbc9a	4			yes					-1	-1	-1	-1	
149	142	cbfcdd956a59e52b	5			yes					-1	-1	-1	-1	-1	
150	131	653d9049535cc1bd	3			yes					-1	-1	-1	
151	123	4d2344a58b30851c	4			yes					-1	-1	152	162	
152	151	0f0f1035f1682e33	6			yes					153	155	157	-1	159	161	
153	152	79b90eb561ab2f87	5			yes					-1	-1	-1	-1	154	
154	153	6c86aca68a299e63	4			yes					-1	-1	-1	-1	
155	152	450bda545b5e3d85	5			yes					-1	-1	-1	-1	156	
156	155	50347847b0dc8c61	4			yes					-1	-1	-1	-1	
157	152	7eefdd3207531785	5			yes					-1	-1	-1	-1	158	
158	157	6bd07f21ecd1a661	4			yes					-1	-1	-1	-1	
159	152	58f5fdc41fed7782	5			yes					-1	-1	-1	-1	160	
160	159	4dca5fd7f46fc666	4			yes					-1	-1	-1	-1	
161	152	1a30b2261aea9fd7	5			yes					-1	-1	-1	-1	-1	
162	151	4e348443a90de0c9	3			yes					-1	-1	-1	
163	123	37ca399e7778a708	4			yes					-1	-1	-1	-1	
164	123	6b0354500029fa3e	4			yes					-1	-1	-1	-1	
165	0	ddc1c2fad38619a7	5			yes					-1	166	218	238	255	
166	165	82dbeea04054ddb4	5			yes					167	186	196	206	217	
167	166	8e8c63f76c075ab2	4			yes					168	169	175	181	
168	167	2f1ad01ec142a291	4			yes					-1	-1	-1	-1	
169	167	dd685085547a5507	5			yes					170	171	172	173	174	
170	169	0bb018c7d30c8b65	4			yes					-1	-1	-1	-1	
171	169	645caad6400ff446	4			yes					-1	-1	-1	-1	
172	169	e340d8524526261b	4			yes					-1	-1	-1	-1	
173	169	c4ddf5cd2d4b9c39	4			yes					-1	-1	-1	-1	
174	169	48719f8efb6ec501	4			yes					-1	-1	-1	-1	
175	167	6fc9ba5f5d0c1531	5			yes					176	177	178	179	180	
176	175	b911f21dda7acb53	4			yes					-1	-1	-1	-1	
177	175	d6fd400c4979b470	4			yes					-1	-1	-1	-1	
178	175	4deaf8f7435615d9	4			yes					-1	-1	-1	-1	
179	175	7b0852d31f2f585d	4			yes					-1	-1	-1	-1	
180	175	590e1835cf7a32a7	4			yes					-1	-1	-1	-1	
181	167	69124c379333ecf9	5			yes					182	183	184	185	-1	
182	181	bfca04751445329b	4			yes					-1	-1	-1	-1	
183	181	d026b66487464db8	4			yes					-1	-1	-1	-1	
184	181	4b310e9f8d69ec11	4			yes					-1	-1	-1	-1	
185	181	cc4b6a2fae94a913	4			yes					-1	-1	-1	-1	
186	166	8ef23125900b39fe	4			yes					-1	187	190	193	
187	186	7b62f79acd70cb09	5			yes					188	-1	-1	-1	189	
188	187	5ac55dc458a9fe71	4			yes					-1	-1	-1	-1	
189	187	ff3ae95c1a26069a	4			yes					-1	-1	-1	-1	
190	186	d12c9c0dc567011d	3			yes					191	192	-1	
191	190	45ff39c4f3ed1e32	4			yes					-1	-1	-1	-1	
192	190	9f982677468a77cf	4			yes					-1	-1	-1	-1	
193	186	76bef06cd01ba512	3			yes					194	195	-1	
194	193	1ca5be6ddea4113a	4			yes					-1	-1	-1	-1	
195	193	aa39a69a54ff6664	4			yes					-1	-1	-1	-1	
196	166	a7ec3eb3e970c743	4			yes					-1	-1	197	202	
197	196	32ca430936098dcd	5			yes					198	199	200	-1	201	
198	197	136de957a3d0b8b5	4			yes					-1	-1	-1	-1	
199	197	74b7bcbba0918723	4			yes					-1	-1	-1	-1	
200	197	5185b1b7a996f5d2	4			yes					-1	-1	-1	-1	
201	197	040de163a47faa5b	4			yes					-1	-1	-1	-1	
202	196	076bc3e4247c9c66	5			yes					203	204	205	-1	-1	
203	202	26cc69bab1a5a91e	4			yes					-1	-1	-1	-1	
204	202	41163c56b2e49688	4			yes					-1	-1	-1	-1	
205	202	6424315abbe3e479	4			yes					-1	-1	-1	-1	
206	166	dd0543881538e557	4			yes					-1	-1	-1	207	
207	206	6c1bacb37dcc5a98	6			yes					208	210	212	214	-1	216	
208	207	4dbc06ede8156fe0	5			yes					-1	-1	-1	-1	209	
209	208	9aae7d7cb08d6fd5	4			yes					-1	-1	-1	-1	
210	207	2a665301eb545076	5			yes					-1	-1	-1	-1	211	
211	210	fd742890b3cc5043	4			yes					-1	-1	-1	-1	
212	207	0f545e0de2532287	5			yes					-1	-1	-1	-1	213	
213	212	d846259cbacb22b2	4			yes					-1	-1	-1	-1	
214	207	9738f0ec281af745	5			yes					-1	-1	-1	-1	215	
215	214	402a8b7d7082f770	4			yes					-1	-1	-1	-1	
216	207	bb09d72225545aad	5			yes					-1	-1	-1	-1	-1	
217	166	7a972fe900444158	4			yes					-1	-1	-1	-1	
218	165	9c6ddc277aa5630e	4			yes					219	230	235	237	
219	218	903a517056f6e408	3			yes					220	223	225	
220	219	7f8c794defb05062	5			yes					-1	221	-1	-1	222	
221	220	38e39c88d172cbf4	4			yes					-1	-1	-1	-1	
222	220	8e640abcb8ab5ed5	4			yes					-1	-1	-1	-1	
223	219	1e28d17860f547dc	5			yes					-1	-1	-1	-1	224	
224	223	d56da6e02da7ee47	4			yes					-1	-1	-1	-1	
225	219	edeae01b322e51d5	5			yes					226	227	228	229	-1	
226	225	3b32a859b5588fb7	4			yes					-1	-1	-1	-1	
227	225	098e9e2d41479d4e	4			yes					-1	-1	-1	-1	
228	225	73f5ac4101e8bdc6	4			yes					-1	-1	-1	-1	
229	225	137d20dee4ff5b15	4			yes					-1	-1	-1	-1	
230	218	5730aef147d88a13	3			yes					-1	231	232	
231	230	80e9e40e0e871cc7	4			yes					-1	-1	-1	-1	
232	230	d7a3b41dfdc29ffa	5			yes					233	-1	234	-1	-1	
233	232	f6041e43681baa82	4			yes					-1	-1	-1	-1	
234	232	323579bd9891f159	4			yes					-1	-1	-1	-1	
235	218	3f463ec8513ef2f7	3			yes					-1	-1	236	
236	235	73f99b56e849ffe4	5			yes					-1	-1	-1	-1	-1	
237	218	64211d6e3ab5ffe2	3			yes					-1	-1	-1	
238	165	bdc11b5316144841	4			yes					239	249	252	254	
239	238	b19696043a47cf47	3			yes					240	243	248	
240	239	9a11e1039be659d6	5			yes					-1	-1	-1	242	-1	
241	240	be389eda4879ba7b	4			no					-1	-1	-2	-2	
242	240	7f470f5564adeb68	4			yes					-1	-1	-1	-1	
243	239	0a8afa632466c4cc	5			yes					244	245	-1	246	247	
244	243	dc52b221a3101aae	4			yes					-1	-1	-1	-1	
245	243	eeee8455570f0857	4			yes					-1	-1	-1	-1	
246	243	efdc1435db2d7672	4			yes					-1	-1	-1	-1	
247	243	9f9335688b7254ca	4			yes					-1	-1	-1	-1	
248	239	7c347c3abfa1e08c	5			yes					-1	-1	-1	-1	-1	
249	238	769c69852b69a15c	3			yes					-1	250	-1	
250	249	81caa62c83513218	5			yes					-1	-1	-1	251	-1	
251	250	649c487a7c1a80a6	4			yes					-1	-1	-1	-1	
252	238	98f6cb40bf3052b6	3			yes					-1	-1	253	
253	252	68f340c4f3e33f6b	5			yes					-1	-1	-1	-1	-1	
254	238	e23d2f92b80a74ec	3			yes					-1	-1	-1	
255	165	bef4425ccf5b29da	5			yes					256	276	281	294	295	
256	255	b2a3cf0be308aedc	4			yes					257	259	269	273	
257	256	204ac8b52d4ef477	5			yes					-1	-1	-1	-1	258	
258	257	35756aa6c6cc4593	4			yes					-1	-1	-1	-1	
259	256	86c477765a405ff4	6			yes					260	262	-1	264	266	268	
260	259	501c3f34dd368196	5			yes					-1	-1	-1	-1	261	
261	260	45239d2736b43072	4			yes					-1	-1	-1	-1	
262	259	62a009402929936f	5			yes					-1	-1	-1	-1	263	
263	262	779fab53c2ab228b	4			yes					-1	-1	-1	-1	
264	259	5d46888edb08c485	5			yes					-1	-1	-1	-1	265	
265	264	48792a9d308a7561	4			yes					-1	-1	-1	-1	
266	259	b11e6a2216290dbb	5			yes					-1	-1	-1	-1	267	
267	266	a421c831fdabbc5f	4			yes					-1	-1	-1	-1	
268	259	93fbd565b1c2ee10	5			yes					-1	-1	-1	-1	-1	
269	256	03d8e69fd398ba95	5			yes					-1	270	271	-1	272	
270	269	e7bc98a9a0f1760e	4			yes					-1	-1	-1	-1	
271	269	dd66418ff0cb1dfc	4			yes					-1	-1	-1	-1	
272	269	fb118b7be1d29cf9	4			yes					-1	-1	-1	-1	
273	256	b1b40fedc135cb09	3			yes					-1	274	275	
274	273	a16c48c438c19d3e	5			yes					-1	-1	-1	-1	-1	
275	273	3f5f06971e1011b0	5			yes					-1	-1	-1	-1	-1	
276	255	75a9308af226c0c7	4			yes					-1	277	280	-1	
277	276	e00df89c49900476	5			yes					-1	-1	-1	-1	279	
278	277	c1aa52c2dc49310e	4			no					-1	-1	-2	-2	
279	277	18c495787bda221a	4			yes					-1	-1	-1	-1	
280	276	2ad43e2fe15f6980	5			yes					-1	-1	-1	-1	-1	
281	255	9bc3924f667f332d	4			yes					-1	-1	282	292	
282	281	54679138c8dc03a7	6			yes					283	285	287	-1	289	291	
283	282	75c03b665d0536df	5			yes					-1	-1	-1	-1	284	
284	283	60ff9975b687873b	4			yes					-1	-1	-1	-1	
285	282	121a6e8a5e440949	5			yes					-1	-1	-1	-1	286	
286	285	0725cc99b5c6b8ad	4			yes					-1	-1	-1	-1	
287	282	25875c3f3ee73a11	5			yes					-1	-1	-1	-1	288	
288	287	30b8fe2cd5658bf5	4			yes					-1	-1	-1	-1	
289	282	039d7cc926595a16	5			yes					-1	-1	-1	-1	290	
290	289	16a2dedacddbebf2	4			yes					-1	-1	-1	-1	
291	282	4158332b235eb243	5			yes					-1	-1	-1	-1	-1	
292	281	98d452a9444256f8	3			yes					-1	293	-1	
293	292	1cce27bb8033d987	4			yes					-1	-1	-1	-1	
294	255	e12aef749a371139	4			yes					-1	-1	-1	-1	
295	255	bde382baed664c0f	4			yes					-1	-1	-1	-1	
296	0	c25680c2b3c96b9b	5			yes					-1	-1	297	350	366	
297	296	bcb2868910494f54	5			yes					298	317	331	338	349	
298	297	b0e50bde3c1ac852	4			yes					299	306	307	312	
299	298	6d1cabcd455fa2cb	5			yes					300	301	303	304	305	
300	299	8d7fcb71e47eeb09	4			yes					-1	-1	-1	-1	
301	299	0e535973dac0dad4	4			yes					-1	302	-1	-1	
302	301	ebc594d3bf93b477	3			yes					-1	-1	-1	
303	299	888a666d200ccc68	4			yes					-1	-1	-1	-1	
304	299	f3a390a9f4f9cf78	4			yes					-1	-1	-1	-1	
305	299	f80564c6ea4b32cd	4			yes					-1	-1	-1	-1	
306	298	5068c64afc1f2870	4			yes					-1	-1	-1	-1	
307	298	8d0700d5b61e44e9	5			yes					-1	308	309	310	311	
308	307	f4f217cb6a149ac9	4			yes					-1	-1	-1	-1	
309	307	dba5d858045f5e3c	4			yes					-1	-1	-1	-1	
310	307	6a838991145ac828	4			yes					-1	-1	-1	-1	
311	307	d3d3213ebe8ce6ea	4			yes					-1	-1	-1	-1	
312	298	751e324fe93fc514	5			yes					313	314	315	316	-1	
313	312	6e1e55a69bbc6bca	4			yes					-1	-1	-1	-1	
314	312	0ceb255135351b34	4			yes					-1	-1	-1	-1	
315	312	23bceac25b7edfc1	4			yes					-1	-1	-1	-1	
316	312	8b89f28a3feecfd4	4			yes					-1	-1	-1	-1	
317	297	5b49ab5df160ab6d	4			yes					-1	318	320	326	
318	317	b039e68e53a0bb28	4			yes					319	-1	-1	-1	
319	318	919e4cd0c6798e50	3			yes					-1	-1	-1	
320	317	626805d383273e88	5			yes					321	322	323	324	325	
321	320	43cfaf8d16fe0bf0	4			yes					-1	-1	-1	-1	
322	320	ce55da7c8d4e016f	4			yes					-1	-1	-1	-1	
323	320	34cadd5e3166245d	4			yes					-1	-1	-1	-1	
324	320	85ec8c972163b249	4			yes					-1	-1	-1	-1	
325	320	3cbc24388bb59c8b	4			yes					-1	-1	-1	-1	
326	317	9a713749dc06bf75	5			yes					327	328	329	330	-1	
327	326	bbd69d1749df8a0d	4			yes					-1	-1	-1	-1	
328	326	364ce8e6d26f8092	4			yes					-1	-1	-1	-1	
329	326	ccd3efc46e47a5a0	4			yes					-1	-1	-1	-1	
330	326	64e6f78c0ad7b5b5	4			yes					-1	-1	-1	-1	
331	297	4c3ecce2d806c730	4			yes					-1	-1	332	335	
332	331	13e061ca8d6affd3	3			yes					333	334	-1	
333	332	e1ac2f8d0a814252	4			yes					-1	-1	-1	-1	
334	332	01fd0f49a53ed10a	4			yes					-1	-1	-1	-1	
335	331	b4720dab98165bdc	3			yes					336	337	-1	
336	335	ba3003c97c4ef759	4			yes					-1	-1	-1	-1	
337	335	5a61230dd3f16401	4			yes					-1	-1	-1	-1	
338	297	e36c2ba1452577b7	4			yes					-1	-1	-1	339	
339	338	7ed7089f71e780be	6			yes					340	342	344	346	-1	348	
340	339	5f70a2c1e43eb5c6	5			yes					-1	-1	-1	-1	341	
341	340	8862d950bca6b5f3	4			yes					-1	-1	-1	-1	
342	339	34d3c2fedbd19308	5			yes					-1	-1	-1	-1	343	
343	342	e3c1b96f8349933d	4			yes					-1	-1	-1	-1	
344	339	1d98fa21ee78f8a1	5			yes					-1	-1	-1	-1	345	
345	344	ca8a81b0b6e0f894	4			yes					-1	-1	-1	-1	
346	339	9b41c53f14b4ee1d	5			yes					-1	-1	-1	-1	347	
347	346	4c53beae4c2cee28	4			yes					-1	-1	-1	-1	
348	339	a9c5730e297f808b	5			yes					-1	-1	-1	-1	-1	
349	297	44fe47c05059d3b8	4			yes					-1	-1	-1	-1	
350	296	0437fd34bf600fa9	4			yes					351	360	364	365	
351	350	08607063933388af	3			yes					352	357	359	
352	351	af5545dbc396dd94	5			yes					-1	353	354	355	356	
353	352	cc1ab7655c09a58b	4			yes					-1	-1	-1	-1	
354	352	5476198496407049	4			yes					-1	-1	-1	-1	
355	352	7ec476584c710e76	4			yes					-1	-1	-1	-1	
356	352	a99efddee48f4fe2	4			yes					-1	-1	-1	-1	
357	351	96f0126ce74fc7fd	5			yes					-1	-1	-1	358	-1	
358	357	73a6fc3a18047543	4			yes					-1	-1	-1	-1	
359	351	2a4644cdccc8e9e3	5			yes					-1	-1	-1	-1	-1	
360	350	e3ccd0e05e49eb90	3			yes					-1	361	363	
361	360	76a132a848f054a5	5			yes					-1	-1	-1	362	-1	
362	361	93f7dcfeb7bbe61b	4			yes					-1	-1	-1	-1	
363	360	c52941cbf9f19382	5			yes					-1	-1	-1	-1	-1	
364	350	b450944263645f92	3			yes					-1	-1	-1	
365	350	5bcbc9f5117e3304	3			yes					-1	-1	-1	
366	296	0702a43b662f6e32	5			yes					367	388	398	400	401	
367	366	0b55296c4a7ce934	4			yes					368	378	380	387	
368	367	c4554a7e7d251218	6			yes					-1	369	371	373	375	377	
369	368	a71ab8c0e2ba6a07	5			yes					-1	-1	-1	-1	370	
370	369	b2251ad30938dbe3	4			yes					-1	-1	-1	-1	
371	368	3f76162128f3bfc5	5			yes					-1	-1	-1	-1	372	
372	371	2a49b432c3710e21	4			yes					-1	-1	-1	-1	
373	368	5aea711acc837fab	5			yes					-1	-1	-1	-1	374	
374	373	4fd5d3092701ce4f	4			yes					-1	-1	-1	-1	
375	368	f38f572a314c4057	5			yes					-1	-1	-1	-1	376	
376	375	e6b0f539dacef1b3	4			yes					-1	-1	-1	-1	
377	368	d16ae86d96a7a3fc	5			yes					-1	-1	-1	-1	-1	
378	367	4b82ccbb8340e521	5			yes					-1	-1	-1	-1	379	
379	378	b34ba15fb10ac34d	4			yes					-1	-1	-1	-1	
380	367	16d29531f7f7d52f	6			yes					-1	381	-1	-1	384	386	
381	380	6f27822f2bfd0b0f	5			yes					-1	-1	-1	-1	382	
382	381	7a18203cc07fbaeb	4			yes					-1	-1	-1	-1	
383	380	34f1d799e9add5c7	5			no					-1	-1	-1	-1	-2	
384	380	412878c019728c9e	5			yes					-1	-1	-1	-1	385	
385	384	5417dad3f2f03d7a	4			yes					-1	-1	-1	-1	
386	380	03ed37221c7564cb	5			yes					-1	-1	-1	-1	-1	
387	367	0842e98a68418ce1	3			yes					-1	-1	-1	
388	366	e0f989ef87068a0b	4			yes					-1	389	391	397	
389	388	abd3ec7f2cff7679	5			yes					-1	-1	-1	-1	390	
390	389	531a819b1eb55015	4			yes					-1	-1	-1	-1	
391	388	f9bd9037c2ceaf4e	6			yes					392	-1	-1	-1	394	396	
392	391	d81a3a6957179a36	5			yes					-1	-1	-1	-1	393	
393	392	cd25987abc952bd2	4			yes					-1	-1	-1	-1	
394	391	ae477dc62c4bf6ff	5			yes					-1	-1	-1	-1	395	
395	394	bb78dfd5c7c9471b	4			yes					-1	-1	-1	-1	
396	391	ec823224294c1eaa	5			yes					-1	-1	-1	-1	-1	
397	388	e3ee4909a53befde	3			yes					-1	-1	-1	
398	366	b765cd4dba2b3e09	4			yes					-1	-1	399	-1	
399	398	05e03d68f8733127	5			yes					-1	-1	-1	-1	-1	
400	366	58dc0913334356d1	4			yes					-1	-1	-1	-1	
401	366	041564dd44120be7	4			yes					-1	-1	-1	-1	
402	0	057a3a8ea8621510	5			yes					-1	-1	-1	403	444	
403	402	3aeb8d460507e3bc	5			yes					404	421	434	441	443	
404	403	36bc0011295464ba	4			yes					405	410	414	417	
405	404	a34feb9d9ab75f43	5			yes					-1	406	407	408	409	
406	405	d2af269a6c8c66f5	4			yes					-1	-1	-1	-1	
407	405	46d9263dffe431e0	4			yes					-1	-1	-1	-1	
408	405	72ded81e15508ca1	4			yes					-1	-1	-1	-1	
409	405	a5845398bdaecd35	4			yes					-1	-1	-1	-1	
410	404	dedd4649d41a6806	5			yes					-1	-1	411	412	413	
411	410	8fcebf1d78d3d59c	4			yes					-1	-1	-1	-1	
412	410	3b8ba81f2b51dab8	4			yes					-1	-1	-1	-1	
413	410	4bc489427b0ef800	4			yes					-1	-1	-1	-1	
414	404	4a57865f1f61da85	3			yes					415	416	-1	
415	414	ee8e7c3f46938413	4			yes					-1	-1	-1	-1	
416	414	63f0184ade44f10f	4			yes					-1	-1	-1	-1	
417	404	537892ff48d034dc	6			yes					-1	-1	418	419	-1	420	
418	417	ad68bd285d37d9fd	5			yes					-1	-1	-1	-1	-1	
419	417	026b6babe4198946	5			yes					-1	-1	-1	-1	-1	
420	417	d4b9eba31912a5b0	5			yes					-1	-1	-1	-1	-1	
421	403	dd10a092e42e0785	4			yes					-1	422	427	429	
422	421	9b0b840a21f092bc	5			yes					423	-1	424	425	426	
423	422	baac2e54b429a7c4	4			yes					-1	-1	-1	-1	
424	422	7e9d49aa44a3fc1f	4			yes					-1	-1	-1	-1	
425	422	4a9ab789ae17415e	4			yes					-1	-1	-1	-1	
426	422	9dc03c0f06e900ca	4			yes					-1	-1	-1	-1	
427	421	a1fb26dcd21bb9ba	3			yes					-1	428	-1	
428	427	d6ca13a8fdd449ec	4			yes					-1	-1	-1	-1	
429	421	edae862a1790d691	6			yes					430	-1	431	432	-1	433	
430	429	cc092c748249e3e9	5			yes					-1	-1	-1	-1	-1	
431	429	3ff56fe320c0af76	5			yes					-1	-1	-1	-1	-1	
432	429	bcbd7f7ebb596b0b	5			yes					-1	-1	-1	-1	-1	
433	429	6a6fff76465247fd	5			yes					-1	-1	-1	-1	-1	
434	403	34d5495f5672d83f	4			yes					-1	-1	435	436	
435	434	483ecf1160476600	3			yes					-1	-1	-1	
436	434	58aa090977377830	6			yes					437	438	-1	439	-1	440	
437	436	790da357e2ee4d48	5			yes					-1	-1	-1	-1	-1	
438	436	12aec368dd016b86	5			yes					-1	-1	-1	-1	-1	
439	436	09b9f05ddbfec5aa	5			yes					-1	-1	-1	-1	-1	
440	436	df6b705526f5e95c	5			yes					-1	-1	-1	-1	-1	
441	403	46000b0833325d83	4			yes					-1	-1	-1	442	
442	441	e592649a9e0f58bc	3			yes					-1	-1	-1	
443	403	9979e2d4a83ae683	4			yes					-1	-1	-1	-1	
444	402	45ae469397a9ac90	5			yes					445	464	477	480	481	
445	444	49f9cbc4bbfa2b96	4			yes					446	456	460	462	
446	445	c84fe438240490cf	6			yes					-1	447	449	451	453	455	
447	446	b9af293fd23fa979	5			yes					-1	-1	-1	-1	448	
448	447	ac908b2c39bd189d	4			yes					-1	-1	-1	-1	
449	446	2dd929984157fe6c	5			yes					-1	-1	-1	-1	450	
450	449	38e68b8baad54f88	4			yes					-1	-1	-1	-1	
451	446	56f0df5c95a2fd7c	5			yes					-1	-1	-1	-1	452	
452	451	43cf7d4f7e204c98	4			yes					-1	-1	-1	-1	
453	446	ff95f96c686dc280	5			yes					-1	-1	-1	-1	454	
454	453	eaaa5b7f83ef7364	4			yes					-1	-1	-1	-1	
455	446	dd70462bcf86212b	5			yes					-1	-1	-1	-1	-1	
456	445	04027bec8357e366	5			yes					-1	-1	-1	458	459	
457	456	fa95bb295586e9a6	4			no					-1	-1	-2	-2	
458	456	f9df3361cc17db88	4			yes					-1	-1	-1	-1	
459	456	fccb1608b11dc50a	4			yes					-1	-1	-1	-1	
460	445	a36c1d192b5c7890	5			yes					-1	-1	-1	-1	-1	
461	460	5ba570fd19165efc	4			no					-1	-2	-1	-2	
462	445	4aee0b2299c74e43	3			yes					-1	463	-1	
463	462	56a5648d9fc30dd9	4			yes					-1	-1	-1	-1	
464	444	a2556b47768048a9	4			yes					-1	465	475	476	
465	464	f00b8baf9f435d30	6			yes					466	-1	468	470	472	474	
466	465	d1ac21f10a9a6848	5			yes					-1	-1	-1	-1	467	
467	466	c49383e2e118d9ac	4			yes					-1	-1	-1	-1	
468	465	159d460ffa103393	5			yes					-1	-1	-1	-1	469	
469	468	00a2e41c11928277	4			yes					-1	-1	-1	-1	
470	465	6eb4b0cb2ee53083	5			yes					-1	-1	-1	-1	471	
471	470	7b8b12d8c5678167	4			yes					-1	-1	-1	-1	
472	465	c7d196fbd32a0f7f	5			yes					-1	-1	-1	-1	473	
473	472	d2ee34e838a8be9b	4			yes					-1	-1	-1	-1	
474	465	e53429bc74c1ecd4	5			yes					-1	-1	-1	-1	-1	
475	464	da0258235baaf98d	5			yes					-1	-1	-1	-1	-1	
476	464	a142aba154bd2d7c	3			yes					-1	-1	-1	
477	444	4b90828ac4dc9713	4			yes					-1	-1	478	479	
478	477	e7cd2992e5d67961	5			yes					-1	-1	-1	-1	-1	
479	477	4887426ce6e1f2c6	3			yes					-1	-1	-1	
480	444	e685a47cbc323d69	4			yes					-1	-1	-1	-1	
481	444	46b98675b594c945	4			yes					-1	-1	-1	-1	
482	0	c727f2e00a00d2b0	5			yes					-1	-1	-1	-1	483	
483	482	b41f0ddde24abeca	6			yes					484	504	515	522	525	527	
484	483	b848808ace1939cc	5			yes					485	493	499	501	503	
485	484	5fb3ad5e2f30ddf5	4			yes					486	489	-1	491	
486	485	3d39c8269c3057ec	6			yes					-1	-1	-1	-1	-1	488	
487	486	d86f2670637be552	5			no					-1	-1	-2	-2	-2	
488	486	28066a3577b2e608	5			yes					-1	-1	-1	-1	-1	
489	485	0e72b9f730e98c4a	6			yes					-1	-1	-1	-1	-1	490	
490	489	1b4d1be4db6b3dae	5			yes					-1	-1	-1	-1	-1	
491	485	d2921f0cb0917ddc	6			yes					-1	-1	-1	-1	-1	492	
492	491	2296856bf835fb94	5			yes					-1	-1	-1	-1	-1	
493	484	b67644939d6c024f	4			yes					-1	494	-1	496	
494	493	86ea3efdeeb7ded7	5			yes					-1	-1	-1	-1	495	
495	494	7e235319dcfdf8bb	4			yes					-1	-1	-1	-1	
496	493	eb5f51bcf2f6482f	6			yes					-1	-1	497	-1	-1	498	
497	496	350a2fa5c6db2897	5			yes					-1	-1	-1	-1	-1	
498	496	1b5bcbdbba52ce67	5			yes					-1	-1	-1	-1	-1	
499	484	9d7f5099673d233b	4			yes					-1	-1	-1	500	
500	499	3ebb0036e1cdef32	5			yes					-1	-1	-1	-1	-1	
501	484	8c71e712636e926b	4			yes					-1	-1	-1	502	
502	501	ccf239de1b78c54d	3			yes					-1	-1	-1	
503	484	f8cb5e46b60f6eea	4			yes					-1	-1	-1	-1	
504	483	53e4200903635af3	5			yes					-1	505	510	512	514	
505	504	5ddae41050166170	4			yes					-1	506	-1	508	
506	505	3636d6608bae41b5	6			yes					-1	-1	-1	-1	-1	507	
507	506	23097473602cf051	5			yes					-1	-1	-1	-1	-1	
508	505	ead6709b0bd6b023	6			yes					-1	-1	-1	-1	-1	509	
509	508	1ad2eafc4372366b	5			yes					-1	-1	-1	-1	-1	
510	504	76d3f01aaa474004	4			yes					-1	-1	-1	511	
511	510	e57a8c070b2491c6	5			yes					-1	-1	-1	-1	-1	
512	504	67dd4791ae14f154	4			yes					-1	-1	-1	513	
513	512	275e995dd602a672	3			yes					-1	-1	-1	
514	504	1367fec57b750dd5	4			yes					-1	-1	-1	-1	
515	483	ba21c9c4b13f8549	5			yes					-1	-1	516	519	521	
516	515	9f1619d7181b9fbe	4			yes					-1	-1	-1	517	
517	516	c5e273dc12fae884	6			yes					-1	-1	-1	-1	-1	518	
518	517	35e6e9bb5a5e6ecc	5			yes					-1	-1	-1	-1	-1	
519	515	8e18ae5c1c482eee	4			yes					-1	-1	-1	520	
520	519	ce9b7090645e79c8	3			yes					-1	-1	-1	
521	515	faa21708c929d26f	4			yes					-1	-1	-1	-1	
522	483	9128ddce4b6ea43d	5			yes					-1	-1	-1	523	524	
523	522	a511ba56e6190f9a	4			yes					-1	-1	-1	-1	
524	522	d1ab03023378f31b	4			yes					-1	-1	-1	-1	
525	483	80266a454f3d156d	5			yes					-1	-1	-1	-1	526	
526	525	c0a5b489372b424b	4			yes					-1	-1	-1	-1	
527	483	f49cd3119a5ce9ec	5			yes					-1	-1	-1	-1	-1	
528	0	5d178dda4267fc55	5			yes					-1	-1	-1	-1	-1	
