Number of nodes
214
ID	PID	Hash_Value			File_Number	Fully_Enumerated	Children
0	-1	e0ba7f86481076e8	6			yes					1	33	60	89	121	167	
1	0	cb280b29cebb28d9	5			yes					2	9	23	30	32	
2	1	c5d072909f3eee63	4			yes					3	4	5	6	
3	2	9d9c09316cf2232c	4			yes					-1	-1	-1	-1	
4	2	85a13d6d80a7257e	4			yes					-1	-1	-1	-1	
5	2	591f5e355665e168	4			yes					-1	-1	-1	-1	
6	2	66f9ebdf6fb1f9f0	3			yes					7	8	-1	
7	6	5757d12f7a48abdc	4			yes					-1	-1	-1	-1	
8	6	2c40c057ef4832cd	4			yes					-1	-1	-1	-1	
9	1	06e799811fce05d5	4			yes					-1	10	15	18	
10	9	8c4a3959ba68e554	5			yes					11	13	-1	-1	14	
11	10	8542507a2ae3834c	4			yes					-1	-1	-1	12	
12	11	de9a9068b14062e1	3			yes					-1	-1	-1	
13	10	e54a60ca64ae08b3	4			yes					-1	-1	-1	-1	
14	10	d792f94b21cb04f9	4			yes					-1	-1	-1	-1	
15	9	2a0106597abdfc2e	4			yes					16	17	-1	-1	
16	15	23096f7aea369a36	3			yes					-1	-1	-1	
17	15	43015fcaa47b11c9	3			yes					-1	-1	-1	
18	9	a5ce00ceef411246	3			yes					-1	19	22	
19	18	4d6bebc718107272	5			yes					20	21	-1	-1	-1	
20	19	446382e4889b146a	4			yes					-1	-1	-1	-1	
21	19	246bb254c6d69f95	4			yes					-1	-1	-1	-1	
22	18	2b7dad4b4c4ab172	4			yes					-1	-1	-1	-1	
23	1	ce36cacaaaba3fec	4			yes					-1	-1	24	28	
24	23	1f6d0d670bf27a8e	5			yes					25	26	-1	-1	27	
25	24	166564449b791c96	4			yes					-1	-1	-1	-1	
26	24	766d54f4d5349769	4			yes					-1	-1	-1	-1	
27	24	6138a26db5c71400	4			yes					-1	-1	-1	-1	
28	23	6d1f53855a35287f	3			yes					-1	-1	29	
29	28	a15d2de674f91697	5			yes					-1	-1	-1	-1	-1	
30	1	6500b3bd147eeb10	4			yes					-1	-1	-1	31	
31	30	c6292af2e4f1fc83	3			yes					-1	-1	-1	
32	1	680192663e343f4a	4			yes					-1	-1	-1	-1	
33	0	87eaf2a48e9b10f7	5			yes					34	45	50	57	59	
34	33	07204f062fa65930	4			yes					35	37	40	41	
35	34	7d23d30ff0fce3cd	4			yes					-1	-1	-1	36	
36	35	26fb131d6b5f0260	3			yes					-1	-1	-1	
37	34	7e39d101f18b48f2	4			yes					-1	38	-1	-1	
38	37	e2e9cc8ed0fbc42a	3			yes					-1	-1	-1	
39	37	052b13b3ef5cf20a	3			no					-1	-2	-1	
40	34	9a578d53e0fe0999	4			yes					-1	-1	-1	-1	
41	34	a409d649df294ea3	3			yes					42	43	44	
42	41	bc020191528474eb	4			yes					-1	-1	-1	-1	
43	41	c3d38f0188f3590c	4			yes					-1	-1	-1	-1	
44	41	7ef9f5f45894247c	4			yes					-1	-1	-1	-1	
45	33	88d55d9aef768aa8	4			yes					-1	46	47	48	
46	45	24d2145ebc1aeb3a	4			yes					-1	-1	-1	-1	
47	45	f86c77066ad82f2c	4			yes					-1	-1	-1	-1	
48	45	2bfcc4d51ff99d3b	3			yes					-1	49	-1	
49	48	8d33e964d3f5fc89	4			yes					-1	-1	-1	-1	
50	33	82f43347ea9a07c2	4			yes					-1	-1	51	55	
51	50	635dc3678ef60dd8	5			yes					52	53	-1	-1	54	
52	51	87c19b7c7a4fc567	4			yes					-1	-1	-1	-1	
53	51	9bf965ccb10639ce	4			yes					-1	-1	-1	-1	
54	51	1d086c6d30c36356	4			yes					-1	-1	-1	-1	
55	50	21ddaa081a151051	3			yes					-1	-1	56	
56	55	dd6de3e6f1fd61c1	5			yes					-1	-1	-1	-1	-1	
57	33	29c24a30545ed33e	4			yes					-1	-1	-1	58	
58	57	8aebd37fa4d1c4ad	3			yes					-1	-1	-1	
59	33	24c36beb7e140764	4			yes					-1	-1	-1	-1	
60	0	39845e67abf1e848	5			yes					61	76	83	86	88	
61	60	b94ee3c50acca18f	4			yes					62	67	68	70	
62	61	ea0aabbd5b681fc6	5			yes					-1	63	64	-1	66	
63	62	19d08a30f6f59417	4			yes					-1	-1	-1	-1	
64	62	259b0035201c72cf	4			yes					-1	-1	-1	-1	
65	62	7f4c2c9ac2dfe550	4			no					-1	-2	-2	-2	
66	62	b1d26bafc0cbfe6b	4			yes					-1	-1	-1	-1	
67	61	8022afed2f226960	4			yes					-1	-1	-1	-1	
68	61	5bb44904f2109987	4			yes					-1	-1	69	-1	
69	68	9425e28c8964f48e	3			yes					-1	-1	-1	
70	61	1a677a8afa43b61c	3			yes					71	74	75	
71	70	2b2b7923f91088e0	5			yes					-1	72	73	-1	-1	
72	71	d8f158ae548d0331	4			yes					-1	-1	-1	-1	
73	71	e4bad2ab8264e5e9	4			yes					-1	-1	-1	-1	
74	70	c562cfde76fdf44a	4			yes					-1	-1	-1	-1	
75	70	bf1a31a34a7ab462	4			yes					-1	-1	-1	-1	
76	60	385cc4a5255070a9	4			yes					-1	77	78	80	
77	76	ecb308ee3c026190	4			yes					-1	-1	-1	-1	
78	76	67a8ed1a5ede7ad5	4			yes					79	-1	-1	-1	
79	78	8334b501aa67b26a	3			yes					-1	-1	-1	
80	76	9b755dead5df673a	3			yes					-1	81	82	
81	80	bbc9ec2f3c5e0baf	4			yes					-1	-1	-1	-1	
82	80	62a3059d50873708	4			yes					-1	-1	-1	-1	
83	60	8c1306bb05d6057c	4			yes					-1	-1	84	85	
84	83	411fca7b0d69c13a	4			yes					-1	-1	-1	-1	
85	83	2f3a9ff4f55912ef	3			yes					-1	-1	-1	
86	60	97ace6f371342b81	4			yes					-1	-1	-1	87	
87	86	34857fbc81bb3c12	3			yes					-1	-1	-1	
88	60	9aadc7285b7effdb	4			yes					-1	-1	-1	-1	
89	0	53021ae754399ce0	5			yes					90	104	115	118	120	
90	89	d3c8a745f504d527	4			yes					91	97	98	99	
91	90	0a3bf16867366725	5			yes					-1	92	93	94	95	
92	91	6a35e77714959893	4			yes					-1	-1	-1	-1	
93	91	b64f37a7fe2206a8	4			yes					-1	-1	-1	-1	
94	91	9f7d764ffe819db3	4			yes					-1	-1	-1	-1	
95	91	51e3317afc958688	4			yes					-1	-1	96	-1	
96	95	ed97f7b56581e705	3			yes					-1	-1	-1	
97	90	6fd4b47cda67dbd2	4			yes					-1	-1	-1	-1	
98	90	46d8202246aa0f88	4			yes					-1	-1	-1	-1	
99	90	70e13e0a058bc2b4	3			yes					100	103	-1	
100	99	cb1a23f6c54ef003	5			yes					-1	101	102	-1	-1	
101	100	ab1435e9b6ed0fb5	4			yes					-1	-1	-1	-1	
102	100	776ee5395c5a918e	4			yes					-1	-1	-1	-1	
103	99	74fc58a38622d786	4			yes					-1	-1	-1	-1	
104	89	52da8025da980401	4			yes					-1	105	110	111	
105	104	ab48d85b5b8ba961	5			yes					106	-1	107	-1	109	
106	105	4fd48040af3261de	4			yes					-1	-1	-1	-1	
107	105	173c1e94c29fc8ec	4			yes					-1	-1	-1	-1	
108	105	3e0e5f7cc23c53f7	4			no					-1	-1	-1	-2	
109	105	f0901849c02848cc	4			yes					-1	-1	-1	-1	
110	104	45b2100e5c07c7b5	4			yes					-1	-1	-1	-1	
111	104	f1f3196a2a171392	3			yes					-1	112	-1	
112	111	6a690ac5f9f33e47	5			yes					113	-1	114	-1	-1	
113	112	8ef552de0d4af6f8	4			yes					-1	-1	-1	-1	
114	112	d61dcc0a60e75fca	4			yes					-1	-1	-1	-1	
115	89	9ecd884f854cb1ec	4			yes					-1	-1	116	117	
116	115	984b06088595bc81	4			yes					-1	-1	-1	-1	
117	115	3de4110075c3a67f	3			yes					-1	-1	-1	
118	89	eff42c870e66ebb9	4			yes					-1	-1	-1	119	
119	118	461cf66905995f39	5			yes					-1	-1	-1	-1	-1	
120	89	f02b83a8a4b68b73	4			yes					-1	-1	-1	-1	
121	0	c3dd7a9ed4c1b9a3	5			yes					122	127	133	138	151	
122	121	9fa3ea75e5349cf0	4			yes					123	124	126	-1	
123	122	aac8d1185566833c	5			yes					-1	-1	-1	-1	-1	
124	122	526c78dd3441b1fc	3			yes					-1	125	-1	
125	124	5f5c746e6a580dc9	5			yes					-1	-1	-1	-1	-1	
126	122	9abd2b9681358bc5	3			yes					-1	-1	-1	
127	121	d36113f8a514a4de	4			yes					128	131	132	-1	
128	127	53abae5a0429ed19	3			yes					-1	129	-1	
129	128	febe79b3a799d198	5			yes					-1	-1	-1	-1	130	
130	129	a566b9a13c3a3035	4			yes					-1	-1	-1	-1	
131	127	0bbbf82b69db4d78	5			yes					-1	-1	-1	-1	-1	
132	127	d67fd21bc115b3eb	3			yes					-1	-1	-1	
133	121	6d0fbf3b807e5c61	4			yes					134	136	137	-1	
134	133	edc50299214315a6	3			yes					135	-1	-1	
135	134	391ce68a8b58f75b	5			yes					-1	-1	-1	-1	-1	
136	133	6cd725f90edfc480	3			yes					-1	-1	-1	
137	133	b2c845560e6aa36e	5			yes					-1	-1	-1	-1	-1	
138	121	f572081e0df29204	5			yes					139	144	147	149	150	
139	138	75b8b5bcaccfdbc3	4			yes					140	141	-1	143	
140	139	d92dbc5fb7068fb8	5			yes					-1	-1	-1	-1	-1	
141	139	516de7a618a74dfa	5			yes					-1	-1	-1	-1	142	
142	141	0ab527b48304ac57	4			yes					-1	-1	-1	-1	
143	139	4dd5b35c7c5c6488	5			yes					-1	-1	-1	-1	-1	
144	138	f4aa92dc83530ae5	4			yes					-1	145	-1	146	
145	144	785e956c8bbb41fc	5			yes					-1	-1	-1	-1	-1	
146	144	d7e213cfa49228e8	5			yes					-1	-1	-1	-1	-1	
147	138	38bd9ab6dc87bf08	4			yes					-1	-1	-1	148	
148	147	aeeeaf648d452cef	5			yes					-1	-1	-1	-1	-1	
149	138	bcd00a947a739202	4			yes					-1	-1	-1	-1	
150	138	057fb7428968fc2c	4			yes					-1	-1	-1	-1	
151	121	c7a715c90ef7b0b3	5			yes					152	158	163	165	166	
152	151	476da86bafcaf974	4			yes					153	154	156	-1	
153	152	5dc6a465893616b0	5			yes					-1	-1	-1	-1	-1	
154	152	1bd1a390daba8304	5			yes					-1	-1	-1	-1	155	
155	154	188a6579139ee473	4			yes					-1	-1	-1	-1	
156	152	05405127beaa6a49	5			yes					-1	-1	-1	-1	157	
157	156	061b97ce778e0d3e	4			yes					-1	-1	-1	-1	
158	151	c67f8f0b80562852	4			yes					-1	159	160	162	
159	158	fcb58d56b58bd8f4	5			yes					-1	-1	-1	-1	-1	
160	158	13532c2fefe1c2d4	5			yes					-1	-1	-1	-1	161	
161	160	1008eac626c5a5a3	4			yes					-1	-1	-1	-1	
162	158	481beee9144973fe	3			yes					-1	-1	-1	
163	151	0a688761df829dbf	4			yes					-1	-1	164	-1	
164	163	45c6302bd23a36e2	5			yes					-1	-1	-1	-1	-1	
165	151	c2b9d42a6af6a786	4			yes					-1	-1	-1	-1	
166	151	49c3742b9ae8eb1f	4			yes					-1	-1	-1	-1	
167	0	4a10f9f0dbb203ab	5			yes					168	180	190	202	-1	
168	167	fec2fbfdf66ebc0a	5			yes					169	172	177	179	-1	
169	168	f03a8244a7eb7ab0	4			yes					170	171	-1	-1	
170	169	1198d584be53605c	4			yes					-1	-1	-1	-1	
171	169	83b8a6563bff1090	4			yes					-1	-1	-1	-1	
172	168	330d6955271b9106	4			yes					-1	173	176	-1	
173	172	d4c93fa2e8ef638e	5			yes					174	175	-1	-1	-1	
174	173	ddc1568178640596	4			yes					-1	-1	-1	-1	
175	173	bdc9663136298e69	4			yes					-1	-1	-1	-1	
176	172	046e9e9a0e611a2b	4			yes					-1	-1	-1	-1	
177	168	fbdc3a1e926fab3f	4			yes					-1	-1	178	-1	
178	177	2f44a8af68d4498d	5			yes					-1	-1	-1	-1	-1	
179	168	50ea43692cab7fc3	4			yes					-1	-1	-1	-1	
180	167	b2000270b64e8424	5			yes					181	185	187	189	-1	
181	180	32cabfd21773cde3	4			yes					182	183	184	-1	
182	181	25a0d5f4a27b6517	4			yes					-1	-1	-1	-1	
183	181	b1e5026509d89c08	4			yes					-1	-1	-1	-1	
184	181	8537a357978116ec	4			yes					-1	-1	-1	-1	
185	180	bd3fad4ed7a31e7b	4			yes					-1	186	-1	-1	
186	185	22cb8f650742ded4	4			yes					-1	-1	-1	-1	
187	180	b71ec393d24f9311	4			yes					-1	-1	188	-1	
188	187	537466afedd03edb	5			yes					-1	-1	-1	-1	-1	
189	180	1c28bae46c8b47ed	4			yes					-1	-1	-1	-1	
190	167	0c6eaeb393247c9b	5			yes					191	197	200	201	-1	
191	190	8ca413113219355c	4			yes					192	195	196	-1	
192	191	b289ad4609ef991c	5			yes					-1	193	194	-1	-1	
193	192	41538ccba47212cd	4			yes					-1	-1	-1	-1	
194	192	7d1806ce729bf415	4			yes					-1	-1	-1	-1	
195	191	dd0dbc2cb84c034e	4			yes					-1	-1	-1	-1	
196	191	44d46700856f86f2	4			yes					-1	-1	-1	-1	
197	190	0db634711d85e47a	4			yes					-1	198	199	-1	
198	197	de51246efdab57a4	4			yes					-1	-1	-1	-1	
199	197	f2dc9539d6c3bc91	4			yes					-1	-1	-1	-1	
200	190	b9f9f66f3d0391af	4			yes					-1	-1	-1	-1	
201	190	a246162749e1bf52	4			yes					-1	-1	-1	-1	
202	167	66e8ea336cec0833	5			yes					203	208	212	213	-1	
203	202	e6225791cdd141f4	4			yes					204	207	-1	-1	
204	203	52b8f79335b1e1ff	5			yes					-1	205	206	-1	-1	
205	204	32b6e18c46121e49	4			yes					-1	-1	-1	-1	
206	204	eecc315caca58072	4			yes					-1	-1	-1	-1	
207	203	1329e4403da7e645	4			yes					-1	-1	-1	-1	
208	202	673070f1e24d90d2	4			yes					-1	209	-1	-1	
209	208	f3cbdea0090c2fbb	5			yes					210	-1	211	-1	-1	
210	209	175786bbfdb5e704	4			yes					-1	-1	-1	-1	
211	209	4fbf186f90184e36	4			yes					-1	-1	-1	-1	
212	202	ab27789bbd99253f	4			yes					-1	-1	-1	-1	
213	202	da1edc5336b37f6a	4			yes					-1	-1	-1	-1	
