Number of nodes
171
ID	PID	Hash_Value			File_Number	Fully_Enumerated	Children
0	-1	1753a9b072ed2c68	6			yes					1	24	44	65	87	127	
1	0	0dcba084ba9c78db	5			yes					2	7	16	21	23	
2	1	9613c69f75d8b175	4			yes					3	4	5	6	
3	2	573bf9111d4c3d78	4			yes					-1	-1	-1	-1	
4	2	3773f777fa3e36cc	4			yes					-1	-1	-1	-1	
5	2	81033c39ba5104e0	3			yes					-1	-1	-1	
6	2	d3de4838e09f2af2	4			yes					-1	-1	-1	-1	
7	1	8512e6f6564006df	4			yes					-1	8	11	12	
8	7	28d85d076f21daed	4			yes					9	10	-1	-1	
9	8	884c0e545cb26235	3			yes					-1	-1	-1	
10	8	ce99e915bdce09bc	3			yes					-1	-1	-1	
11	7	8dc854ed5c321f58	4			yes					-1	-1	-1	-1	
12	7	c07548b608b87d8c	3			yes					-1	13	15	
13	12	a395d2c24f665943	5			yes					-1	-1	-1	-1	14	
14	13	683c7ccc09f15f27	4			yes					-1	-1	-1	-1	
15	12	620282806c47193e	4			yes					-1	-1	-1	-1	
16	1	da3ac14a4a854ac3	4			yes					-1	-1	17	19	
17	16	4d578891fb8bd3ba	5			yes					-1	-1	-1	-1	18	
18	17	9604629b50fb2570	4			yes					-1	-1	-1	-1	
19	16	9f5d6f0a147d3190	3			yes					-1	-1	20	
20	19	94e25157f74c8443	5			yes					-1	-1	-1	-1	-1	
21	1	8197efe78d79fee1	4			yes					-1	-1	-1	22	
22	21	c4f041a7d38185b2	3			yes					-1	-1	-1	
23	1	48ac0ec4e4640388	4			yes					-1	-1	-1	-1	
24	0	438cfb2f7b745cd1	5			yes					25	32	36	41	43	
25	24	b670df4e081bf5fb	4			yes					26	27	28	29	
26	25	edb288155ffd4cbe	4			yes					-1	-1	-1	-1	
27	25	33acaa93e8233667	4			yes					-1	-1	-1	-1	
28	25	67b9419121dc218a	4			yes					-1	-1	-1	-1	
29	25	f317710e56e38ea8	3			yes					-1	30	31	
30	29	7c4d759e01627291	4			yes					-1	-1	-1	-1	
31	29	239df2379ba97b9d	4			yes					-1	-1	-1	-1	
32	24	eb36a48cea6b665b	4			yes					-1	33	34	35	
33	32	080f6237dfaed7aa	4			yes					-1	-1	-1	-1	
34	32	748a3968b385dd19	4			yes					-1	-1	-1	-1	
35	32	0fd3bac88cbd6128	4			yes					-1	-1	-1	-1	
36	24	947d9ae18b6d6ec9	4			yes					-1	-1	37	39	
37	36	55ec616cdea873bd	5			yes					-1	-1	-1	-1	38	
38	37	8ebf8b6675d88577	4			yes					-1	-1	-1	-1	
39	36	d11a34a1d595159a	3			yes					-1	-1	40	
40	39	8c59b8aad26f2444	5			yes					-1	-1	-1	-1	-1	
41	24	cfd0b44c4c91daeb	4			yes					-1	-1	-1	42	
42	41	8ab71a0c1269a1b8	3			yes					-1	-1	-1	
43	24	06eb556f258c2782	4			yes					-1	-1	-1	-1	
44	0	4c4acc4381a15368	5			yes					45	53	58	62	64	
45	44	b9b6e822f2cefa42	4			yes					46	48	49	50	
46	45	83c4c216e7de2fe1	4			yes					-1	-1	-1	47	
47	46	5897281c4caed92b	3			yes					-1	-1	-1	
48	45	6bf906f51be29604	3			yes					-1	-1	-1	
49	45	8e1975a876dcef61	4			yes					-1	-1	-1	-1	
50	45	fcd14662ac368111	3			yes					51	-1	52	
51	50	5a711bd0eb197818	4			yes					-1	-1	-1	-1	
52	50	ca3dc60ecca9b576	4			yes					-1	-1	-1	-1	
53	44	dbb7203a1d9aa9ef	4			yes					-1	54	55	56	
54	53	e6274a629b3ae3b9	4			yes					-1	-1	-1	-1	
55	53	31a58a9d98e73e7b	4			yes					-1	-1	-1	-1	
56	53	9ed08e7a4362d2bc	3			yes					-1	-1	57	
57	56	7581393b2292646c	4			yes					-1	-1	-1	-1	
58	44	ab3a293b8649aec4	4			yes					-1	-1	59	60	
59	58	4aa697502efab641	4			yes					-1	-1	-1	-1	
60	58	3c4de599aa6e8f0d	5			yes					-1	-1	-1	-1	61	
61	60	f7e44b97ecf98969	4			yes					-1	-1	-1	-1	
62	44	c0168320b644d552	4			yes					-1	-1	-1	63	
63	62	85712d60e8bcae01	3			yes					-1	-1	-1	
64	44	092d6203df59283b	4			yes					-1	-1	-1	-1	
65	0	8d22cf2801061236	5			yes					66	75	81	84	86	
66	65	78deeb497269bb1c	4			yes					67	69	71	72	
67	66	a79ab9c7dd766f30	4			yes					-1	68	-1	-1	
68	67	93e7714f4add13da	3			yes					-1	-1	-1	
69	66	8383007dccced373	4			yes					-1	-1	-1	70	
70	69	58d0ea7767be25b9	3			yes					-1	-1	-1	
71	66	4cb0e197415bab8d	4			yes					-1	-1	-1	-1	
72	66	3db945092c91c04f	3			yes					73	74	-1	
73	72	aa9ea57e7ee9137a	4			yes					-1	-1	-1	-1	
74	72	5a36d9bbc009848a	4			yes					-1	-1	-1	-1	
75	65	1adf23519d3de8b1	4			yes					-1	76	78	79	
76	75	5f301d42aa3079e1	4			yes					77	-1	-1	-1	
77	76	607c794a7cab1777	3			yes					-1	-1	-1	
78	75	a789728a5335372e	4			yes					-1	-1	-1	-1	
79	75	5fb88d11c3c593e2	3			yes					-1	80	-1	
80	79	523401fb09af05ab	4			yes					-1	-1	-1	-1	
81	65	05fb895aedda6c32	4			yes					-1	-1	82	83	
82	81	b6eb86f4577a69d9	4			yes					-1	-1	-1	-1	
83	81	409c271ab3221761	3			yes					-1	-1	-1	
84	65	afbf202a5d7056fa	4			yes					-1	-1	-1	-1	
85	84	4beaeca6e834e4c6	5			no					-1	-1	-1	-1	-2	
86	65	c84561685ffe6965	4			yes					-1	-1	-1	-1	
87	0	a9796e73dc7b0aaa	5			yes					88	93	98	103	115	
88	87	106ee525b11f1ebe	4			yes					89	90	92	-1	
89	88	9897d36922b57fc2	4			yes					-1	-1	-1	-1	
90	88	98b7a3575dc360ba	3			yes					-1	91	-1	
91	90	1305ab26284bd785	5			yes					-1	-1	-1	-1	-1	
92	88	c79f84eb41062ca6	3			yes					-1	-1	-1	
93	87	5e29be8e70f73ab4	4			yes					94	96	97	-1	
94	93	abd59aef0398939e	3			yes					-1	95	-1	
95	94	93625c1920b022eb	4			yes					-1	-1	-1	-1	
96	93	ecbb453a06d71d0b	5			yes					-1	-1	-1	-1	-1	
97	93	89d8df4080ee08ac	3			yes					-1	-1	-1	
98	87	51ef89e28a22350d	4			yes					99	101	102	-1	
99	98	a413ad83f94d9c27	3			yes					100	-1	-1	
100	99	4b2567ca336fe988	4			yes					-1	-1	-1	-1	
101	98	c612659b1619cf8a	3			yes					-1	-1	-1	
102	98	8cdd9c7dcd4301cb	5			yes					-1	-1	-1	-1	-1	
103	87	52bd2ef9e1a59b13	5			yes					104	108	111	113	114	
104	103	a7410a9892ca3239	4			yes					105	106	-1	107	
105	104	ad98a7c37d7b95c2	5			yes					-1	-1	-1	-1	-1	
106	104	4b62a5a1187f151a	4			yes					-1	-1	-1	-1	
107	104	7f3e84f4adb88ae5	5			yes					-1	-1	-1	-1	-1	
108	103	c540c2807d9e6194	4			yes					-1	109	-1	110	
109	108	553203460a3d8313	5			yes					-1	-1	-1	-1	-1	
110	108	d5687ae091d563ad	5			yes					-1	-1	-1	-1	-1	
111	103	da64688b0d79e517	4			yes					-1	-1	-1	112	
112	111	1c6db0374c64d727	5			yes					-1	-1	-1	-1	-1	
113	103	727702628ecfd622	4			yes					-1	-1	-1	-1	
114	103	ca12a2f16ce26098	4			yes					-1	-1	-1	-1	
115	87	32b0d1445f4b0ca9	5			yes					116	120	123	125	126	
116	115	c74cf5252c24a583	4			yes					117	118	119	-1	
117	116	0b25451fff92f93f	4			yes					-1	-1	-1	-1	
118	116	5cf63458e56f0843	4			yes					-1	-1	-1	-1	
119	116	a9a5f2afd9e2f2e5	4			yes					-1	-1	-1	-1	
120	115	a54d3d3dc370f62e	4			yes					-1	121	122	-1	
121	120	9acc4d4688056e8c	5			yes					-1	-1	-1	-1	-1	
122	120	4ca26be4394f5bd4	4			yes					-1	-1	-1	-1	
123	115	ba699736b39772ad	4			yes					-1	-1	124	-1	
124	123	faaa94014391724c	5			yes					-1	-1	-1	-1	-1	
125	115	e541b08aaf523eb1	4			yes					-1	-1	-1	-1	
126	115	3d29efa4f3911fb1	4			yes					-1	-1	-1	-1	
127	0	ff0efa5640d4bb09	5			yes					128	140	151	163	-1	
128	127	516e534eefaa7060	5			yes					129	132	137	139	-1	
129	128	cab6355520eeb9ce	4			yes					130	131	-1	-1	
130	129	214cf16d939e4eff	4			yes					-1	-1	-1	-1	
131	129	4104ff0b74ec454b	4			yes					-1	-1	-1	-1	
132	128	d9b7153c03760e64	4			yes					-1	133	135	-1	
133	132	30f20e3ae01b26be	5			yes					-1	-1	-1	-1	134	
134	133	faec778f90c7b6f7	4			yes					-1	-1	-1	-1	
135	132	70012c84b8fb4a88	5			yes					-1	-1	-1	-1	136	
136	135	ba1f5531c827dac1	4			yes					-1	-1	-1	-1	
137	128	869f32801fb34278	4			yes					-1	-1	138	-1	
138	137	3b2080ed7559a03d	5			yes					-1	-1	-1	-1	-1	
139	128	dd321c2dd84ff65a	4			yes					-1	-1	-1	-1	
140	127	1f2908e52e42546a	5			yes					141	146	148	150	-1	
141	140	ead52c845d2dfd40	4			yes					142	143	144	-1	
142	141	9bc58069d12f3f39	4			yes					-1	-1	-1	-1	
143	141	effd11459e3d5b8f	4			yes					-1	-1	-1	-1	
144	141	2ceb4a9790caa89b	5			yes					-1	-1	-1	-1	145	
145	144	e6f53322e01638d2	4			yes					-1	-1	-1	-1	
146	140	b7935746bf5d6ee0	4			yes					-1	147	-1	-1	
147	146	7e786a4b517ca42d	4			yes					-1	-1	-1	-1	
148	140	c8d8692bde5b6672	4			yes					-1	-1	149	-1	
149	148	239b6910507a003a	5			yes					-1	-1	-1	-1	-1	
150	140	9375478619a7d250	4			yes					-1	-1	-1	-1	
151	127	10ef3f89d4975bd3	5			yes					152	157	161	162	-1	
152	151	e5131be8a7f8f2f9	4			yes					153	154	155	-1	
153	152	f5b3ca6a690c5c66	4			yes					-1	-1	-1	-1	
154	152	537814c77f249b45	4			yes					-1	-1	-1	-1	
155	152	c54b7eaec7ca6670	5			yes					-1	-1	-1	-1	156	
156	155	0f55071bb716f639	4			yes					-1	-1	-1	-1	
157	151	8712d3f048aca154	4			yes					-1	158	159	-1	
158	157	9050421e15e8903e	4			yes					-1	-1	-1	-1	
159	157	7af7819b29f1b76a	5			yes					-1	-1	-1	-1	160	
160	159	b0e9f82e592d2723	4			yes					-1	-1	-1	-1	
161	151	f79fdaf1d37fa67f	4			yes					-1	-1	-1	-1	
162	151	9cb370eae372dde9	4			yes					-1	-1	-1	-1	
163	127	d1873ce254301a8d	5			yes					164	167	169	170	-1	
164	163	247b1883275fb3a7	4			yes					165	166	-1	-1	
165	164	be0fab7529839e1a	4			yes					-1	-1	-1	-1	
166	164	f5f40801421ca0f4	4			yes					-1	-1	-1	-1	
167	163	467ad09bc80be00a	4			yes					-1	168	-1	-1	
168	167	46a50ff05ec588cb	4			yes					-1	-1	-1	-1	
169	163	595e7a90b8ec6489	4			yes					-1	-1	-1	-1	
170	163	f31ad3e008465e41	4			yes					-1	-1	-1	-1	
