Number of nodes
466
ID	PID	Hash_Value			File_Number	Fully_Enumerated	Children
0	-1	cc679ed934561f9e	6			yes					1	151	254	338	405	465	
1	0	2b5f2d178c56c35b	5			yes					2	53	78	97	113	
2	1	2c0c7f22b07bc178	5			yes					3	13	31	41	52	
3	2	20fe782d8d343d06	4			yes					4	5	7	10	
4	3	6ce2d3533a696b75	4			yes					-1	-1	-1	-1	
5	3	8af69198beb10450	4			yes					-1	6	-1	-1	
6	5	44069f0f55737840	3			yes					-1	-1	-1	
7	3	e34bcbe224c18747	5			yes					-1	8	-1	-1	-1	
8	7	2dbbc575cf03fb57	4			yes					-1	-1	-1	-1	
9	7	5c091d61a0d2a79d	4			no					-1	-2	-2	-2	
10	3	691b1cdf4e47bece	3			yes					11	12	-1	
11	10	f1352b310f7b3bab	4			yes					-1	-1	-1	-1	
12	10	4a36d3c23601c4f8	4			yes					-1	-1	-1	-1	
13	2	9549fccaad6ce7a7	4			yes					-1	14	22	27	
14	13	f0414377f4538358	5			yes					15	18	-1	20	21	
15	14	2835f4209a9fbcd7	4			yes					16	-1	17	-1	
16	15	6c8c556a6c5ef1e4	3			yes					-1	-1	-1	
17	15	a8bf7a65dba2b960	3			yes					-1	-1	-1	
18	14	b4f8e23d0292ce6b	4			yes					-1	-1	19	-1	
19	18	34726c7843afcbdc	3			yes					-1	-1	-1	
20	14	70cbcd32b56e86ef	4			yes					-1	-1	-1	-1	
21	14	0d4a542b542e8a7f	4			yes					-1	-1	-1	-1	
22	13	82805eadd309906e	5			yes					23	25	-1	-1	26	
23	22	5af4e9fabdc5afe1	4			yes					-1	-1	-1	24	
24	23	633adc7dd795ac92	3			yes					-1	-1	-1	
25	22	c639ffe725c8dd5d	4			yes					-1	-1	-1	-1	
26	22	bb4e6b2ab959931d	4			yes					-1	-1	-1	-1	
27	13	58c915a9f235333d	5			yes					28	29	-1	30	-1	
28	27	80bda2fe9cf90cb2	4			yes					-1	-1	-1	-1	
29	27	1c70b4e304f47e0e	4			yes					-1	-1	-1	-1	
30	27	038148df4d658a66	4			yes					-1	-1	-1	-1	
31	2	a09c17e26dbd4a22	4			yes					-1	-1	32	37	
32	31	69ca34dcec79a957	5			yes					33	34	35	-1	36	
33	32	b1be838b82b596d8	4			yes					-1	-1	-1	-1	
34	32	2d7395961ab8e464	4			yes					-1	-1	-1	-1	
35	32	53a1f99162ea16b9	4			yes					-1	-1	-1	-1	
36	32	7244b8c074d99340	4			yes					-1	-1	-1	-1	
37	31	a4bea2dbeb951d9f	5			yes					38	39	40	-1	-1	
38	37	7cca158c85592210	4			yes					-1	-1	-1	-1	
39	37	e00703911d5450ac	4			yes					-1	-1	-1	-1	
40	37	9ed56f966506a271	4			yes					-1	-1	-1	-1	
41	2	70c288d53eedd233	4			yes					-1	-1	-1	42	
42	41	ecf3aac2e841627d	6			yes					43	45	47	49	-1	51	
43	42	34871d95868d5df2	5			yes					-1	-1	-1	-1	44	
44	43	793ac2c4d6243a72	4			yes					-1	-1	-1	-1	
45	42	a84a0b881e802f4e	5			yes					-1	-1	-1	-1	46	
46	45	e5f7d4d94e2948ce	4			yes					-1	-1	-1	-1	
47	42	d698678f66d2dd93	5			yes					-1	-1	-1	-1	48	
48	47	9b25b8de367bba13	4			yes					-1	-1	-1	-1	
49	42	d4a59ce3fc271c28	5			yes					-1	-1	-1	-1	50	
50	49	991843b2ac8e7ba8	4			yes					-1	-1	-1	-1	
51	42	a14e7593b8e805fd	5			yes					-1	-1	-1	-1	-1	
52	2	65e91bd0730842b0	4			yes					-1	-1	-1	-1	
53	1	e85ec50d5c8de99c	4			yes					54	59	66	77	
54	53	ff207ca291a68227	3			yes					55	56	58	
55	54	b64ea1154b347c13	4			yes					-1	-1	-1	-1	
56	54	5be9e22d3f812acc	4			yes					-1	-1	-1	57	
57	56	b71ea20062e059f7	3			yes					-1	-1	-1	
58	54	a41d1ae7a13f8801	4			yes					-1	-1	-1	-1	
59	53	02552aaa80cefb38	3			yes					-1	60	62	
60	59	2611a4878df3ad02	5			yes					-1	-1	-1	-1	61	
61	60	7cbfd26b7dd1a93c	4			yes					-1	-1	-1	-1	
62	59	a246496448f40982	5			yes					63	64	-1	65	-1	
63	62	7a32fe332638360d	4			yes					-1	-1	-1	-1	
64	62	292f1a5f37809eb5	4			yes					-1	-1	-1	-1	
65	62	22ccc72109c90c35	4			yes					-1	-1	-1	-1	
66	53	b49032fad21bfad7	3			yes					-1	-1	67	
67	66	d73a73b45bec2ed9	6			yes					68	70	72	74	-1	76	
68	67	0f4ec4e335201156	5			yes					-1	-1	-1	-1	69	
69	68	42f31bb2658976d6	4			yes					-1	-1	-1	-1	
70	67	5c53208f2498b9ee	5			yes					-1	-1	-1	-1	71	
71	70	11eeffde7431de6e	4			yes					-1	-1	-1	-1	
72	67	194895feef670797	5			yes					-1	-1	-1	-1	73	
73	72	54f54aafbfce6017	4			yes					-1	-1	-1	-1	
74	67	ef6c45954f8a508c	5			yes					-1	-1	-1	-1	75	
75	74	a2d19ac41f23370c	4			yes					-1	-1	-1	-1	
76	67	9a87ace50b454959	5			yes					-1	-1	-1	-1	-1	
77	53	a1bba1ff9ffe6a54	3			yes					-1	-1	-1	
78	1	4afcea1afb060530	4			yes					79	86	94	96	
79	78	5d8253b5362d6e8b	3			yes					80	82	83	
80	79	b3626c3cd5311b3f	4			yes					-1	-1	-1	81	
81	80	4e697b60754c1218	3			yes					-1	-1	-1	
82	79	4815e79a5657a674	4			yes					-1	-1	-1	-1	
83	79	7d7adad9ae381703	5			yes					-1	84	85	-1	-1	
84	83	b38ad44e45fa6b13	4			yes					-1	-1	-1	-1	
85	83	30c5869115943960	4			yes					-1	-1	-1	-1	
86	78	f3b969f2e61123ef	3			yes					-1	87	89	
87	86	6e85ac43038f39cf	5			yes					-1	-1	-1	-1	88	
88	87	aeacdc284306f0ba	4			yes					-1	-1	-1	-1	
89	86	08087b2418215583	5			yes					90	91	92	93	-1	
90	89	d07ccc7376ed6a0c	4			yes					-1	-1	-1	-1	
91	89	8361281f6755c2b4	4			yes					-1	-1	-1	-1	
92	89	52b78c1bc2a4ffa9	4			yes					-1	-1	-1	-1	
93	89	ad7fadfb1c9db8dc	4			yes					-1	-1	-1	-1	
94	78	e7de5eb5134fceac	3			yes					-1	-1	95	
95	94	1f64b59499532047	5			yes					-1	-1	-1	-1	-1	
96	78	03198ee8387586f8	3			yes					-1	-1	-1	
97	1	7e2ab491c631d7be	4			yes					98	103	110	112	
98	97	69540d3e0b1abc05	3			yes					99	100	-1	
99	98	b47fc4c5f409b16b	4			yes					-1	-1	-1	-1	
100	98	c33c66b42b3148c0	5			yes					-1	101	-1	-1	-1	
101	100	0dcc6823c0f334d0	4			yes					-1	-1	-1	-1	
102	100	4012b120cb118401	4			no					-1	-2	-2	-2	
103	97	c76f3779db26f161	3			yes					-1	104	109	
104	103	92a7ab6f7ac26939	5			yes					105	106	-1	107	108	
105	104	4ad31c38140e56b6	4			yes					-1	-1	-1	-1	
106	104	19cef85405b6fe0e	4			yes					-1	-1	-1	-1	
107	104	11897cfb9ae2a5f8	4			yes					-1	-1	-1	-1	
108	104	6facbc33dabf601e	4			yes					-1	-1	-1	-1	
109	103	b7089dd3ddc96d2f	5			yes					-1	-1	-1	-1	-1	
110	97	f2badc511bf75ce4	3			yes					-1	-1	111	
111	110	f56e7c04b3fe6a9e	5			yes					-1	-1	-1	-1	-1	
112	97	22ab52870dfac63e	3			yes					-1	-1	-1	
113	1	d784f342d8a7efca	5			yes					114	121	138	149	150	
114	113	c0fa4aed158c8471	4			yes					115	117	120	-1	
115	114	4f6915dcf495fb3f	5			yes					-1	-1	-1	-1	116	
116	115	110675000dd02d94	4			yes					-1	-1	-1	-1	
117	114	9d76ede769c9c0cd	5			yes					-1	118	-1	-1	119	
118	117	5386e370820bbcdd	4			yes					-1	-1	-1	-1	
119	117	1a9af16921676a81	4			yes					-1	-1	-1	-1	
120	114	646798a70eaf4ad1	5			yes					-1	-1	-1	-1	-1	
121	113	6ec170aac5b0c915	4			yes					-1	122	132	136	
122	121	1c1a7789b31ac916	6			yes					123	125	-1	127	129	131	
123	122	c46ec0deddd6f699	5			yes					-1	-1	-1	-1	124	
124	123	9a01a00224932032	4			yes					-1	-1	-1	-1	
125	122	977324b2cc6e5e21	5			yes					-1	-1	-1	-1	126	
126	125	c91c446e352b888a	4			yes					-1	-1	-1	-1	
127	122	9c90f9ccf227cca1	5			yes					-1	-1	-1	-1	128	
128	127	c2ff99100b621a0a	4			yes					-1	-1	-1	-1	
129	122	9cf5c68624de86d0	5			yes					-1	-1	-1	-1	130	
130	129	c29aa65add9b507b	4			yes					-1	-1	-1	-1	
131	122	427517554a5f1fbd	5			yes					-1	-1	-1	-1	-1	
132	121	6f6f8a89323d675c	5			yes					133	134	-1	-1	135	
133	132	b71b3dde5cf158d3	4			yes					-1	-1	-1	-1	
134	132	e406d9b24d49f06b	4			yes					-1	-1	-1	-1	
135	132	e88396077a93cd10	4			yes					-1	-1	-1	-1	
136	121	c72026989e7bf3aa	3			yes					-1	-1	137	
137	136	059be40121a89e83	5			yes					-1	-1	-1	-1	-1	
138	113	5b149b8205616490	4			yes					-1	-1	139	148	
139	138	51c6b0e995c0c38c	6			yes					140	142	144	-1	146	147	
140	139	89b207befb0cfc03	5			yes					-1	-1	-1	-1	141	
141	140	d7dd676202492aa8	4			yes					-1	-1	-1	-1	
142	139	daafe3d2eab454bb	5			yes					-1	-1	-1	-1	143	
143	142	84c0830e13f18210	4			yes					-1	-1	-1	-1	
144	139	6bad7da41b537c62	5			yes					-1	-1	-1	-1	145	
145	144	35c21d78e216aac9	4			yes					-1	-1	-1	-1	
146	139	e3fb2a6d04299fef	5			yes					-1	-1	-1	-1	-1	
147	139	0fa9d0356c851527	5			yes					-1	-1	-1	-1	-1	
148	138	f2f5cdb05eaa5e2f	3			yes					-1	-1	-1	
149	113	8b4a04b55631fc81	4			yes					-1	-1	-1	-1	
150	113	7e65a570836cd575	4			yes					-1	-1	-1	-1	
151	0	8c9b149450393e4f	5			yes					-1	152	194	210	223	
152	151	d7e47639dafd6d14	5			yes					153	170	176	186	193	
153	152	a41ab349ec1b5440	4			yes					154	155	161	166	
154	153	05d94c214a9a5316	4			yes					-1	-1	-1	-1	
155	153	3151e6ca51fd4c60	5			yes					156	157	-1	159	160	
156	155	666013badb5617b4	4			yes					-1	-1	-1	-1	
157	155	bc9f24bc21739ad5	4			yes					-1	-1	158	-1	
158	157	0b0bb63e2af027d1	3			yes					-1	-1	-1	
159	155	86c574485a7ef164	4			yes					-1	-1	-1	-1	
160	155	cc5af196f1804547	4			yes					-1	-1	-1	-1	
161	153	8f27266682d3d3c6	5			yes					162	163	164	-1	165	
162	161	d816d31608788812	4			yes					-1	-1	-1	-1	
163	161	02e9e410f25d0573	4			yes					-1	-1	-1	-1	
164	161	b1cd0ca8789cac67	4			yes					-1	-1	-1	-1	
165	161	63d0664bdfb2a0fd	4			yes					-1	-1	-1	-1	
166	153	70d3deac1c6d710b	5			yes					167	168	169	-1	-1	
167	166	27e22bdc96c62adf	4			yes					-1	-1	-1	-1	
168	166	fd1d1cda6ce3a7be	4			yes					-1	-1	-1	-1	
169	166	4e39f462e6220eaa	4			yes					-1	-1	-1	-1	
170	152	ea453eb5a6c5228d	4			yes					-1	171	172	173	
171	170	b3c31e89f59af7d6	4			yes					-1	-1	-1	-1	
172	170	7f212aa6c86b8f9c	5			yes					-1	-1	-1	-1	-1	
173	170	a3a05a4765b6a145	3			yes					174	175	-1	
174	173	980eb4437f8803c8	4			yes					-1	-1	-1	-1	
175	173	6e8c50fae83c2f64	4			yes					-1	-1	-1	-1	
176	152	5b741ef9073be64e	4			yes					-1	-1	177	182	
177	176	d714ab4abedd0854	5			yes					178	179	180	-1	181	
178	177	45a7a88cb8ad0078	4			yes					-1	-1	-1	-1	
179	177	93ad0a00481c4567	4			yes					-1	-1	-1	-1	
180	177	19664d000a56211a	4			yes					-1	-1	-1	-1	
181	177	cc9a2756267d3243	4			yes					-1	-1	-1	-1	
182	176	1a603d4db931bc9c	5			yes					183	184	185	-1	-1	
183	182	88d33e8bbf41b4b0	4			yes					-1	-1	-1	-1	
184	182	5ed99c074ff0f1af	4			yes					-1	-1	-1	-1	
185	182	d412db070dba95d2	4			yes					-1	-1	-1	-1	
186	152	8b2a81ce546b7e5f	4			yes					-1	-1	-1	187	
187	186	522d3554bae5c37e	6			yes					188	189	190	191	-1	192	
188	187	c09e3692bc95cb52	5			yes					-1	-1	-1	-1	-1	
189	187	1694941e4c248e4d	5			yes					-1	-1	-1	-1	-1	
190	187	9c5fd31e0e6eea30	5			yes					-1	-1	-1	-1	-1	
191	187	6a7b0375ae83bd2b	5			yes					-1	-1	-1	-1	-1	
192	187	1f90ea05ea4ca4fe	5			yes					-1	-1	-1	-1	-1	
193	152	9e0112cb198eeedc	4			yes					-1	-1	-1	-1	
194	151	04e42699f2f0ce6b	4			yes					195	204	207	209	
195	194	771ae3e9c416f73f	3			yes					196	198	199	
196	195	e22f038d080722d1	4			yes					-1	-1	-1	197	
197	196	1f2414d1a87a2bf6	3			yes					-1	-1	-1	
198	195	069ca8a9c977ac7d	4			yes					-1	-1	-1	-1	
199	195	526374bd64b221e7	5			yes					200	201	202	-1	-1	
200	199	055281cdee197a33	4			yes					-1	-1	-1	-1	
201	199	27a4d7b90a01e3c2	4			yes					-1	-1	-1	-1	
202	199	235c3e033704cee0	4			yes					-1	-1	-1	-1	
203	199	f714a262600eccb8	4			no					-1	-2	-2	-1	
204	194	9739152d1ddc7100	3			yes					-1	205	206	
205	204	280e6ee90e3ddfd1	4			yes					-1	-1	-1	-1	
206	204	cbbb756224f0443f	4			yes					-1	-1	-1	-1	
207	194	a9c692361ab905f7	3			yes					-1	-1	208	
208	207	9a73f374785acde0	5			yes					-1	-1	-1	-1	-1	
209	194	4d01426b31834da3	3			yes					-1	-1	-1	
210	151	30327812cfc71ce5	4			yes					211	218	220	222	
211	210	43ccbd62f92125b1	3			yes					212	213	217	
212	211	6ee52650f4f37715	4			yes					-1	-1	-1	-1	
213	211	0fb27b1c7f457dc3	5			yes					-1	214	-1	215	216	
214	213	7a75d81811f6bfe6	4			yes					-1	-1	-1	-1	
215	213	8c9cac889f65b102	4			yes					-1	-1	-1	-1	
216	213	f2b96c40df3874e4	4			yes					-1	-1	-1	-1	
217	211	215518e4a1897afb	5			yes					-1	-1	-1	-1	-1	
218	210	a3ef4ba620eba38e	3			yes					-1	219	-1	
219	218	7073a062e7fe23e8	4			yes					-1	-1	-1	-1	
220	210	bca210d2120197bf	3			yes					-1	-1	221	
221	220	70793ae452f78739	5			yes					-1	-1	-1	-1	-1	
222	210	6cb39e04040c0d65	3			yes					-1	-1	-1	
223	151	999c3fc1d1512491	5			yes					224	237	241	252	253	
224	223	ea62fab1e7b71dc5	4			yes					225	227	232	234	
225	224	26528aae8466c35c	5			yes					-1	-1	-1	-1	226	
226	225	783dea727d2315f7	4			yes					-1	-1	-1	-1	
227	224	0a397617dceff9bb	5			yes					228	229	-1	230	231	
228	227	5d0883675644a26f	4			yes					-1	-1	-1	-1	
229	227	7ffed513b25c3b9e	4			yes					-1	-1	-1	-1	
230	227	b49b2ef148266f1b	4			yes					-1	-1	-1	-1	
231	227	8dd56a99944153f7	4			yes					-1	-1	-1	-1	
232	224	212112b571d85b2d	5			yes					-1	-1	-1	-1	233	
233	232	a6cd0e3b3976f161	4			yes					-1	-1	-1	-1	
234	224	4383ac83bc7c277a	3			yes					-1	235	236	
235	234	d7f7889c34d2bf18	5			yes					-1	-1	-1	-1	-1	
236	234	7697f20335e84de1	5			yes					-1	-1	-1	-1	-1	
237	223	0a410c753e7d9bfa	4			yes					-1	238	240	-1	
238	237	363f9d2ee71025cc	5			yes					-1	-1	-1	-1	239	
239	238	6850fdf21e55f367	4			yes					-1	-1	-1	-1	
240	237	f80d79e3e205420a	5			yes					-1	-1	-1	-1	-1	
241	223	150c57010c97afcb	4			yes					-1	-1	242	251	
242	241	d4d1f60974c92e2b	6			yes					243	245	247	-1	249	250	
243	242	4662f5cf72b92607	5			yes					-1	-1	-1	-1	244	
244	243	180d95138bfcf0ac	4			yes					-1	-1	-1	-1	
245	242	9068574382086318	5			yes					-1	-1	-1	-1	246	
246	245	ce07379f7b4db5b3	4			yes					-1	-1	-1	-1	
247	242	eeba3b44fa5a91c5	5			yes					-1	-1	-1	-1	248	
248	247	b0d55b98031f476e	4			yes					-1	-1	-1	-1	
249	242	66ec6c8de5207248	5			yes					-1	-1	-1	-1	-1	
250	242	8abe96d58d8cf880	5			yes					-1	-1	-1	-1	-1	
251	241	bced0133575c9574	3			yes					-1	-1	-1	
252	223	c552c8365fc737da	4			yes					-1	-1	-1	-1	
253	223	307d69f38a9a1e2e	4			yes					-1	-1	-1	-1	
254	0	b10c9ddd9d5bbd4e	5			yes					-1	-1	255	298	312	
255	254	35c30366b368f37c	5			yes					256	270	282	287	297	
256	255	463dc616858eca28	4			yes					257	261	262	267	
257	256	70e9b36cb5492ac4	4			yes					-1	258	259	260	
258	257	9e645f5bc9a1726d	3			yes					-1	-1	-1	
259	257	d59e65b3b1f5c79b	3			yes					-1	-1	-1	
260	257	45cbc9a53f23c19d	3			yes					-1	-1	-1	
261	256	9b1c17629690368b	4			yes					-1	-1	-1	-1	
262	256	aa6604c84c69708f	5			yes					-1	263	264	265	-1	
263	262	4e79a287e8f2c0c2	4			yes					-1	-1	-1	-1	
264	262	44ebe8ff30812826	4			yes					-1	-1	-1	-1	
265	262	589f08a13bc72488	4			yes					-1	-1	-1	-1	
266	262	d586cae256eb57e5	4			no					-1	-2	-2	-2	
267	256	26d5aefcf25954f3	5			yes					-1	268	269	-1	-1	
268	267	c2ca08b356c2e4be	4			yes					-1	-1	-1	-1	
269	267	c85842cb8eb10c5a	4			yes					-1	-1	-1	-1	
270	255	b5b5f6348f87561c	4			yes					-1	271	272	277	
271	270	f94378c2506a26ef	4			yes					-1	-1	-1	-1	
272	270	4d0287ccecf2a654	5			yes					273	274	275	276	-1	
273	272	dfb1840aea82ae78	4			yes					-1	-1	-1	-1	
274	272	f1272db217b423e8	4			yes					-1	-1	-1	-1	
275	272	a38f6bfb901afefd	4			yes					-1	-1	-1	-1	
276	272	bffb8ba59b5cf253	4			yes					-1	-1	-1	-1	
277	270	c1b12df852c28228	5			yes					278	279	280	281	-1	
278	277	53022e3e54b28a04	4			yes					-1	-1	-1	-1	
279	277	7d948786a9840794	4			yes					-1	-1	-1	-1	
280	277	2f3cc1cf2e2ada81	4			yes					-1	-1	-1	-1	
281	277	64c6fb27567e6f77	4			yes					-1	-1	-1	-1	
282	255	e6a3a32747ec0cb7	4			yes					-1	-1	283	284	
283	282	6cd61016e54f9aa1	5			yes					-1	-1	-1	-1	-1	
284	282	af46c7d5849f8f7f	3			yes					285	286	-1	
285	284	06cbef00a3826655	4			yes					-1	-1	-1	-1	
286	284	4b7993a80c77620c	4			yes					-1	-1	-1	-1	
287	255	690df4913dfee037	4			yes					-1	-1	-1	288	
288	287	e814ad4c9c9a494c	6			yes					289	291	293	295	-1	296	
289	288	7aa7ae8a9aea4160	5			yes					-1	-1	-1	-1	290	
290	289	371a71dbca4326e0	4			yes					-1	-1	-1	-1	
291	288	637dfe77e3eede7b	5			yes					-1	-1	-1	-1	292	
292	291	2ec02126b347b9fb	4			yes					-1	-1	-1	-1	
293	288	26664b0628116002	5			yes					-1	-1	-1	-1	294	
294	293	6bdb945778b80782	4			yes					-1	-1	-1	-1	
295	288	a5abf1042736672f	5			yes					-1	-1	-1	-1	-1	
296	288	a5a9721dcc332ecc	5			yes					-1	-1	-1	-1	-1	
297	255	7c266794701b70b4	4			yes					-1	-1	-1	-1	
298	254	450239931d819f10	4			yes					299	307	310	311	
299	298	36fcfce32b67a644	3			yes					300	305	306	
300	299	6fb96333e2e2adbd	5			yes					-1	301	302	303	304	
301	300	515349fd18add21c	4			yes					-1	-1	-1	-1	
302	300	4efe194bfd65ce2c	4			yes					-1	-1	-1	-1	
303	300	ec97b4a702c2617c	4			yes					-1	-1	-1	-1	
304	300	92b2746f429fa49a	4			yes					-1	-1	-1	-1	
305	299	ef18d0649bb45721	4			yes					-1	-1	-1	-1	
306	299	1b518dc723889d6d	5			yes					-1	-1	-1	-1	-1	
307	298	c574ccc1216e3a70	3			yes					-1	308	309	
308	307	c4ebb1026e750c7d	4			yes					-1	-1	-1	-1	
309	307	fc350ec383134bb6	5			yes					-1	-1	-1	-1	-1	
310	298	af09d634c1c28db4	3			yes					-1	-1	-1	
311	298	1983df85d64a8e90	3			yes					-1	-1	-1	
312	254	ecac7e400317a764	5			yes					313	325	333	336	337	
313	312	9f52bb3035f19e30	4			yes					314	318	320	323	
314	313	7e18db5f68be1d09	5			yes					-1	315	-1	-1	317	
315	314	40f2f19192f162a8	4			yes					-1	-1	-1	316	
316	315	1e9d914d6bb4b403	3			yes					-1	-1	-1	
317	314	2077bb8391fbcba2	4			yes					-1	-1	-1	-1	
318	313	b897d1ed586ca6c1	5			yes					-1	-1	-1	-1	319	
319	318	e6f8b131a129706a	4			yes					-1	-1	-1	-1	
320	313	22b66ef91ed82b4e	5			yes					-1	321	-1	-1	322	
321	320	c6a9c8b6ba439b03	4			yes					-1	-1	-1	-1	
322	320	a55a727756768102	4			yes					-1	-1	-1	-1	
323	313	36b3ed026e3aa48f	3			yes					-1	-1	324	
324	323	675c51b48fb2241e	5			yes					-1	-1	-1	-1	-1	
325	312	6cda8b123ff80204	4			yes					-1	326	328	331	
326	325	bf066f966ea6e2ea	5			yes					-1	-1	-1	-1	327	
327	326	e1690f4a97e33441	4			yes					-1	-1	-1	-1	
328	325	c5d2edfdbe43fd95	5			yes					329	-1	-1	-1	330	
329	328	5761ee3bb833f5b9	4			yes					-1	-1	-1	-1	
330	328	423ef173f6ed57d9	4			yes					-1	-1	-1	-1	
331	325	c53bdd20643338bb	3			yes					-1	-1	332	
332	331	8038d2b02f29f2c5	5			yes					-1	-1	-1	-1	-1	
333	312	06a791e7df54b5c0	4			yes					-1	-1	334	-1	
334	333	b641137742a75a69	5			yes					-1	-1	-1	-1	335	
335	334	e82e73abbbe28cc2	4			yes					-1	-1	-1	-1	
336	312	b06289b78d81b42f	4			yes					-1	-1	-1	-1	
337	312	454d287258dc9ddb	4			yes					-1	-1	-1	-1	
338	0	8fbdd5d812e4340b	5			yes					-1	-1	-1	339	370	
339	338	8efd619846a0474d	5			yes					340	353	363	367	369	
340	339	fd03a4e870467e19	4			yes					341	347	351	352	
341	340	457d5680bdbe1967	5			yes					-1	342	343	345	346	
342	341	8b8d5817567c6577	4			yes					-1	-1	-1	-1	
343	341	08c20ac806123704	4			yes					-1	-1	-1	-1	
344	343	c632045fedd04b14	3			no					-1	-2	-2	
345	341	c1a81a7b950c2482	4			yes					-1	-1	-1	-1	
346	341	8144bafa581407b3	4			yes					-1	-1	-1	-1	
347	340	7d0f5a888f778b77	5			yes					-1	-1	348	349	350	
348	347	9578cd36ad094089	4			yes					-1	-1	-1	-1	
349	347	fe218d1c6f5747b6	4			yes					-1	-1	-1	-1	
350	347	80044dd42f0a8250	4			yes					-1	-1	-1	-1	
351	340	3a3cc1df790c6990	3			yes					-1	-1	-1	
352	340	1bac2f4a83f9d329	5			yes					-1	-1	-1	-1	-1	
353	339	0e8b94ca7a4fe22d	4			yes					-1	354	359	360	
354	353	5c434a6395cf1d36	5			yes					355	-1	356	357	358	
355	354	cef049a593bf151a	4			yes					-1	-1	-1	-1	
356	354	b434ddddb7b1d6c8	4			yes					-1	-1	-1	-1	
357	354	df6d9df775efd1f7	4			yes					-1	-1	-1	-1	
358	354	a1485d3f35b21411	4			yes					-1	-1	-1	-1	
359	353	c9b4f1fd7305f5a4	3			yes					-1	-1	-1	
360	353	bd938213d960594e	6			yes					-1	-1	-1	-1	362	-1	
361	360	2f2081d5df105162	5			no					-1	-1	-1	-2	-1	
362	360	d9b6b2eb16574334	5			yes					-1	-1	-1	-1	-1	
363	339	37b8e2705bb76192	4			yes					-1	-1	364	365	
364	363	f087874752fd761b	3			yes					-1	-1	-1	
365	363	369c3d21961c2310	6			yes					-1	-1	-1	-1	366	-1	
366	365	52b90dd9592b396a	5			yes					-1	-1	-1	-1	-1	
367	339	49c204af4fea50c4	4			yes					-1	-1	-1	368	
368	367	4acdb3ca171ebaeb	3			yes					-1	-1	-1	
369	339	8df2d6fd1e54ad62	4			yes					-1	-1	-1	-1	
370	338	4e0e5157a49c4bc8	5			yes					371	391	400	403	404	
371	370	3df09427927a729c	4			yes					372	384	387	389	
372	371	c326e43455d6d797	6			yes					-1	373	377	379	381	383	
373	372	0dd6eaa3be14ab87	5			yes					-1	374	-1	-1	376	
374	373	4069b6eb05b885e4	4			yes					-1	-1	-1	-1	
375	373	8d395bac29d0e441	4			no					-1	-2	-2	-2	
376	373	53b98a7f47517d2c	4			yes					-1	-1	-1	-1	
377	372	8e99b87cee7af9f4	5			yes					-1	-1	-1	-1	378	
378	377	d0f6d8a0173f2f5f	4			yes					-1	-1	-1	-1	
379	372	db1127d21e27a33b	5			yes					-1	-1	-1	-1	380	
380	379	857e470ee7627590	4			yes					-1	-1	-1	-1	
381	372	43c9553bc2129851	5			yes					-1	-1	-1	-1	382	
382	381	1da635e73b574efa	4			yes					-1	-1	-1	-1	
383	372	9d4984e8ac93013c	5			yes					-1	-1	-1	-1	-1	
384	371	8bb6226f3a08ef22	5			yes					-1	-1	-1	385	386	
385	384	c9c6c7afa146c27c	4			yes					-1	-1	-1	-1	
386	384	0c5a3ee172a6456e	4			yes					-1	-1	-1	-1	
387	371	24d257c3ab854b1c	5			yes					-1	-1	-1	-1	388	
388	387	7abd371f52c09db7	4			yes					-1	-1	-1	-1	
389	371	9411c215c9b14823	3			yes					-1	390	-1	
390	389	eaf765893e48d27e	4			yes					-1	-1	-1	-1	
391	370	ce78a4059873eea8	4			yes					-1	392	397	399	
392	391	aafa328420b07963	5			yes					393	-1	-1	395	396	
393	392	3849314226c0714f	4			yes					-1	-1	-1	-1	
394	393	bfa52dcc6e6edb03	3			no					-1	-2	-2	
395	392	e88ad744bbfe543d	4			yes					-1	-1	-1	-1	
396	392	2d162e0a681ed32f	4			yes					-1	-1	-1	-1	
397	391	2c884f958dfa7ef5	5			yes					-1	-1	-1	-1	398	
398	397	72e72f4974bfa85e	4			yes					-1	-1	-1	-1	
399	391	6799f237c3b8d417	3			yes					-1	-1	-1	
400	370	f74bd2bfb98b6d17	4			yes					-1	-1	401	402	
401	400	fd12d62515e133ee	5			yes					-1	-1	-1	-1	-1	
402	400	5eaa848de24057a8	3			yes					-1	-1	-1	
403	370	e32ce5f84cd58054	4			yes					-1	-1	-1	-1	
404	370	e7ef0765ff577177	4			yes					-1	-1	-1	-1	
405	0	5b52d4f431a27b51	5			yes					-1	-1	-1	-1	406	
406	405	b4341cd5853770a1	6			yes					407	433	449	459	462	464	
407	406	c7cad9a5b3d149f5	5			yes					408	419	424	430	432	
408	407	47bc2cf78f3eec95	4			yes					409	411	-1	414	
409	408	9a35a457584d2224	5			yes					-1	-1	-1	-1	410	
410	409	1dd9b8d910e38868	4			yes					-1	-1	-1	-1	
411	408	e0b7a03be5cdd88a	6			yes					-1	412	-1	-1	-1	413	
412	411	2e47aeac0e0fa49a	5			yes					-1	-1	-1	-1	-1	
413	411	bed8c0e71c880e21	5			yes					-1	-1	-1	-1	-1	
414	408	dab16ccb1d561b0f	6			yes					-1	415	-1	-1	417	418	
415	414	1441625cf694671f	5			yes					-1	-1	-1	-1	-1	
416	414	e2e75aea0930655a	5			no					-1	-2	-2	-2	-2	
417	414	b72efcad1c163cd8	5			yes					-1	-1	-1	-1	-1	
418	414	993240f5f69e7052	5			yes					-1	-1	-1	-1	-1	
419	407	7e8f5a4daec66f2a	4			yes					-1	420	-1	421	
420	419	3de795ac9b48ae4c	5			yes					-1	-1	-1	-1	-1	
421	419	7feaf9013cea5337	6			yes					-1	-1	-1	422	-1	423	
422	421	fcc42e95dcca9ff6	5			yes					-1	-1	-1	-1	-1	
423	421	9d9e885047cf1813	5			yes					-1	-1	-1	-1	-1	
424	407	4b5ab1656e17c2af	4			yes					-1	-1	-1	425	
425	424	c64f62907df7be12	6			yes					-1	-1	-1	426	-1	428	
426	425	4561b5049dd772d3	5			yes					-1	-1	-1	-1	-1	
427	425	46a0d39fea33f1d4	5			no					-1	-2	-1	-2	-2	
428	425	243b13c106d2f536	5			yes					-1	-1	-1	-1	-1	
429	428	a715c455e6f239f7	4			no					-1	-2	-1	-2	
430	407	d2710728eb1a2d33	4			yes					-1	-1	-1	431	
431	430	b5a31e7afc3e08e5	3			yes					-1	-1	-1	
432	407	a018c0f7a4f56c23	4			yes					-1	-1	-1	-1	
433	406	3442e987b9d8d5c1	5			yes					-1	434	441	446	448	
434	433	8d076a6fa4cff31e	4			yes					-1	435	-1	437	
435	434	5e39c0f04bbab0a7	5			yes					-1	-1	-1	-1	436	
436	435	d9d5dc7e03141aeb	4			yes					-1	-1	-1	-1	
437	434	46db8d8ff1fc13d4	6			yes					-1	-1	438	-1	439	440	
438	437	02dcb8c2692bf3e9	5			yes					-1	-1	-1	-1	-1	
439	437	2b441de9f0bc3403	5			yes					-1	-1	-1	-1	-1	
440	437	0558a1b11a347889	5			yes					-1	-1	-1	-1	-1	
441	433	b8d28147641e5e9b	4			yes					-1	-1	-1	442	
442	441	8e51f454e1229f17	6			yes					443	-1	-1	444	-1	445	
443	442	1ce2f792e752973b	5			yes					-1	-1	-1	-1	-1	
444	442	0d7f23c0010253d6	5			yes					-1	-1	-1	-1	-1	
445	442	6c2585059a07d433	5			yes					-1	-1	-1	-1	-1	
446	433	21f9370ae113b107	4			yes					-1	-1	-1	447	
447	446	462b2e58f63794d1	3			yes					-1	-1	-1	
448	433	5390f0d5aefcf017	4			yes					-1	-1	-1	-1	
449	406	0d719f3d9820567e	5			yes					-1	-1	450	456	458	
450	449	81e1f7fd45e6dd24	4			yes					-1	-1	-1	451	
451	450	47f0c8fc5ee2535f	6			yes					452	453	-1	454	-1	455	
452	451	d543cb3a58925b73	5			yes					-1	-1	-1	-1	-1	
453	451	cc999bc72196c468	5			yes					-1	-1	-1	-1	-1	
454	451	c4de1f68bec29f9e	5			yes					-1	-1	-1	-1	-1	
455	451	a584b9ad25c7187b	5			yes					-1	-1	-1	-1	-1	
456	449	18ca41b0c0eb32b8	4			yes					-1	-1	-1	457	
457	456	7f1858e2d7cf176e	3			yes					-1	-1	-1	
458	449	6aa3866f8f0473a8	4			yes					-1	-1	-1	-1	
459	406	38a4741558f1fbfb	5			yes					-1	-1	-1	460	461	
460	459	2d1faa98003a9f3d	4			yes					-1	-1	-1	-1	
461	459	5f766d474fd5de2d	4			yes					-1	-1	-1	-1	
462	406	a18fc258ddfc1467	5			yes					-1	-1	-1	-1	463	
463	462	c65ddb0acad831b1	4			yes					-1	-1	-1	-1	
464	406	d3e6058792135577	5			yes					-1	-1	-1	-1	-1	
465	0	0e403bab5624109e	5			yes					-1	-1	-1	-1	-1	
