Number of nodes
320
ID	PID	Hash_Value			File_Number	Fully_Enumerated	Children
0	-1	e79817820aa51fa2	6			yes					1	96	169	227	279	319	
1	0	7fc060684be939ad	5			yes					2	34	45	58	69	
2	1	8f1ae679618f1d72	5			yes					3	8	21	30	33	
3	2	265d60c894f53273	4			yes					4	5	6	7	
4	3	1a595a154dfc2287	4			yes					-1	-1	-1	-1	
5	3	628ac0d02154ac89	4			yes					-1	-1	-1	-1	
6	3	29a534380e027f72	5			yes					-1	-1	-1	-1	-1	
7	3	cada873c775b1bc1	3			yes					-1	-1	-1	
8	2	8f54967f14ee93e0	4			yes					-1	9	14	18	
9	8	8eea9931b2efafae	5			yes					10	11	-1	12	13	
10	9	0e48aed03fc17628	4			yes					-1	-1	-1	-1	
11	9	0900119bdeafbc6d	4			yes					-1	-1	-1	-1	
12	9	ca7ff9fbed23d20f	4			yes					-1	-1	-1	-1	
13	9	839068f8eff6756e	4			yes					-1	-1	-1	-1	
14	8	7f62a1d81f4ba660	5			yes					15	16	-1	-1	17	
15	14	ffc0963992657fe6	4			yes					-1	-1	-1	-1	
16	14	f8882972730bb5a3	4			yes					-1	-1	-1	-1	
17	14	e2cf7317aa479ade	4			yes					-1	-1	-1	-1	
18	8	b75ecfc45f677ce8	5			yes					19	20	-1	-1	-1	
19	18	37fcf825d249a56e	4			yes					-1	-1	-1	-1	
20	18	30b4476e33276f2b	4			yes					-1	-1	-1	-1	
21	2	4c22e3f9836dc596	4			yes					-1	-1	22	26	
22	21	ff403b863914edad	5			yes					23	24	25	-1	-1	
23	22	7fe20c67b43a342b	4			yes					-1	-1	-1	-1	
24	22	78aab32c5554fe6e	4			yes					-1	-1	-1	-1	
25	22	d7bf3aa567b0a799	4			yes					-1	-1	-1	-1	
26	21	881423a740efd59c	5			yes					27	28	29	-1	-1	
27	26	08b61446cdc10c1a	4			yes					-1	-1	-1	-1	
28	26	0ffeab0d2cafc65f	4			yes					-1	-1	-1	-1	
29	26	a0eb22841e4b9fa8	4			yes					-1	-1	-1	-1	
30	2	86b614c3815750c5	4			yes					-1	-1	-1	31	
31	30	2e6236a48995e13c	5			yes					32	-1	-1	-1	-1	
32	31	aec0014504bb38ba	4			yes					-1	-1	-1	-1	
33	2	639d018d822134c0	4			yes					-1	-1	-1	-1	
34	1	967cd746fe4b3212	4			yes					35	39	42	44	
35	34	12219cd8eb2e6227	3			yes					36	37	38	
36	35	746d97a0ea4cd71b	4			yes					-1	-1	-1	-1	
37	35	246880003b8a0037	4			yes					-1	-1	-1	-1	
38	35	2eacea44808f3281	4			yes					-1	-1	-1	-1	
39	34	61765ed016133430	3			yes					-1	40	41	
40	39	6c3627270c36c85a	5			yes					-1	-1	-1	-1	-1	
41	39	834479656c91cb06	5			yes					-1	-1	-1	-1	-1	
42	34	9fd025fc1e937fa5	3			yes					-1	-1	43	
43	42	3142134b17074dea	5			yes					-1	-1	-1	-1	-1	
44	34	7afb30b21de51ba0	3			yes					-1	-1	-1	
45	1	55a0d76cb5f0f463	4			yes					46	50	55	57	
46	45	d1fd9cf2a095a456	3			yes					47	-1	48	
47	46	4ff912f52e306742	4			yes					-1	-1	-1	-1	
48	46	c8cda42ebc45ca41	5			yes					-1	-1	-1	-1	-1	
49	48	768822f6aeecc881	4			no					-1	-2	-2	-2	
50	45	55eea76ac0917af1	3			yes					-1	51	52	
51	50	5341bfa8ddeed611	5			yes					-1	-1	-1	-1	-1	
52	50	2910d0606bc2ec61	5			yes					53	54	-1	-1	-1	
53	52	a9b2e781e6ec35e7	4			yes					-1	-1	-1	-1	
54	52	461399d19f2b8312	4			yes					-1	-1	-1	-1	
55	45	6894dc6c83aaf715	3			yes					-1	-1	56	
56	55	a6b55adc7893b196	5			yes					-1	-1	-1	-1	-1	
57	45	b9273098565eddd1	3			yes					-1	-1	-1	
58	1	bd55291149c93811	4			yes					59	62	67	68	
59	58	3908628f5cac6824	3			yes					60	61	-1	
60	59	89003d4d4f0d4932	4			yes					-1	-1	-1	-1	
61	59	a77f4ade319a4f86	4			yes					-1	-1	-1	-1	
62	58	bd1b59173ca8b683	3			yes					-1	63	-1	
63	62	d192882d3b3ca44b	5			yes					64	65	-1	66	-1	
64	63	5130bfccb6127dcd	4			yes					-1	-1	-1	-1	
65	63	be91c19ccfd5cb38	4			yes					-1	-1	-1	-1	
66	63	81e9fb8a2a8f51bd	4			yes					-1	-1	-1	-1	
67	58	7e6d2c91ab2be0f5	3			yes					-1	-1	-1	
68	58	472b3e1882e60643	3			yes					-1	-1	-1	
69	1	1a0a7c95c545daa1	5			yes					70	76	90	94	95	
70	69	9e57370bd0208a94	4			yes					71	73	75	-1	
71	70	de03ab483fcff5f2	5			yes					-1	-1	-1	-1	72	
72	71	7ea55f5f808b0401	4			yes					-1	-1	-1	-1	
73	70	4e21784551ff9e28	5			yes					-1	-1	-1	-1	74	
74	73	ee878c52eebb6fdb	4			yes					-1	-1	-1	-1	
75	70	12675527e40b2a45	5			yes					-1	-1	-1	-1	-1	
76	69	1a440c93b0245433	4			yes					-1	77	87	89	
77	76	a259a9775875046b	6			yes					78	80	-1	82	84	86	
78	77	22fb9e96d55bdded	5			yes					-1	-1	-1	-1	79	
79	78	825d6a816a1f2c1e	4			yes					-1	-1	-1	-1	
80	77	cd5ae0c6ac9c6b18	5			yes					-1	-1	-1	-1	81	
81	80	6dfc14d113d89aeb	4			yes					-1	-1	-1	-1	
82	77	e6ccc9bd07b979ca	5			yes					-1	-1	-1	-1	83	
83	82	466a3daab8fd8839	4			yes					-1	-1	-1	-1	
84	77	cbdf5df4c81bf82d	5			yes					-1	-1	-1	-1	85	
85	84	6b79a9e3775f09de	4			yes					-1	-1	-1	-1	
86	77	02ff5d60e731f598	5			yes					-1	-1	-1	-1	-1	
87	76	57f75cadff538d4a	5			yes					-1	-1	-1	-1	88	
88	87	5b55a7cd1e21e1f2	4			yes					-1	-1	-1	-1	
89	76	4ec9bca4175fc566	3			yes					-1	-1	-1	
90	69	d932791527a70245	4			yes					-1	-1	91	93	
91	90	7137dc2d929f5744	6			yes					-1	-1	-1	-1	-1	92	
92	91	d191283a2ddba6b7	5			yes					-1	-1	-1	-1	-1	
93	90	8dbfc92280dc9310	3			yes					-1	-1	-1	
94	69	13a68e2f259d9716	4			yes					-1	-1	-1	-1	
95	69	4e87cca2623e4bf4	4			yes					-1	-1	-1	-1	
96	0	47a86256c7e8e9d5	5			yes					-1	97	127	139	149	
97	96	ef8f0e66ce7056c5	5			yes					98	111	115	124	126	
98	97	dbf0840fdecdbf16	4			yes					99	100	105	108	
99	98	52085811627d7682	4			yes					-1	-1	-1	-1	
100	98	3ed1e1221af2efe0	5			yes					101	102	-1	103	104	
101	100	aebce3f187aad0ba	4			yes					-1	-1	-1	-1	
102	100	808e2e9683ea91c5	4			yes					-1	-1	-1	-1	
103	100	386b0ae823c1cc5a	4			yes					-1	-1	-1	-1	
104	100	33ab10eb47eb3520	4			yes					-1	-1	-1	-1	
105	98	2edfffe15b343ea4	5			yes					-1	106	-1	-1	107	
106	105	90803055c22c4081	4			yes					-1	-1	-1	-1	
107	105	3e79b86ea95ee57a	4			yes					-1	-1	-1	-1	
108	98	241b95a5e0310c12	5			yes					-1	109	110	-1	-1	
109	108	9a445a1179297237	4			yes					-1	-1	-1	-1	
110	108	cd748c808412eb94	4			yes					-1	-1	-1	-1	
111	97	126c9aa7f1295532	4			yes					-1	112	113	114	
112	111	686de8d055cc2031	4			yes					-1	-1	-1	-1	
113	111	b938436bf5dcd108	5			yes					-1	-1	-1	-1	-1	
114	111	feeb7d5312877c80	3			yes					-1	-1	-1	
115	97	2cb70be62c928e21	4			yes					-1	-1	116	120	
116	115	1060a07d2d6b7e88	5			yes					117	118	119	-1	-1	
117	116	882be893b201e44d	4			yes					-1	-1	-1	-1	
118	116	978a28d7412b6d4b	4			yes					-1	-1	-1	-1	
119	116	cf5645aa75f4e4da	4			yes					-1	-1	-1	-1	
120	115	6734b85c549046b9	5			yes					121	122	123	-1	-1	
121	120	ff7ff0b2cbfadc7c	4			yes					-1	-1	-1	-1	
122	120	e0de30f638d0557a	4			yes					-1	-1	-1	-1	
123	120	b8025d8b0c0fdceb	4			yes					-1	-1	-1	-1	
124	97	e623fcdc2ea81b72	4			yes					-1	-1	-1	125	
125	124	c142ad5f9dea7219	5			yes					-1	-1	-1	-1	-1	
126	97	0308e9922dde7f77	4			yes					-1	-1	-1	-1	
127	96	8ecefec2ed07ccea	4			yes					128	134	136	138	
128	127	bab174abfdba2539	3			yes					129	130	131	
129	128	730b72a71d825037	4			yes					-1	-1	-1	-1	
130	128	5ae6eee2d7dc6cc0	4			yes					-1	-1	-1	-1	
131	128	157b4b1f5c5cbb95	5			yes					-1	132	133	-1	-1	
132	131	525907e8060c60c9	4			yes					-1	-1	-1	-1	
133	131	6767b5dc51a61475	4			yes					-1	-1	-1	-1	
134	127	e5cc669dc549c317	3			yes					-1	-1	135	
135	134	bf1953b9dd340bef	4			yes					-1	-1	-1	-1	
136	127	b3faf5c2db5dcf9c	3			yes					-1	-1	137	
137	136	56b5e4c8f27e8e65	5			yes					-1	-1	-1	-1	-1	
138	127	624919360ea9e558	3			yes					-1	-1	-1	
139	96	663b00bf113e0098	4			yes					140	145	147	148	
140	139	52448ad60183e94b	3			yes					141	142	-1	
141	140	b7385151f95758bb	4			yes					-1	-1	-1	-1	
142	140	a2da774fda11a9dd	5			yes					-1	-1	-1	143	-1	
143	142	f2a104e8cba25c2b	4			yes					-1	-1	-1	-1	
144	142	afa086868708731d	4			no					-1	-2	-1	-2	
145	139	0d3998e039700f65	3			yes					-1	146	-1	
146	145	ac4f24f1efa23f2f	4			yes					-1	-1	-1	-1	
147	139	a503053ff3dcd87c	3			yes					-1	-1	-1	
148	139	9c4517b6da113eca	3			yes					-1	-1	-1	
149	96	c164553b9db2e228	5			yes					150	159	163	167	168	
150	149	f51bdf528d0f0bfb	4			yes					151	153	155	157	
151	150	9652a94c104ea1f7	5			yes					-1	-1	-1	-1	152	
152	151	36f45d5baf0a5004	4			yes					-1	-1	-1	-1	
153	150	5d19271a48fc3809	5			yes					-1	-1	-1	-1	154	
154	153	51bbdc7aa98e54b1	4			yes					-1	-1	-1	-1	
155	150	ca2e732c0c0dfd5d	5			yes					-1	-1	-1	-1	156	
156	155	c68c884ced7f91e5	4			yes					-1	-1	-1	-1	
157	150	a1966f652a749aae	3			yes					-1	158	-1	
158	157	993d5ca82a1c07c3	4			yes					-1	-1	-1	-1	
159	149	aa66cd64b5fcedd5	4			yes					-1	160	162	-1	
160	159	f455b8ff867ad226	5			yes					-1	-1	-1	-1	161	
161	160	54f34ce8393e23d5	4			yes					-1	-1	-1	-1	
162	159	82fa22741fd5843f	5			yes					-1	-1	-1	-1	-1	
163	149	025c50bb7f503acc	4			yes					-1	-1	164	166	
164	163	81376239187268b7	6			yes					-1	-1	-1	-1	-1	165	
165	164	2191962ea7369944	5			yes					-1	-1	-1	-1	-1	
166	163	56d1e08cd82bab99	3			yes					-1	-1	-1	
167	149	c8c8a7817d6aaf9f	4			yes					-1	-1	-1	-1	
168	149	95e9e50c3ac9737d	4			yes					-1	-1	-1	-1	
169	0	32e374b46369fae0	5			yes					-1	-1	170	200	208	
170	169	4138091fbf280c8f	5			yes					171	181	190	193	199	
171	170	75478376af95e55c	4			yes					172	174	175	178	
172	171	d46ed03ed6ab467e	4			yes					-1	173	-1	-1	
173	172	254b0458ca4411cd	3			yes					-1	-1	-1	
174	171	22e44d9f32c08509	4			yes					-1	-1	-1	-1	
175	171	7c8e7838fe7f4a8b	5			yes					-1	176	177	-1	-1	
176	175	2884edbf3c7c7741	4			yes					-1	-1	-1	-1	
177	175	8dabac5ee2901d38	4			yes					-1	-1	-1	-1	
178	171	b76eeba50e58e8d5	5			yes					-1	179	180	-1	-1	
179	178	e3647e22cc5bd51f	4			yes					-1	-1	-1	-1	
180	178	464b3fc312b7bf66	4			yes					-1	-1	-1	-1	
181	170	ada3e1935e0b821e	4			yes					-1	182	183	187	
182	181	139c34f1c96e23da	4			yes					-1	-1	-1	-1	
183	181	d551f43a0351192f	5			yes					184	-1	185	-1	186	
184	183	4d1abcd49c3b83ea	4			yes					-1	-1	-1	-1	
185	183	2474205c1fbe4e9c	4			yes					-1	-1	-1	-1	
186	183	a2cbbba571770497	4			yes					-1	-1	-1	-1	
187	181	1eb167a7f376bb71	5			yes					188	-1	189	-1	-1	
188	187	86fa2f496c1c21b4	4			yes					-1	-1	-1	-1	
189	187	ef94b3c1ef99ecc2	4			yes					-1	-1	-1	-1	
190	170	3dcf77abf2e80347	4			yes					-1	-1	191	192	
191	190	74df58281e728b19	5			yes					-1	-1	-1	-1	-1	
192	190	d148905f11462af5	3			yes					-1	-1	-1	
193	170	4894fba55ff04138	4			yes					-1	-1	-1	194	
194	193	12e72624cf180262	5			yes					195	196	197	198	-1	
195	194	8aac6eca507298a7	4			yes					-1	-1	-1	-1	
196	194	7de46f953bf16d11	4			yes					-1	-1	-1	-1	
197	194	cdd1c3f397879830	4			yes					-1	-1	-1	-1	
198	194	262b9ec7d83e2215	4			yes					-1	-1	-1	-1	
199	170	adbfeeeb5c86253d	4			yes					-1	-1	-1	-1	
200	169	d590fc7ad2e95f32	4			yes					201	204	206	207	
201	200	e1ef7613c254b6e1	3			yes					202	203	-1	
202	201	8e49166cd849e9e8	4			yes					-1	-1	-1	-1	
203	201	e78bd94b2ea6fb5a	4			yes					-1	-1	-1	-1	
204	200	390b14f633cad1a3	3			yes					-1	205	-1	
205	204	f4e9e08f5c3e7634	4			yes					-1	-1	-1	-1	
206	200	229a75ec3ab15910	3			yes					-1	-1	-1	
207	200	2feeeb7319c66160	3			yes					-1	-1	-1	
208	169	72cfa9fe5e65bd82	5			yes					209	217	223	225	226	
209	208	46b023974ed85451	4			yes					210	212	214	216	
210	209	57838a6ced30bc45	5			yes					-1	-1	-1	-1	211	
211	210	f7257e7b52744db6	4			yes					-1	-1	-1	-1	
212	209	e6bebcc240f3527c	5			yes					-1	-1	-1	-1	213	
213	212	461848d5ffb7a38f	4			yes					-1	-1	-1	-1	
214	209	f0130f76c3d86e94	5			yes					-1	-1	-1	-1	215	
215	214	fcb1f41622aa022c	4			yes					-1	-1	-1	-1	
216	209	123d93a0e9a3c504	3			yes					-1	-1	-1	
217	208	9e544172bf463313	4			yes					-1	218	220	222	
218	217	0083099b5bae07a7	5			yes					-1	-1	-1	-1	219	
219	218	a025fd8ce4eaf654	4			yes					-1	-1	-1	-1	
220	217	59cc83743ef63d30	5			yes					-1	-1	-1	-1	221	
221	220	556e7814df845188	4			yes					-1	-1	-1	-1	
222	217	cad9f145183da246	3			yes					-1	-1	-1	
223	208	85c52068b63dbba0	4			yes					-1	-1	224	-1	
224	223	9be4a6dd00908dd0	5			yes					-1	-1	-1	-1	-1	
225	208	7b635b44bebdf035	4			yes					-1	-1	-1	-1	
226	208	264219c9f91e2cd7	4			yes					-1	-1	-1	-1	
227	0	1a69b0944a41295a	5			yes					-1	-1	-1	228	253	
228	227	ba15071d8e107469	5			yes					229	240	247	250	252	
229	228	8e6a8d749ead9dba	4			yes					230	234	238	239	
230	229	5c214a8f2313d665	5			yes					-1	231	232	233	-1	
231	230	e264cc5731bad4a5	4			yes					-1	-1	-1	-1	
232	230	68edf26c3435f612	4			yes					-1	-1	-1	-1	
233	230	901db408ded26304	4			yes					-1	-1	-1	-1	
234	229	66af865896133cb1	5			yes					-1	-1	235	236	-1	
235	234	b0eb876671a99550	4			yes					-1	-1	-1	-1	
236	234	36d4f5ff87a0c947	4			yes					-1	-1	-1	-1	
237	234	6bd57791cb0ae671	4			no					-1	-1	-1	-2	
238	229	52dddb44c1960318	3			yes					-1	-1	-1	
239	229	c0652b4eb01a8c67	5			yes					-1	-1	-1	-1	-1	
240	228	568eef916f33faf8	4			yes					-1	241	245	246	
241	240	84742b11e08a7d4b	5			yes					242	-1	243	244	-1	
242	241	1c3f63ff7fe0e78e	4			yes					-1	-1	-1	-1	
243	241	52302a2f0730d4aa	4			yes					-1	-1	-1	-1	
244	241	d40f58b6f13988bd	4			yes					-1	-1	-1	-1	
245	240	8a39b9a13008645a	3			yes					-1	-1	-1	
246	240	b213d371679ff91b	6			yes					-1	-1	-1	-1	-1	-1	
247	228	ba5b771bfb71fafb	4			yes					-1	-1	248	249	
248	247	66ec212ba44a6459	3			yes					-1	-1	-1	
249	247	fc725c63fcd5740c	6			yes					-1	-1	-1	-1	-1	-1	
250	228	66a2512dd12beacb	4			yes					-1	-1	-1	251	
251	250	d8aa12e384ffe9d0	3			yes					-1	-1	-1	
252	228	041d44d3dbc47772	4			yes					-1	-1	-1	-1	
253	227	b113a9d415de7bf3	5			yes					254	266	273	276	278	
254	253	856c23bd05639220	4			yes					255	262	-1	264	
255	254	e9d0743c88a1052c	6			yes					-1	256	258	-1	259	260	
256	255	5795f2e49a0807ec	5			yes					-1	-1	-1	-1	257	
257	256	f73306f3254cf61f	4			yes					-1	-1	-1	-1	
258	255	dd1cccdf9f87255b	5			yes					-1	-1	-1	-1	-1	
259	255	805680bf18cff96a	5			yes					-1	-1	-1	-1	-1	
260	255	4976802b37e5f4df	5			yes					-1	-1	-1	-1	-1	
261	260	7dba38c820c3d4a8	4			no					-1	-2	-2	-2	
262	254	b1685547dfb2cf6e	5			yes					-1	-1	-1	-1	263	
263	262	11cea15060f63e9d	4			yes					-1	-1	-1	-1	
264	254	d1e1938aa2180375	3			yes					-1	265	-1	
265	264	5dc2fef0abad4a15	4			yes					-1	-1	-1	-1	
266	253	5d884158f4fdf562	4			yes					-1	267	271	272	
267	266	53b3f80ea92b8e94	5			yes					268	-1	-1	-1	270	
268	267	cbf8b0e036411451	4			yes					-1	-1	-1	269	
269	268	6b5e44f78905e5a2	3			yes					-1	-1	-1	
270	267	f3150c19166f7f67	4			yes					-1	-1	-1	-1	
271	266	830a5020e6e9a970	5			yes					-1	-1	-1	-1	-1	
272	266	0905f16f53866437	3			yes					-1	-1	-1	
273	253	b15dd9d260bff561	4			yes					-1	-1	-1	275	
274	273	5e8850cedbafd93b	5			yes					-1	-1	-1	-1	-1	
275	273	e5d069e5c7c46434	3			yes					-1	-1	-1	
276	253	8c27a2d423847885	4			yes					277	-1	-1	-1	
277	276	13fa50467dbd8e6e	5			yes					-1	-1	-1	-1	-1	
278	253	e59e19e3b2a5eaa6	4			yes					-1	-1	-1	-1	
279	0	edb8666776661617	5			yes					-1	-1	-1	-1	280	
280	279	4b85fccca4d6238c	6			yes					281	296	306	313	316	318	
281	280	7ffa76a5b46bca5f	5			yes					282	286	290	292	294	
282	281	93619e29554844ce	4			yes					283	284	-1	285	
283	282	923d1f35d36404ff	5			yes					-1	-1	-1	-1	-1	
284	282	bc4268a6adf3024b	5			yes					-1	-1	-1	-1	-1	
285	282	6da6a58606b66c65	6			yes					-1	-1	-1	-1	-1	-1	
286	281	7fb406a3c10a44cd	4			yes					-1	287	-1	288	
287	286	07a0e57970560606	5			yes					-1	-1	-1	-1	-1	
288	286	f0e3faa62970cf40	6			yes					-1	-1	-1	-1	-1	289	
289	288	8f003b6258fe4d74	5			yes					-1	-1	-1	-1	-1	
290	281	b304692ca19bc774	5			yes					-1	-1	-1	-1	291	
291	290	bfa6924c40e9abcc	4			yes					-1	-1	-1	-1	
292	281	03f17e49f6f377a5	4			yes					-1	-1	-1	293	
293	292	2fed9d0a76a0d8e7	3			yes					-1	-1	-1	
294	281	53e695e63438651d	4			yes					-1	-1	295	-1	
295	294	a2f2ee3dd20c3c72	5			yes					-1	-1	-1	-1	-1	
296	280	a71e144045f5ad1d	5			yes					-1	297	300	302	304	
297	296	a75064463094238f	4			yes					-1	298	-1	299	
298	297	b772068973cb72e2	5			yes					-1	-1	-1	-1	-1	
299	297	fd3bd2d5fd68c21f	6			yes					-1	-1	-1	-1	-1	-1	
300	296	c5298f1a65e73793	6			yes					-1	-1	-1	-1	-1	301	
301	300	658f7b0ddaa3c660	5			yes					-1	-1	-1	-1	-1	
302	296	db151cac076d10e7	4			yes					-1	-1	-1	303	
303	302	f709ffef873ebfa5	3			yes					-1	-1	-1	
304	296	8b02f703c5a6025f	4			yes					-1	-1	305	-1	
305	304	1a6cbac9ab2d4454	6			yes					-1	-1	-1	-1	-1	-1	
306	280	4bcb8ccad1b7ad1e	5			yes					-1	-1	307	309	311	
307	306	0d21067f5b4b307d	6			yes					-1	-1	-1	-1	-1	308	
308	307	ad87f268e40fc18e	5			yes					-1	-1	-1	-1	-1	
309	306	37c08426932f10e4	4			yes					-1	-1	-1	310	
310	309	1bdc6765137cbfa6	3			yes					-1	-1	-1	
311	306	67d76f8951e4025c	4			yes					-1	-1	312	-1	
312	311	d26433ac958143ba	6			yes					-1	-1	-1	-1	-1	-1	
313	280	88bdf94c4634fb68	5			yes					-1	-1	-1	314	315	
314	313	f4b6f1a004ac4692	4			yes					-1	-1	-1	-1	
315	313	a4a11a0fc667542a	4			yes					-1	-1	-1	-1	
316	280	378ef420e64e9e76	5			yes					-1	-1	-1	-1	317	
317	316	1b921763661d3134	4			yes					-1	-1	-1	-1	
318	280	67991f8f24858cce	5			yes					-1	-1	-1	-1	-1	
319	0	1ac2b7fbd9ea0a77	5			yes					-1	-1	-1	-1	-1	
