Number of nodes
309
ID	PID	Hash_Value			File_Number	Fully_Enumerated	Children
0	-1	0b3d24b6d57b4d70	6			yes					1	105	179	234	273	308	
1	0	e7cf8350977a72e7	5			yes					2	40	60	75	83	
2	1	dc37b894ea3c0f5d	5			yes					3	11	23	32	39	
3	2	3ea9243e87640214	4			yes					4	5	6	7	
4	3	ecf2b9f90b156e8e	4			yes					-1	-1	-1	-1	
5	3	48f5358c68c6edd6	4			yes					-1	-1	-1	-1	
6	3	f825eaf48180288f	4			yes					-1	-1	-1	-1	
7	3	bd7dc646bbd5590f	3			yes					8	9	10	
8	7	fbd9a9bc1ddf9c17	4			yes					-1	-1	-1	-1	
9	7	ac440fda2b53210e	4			yes					-1	-1	-1	-1	
10	7	5a5b3e0937734883	5			yes					-1	-1	-1	-1	-1	
11	2	47402095a18da752	4			yes					-1	12	16	20	
12	11	128f056e06b7a698	5			yes					13	14	-1	-1	15	
13	12	80e14f19939ae198	4			yes					-1	-1	-1	-1	
14	12	f2166a0da5d022cb	4			yes					-1	-1	-1	-1	
15	12	6f15b314f56b1290	4			yes					-1	-1	-1	-1	
16	11	3f177b080ebb472f	5			yes					17	18	-1	-1	19	
17	16	ad79317f9b96002f	4			yes					-1	-1	-1	-1	
18	16	df8e146baddcc37c	4			yes					-1	-1	-1	-1	
19	16	428dcd72fd67f327	4			yes					-1	-1	-1	-1	
20	11	22bb9c397d40d09e	5			yes					21	22	-1	-1	-1	
21	20	b0d5d64ee86d979e	4			yes					-1	-1	-1	-1	
22	20	c222f35ade2754cd	4			yes					-1	-1	-1	-1	
23	2	c6ae9c2435ef846a	4			yes					-1	-1	24	28	
24	23	5e821be238c06cb9	5			yes					25	26	27	-1	-1	
25	24	ccec5195aded2bb9	4			yes					-1	-1	-1	-1	
26	24	be1b74819ba7e8ea	4			yes					-1	-1	-1	-1	
27	24	468e97958dfc4be1	4			yes					-1	-1	-1	-1	
28	23	bf3669124077d514	5			yes					29	30	31	-1	-1	
29	28	2d582365d55a9214	4			yes					-1	-1	-1	-1	
30	28	5faf0671e3105147	4			yes					-1	-1	-1	-1	
31	28	a73ae565f54bf24c	4			yes					-1	-1	-1	-1	
32	2	e0a4c263c58b756a	4			yes					-1	-1	-1	33	
33	32	492958c15c57bc99	6			yes					34	35	36	37	-1	38	
34	33	db4712b6c97afb99	5			yes					-1	-1	-1	-1	-1	
35	33	a9b037a2ff3038ca	5			yes					-1	-1	-1	-1	-1	
36	33	5125d4b6e96b9bc1	5			yes					-1	-1	-1	-1	-1	
37	33	06ccf1a00de1b59c	5			yes					-1	-1	-1	-1	-1	
38	33	49a0f8e1781b1403	5			yes					-1	-1	-1	-1	-1	
39	2	5fe35aecd68d5446	4			yes					-1	-1	-1	-1	
40	1	d9c70bc495a0f986	4			yes					41	45	49	57	
41	40	302681e4077cc58f	5			yes					-1	42	43	-1	44	
42	41	26af630207698382	4			yes					-1	-1	-1	-1	
43	41	7fc3288556cacc8a	4			yes					-1	-1	-1	-1	
44	41	4dbc379ef4a07187	4			yes					-1	-1	-1	-1	
45	40	13e76f7f9a559b21	5			yes					46	47	-1	-1	48	
46	45	818925080f78dc21	4			yes					-1	-1	-1	-1	
47	45	22e18eb3b4ee55fd	4			yes					-1	-1	-1	-1	
48	45	6e7dd90569892f29	4			yes					-1	-1	-1	-1	
49	40	e5547133ba1783b1	3			yes					50	51	52	
50	49	95e5e6842da9e77e	4			yes					-1	-1	-1	-1	
51	49	9fdf6e7ea3d14fce	4			yes					-1	-1	-1	-1	
52	49	51f58efdefa1a1ec	6			yes					53	-1	-1	-1	-1	56	
53	52	c39bc48a7a8ce6ec	5			yes					-1	-1	-1	-1	-1	
54	52	60f36f31c11a6f30	5			no					-1	-1	-1	-1	-2	
55	52	1e10279cbe17a8e9	5			no					-1	-2	-1	-1	-2	
56	52	517c2eddcbed0976	5			yes					-1	-1	-1	-1	-1	
57	40	5a13e9bca911a29d	3			yes					58	59	-1	
58	57	99dbb7c745a5012e	5			yes					-1	-1	-1	-1	-1	
59	57	ba1a595cd88c5f80	5			yes					-1	-1	-1	-1	-1	
60	1	9e26f91402679ba9	4			yes					61	65	71	73	
61	60	96e9f282d299bef9	5			yes					-1	62	63	-1	64	
62	61	eda01c147ea53705	4			yes					-1	-1	-1	-1	
63	61	120324f5fae3037b	4			yes					-1	-1	-1	-1	
64	61	eb7344f821450af1	4			yes					-1	-1	-1	-1	
65	60	0551611549d633a6	3			yes					66	67	68	
66	65	6d046149dd779e23	4			yes					-1	-1	-1	-1	
67	65	2b2745cb5871add3	4			yes					-1	-1	-1	-1	
68	65	6735005d71033df1	5			yes					69	70	-1	-1	-1	
69	68	f55b4a2ae42e7af1	4			yes					-1	-1	-1	-1	
70	68	5633e1915fb8f32d	4			yes					-1	-1	-1	-1	
71	60	223d446e086060db	3			yes					-1	-1	72	
72	71	ac20924e8527df51	5			yes					-1	-1	-1	-1	-1	
73	60	1df21b6c3ed6c0b2	3			yes					74	-1	-1	
74	73	3f14c4a190407a58	5			yes					-1	-1	-1	-1	-1	
75	1	31eb3e3a5e76e829	4			yes					76	79	81	82	
76	75	0b75002d21167be6	3			yes					77	78	-1	
77	76	6ba0c2c895d0da4b	5			yes					-1	-1	-1	-1	-1	
78	76	a1f38e2c2781b5f8	5			yes					-1	-1	-1	-1	-1	
79	75	aa9ca63b15c74026	3			yes					-1	80	-1	
80	79	5661637c3415be3a	5			yes					-1	-1	-1	-1	-1	
81	75	2b721a8a81a5631e	3			yes					-1	-1	-1	
82	75	bb7082a6eb02b0f7	3			yes					-1	-1	-1	
83	1	af08d891e7f88918	5			yes					84	88	97	102	104	
84	83	9596e68698981ad7	4			yes					85	86	-1	-1	
85	84	3f632535d01719f4	4			yes					-1	-1	-1	-1	
86	84	66ba94be444e8f8b	5			yes					-1	-1	-1	-1	87	
87	86	abd5f418de4b6e9b	4			yes					-1	-1	-1	-1	
88	83	347f4090ac492117	4			yes					-1	89	93	94	
89	88	a353ef7f0e3ec707	5			yes					90	91	-1	-1	92	
90	89	313da5089b138007	4			yes					-1	-1	-1	-1	
91	89	92550eb3208509db	4			yes					-1	-1	-1	-1	
92	89	be8a3dbb78b7581f	4			yes					-1	-1	-1	-1	
93	88	8ecb9119063226b0	5			yes					-1	-1	-1	-1	-1	
94	88	1c9460508f0462cf	3			yes					-1	95	96	
95	94	6aedbde2c9b228b6	5			yes					-1	-1	-1	-1	-1	
96	94	4775c384c1bec901	5			yes					-1	-1	-1	-1	-1	
97	83	b591fc21382b022f	4			yes					-1	-1	98	100	
98	97	76e6b6808cb0bc5e	6			yes					-1	-1	-1	-1	-1	99	
99	98	bb89d62616b55d4e	5			yes					-1	-1	-1	-1	-1	
100	97	9d7adce11b6641f7	3			yes					-1	-1	101	
101	100	663ab44e8fecfe21	5			yes					-1	-1	-1	-1	-1	
102	83	939ba266c84ff32f	4			yes					-1	-1	-1	-1	
103	102	862846567b00bd2e	5			no					-1	-2	-2	-1	-2	
104	83	87e3f851c4b5cac0	4			yes					-1	-1	-1	-1	
105	0	d8462d3d4b422594	5			yes					-1	106	134	148	158	
106	105	8fb1dd9c0c14a09e	5			yes					107	118	121	130	133	
107	106	e25764aaa196442b	4			yes					108	109	113	115	
108	107	d5ff9aaadb30e02b	4			yes					-1	-1	-1	-1	
109	107	4da62a421e9e3669	5			yes					-1	110	111	-1	112	
110	109	1cb7cef93ea4b850	4			yes					-1	-1	-1	-1	
111	109	5570d8b20ec6dd4d	4			yes					-1	-1	-1	-1	
112	109	303c9c38ed428261	4			yes					-1	-1	-1	-1	
113	107	bd8e729a2a1c659f	4			yes					-1	114	-1	-1	
114	113	ec9f96210a26eba6	3			yes					-1	-1	-1	
115	107	2604a7e1ea395c84	5			yes					-1	116	117	-1	-1	
116	115	7715435aca03d2bd	4			yes					-1	-1	-1	-1	
117	115	d4556af2caa8d169	4			yes					-1	-1	-1	-1	
118	106	c838050961574eae	4			yes					-1	119	-1	120	
119	118	e8ead7aa937037fd	4			yes					-1	-1	-1	-1	
120	118	4bece7715de615b5	3			yes					-1	-1	-1	
121	106	9528f92cd3c72ba9	4			yes					-1	-1	122	126	
122	121	225b28b73e06533d	5			yes					123	124	125	-1	-1	
123	122	05af090693c77c43	4			yes					-1	-1	-1	-1	
124	122	c2c247d49d61d76e	4			yes					-1	-1	-1	-1	
125	122	f314fc53b510239f	4			yes					-1	-1	-1	-1	
126	121	c3ef5a4746b1ea90	5			yes					127	128	129	-1	-1	
127	126	e41b7bf6eb70c5ee	4			yes					-1	-1	-1	-1	
128	126	23763524e5d66ec3	4			yes					-1	-1	-1	-1	
129	126	12a08ea3cda79a32	4			yes					-1	-1	-1	-1	
130	106	b322a76b23a3daa9	4			yes					-1	-1	-1	131	
131	130	35f06b945a91831d	6			yes					-1	-1	-1	-1	-1	132	
132	131	3579cbb47edd2b87	5			yes					-1	-1	-1	-1	-1	
133	106	0c653fe430a5fb85	4			yes					-1	-1	-1	-1	
134	105	a30fffa5b78d1bef	4			yes					135	141	144	146	
135	134	cee946931a0fff5a	3			yes					136	137	138	
136	135	1fd603382f588fc2	4			yes					-1	-1	-1	-1	
137	135	ad4d9bf56ddb1666	4			yes					-1	-1	-1	-1	
138	135	8f983eaff3cf1843	5			yes					-1	139	-1	-1	140	
139	138	33501b3c31378065	4			yes					-1	-1	-1	-1	
140	138	5bffbef642ca68ea	4			yes					-1	-1	-1	-1	
141	134	5e72e1b7945b4e8d	5			yes					142	-1	-1	-1	143	
142	141	7986c006399a61f3	4			yes					-1	-1	-1	-1	
143	141	23e857cd6787fa85	4			yes					-1	-1	-1	-1	
144	134	1f1442dfbd8ae09d	3			yes					-1	-1	145	
145	144	c82577273017fda0	5			yes					-1	-1	-1	-1	-1	
146	134	20db1ddd8b3c40f4	3			yes					-1	147	-1	
147	146	f78fd794d6828a2c	5			yes					-1	-1	-1	-1	-1	
148	105	0cc2388beb9c686f	4			yes					149	154	156	157	
149	148	612481bd461e8cda	3			yes					150	151	-1	
150	149	e67ab03cbc486155	5			yes					-1	-1	-1	-1	-1	
151	149	8882e6cc231f40bb	5			yes					-1	-1	-1	152	153	
152	151	0b4624efce50107b	4			yes					-1	-1	-1	-1	
153	151	f51850b6d0c3f4b3	4			yes					-1	-1	-1	-1	
154	148	fde4211ac725375c	3			yes					-1	155	-1	
155	154	8f779334692f8015	5			yes					-1	-1	-1	-1	-1	
156	148	165b1c3b344fe358	3			yes					-1	-1	-1	
157	148	865984175ee830b1	3			yes					-1	-1	-1	
158	105	9221de205212095e	5			yes					159	169	172	177	178	
159	158	ffc76716ff90edeb	4			yes					160	161	163	165	
160	159	52bfb1e23e76c0c9	4			yes					-1	-1	-1	-1	
161	159	9e24076e023b1752	5			yes					-1	-1	-1	-1	162	
162	161	534b67c8983ef642	4			yes					-1	-1	-1	-1	
163	159	5369badcd4756bcf	5			yes					-1	-1	-1	-1	164	
164	163	9e06da7a4e708adf	4			yes					-1	-1	-1	-1	
165	159	d72c47d6dcddae33	3			yes					-1	166	168	
166	165	ac6b41ec5b2ed7df	5			yes					-1	-1	-1	-1	167	
167	166	ace2e1cc7f627f45	4			yes					-1	-1	-1	-1	
168	165	8f1ac28398069e62	5			yes					-1	-1	-1	-1	-1	
169	158	6307c7b17eab566d	4			yes					-1	170	-1	-1	
170	169	9217bb2c2eac6bff	5			yes					-1	-1	-1	-1	171	
171	170	5f78db8ab4a98aef	4			yes					-1	-1	-1	-1	
172	158	88b8fa908dc18269	4			yes					-1	-1	173	175	
173	172	12e353e939809eaf	6			yes					-1	-1	-1	-1	-1	174	
174	173	df8c334fa3857fbf	5			yes					-1	-1	-1	-1	-1	
175	172	a053da50ae8cc1b1	3			yes					-1	-1	176	
176	175	023f51273adcdcd0	5			yes					-1	-1	-1	-1	-1	
177	158	aeb2a4d77da57369	4			yes					-1	-1	-1	-1	
178	158	bacafee0715f4a86	4			yes					-1	-1	-1	-1	
179	0	28d925ad72352c1d	5			yes					-1	-1	180	205	211	
180	179	97c9419ef9caeb77	5			yes					181	193	199	201	204	
181	180	fa2ff8a854480fc2	4			yes					182	186	187	190	
182	181	4e8939284242feff	5			yes					-1	183	184	-1	185	
183	182	f9bd37bc95631b5d	4			yes					-1	-1	-1	-1	
184	182	ca63ef5f6a38437d	4			yes					-1	-1	-1	-1	
185	182	33138f52b19e4af7	4			yes					-1	-1	-1	-1	
186	181	477a1be5fd232f81	4			yes					-1	-1	-1	-1	
187	181	2a0a39d94b75d6c7	5			yes					-1	-1	-1	-1	-1	
188	187	bbbcb21a78c219b4	4			no					-1	-2	-2	-2	
189	187	559e06bc702be760	4			no					-1	-2	-2	-2	
190	181	ecc7332e4c498a26	5			yes					-1	191	192	-1	-1	
191	190	7d71b8ed7ffe4555	4			yes					-1	-1	-1	-1	
192	190	93530c4b7717bb81	4			yes					-1	-1	-1	-1	
193	180	16703f4e31db2853	4			yes					-1	194	195	196	
194	193	7b9e3856ebaf388e	4			yes					-1	-1	-1	-1	
195	193	ecf81e09c1f655cd	5			yes					-1	-1	-1	-1	-1	
196	193	2a3514fec6ca092c	5			yes					197	-1	198	-1	-1	
197	196	0dc1354f6b0b2652	4			yes					-1	-1	-1	-1	
198	196	55a12b9bfd94388b	4			yes					-1	-1	-1	-1	
199	180	53185f69769506bd	4			yes					-1	-1	-1	200	
200	199	d0ccbd114a245da6	3			yes					-1	-1	-1	
201	180	ab5a3b69d67d9140	4			yes					-1	-1	-1	202	
202	201	2f609a2dae817d15	6			yes					-1	-1	-1	-1	-1	203	
203	202	2fe93a0d8acdd58f	5			yes					-1	-1	-1	-1	-1	
204	180	141da3e6c57bb06c	4			yes					-1	-1	-1	-1	
205	179	3adad6262921342a	4			yes					206	208	209	210	
206	205	573c6f1084a3d09f	3			yes					207	-1	-1	
207	206	a2082748441540bc	5			yes					-1	-1	-1	-1	-1	
208	205	bb63a8f6e130f70e	3			yes					-1	-1	-1	
209	205	66c47b7ad0e77f4f	3			yes					-1	-1	-1	
210	205	b0416aba9c556cf4	3			yes					-1	-1	-1	
211	179	a439308d90af551b	5			yes					212	224	231	232	233	
212	211	c9df89bb3d2db1ae	4			yes					213	217	219	221	
213	212	e5c52280bedb6168	5			yes					-1	214	215	-1	216	
214	213	52f12c1469fa84ca	4			yes					-1	-1	-1	-1	
215	213	aa208be1ef6d686d	4			yes					-1	-1	-1	-1	
216	213	f81cf044c852fe70	4			yes					-1	-1	-1	-1	
217	212	bdaef4d5490a42dd	5			yes					-1	-1	-1	-1	218	
218	217	70c19473d30fa3cd	4			yes					-1	-1	-1	-1	
219	212	28b19fb08bf55de4	5			yes					-1	-1	-1	-1	220	
220	219	e5deff1611f0bcf4	4			yes					-1	-1	-1	-1	
221	212	e134a97b1e60f276	3			yes					222	-1	223	
222	221	2c7b701d79578ed9	5			yes					-1	-1	-1	-1	-1	
223	221	71c55a58a266a45c	5			yes					-1	-1	-1	-1	-1	
224	211	25804e5d58be963f	4			yes					-1	225	227	229	
225	224	b6b9708cb0be8db7	5			yes					-1	-1	-1	-1	226	
226	225	7bd6102a2abb6ca7	4			yes					-1	-1	-1	-1	
227	224	ee43b8600176deee	5			yes					-1	-1	-1	-1	228	
228	227	232cd8c69b733ffe	4			yes					-1	-1	-1	-1	
229	224	0d6b6e9d7bf3d5e7	3			yes					-1	-1	230	
230	229	b7377d8828e52756	5			yes					-1	-1	-1	-1	-1	
231	211	f8279dd169691e7e	4			yes					-1	-1	-1	-1	
232	211	98aa4a7abf182f2c	4			yes					-1	-1	-1	-1	
233	211	8cd2104db3e216c3	4			yes					-1	-1	-1	-1	
234	0	e3a3af80af30b86d	5			yes					-1	-1	-1	235	251	
235	234	fbbf8084e5296e64	5			yes					236	242	246	248	249	
236	235	965939b248ab8ad1	4			yes					237	238	-1	241	
237	236	36ec1f7a75fdf088	5			yes					-1	-1	-1	-1	-1	
238	236	3684841f00877c3d	5			yes					-1	-1	-1	-1	240	
239	238	b540463cedc82cfd	4			no					-1	-1	-2	-2	
240	238	4b1e3265f35bc835	4			yes					-1	-1	-1	-1	
241	236	1f151b3ca55af20c	5			yes					-1	-1	-1	-1	-1	
242	235	7a06fe542d38ad40	4			yes					-1	243	-1	244	
243	242	edb71b87c0a6c163	5			yes					-1	-1	-1	-1	-1	
244	242	83381ea54a4bbb4d	6			yes					-1	-1	-1	-1	-1	245	
245	244	18032d01e813e28d	5			yes					-1	-1	-1	-1	-1	
246	235	60c81885ae98c66b	4			yes					-1	-1	-1	247	
247	246	980a9685d4d32ca9	6			yes					-1	-1	-1	-1	-1	-1	
248	235	884ba6ad68333f70	4			yes					-1	-1	-1	-1	
249	235	04dc79cea338de8a	4			yes					-1	-1	-1	250	
250	249	77285fe72e228f9e	3			yes					-1	-1	-1	
251	234	e3d8c25d07683734	5			yes					252	262	269	271	272	
252	251	8e3e7b6baaead381	4			yes					253	257	-1	259	
253	252	71211ab28f33d15c	5			yes					-1	254	255	-1	256	
254	253	99fe53021036304d	4			yes					-1	-1	-1	-1	
255	253	f5cbccc5a7496cde	4			yes					-1	-1	-1	-1	
256	253	6cf8c876f9ba4e44	4			yes					-1	-1	-1	-1	
257	252	29f42c5fc9599608	5			yes					-1	-1	-1	-1	258	
258	257	e49b4cf9535c7718	4			yes					-1	-1	-1	-1	
259	252	a6d55bab89a79059	3			yes					260	261	-1	
260	259	b89f482f48bf3eed	5			yes					-1	-1	-1	-1	-1	
261	259	f6121795921497ad	4			yes					-1	-1	-1	-1	
262	251	6261bc8dcf79f410	4			yes					-1	263	-1	267	
263	262	aa7a1e4f3a68e0b7	5			yes					264	-1	265	-1	266	
264	263	8d8e3ffe97a9cfc9	4			yes					-1	-1	-1	-1	
265	263	47e733792ed3bc22	4			yes					-1	-1	-1	-1	
266	263	b7a3cc8b4ce17faf	4			yes					-1	-1	-1	-1	
267	262	4a8a9c4dec34b7c8	3			yes					-1	268	-1	
268	267	63c44cd2fde40f06	5			yes					-1	-1	-1	-1	-1	
269	251	78af5a5c4cd99f3b	4			yes					-1	-1	-1	270	
270	269	50447a9c6f94dce3	3			yes					-1	-1	-1	
271	251	5fc37f270d6fcc46	4			yes					-1	-1	-1	-1	
272	251	cb33e29d242574ec	4			yes					-1	-1	-1	-1	
273	0	89c688e7c7df45cb	5			yes					-1	-1	-1	-1	274	
274	273	e7196ceb7f0d1bb3	6			yes					275	286	295	302	305	307	
275	274	8affd5ddd28fff06	5			yes					276	278	279	280	282	
276	275	23bc55233054e827	6			yes					-1	-1	-1	-1	-1	277	
277	276	eed33585aa510937	5			yes					-1	-1	-1	-1	-1	
278	275	1dc90dbdf53fffda	5			yes					-1	-1	-1	-1	-1	
279	275	a1d0aec7fba408f8	5			yes					-1	-1	-1	-1	-1	
280	275	1d5f34b8bf3d1753	4			yes					-1	-1	-1	281	
281	280	0057c2615c73e01c	3			yes					-1	-1	-1	
282	275	97f7230431c10849	4			yes					283	284	285	-1	
283	282	33c5add1e5b87d32	6			yes					-1	-1	-1	-1	-1	-1	
284	282	185cfb023635f960	5			yes					-1	-1	-1	-1	-1	
285	282	a445587838ae0e42	5			yes					-1	-1	-1	-1	-1	
286	274	66a0123bb71cd897	5			yes					-1	287	289	290	292	
287	286	be9e9641d6840818	6			yes					-1	-1	-1	-1	-1	288	
288	287	73f1f6e74c81e908	5			yes					-1	-1	-1	-1	-1	
289	286	170d18370ae8f506	5			yes					-1	-1	-1	-1	-1	
290	286	f100f35edaae30c2	4			yes					-1	-1	-1	291	
291	290	ec08058739e0c78d	3			yes					-1	-1	-1	
292	286	7ba8e4e254522fd8	4			yes					-1	293	294	-1	
293	292	aee76eb303689d0d	6			yes					-1	-1	-1	-1	-1	-1	
294	292	1298ee88c9e2f3bc	5			yes					-1	-1	-1	-1	-1	
295	274	7c6ef4ea34bcb3bc	5			yes					-1	-1	296	298	300	
296	295	3da43df5309c7a6c	6			yes					-1	-1	-1	-1	-1	297	
297	296	f0cb5d53aa999b7c	5			yes					-1	-1	-1	-1	-1	
298	295	ebce158f590e5be9	4			yes					-1	-1	-1	299	
299	298	f6c6e356ba40aca6	3			yes					-1	-1	-1	
300	295	61660233d7f244f3	4			yes					-1	-1	301	-1	
301	300	2dddc507e570ef79	6			yes					-1	-1	-1	-1	-1	-1	
302	274	fd80485ba0de9084	5			yes					-1	-1	-1	303	304	
303	302	6a20a93ecd6c78d1	4			yes					-1	-1	-1	-1	
304	302	e088be82439067cb	4			yes					-1	-1	-1	-1	
305	274	70b98d8e12bff3e6	5			yes					-1	-1	-1	-1	306	
306	305	6db17b57f1f104a9	4			yes					-1	-1	-1	-1	
307	274	fa119a329c43ecfc	5			yes					-1	-1	-1	-1	-1	
308	0	760888111399cbb8	5			yes					-1	-1	-1	-1	-1	
