Number of nodes
412
ID	PID	Hash_Value			File_Number	Fully_Enumerated	Children
0	-1	37f3ac00944ec7e3	6			yes					1	53	95	132	171	306	
1	0	9a9b54851e03ae09	5			yes					2	17	38	48	52	
2	1	1d7786fd64780194	4			yes					3	6	8	12	
3	2	7a9d2079043c7734	4			yes					-1	-1	4	5	
4	3	1eaa070ef66505ea	3			yes					-1	-1	-1	
5	3	79ef9adc18576bbf	3			yes					-1	-1	-1	
6	2	8bdcd7b3d8a0feab	4			yes					-1	7	-1	-1	
7	6	721d3d5bb03c0bb0	3			yes					-1	-1	-1	
8	2	5edc503cdb3837c5	5			yes					-1	9	10	-1	11	
9	8	a71dbad4b3a4c2de	4			yes					-1	-1	-1	-1	
10	8	bbfb73a052874faf	4			yes					-1	-1	-1	-1	
11	8	5b23d073e7994dbb	4			yes					-1	-1	-1	-1	
12	2	7298b7589ecc04c0	5			yes					-1	13	14	15	16	
13	12	8b595db0f650f1db	4			yes					-1	-1	-1	-1	
14	12	97bf94c417737caa	4			yes					-1	-1	-1	-1	
15	12	60e7adbbcb42a4dc	4			yes					-1	-1	-1	-1	
16	12	22a367d729adea31	4			yes					-1	-1	-1	-1	
17	1	41f09ddd3a6307b0	4			yes					-1	18	29	36	
18	17	1cbed5e9a426e15e	3			yes					19	20	24	
19	18	58dcfb546bcf3d1a	4			yes					-1	-1	-1	-1	
20	18	39babd54b67403bd	5			yes					21	22	-1	-1	23	
21	20	e622a76dfad4fe59	4			yes					-1	-1	-1	-1	
22	20	d473d8635491c6dd	4			yes					-1	-1	-1	-1	
23	20	3c453d1b8ad579c3	4			yes					-1	-1	-1	-1	
24	18	15fe5a30f38030b8	5			yes					25	26	-1	27	28	
25	24	ca664009bf20cd5c	4			yes					-1	-1	-1	-1	
26	24	f8373f071165f5d8	4			yes					-1	-1	-1	-1	
27	24	078140d3a60e90a4	4			yes					-1	-1	-1	-1	
28	24	45c58abf44e1de49	4			yes					-1	-1	-1	-1	
29	17	ccf8760b6837e9cc	3			yes					30	-1	32	
30	29	3c7410a0d4cdf55d	4			yes					-1	-1	-1	31	
31	30	d34e7bb2ed375d23	3			yes					-1	-1	-1	
32	29	7e6241f4813baf7e	5			yes					33	34	-1	-1	35	
33	32	a1fa5bcdcd9b529a	4			yes					-1	-1	-1	-1	
34	32	93ab24c363de6a1e	4			yes					-1	-1	-1	-1	
35	32	940575fbd8f0c044	4			yes					-1	-1	-1	-1	
36	17	57aa719ab66aa70f	3			yes					37	-1	-1	
37	36	29d44a53af36854e	4			yes					-1	-1	-1	-1	
38	1	c7d51cb1804648e7	4			yes					-1	-1	39	46	
39	38	4addf767d212a69b	3			yes					40	-1	41	
40	39	a632b86206ebd234	4			yes					-1	-1	-1	-1	
41	39	ff655482a43b2174	5			yes					42	43	44	-1	45	
42	41	20fd4ebbe89bdc90	4			yes					-1	-1	-1	-1	
43	41	12ac31b546dee414	4			yes					-1	-1	-1	-1	
44	41	06a4be6acca7d46f	4			yes					-1	-1	-1	-1	
45	41	57313ffb74cbd787	4			yes					-1	-1	-1	-1	
46	38	d18ff0f60c4fe858	3			yes					47	-1	-1	
47	46	aa676cddb4391882	4			yes					-1	-1	-1	-1	
48	1	1793bf534c574075	4			yes					-1	-1	-1	49	
49	48	01c95314c05ee0ca	3			yes					50	-1	-1	
50	49	611add3509f7079a	5			yes					-1	-1	-1	-1	51	
51	50	5d3d33cd78588002	4			yes					-1	-1	-1	-1	
52	1	8cc1b8c2920a0eb6	4			yes					-1	-1	-1	-1	
53	0	b327e5c722a72275	5			yes					54	72	82	91	94	
54	53	0061d089e2dad32e	4			yes					55	59	66	70	
55	54	a3a665e7d82ff234	4			yes					-1	56	57	58	
56	55	06b5232f57cb07e6	3			yes					-1	-1	-1	
57	55	8064ee99af676b52	3			yes					-1	-1	-1	
58	55	a0d4df42c444eebf	3			yes					-1	-1	-1	
59	54	5d2f98bd7c9f35c0	3			yes					60	62	64	
60	59	997127f50a2815fa	4			yes					-1	-1	61	-1	
61	60	cb1dedab2ac769d4	3			yes					-1	-1	-1	
62	59	3341daf1e72e8838	4			yes					63	-1	-1	-1	
63	62	3470c9827d8477bb	3			yes					-1	-1	-1	
64	59	d4f5b180de915819	5			yes					-1	-1	-1	-1	65	
65	64	84b56a679814bc4c	4			yes					-1	-1	-1	-1	
66	54	8d693b5fb08e3d52	3			yes					67	-1	68	
67	66	f4d9dd5232e5366c	4			yes					-1	-1	-1	-1	
68	66	2437ac095ddaa707	5			yes					-1	-1	-1	-1	69	
69	68	181042f12c75209f	4			yes					-1	-1	-1	-1	
70	54	163b3cce6ed37391	3			yes					71	-1	-1	
71	70	f0ef0fcd7325004e	4			yes					-1	-1	-1	-1	
72	53	755a7aeb80655976	4			yes					-1	73	75	79	
73	72	507ff4ed866cca42	4			yes					74	-1	-1	-1	
74	73	ce0306cb3c1e8057	3			yes					-1	-1	-1	
75	72	857f736285f4032c	5			yes					-1	-1	77	-1	78	
76	75	1b0381443f864939	4			no					-1	-2	-1	-2	
77	75	605850fe0c4b7b46	4			yes					-1	-1	-1	-1	
78	75	8080f32db9557952	4			yes					-1	-1	-1	-1	
79	72	a93b9406c0003029	5			yes					80	-1	81	-1	-1	
80	79	374766207a727a3c	4			yes					-1	-1	-1	-1	
81	79	4c1cb79a49bf4843	4			yes					-1	-1	-1	-1	
82	53	ee69adf3bce2c49b	4			yes					-1	-1	83	89	
83	82	63614625eeb62ae7	3			yes					-1	84	85	
84	83	7d919b3c5827e6dd	4			yes					-1	-1	-1	-1	
85	83	96a41ec15dd3324e	5			yes					86	-1	88	-1	-1	
86	85	08d8ece7e7a1785b	4			yes					-1	-1	-1	-1	
87	85	5348d9aab00c53e5	4			no					-1	-2	-1	-1	
88	85	6f65f429354fc755	4			yes					-1	-1	-1	-1	
89	82	f83341b430eb6424	3			yes					-1	90	-1	
90	89	71c44f83eaf52c6b	4			yes					-1	-1	-1	-1	
91	53	3e2f0e1170f3cc09	4			yes					-1	-1	-1	92	
92	91	2875e256fcfa6cb6	3			yes					-1	93	-1	
93	92	bab9fe6b573b3373	5			yes					-1	-1	-1	-1	-1	
94	53	a57d0980aeae82ca	4			yes					-1	-1	-1	-1	
95	0	6025cfc99d48bb79	5			yes					96	114	123	128	131	
96	95	d363fa875d354a22	4			yes					97	105	107	112	
97	96	c1fa44f46e423d72	3			yes					-1	98	101	
98	97	ce9cf5fbf432d533	5			yes					-1	-1	99	-1	100	
99	98	2bbbd6677d8dad59	4			yes					-1	-1	-1	-1	
100	98	cb6375b4c893af4d	4			yes					-1	-1	-1	-1	
101	97	e2d8129fb1c6e636	5			yes					-1	-1	102	103	104	
102	101	07ff310338799e5c	4			yes					-1	-1	-1	-1	
103	101	f0a7087ce448462a	4			yes					-1	-1	-1	-1	
104	101	b2e3c21006a708c7	4			yes					-1	-1	-1	-1	
105	96	f29854744beb98ab	4			yes					-1	-1	-1	106	
106	105	f1eaeed157808420	3			yes					-1	-1	-1	
107	96	5e6b11510f61a45e	3			yes					-1	108	109	
108	107	8e0debf9bc287919	4			yes					-1	-1	-1	-1	
109	107	7ed3b8bdee148d03	5			yes					-1	110	-1	-1	111	
110	109	078ae5df36c0859e	4			yes					-1	-1	-1	-1	
111	109	94b48cb2b7dfe239	4			yes					-1	-1	-1	-1	
112	96	c53916c0d13cea9d	3			yes					-1	113	-1	
113	112	a1d13e5ee0e16ad1	4			yes					-1	-1	-1	-1	
114	95	72bc71baae3fcc29	4			yes					-1	115	117	121	
115	114	bc81213a2a00d1ee	4			yes					116	-1	-1	-1	
116	115	22fdd31c90729bfb	3			yes					-1	-1	-1	
117	114	ffb49a6cfc6b2255	3			yes					-1	118	119	
118	117	8d6395f5f5de2151	4			yes					-1	-1	-1	-1	
119	117	984f628754410097	5			yes					-1	-1	-1	-1	120	
120	119	722856880d8a6fad	4			yes					-1	-1	-1	-1	
121	114	64e69dfd22366c96	3			yes					-1	122	-1	
122	121	61bdf81c849eba44	4			yes					-1	-1	-1	-1	
123	95	3a8d8cac2d57c8c8	4			yes					-1	-1	124	126	
124	123	785e554b40a6b44c	5			yes					-1	-1	-1	-1	125	
125	124	7da1d5047c07ce32	4			yes					-1	-1	-1	-1	
126	123	541ab22f05528749	5			yes					-1	127	-1	-1	-1	
127	126	b9d3d718e7b74229	4			yes					-1	-1	-1	-1	
128	95	ed2d241fcf1c5505	4			yes					-1	-1	-1	129	
129	128	fb77c8584315f5ba	3			yes					-1	-1	130	
130	129	4798d84292698413	5			yes					-1	-1	-1	-1	-1	
131	95	767f238e11411bc6	4			yes					-1	-1	-1	-1	
132	0	c88c9fa13b980be9	5			yes					133	148	161	168	170	
133	132	7bcaaaeffbe5fab2	4			yes					134	142	145	146	
134	133	6953149cc8928de2	3			yes					135	137	138	
135	134	f875bea3729e183c	4			yes					-1	136	-1	-1	
136	135	c5f596e122190da3	3			yes					-1	-1	-1	
137	134	ac873f2146fe5748	4			yes					-1	-1	-1	-1	
138	134	2f0ffd42791e15db	5			yes					-1	139	-1	140	141	
139	138	d6ce17aa1182e0c0	4			yes					-1	-1	-1	-1	
140	138	3d70e7a12c90b5c7	4			yes					-1	-1	-1	-1	
141	138	7f342dcdce7ffb2a	4			yes					-1	-1	-1	-1	
142	133	a0a163b7df85530b	3			yes					-1	143	144	
143	142	dc1c03216b53830d	4			yes					-1	-1	-1	-1	
144	142	c7ec89ba69519f57	4			yes					-1	-1	-1	-1	
145	133	b0c68d76545429ad	4			yes					-1	-1	-1	-1	
146	133	6d9046a877ec5a0d	3			yes					-1	-1	147	
147	146	fd13dad50e66ef24	4			yes					-1	-1	-1	-1	
148	132	da1521d208ef7cb9	4			yes					-1	149	155	158	
149	148	017ee88a2c8fd500	3			yes					-1	150	151	
150	149	77241c7f183263a1	4			yes					-1	-1	-1	-1	
151	149	f4acde1c27d22132	5			yes					152	-1	-1	153	154	
152	151	6ad02c3a9da06b27	4			yes					-1	-1	-1	-1	
153	151	e6d3c4ff725c812e	4			yes					-1	-1	-1	-1	
154	151	a4970e9390b3cfc3	4			yes					-1	-1	-1	-1	
155	148	91e9a2a3f21ae349	5			yes					-1	-1	-1	-1	157	
156	155	0f9550854868a95c	4			no					-1	-1	-1	-2	
157	155	51d26ffff121c844	4			yes					-1	-1	-1	-1	
158	148	cc4fcd9584e6dc06	3			yes					-1	-1	159	
159	158	02de0f4cf91ad791	5			yes					-1	-1	-1	-1	160	
160	159	529ed4abbf9f33c4	4			yes					-1	-1	-1	-1	
161	132	13e756f91ff8a250	4			yes					-1	-1	162	166	
162	161	730fdb225e69a6c4	5			yes					163	164	-1	-1	165	
163	162	ed732904e41becd1	4			yes					-1	-1	-1	-1	
164	162	9ec6be15bc8c63a4	4			yes					-1	-1	-1	-1	
165	162	82fb015e30ddd2d5	4			yes					-1	-1	-1	-1	
166	161	05bdbabe93f102ef	3			yes					-1	-1	167	
167	166	a099c66598ad666d	5			yes					-1	-1	-1	-1	-1	
168	132	6ceeae225b638f0d	4			yes					-1	-1	-1	169	
169	168	bedd4bd3d95bd9e8	5			yes					-1	-1	-1	-1	-1	
170	132	ded673e6b791ab56	4			yes					-1	-1	-1	-1	
171	0	4010c75fa5f737a6	5			yes					172	184	196	210	243	
172	171	2b3afac3e283d510	4			yes					173	176	183	-1	
173	172	acd628bb98f87a8d	3			yes					174	175	-1	
174	173	f13bc1103cb0676f	4			yes					-1	-1	-1	-1	
175	173	a34bffe8f8a61c0b	5			yes					-1	-1	-1	-1	-1	
176	172	f051339bc6e37ca9	3			yes					-1	177	182	
177	176	1f1bab0d9501934e	5			yes					178	179	-1	180	181	
178	177	c083b134d9a16eaa	4			yes					-1	-1	-1	-1	
179	177	f2d2ce3a77e4562e	4			yes					-1	-1	-1	-1	
180	177	dee8a63ff6d9b4ae	4			yes					-1	-1	-1	-1	
181	177	96499d6e72b759b5	4			yes					-1	-1	-1	-1	
182	176	9582bda94d305271	5			yes					-1	-1	-1	-1	-1	
183	172	7674b2f77cc633fe	3			yes					-1	-1	-1	
184	171	02864b81de27596c	4			yes					185	193	195	-1	
185	184	b1c07ecf1e5aa837	3			yes					186	187	192	
186	185	c67bb0a2d34328d4	4			yes					-1	-1	-1	-1	
187	185	51fc2ab3883c322c	5			yes					188	189	-1	190	191	
188	187	56cd39c01296cdaf	4			yes					-1	-1	-1	-1	
189	187	10aaec20996cc977	4			yes					-1	-1	-1	-1	
190	187	43648cb6424c2949	4			yes					-1	-1	-1	-1	
191	187	528e901694572ea7	4			yes					-1	-1	-1	-1	
192	185	f367921faf35484d	5			yes					-1	-1	-1	-1	-1	
193	184	c4fbd4ad7ce5226f	3			yes					-1	194	-1	
194	193	78e8dcb6a66a28e2	5			yes					-1	-1	-1	-1	-1	
195	184	5fc803b54062bf82	3			yes					-1	-1	-1	
196	171	d184618f61c8c060	4			yes					197	205	209	-1	
197	196	62c254c1a1b5313b	3			yes					198	203	204	
198	197	e83de3a2d74745c0	5			yes					-1	199	200	201	-1	
199	198	81bcac8d90d1522d	4			yes					-1	-1	-1	-1	
200	198	0d1ac03e5ef83daa	4			yes					-1	-1	-1	-1	
201	198	29ceee90b49f6220	4			yes					-1	-1	-1	-1	
202	198	616fd5c130f18f3b	4			no					-1	-2	-2	-2	
203	197	ef141f6851dc5812	4			yes					-1	-1	-1	-1	
204	197	dabab83913e5804d	5			yes					-1	-1	-1	-1	-1	
205	196	c31ddffc52bfb730	3			yes					-1	206	208	
206	205	c27ca6b94c71d8c0	5			yes					-1	-1	-1	207	-1	
207	206	d0e400bc8601c3a5	4			yes					-1	-1	-1	-1	
208	205	3c266203a9b00dd9	5			yes					-1	-1	-1	-1	-1	
209	196	8b2c22ead1d7b3d1	3			yes					-1	-1	-1	
210	171	866c0878e91abd46	5			yes					211	224	235	241	242	
211	210	352a3d3629674c1d	4			yes					212	216	220	221	
212	211	25ea0c7f1f9fb62d	5			yes					-1	213	214	215	-1	
213	212	dc2be69777034336	4			yes					-1	-1	-1	-1	
214	212	9d5a65f971f2df5c	4			yes					-1	-1	-1	-1	
215	212	e419014d7c4791cd	4			yes					-1	-1	-1	-1	
216	211	19c4e267bb93668b	5			yes					-1	-1	217	218	219	
217	216	2bd39294c2a2f010	4			yes					-1	-1	-1	-1	
218	216	0b5c446271e37dee	4			yes					-1	-1	-1	-1	
219	216	1ab658c2a7f87a00	4			yes					-1	-1	-1	-1	
220	211	4228cd8c0934a16e	4			yes					-1	-1	-1	-1	
221	211	2907a186b63fcd5c	5			yes					-1	-1	222	-1	-1	
222	221	91b7c800d852a42d	4			yes					-1	-1	-1	-1	
223	221	e8f4acb4d5e7eabc	4			no					-1	-1	-2	-1	
224	210	94f5b60bda6dca16	4			yes					-1	225	230	231	
225	224	fe492f21415382c4	5			yes					226	-1	227	228	229	
226	225	6035dd07fb21c8d1	4			yes					-1	-1	-1	-1	
227	225	46f946a72f3eebb5	4			yes					-1	-1	-1	-1	
228	225	3fba2213228ba524	4			yes					-1	-1	-1	-1	
229	225	771b1942a6e5483f	4			yes					-1	-1	-1	-1	
230	224	d7d4351f8173f7d6	5			yes					-1	-1	-1	-1	-1	
231	224	af5b39cc4fef677f	6			yes					-1	-1	233	-1	-1	234	
232	231	3127cbeaf59d2d6a	5			no					-1	-1	-1	-1	-2	
233	231	bc89c9bbcf6d9121	5			yes					-1	-1	-1	-1	-1	
234	231	33c30f5a49bef393	5			yes					-1	-1	-1	-1	-1	
235	210	5d07c120cd7a14ff	4			yes					-1	-1	236	237	
236	235	3d47fd75c2d34158	5			yes					-1	-1	-1	-1	-1	
237	235	54e95f68968a0576	6			yes					-1	239	-1	-1	-1	240	
238	237	ca95ad4e2cf84f63	5			no					-1	-1	-1	-1	-2	
239	237	b9203a5f746fc016	5			yes					-1	-1	-1	-1	-1	
240	237	c87169fe90db919a	5			yes					-1	-1	-1	-1	-1	
241	210	2c6b87ebca559eb9	4			yes					-1	-1	-1	-1	
242	210	d0b3cdf6f4250c4d	4			yes					-1	-1	-1	-1	
243	171	6de8f303a4b3a857	6			yes					244	270	289	300	303	305	
244	243	deaec64d64ce590c	5			yes					245	251	257	262	263	
245	244	8867a90ba0350550	6			yes					-1	246	247	-1	249	250	
246	245	71a643e3c8a9f04b	5			yes					-1	-1	-1	-1	-1	
247	245	6d408a97298a7d3a	5			yes					-1	-1	-1	-1	-1	
248	245	4994a439c3ed22b0	5			no					-1	-1	-2	-2	-2	
249	245	0d39ec6bfc727f16	5			yes					-1	-1	-1	-1	-1	
250	245	7471356643bc178b	5			yes					-1	-1	-1	-1	-1	
251	244	ecadcbdf11f4ba3d	6			yes					-1	-1	252	253	255	256	
252	251	62bc459b80c70cb4	5			yes					-1	-1	-1	-1	-1	
253	251	fe356ddadb84a158	5			yes					-1	-1	-1	-1	254	
254	253	5a66d518fd6e66b5	4			yes					-1	-1	-1	-1	
255	251	37e2d11a4bc52785	5			yes					-1	-1	-1	-1	-1	
256	251	48fe731d371e7dd0	5			yes					-1	-1	-1	-1	-1	
257	244	c364551d8abc2430	6			yes					-1	-1	-1	258	260	261	
258	257	d1fcf31840cc3f55	5			yes					-1	-1	-1	-1	259	
259	258	75af4bda6626f8b8	4			yes					-1	-1	-1	-1	
260	257	182b4fd8d08db988	5			yes					-1	-1	-1	-1	-1	
261	257	6737eddfac56e3dd	5			yes					-1	-1	-1	-1	-1	
262	244	f18d840373d0f68c	4			yes					-1	-1	-1	-1	
263	244	bb9f7d519e4c9787	4			yes					264	266	268	-1	
264	263	c797edf9415c8914	6			yes					-1	-1	-1	-1	265	-1	
265	264	42c9a8991d1bf352	5			yes					-1	-1	-1	-1	-1	
266	263	fc9cb5609fc0048f	6			yes					-1	-1	-1	267	-1	-1	
267	266	ee04136555b01fea	5			yes					-1	-1	-1	-1	-1	
268	263	d3552ba204889a82	6			yes					-1	-1	-1	269	-1	-1	
269	268	c1cd8da7cef881e7	5			yes					-1	-1	-1	-1	-1	
270	243	7f714d7097c4df07	5			yes					-1	271	277	283	284	
271	270	53c48a55fef931b9	6			yes					272	-1	273	274	275	276	
272	271	cdb87873448b7bac	5			yes					-1	-1	-1	-1	-1	
273	271	b6e3a9c9774649d3	5			yes					-1	-1	-1	-1	-1	
274	271	923787679d211659	5			yes					-1	-1	-1	-1	-1	
275	271	d69acf35a2be4bff	5			yes					-1	-1	-1	-1	-1	
276	271	afd216381d702362	5			yes					-1	-1	-1	-1	-1	
277	270	1a39dca128831fca	6			yes					278	-1	-1	279	281	282	
278	277	84452e8792f155df	5			yes					-1	-1	-1	-1	-1	
279	277	08a17aa4e2f304af	5			yes					-1	-1	-1	-1	280	
280	279	acf2c266c419c342	4			yes					-1	-1	-1	-1	
281	277	c176c66472b28272	5			yes					-1	-1	-1	-1	-1	
282	277	be6a64630e69d827	5			yes					-1	-1	-1	-1	-1	
283	270	50520f3e80da7087	4			yes					-1	-1	-1	-1	
284	270	1a40f66c6d46118c	4			yes					-1	285	287	-1	
285	284	1c34cea71f90bdfd	6			yes					-1	-1	-1	-1	286	-1	
286	285	996a8bc743d7c7bb	5			yes					-1	-1	-1	-1	-1	
287	284	0a08a21ea6b7a178	6			yes					-1	-1	-1	288	-1	-1	
288	287	1890041b6cc7ba1d	5			yes					-1	-1	-1	-1	-1	
289	243	b6833a5b80d301ee	5			yes					-1	-1	290	296	297	
290	289	aee5ac7c3bab86d9	6			yes					291	292	-1	-1	294	295	
291	290	30995e5a81d9cccc	5			yes					-1	-1	-1	-1	-1	
292	290	432cc94bd94e43b9	5			yes					-1	-1	-1	-1	-1	
293	290	6f16a14e5873a139	5			no					-1	-1	-1	-2	-2	
294	290	2bbbe91c67ecfc9f	5			yes					-1	-1	-1	-1	-1	
295	290	52f33011d8229402	5			yes					-1	-1	-1	-1	-1	
296	289	99a0781597cdae6e	4			yes					-1	-1	-1	-1	
297	289	d3b281477a51cf65	4			yes					-1	-1	298	-1	
298	297	e115e88edac20a9d	6			yes					-1	-1	-1	-1	299	-1	
299	298	644badee868570db	5			yes					-1	-1	-1	-1	-1	
300	243	30a6bb373af64eb9	5			yes					-1	-1	-1	301	302	
301	300	1f85f9792de8e139	4			yes					-1	-1	-1	-1	
302	300	5597002bc0748032	4			yes					-1	-1	-1	-1	
303	243	42cbb14db3ad07d7	5			yes					-1	-1	-1	-1	304	
304	303	27fa0a51492fc95c	4			yes					-1	-1	-1	-1	
305	243	08d9481f5e3166dc	5			yes					-1	-1	-1	-1	-1	
306	0	dcfc387d98bb6a89	5			yes					307	336	359	383	-1	
307	306	f06f6d680aeefc60	5			yes					308	313	327	335	-1	
308	307	7783bf10709553fd	4			yes					309	311	312	-1	
309	308	06f338db648c31ea	5			yes					-1	-1	-1	-1	310	
310	309	a2a080194266f607	4			yes					-1	-1	-1	-1	
311	308	07436f83b869e24b	5			yes					-1	-1	-1	-1	-1	
312	308	70b069f09ad93331	5			yes					-1	-1	-1	-1	-1	
313	307	2b04a4302e8e55d9	4			yes					-1	314	323	-1	
314	313	3ad928b8383a841c	6			yes					315	317	-1	319	320	321	
315	314	e5413281749a79f8	5			yes					-1	-1	-1	-1	316	
316	315	41128a435270be15	4			yes					-1	-1	-1	-1	
317	314	d7104d8fdadf417c	5			yes					-1	-1	-1	-1	318	
318	317	7343f54dfc358691	4			yes					-1	-1	-1	-1	
319	314	28a6325b6db42400	5			yes					-1	-1	-1	-1	-1	
320	314	e196327d620b19a4	5			yes					-1	-1	-1	-1	-1	
321	314	9e8a907a1ed043f1	5			yes					-1	-1	-1	-1	-1	
322	321	8cf58a994b5ee3ed	4			no					-1	-2	-1	-1	
323	313	1f1b027d0481cbc5	5			yes					324	325	-1	-1	326	
324	323	c083184448213621	4			yes					-1	-1	-1	-1	
325	323	f2d2674ae6640ea5	4			yes					-1	-1	-1	-1	
326	323	e30d9e10e708d91e	4			yes					-1	-1	-1	-1	
327	307	ad21255c94ab1a8e	4			yes					-1	-1	328	-1	
328	327	ba171ec400cdab55	6			yes					329	330	331	-1	332	333	
329	328	658f04fd4c6d56b1	5			yes					-1	-1	-1	-1	-1	
330	328	57de7bf3e2286e35	5			yes					-1	-1	-1	-1	-1	
331	328	43d6f42c68515e4e	5			yes					-1	-1	-1	-1	-1	
332	328	f36287395221106a	5			yes					-1	-1	-1	-1	-1	
333	328	1e44a60626276cb8	5			yes					-1	-1	334	-1	-1	
334	333	e7854cee4ebb99a3	4			yes					-1	-1	-1	-1	
335	307	7d6786be58ba121c	4			yes					-1	-1	-1	-1	
336	306	d9d3dc2a364a701c	5			yes					337	347	351	358	-1	
337	336	6a95e964f6378147	4			yes					338	340	345	-1	
338	337	dfc87d45b89fb4ea	5			yes					-1	-1	-1	-1	339	
339	338	7b9bc5879e757307	4			yes					-1	-1	-1	-1	
340	337	d4d6fe4635ee00f5	5			yes					341	342	-1	343	344	
341	340	d3e7ed35af44ff76	4			yes					-1	-1	-1	-1	
342	340	958038d524befbae	4			yes					-1	-1	-1	-1	
343	340	d045a95c765f9812	4			yes					-1	-1	-1	-1	
344	340	28c0622bd667122e	4			yes					-1	-1	-1	-1	
345	337	359d18cccef493ac	5			yes					-1	-1	-1	-1	346	
346	345	c98b84a12d7d8177	4			yes					-1	-1	-1	-1	
347	336	1fae430694880b1f	4			yes					-1	348	350	-1	
348	347	dce04cdde6a5d6a2	5			yes					-1	-1	-1	-1	349	
349	348	20f6d0b0052cc479	4			yes					-1	-1	-1	-1	
350	347	ab134aaec41507d8	5			yes					-1	-1	-1	-1	-1	
351	336	849d941ea80f96f2	4			yes					-1	-1	352	-1	
352	351	d3d65487f925b86f	6			yes					353	354	355	-1	356	357	
353	352	4daaa6a14357f27a	5			yes					-1	-1	-1	-1	-1	
354	352	163a93ec14fad9c4	5			yes					-1	-1	-1	-1	-1	
355	352	2a17be6f91b94d74	5			yes					-1	-1	-1	-1	-1	
356	352	9aa3cd7aabc90350	5			yes					-1	-1	-1	-1	-1	
357	352	7785ec45dfcf7f82	5			yes					-1	-1	-1	-1	-1	
358	336	54db37fc641e9e60	4			yes					-1	-1	-1	-1	
359	306	0ad1f62489a5e910	5			yes					360	374	380	382	-1	
360	359	b997c36a49d8184b	4			yes					361	369	371	-1	
361	360	cdff60177a7c5292	6			yes					-1	362	364	366	367	368	
362	361	a47e2f383dea457f	5			yes					-1	-1	-1	-1	363	
363	362	002d97fa1b008292	4			yes					-1	-1	-1	-1	
364	361	28d8438bf3c32af8	5			yes					-1	-1	-1	-1	365	
365	364	8c8bfb49d529ed15	4			yes					-1	-1	-1	-1	
366	361	df807af42ff2f28e	5			yes					-1	-1	-1	-1	-1	
367	361	16b07ad2204dcf2a	5			yes					-1	-1	-1	-1	-1	
368	361	69acd8d55c96957f	5			yes					-1	-1	-1	-1	-1	
369	360	8ef64cd62b5bde75	5			yes					-1	-1	-1	-1	370	
370	369	2aa5f4140db11998	4			yes					-1	-1	-1	-1	
371	360	1370443eccaa4b3a	5			yes					-1	372	-1	-1	373	
372	371	6a29195c147e43a7	4			yes					-1	-1	-1	-1	
373	371	ef66d8532f2359e1	4			yes					-1	-1	-1	-1	
374	359	18484857bad29e40	4			yes					-1	375	377	-1	
375	374	7a4c8f8df627dbe8	5			yes					-1	-1	-1	-1	376	
376	375	de1f374fd0cd1c05	4			yes					-1	-1	-1	-1	
377	374	f5ec9e0476ffc6ae	5			yes					378	-1	-1	-1	379	
378	377	6b906c22cc8d8cbb	4			yes					-1	-1	-1	-1	
379	377	09fa02699576d475	4			yes					-1	-1	-1	-1	
380	359	5079b54139ba9aa1	4			yes					-1	-1	381	-1	
381	380	56326c870147b0b8	5			yes					-1	-1	-1	-1	-1	
382	359	87d91df2dbf1076c	4			yes					-1	-1	-1	-1	
383	306	a278a64c2f755980	5			yes					384	397	409	411	-1	
384	383	113e9302ef08a8db	4			yes					385	393	395	-1	
385	384	00288fcab2a4a17f	6			yes					-1	386	388	390	391	392	
386	385	f9e96522da385464	5			yes					-1	-1	-1	-1	387	
387	386	5dbadde0fcd29389	4			yes					-1	-1	-1	-1	
388	385	b898e64cdcc9c80e	5			yes					-1	-1	-1	-1	389	
389	388	1ccb5e8efa230fe3	4			yes					-1	-1	-1	-1	
390	385	12579529e72a0163	5			yes					-1	-1	-1	-1	-1	
391	385	db67950fe8953cc7	5			yes					-1	-1	-1	-1	-1	
392	385	a47b3708944e6692	5			yes					-1	-1	-1	-1	-1	
393	384	029f1f92ee20447f	5			yes					-1	-1	-1	-1	394	
394	393	a6cca750c8ca8392	4			yes					-1	-1	-1	-1	
395	384	54763aa126d2a7c4	5			yes					-1	-1	-1	-1	396	
396	395	f025826300386029	4			yes					-1	-1	-1	-1	
397	383	b0e1183f1c022ed0	4			yes					-1	398	407	-1	
398	397	db8bac94ec689596	6			yes					399	-1	401	403	405	406	
399	398	45f75eb2561adf83	5			yes					-1	-1	-1	-1	400	
400	399	e1a4e67070f0186e	4			yes					-1	-1	-1	-1	
401	398	633bc5128205fce7	5			yes					-1	-1	-1	-1	402	
402	401	c7687dd0a4ef3b0a	4			yes					-1	-1	-1	-1	
403	398	c9f4b677b9e6358a	5			yes					-1	-1	-1	-1	404	
404	403	6da70eb59f0cf267	4			yes					-1	-1	-1	-1	
405	398	00c4b651b659082e	5			yes					-1	-1	-1	-1	-1	
406	398	7fd81456ca82527b	5			yes					-1	-1	-1	-1	-1	
407	397	543ddbc6b26941a3	5			yes					-1	-1	-1	-1	408	
408	407	f06e63049483864e	4			yes					-1	-1	-1	-1	
409	383	79136f140b15f039	4			yes					-1	-1	410	-1	
410	409	16316d0cf30a1b49	5			yes					-1	-1	-1	-1	-1	
411	383	061a97cf4f8edd64	4			yes					-1	-1	-1	-1	
