Number of nodes
85
ID	PID	Hash_Value			File_Number	Fully_Enumerated	Children
0	-1	d04e41ee390233f0	5			yes					1	20	39	59	79	
1	0	71916341b4cb8450	5			yes					2	7	13	17	19	
2	1	f9c0dfc02a57273b	4			yes					3	4	5	6	
3	2	604bc08be711fea4	4			yes					-1	-1	-1	-1	
4	2	36c1d85ece2a7db1	3			yes					-1	-1	-1	
5	2	a078061b67e6dbe5	3			yes					-1	-1	-1	
6	2	9745fb5edf4d25e8	4			yes					-1	-1	-1	-1	
7	1	a289f004a9e37923	4			yes					-1	8	10	11	
8	7	7d7253d638e71b62	4			yes					9	-1	-1	-1	
9	8	8e2f811efed43d3f	3			yes					-1	-1	-1	
10	7	9511c03438b1c1bc	4			yes					-1	-1	-1	-1	
11	7	a22c3d71801a3fb1	5			yes					-1	-1	-1	-1	12	
12	11	54835fab2fe465f0	4			yes					-1	-1	-1	-1	
13	1	9244a1576d3f2448	4			yes					-1	-1	14	15	
14	13	36270b26aef715fd	4			yes					-1	-1	-1	-1	
15	13	1b54b4f617a70c0a	5			yes					-1	-1	-1	-1	16	
16	15	edfbd62cb859564b	4			yes					-1	-1	-1	-1	
17	1	b444b4c357cc892d	4			yes					-1	-1	-1	18	
18	17	b89cedd25a40fe00	3			yes					-1	-1	-1	
19	1	7d493a50b947f37d	4			yes					-1	-1	-1	-1	
20	0	74b3100612d0de3d	5			yes					21	30	33	36	38	
21	20	032662bf886033c8	4			yes					22	23	25	26	
22	21	e8f6fb6a2c2fb493	4			yes					-1	-1	-1	-1	
23	21	cf4f2909067d4601	4			yes					-1	-1	-1	24	
24	23	e916d1275fecac0c	3			yes					-1	-1	-1	
25	21	c2851a05672d1d5e	4			yes					-1	-1	-1	-1	
26	21	f5b8e740df86e353	5			yes					-1	-1	-1	-1	29	
27	26	f628d30aa428f6f1	4			no					-1	-1	-1	-2	
28	26	ee344ab8020f2995	4			no					-1	-1	-1	-2	
29	26	0317859a7078b912	4			yes					-1	-1	-1	-1	
30	20	5d4d3e3cadcf37bd	4			yes					-1	31	-1	32	
31	30	36181d3c7f61b681	4			yes					-1	-1	-1	-1	
32	30	2ed8711479dd8f36	4			yes					-1	-1	-1	-1	
33	20	9766d210cb247e25	4			yes					-1	-1	34	35	
34	33	eb3780e28a0dc2ec	4			yes					-1	-1	-1	-1	
35	33	8deb05754f98124b	4			yes					-1	-1	-1	-1	
36	20	b166c784f1d7d340	4			yes					-1	-1	-1	37	
37	36	bdbe9e95fc5ba46d	3			yes					-1	-1	-1	
38	20	786b49171f5ca910	4			yes					-1	-1	-1	-1	
39	0	81361c74f36bd644	5			yes					40	48	54	56	58	
40	39	f6a36ecd69db3bb1	4			yes					41	43	44	45	
41	40	ee414f534bfc66d3	4			yes					-1	-1	-1	42	
42	41	c818b77d126d8cde	3			yes					-1	-1	-1	
43	40	9793f60bf26cb10c	3			yes					-1	-1	-1	
44	40	27ca4158728b288c	4			yes					-1	-1	-1	-1	
45	40	10f7bc1dca20d681	5			yes					-1	-1	46	-1	47	
46	45	0b7b11e517a91c47	4			yes					-1	-1	-1	-1	
47	45	e658dec765de8cc0	4			yes					-1	-1	-1	-1	
48	39	e9cb955bb4f47a54	4			yes					-1	49	50	51	
49	48	6e38d61577674b63	4			yes					-1	-1	-1	-1	
50	48	10f61fccfa954313	4			yes					-1	-1	-1	-1	
51	48	27cbe289423ebd1e	5			yes					-1	-1	-1	-1	53	
52	51	c7e527c797d75ac8	4			no					-1	-2	-2	-2	
53	51	d1648053edc0e75f	4			yes					-1	-1	-1	-1	
54	39	d665750533a43bb5	4			yes					-1	-1	-1	55	
55	54	2fbd740b91161b49	4			yes					-1	-1	-1	-1	
56	39	44e3cbf6106cdb39	4			yes					-1	-1	-1	57	
57	56	483b92e71de0ac14	3			yes					-1	-1	-1	
58	39	8dee4565fee7a169	4			yes					-1	-1	-1	-1	
59	0	0586103d1f536e50	5			yes					60	67	72	77	78	
60	59	7213628485e383a5	4			yes					61	63	-1	65	
61	60	0741e19d3eece3c4	4			yes					-1	-1	-1	62	
62	61	211819b3677d09c9	3			yes					-1	-1	-1	
63	60	34b9b75f6a39dac0	4			yes					-1	-1	-1	64	
64	63	12e04f7133a830cd	3			yes					-1	-1	-1	
65	60	6e3eb0caa51fb8e7	5			yes					-1	-1	-1	-1	66	
66	65	9891d2100ae1e2a6	4			yes					-1	-1	-1	-1	
67	59	6d7b991258ccc240	4			yes					-1	68	-1	70	
68	67	a3e4b160863df88a	4			yes					-1	-1	-1	69	
69	68	85bd494edfac1287	3			yes					-1	-1	-1	
70	67	1603071c378ec66c	5			yes					-1	-1	-1	-1	71	
71	70	e0ac65c698709c2d	4			yes					-1	-1	-1	-1	
72	59	d69e8378027b9323	4			yes					-1	-1	-1	73	
73	72	1ddd9ff045070169	5			yes					-1	75	-1	-1	76	
74	73	fdf35abe90eee6bf	4			no					-1	-1	-1	-2	
75	73	cccf71ff5a8e4c80	4			yes					-1	-1	-1	-1	
76	73	eb72fd2aeaf95b28	4			yes					-1	-1	-1	-1	
77	59	c0a831c2cd8bcbbb	4			yes					-1	-1	-1	-1	
78	59	095e492c12df197d	4			yes					-1	-1	-1	-1	
79	0	94fada1baec0d9cc	5			yes					80	81	82	83	84	
80	79	e36fa8a234703439	4			yes					-1	-1	-1	-1	
81	79	fc075334e95f75dc	4			yes					-1	-1	-1	-1	
82	79	47e2495eb3e824bf	4			yes					-1	-1	-1	-1	
83	79	772f180d773479d4	4			yes					-1	-1	-1	-1	
84	79	2fa5aac519f31c8e	4			yes					-1	-1	-1	-1	
