Number of nodes
179
ID	PID	Hash_Value			File_Number	Fully_Enumerated	Children
0	-1	d5d0e704952c7c8e	6			yes					1	24	45	69	94	136	
1	0	947ac5e91f2018a1	5			yes					2	8	17	21	23	
2	1	d2e0ee96ee072cf9	4			yes					3	4	-1	5	
3	2	6b16afd974513a1b	4			yes					-1	-1	-1	-1	
4	2	022d0fec50e52923	4			yes					-1	-1	-1	-1	
5	2	b54bb36566419ab2	3			yes					6	7	-1	
6	5	bc78e845afc1300d	4			yes					-1	-1	-1	-1	
7	5	b89e8d96949e52f3	4			yes					-1	-1	-1	-1	
8	1	b4e2c0d96fcfc256	4			yes					-1	9	12	13	
9	8	c62d9e4c7497d1d1	5			yes					10	11	-1	-1	-1	
10	9	218a2b7debdf73b4	4			yes					-1	-1	-1	-1	
11	9	7c139583ee546f1b	4			yes					-1	-1	-1	-1	
12	8	df14bf901a52338e	4			yes					-1	-1	-1	-1	
13	8	d3499d2ae789741d	3			yes					-1	14	16	
14	13	3e68d3cc0797c463	5			yes					-1	15	-1	-1	-1	
15	14	8456d8039d547aa9	4			yes					-1	-1	-1	-1	
16	13	47de7321e6750b6e	4			yes					-1	-1	-1	-1	
17	1	3553f7dd119265d0	4			yes					-1	-1	18	19	
18	17	4be3ed76a1172d00	5			yes					-1	-1	-1	-1	-1	
19	17	52f8aa2e99d4d39b	3			yes					-1	-1	20	
20	19	3ac2cfd83ccc2c87	5			yes					-1	-1	-1	-1	-1	
21	1	a0804188073c2595	4			yes					-1	-1	-1	22	
22	21	c72b1c7b8f7a93de	3			yes					-1	-1	-1	
23	1	f3d1981a9766aeea	4			yes					-1	-1	-1	-1	
24	0	6885c925c97f2787	5			yes					25	33	38	42	44	
25	24	61a7d886b8606ecd	4			yes					26	27	28	29	
26	25	50ee83df7b7f1368	4			yes					-1	-1	-1	-1	
27	25	5a91b4c072d035c8	4			yes					-1	-1	-1	-1	
28	25	a9e5276a2949b14d	4			yes					-1	-1	-1	-1	
29	25	060c85753026d886	3			yes					30	31	32	
30	29	54ffef496772a4d2	4			yes					-1	-1	-1	-1	
31	29	e02236bab6ab4e18	4			yes					-1	-1	-1	-1	
32	29	ae6e59830df677cc	4			yes					-1	-1	-1	-1	
33	24	fb5afa05eff7bf44	4			yes					-1	34	35	36	
34	33	0affe2efab812191	4			yes					-1	-1	-1	-1	
35	33	f98b7145f018a514	4			yes					-1	-1	-1	-1	
36	33	9cf1a7f667b1090f	3			yes					-1	37	-1	
37	36	b04c60956ffa5a41	4			yes					-1	-1	-1	-1	
38	24	c9acfb11c7cd5af6	4			yes					-1	-1	39	40	
39	38	cfc67ef831fe2e64	5			yes					-1	-1	-1	-1	-1	
40	38	ae07a6e24f8becbd	3			yes					-1	-1	41	
41	40	bee75c56ac252fe3	5			yes					-1	-1	-1	-1	-1	
42	24	5c7f4d44d1631ab3	4			yes					-1	-1	-1	43	
43	42	3bd410b75925acf8	3			yes					-1	-1	-1	
44	24	0f2e94d6413991cc	4			yes					-1	-1	-1	-1	
45	0	628daf388f9451e5	5			yes					46	57	63	65	68	
46	45	6bafbe9bfe8b18af	4			yes					47	51	52	53	
47	46	7850ff43ddcb8fa9	5			yes					-1	48	49	-1	50	
48	47	daa980a77e9f8309	4			yes					-1	-1	-1	-1	
49	47	bb9f9d597bf7edb3	4			yes					-1	-1	-1	-1	
50	47	f46413bc0b6a555f	4			yes					-1	-1	-1	-1	
51	46	08f016fe2636f3eb	4			yes					-1	-1	-1	-1	
52	46	35e37adad87bd3c7	4			yes					-1	-1	-1	-1	
53	46	0c04e36876cdaee4	3			yes					54	55	56	
54	53	7c4193d5c1c63813	5			yes					-1	-1	-1	-1	-1	
55	53	1f15fc4e96ebbd64	4			yes					-1	-1	-1	-1	
56	53	52f60cee2d588547	4			yes					-1	-1	-1	-1	
57	45	e5e7625873272d7f	4			yes					-1	58	59	60	
58	57	85d36db8c8a90f36	4			yes					-1	-1	-1	-1	
59	57	c351f80a6241c849	4			yes					-1	-1	-1	-1	
60	57	824c3fabfb619b34	3			yes					-1	61	62	
61	60	bd243cd7154c5d87	4			yes					-1	-1	-1	-1	
62	60	a4448e3e97629ec9	4			yes					-1	-1	-1	-1	
63	45	dd1905511df6beaf	4			yes					-1	-1	-1	64	
64	63	bab258a295b008e4	3			yes					-1	-1	-1	
65	45	56772b5997886cd1	4			yes					-1	-1	66	67	
66	65	12f42d3f12ee2b63	4			yes					-1	-1	-1	-1	
67	65	31dc76aa1fceda9a	3			yes					-1	-1	-1	
68	45	0526f2cb07d2e7ae	4			yes					-1	-1	-1	-1	
69	0	aaae9974609dfe30	5			yes					70	80	87	89	93	
70	69	a38c88d71182b77a	4			yes					71	75	76	77	
71	70	a93c2fbb4a1e3df7	5			yes					-1	72	73	-1	74	
72	71	428b754ef07df650	4			yes					-1	-1	-1	-1	
73	71	f2d1b84862c02ab4	4			yes					-1	-1	-1	-1	
74	71	2508c3449cbfe701	4			yes					-1	-1	-1	-1	
75	70	c3d34930c51b9339	4			yes					-1	-1	-1	-1	
76	70	3dbca7408e462273	4			yes					-1	-1	-1	-1	
77	70	c427d52499c40131	3			yes					78	79	-1	
78	77	ad2d432d56138a4d	5			yes					-1	-1	-1	-1	-1	
79	77	05ca4083d440775c	4			yes					-1	-1	-1	-1	
80	69	2dc454149c2e82aa	4			yes					-1	81	-1	85	
81	80	a1eec2b8b17a3545	5			yes					82	-1	83	-1	84	
82	81	e95d4b941241e81f	4			yes					-1	-1	-1	-1	
83	81	fa03554b99a42206	4			yes					-1	-1	-1	-1	
84	81	2dda2e4767dbefb3	4			yes					-1	-1	-1	-1	
85	80	4a6f09e7146834e1	3			yes					-1	86	-1	
86	85	a5ffae2ead7782ff	5			yes					-1	-1	-1	-1	-1	
87	69	8a369c44107224c7	4			yes					-1	-1	-1	88	
88	87	ed9dc1b79834928c	3			yes					-1	-1	-1	
89	69	c97b84007505596c	4			yes					-1	90	91	92	
90	89	11271ab588967b02	4			yes					-1	-1	-1	-1	
91	89	dd7844b6ea7683b6	5			yes					-1	-1	-1	-1	-1	
92	89	9c375fe210b21053	5			yes					-1	-1	-1	-1	-1	
93	69	cd05c487e8db487b	4			yes					-1	-1	-1	-1	
94	0	bc1887b65444ef33	5			yes					95	101	107	112	124	
95	94	eca3dfc247fef9dd	4			yes					96	97	100	-1	
96	95	adc1cf003cbff79a	5			yes					-1	-1	-1	-1	-1	
97	95	cc3bdaf23711232a	3			yes					-1	98	-1	
98	97	7a2796cfe16375b3	6			yes					-1	-1	-1	-1	-1	99	
99	98	f6137a3037c2af45	5			yes					-1	-1	-1	-1	-1	
100	95	4d8aedf6494c84ac	3			yes					-1	-1	-1	
101	94	105cd30e91a1c6fb	4			yes					102	105	106	-1	
102	101	197ec2ade0be8fb1	3			yes					-1	103	-1	
103	102	4be27417b9935557	5			yes					-1	-1	-1	-1	104	
104	103	c7d698e86f328fa1	4			yes					-1	-1	-1	-1	
105	101	a5132203c7dbff28	5			yes					-1	-1	-1	-1	-1	
106	101	b175e13a9f13bb8a	3			yes					-1	-1	-1	
107	94	1a54b513d74ab099	4			yes					108	110	111	-1	
108	107	1376a4b0a655f9d3	3			yes					109	-1	-1	
109	108	e48fea112588309d	5			yes					-1	-1	-1	-1	-1	
110	107	9d3e78732bf9cc03	3			yes					-1	-1	-1	
111	107	4e6c7e79252d715f	5			yes					-1	-1	-1	-1	-1	
112	94	5422a2b2e8924faf	5			yes					113	117	120	121	122	
113	112	5d00b311998d06e5	4			yes					114	115	-1	-1	
114	113	35e33ae9b25d82c3	5			yes					-1	-1	-1	-1	-1	
115	113	bc2c937f3354f05d	5			yes					-1	-1	-1	-1	116	
116	115	30187f80e5f52aab	4			yes					-1	-1	-1	-1	
117	112	d3486fd214213335	4			yes					-1	118	-1	119	
118	117	3d31d7ea49398a71	5			yes					-1	-1	-1	-1	-1	
119	117	cfba733ec436b62d	5			yes					-1	-1	-1	-1	-1	
120	112	74baa782987d9558	4			yes					-1	-1	-1	-1	
121	112	b524d0c54c0942c6	4			yes					-1	-1	-1	-1	
122	112	4fd6ab8459d8e24e	4			yes					123	-1	-1	-1	
123	122	43b8ffdad1f77382	5			yes					-1	-1	-1	-1	-1	
124	94	21ad84aad76b3050	5			yes					125	129	132	134	135	
125	124	288f9509a674791a	4			yes					126	127	128	-1	
126	125	db39750e489d7e62	5			yes					-1	-1	-1	-1	-1	
127	125	7c62445b06d18430	5			yes					-1	-1	-1	-1	-1	
128	125	f6ebff9d4b209934	5			yes					-1	-1	-1	-1	-1	
129	124	a6c749ca2bd84cca	4			yes					-1	130	131	-1	
130	129	d3eb980db3f976d0	5			yes					-1	-1	-1	-1	-1	
131	129	1e28c76bcf8e5485	5			yes					-1	-1	-1	-1	-1	
132	124	0135819aa784eaa7	4			yes					-1	-1	133	-1	
133	132	8866d809eb646f65	6			yes					-1	-1	-1	-1	-1	-1	
134	124	8084b69ed9d94d21	4			yes					-1	-1	-1	-1	
135	124	0ff9ebc7f3f19256	4			yes					-1	-1	-1	-1	
136	0	21e6153ac86c983e	5			yes					137	149	159	170	-1	
137	136	bf16d8fd732e0612	5			yes					138	141	146	148	-1	
138	137	f98cf3828209324a	4			yes					139	140	-1	-1	
139	138	36093f886bcbb87b	4			yes					-1	-1	-1	-1	
140	138	a8890e189718f707	4			yes					-1	-1	-1	-1	
141	137	9f8eddcd03c1dce5	4			yes					-1	142	145	-1	
142	141	4635795d378481bd	5			yes					143	144	-1	-1	-1	
143	142	a192cc6ca8cc23d8	4			yes					-1	-1	-1	-1	
144	142	fc0b7292ad473f77	4			yes					-1	-1	-1	-1	
145	141	bdd2498daf6f89f2	4			yes					-1	-1	-1	-1	
146	137	1e3feac97d9c7b63	4			yes					-1	-1	147	-1	
147	146	aa22f34683d26dcd	5			yes					-1	-1	-1	-1	-1	
148	137	8bec5c9c6b323b26	4			yes					-1	-1	-1	-1	
149	136	43e9d431a5713934	5			yes					150	154	156	158	-1	
150	149	4acbc592d46e707e	4			yes					151	152	153	-1	
151	150	0dbbf1044d0b7681	4			yes					-1	-1	-1	-1	
152	150	f035b534b52debec	4			yes					-1	-1	-1	-1	
153	150	8e5c2fbe34f47c3b	4			yes					-1	-1	-1	-1	
154	149	d036e71183f9a1f7	4			yes					-1	155	-1	-1	
155	154	a05be31b6c7cffb5	4			yes					-1	-1	-1	-1	
156	149	e2c0e605abc34445	4			yes					-1	-1	157	-1	
157	156	2e0760c8133b6ea9	5			yes					-1	-1	-1	-1	-1	
158	149	77135050bd6d0400	4			yes					-1	-1	-1	-1	
159	136	49e1b22ce39a4f56	5			yes					160	165	168	169	-1	
160	159	40c3a38f9285061c	4			yes					161	163	164	-1	
161	160	25058d98ebbfea40	5			yes					-1	-1	-1	-1	-1	
162	161	87fcf27c48ebe6e0	4			no					-1	-1	-1	-2	
163	160	90188b00abb6df81	4			yes					-1	-1	-1	-1	
164	160	fbb88ce738c87da8	4			yes					-1	-1	-1	-1	
165	159	ce8b7f4c1f2933cc	4			yes					-1	166	167	-1	
166	165	035d00ea220d422a	4			yes					-1	-1	-1	-1	
167	165	0d0a0e3782f26626	4			yes					-1	-1	-1	-1	
168	159	f675184571f8a01c	4			yes					-1	-1	-1	-1	
169	159	7d1b364dfb867262	4			yes					-1	-1	-1	-1	
170	136	81c284600c93e083	5			yes					171	174	177	178	-1	
171	170	88e095c37d8ca9c9	4			yes					172	173	-1	-1	
172	171	f4695d607c6a581e	5			yes					-1	-1	-1	-1	-1	
173	171	9859309520e1ca6f	4			yes					-1	-1	-1	-1	
174	170	06a84900f0209c19	4			yes					-1	175	-1	-1	
175	174	fcbbb063870e50ac	5			yes					-1	-1	-1	-1	-1	
176	175	b408394f24358df6	4			no					-1	-1	-1	-2	
177	170	a15a81507c7c3a74	4			yes					-1	-1	-1	-1	
178	170	e2179914190b47df	4			yes					-1	-1	-1	-1	
