Number of nodes
344
ID	PID	Hash_Value			File_Number	Fully_Enumerated	Children
0	-1	a9c3a2a9d72361e7	6			yes					1	97	182	246	292	343	
1	0	d9579b057a491647	5			yes					2	40	52	65	74	
2	1	7f10d650054f0ecb	5			yes					3	10	21	35	39	
3	2	9dc6124bc5332189	4			yes					4	5	6	7	
4	3	0704dec98963c9e0	4			yes					-1	-1	-1	-1	
5	3	f2aa4eb71b66a3b7	4			yes					-1	-1	-1	-1	
6	3	f236b26ec9159c26	4			yes					-1	-1	-1	-1	
7	3	a454aa3feb507743	3			yes					8	9	-1	
8	7	0108425b0224b8a1	5			yes					-1	-1	-1	-1	-1	
9	7	cfc27f1d5764ddb0	5			yes					-1	-1	-1	-1	-1	
10	2	f2f1cd26fc1ec835	4			yes					-1	11	15	18	
11	10	8f6d5d347c4402c2	5			yes					12	13	-1	-1	14	
12	11	4dfddb7a734dd2d9	4			yes					-1	-1	-1	-1	
13	11	de57aa8271c8ef52	4			yes					-1	-1	-1	-1	
14	11	223a2e2228b2883f	4			yes					-1	-1	-1	-1	
15	10	19f90370d9ac7de4	5			yes					16	17	-1	-1	-1	
16	15	db69853ed6a5adff	4			yes					-1	-1	-1	-1	
17	15	48c3f4c6d4209074	4			yes					-1	-1	-1	-1	
18	10	71baec1692e85beb	5			yes					19	20	-1	-1	-1	
19	18	b32a6a589de18bf0	4			yes					-1	-1	-1	-1	
20	18	20801ba09f64b67b	4			yes					-1	-1	-1	-1	
21	2	aceacc9ec6173f12	4			yes					-1	-1	22	26	
22	21	b1f6b3b56520e7bf	5			yes					23	24	25	-1	-1	
23	22	736635fb6a2937a4	4			yes					-1	-1	-1	-1	
24	22	e0cc440368ac0a2f	4			yes					-1	-1	-1	-1	
25	22	97978f50841620c2	4			yes					-1	-1	-1	-1	
26	21	5aef4d596d09af11	6			yes					27	29	31	-1	33	34	
27	26	987fcb1762007f0a	5			yes					-1	-1	-1	-1	28	
28	27	aa336bca33b37db0	4			yes					-1	-1	-1	-1	
29	26	0bd5baef60854281	5			yes					-1	-1	-1	-1	30	
30	29	39991a323136403b	4			yes					-1	-1	-1	-1	
31	26	7c8e71bc8c3f686c	5			yes					-1	-1	-1	-1	32	
32	31	4ec2d161dd8c6ad6	4			yes					-1	-1	-1	-1	
33	26	d51b3a1f473e5a46	5			yes					-1	-1	-1	-1	-1	
34	26	68a3ed843cbaadab	5			yes					-1	-1	-1	-1	-1	
35	2	855f7dd7d4168eaf	4			yes					-1	-1	-1	36	
36	35	bccdc5a3fa75d865	3			yes					-1	37	38	
37	36	c636dba2a7418081	5			yes					-1	-1	-1	-1	-1	
38	36	6e396b671bcd1ada	5			yes					-1	-1	-1	-1	-1	
39	2	46826e242b2c5801	4			yes					-1	-1	-1	-1	
40	1	e52343bd64d35c96	4			yes					41	45	48	51	
41	40	c5d1de6f24f3b465	3			yes					-1	42	43	
42	41	4e4f68a430907c69	4			yes					-1	-1	-1	-1	
43	41	2e88bab70da444c3	5			yes					-1	-1	-1	-1	44	
44	43	d440e0cb1eca1e54	4			yes					-1	-1	-1	-1	
45	40	e32f8e21bf1a3e5d	3			yes					-1	46	47	
46	45	5cc29199a970a5b3	4			yes					-1	-1	-1	-1	
47	45	23335aa6fc4ae22b	5			yes					-1	-1	-1	-1	-1	
48	40	1f6ce83ab58adcf2	3			yes					-1	-1	49	
49	48	26fe504e9be98a38	2			yes					50	-1	
50	49	34bde9e7cfb48ba6	5			yes					-1	-1	-1	-1	-1	
51	40	dcb1fbc94ab00a5c	3			yes					-1	-1	-1	
52	1	bde6063230317ff9	4			yes					53	57	62	64	
53	52	9d149be07011970a	3			yes					54	-1	55	
54	53	2de613b9b1902d71	4			yes					-1	-1	-1	-1	
55	53	d3f6bcdcbe13c264	5			yes					-1	-1	-1	-1	56	
56	55	293ee6a0ad7d98f3	4			yes					-1	-1	-1	-1	
57	52	a074b8b08a9f0a98	3			yes					-1	58	59	
58	57	c546357d8ca9c2b9	4			yes					-1	-1	-1	-1	
59	57	ad8195da225ed15c	5			yes					60	61	-1	-1	-1	
60	59	6f1113942d570147	4			yes					-1	-1	-1	-1	
61	59	2456f103458160e3	4			yes					-1	-1	-1	-1	
62	52	04f29b24d4edcb58	3			yes					-1	-1	63	
63	62	8813ebd05b79025e	5			yes					-1	-1	-1	-1	-1	
64	52	8474be461e522933	3			yes					-1	-1	-1	
65	1	ac42d3cfff1ef0f9	4			yes					66	69	71	73	
66	65	8cb04e1dbf3e180a	3			yes					67	68	-1	
67	66	f4359631e2e2c913	5			yes					-1	-1	-1	-1	-1	
68	66	f78810696e73095c	5			yes					-1	-1	-1	-1	-1	
69	65	b1d06d4d45b08598	3			yes					-1	70	-1	
70	69	803ac7215a3a7f5b	5			yes					-1	-1	-1	-1	-1	
71	65	7fb8c9013c46c120	3			yes					-1	-1	72	
72	71	7b79b27496e22c3a	5			yes					-1	-1	-1	-1	-1	
73	65	ee9a399e39d6ac4b	3			yes					-1	-1	-1	
74	1	edcc3864d34a3cd0	5			yes					75	84	91	95	96	
75	74	cd3ea5b6936ad423	4			yes					76	78	80	82	
76	75	96f7fbf416233fd9	5			yes					-1	-1	-1	-1	77	
77	76	171d70c808e92455	4			yes					-1	-1	-1	-1	
78	75	a37c06c3caa9688c	5			yes					-1	-1	-1	-1	79	
79	78	22968dffd4637300	4			yes					-1	-1	-1	-1	
80	75	2cefd0b5a9112e5c	5			yes					-1	-1	-1	-1	81	
81	80	ad055b89b7db35d0	4			yes					-1	-1	-1	-1	
82	75	34270fcba8afc4dc	3			yes					-1	83	-1	
83	82	01d788076b6e7dcf	5			yes					-1	-1	-1	-1	-1	
84	74	f05e86e669e449b1	4			yes					-1	85	86	88	
85	84	ba9430690fc87e31	5			yes					-1	-1	-1	-1	-1	
86	84	0f3f740789c94bd4	6			yes					-1	-1	-1	-1	-1	87	
87	86	8ed5ff3b97035058	5			yes					-1	-1	-1	-1	-1	
88	84	09472c9b5221594e	3			yes					-1	89	90	
89	88	b627837bd97a0973	5			yes					-1	-1	-1	-1	-1	
90	88	8c6fa0c495af7c43	5			yes					-1	-1	-1	-1	-1	
91	74	3e3622aa10120d09	4			yes					-1	-1	92	94	
92	91	f82966b78a841bad	6			yes					-1	-1	-1	-1	-1	93	
93	92	79c3ed8b944e0021	5			yes					-1	-1	-1	-1	-1	
94	91	c72f88d72bd71df6	3			yes					-1	-1	-1	
95	74	178393e30213bcb4	4			yes					-1	-1	-1	-1	
96	74	14d59219e88f2c2f	4			yes					-1	-1	-1	-1	
97	0	0eca922f77898ea9	5			yes					-1	98	131	144	156	
98	97	15767181b9585020	5			yes					99	112	119	126	130	
99	98	742daa330cf9671a	4			yes					100	102	106	109	
100	99	ea09e5fbac46c4e5	5			yes					-1	-1	-1	-1	101	
101	100	81452d381fddbe74	4			yes					-1	-1	-1	-1	
102	99	0e3efc1907930543	5			yes					-1	103	-1	104	105	
103	102	8433178214e1ce18	4			yes					-1	-1	-1	-1	
104	102	89c5107039c9907f	4			yes					-1	-1	-1	-1	
105	102	657234dab4087fd2	4			yes					-1	-1	-1	-1	
106	99	0dd833302df2397e	5			yes					-1	107	-1	-1	108	
107	106	87d5d8ab3e80f225	4			yes					-1	-1	-1	-1	
108	106	ff6fa160b4aa8009	4			yes					-1	-1	-1	-1	
109	99	f0c8e004fb9a248e	5			yes					-1	110	111	-1	-1	
110	109	7ac50b9fe8e8efd5	4			yes					-1	-1	-1	-1	
111	109	403dbe6ffd643af4	4			yes					-1	-1	-1	-1	
112	98	8582b406c5539351	4			yes					-1	113	114	115	
113	112	9bae43dd8528d9bd	4			yes					-1	-1	-1	-1	
114	112	d1b9972203666b55	4			yes					-1	-1	-1	-1	
115	112	bc100c72eb30c59b	3			yes					116	117	118	
116	115	7b8d77440cb3e4e3	5			yes					-1	-1	-1	-1	-1	
117	115	51a397bad1e78cb2	5			yes					-1	-1	-1	-1	-1	
118	115	ab4b1661fc429c9a	5			yes					-1	-1	-1	-1	-1	
119	98	32720dc6369022e5	4			yes					-1	-1	120	121	
120	119	d2ecd93c4a1885f8	5			yes					-1	-1	-1	-1	-1	
121	119	d11d2601ff82e3c3	6			yes					122	123	124	-1	-1	125	
122	121	3ed551c2ee30b9e6	5			yes					-1	-1	-1	-1	-1	
123	121	8027d1b7f20e0e53	5			yes					-1	-1	-1	-1	-1	
124	121	695a9d08f25bfc5d	5			yes					-1	-1	-1	-1	-1	
125	121	e35186dcae31e179	5			yes					-1	-1	-1	-1	-1	
126	98	ef39da066801d044	4			yes					-1	-1	-1	127	
127	126	d6ab62724662868e	3			yes					128	-1	129	
128	127	029a8c11aa1d6221	5			yes					-1	-1	-1	-1	-1	
129	127	0d2301ee34f5789d	5			yes					-1	-1	-1	-1	-1	
130	98	2ce4c9f5973b06ea	4			yes					-1	-1	-1	-1	
131	97	51e67e3872782772	4			yes					132	138	141	143	
132	131	30bda58ac7d91048	3			yes					133	134	135	
133	132	cb8e3d974f08adfd	4			yes					-1	-1	-1	-1	
134	132	953789a483abacf3	4			yes					-1	-1	-1	-1	
135	132	a57b31f58a1bca48	5			yes					-1	136	137	-1	-1	
136	135	94700a295ef2da95	4			yes					-1	-1	-1	-1	
137	135	81b28f28bb393695	4			yes					-1	-1	-1	-1	
138	131	e1ddfed07f1ed551	3			yes					-1	-1	139	
139	138	aa6c11e7a06f87b8	5			yes					-1	-1	-1	-1	140	
140	139	50a44b9bb301dd2f	4			yes					-1	-1	-1	-1	
141	131	e8f2e32e96a493d3	3			yes					-1	-1	142	
142	141	b00bc34ec8edbe80	5			yes					-1	-1	-1	-1	-1	
143	131	6874c64c5c1b71b8	3			yes					-1	-1	-1	
144	97	4042abc5bd57a872	4			yes					145	151	153	155	
145	144	2119707708f69f48	3			yes					146	147	150	
146	145	719390ce24b16c7e	5			yes					-1	-1	-1	-1	-1	
147	145	f18c2ada826083ad	5			yes					-1	-1	-1	148	149	
148	147	11de95ed7c126722	4			yes					-1	-1	-1	-1	
149	147	9ac0e21931fbf93c	4			yes					-1	-1	-1	-1	
150	145	7fd1d4f9b4993121	5			yes					-1	-1	-1	-1	-1	
151	144	f0792b2db0315a51	3			yes					-1	152	-1	
152	151	5d07ecc3398a1616	5			yes					-1	-1	-1	-1	-1	
153	144	93b8b10b7e0f99ab	3			yes					-1	-1	154	
154	153	43619aea057690e4	5			yes					-1	-1	-1	-1	-1	
155	144	029a41947b9ff4c0	3			yes					-1	-1	-1	
156	97	01cc406e9103645b	5			yes					157	170	176	180	181	
157	156	60979bdc24a25361	4			yes					158	160	163	165	
158	157	f31af5f735e06425	5			yes					-1	-1	-1	-1	159	
159	158	72f07ecb2b2a7fa9	4			yes					-1	-1	-1	-1	
160	157	8a782c9cfdc5d63f	5			yes					-1	-1	-1	161	162	
161	160	5c7cc1c6ea38bd72	4			yes					-1	-1	-1	-1	
162	160	57519f27fde6faef	4			yes					-1	-1	-1	-1	
163	157	772dfcf555cf6c5a	5			yes					-1	-1	-1	-1	164	
164	163	f6c777c94b0577d6	4			yes					-1	-1	-1	-1	
165	157	998e31a11f67439e	3			yes					166	167	168	
166	165	400506bf95238bcc	4			yes					-1	-1	-1	-1	
167	165	ad99c55bee88a078	5			yes					-1	-1	-1	-1	-1	
168	165	abca43bd9ad0049f	5			yes					-1	-1	-1	-1	169	
169	168	9986e360cb630625	4			yes					-1	-1	-1	-1	
170	156	b1f7c0869c659678	4			yes					-1	171	172	174	
171	170	01ee953b345edc4b	5			yes					-1	-1	-1	-1	-1	
172	170	0647533c1896c31d	5			yes					-1	-1	-1	-1	173	
173	172	87add800065cd891	4			yes					-1	-1	-1	-1	
174	170	48ee6afba7a08687	3			yes					-1	175	-1	
175	174	260f7cfc2713aa0c	5			yes					-1	-1	-1	-1	-1	
176	156	d2365aa0525b5582	4			yes					-1	-1	177	179	
177	176	c0314e291910a773	6			yes					-1	-1	-1	-1	-1	178	
178	177	41dbc51507dabcff	5			yes					-1	-1	-1	-1	-1	
179	176	2b2ff0dd699e457d	3			yes					-1	-1	-1	
180	156	fb83ebe9405ae43f	4			yes					-1	-1	-1	-1	
181	156	f8d5ea13aac674a4	4			yes					-1	-1	-1	-1	
182	0	417ce29038ce1928	5			yes					-1	-1	183	210	218	
183	182	fbb36924466c8864	5			yes					184	195	202	206	209	
184	183	9ae8b296f3cdbf5e	4			yes					185	189	191	192	
185	184	dbdb38a31873f141	5			yes					-1	186	187	-1	188	
186	185	fe1fff6c9875cfcb	4			yes					-1	-1	-1	-1	
187	185	922a5fd0f7ac7f24	4			yes					-1	-1	-1	-1	
188	185	b097f060abe88bd0	4			yes					-1	-1	-1	-1	
189	184	1d95edfac1973e07	5			yes					-1	-1	-1	-1	190	
190	189	76d92539720c4496	4			yes					-1	-1	-1	-1	
191	184	306d2114417afddd	5			yes					-1	-1	-1	-1	-1	
192	184	3e502ba7fd13c38d	5			yes					-1	193	194	-1	-1	
193	192	524ee31dfb348c5a	4			yes					-1	-1	-1	-1	
194	192	e8dc75669809e415	4			yes					-1	-1	-1	-1	
195	183	8f6ba560329f4a21	4			yes					-1	196	198	199	
196	195	7ea3d8c80b55c96e	5			yes					-1	-1	-1	-1	197	
197	196	15ef100bb8ceb3ff	4			yes					-1	-1	-1	-1	
198	195	b1f89547b959dbbc	5			yes					-1	-1	-1	-1	-1	
199	195	bfc59ff40530e5ec	5			yes					200	-1	201	-1	-1	
200	199	500de8371482bfc9	4			yes					-1	-1	-1	-1	
201	199	6949c135602ac274	4			yes					-1	-1	-1	-1	
202	183	630e57070f61a398	4			yes					-1	-1	-1	203	
203	202	5a9cef732102f552	3			yes					204	205	-1	
204	203	8c117f4561621e01	5			yes					-1	-1	-1	-1	-1	
205	203	ef274a77aba0e968	5			yes					-1	-1	-1	-1	-1	
206	183	b4ac91a1a63c8849	4			yes					-1	-1	-1	207	
207	206	a8afcbd00852781b	6			yes					-1	-1	-1	-1	-1	208	
208	207	9ae36b0d59e17aa1	5			yes					-1	-1	-1	-1	-1	
209	183	c221d150680fdeae	4			yes					-1	-1	-1	-1	
210	182	74b612a55b0b127e	4			yes					211	214	216	217	
211	210	15edc917eeaa2544	3			yes					212	213	-1	
212	211	b61fdc5928146539	5			yes					-1	-1	-1	-1	-1	
213	211	40f8380bbe8cdf8d	5			yes					-1	-1	-1	-1	-1	
214	210	006edee12ff8d03b	3			yes					-1	215	-1	
215	214	23ce0d39744e28e4	5			yes					-1	-1	-1	-1	-1	
216	210	575bfda7079aa9cd	3			yes					-1	-1	-1	
217	210	366ef8f49dc34ecc	3			yes					-1	-1	-1	
218	182	3538f90e775fde57	5			yes					219	232	240	244	245	
219	218	546322bcc2fee96d	4			yes					220	224	226	228	
220	219	e2ac6860ddf36197	5			yes					-1	221	222	-1	223	
221	220	c768afaf5df55f1d	4			yes					-1	-1	-1	-1	
222	220	244f24a844142965	4			yes					-1	-1	-1	-1	
223	220	3f85dbdbddd04d47	4			yes					-1	-1	-1	-1	
224	219	ec220ea99b650bce	5			yes					-1	-1	-1	-1	225	
225	224	6dc8859585af1042	4			yes					-1	-1	-1	-1	
226	219	5a507766a548b7d3	5			yes					-1	-1	-1	-1	227	
227	226	2d078b695001890f	4			yes					-1	-1	-1	-1	
228	219	ad7a88c1f93bf992	3			yes					229	230	231	
229	228	c54d81a7cebe17d0	5			yes					-1	-1	-1	-1	-1	
230	228	b9215af80a26fb77	5			yes					-1	-1	-1	-1	-1	
231	228	d0f2a6184eb66b27	5			yes					-1	-1	-1	-1	-1	
232	218	41e0354a03ac1c12	4			yes					-1	233	235	237	
233	232	8f143b9b51a7fca7	5			yes					-1	-1	-1	-1	234	
234	233	0efeb0a74f6de72b	4			yes					-1	-1	-1	-1	
235	232	dbc5c3355d6b91b2	5			yes					-1	-1	-1	-1	236	
236	235	ac923f3aa822af6e	4			yes					-1	-1	-1	-1	
237	232	b8f99f3738690ced	3			yes					-1	238	239	
238	237	da176fcac0e40c1e	5			yes					-1	-1	-1	-1	-1	
239	237	5167124bb6954d46	5			yes					-1	-1	-1	-1	-1	
240	218	16d5160c2bce65e4	4			yes					-1	-1	241	243	
241	240	f8e3032138710c56	5			yes					-1	-1	-1	-1	242	
242	241	7909881d26bb17da	4			yes					-1	-1	-1	-1	
243	240	efccbc71100b751b	3			yes					-1	-1	-1	
244	218	cf775289a6065e33	4			yes					-1	-1	-1	-1	
245	218	cc2153734c9acea8	4			yes					-1	-1	-1	-1	
246	0	1b00526177427bfb	5			yes					-1	-1	-1	247	263	
247	246	3008e81c5006a491	5			yes					248	253	257	260	262	
248	247	515333aee5a793ab	4			yes					249	250	251	252	
249	248	d0a33034a476e4b3	5			yes					-1	-1	-1	-1	-1	
250	248	ef721a5ca05d25b4	5			yes					-1	-1	-1	-1	-1	
251	248	65d6c9a71e31c165	3			yes					-1	-1	-1	
252	248	34696868775b400a	5			yes					-1	-1	-1	-1	-1	
253	247	44d0245824f566d4	4			yes					-1	254	255	256	
254	253	8c442f6e6a9fd2dd	5			yes					-1	-1	-1	-1	-1	
255	253	7055de51df63341a	3			yes					-1	-1	-1	
256	253	dcba5aa48eb3129a	5			yes					-1	-1	-1	-1	-1	
257	247	bde9f36aa957626f	4			yes					-1	-1	258	259	
258	257	896c096352c130a1	3			yes					-1	-1	-1	
259	257	9c00f9b5397eaf04	5			yes					-1	-1	-1	-1	-1	
260	247	048d1215ab90f65f	4			yes					-1	-1	-1	261	
261	260	98620c8038033381	3			yes					-1	-1	-1	
262	247	ace7f689c395614f	4			yes					-1	-1	-1	-1	
263	246	d86f3bebe71a97df	5			yes					264	277	286	290	291	
264	263	b934e05952bba0e5	4			yes					265	269	272	274	
265	264	8410840d5191e01d	5			yes					-1	266	267	-1	268	
266	265	487a84142bcd998a	4			yes					-1	-1	-1	-1	
267	265	cde1e37ebe4e6e78	4			yes					-1	-1	-1	-1	
268	265	593937b651b2cccd	4			yes					-1	-1	-1	-1	
269	264	bbc1ae6555ba211a	5			yes					-1	-1	270	-1	271	
270	269	4ba06e40580e3ddb	4			yes					-1	-1	-1	-1	
271	269	66e81dde55990dca	4			yes					-1	-1	-1	-1	
272	264	4dc010a5e6642e47	5			yes					-1	-1	-1	-1	273	
273	272	cc2a9b99f8ae35cb	4			yes					-1	-1	-1	-1	
274	264	402d4a24697eb01a	3			yes					275	276	-1	
275	274	a3f16dca42dc965a	5			yes					-1	-1	-1	-1	-1	
276	274	9c2047a246f7575d	5			yes					-1	-1	-1	-1	-1	
277	263	acb7f7af93e9559a	4			yes					-1	278	282	284	
278	277	d8f79b579f78d673	5			yes					279	-1	280	-1	281	
279	278	373fec948eca8c56	4			yes					-1	-1	-1	-1	
280	278	28965b7292cccab2	4			yes					-1	-1	-1	-1	
281	278	05de28ec9f5bfaa3	4			yes					-1	-1	-1	-1	
282	277	e66299b49d3ae51d	5			yes					-1	-1	-1	-1	283	
283	282	6788128883f0fe91	4			yes					-1	-1	-1	-1	
284	277	55ae5dd2a82c4565	3			yes					-1	285	-1	
285	284	ff1672908c35a034	5			yes					-1	-1	-1	-1	-1	
286	263	558e209d1e4b5121	4			yes					-1	-1	287	289	
287	286	80d212a6966a0dd0	5			yes					-1	-1	-1	-1	288	
288	287	0138999a88a0165c	4			yes					-1	-1	-1	-1	
289	286	ac978ae0258e41de	3			yes					-1	-1	-1	
290	263	617ba6fd03c6237e	4			yes					-1	-1	-1	-1	
291	263	21769196dcdf8720	4			yes					-1	-1	-1	-1	
292	0	a36274205a1c5fa7	5			yes					-1	-1	-1	-1	293	
293	292	8de1b9db424cfa3d	4			yes					294	307	319	332	
294	293	6f5741ca600f9416	5			yes					295	298	303	305	306	
295	294	4fa5dc18202f7ce5	4			yes					-1	-1	-1	296	
296	295	0004173cf700b431	6			yes					-1	-1	-1	-1	-1	297	
297	296	86b1b3ab8ada9467	5			yes					-1	-1	-1	-1	-1	
298	294	72c5ff48daa1e177	4			yes					-1	299	-1	301	
299	298	a8d7352fe0ab86aa	6			yes					-1	-1	-1	-1	-1	300	
300	299	293dbe13fe619d26	5			yes					-1	-1	-1	-1	-1	
301	298	376b3ae82bf7752d	3			yes					-1	302	-1	
302	301	af881a8483bbbd70	6			yes					-1	-1	-1	-1	-1	-1	
303	294	bcad5b04a357a5cf	4			yes					-1	-1	-1	304	
304	303	f9039ea452013195	3			yes					-1	-1	-1	
305	294	ab34fc3ec8803811	4			yes					-1	-1	-1	-1	
306	294	2af9846a9159004c	4			yes					-1	-1	-1	-1	
307	293	835739c02246cc9d	5			yes					308	312	315	317	318	
308	307	e20ce27297e7fba7	4			yes					-1	309	-1	310	
309	308	47e951a231d8d5ec	5			yes					-1	-1	-1	-1	-1	
310	308	a7a227d266b16ffd	3			yes					-1	311	-1	
311	310	49107f97e2d977b9	5			yes					-1	-1	-1	-1	-1	
312	307	336cb9282f203ebe	4			yes					-1	-1	-1	313	
313	312	2aac94b546875970	6			yes					-1	-1	-1	-1	-1	314	
314	313	ac1930223b5d7926	5			yes					-1	-1	-1	-1	-1	
315	307	50ad230ee11efd44	4			yes					-1	-1	-1	316	
316	315	1503e6ae1048691e	3			yes					-1	-1	-1	
317	307	473484348ac9609a	4			yes					-1	-1	-1	-1	
318	307	c6f9fc60d31058c7	4			yes					-1	-1	-1	-1	
319	293	b7a380a0c41a7691	5			yes					320	325	327	330	331	
320	319	d6f85b1271bb41ab	4			yes					321	-1	-1	323	
321	320	9ef22e5792859cc8	6			yes					-1	-1	-1	-1	-1	322	
322	321	1f18a56b8c4f8744	5			yes					-1	-1	-1	-1	-1	
323	320	93569eb280edd5f1	3			yes					324	-1	-1	
324	323	99ad01fcf195a712	6			yes					-1	-1	-1	-1	-1	-1	
325	319	c37b4ce4b0e9b4d4	4			yes					-1	-1	-1	326	
326	325	86d5894441bf208e	3			yes					-1	-1	-1	
327	319	944e6fa2988bcd22	4			yes					-1	-1	-1	328	
328	327	598dc91fb053f5b2	6			yes					-1	-1	-1	-1	-1	329	
329	328	df386d88cd89d5e4	5			yes					-1	-1	-1	-1	-1	
330	319	73c03d546c95da96	4			yes					-1	-1	-1	-1	
331	319	f20d4500354ce2cb	4			yes					-1	-1	-1	-1	
332	293	8c741791a48446a3	5			yes					333	338	341	342	-1	
333	332	ed2fcc2311257199	4			yes					334	336	-1	-1	
334	333	f84ec23a1ee71d42	6			yes					-1	-1	-1	-1	-1	335	
335	334	79a44906002d06ce	5			yes					-1	-1	-1	-1	-1	
336	333	c79fe8521accdc45	6			yes					-1	-1	-1	-1	-1	337	
337	336	4675636e0406c7c9	5			yes					-1	-1	-1	-1	-1	
338	332	f8acdbd5d07784e6	4			yes					-1	339	-1	-1	
339	338	a4a9dd60d00e2b2c	6			yes					-1	-1	-1	-1	-1	340	
340	339	2543565ccec430a0	5			yes					-1	-1	-1	-1	-1	
341	332	01950ce75dd5805d	4			yes					-1	-1	-1	-1	
342	332	b8f1ed985f12146d	4			yes					-1	-1	-1	-1	
343	0	87406f52cf73c47d	5			yes					-1	-1	-1	-1	-1	
