Number of nodes
303
ID	PID	Hash_Value			File_Number	Fully_Enumerated	Children
0	-1	6e9ca37efa0a2eb1	6			yes					1	88	168	230	273	302	
1	0	3b2d509fdf1760d5	5			yes					2	39	48	60	69	
2	1	6468e9602d7080a9	5			yes					3	12	20	34	38	
3	2	3dfb734b9ba27a44	4			yes					4	5	6	7	
4	3	5afc9ddbb1dc37fa	4			yes					-1	-1	-1	-1	
5	3	6a072da88c0a9d22	4			yes					-1	-1	-1	-1	
6	3	1a795aae00984bc5	4			yes					-1	-1	-1	-1	
7	3	a75b939eb3ebbe8a	3			yes					8	9	11	
8	7	bbcb91f5edc0d241	4			yes					-1	-1	-1	-1	
9	7	03141814695d9789	5			yes					-1	-1	-1	-1	10	
10	9	99db9def17924283	4			yes					-1	-1	-1	-1	
11	7	ccc14c8db60ef5b3	5			yes					-1	-1	-1	-1	-1	
12	2	6f4b3b16bf8ae6b6	4			yes					-1	13	16	17	
13	12	59031cc682b8db25	5			yes					14	15	-1	-1	-1	
14	13	dcd19b61713adbe3	4			yes					-1	-1	-1	-1	
15	13	2c24706c5a36ea0e	4			yes					-1	-1	-1	-1	
16	12	771cebfc0c66e0db	5			yes					-1	-1	-1	-1	-1	
17	12	fd33668eb181af61	5			yes					18	19	-1	-1	-1	
18	17	78e1e1294203afa7	4			yes					-1	-1	-1	-1	
19	17	88140a24690f9e4a	4			yes					-1	-1	-1	-1	
20	2	cd6f057f3abef617	4			yes					-1	-1	21	25	
21	20	b7c3347ebcfb7542	5			yes					22	23	24	-1	-1	
22	21	3211b3d94f797584	4			yes					-1	-1	-1	-1	
23	21	5b9b8fe6f4c9bb66	4			yes					-1	-1	-1	-1	
24	21	94816fe9e8674a95	4			yes					-1	-1	-1	-1	
25	20	c39222bc752ff3b7	6			yes					26	28	30	-1	32	33	
26	25	4640a51b86adf371	5			yes					-1	-1	-1	-1	27	
27	26	dc8f20e0f862267b	4			yes					-1	-1	-1	-1	
28	25	2fca99243d1d3d93	5			yes					-1	-1	-1	-1	29	
29	28	b5051cdf43d2e899	4			yes					-1	-1	-1	-1	
30	25	e0d0792b21b3cc60	5			yes					-1	-1	-1	-1	31	
31	30	7a1ffcd05f7c196a	4			yes					-1	-1	-1	-1	
32	25	b38a629cffdc2bcb	5			yes					-1	-1	-1	-1	-1	
33	25	595da7470be026bd	5			yes					-1	-1	-1	-1	-1	
34	2	611744971baf2e82	4			yes					-1	-1	-1	35	
35	34	fbb7a44233e6ea4c	3			yes					-1	36	37	
36	35	4dfd7114230689ac	5			yes					-1	-1	-1	-1	-1	
37	35	8d22ae96939b1c35	5			yes					-1	-1	-1	-1	-1	
38	2	fec809b505394467	4			yes					-1	-1	-1	-1	
39	1	6c1b93205ce72f61	4			yes					40	43	45	47	
40	39	ae232e99ead9e870	3			yes					-1	-1	41	
41	40	d6547c93013e1d22	5			yes					-1	42	-1	-1	-1	
42	41	cfb30bca13b40d65	4			yes					-1	-1	-1	-1	
43	39	991f0ec4b153cfe3	3			yes					-1	-1	44	
44	43	1c3f5c6860cc4660	5			yes					-1	-1	-1	-1	-1	
45	39	ad9cc08873c3e35d	3			yes					-1	-1	46	
46	45	373c205d5b8a2793	2			yes					-1	-1	
47	39	f6bb73f574aeebaf	3			yes					-1	-1	-1	
48	1	a06327e7e6de73d6	4			yes					49	52	57	59	
49	48	625b9a5e50e0b4c7	3			yes					50	-1	51	
50	49	81aee4938fcf94f2	4			yes					-1	-1	-1	-1	
51	49	4b0122a126b54891	5			yes					-1	-1	-1	-1	-1	
52	48	2ed50b4f192f9096	3			yes					-1	-1	53	
53	52	c6f250b856aa126a	6			yes					54	55	-1	-1	-1	56	
54	53	4320d71fa52812ac	5			yes					-1	-1	-1	-1	-1	
55	53	52b8b57328ea7d84	5			yes					-1	-1	-1	-1	-1	
56	53	5c3dd5432865c760	5			yes					-1	-1	-1	-1	-1	
57	48	d62e71c46186e09f	3			yes					-1	-1	58	
58	57	ad4417210e5b8a18	5			yes					-1	-1	-1	-1	-1	
59	48	3ac3c732ce97b718	3			yes					-1	-1	-1	
60	1	2936ceec8a0705fa	4			yes					61	64	66	68	
61	60	eb0e73553c39c2eb	3			yes					62	63	-1	
62	61	da2e8aa8975eb570	5			yes					-1	-1	-1	-1	-1	
63	61	62d46a83a7b39405	5			yes					-1	-1	-1	-1	-1	
64	60	a780e24475f6e6ba	3			yes					-1	65	-1	
65	64	aa3be5bff902262a	5			yes					-1	-1	-1	-1	-1	
66	60	803122f39dc97344	3			yes					-1	-1	67	
67	66	04d1dc22d7f174f9	5			yes					-1	-1	-1	-1	-1	
68	60	e5897d0e5e0152ef	3			yes					-1	-1	-1	
69	1	18088d494a8ad18f	5			yes					70	77	83	86	87	
70	69	da3030f0fcb4169e	4			yes					71	72	73	74	
71	70	2cc28356f08e1a11	4			yes					-1	-1	-1	-1	
72	70	cb95e1d0e2972329	4			yes					-1	-1	-1	-1	
73	70	2bfdddfa5a29752e	4			yes					-1	-1	-1	-1	
74	70	22ce6d40dee03bd5	3			yes					-1	75	-1	
75	74	7ace0a7696b4a792	5			yes					-1	-1	-1	-1	76	
76	75	e0018f8de87b7298	4			yes					-1	-1	-1	-1	
77	69	96bea1e1b57b32cf	4			yes					-1	78	79	80	
78	77	9da6ba5ce5a9ce1e	5			yes					-1	-1	-1	-1	-1	
79	77	c28e63bcc1c87738	5			yes					-1	-1	-1	-1	-1	
80	77	6e40fc51972f1f84	3			yes					-1	81	82	
81	80	0cd9844853cb2b70	5			yes					-1	-1	-1	-1	-1	
82	80	9fc6111ab64a9d05	5			yes					-1	-1	-1	-1	-1	
83	69	b10f61565d44a731	4			yes					-1	-1	84	85	
84	83	5999ae84a0739ec4	5			yes					-1	-1	-1	-1	-1	
85	83	49f13ce67f108a7a	3			yes					-1	-1	-1	
86	69	1d7720be7c557fa4	4			yes					-1	-1	-1	-1	
87	69	e0f6d0f968defcc4	4			yes					-1	-1	-1	-1	
88	0	b86c76cc629bc3bf	5			yes					-1	89	124	139	148	
89	88	21f3e956fb69a8a0	5			yes					90	102	109	119	123	
90	89	f502c859c101602f	4			yes					91	92	96	98	
91	90	4e8d5fec7ca970f8	5			yes					-1	-1	-1	-1	-1	
92	90	57d5f2bfa05cfa2a	5			yes					-1	93	-1	94	95	
93	92	2803dbe1efad521b	4			yes					-1	-1	-1	-1	
94	92	948aafb93eaeaad9	4			yes					-1	-1	-1	-1	
95	92	f0cb2720dfc2ed4d	4			yes					-1	-1	-1	-1	
96	90	7446de9126ec761d	5			yes					-1	97	-1	-1	-1	
97	96	0b90f7cf691dde2c	4			yes					-1	-1	-1	-1	
98	90	cb6d2ce540bbd3b0	5			yes					-1	99	100	-1	101	
99	98	b4bb05bb0f4a7b81	4			yes					-1	-1	-1	-1	
100	98	9a549be362f758fe	4			yes					-1	-1	-1	-1	
101	98	1e7e2d7c59b31ace	4			yes					-1	-1	-1	-1	
102	89	ea3f912207e6d24f	4			yes					-1	103	104	105	
103	102	c03bc5e67712b91a	5			yes					-1	-1	-1	-1	-1	
104	102	f16fbc632288452b	4			yes					-1	-1	-1	-1	
105	102	709f71f72faf1681	3			yes					106	107	108	
106	105	f2a97d48afc87629	5			yes					-1	-1	-1	-1	-1	
107	105	6d405ac72d651eb8	5			yes					-1	-1	-1	-1	-1	
108	105	27d7aa40941efb5d	5			yes					-1	-1	-1	-1	-1	
109	89	80e21459d871d885	4			yes					-1	-1	110	111	
110	109	3991d89d5060e665	5			yes					-1	-1	-1	-1	-1	
111	109	b9979307ff4ecb7f	6			yes					112	114	116	-1	-1	118	
112	111	be228e697564248f	5			yes					-1	-1	-1	-1	113	
113	112	24ed0b920babf185	4			yes					-1	-1	-1	-1	
114	111	55cf289fb77c055b	5			yes					-1	-1	-1	-1	115	
115	114	cf00ad64c9b3d051	4			yes					-1	-1	-1	-1	
116	111	7906ae7fef4d2f5a	5			yes					-1	-1	-1	-1	117	
117	116	e3c92b849182fa50	4			yes					-1	-1	-1	-1	
118	111	235816fc81811e75	5			yes					-1	-1	-1	-1	-1	
119	89	248c44a1cdb6068b	4			yes					-1	-1	-1	120	
120	119	be2ca474e5ffc245	3			yes					121	-1	122	
121	120	4ea74479098c1f6a	5			yes					-1	-1	-1	-1	-1	
122	120	037042757f008f12	5			yes					-1	-1	-1	-1	-1	
123	89	bb530983d3206c6e	4			yes					-1	-1	-1	-1	
124	88	15417a2f26bc6efd	4			yes					125	134	136	138	
125	124	c1b05b201cd4a672	3			yes					126	-1	127	
126	125	3f5661f63ed41d3b	4			yes					-1	-1	-1	-1	
127	125	8ecb0a7c830ad303	6			yes					-1	128	130	-1	132	133	
128	127	3a496b532ce60fb1	5			yes					-1	-1	-1	-1	129	
129	128	a086eea85229dabb	4			yes					-1	-1	-1	-1	
130	127	6be9c1b4e152869e	5			yes					-1	-1	-1	-1	131	
131	130	f126444f9f9d5394	4			yes					-1	-1	-1	-1	
132	127	6bf2a517ee7cfe3c	5			yes					-1	-1	-1	-1	-1	
133	127	14048f87fdc50609	5			yes					-1	-1	-1	-1	-1	
134	124	4d79719e867256dc	3			yes					-1	-1	135	
135	134	5f6205cc4e5c00d0	5			yes					-1	-1	-1	-1	-1	
136	124	1669ca6bb2ef3460	3			yes					-1	-1	137	
137	136	0034203b5c06fff4	5			yes					-1	-1	-1	-1	-1	
138	124	8fe19afa0ef5aa33	3			yes					-1	-1	-1	
139	88	328aa4c5d9e7a0d4	4			yes					140	144	146	147	
140	139	e67b85cae38f685b	3			yes					141	142	143	
141	140	f87d1cb5ba6b355f	5			yes					-1	-1	-1	-1	-1	
142	140	a460f0a7e96c8438	5			yes					-1	-1	-1	-1	-1	
143	140	7837da235829f177	5			yes					-1	-1	-1	-1	-1	
144	139	6ab2af74792998f5	3			yes					-1	145	-1	
145	144	ef38428a3ac1fe3a	5			yes					-1	-1	-1	-1	-1	
146	139	4076995c4ea0a7bb	3			yes					-1	-1	-1	
147	139	fe3517270de1f7c1	3			yes					-1	-1	-1	
148	88	03b4e760196a74a1	5			yes					149	158	162	166	167	
149	148	d745c66f2302bc2e	4			yes					150	151	152	154	
150	149	2a920c3bcb26d393	4			yes					-1	-1	-1	-1	
151	149	ccb86a0d43f1c825	5			yes					-1	-1	-1	-1	-1	
152	149	3a888bed0b2413b2	5			yes					-1	-1	-1	-1	153	
153	152	f53e48475da2495c	4			yes					-1	-1	-1	-1	
154	149	2fbb9bdf01569165	3			yes					155	157	-1	
155	154	2f78a9f75fddb1ad	5			yes					-1	-1	-1	-1	156	
156	155	b5b72c0c211264a7	4			yes					-1	-1	-1	-1	
157	154	1d464d8622a21005	5			yes					-1	-1	-1	-1	-1	
158	148	5b8cecd1b9a44c80	4			yes					-1	159	160	161	
159	158	e5e45ef5c188500a	5			yes					-1	-1	-1	-1	-1	
160	158	37c6eb15a9639fe8	4			yes					-1	-1	-1	-1	
161	158	a372b1619bf061cb	3			yes					-1	-1	-1	
162	148	7148daf98e2d73ce	4			yes					-1	-1	163	164	
163	162	276e096524870148	5			yes					-1	-1	-1	-1	-1	
164	162	89b68749ac795e85	3			yes					-1	-1	165	
165	164	7a267bc35305eb75	5			yes					-1	-1	-1	-1	-1	
166	148	06cb4a972fb5da8a	4			yes					-1	-1	-1	-1	
167	148	fb4abad03b3e59ea	4			yes					-1	-1	-1	-1	
168	0	3d455a10ec27d2e7	5			yes					-1	-1	169	200	209	
169	168	0a58d78476570ccc	5			yes					170	184	193	196	199	
170	169	dea9f68b4c3fc443	4			yes					171	174	175	177	
171	170	4afcf93afcaeced8	5			yes					-1	172	173	-1	-1	
172	171	8937e6211c25f9db	4			yes					-1	-1	-1	-1	
173	171	9448b1cab2a03a56	4			yes					-1	-1	-1	-1	
174	170	dad205c6cd1e6a9b	5			yes					-1	-1	-1	-1	-1	
175	170	2cc45c2a27148742	5			yes					-1	-1	-1	-1	176	
176	175	6e3cb8cd7dcb05fc	4			yes					-1	-1	-1	-1	
177	170	e13effa60283b6b3	6			yes					-1	178	180	-1	182	183	
178	177	073c7a14db9a9ba2	5			yes					-1	-1	-1	-1	179	
179	178	9df3ffefa5554ea8	4			yes					-1	-1	-1	-1	
180	177	316b6b461917a1ba	5			yes					-1	-1	-1	-1	181	
181	180	aba4eebd67d874b0	4			yes					-1	-1	-1	-1	
182	177	040750cd6ff59b8c	5			yes					-1	-1	-1	-1	-1	
183	177	7bf17a5d7c4c63b9	5			yes					-1	-1	-1	-1	-1	
184	169	e764201cfceb76d8	4			yes					-1	185	186	188	
185	184	16cda8c6bd1d9bdf	5			yes					-1	-1	-1	-1	-1	
186	184	932474a507c65265	5			yes					-1	-1	-1	-1	187	
187	186	d1dc90425d19d0db	4			yes					-1	-1	-1	-1	
188	184	7dc4c0c9d4a2b216	3			yes					189	191	192	
189	188	f6d8db9e2fcfc809	5			yes					-1	-1	190	-1	-1	
190	189	286c936e61c13c87	4			yes					-1	-1	-1	-1	
191	188	aae98a626e7c9d0e	5			yes					-1	-1	-1	-1	-1	
192	188	f371d04b3992fec1	5			yes					-1	-1	-1	-1	-1	
193	169	1f54ba0b961226f3	4			yes					-1	-1	-1	194	
194	193	85f45adebe5be23d	3			yes					195	-1	-1	
195	194	66f627621e7f6c4a	5			yes					-1	-1	-1	-1	-1	
196	169	b6615bcd78d85c6a	4			yes					-1	-1	-1	197	
197	196	d47248700de13167	6			yes					-1	-1	-1	-1	-1	198	
198	197	4ebdcd8b732ee46d	5			yes					-1	-1	-1	-1	-1	
199	169	90f837515e1ec802	4			yes					-1	-1	-1	-1	
200	168	4b7b396835357d51	4			yes					201	205	207	208	
201	200	9f8a18670f5db5de	3			yes					202	204	-1	
202	201	dd2b1eb4c55fecf0	5			yes					-1	-1	-1	-1	203	
203	202	5f90fc734220e7d9	4			yes					-1	-1	-1	-1	
204	201	9a820d675d366d76	5			yes					-1	-1	-1	-1	-1	
205	200	a647cef0bf890745	3			yes					-1	206	-1	
206	205	a63955cc3a5b70eb	5			yes					-1	-1	-1	-1	-1	
207	200	92da043b32209f8a	3			yes					-1	-1	-1	
208	200	e06cebc4b7c15040	3			yes					-1	-1	-1	
209	168	6874a851e32101d2	5			yes					210	220	226	228	229	
210	209	bc85895ed949c95d	4			yes					211	214	215	216	
211	210	902b1f71c2f82885	5			yes					-1	212	213	-1	-1	
212	211	53e0006a22731f86	4			yes					-1	-1	-1	-1	
213	211	d081067bf52aaa92	4			yes					-1	-1	-1	-1	
214	210	0387213733a4632c	5			yes					-1	-1	-1	-1	-1	
215	210	ceb90e5bed1506e8	5			yes					-1	-1	-1	-1	-1	
216	210	447bd4eefb1de416	3			yes					217	218	219	
217	216	68c68a645613be90	5			yes					-1	-1	-1	-1	-1	
218	216	b21337e2da210873	5			yes					-1	-1	-1	-1	-1	
219	216	7096e4e673bd2c84	5			yes					-1	-1	-1	-1	-1	
220	209	85485fc9699d7bc6	4			yes					-1	221	222	223	
221	220	c3dd143e21b361c5	5			yes					-1	-1	-1	-1	-1	
222	220	715926d4cdc7d3cf	5			yes					-1	-1	-1	-1	-1	
223	220	7db602794bc9568d	3			yes					-1	224	225	
224	223	724902ebc8360a9a	5			yes					-1	-1	-1	-1	-1	
225	223	cf76cc69536ff9a3	5			yes					-1	-1	-1	-1	-1	
226	209	b1d59502e434e309	4			yes					-1	-1	-1	227	
227	226	492bc8b2c660ce42	3			yes					-1	-1	-1	
228	209	1892b67495957d0b	4			yes					-1	-1	-1	-1	
229	209	908af5e1c1752c99	4			yes					-1	-1	-1	-1	
230	0	57e00a72749b04fc	5			yes					-1	-1	-1	231	250	
231	230	6b71fc7a3824271d	5			yes					232	239	244	247	249	
232	231	bf80dd75024cef92	4			yes					233	235	237	238	
233	232	c6223fba926a526c	5			yes					-1	-1	-1	-1	234	
234	233	4499dd7d15155945	4			yes					-1	-1	-1	-1	
235	232	df211e0322edb9fc	5			yes					-1	-1	-1	-1	236	
236	235	5d9afcc4a592b2d5	4			yes					-1	-1	-1	-1	
237	232	b2eb439e6a50147e	5			yes					-1	-1	-1	-1	-1	
238	232	02fb556413c7006e	5			yes					-1	-1	-1	-1	-1	
239	231	864d0be2b2985d09	4			yes					-1	240	242	243	
240	239	a798742d1120ff80	5			yes					-1	-1	-1	-1	241	
241	240	252396ea965ff4a9	4			yes					-1	-1	-1	-1	
242	239	7e002fbb568e4dd4	5			yes					-1	-1	-1	-1	-1	
243	239	871c46a618e44dbc	5			yes					-1	-1	-1	-1	-1	
244	231	e92baa9fdd278eee	4			yes					-1	-1	245	246	
245	244	0d364f4fd181c4a4	5			yes					-1	-1	-1	-1	-1	
246	244	189f99a087f89006	5			yes					-1	-1	-1	-1	-1	
247	231	06eb51d3f2d19dfe	4			yes					-1	-1	-1	248	
248	247	bb97807255d71b68	3			yes					-1	-1	-1	
249	231	d60d2ddb9f22a18b	4			yes					-1	-1	-1	-1	
250	230	35248be1f0dba56a	5			yes					251	261	268	271	272	
251	250	e1d5aaeecab36de5	4			yes					252	255	257	258	
252	251	8b223e7f95cd9619	5			yes					-1	253	254	-1	-1	
253	252	cdfe51905baf691f	4			yes					-1	-1	-1	-1	
254	252	5596768fdbc36297	4			yes					-1	-1	-1	-1	
255	251	92211fc6254a7d89	5			yes					-1	256	-1	-1	-1	
256	255	542ac9cdc79336c7	4			yes					-1	-1	-1	-1	
257	251	1c43616a5dfcd75b	4			yes					-1	-1	-1	-1	
258	251	192bf75ee8e740ae	3			yes					259	260	-1	
259	258	73cfab6a0126000c	5			yes					-1	-1	-1	-1	-1	
260	258	6acc8ad3b1a1eb9c	5			yes					-1	-1	-1	-1	-1	
261	250	d8187c797a67df7e	4			yes					-1	262	265	266	
262	261	ea9875e816873bf5	5			yes					263	-1	264	-1	-1	
263	262	ed2d68869cadd405	4			yes					-1	-1	-1	-1	
264	262	c8ed680f12bf9d55	4			yes					-1	-1	-1	-1	
265	261	54c5f2935cfb588d	4			yes					-1	-1	-1	-1	
266	261	20e621c95833f235	3			yes					-1	267	-1	
267	266	1275e0fd826cade0	5			yes					-1	-1	-1	-1	-1	
268	250	b77edd0415d80c99	4			yes					-1	-1	269	270	
269	268	27f39267dbf4d1fd	4			yes					-1	-1	-1	-1	
270	268	4f8080b4378c21d2	3			yes					-1	-1	-1	
271	250	4369ddc277833623	4			yes					-1	-1	-1	-1	
272	250	cddad651d28f8821	4			yes					-1	-1	-1	-1	
273	0	3f858486754c8a9e	5			yes					-1	-1	-1	-1	274	
274	273	e9e4763125307571	4			yes					275	281	287	294	
275	274	6014d382935263db	4			yes					276	278	280	-1	
276	275	a22c6e3b256ca4ca	3			yes					-1	277	-1	
277	276	b9829ebbeb15bda0	5			yes					-1	-1	-1	-1	-1	
278	275	eea2ff2a6ca3809b	3			yes					-1	279	-1	
279	278	9f260761ef546b52	5			yes					-1	-1	-1	-1	-1	
280	275	c9133f9d849c1565	3			yes					-1	-1	-1	
281	274	7ba8b9abc0b2c6f5	4			yes					282	285	286	-1	
282	281	af5998a4fada0e7a	3			yes					283	284	-1	
283	282	232be88df6cd1cfa	5			yes					-1	-1	-1	-1	-1	
284	282	917d1279ff3ac940	5			yes					-1	-1	-1	-1	-1	
285	281	2390b21a607cfed4	3			yes					-1	-1	-1	
286	281	0954843257f5c19a	3			yes					-1	-1	-1	
287	274	4c59722859ae9fe8	4			yes					288	291	293	-1	
288	287	98a8532763c65767	3			yes					289	290	-1	
289	288	e836fc6ad309a188	5			yes					-1	-1	-1	-1	-1	
290	288	41d4f95f119044d3	5			yes					-1	-1	-1	-1	-1	
291	287	a16585b0d312e5fc	3			yes					-1	292	-1	
292	291	7d6fa1f476fd594e	5			yes					-1	-1	-1	-1	-1	
293	287	95f84f7b5ebb7d33	3			yes					-1	-1	-1	
294	274	0fb8fa0c438a6ca7	5			yes					295	298	300	301	-1	
295	294	db49db0379e2a428	4			yes					296	297	-1	-1	
296	295	f33fdd64843c1f14	5			yes					-1	-1	-1	-1	-1	
297	295	ea3cfcdd34bbf484	5			yes					-1	-1	-1	-1	-1	
298	294	e2840d94c93616b3	4			yes					-1	299	-1	-1	
299	298	928596f30776b2f8	5			yes					-1	-1	-1	-1	-1	
300	294	8de2ace9a689c554	4			yes					-1	-1	-1	-1	
301	294	622257a5897fd644	4			yes					-1	-1	-1	-1	
302	0	b8fd51c9aa76d15e	5			yes					-1	-1	-1	-1	-1	
