Number of nodes
276
ID	PID	Hash_Value			File_Number	Fully_Enumerated	Children
0	-1	cdf84f786e2daac1	7			no					1	-2	-2	-2	-2	-2	-2	
1	0	4b51974fd7682119	6			no					147	-2	-2	-2	-2	-2	
2	1	92e47a66425815f5	5			no					124	-2	-2	-2	-2	
3	2	e261a19e6c44eee3	4			no					260	-2	-2	-2	
4	3	63da4be4d8dedab8	5			no					165	-2	-2	-2	-2	
5	4	11524729d54c17ee	4			no					78	-2	-2	-2	
6	5	c4ea5d4a0818da00	6			yes					7	11	15	-1	20	27	
7	6	06133a1da33b9b7b	5			yes					-1	-1	-1	8	10	
8	7	a91b23ee4a9689c0	4			yes					-1	-1	-1	9	
9	8	34dc5fc621849a78	3			yes					-1	-1	-1	
10	7	9bd44635c82988c3	4			yes					-1	-1	-1	-1	
11	6	5b9331a1c58dec75	5			yes					-1	-1	-1	12	14	
12	11	f49b28522c20fece	4			yes					-1	-1	-1	13	
13	12	695c547a4732ed76	3			yes					-1	-1	-1	
14	11	c6544d89ae9fffcd	4			yes					-1	-1	-1	-1	
15	6	cc3fbbbe1df1c374	5			yes					-1	-1	-1	16	17	
16	15	6337a24df45cd1cf	4			yes					-1	-1	-1	-1	
17	15	51f8c79676e3d0cc	4			yes					-1	-1	-1	-1	
18	5	311322748a88f3f2	6			yes					19	36	40	44	53	-1	
19	18	5b1a5913d4393f38	5			yes					-1	-1	31	-1	-1	
20	6	6be244b9e1b5c8bb	5			yes					-1	-1	-1	-1	21	
21	20	f62538918aa7db03	4			yes					-1	-1	-1	-1	
22	3	4bd4e2a36bd9c15d	5			no					23	-2	-2	-2	-2	
23	22	b058e5483d6b3580	4			no					120	-2	-2	-2	
24	23	edc8dbb26270282f	3			no					111	-2	-2	
25	24	af0a024b2108b64d	6			yes					26	56	86	-1	113	116	
26	25	b4d456ba6273ab06	5			yes					-1	-1	-1	-1	50	
27	6	592d2162630ac9b8	5			yes					-1	-1	-1	-1	-1	
28	23	be7df51d106b28dc	8			yes					29	71	105	137	-1	142	-1	154	
29	28	a5a3a1ec53103597	7			yes					30	43	-1	-1	-1	-1	67	
30	29	f7fd1bed907a1e30	6			yes					-1	-1	-1	-1	-1	37	
31	19	0d1b5d1ca1795394	4			yes					-1	-1	-1	-1	
32	19	1a012fc823c6f71e	4			no					-1	-2	-2	-2	
33	5	fbd31b2632af7c2b	7			yes					34	133	-1	173	187	-1	194	
34	33	29f08d7c213b3aa1	6			yes					35	-1	88	-1	-1	117	
35	34	1279a2adcd625532	5			yes					-1	-1	-1	-1	57	
36	18	9bb26bcff470079c	5			yes					-1	-1	38	-1	-1	
37	30	cc0f12fb61aeb54e	5			yes					-1	-1	-1	-1	-1	
38	36	cdb36fc081306b30	4			yes					-1	-1	-1	-1	
39	36	daa91d14038fcfba	4			yes					-1	-1	-1	-1	
40	18	4c65d29510433a5b	4			yes					-1	-1	-1	-1	
41	24	72f3c0cd880df039	7			yes					42	59	92	107	-1	-1	135	
42	41	0219e4b92f300328	6			yes					-1	-1	-1	-1	-1	55	
43	29	8af14918b47fdab3	6			yes					-1	-1	-1	-1	-1	51	
44	18	6712267bffc89f5e	5			yes					-1	-1	-1	-1	-1	
45	4	7a99f50abd59f278	7			no					46	218	-2	-2	-2	-2	-2	
46	45	10908e6de3e83eb2	6			yes					47	-1	-1	171	-1	-1	
47	46	6750e25961f95555	5			yes					-1	-1	-1	-1	-1	
48	47	da8bc777e13a2838	4			no					-1	-1	-1	-2	
49	44	260950a008375778	4			yes					-1	-1	-1	52	
50	26	8f265fac93a70078	4			yes					-1	-1	-1	-1	
51	43	b103400e45ab71cd	5			yes					-1	-1	-1	-1	-1	
52	49	ebdfc632cfc29da1	3			yes					-1	-1	-1	
53	18	700854af7d773bd4	5			yes					-1	-1	-1	-1	54	
54	53	bddec23dba82f10d	4			yes					-1	-1	-1	-1	
55	42	bd9c5386e641e4bd	5			yes					-1	-1	-1	-1	-1	
56	25	fd54b84ae2629dea	5			yes					-1	-1	-1	-1	66	
57	35	298babbb3cb6fe4c	4			yes					-1	-1	-1	-1	
58	24	6869ef4d60f5891f	4			yes					-1	-1	-1	-1	
59	41	54dfb0317e6dfe4f	6			yes					-1	-1	-1	-1	-1	87	
60	2	a080fef2201bea75	6			no					61	-2	-2	-2	-2	-2	
61	60	5b0cf91976a91ea8	5			no					143	-2	-2	-2	-2	
62	61	3dc9a7351f295ad7	4			no					89	-2	-2	-2	
63	62	8adc69589280a789	6			no					64	-2	-2	-2	-2	-2	
64	63	438e663579610229	5			yes					-1	-1	-1	158	215	
65	64	c24cff342d7b6430	4			no					-1	-1	-1	-2	
66	56	c6a6b15c13b63694	4			yes					-1	-1	-1	-1	
67	29	9e51a8faa2c49ee9	6			yes					-1	-1	-1	-1	-1	-1	
68	62	a7c7e17414e68ac1	7			yes					69	179	-1	222	230	-1	236	
69	68	bc19b585579d978a	6			yes					70	-1	118	-1	169	175	
70	69	f270dd180deef496	5			yes					-1	-1	-1	-1	93	
71	28	ec234f1cd301037b	7			yes					-1	77	-1	-1	-1	-1	99	
72	3	fb0add175a9e92a2	6			no					73	-2	-2	-2	-2	-2	
73	72	a23f90f75c8508de	5			no					202	-2	-2	-2	-2	
74	73	e53415d3d18cc461	4			no					183	-2	-2	-2	
75	74	7965d1d73d2f16e4	7			no					76	210	-1	272	-2	-2	-2	
76	75	78286d47e685dc21	6			yes					-1	-1	85	-1	-1	198	
77	71	c371a7e8346eec5f	6			yes					-1	-1	-1	-1	-1	94	
78	5	484a1b4a8103c6a7	8			no					79	-2	-2	-2	-2	-2	-2	-2	
79	78	d3792a00acc7e311	7			no					-1	-2	-1	-2	-2	-2	-2	
80	79	d7e82c432632e70f	6			no					-1	-1	-1	-1	-1	234	
81	23	f2495a067e9a75cf	8			no					82	216	270	-2	-2	-2	-2	-2	
82	81	82a37e72d9a786de	7			yes					-1	-1	-1	156	-1	-1	197	
83	82	6b20f33e47912972	6			no					-1	-1	-1	-1	-1	132	
84	83	4d0c83c2b1f12704	5			no					-1	-1	-1	-2	-2	
85	76	8c578e96bae70346	5			yes					-1	-1	-1	-1	174	
86	25	896f60e639253fd9	5			yes					-1	-1	-1	-1	95	
87	59	eb5a070eb71c19da	5			yes					-1	-1	-1	-1	-1	
88	34	0d0a7ed9dde4171d	5			yes					-1	-1	-1	-1	-1	
89	62	8cfad9ac469d6932	8			no					90	256	-2	-2	-2	-2	-2	-2	
90	89	fc10fdd8e1a09a23	7			yes					91	190	-1	-1	-1	-1	221	
91	90	da3c8d2417c09455	6			yes					-1	-1	-1	-1	-1	159	
92	41	9946651990027203	6			yes					-1	-1	-1	-1	-1	104	
93	70	c982d40efc3a5fe8	4			yes					-1	-1	-1	-1	
94	77	f883aefec5ba4721	5			yes					-1	-1	-1	-1	-1	
95	86	b29d69f0c8f194a7	4			yes					-1	-1	-1	-1	
96	24	9f66cfcd4df7834a	8			no					97	-2	-2	-2	-2	-2	-2	-2	
97	96	24770476d1759cb4	7			no					98	-2	-2	-2	-2	-2	-2	
98	97	c1b10f03253c27a3	6			no					-1	-1	-1	-1	-1	-2	
99	71	d7d1460a22d5a805	6			yes					-1	-1	-1	-1	-1	-1	
100	74	f396a0ffc1d51ed6	3			no					109	-2	-2	
101	100	e6da6392fc6acb89	6			no					102	193	-2	-2	-2	-2	
102	101	e797df0227c0014c	5			yes					-1	-1	-1	-1	119	
103	88	36f877cf2c30bc63	4			yes					-1	-1	-1	-1	
104	92	26c3d22659739596	5			yes					-1	-1	-1	-1	-1	
105	28	912f1de9f704c7f8	7			yes					-1	-1	-1	-1	-1	-1	131	
106	34	9276ce35a46851b3	4			no					-1	-1	-2	-2	
107	41	12aee285ff697860	6			yes					-1	-1	-1	-1	-1	115	
108	105	c9f4a4aff496f680	5			no					-1	-1	-1	-2	-2	
109	100	65d517b94e18cab0	7			no					110	-2	-2	-2	-2	-2	-2	
110	109	aa21ebd62ac37a63	6			no					-1	-1	-1	-1	-2	-2	
111	24	6c3d6f2ac9597672	6			no					112	188	-2	-2	-2	-2	
112	111	2b656f65b98a35ed	5			yes					-1	-1	-1	-1	141	
113	25	24d988f33d75ee20	5			yes					-1	-1	-1	-1	114	
114	113	1f2b81e5cca1455e	4			yes					-1	-1	-1	-1	
115	107	ad2b55ba36189ff5	5			yes					-1	-1	-1	-1	-1	
116	25	94f80b5dd0dc1d33	5			yes					-1	-1	-1	-1	-1	
117	34	1202846ad0ef91df	5			yes					-1	-1	-1	-1	-1	
118	69	c11a7e0173ed4cd0	5			yes					-1	-1	-1	-1	138	
119	102	5812683deeb1e6d9	4			yes					-1	-1	-1	-1	
120	23	8d02580da5f6406a	9			no					121	-2	-2	-2	-2	-2	-2	-2	-2	
121	120	361393b639745f94	8			no					122	-2	-2	-2	-2	-2	-2	-2	
122	121	d3d598c3cd3de483	7			no					123	220	-2	-2	-2	-2	-2	
123	122	00c8607b5d2c3ffe	6			yes					-1	-1	-1	-1	-1	176	
124	2	b592b5b736b80e09	7			no					125	-2	-2	-2	-2	-2	-2	
125	124	eca7f85730a39475	6			no					126	-2	-2	-2	-2	-2	
126	125	abac7d73bdaa58ca	5			no					127	-2	-2	-2	-2	
127	126	611ee34c5139ae1e	4			no					239	-2	-2	-2	
128	127	ad7061fe3d7e8015	7			no					129	-2	-2	-2	-2	-2	-2	
129	128	62849d9159a530c6	6			no					130	-2	-2	-2	-2	-2	
130	129	b18f9b80913cbb86	5			no					-1	-1	-1	-1	248	
131	105	aadd14ff06d06c86	6			yes					-1	-1	134	-1	-1	-1	
132	83	d4a544018ee0cee7	5			no					-1	-1	-2	-2	-2	
133	33	c05a34f7def613b8	6			yes					-1	-1	136	-1	-1	168	
134	131	f206adb905425dfe	4			yes					-1	-1	-1	-1	
135	41	cd7677f2417c17ac	6			yes					-1	-1	-1	-1	-1	-1	
136	133	e4a0c75222293e04	5			yes					-1	-1	-1	-1	140	
137	28	e6a64c5b13f919a4	6			yes					-1	-1	-1	-1	-1	139	
138	118	fae877178239e7ae	4			yes					-1	-1	-1	-1	
139	137	dd54454de22db2da	5			yes					-1	-1	-1	-1	-1	
140	136	df52ce44d3fd957a	4			yes					-1	-1	-1	-1	
141	112	10976673485e9e93	4			yes					-1	-1	-1	-1	
142	28	05fbb654953843ce	6			yes					-1	-1	-1	-1	-1	146	
143	61	e94938dbd5dc80f4	9			no					144	-2	-2	-2	-2	-2	-2	-2	-2	
144	143	99a31caf72e173e5	8			no					145	-2	-2	-2	-2	-2	-2	-2	
145	144	bf8f6c5384817d93	7			no					-1	155	-1	-1	-1	-1	245	
146	142	3e09bf4264ece8b0	5			yes					-1	-1	-1	-1	-1	
147	1	474f868044a0f8f4	6			no					148	-2	-2	-2	-2	-2	
148	147	13cb7dd89a9325c5	5			no					160	-2	-2	-2	-2	
149	148	aa88c096293a0900	6			no					150	-2	-2	-2	-2	-2	
150	149	9e633627252c0362	5			no					151	-2	-2	-2	-2	
151	150	51aaa1458efc82b8	7			no					152	-2	-2	-2	-2	-2	-2	
152	151	4b05a0957afedd35	6			no					153	-2	-2	-2	-2	-2	
153	152	c7fc434f1e10d3ad	5			no					-1	-2	-2	-2	-2	
154	28	858ffc0be1bf83a2	7			yes					-1	-1	-1	-1	-1	-1	-1	
155	145	8549becf6fa0c6dc	6			yes					-1	-1	-1	-1	-1	195	
156	82	63825c2b6c2e4513	6			yes					-1	-1	-1	-1	-1	-1	
157	156	45ae2cd79a4e4b65	5			yes					-1	-1	-1	-1	-1	
158	64	fd7f5292c628e64e	4			yes					-1	-1	-1	-1	
159	91	65b93a1bdeb173c0	5			yes					-1	-1	-1	-1	-1	
160	148	8fb810b8093f08b1	4			no					249	-2	-2	-2	
161	160	017f6f5fb979cdc8	5			no					162	-2	-2	-2	-2	
162	161	aaedeffdf565b65e	4			no					273	-2	-2	-2	
163	162	4b9a0aed68e71584	7			no					164	-2	-2	-2	-2	-2	-2	
164	163	2490aa12923da357	6			no					-1	-1	207	-2	-2	-2	
165	4	bb16565f1279127d	9			no					166	-2	-2	-2	-2	-2	-2	-2	-2	
166	165	6935c00501ed54f7	8			no					167	-2	-2	-2	-2	-2	-2	-2	
167	166	a0062cc55515cae5	7			no					-1	212	-2	-2	-2	-2	-2	
168	133	fba83de12f22b8c6	5			yes					-1	-1	-1	-1	-1	
169	69	079ff6ccd2cefc98	4			yes					-1	-1	-1	-1	
170	33	69def3d48b4ae975	5			no					-1	-2	-2	-2	-2	
171	46	a837b248d8215d7d	5			yes					-1	209	-1	-1	-1	
172	171	dff7de7c5a30369a	4			no					-1	-1	-1	-2	
173	33	df29e883ce705197	6			yes					-1	-1	-1	-1	-1	178	
174	85	33d239a97396e4d3	4			yes					-1	-1	-1	-1	
175	69	87ebbc93a6493cf4	5			yes					-1	-1	-1	-1	-1	
176	123	804930207894ccf2	5			yes					-1	-1	-1	-1	-1	
177	156	8a01d167f218eabf	5			no					-1	-1	-2	-2	-2	
178	173	e4dbe1953fa4fae9	5			yes					-1	-1	-1	-1	-1	
179	68	e9ae89e94e95e9dd	6			yes					-1	-1	186	-1	-1	206	
180	74	d1d2140b6bf32017	7			no					181	271	-2	-2	-2	-2	-2	
181	180	1e26e8640f2890c4	6			yes					-1	-1	182	-1	-1	231	
182	181	afa3cbf48391564b	5			yes					-1	-1	-1	-1	200	
183	74	7391988c7507cb18	8			no					184	-2	-2	-2	-2	-2	-2	-2	
184	183	c51783f9c2fb4ae4	7			no					185	-2	-2	-2	-2	-2	-2	
185	184	47201aba61eee3b3	6			no					-1	-1	-1	-1	-1	-2	
186	179	94ad426d6ae53287	5			yes					-1	-1	-1	-1	189	
187	33	4055586fb7fc1739	5			yes					-1	-1	-1	-1	191	
188	111	81a3a0e57f59252b	5			no					-1	-1	-1	-1	246	
189	186	af5f4b7b9b3199f9	4			yes					-1	-1	-1	-1	
190	90	963b66db0484558c	6			yes					-1	-1	-1	-1	-1	213	
191	187	7ba751794628bc47	4			yes					192	-1	-1	-1	
192	191	a984c72355bcfacd	3			yes					-1	-1	-1	
193	101	42032737c745eaa6	5			no					-1	-1	-1	-1	229	
194	33	c0211230c37bd755	6			yes					-1	-1	-1	-1	-1	-1	
195	155	3acc09f0a6d12149	5			yes					-1	-1	-1	-1	-1	
196	82	92fbda94a6ed6676	5			no					-1	-1	-1	-2	-2	
197	82	3d26c94d10d6614b	6			yes					-1	-1	-1	201	-1	-1	
198	76	c7adda782ff43bb4	5			yes					-1	-1	-1	-1	-1	
199	198	63749edd14db1a9b	4			no					-1	-2	-2	-2	
200	182	2f229bafa629a547	4			yes					-1	-1	-1	-1	
201	197	dc07eb14a55fa286	5			yes					-1	-1	-1	-1	-1	
202	73	79e4a19e30e8c47a	8			no					203	-2	-2	-2	-2	-2	-2	-2	
203	202	b6105df1543374a9	7			no					204	-2	-2	-2	-2	-2	-2	
204	203	8a7909beee7b118d	6			no					205	-2	-2	-2	-2	-2	
205	204	af32f001b4e9127f	5			yes					-1	-1	-1	-1	247	
206	179	d25c80ffbf4142a3	5			yes					-1	-1	-1	-1	-1	
207	164	2fd77282b2d453d3	5			no					-1	-1	-2	-2	-2	
208	197	2d7e6dab6f9c81e3	4			no					-1	-2	-2	-2	
209	171	15ec976658e22010	4			yes					-1	-1	-1	-1	
210	75	ddbc9572060037cb	6			yes					-1	-1	214	-1	-1	255	
211	210	dcf129e2ddaafd0e	5			no					-1	-1	-1	-1	-2	
212	167	8f54c431b27a25c1	6			no					-1	-1	-2	-1	-2	-2	
213	190	29bed1e4cdf5b219	5			yes					-1	-1	-1	-1	-1	
214	210	29c376a35a62e8ac	5			yes					-1	-1	-1	-1	225	
215	64	1fe3078eee15eab6	4			yes					-1	-1	-1	-1	
216	81	d4652afa88fa7bb9	7			yes					-1	228	-1	238	-1	-1	258	
217	216	a48f0e8e2fc788a8	6			no					-1	-1	-1	-1	-1	-2	
218	45	0d59993e3f48999f	6			no					-1	227	-2	-2	-2	-2	
219	68	d5c376336d8fbe3b	5			no					-1	-1	-1	-1	-2	
220	122	7c2f08b924f8c902	6			no					-1	-1	-1	-1	-1	267	
221	90	43954ae728d17db6	6			yes					-1	-1	-1	-1	-1	-1	
222	68	dac42af03096519b	6			yes					-1	-1	-1	224	-1	226	
223	221	5c5f4f196c0e2171	4			no					-1	-1	-2	-2	
224	222	614269b9b5c53a89	4			yes					-1	-1	-1	-1	
225	214	9646c19c93130f39	4			yes					-1	-1	-1	-1	
226	222	e13623e6c142fae5	5			yes					-1	-1	-1	-1	-1	
227	218	b082bc10bf8be4f2	5			no					-1	-1	-2	-2	-2	
228	216	3de6a7b616ccd415	6			yes					-1	-1	-1	-1	-1	233	
229	193	fd8690080e340d33	4			no					-1	-1	-1	-2	
230	68	1c41a23d91b5e1d3	5			yes					-1	-1	-1	-1	232	
231	181	9ea7b83f2a9063c8	5			yes					-1	-1	-1	-1	-1	
232	230	27b3ab2b60614aad	4			yes					-1	-1	-1	-1	
233	228	82631089dfbd3380	5			yes					-1	-1	-1	-1	-1	
234	80	686d9b7cef43009a	5			no					-1	-1	-2	-1	-2	
235	234	b794de220ffdcaf9	4			no					-1	-2	-2	-2	
236	68	9c35e862e53221bf	6			yes					-1	-1	243	-1	-1	-1	
237	215	a1123329515c0ed1	3			no					-1	-2	-2	
238	216	354408a33d73b874	6			yes					-1	-1	-1	-1	-1	-1	
239	127	43efe188c3c96052	7			no					240	-2	-2	-2	-2	-2	-2	
240	239	42a25d181863aa97	6			no					241	-2	-2	-2	-2	-2	
241	240	25990b82ff706df1	5			no					-1	-2	-2	-2	-2	
242	210	cde43194794ad763	4			no					-1	-1	-1	-2	
243	236	ee317f259c5b1545	4			yes					-1	-1	-1	-1	
244	216	c43d8e1cf7b09b11	5			no					-1	-1	-1	-1	254	
245	145	000adb6c4df09a06	6			no					-1	-1	-1	-2	-1	-2	
246	188	ba51a9f38e8d8e55	4			yes					-1	-1	-1	-1	
247	205	2fb3a05a9151e173	4			yes					-1	-1	-1	-1	
248	130	310ecbdbb484488a	4			no					-1	-1	-1	-2	
249	160	b6a0e379462dcc78	5			no					250	-2	-2	-2	-2	
250	249	824b15c84a3bc61a	4			no					265	-2	-2	-2	
251	250	452cfffbb7947f9c	3			no					268	-2	-2	
252	251	b24356506c674fde	7			no					253	-2	-2	-2	-2	-2	-2	
253	252	6e333fe7b2906239	6			no					-1	-2	-2	-2	-2	-2	
254	244	7bb839233ec17c84	4			yes					-1	-1	-1	-1	
255	210	6239224dcf71d05e	5			yes					-1	-1	-1	-1	-1	
256	89	aad6a950b0fd6744	7			no					-1	257	-2	-2	-2	-2	-2	
257	256	c0fd325355d9a8eb	6			no					-1	-1	-1	-1	-1	-2	
258	216	6be09dc5418b9c2c	6			yes					-1	-1	-1	259	-1	-1	
259	258	8ac1bf9cf4025fe1	5			yes					-1	-1	-1	-1	-1	
260	3	b8436e89d86ebd3d	7			no					261	-2	-2	-2	-2	-2	-2	
261	260	6a7f18d18004ad0d	6			no					262	-2	-2	-2	-2	-2	
262	261	21944972266d7d38	8			no					263	-2	-2	-2	-2	-2	-2	-2	
263	262	32e38ae74a75b147	7			no					264	-2	-2	-2	-2	-2	-2	
264	263	d20d7c58fa521d0d	6			no					-1	-1	-1	-1	-2	-2	
265	250	07c719b1d2d53271	7			no					266	-2	-2	-2	-2	-2	-2	
266	265	1d68186126d76dfc	6			no					-1	-1	-2	-2	-2	-2	
267	220	fcae58e201403a0e	5			no					-1	-1	-1	-1	-2	
268	251	1a8aea2c30c9da25	6			no					269	-2	-2	-2	-2	-2	
269	268	0025ebfcc4cb85a8	5			no					-1	-1	-2	-2	-2	
270	81	1bcad74ae0acda63	7			no					-1	-1	-1	275	-2	-2	-2	
271	180	450e2f7129826e76	6			no					-1	-1	-2	-2	-2	-2	
272	75	8d1a3206614dc983	6			no					-1	-1	-2	-2	-2	-2	
273	162	f940c97ff0d9f464	6			no					274	-2	-2	-2	-2	-2	
274	273	e0e9800cac976817	5			no					-1	-2	-2	-2	-2	
275	270	faebf513552519ae	6			no					-1	-1	-2	-2	-2	-2	
