Number of nodes
387
ID	PID	Hash_Value			File_Number	Fully_Enumerated	Children
0	-1	7ff6ca3382046ebe	6			yes					1	134	232	293	347	386	
1	0	9e7a520c4bc0a886	5			yes					2	45	64	81	96	
2	1	b0c35b5f4ab907eb	5			yes					3	11	28	38	44	
3	2	f8d94b3826fd680c	4			yes					4	5	7	8	
4	3	4c42a5ed619a3d65	4			yes					-1	-1	-1	-1	
5	3	f41f4e101fdea4aa	4			yes					-1	6	-1	-1	
6	5	33ed2310c20120d0	3			yes					-1	-1	-1	
7	3	bce3f098c1abba94	5			yes					-1	-1	-1	-1	-1	
8	3	20fcdf8b0c240d1f	3			yes					9	10	-1	
9	8	c443eb6cc942db1d	4			yes					-1	-1	-1	-1	
10	8	0461d6fa3d4e7ec9	4			yes					-1	-1	-1	-1	
11	2	fa409f9dcc3756be	4			yes					-1	12	20	24	
12	11	2244f411e04a1663	5			yes					13	16	-1	18	19	
13	12	abfa96606ff4ecb0	4			yes					14	-1	15	-1	
14	13	d2b14fed97b82ce2	3			yes					-1	-1	-1	
15	13	a4131652cfacb2b1	3			yes					-1	-1	-1	
16	12	5b0f2d9c1806d631	4			yes					-1	-1	17	-1	
17	16	54e6adaeb85e8830	3			yes					-1	-1	-1	
18	12	2dad742340124862	4			yes					-1	-1	-1	-1	
19	12	980b9f75070e22eb	4			yes					-1	-1	-1	-1	
20	11	cca8e725fbe80d5c	5			yes					21	22	-1	-1	23	
21	20	451685547456f78f	4			yes					-1	-1	-1	-1	
22	20	b5e33ea803a4cd0e	4			yes					-1	-1	-1	-1	
23	20	0f0efdad3ba39a90	4			yes					-1	-1	-1	-1	
24	11	44df8ee21f2c6578	5			yes					25	26	-1	-1	27	
25	24	cd61ec9390929fab	4			yes					-1	-1	-1	-1	
26	24	3d94576fe760a52a	4			yes					-1	-1	-1	-1	
27	24	7691ab0750b0b788	4			yes					-1	-1	-1	-1	
28	2	d9dd6a89c47003d9	4			yes					-1	-1	29	34	
29	28	0ecfc83b8b393301	5			yes					30	31	32	-1	33	
30	29	8771aa4a0487c9d2	4			yes					-1	-1	-1	-1	
31	29	778411b67375f353	4			yes					-1	-1	-1	-1	
32	29	cbe50ad9ce52d3d5	4			yes					-1	-1	-1	-1	
33	29	99f6ec52f9e98b10	4			yes					-1	-1	-1	-1	
34	28	fd744b0de4860d4a	5			yes					35	36	37	-1	-1	
35	34	74ca297c6b38f799	4			yes					-1	-1	-1	-1	
36	34	843f92801ccacd18	4			yes					-1	-1	-1	-1	
37	34	385e89efa1eded9e	4			yes					-1	-1	-1	-1	
38	2	b3a271c04eda5f93	4			yes					-1	-1	-1	39	
39	38	adda9fdc65775893	5			yes					40	41	42	43	-1	
40	39	2464fdadeac9a240	4			yes					-1	-1	-1	-1	
41	39	d49146519d3b98c1	4			yes					-1	-1	-1	-1	
42	39	68f05d3e201cb847	4			yes					-1	-1	-1	-1	
43	39	a89b55dfc3de9ccb	4			yes					-1	-1	-1	-1	
44	2	68e6cfec606062f8	4			yes					-1	-1	-1	-1	
45	1	8068ee97dcf54caa	4			yes					46	51	57	63	
46	45	0650017c9ed9f931	3			yes					47	48	50	
47	46	e939b5e26c355f57	4			yes					-1	-1	-1	-1	
48	46	c18d95209f3793f8	4			yes					-1	-1	-1	49	
49	48	08fcc78cd7ea533a	3			yes					-1	-1	-1	
50	46	b76fc41831b276b3	4			yes					-1	-1	-1	-1	
51	45	5d7c51c76c9688f0	3			yes					-1	52	54	
52	51	da34a38c00cec56a	5			yes					-1	-1	-1	-1	53	
53	52	ecfa9f97bec0eb0b	4			yes					-1	-1	-1	-1	
54	51	257a77675c0122ea	5			yes					-1	-1	-1	56	-1	
55	54	acc41516d3bfd839	4			no					-1	-1	-2	-1	
56	54	2a93f755fc597ceb	4			yes					-1	-1	-1	-1	
57	45	8309c408d89614d2	3			yes					-1	-1	58	
58	57	d0ee3dde04ff5519	5			yes					59	60	61	62	-1	
59	58	59505faf8b41afca	4			yes					-1	-1	-1	-1	
60	58	269a29a4e82047ba	4			yes					-1	-1	-1	-1	
61	58	e7cf90c9348f6ab6	4			yes					-1	-1	-1	-1	
62	58	d5aff7dda2569141	4			yes					-1	-1	-1	-1	
63	45	584d7a24f62c29b9	3			yes					-1	-1	-1	
64	1	37afaf6f6e5011d6	4			yes					65	70	78	80	
65	64	b19740842c7ca44d	3			yes					66	67	68	
66	65	e269106290944f56	4			yes					-1	-1	-1	-1	
67	65	eb823c394aff1e81	4			yes					-1	-1	-1	-1	
68	65	180e4a00ac13b510	5			yes					-1	69	-1	-1	-1	
69	68	dffc270071cc316a	4			yes					-1	-1	-1	-1	
70	64	7d2c6bade8de4083	3			yes					-1	71	73	
71	70	b337ab87997e9bc9	5			yes					-1	-1	-1	-1	72	
72	71	1a4f61df6f614d0c	4			yes					-1	-1	-1	-1	
73	70	c46c48a93c108897	5			yes					74	75	-1	76	77	
74	73	4dd22ad8b3ae7244	4			yes					-1	-1	-1	-1	
75	73	32185cd3d0cf9a34	4			yes					-1	-1	-1	-1	
76	73	5d3f78880fdcf340	4			yes					-1	-1	-1	-1	
77	73	f6226d4c738c5a67	4			yes					-1	-1	-1	-1	
78	64	149ebf9aee7b81dd	3			yes					-1	-1	79	
79	78	15a922b82f7c598b	5			yes					-1	-1	-1	-1	-1	
80	64	ef8a3bdc448974c5	3			yes					-1	-1	-1	
81	1	9c28bc72f3822b97	4			yes					82	86	93	95	
82	81	1a105399b1ae9e0c	3			yes					83	84	-1	
83	82	36ec04e6b39ee1a5	4			yes					-1	-1	-1	-1	
84	82	b04362102e288218	4			yes					-1	85	-1	-1	
85	84	77b10f10f3f70662	3			yes					-1	-1	-1	
86	81	d6ab78b0750c7ac2	3			yes					-1	87	92	
87	86	a38f8f59856fada0	5			yes					88	89	-1	90	91	
88	87	2a31ed280ad15773	4			yes					-1	-1	-1	-1	
89	87	55fb9b2369b0bf03	4			yes					-1	-1	-1	-1	
90	87	eec26f4dea04e88c	4			yes					-1	-1	-1	-1	
91	87	19c0e43d622b9928	4			yes					-1	-1	-1	-1	
92	86	b51c317936b4481b	5			yes					-1	-1	-1	-1	-1	
93	81	f5368da47d4b2fa5	3			yes					-1	-1	94	
94	93	c0ef2b672cd3d7cd	5			yes					-1	-1	-1	-1	-1	
95	81	a5a51aff4a6be0fc	3			yes					-1	-1	-1	
96	1	356b1955670f021f	5			yes					97	104	121	132	133	
97	96	b353f6be2523b784	4			yes					98	100	103	-1	
98	97	c34316c67364329e	5			yes					-1	-1	-1	-1	99	
99	98	5606ed1d70606040	4			yes					-1	-1	-1	-1	
100	97	603f41a40792f36c	5			yes					-1	101	-1	-1	102	
101	100	a7cd2ca4da4d7716	4			yes					-1	-1	-1	-1	
102	100	f57aba7f0496a1b2	4			yes					-1	-1	-1	-1	
103	97	1a23c5bd63991033	5			yes					-1	-1	-1	-1	-1	
104	96	7fe8dd97e181534a	4			yes					-1	105	115	119	
105	104	227a8acde627cb69	6			yes					106	108	-1	110	112	114	
106	105	abc4e8bc699931ba	5			yes					-1	-1	-1	-1	107	
107	106	3e8113676a9d6364	4			yes					-1	-1	-1	-1	
108	105	d40e9eb70af8d9ca	5			yes					-1	-1	-1	-1	109	
109	108	414b656c09fc8b14	4			yes					-1	-1	-1	-1	
110	105	2d930aff467f9568	5			yes					-1	-1	-1	-1	111	
111	110	b8d6f124457bc7b6	4			yes					-1	-1	-1	-1	
112	105	8271a9591099a2c4	5			yes					-1	-1	-1	-1	113	
113	112	17345282139df01a	4			yes					-1	-1	-1	-1	
114	105	b73f7116e52399b7	5			yes					-1	-1	-1	-1	-1	
115	104	e57408359984ef43	5			yes					116	117	-1	-1	118	
116	115	6cca6a44163a1590	4			yes					-1	-1	-1	-1	
117	115	13001c4f755bfde0	4			yes					-1	-1	-1	-1	
118	115	e88086f052205aa3	4			yes					-1	-1	-1	-1	
119	104	ec47f4a2c886e9d1	3			yes					-1	-1	120	
120	119	bd7f5914363f749c	5			yes					-1	-1	-1	-1	-1	
121	96	5c752883e9c6062d	4			yes					-1	-1	122	131	
122	121	4d95681dfe89b1e8	6			yes					123	125	126	-1	127	128	
123	122	c42b0a6c71374b3b	5			yes					-1	-1	-1	-1	-1	
124	123	516ef1b7723319e5	4			yes					-1	-1	-1	-1	
125	122	bbe17c671256a34b	5			yes					-1	-1	-1	-1	-1	
126	122	88bfaaffbbe2513c	5			yes					-1	-1	-1	-1	-1	
127	122	838cda7eee7e0b3f	5			yes					-1	-1	-1	-1	-1	
128	122	d8d093c6fd8de336	5			yes					-1	-1	130	-1	-1	
129	128	2ea487bc1152f195	4			no					-1	-2	-1	-1	
130	128	1dfa5124b8e603e2	4			yes					-1	-1	-1	-1	
131	121	cfda01b6c0c1bcb6	3			yes					-1	-1	-1	
132	96	360a33ca636c5a67	4			yes					-1	-1	-1	-1	
133	96	a6c430604e08b884	4			yes					-1	-1	-1	-1	
134	0	e61a49410d7bf135	5			yes					-1	135	176	191	203	
135	134	ff6cb06f349452bc	5			yes					136	153	159	169	175	
136	135	1ee2fdf6fd03cf55	4			yes					137	138	142	148	
137	136	600a99cf8dda2c38	4			yes					-1	-1	-1	-1	
138	136	bfe164db4c87d532	4			yes					139	140	-1	141	
139	138	0ff407eec4ff32d3	3			yes					-1	-1	-1	
140	138	88c0c9cc7cf7ea9d	3			yes					-1	-1	-1	
141	138	d18e48959d9653e5	3			yes					-1	-1	-1	
142	136	f71dda5392f2cb0c	5			yes					-1	143	145	-1	147	
143	142	c03c7744a282f4a3	4			yes					-1	-1	-1	-1	
144	143	9c85ed8ac19ca547	3			no					-1	-2	-1	
145	142	f25c1050345b0f54	4			yes					-1	-1	-1	146	
146	145	aee58a9e57455eb0	3			yes					-1	-1	-1	
147	142	aba4409df1ec9ae8	4			yes					-1	-1	-1	-1	
148	136	296811e562f1b531	5			yes					-1	149	150	151	152	
149	148	1e49bcf252818a9e	4			yes					-1	-1	-1	-1	
150	148	2c29dbe6c4587169	4			yes					-1	-1	-1	-1	
151	148	b03b21c4513dcee6	4			yes					-1	-1	-1	-1	
152	148	1b2634002d6d67c1	4			yes					-1	-1	-1	-1	
153	135	53d4c26369e4a4b0	4			yes					-1	154	155	156	
154	153	8537291b0b7e5469	4			yes					-1	-1	-1	-1	
155	153	c6e916ed29fa7b16	5			yes					-1	-1	-1	-1	-1	
156	153	8bf156d0433dc1a3	3			yes					157	158	-1	
157	156	e80bd74e2502ca40	4			yes					-1	-1	-1	-1	
158	156	9b04f0d10eb3e2f3	4			yes					-1	-1	-1	-1	
159	135	967281b9ba5d568e	4			yes					-1	-1	160	165	
160	159	82fc804bb9c49aa6	5			yes					161	162	163	-1	164	
161	160	757ac5bf719c16a9	4			yes					-1	-1	-1	-1	
162	160	fbb759c641885af4	4			yes					-1	-1	-1	-1	
163	160	b5dd2d5c89b4a509	4			yes					-1	-1	-1	-1	
164	160	15c5a422cb1422b7	4			yes					-1	-1	-1	-1	
165	159	7147037dd67ba4ed	5			yes					166	167	168	-1	-1	
166	165	86c146891e2328e2	4			yes					-1	-1	-1	-1	
167	165	080cdaf02e3764bf	4			yes					-1	-1	-1	-1	
168	165	4666ae6ae60b9b42	4			yes					-1	-1	-1	-1	
169	135	fc0d9af030f70ac4	4			yes					-1	-1	-1	170	
170	169	21e9d7ac578af134	5			yes					171	172	173	174	-1	
171	170	d66f92589fd27d3b	4			yes					-1	-1	-1	-1	
172	170	58a20e21afc63166	4			yes					-1	-1	-1	-1	
173	170	16c87abb67face9b	4			yes					-1	-1	-1	-1	
174	170	24a81daff123356c	4			yes					-1	-1	-1	-1	
175	135	274924dc1e4d37af	4			yes					-1	-1	-1	-1	
176	134	2af640c3103557ba	4			yes					177	185	188	190	
177	176	cb780d5ad9a2ca53	3			yes					178	179	180	
178	177	dbe0a765f4d28471	4			yes					-1	-1	-1	-1	
179	177	527779076cbdb062	4			yes					-1	-1	-1	-1	
180	177	a1fb0f3e8a511bf3	5			yes					-1	181	182	183	184	
181	180	64d1cddccf3afb27	4			yes					-1	-1	-1	-1	
182	180	de22b413b143ae12	4			yes					-1	-1	-1	-1	
183	180	38a83f1fb99d6024	4			yes					-1	-1	-1	-1	
184	180	93b52adbc5cdc903	4			yes					-1	-1	-1	-1	
185	176	1a9ac9df636568f1	3			yes					-1	-1	187	
186	185	26cc4f2718c88918	4			no					-1	-1	-1	-2	
187	185	802fcd1d213db297	4			yes					-1	-1	-1	-1	
188	176	09c75036901ec7b1	3			yes					-1	-1	189	
189	188	e4aec8ca7c09fda6	5			yes					-1	-1	-1	-1	-1	
190	176	f2d3d4703aec32a9	3			yes					-1	-1	-1	
191	134	817153de8de76dfb	4			yes					192	198	200	202	
192	191	60ff1e474470f012	3			yes					193	194	196	
193	192	2cb24a49d3721d91	4			yes					-1	-1	-1	-1	
194	192	09b6272e086a2cfb	4			yes					-1	195	-1	-1	
195	194	cc9ce5cc4d01cc2f	3			yes					-1	-1	-1	
196	192	a0b7c942b920217a	5			yes					-1	-1	-1	-1	197	
197	196	93c6b0d05b6a8cbd	4			yes					-1	-1	-1	-1	
198	191	b11ddac2feb752b0	3			yes					-1	199	-1	
199	198	d891d96983e3ca73	4			yes					-1	-1	-1	-1	
200	191	e86f6208032e69c9	3			yes					-1	-1	201	
201	200	31e8c1157fa673e0	5			yes					-1	-1	-1	-1	-1	
202	191	b8fcf553340ea690	3			yes					-1	-1	-1	
203	134	2832f6f9196a4473	5			yes					204	218	222	230	231	
204	203	c9bcbb60d0fdd99a	4			yes					205	207	211	215	
205	204	ef0b2ae49f2423c3	5			yes					-1	-1	-1	-1	206	
206	205	7a4ed13f9c20711d	4			yes					-1	-1	-1	-1	
207	204	d9ca049a21d05d8f	5			yes					-1	208	-1	-1	210	
208	207	1ce0c67864bbbd5b	4			yes					-1	-1	-1	209	
209	208	89a53da367bfef85	3			yes					-1	-1	-1	
210	207	4c8fff4122d40f51	4			yes					-1	-1	-1	-1	
211	204	a3d6808345dbbed0	5			yes					-1	212	213	-1	214	
212	211	66fc426100b05e04	4			yes					-1	-1	-1	-1	
213	211	a6974a80e3727a88	4			yes					-1	-1	-1	-1	
214	211	ae220e468e7f0b30	4			yes					-1	-1	-1	-1	
215	204	5a139255f9fa6301	3			yes					-1	216	217	
216	215	bd9493c41b0cd02a	4			yes					-1	-1	-1	-1	
217	215	ed3a47159afd85f3	4			yes					-1	-1	-1	-1	
218	203	185e7fe56a3a7b38	4			yes					-1	219	221	-1	
219	218	08845d46f5b01058	5			yes					-1	-1	-1	-1	220	
220	219	9dc1a69df6b44286	4			yes					-1	-1	-1	-1	
221	218	602923c88bc8d1b1	5			yes					-1	-1	-1	-1	-1	
222	203	412cc72f97a34041	4			yes					-1	-1	223	229	
223	222	bc92826fadfc15c5	6			yes					224	225	226	-1	227	228	
224	223	4b14c79b65a499ca	5			yes					-1	-1	-1	-1	-1	
225	223	c5d95be255b0d597	5			yes					-1	-1	-1	-1	-1	
226	223	79b8408de897f511	5			yes					-1	-1	-1	-1	-1	
227	223	728b300cbd0baf12	5			yes					-1	-1	-1	-1	-1	
228	223	29d779b4aef8471b	5			yes					-1	-1	-1	-1	-1	
229	222	d283ee1abea4fada	3			yes					-1	-1	-1	
230	203	2b53dc661d091c0b	4			yes					-1	-1	-1	-1	
231	203	bb9ddfcc306dfee8	4			yes					-1	-1	-1	-1	
232	0	c6c2b6d576ada049	5			yes					-1	-1	233	262	272	
233	232	c85eb2cb8345ff36	5			yes					234	245	256	259	261	
234	233	29d0ff524ad262df	4			yes					235	237	238	241	
235	234	959db94fc95f251e	4			yes					-1	236	-1	-1	
236	235	ce367369c6c0ea65	3			yes					-1	-1	-1	
237	234	5c102f01733775a8	4			yes					-1	-1	-1	-1	
238	234	1c234100f433773c	5			yes					-1	-1	239	-1	240	
239	238	63fafa2dcf21c2dd	4			yes					-1	-1	-1	-1	
240	238	409adbce972d26d8	4			yes					-1	-1	-1	-1	
241	234	c2568ab604300901	5			yes					-1	-1	242	243	244	
242	241	bd8f319b3f22bce0	4			yes					-1	-1	-1	-1	
243	241	5b05ba9737fc72d6	4			yes					-1	-1	-1	-1	
244	241	f018af534bacdbf1	4			yes					-1	-1	-1	-1	
245	233	3d0f1d39f1ba8615	4			yes					-1	246	247	251	
246	245	8b31d29f869afbbf	4			yes					-1	-1	-1	-1	
247	245	f57b724a4984653a	5			yes					248	-1	249	-1	250	
248	247	02fd37be81dce935	4			yes					-1	-1	-1	-1	
249	247	8aa2c9677296d0db	4			yes					-1	-1	-1	-1	
250	247	a9c2e8842a9a34de	4			yes					-1	-1	-1	-1	
251	245	2b0eb9fcb9871b07	5			yes					252	-1	253	254	255	
252	251	dc88fc0871df9708	4			yes					-1	-1	-1	-1	
253	251	54d702d18295aee6	4			yes					-1	-1	-1	-1	
254	251	b25d89dd8a4b60d0	4			yes					-1	-1	-1	-1	
255	251	19409c19f61bc9f7	4			yes					-1	-1	-1	-1	
256	233	cf9b5c4795d2d9a1	4			yes					-1	-1	257	258	
257	256	a40c84094728b3b6	5			yes					-1	-1	-1	-1	-1	
258	256	17bec8f4bf0bbcb2	3			yes					-1	-1	-1	
259	233	cb3f98548726a74e	4			yes					-1	-1	-1	260	
260	259	d44e6b75dea2527c	5			yes					-1	-1	-1	-1	-1	
261	233	107b2678a99c9a25	4			yes					-1	-1	-1	-1	
262	232	f046fbb6b2e2ebfb	4			yes					263	268	270	271	
263	262	11c8b62f7b757612	3			yes					264	267	-1	
264	263	9b8ffca21d54dc8e	5			yes					-1	-1	265	266	-1	
265	264	cb54608b6e8fbcd4	4			yes					-1	-1	-1	-1	
266	264	d6c21cb6723f99a2	4			yes					-1	-1	-1	-1	
267	263	ce3eb4013ea70dfa	4			yes					-1	-1	-1	-1	
268	262	05175444c01d92d8	3			yes					-1	269	-1	
269	268	9edc23ede580c905	4			yes					-1	-1	-1	-1	
270	262	2d5244e602812fa1	3			yes					-1	-1	-1	
271	262	c9cb5d3b0b0b2090	3			yes					-1	-1	-1	
272	232	59055e91266fc273	5			yes					273	283	289	291	292	
273	272	b88b1308eff85f9a	4			yes					274	278	280	282	
274	273	b06f39b28b949f30	5			yes					-1	-1	-1	275	277	
275	274	10641a267d2af69d	4			yes					-1	-1	-1	276	
276	275	8521e1fd7e2ea443	3			yes					-1	-1	-1	
277	274	252ac2698890cdee	4			yes					-1	-1	-1	-1	
278	273	d3119c2a61c97a53	5			yes					-1	-1	-1	-1	279	
279	278	465467f162cd288d	4			yes					-1	-1	-1	-1	
280	273	c07b050bcbbaac22	5			yes					-1	-1	-1	-1	281	
281	280	cd8f8bce001e19c2	4			yes					-1	-1	-1	-1	
282	273	2b243a3dc6ffe501	3			yes					-1	-1	-1	
283	272	ac54f1635490bb50	4			yes					-1	284	286	288	
284	283	629cebd1def211c0	5			yes					-1	-1	-1	-1	285	
285	284	f7d9100addf6431e	4			yes					-1	-1	-1	-1	
286	283	29233641760dbe24	5			yes					-1	-1	-1	-1	287	
287	286	24d7b884bda90bc4	4			yes					-1	-1	-1	-1	
288	283	3ffbd8567d9701cb	3			yes					-1	-1	-1	
289	272	8411e1c1960c0629	4			yes					-1	-1	290	-1	
290	289	1e423e45b70e90b3	5			yes					-1	-1	-1	-1	-1	
291	272	5a64740e220c9a0b	4			yes					-1	-1	-1	-1	
292	272	caaa77a40f6878e8	4			yes					-1	-1	-1	-1	
293	0	e85fc20cf144fdc0	5			yes					-1	-1	-1	294	319	
294	293	a014cb09e21bb4bb	5			yes					295	305	313	316	318	
295	294	419a86902b8c2952	4			yes					296	300	303	304	
296	295	a6d45d76acbd6960	5			yes					-1	297	298	299	-1	
297	296	612630767162ed1a	4			yes					-1	-1	-1	-1	
298	296	d90de65b97afdc81	4			yes					-1	-1	-1	-1	
299	296	98c1b767e168678c	4			yes					-1	-1	-1	-1	
300	295	183d9e7c67392a45	5			yes					-1	-1	301	302	-1	
301	300	5df3045e60b7840c	4			yes					-1	-1	-1	-1	
302	300	55707e6808526f69	4			yes					-1	-1	-1	-1	
303	295	59f0b1eb24f094f5	3			yes					-1	-1	-1	
304	295	7ee1e23656a779e6	5			yes					-1	-1	-1	-1	-1	
305	294	554564fb90e4cd98	4			yes					-1	306	311	312	
306	305	7c42a39737903726	5			yes					307	-1	308	309	-1	
307	306	8bc4e663ffc8bb29	4			yes					-1	-1	-1	-1	
308	306	398c39b5301e996f	4			yes					-1	-1	-1	-1	
309	306	310f438358fb720a	4			yes					-1	-1	-1	-1	
310	306	c60dc8f3d0d403ae	4			no					-1	-1	-1	-2	
311	305	4d2f53809f98703f	3			yes					-1	-1	-1	
312	305	b1f8ab483019aacd	5			yes					-1	-1	-1	-1	-1	
313	294	ea970fcb6495e5ee	4			yes					-1	-1	314	315	
314	313	f2fd38b06be95849	3			yes					-1	-1	-1	
315	313	b2aae45e720f524a	5			yes					-1	-1	-1	-1	-1	
316	294	b87efc72ed67091c	4			yes					-1	-1	-1	317	
317	316	5e5c26a93de6b59f	3			yes					-1	-1	-1	
318	294	463611d2329a0838	4			yes					-1	-1	-1	-1	
319	293	eec21f6994ca9f0f	5			yes					320	335	341	344	346	
320	319	0f4c52f05d5d02e6	4			yes					321	330	332	333	
321	320	1f0eb7aa16355c93	6			yes					-1	322	324	-1	327	329	
322	321	d8fcdaaacbead8e9	5			yes					-1	-1	-1	-1	323	
323	322	4db92171c8ee8a37	4			yes					-1	-1	-1	-1	
324	321	60d70c872d27e972	5			yes					-1	-1	-1	-1	325	
325	324	f592f75c2e23bbac	4			yes					-1	-1	-1	-1	
326	321	865d878b25f92744	5			no					-1	-2	-2	-2	-2	
327	321	bf05943ee08b353e	5			yes					-1	-1	-1	-1	328	
328	327	2a406fe5e38f67e0	4			yes					-1	-1	-1	-1	
329	321	8a4b4c7115310e4d	5			yes					-1	-1	-1	-1	-1	
330	320	8ecefd78ce30d0d5	5			yes					-1	-1	-1	-1	331	
331	330	1b8b06a3cd34820b	4			yes					-1	-1	-1	-1	
332	320	e2251fae72197691	5			yes					-1	-1	-1	-1	-1	
333	320	9ce37bc5745ab87d	3			yes					-1	334	-1	
334	333	e450f0f67194aff4	4			yes					-1	-1	-1	-1	
335	319	1b93b09be635e62c	4			yes					-1	336	-1	340	
336	335	eab1c0939e99cdb6	5			yes					337	-1	-1	-1	339	
337	336	1d37856756c141b9	4			yes					-1	-1	-1	338	
338	337	88727ebc55c51367	3			yes					-1	-1	-1	
339	336	7ff43b489d9d9f68	4			yes					-1	-1	-1	-1	
340	335	883c99aecf325cb7	3			yes					-1	-1	-1	
341	319	a441dbab1244ce5a	4			yes					-1	-1	342	343	
342	341	a2cc1db831187372	5			yes					-1	-1	-1	-1	-1	
343	341	37eef29e3b4374c1	3			yes					-1	-1	-1	
344	319	cdf30f9c14e10f04	4			yes					-1	345	-1	-1	
345	344	497e0f1c2c470c71	5			yes					-1	-1	-1	-1	-1	
346	319	7d6d365cbdcd2594	4			yes					-1	-1	-1	-1	
347	0	7d985678efd42568	5			yes					-1	-1	-1	-1	348	
348	347	4c350616a07fec71	6			yes					349	364	373	380	383	385	
349	348	adbb4b8f69e87198	5			yes					350	353	357	358	360	
350	349	ebe8f128aa2d04b0	6			yes					-1	351	-1	-1	-1	352	
351	350	2c1a9c2877f280ca	5			yes					-1	-1	-1	-1	-1	
352	350	e61c7fed6189b150	5			yes					-1	-1	-1	-1	-1	
353	349	e7388f4def6620cd	4			yes					354	355	-1	356	
354	353	0148d99628b5fdcc	5			yes					-1	-1	-1	-1	-1	
355	353	59fa437527390b1a	5			yes					-1	-1	-1	-1	-1	
356	353	818a78f983704570	5			yes					-1	-1	-1	-1	-1	
357	349	5d806258492aeddf	5			yes					-1	-1	-1	-1	-1	
358	349	ca3d7f3c55108902	4			yes					-1	-1	-1	359	
359	358	d6cc5ae67ab82c44	3			yes					-1	-1	-1	
360	349	b14a6e554640d4de	4			yes					361	-1	363	-1	
361	360	ee001c813128ad72	6			yes					-1	-1	-1	-1	-1	-1	
362	361	29f27181ecf72908	5			no					-1	-2	-2	-2	-2	
363	360	58688ff1d22f441d	5			yes					-1	-1	-1	-1	-1	
364	348	b964a9e4d2809552	5			yes					-1	365	367	368	370	
365	364	91e2175d427cc532	6			yes					-1	-1	366	-1	-1	-1	
366	365	44740dfe32557ca6	5			yes					-1	-1	-1	-1	-1	
367	364	1a7618a8cd8af667	5			yes					-1	-1	-1	-1	-1	
368	364	dee29d57ee786dc8	4			yes					-1	-1	-1	369	
369	368	c213b88dc1d0c88e	3			yes					-1	-1	-1	
370	364	a5958c3efd283014	4			yes					-1	371	372	-1	
371	370	940afaf4d9796cf0	6			yes					-1	-1	-1	-1	-1	-1	
372	370	1f9ef501568f5fa5	5			yes					-1	-1	-1	-1	-1	
373	348	06b6c2d426f1bd24	5			yes					-1	-1	374	376	378	
374	373	0b4f2f6f4a111422	5			yes					-1	-1	-1	-1	375	
375	374	06bba1aa81b5a1c2	4			yes					-1	-1	-1	-1	
376	373	6130f6671a0945be	4			yes					-1	-1	-1	377	
377	376	7dc1d3bd35a1e0f8	3			yes					-1	-1	-1	
378	373	1a47e70e09591862	4			yes					-1	-1	379	-1	
379	378	0ea7c2c6d114bde0	5			yes					-1	-1	-1	-1	-1	
380	348	252b37c02eb6e843	5			yes					-1	-1	-1	381	382	
381	380	42ad0373124e10d9	4			yes					-1	-1	-1	-1	
382	380	39da121a011e4d05	4			yes					-1	-1	-1	-1	
383	348	2bb332a59c8714eb	5			yes					-1	-1	-1	-1	384	
384	383	3742177fb32fb1ad	4			yes					-1	-1	-1	-1	
385	348	50c423cc8fd74937	5			yes					-1	-1	-1	-1	-1	
386	0	5493f3dfac824fec	5			yes					-1	-1	-1	-1	-1	
