Number of nodes
624
ID	PID	Hash_Value			File_Number	Fully_Enumerated	Children
0	-1	f84805772883d6a8	6			yes					1	217	353	474	573	623	
1	0	bb63d8acd5bb9ad4	5			yes					2	86	120	154	178	
2	1	c58d99c7fdf6fcb2	5			yes					3	21	53	74	85	
3	2	b8e2400877a46bb3	4			yes					4	6	13	18	
4	3	12baf34884127698	5			yes					-1	-1	-1	-1	5	
5	4	b787ffe8c0b12355	4			yes					-1	-1	-1	-1	
6	3	1783e06cf44138a7	3			yes					7	8	10	
7	6	71a4abad34a53eec	4			yes					-1	-1	-1	-1	
8	6	3577cbb14f613d43	4			yes					-1	9	-1	-1	
9	8	21b8832e5c0cfad7	3			yes					-1	-1	-1	
10	6	c3dd248f245c581e	5			yes					-1	11	-1	-1	12	
11	10	d7126c1037319f8a	4			yes					-1	-1	-1	-1	
12	10	9ed1329271b231c4	4			yes					-1	-1	-1	-1	
13	3	32a0d910fde8509b	3			yes					14	-1	16	
14	13	1f2818500c6da1cc	5			yes					-1	-1	-1	-1	15	
15	14	559f8124a3341a88	4			yes					-1	-1	-1	-1	
16	13	4ed87f3a1b1d7183	5			yes					-1	-1	-1	-1	17	
17	16	13d469274ef31859	4			yes					-1	-1	-1	-1	
18	3	7e261e8f635a7d59	3			yes					19	-1	-1	
19	18	a5a8cf29c85201b6	5			yes					-1	-1	-1	-1	20	
20	19	f8a4d9349dbc686c	4			yes					-1	-1	-1	-1	
21	2	9e88be349705e9d7	4			yes					-1	22	29	41	
22	21	227236ebd9cfedab	5			yes					23	25	26	27	28	
23	22	31d0abe7cec22410	4			yes					24	-1	-1	-1	
24	23	6a34907d6264b642	3			yes					-1	-1	-1	
25	22	79960d7175697ff9	4			yes					-1	-1	-1	-1	
26	22	1c661bc8307b80cd	4			yes					-1	-1	-1	-1	
27	22	a7e122b56bf4b9fe	4			yes					-1	-1	-1	-1	
28	22	f3c19febe02462da	4			yes					-1	-1	-1	-1	
29	21	4cfe8516e107728b	6			yes					30	34	37	38	-1	40	
30	29	5f5c181af60abb30	5			yes					31	-1	32	-1	33	
31	30	04b823805aac2962	4			yes					-1	-1	-1	-1	
32	30	b1d9f2fb8c2f82e4	4			yes					-1	-1	-1	-1	
33	30	15eb816e59530074	4			yes					-1	-1	-1	-1	
34	29	171abe8c4da1e0d9	5			yes					-1	-1	35	-1	36	
35	34	f99f546d3784d90d	4			yes					-1	-1	-1	-1	
36	34	5dad27f8e2f85b9d	4			yes					-1	-1	-1	-1	
37	29	aa35a48f1e882fce	5			yes					-1	-1	-1	-1	-1	
38	29	a27b6ff79b224b5f	5			yes					-1	-1	-1	-1	39	
39	38	e8ccf683347bf01b	4			yes					-1	-1	-1	-1	
40	29	06491c624e5ec9cf	5			yes					-1	-1	-1	-1	-1	
41	21	f67e526f2538d2f1	6			yes					42	45	47	48	50	52	
42	41	e5dccf6332351b4a	5			yes					43	-1	-1	-1	44	
43	42	be38f4f99e938918	4			yes					-1	-1	-1	-1	
44	42	b8d0d97e67db7290	4			yes					-1	-1	-1	-1	
45	41	ad9a69f5899e40a3	5			yes					-1	-1	-1	-1	46	
46	45	f0967fe8dc702979	4			yes					-1	-1	-1	-1	
47	41	10b573f6dab78fb4	5			yes					-1	-1	-1	-1	-1	
48	41	4e4b7f7f9a727e68	5			yes					-1	-1	-1	-1	49	
49	48	13476962cf9c17b2	4			yes					-1	-1	-1	-1	
50	41	4bb4bc02ae80c3ef	5			yes					-1	-1	-1	-1	51	
51	50	16b8aa1ffb6eaa35	4			yes					-1	-1	-1	-1	
52	41	ab72447270d6bb2b	5			yes					-1	-1	-1	-1	-1	
53	2	6aec39a37e13afa6	4			yes					-1	-1	54	61	
54	53	8032e461d34d3461	5			yes					55	57	58	59	60	
55	54	9390796dc440fdda	4			yes					56	-1	-1	-1	
56	55	c7b9b7e53c12281b	3			yes					-1	-1	-1	
57	54	d41b2ae92b1fe1a0	4			yes					-1	-1	-1	-1	
58	54	94fdacfec020f3f5	4			yes					-1	-1	-1	-1	
59	54	836b10c94ae67cc4	4			yes					-1	-1	-1	-1	
60	54	501defb36599934b	4			yes					-1	-1	-1	-1	
61	53	76980b5fb870513c	6			yes					62	66	69	-1	71	73	
62	61	653a9653af7d9887	5			yes					63	64	-1	-1	65	
63	62	311358db572f4d46	4			yes					-1	-1	-1	-1	
64	62	71f5deccbc105f13	4			yes					-1	-1	-1	-1	
65	62	3836804efa93f15d	4			yes					-1	-1	-1	-1	
66	61	22b1c5d7402284fd	5			yes					-1	67	-1	-1	68	
67	66	367e8d48534f4369	4			yes					-1	-1	-1	-1	
68	66	7fbdd3ca15cced27	4			yes					-1	-1	-1	-1	
69	61	625743c0ab1d96a8	5			yes					-1	-1	-1	-1	70	
70	69	3f5b55ddfef3ff72	4			yes					-1	-1	-1	-1	
71	61	a865703906732559	5			yes					-1	-1	-1	-1	72	
72	71	f5696624539d4c83	4			yes					-1	-1	-1	-1	
73	61	2b941d42ed9e38e6	5			yes					-1	-1	-1	-1	-1	
74	2	4fcf00df77bac79a	4			yes					-1	-1	-1	75	
75	74	fb9d50ea873178a1	6			yes					76	78	80	82	-1	84	
76	75	e83fcde6903cb11a	5			yes					-1	-1	-1	-1	77	
77	76	b533dbfbc5d2d8c0	4			yes					-1	-1	-1	-1	
78	75	afb49e627f63ad60	5			yes					-1	-1	-1	-1	79	
79	78	f2b8887f2a8dc4ba	4			yes					-1	-1	-1	-1	
80	75	ef521875945cbf35	5			yes					-1	-1	-1	-1	81	
81	80	b25e0e68c1b2d6ef	4			yes					-1	-1	-1	-1	
82	75	6a829d5da5ff059a	5			yes					-1	-1	-1	-1	83	
83	82	378e8b40f0116c40	4			yes					-1	-1	-1	-1	
84	75	a69146f7d2df117b	5			yes					-1	-1	-1	-1	-1	
85	2	0349c740e908ea58	4			yes					-1	-1	-1	-1	
86	1	f0d6479a0928e63c	4			yes					87	98	108	119	
87	86	25e90e412b412fe6	3			yes					88	89	93	
88	87	54566cca3d98c655	4			yes					-1	-1	-1	-1	
89	87	db013dd202da11b3	5			yes					-1	90	91	-1	92	
90	89	a3d0f408fb3325ae	4			yes					-1	-1	-1	-1	
91	89	4a1ef06520146c88	4			yes					-1	-1	-1	-1	
92	89	0eb2088197d69dc5	4			yes					-1	-1	-1	-1	
93	87	268703ac32d6a0f6	5			yes					-1	94	95	96	97	
94	93	5e56ca76cb3f94eb	4			yes					-1	-1	-1	-1	
95	93	b798ce1b1018ddcd	4			yes					-1	-1	-1	-1	
96	93	0e889fee1906ae84	4			yes					-1	-1	-1	-1	
97	93	e35b534259431424	4			yes					-1	-1	-1	-1	
98	86	99b98e44bcdbe418	3			yes					-1	99	103	
99	98	c926bb504498d56d	5			yes					100	101	-1	-1	102	
100	99	da84265c53951cd6	4			yes					-1	-1	-1	-1	
101	99	bf75117424520547	4			yes					-1	-1	-1	-1	
102	99	1c958e03d194591b	4			yes					-1	-1	-1	-1	
103	98	34a0852e74946428	5			yes					104	105	-1	106	107	
104	103	270218226399ad93	4			yes					-1	-1	-1	-1	
105	103	42f32f0a145eb402	4			yes					-1	-1	-1	-1	
106	103	1caf196c5f446a5a	4			yes					-1	-1	-1	-1	
107	103	f17cd5c01f01d0fa	4			yes					-1	-1	-1	-1	
108	86	7a94de828364dd14	3			yes					-1	-1	109	
109	108	b5f9b503f52d8ec3	6			yes					110	112	114	116	-1	118	
110	109	a65b280fe2204778	5			yes					-1	-1	-1	-1	111	
111	110	fb573e12b7ce2ea2	4			yes					-1	-1	-1	-1	
112	109	c3aa1f2795e75ee9	5			yes					-1	-1	-1	-1	113	
113	112	9ea6093ac0093733	4			yes					-1	-1	-1	-1	
114	109	cd287cd90cc4bade	5			yes					-1	-1	-1	-1	115	
115	114	90246ac4592ad304	4			yes					-1	-1	-1	-1	
116	109	24e678b4d7e3f3f8	5			yes					-1	-1	-1	-1	117	
117	116	79ea6ea9820d9a22	4			yes					-1	-1	-1	-1	
118	109	e8f5a31ea0c3e719	5			yes					-1	-1	-1	-1	-1	
119	86	3612191d1dd6f0d6	3			yes					-1	-1	-1	
120	1	cd5a4bb5c90d6f25	4			yes					121	131	149	153	
121	120	1865026eeb64a6ff	3			yes					122	125	126	
122	121	660a94af08427c47	5			yes					-1	123	-1	-1	124	
123	122	cc4cbf8a4e36a522	4			yes					-1	-1	-1	-1	
124	122	6bc548c426a52d8c	4			yes					-1	-1	-1	-1	
125	121	8e3950c06129f4e5	4			yes					-1	-1	-1	-1	
126	121	16e7afa29d51eead	5			yes					-1	127	128	129	130	
127	126	0228e73d8e3c2939	4			yes					-1	-1	-1	-1	
128	126	db864f5efa9c2e44	4			yes					-1	-1	-1	-1	
129	126	3ee833e0b681e0df	4			yes					-1	-1	-1	-1	
130	126	d33bff4cf6c45a7f	4			yes					-1	-1	-1	-1	
131	120	09ad673e5bab1a33	3			yes					-1	132	136	
132	131	8202ae13ac5b7997	5			yes					133	134	-1	-1	135	
133	132	91a0331fbb56b02c	4			yes					-1	-1	-1	-1	
134	132	f4510437cc91a9bd	4			yes					-1	-1	-1	-1	
135	132	10405f80c0679542	4			yes					-1	-1	-1	-1	
136	131	32635587212eb3f9	6			yes					137	140	142	144	146	148	
137	136	21c1c88b36237a42	5			yes					138	-1	-1	-1	139	
138	137	579262af56e9aa68	4			yes					-1	-1	-1	-1	
139	137	7ccdde9663cd1398	4			yes					-1	-1	-1	-1	
140	136	4430ffa341e463d3	5			yes					-1	-1	-1	-1	141	
141	140	193ce9be140a0a09	4			yes					-1	-1	-1	-1	
142	136	98257ea2675a6a9c	5			yes					-1	-1	-1	-1	143	
143	142	c52968bf32b40346	4			yes					-1	-1	-1	-1	
144	136	e55bf83ec0ec7816	5			yes					-1	-1	-1	-1	145	
145	144	b857ee23950211cc	4			yes					-1	-1	-1	-1	
146	136	4583a7a9859f62c1	5			yes					-1	-1	-1	-1	147	
147	146	188fb1b4d0710b1b	4			yes					-1	-1	-1	-1	
148	136	6f6f439a74c0da23	5			yes					-1	-1	-1	-1	-1	
149	120	d70c3bd7a431aa26	3			yes					-1	-1	150	
150	149	24bf1ad565400a61	5			yes					151	-1	-1	-1	-1	
151	150	371d87d9724dc3da	4			yes					-1	-1	-1	-1	
152	150	52ecb0f1058ada4b	4			no					-1	-2	-1	-1	
153	120	0b9e1532ddf379cf	3			yes					-1	-1	-1	
154	1	dfa02b9d4bafaada	4			yes					155	163	175	177	
155	154	0a9f624669c66300	3			yes					156	160	-1	
156	155	5df5fcc5e445615c	5			yes					-1	-1	157	158	159	
157	156	06827be56734a4d3	4			yes					-1	-1	-1	-1	
158	156	bc834ecfa2591de4	4			yes					-1	-1	-1	-1	
159	156	bfb4b98a18af3d12	4			yes					-1	-1	-1	-1	
160	155	2e3cf84e5b199b67	5			yes					-1	161	-1	162	-1	
161	160	3af3b0d148745cf3	4			yes					-1	-1	-1	-1	
162	160	cf4a4a441d05e7df	4			yes					-1	-1	-1	-1	
163	154	1b570716d909dfcc	3			yes					-1	164	174	
164	163	3d757e607c84541d	6			yes					165	167	169	170	172	173	
165	164	2ed7e36c6b899da6	5			yes					-1	-1	-1	-1	166	
166	165	d8238a3d06fc1750	4			yes					-1	-1	-1	-1	
167	164	4b26d4441c4e8437	5			yes					-1	-1	-1	-1	168	
168	167	bdd2bd15713b0ec1	4			yes					-1	-1	-1	-1	
169	164	0e54a0359f679e08	5			yes					-1	-1	-1	-1	-1	
170	164	94da2fea143459d2	5			yes					-1	-1	-1	-1	171	
171	170	622e46bb7941d324	4			yes					-1	-1	-1	-1	
172	164	ff7fb8f7fc94de4b	4			yes					-1	-1	-1	-1	
173	164	cb81173111f1deeb	5			yes					-1	-1	-1	-1	-1	
174	163	0441fea1fddc18c2	5			yes					-1	-1	-1	-1	-1	
175	154	70c18bf9c84af9ce	3			yes					-1	-1	176	
176	175	11d11771188288a9	5			yes					-1	-1	-1	-1	-1	
177	154	bea9c534332aefd8	3			yes					-1	-1	-1	
178	1	59099d370ed838c4	5			yes					179	191	211	215	216	
179	178	8c36d4ec2cb1f11e	4			yes					180	182	185	187	
180	179	cc337904fd891a79	5			yes					-1	-1	-1	-1	181	
181	180	549729285e3b0174	4			yes					-1	-1	-1	-1	
182	179	0eb44eddeebecf13	5			yes					-1	183	-1	-1	184	
183	182	1a7b0642fdd30887	4			yes					-1	-1	-1	-1	
184	182	96101ef14d0cd41e	4			yes					-1	-1	-1	-1	
185	179	0a8b06235a5a2139	5			yes					-1	-1	-1	-1	186	
186	185	922f560ff9e83a34	4			yes					-1	-1	-1	-1	
187	179	e1d415f79b0f1d2a	3			yes					188	189	-1	
188	187	49aa8e5d1f64b403	5			yes					-1	-1	-1	-1	-1	
189	187	138993b6fe9b1e36	5			yes					-1	-1	-1	-1	-1	
190	189	4e8585abab7577ec	4			no					-1	-2	-1	-2	
191	178	9dfeb1bc9c7e4dd2	4			yes					-1	192	203	209	
192	191	f7208428a81229ff	6			yes					193	195	197	198	200	202	
193	192	e4821924bf1fe044	5			yes					-1	-1	-1	-1	194	
194	193	683ed6b39cd8b4d3	4			yes					-1	-1	-1	-1	
195	192	81732e0cc8d8f9d5	5			yes					-1	-1	-1	-1	196	
196	195	0dcfe19beb1fad42	4			yes					-1	-1	-1	-1	
197	192	c4015a7d4bf1e3ea	5			yes					-1	-1	-1	-1	-1	
198	192	72b390761a297daa	5			yes					-1	-1	-1	-1	199	
199	198	fe0f5fe139ee293d	4			yes					-1	-1	-1	-1	
200	192	5fff32b405d8d346	5			yes					-1	-1	-1	-1	201	
201	200	d343fd23261f87d1	4			yes					-1	-1	-1	-1	
202	192	7b9c4bbf8bd57d68	5			yes					-1	-1	-1	-1	-1	
203	191	17bc28a4163276fa	3			yes					204	206	-1	
204	203	79d2b09fd2cbd616	5			yes					-1	-1	-1	-1	205	
205	204	f56e7f08f10c8281	4			yes					-1	-1	-1	-1	
206	203	13bf32746342784b	5			yes					207	-1	-1	-1	208	
207	206	001daf78744fb1f0	4			yes					-1	-1	-1	-1	
208	206	8b1b6258c0f06346	4			yes					-1	-1	-1	-1	
209	191	f01c70a72bc0a1e6	3			yes					-1	210	-1	
210	209	08750c70d4678e13	5			yes					-1	-1	-1	-1	-1	
211	178	f6683d538d3d6bd0	4			yes					-1	-1	212	214	
212	211	7c2aa44b077150f8	3			yes					213	-1	-1	
213	212	6c42594f3795467d	5			yes					-1	-1	-1	-1	-1	
214	211	9b8afc483a8387e4	3			yes					-1	-1	-1	
215	178	d34b042f849403ec	4			yes					-1	-1	-1	-1	
216	178	34eb5c2cb966d4f0	4			yes					-1	-1	-1	-1	
217	0	b482b3d3e138e419	5			yes					-1	218	278	303	321	
218	217	608b47fbe97b8efb	5			yes					219	239	251	266	277	
219	218	097596e4fbc0ca65	4			yes					220	222	228	234	
220	219	c64d69d899b6e77f	5			yes					-1	-1	-1	-1	221	
221	220	843fa07717148289	4			yes					-1	-1	-1	-1	
222	219	1c36d22b13396e89	5			yes					223	224	225	226	227	
223	222	5c5c84041b7a7a27	4			yes					-1	-1	-1	-1	
224	222	138c960221ffcc08	4			yes					-1	-1	-1	-1	
225	222	1bf0af58b1556d0b	4			yes					-1	-1	-1	-1	
226	222	99a5c675a1023adc	4			yes					-1	-1	-1	-1	
227	222	cd857b2b2ad2e1f8	4			yes					-1	-1	-1	-1	
228	219	e33a21329b28e401	5			yes					229	230	231	232	233	
229	228	a350771d936bf0af	4			yes					-1	-1	-1	-1	
230	228	ec80651ba9ee4680	4			yes					-1	-1	-1	-1	
231	228	f98b0ad1cb52d904	4			yes					-1	-1	-1	-1	
232	228	854e3237dc2b2c00	4			yes					-1	-1	-1	-1	
233	228	33152ae02dfc432b	4			yes					-1	-1	-1	-1	
234	219	59d8c1b472dcf347	5			yes					235	236	237	238	-1	
235	234	19b2979b7a9fe7e9	4			yes					-1	-1	-1	-1	
236	234	5662859d401a51c6	4			yes					-1	-1	-1	-1	
237	234	4369ea5722a6ce42	4			yes					-1	-1	-1	-1	
238	234	78e6a134ea1736ef	4			yes					-1	-1	-1	-1	
239	218	8a19b6e40fec3a48	4			yes					-1	240	243	246	
240	239	b6a1bcd2c0ef728b	5			yes					241	-1	-1	-1	242	
241	240	151a6806f9c29386	4			yes					-1	-1	-1	-1	
242	240	28798b441bf80ae2	4			yes					-1	-1	-1	-1	
243	239	005b2ffc85a00160	3			yes					244	245	-1	
244	243	35abf49b7676be54	5			yes					-1	-1	-1	-1	-1	
245	243	57da041dd0b24a81	4			yes					-1	-1	-1	-1	
246	239	4cdde8631b122ca2	3			yes					247	249	-1	
247	246	b9eae35b6ed40bc0	5			yes					-1	-1	-1	-1	248	
248	247	e4e6f5463b3a621a	4			yes					-1	-1	-1	-1	
249	246	a170eb23bb8f2fdc	5			yes					-1	-1	-1	-1	250	
250	249	fc7cfd3eee614606	4			yes					-1	-1	-1	-1	
251	218	cfeae79f6a9eddef	4			yes					-1	-1	252	257	
252	251	5c352cfc17e9ef5e	5			yes					253	254	255	-1	256	
253	252	ff8ef8282ec40e53	4			yes					-1	-1	-1	-1	
254	252	081ce274efbb3a9f	4			yes					-1	-1	-1	-1	
255	252	24e4e526ee00db43	4			yes					-1	-1	-1	-1	
256	252	8c1a272ea13d4874	4			yes					-1	-1	-1	-1	
257	251	aa9fc3c27cd48a03	6			yes					258	260	262	-1	264	265	
258	257	0924171645f96b0e	5			yes					-1	-1	-1	-1	259	
259	258	5428010b101702d4	4			yes					-1	-1	-1	-1	
260	257	feb60d4a84865fc2	5			yes					-1	-1	-1	-1	261	
261	260	a3ba1b57d1683618	4			yes					-1	-1	-1	-1	
262	257	d24e0a18853dbe1e	5			yes					-1	-1	-1	-1	263	
263	262	8f421c05d0d3d7c4	4			yes					-1	-1	-1	-1	
264	257	7462b8a4c2d7fe66	5			yes					-1	-1	-1	-1	-1	
265	257	f793d5df293ae3d9	5			yes					-1	-1	-1	-1	-1	
266	218	eac9dee36337b5d3	4			yes					-1	-1	-1	267	
267	266	279a98774395a39e	6			yes					268	270	272	274	-1	276	
268	267	84214ca37ab84293	5			yes					-1	-1	-1	-1	269	
269	268	d92d5abe2f562b49	4			yes					-1	-1	-1	-1	
270	267	73b356ffbbc7765f	5			yes					-1	-1	-1	-1	271	
271	270	2ebf40e2ee291f85	4			yes					-1	-1	-1	-1	
272	267	5f4b51adba7c9783	5			yes					-1	-1	-1	-1	273	
273	272	024747b0ef92fe59	4			yes					-1	-1	-1	-1	
274	267	b68555c0615bdea5	5			yes					-1	-1	-1	-1	275	
275	274	eb8943dd34b5b77f	4			yes					-1	-1	-1	-1	
276	267	7a968e6a167bca44	5			yes					-1	-1	-1	-1	-1	
277	218	a64f197cfd859811	4			yes					-1	-1	-1	-1	
278	217	3af0638d237a145a	4			yes					279	294	300	302	
279	278	530eb29231c150c4	3			yes					280	282	284	
280	279	a160ae1c5b952a66	5			yes					-1	-1	-1	-1	281	
281	280	acaf727775727bad	4			yes					-1	-1	-1	-1	
282	279	9f87de0b57dc80dc	5			yes					-1	-1	-1	-1	283	
283	282	0dc52f983be06c09	4			yes					-1	-1	-1	-1	
284	279	9fde3e5405bb53fd	6			yes					285	287	289	291	292	293	
285	284	dfb4687b0df84753	5			yes					-1	-1	-1	-1	286	
286	285	82b87e6658162e89	4			yes					-1	-1	-1	-1	
287	284	26b7690a2955dddd	5			yes					-1	-1	-1	-1	288	
288	287	7bbb7f177cbbb407	4			yes					-1	-1	-1	-1	
289	284	04d748fb3430e983	5			yes					-1	-1	-1	-1	290	
290	289	59db5ee661de8059	4			yes					-1	-1	-1	-1	
291	284	48e693ede4799812	5			yes					-1	-1	-1	-1	-1	
292	284	e83ecc7aa10a82c5	5			yes					-1	-1	-1	-1	-1	
293	284	c2d2284950553a27	5			yes					-1	-1	-1	-1	-1	
294	278	b56cfffa6b799777	3			yes					-1	295	296	
295	294	3cc02855243dc50f	4			yes					-1	-1	-1	-1	
296	294	a41ed737d845df47	5			yes					297	-1	298	-1	299	
297	296	07a503e3e1683e4a	4			yes					-1	-1	-1	-1	
298	296	697f37cbbf881fae	4			yes					-1	-1	-1	-1	
299	296	61c287d9b3d06b95	4			yes					-1	-1	-1	-1	
300	278	20a613ef4e46d159	3			yes					-1	-1	301	
301	300	b6dc37a1d3f8273c	5			yes					-1	-1	-1	-1	-1	
302	278	fc343d0a378402b0	3			yes					-1	-1	-1	
303	217	280a03a5a1d8d1a5	4			yes					304	315	318	320	
304	303	41f4d2bab363953b	3			yes					305	307	314	
305	304	d083a406bc678721	5			yes					-1	-1	-1	306	-1	
306	305	31f5160cfa7bfb99	4			yes					-1	-1	-1	-1	
307	304	20f00e788703ad56	6			yes					308	309	310	311	312	313	
308	307	609a58578f40b9f8	5			yes					-1	-1	-1	-1	-1	
309	307	99995926abed2376	5			yes					-1	-1	-1	-1	-1	
310	307	92a6966ccc0d1d17	5			yes					-1	-1	-1	-1	-1	
311	307	895f5ff2efb3a099	5			yes					-1	-1	-1	-1	-1	
312	307	e2fac8ef07132700	4			yes					-1	-1	-1	-1	
313	307	d6046729ea7627a0	5			yes					-1	-1	-1	-1	-1	
314	304	f9ccca5ce82bba6b	5			yes					-1	-1	-1	-1	-1	
315	303	a7969fd2e9db5288	3			yes					-1	316	-1	
316	315	9cc580db1e0daa8d	5			yes					-1	-1	-1	317	-1	
317	316	7db332d15811d635	4			yes					-1	-1	-1	-1	
318	303	876ba3c1223d82b1	3			yes					-1	-1	319	
319	318	83b23a05ae3aa5f4	5			yes					-1	-1	-1	-1	-1	
320	303	4903ed0cd95d94a7	3			yes					-1	-1	-1	
321	217	aea3b50fe4af43bb	5			yes					322	341	346	351	352	
322	321	c75d6410f6140725	4			yes					323	325	335	339	
323	322	cb72ec79c3f28756	5			yes					-1	-1	-1	-1	324	
324	323	53d6bc5560409c5b	4			yes					-1	-1	-1	-1	
325	322	eaa5f4305395d0b4	6			yes					326	328	330	332	-1	334	
326	325	aacfa21f5bd6c41a	5			yes					-1	-1	-1	-1	327	
327	326	26736d887811908d	4			yes					-1	-1	-1	-1	
328	325	53cca36e7f7b5e94	5			yes					-1	-1	-1	-1	329	
329	328	df706cf95cbc0a03	4			yes					-1	-1	-1	-1	
330	325	58f36c24189b60f5	5			yes					-1	-1	-1	-1	331	
331	330	d44fa3b33b5c3462	4			yes					-1	-1	-1	-1	
332	325	6f36e06ee1ae84e1	5			yes					-1	-1	-1	-1	333	
333	332	e38a2ff9c269d076	4			yes					-1	-1	-1	-1	
334	325	66193ba770528423	5			yes					-1	-1	-1	-1	-1	
335	322	4d1ffd087c583c0d	3			yes					336	337	-1	
336	335	3ab88137fd4b3981	5			yes					-1	-1	-1	-1	-1	
337	335	0e3a426c98c58100	5			yes					-1	-1	-1	-1	338	
338	337	969e12403b779a0d	4			yes					-1	-1	-1	-1	
339	322	aabfa50b41aaeb11	3			yes					-1	340	-1	
340	339	15f07c682fe07758	5			yes					-1	-1	-1	-1	-1	
341	321	213f2978acacc096	4			yes					-1	342	345	-1	
342	341	bc4d3648abaafef9	5			yes					343	-1	-1	-1	344	
343	342	1ff6e29c92871ff4	4			yes					-1	-1	-1	-1	
344	342	24e966640818e5f4	4			yes					-1	-1	-1	-1	
345	341	b8727eb61f4e10d3	5			yes					-1	-1	-1	-1	-1	
346	321	01c2156b674a10af	4			yes					-1	-1	347	350	
347	346	8b808c73ed062b87	3			yes					-1	348	-1	
348	347	debb21da72817797	5			yes					-1	-1	-1	-1	349	
349	348	5207ee4d51462300	4			yes					-1	-1	-1	-1	
350	346	6c20d470d0f4fc9b	3			yes					-1	-1	-1	
351	321	24e12c176ee37893	4			yes					-1	-1	-1	-1	
352	321	c34174145311af8f	4			yes					-1	-1	-1	-1	
353	0	ada9e8f6038c7046	5			yes					-1	-1	354	423	442	
354	353	27776ebfd8b310f4	5			yes					355	381	404	411	422	
355	354	4e89bfa0ca08546a	4			yes					356	362	364	372	
356	355	be818a96d3c35ff6	5			yes					357	358	359	360	361	
357	356	a8930ad53cc77ba0	4			yes					-1	-1	-1	-1	
358	356	113db9b25ff3b683	4			yes					-1	-1	-1	-1	
359	356	73e06a6ab40e9f1f	4			yes					-1	-1	-1	-1	
360	356	968e16d4f8135184	4			yes					-1	-1	-1	-1	
361	356	5cc0cfd92f2903b8	4			yes					-1	-1	-1	-1	
362	355	45ca23eaa7aff532	5			yes					-1	-1	-1	-1	363	
363	362	817bdd4c925dbd2e	4			yes					-1	-1	-1	-1	
364	355	8773d636605b1a4e	6			yes					-1	365	367	369	-1	371	
365	364	c8c497f9117af03d	5			yes					-1	-1	-1	-1	366	
366	365	82730e8dbe234b79	4			yes					-1	-1	-1	-1	
367	364	a3668d06ed69600b	5			yes					-1	-1	-1	-1	368	
368	367	e9d114724230db4f	4			yes					-1	-1	-1	-1	
369	364	d946330f2a1d5e0b	5			yes					-1	-1	-1	-1	370	
370	369	93f1aa7b8544e54f	4			yes					-1	-1	-1	-1	
371	364	cdc44f42cf02a10a	5			yes					-1	-1	-1	-1	-1	
372	355	2864927de58660f5	6			yes					373	374	376	378	379	380	
373	372	96765375ec8ee33b	5			yes					-1	-1	-1	-1	-1	
374	372	67d3d3b294a78a86	5			yes					-1	-1	-1	-1	375	
375	374	3adfc5afc149e35c	4			yes					-1	-1	-1	-1	
376	372	0c71c94d68b41ab0	5			yes					-1	-1	-1	-1	377	
377	376	517ddf503d5a736a	4			yes					-1	-1	-1	-1	
378	372	ff5c3fc40444ab1a	5			yes					-1	-1	-1	-1	-1	
379	372	5f8460534137b1cd	5			yes					-1	-1	-1	-1	-1	
380	372	75688460b068092f	5			yes					-1	-1	-1	-1	-1	
381	354	4205b10c121e09dd	4			yes					-1	382	385	394	
382	381	117d2da80e6ae582	5			yes					383	-1	-1	-1	384	
383	382	b2c6f97c3747048f	4			yes					-1	-1	-1	-1	
384	382	d5ccd30e3b98ad9e	4			yes					-1	-1	-1	-1	
385	381	79150fdacd34ded2	6			yes					386	388	389	391	-1	393	
386	385	daaedb0ef4193fdf	5			yes					-1	-1	-1	-1	387	
387	386	9019427a5b40849b	4			yes					-1	-1	-1	-1	
388	385	d56d8225215f92fe	5			yes					-1	-1	-1	-1	-1	
389	385	5d0054ea4006a497	5			yes					-1	-1	-1	-1	390	
390	389	17b7cd9eef5f1fd3	4			yes					-1	-1	-1	-1	
391	385	2720eae387729a97	5			yes					-1	-1	-1	-1	392	
392	391	6d977397282b21d3	4			yes					-1	-1	-1	-1	
393	385	33a296ae626d6596	5			yes					-1	-1	-1	-1	-1	
394	381	d6024b9148e9a469	6			yes					395	397	399	401	402	403	
395	394	75b99f4571c44564	5			yes					-1	-1	-1	-1	396	
396	395	28b58958242a2cbe	4			yes					-1	-1	-1	-1	
397	394	7a7ac66ea482e845	5			yes					-1	-1	-1	-1	398	
398	397	2776d073f16c819f	4			yes					-1	-1	-1	-1	
399	394	f21710a1c5dbde2c	5			yes					-1	-1	-1	-1	400	
400	399	af1b06bc9035b7f6	4			yes					-1	-1	-1	-1	
401	394	013ae628a92b6f86	5			yes					-1	-1	-1	-1	-1	
402	394	a1e2b9bfec587551	5			yes					-1	-1	-1	-1	-1	
403	394	8b0e5d8c1d07cdb3	5			yes					-1	-1	-1	-1	-1	
404	354	400ac93346a47075	4			yes					-1	-1	405	408	
405	404	ca48502bcce84b5d	3			yes					406	407	-1	
406	405	99975120f9cc7b9f	4			yes					-1	-1	-1	-1	
407	405	cd205f6250096b2f	4			yes					-1	-1	-1	-1	
408	404	86ce97b4525a669f	3			yes					409	410	-1	
409	408	155f46e1fa70628d	5			yes					-1	-1	-1	-1	-1	
410	408	41e848a353b5723d	5			yes					-1	-1	-1	-1	-1	
411	354	ad35f7a752ff2bdc	4			yes					-1	-1	-1	412	
412	411	599ed1909e0e1ba7	6			yes					413	415	417	419	-1	421	
413	412	fa250544a723faaa	5			yes					-1	-1	-1	-1	414	
414	413	a7291359f2cd9370	4			yes					-1	-1	-1	-1	
415	412	2fcd7bb4fec4cb8d	5			yes					-1	-1	-1	-1	416	
416	415	72c16da9ab2aa257	4			yes					-1	-1	-1	-1	
417	412	214f184a67e72fba	5			yes					-1	-1	-1	-1	418	
418	417	7c430e5732094660	4			yes					-1	-1	-1	-1	
419	412	94ff316cf9c3db4e	5			yes					-1	-1	-1	-1	420	
420	419	c9f32771ac2db294	4			yes					-1	-1	-1	-1	
421	412	0492c78dcbe0727d	5			yes					-1	-1	-1	-1	-1	
422	354	e1b33038cc4d061e	4			yes					-1	-1	-1	-1	
423	353	04ea29db15601a91	4			yes					424	436	440	441	
424	423	6d14f8c407db5e0f	3			yes					425	433	435	
425	424	9e0f0686923e86db	6			yes					-1	426	427	429	431	432	
426	425	31b335a21e0e6fae	5			yes					-1	-1	-1	-1	-1	
427	425	0f10cb31b0f0fbe0	5			yes					-1	-1	-1	-1	428	
428	427	f9e4a260dd857116	4			yes					-1	-1	-1	-1	
429	425	eabbb847c1ea3a4e	5			yes					-1	-1	-1	-1	430	
430	429	1c4fd116ac9fb0b8	4			yes					-1	-1	-1	-1	
431	425	5c05c011122e0c8d	4			yes					-1	-1	-1	-1	
432	425	68fb6fd7ff4b0c2d	5			yes					-1	-1	-1	-1	-1	
433	424	71bf9da1d38387db	5			yes					-1	-1	-1	434	-1	
434	433	90c92fab959ffb63	4			yes					-1	-1	-1	-1	
435	424	eed6244f8ad382b0	5			yes					-1	-1	-1	-1	-1	
436	423	6198f668dfcd03b8	3			yes					-1	437	439	
437	436	250893e37a46976b	5			yes					-1	-1	-1	438	-1	
438	437	c47e21e93c5aebd3	4			yes					-1	-1	-1	-1	
439	436	10b0fda327bc462c	5			yes					-1	-1	-1	-1	-1	
440	423	6d85e005a09318b5	3			yes					-1	-1	-1	
441	423	65e3c7726de55f93	3			yes					-1	-1	-1	
442	353	82439f715017888f	5			yes					443	463	470	472	473	
443	442	ebbd4e6e42accc11	4			yes					444	454	456	461	
444	443	9dbd60babeb43549	6			yes					-1	445	447	449	451	453	
445	444	3201539e3284dc3c	5			yes					-1	-1	-1	-1	446	
446	445	bebd9c09114388ab	4			yes					-1	-1	-1	-1	
447	444	0ca2ad0d9c7a4872	5			yes					-1	-1	-1	-1	448	
448	447	801e629abfbd1ce5	4			yes					-1	-1	-1	-1	
449	444	b5b2fcf895643b3b	5			yes					-1	-1	-1	-1	450	
450	449	390e336fb6a36fac	4			yes					-1	-1	-1	-1	
451	444	8c022d0549edeafd	5			yes					-1	-1	-1	-1	452	
452	451	00bee2926a2abe6a	4			yes					-1	-1	-1	-1	
453	444	1101af2d9d7361de	5			yes					-1	-1	-1	-1	-1	
454	443	e082420a41140301	5			yes					-1	-1	-1	-1	455	
455	454	78261226e2a6180c	4			yes					-1	-1	-1	-1	
456	443	61ffd776c8e0f739	3			yes					457	459	-1	
457	456	857036b683b778fe	5			yes					-1	-1	-1	-1	458	
458	457	1dd4669a200563f3	4			yes					-1	-1	-1	-1	
459	456	10f674e75bff4689	5			yes					-1	-1	-1	-1	460	
460	459	9c4abb707838121e	4			yes					-1	-1	-1	-1	
461	443	865f8f75f5122025	3			yes					462	-1	-1	
462	461	c562b27c01bf0ab8	5			yes					-1	-1	-1	-1	-1	
463	442	e73140c29aba91a6	4			yes					-1	464	467	469	
464	463	b4354c48e8d113b1	5			yes					465	-1	-1	-1	466	
465	464	178e989cd1fcf2bc	4			yes					-1	-1	-1	-1	
466	464	2c911c644b6308bc	4			yes					-1	-1	-1	-1	
467	463	6d73d9da10f6aa8e	3			yes					-1	468	-1	
468	467	44417aa5f23a5639	5			yes					-1	-1	-1	-1	-1	
469	463	8ad381d92d047d92	3			yes					-1	-1	-1	
470	442	eb2c56afe5e48aab	4			yes					-1	-1	471	-1	
471	470	c4ab483cd8bc3ed8	5			yes					-1	-1	-1	-1	-1	
472	442	08010669da5bb3a7	4			yes					-1	-1	-1	-1	
473	442	efa15e6ae7a964bb	4			yes					-1	-1	-1	-1	
474	0	49d0722c7309eb3d	5			yes					-1	-1	-1	475	528	
475	474	0ff79526898e3fdf	5			yes					476	500	517	525	527	
476	475	660944399b357b41	4			yes					477	485	492	495	
477	476	430373181fac074e	6			yes					-1	478	479	481	483	484	
478	477	6dcd18e95b0dd27c	5			yes					-1	-1	-1	-1	-1	
479	477	8e6293e47861c7a7	5			yes					-1	-1	-1	-1	480	
480	479	7896fab515144d51	4			yes					-1	-1	-1	-1	
481	477	37b7cdd94c78bbdb	5			yes					-1	-1	-1	-1	482	
482	481	c143a488210d312d	4			yes					-1	-1	-1	-1	
483	477	8109b58f9fbc8d18	4			yes					-1	-1	-1	-1	
484	477	b5f71a4972d98db8	5			yes					-1	-1	-1	-1	-1	
485	476	947c24f0ef74ea80	6			yes					-1	486	487	488	490	491	
486	485	7d603ef1a7ae1cf4	5			yes					-1	-1	-1	-1	-1	
487	485	e1b0a35f92164379	5			yes					-1	-1	-1	-1	-1	
488	485	e0c89a31bca05615	5			yes					-1	-1	-1	-1	489	
489	488	163cf360d1d5dce3	4			yes					-1	-1	-1	-1	
490	485	5676e2676f6460d6	4			yes					-1	-1	-1	-1	
491	485	62884da182016076	5			yes					-1	-1	-1	-1	-1	
492	476	ca7519bb6ef5da58	3			yes					493	494	-1	
493	492	1db2b75a68c4926c	5			yes					-1	-1	-1	-1	-1	
494	492	235f8cecad1aec81	5			yes					-1	-1	-1	-1	-1	
495	476	5f49d316504e5246	6			yes					-1	-1	496	497	498	499	
496	495	743ada168932a6c1	5			yes					-1	-1	-1	-1	-1	
497	495	5aa3324f9f5f8d49	5			yes					-1	-1	-1	-1	-1	
498	495	0a9cf884c1aa03db	5			yes					-1	-1	-1	-1	-1	
499	495	66a036d3a918a2b9	5			yes					-1	-1	-1	-1	-1	
500	475	6a854a95432326f6	4			yes					-1	501	509	511	
501	500	c0cb2ab246b1fa30	6			yes					502	-1	504	505	507	508	
502	501	6370fe667f9c1b3d	5			yes					-1	-1	-1	-1	503	
503	502	9584973712e991cb	4			yes					-1	-1	-1	-1	
504	501	b507ad1d3bd353c9	5			yes					-1	-1	-1	-1	-1	
505	501	b47f9473156546a5	5			yes					-1	-1	-1	-1	506	
506	505	428bfd227810cc53	4			yes					-1	-1	-1	-1	
507	501	02c1ec25c6a17066	4			yes					-1	-1	-1	-1	
508	501	363f43e32bc470c6	5			yes					-1	-1	-1	-1	-1	
509	500	c6f91717b6e387ef	3			yes					-1	510	-1	
510	509	77e882ae04dffc31	5			yes					-1	-1	-1	-1	-1	
511	500	18616bf864d6c80e	6			yes					512	-1	513	514	515	516	
512	511	bbdabf2c5dfb2903	5			yes					-1	-1	-1	-1	-1	
513	511	e7cc1b9cd50c5ecd	5			yes					-1	-1	-1	-1	-1	
514	511	1d8b8aa1abc71701	5			yes					-1	-1	-1	-1	-1	
515	511	4db4406af5329993	5			yes					-1	-1	-1	-1	-1	
516	511	21888e3d9d8038f1	5			yes					-1	-1	-1	-1	-1	
517	475	cb00b9ad1b284ac9	4			yes					-1	-1	518	519	
518	517	677ce42feee8ebd0	3			yes					-1	-1	-1	
519	517	16787adbb830962f	6			yes					520	521	-1	522	523	524	
520	519	b5c3ae0f811d7722	5			yes					-1	-1	-1	-1	-1	
521	519	602bd0ffd8fa4605	5			yes					-1	-1	-1	-1	-1	
522	519	13929b8277214920	5			yes					-1	-1	-1	-1	-1	
523	519	43ad514929d4c7b2	5			yes					-1	-1	-1	-1	-1	
524	519	2f919f1e416666d0	5			yes					-1	-1	-1	-1	-1	
525	475	a38bc8a47c4e9ec6	4			yes					-1	-1	-1	526	
526	525	c87b22274ab028a1	3			yes					-1	-1	-1	
527	475	64077fa5bf7089b8	4			yes					-1	-1	-1	-1	
528	474	bfcf935e90320196	5			yes					529	554	568	571	572	
529	528	d631424182894508	4			yes					530	540	550	551	
530	529	40b115243326b4dc	6			yes					-1	531	533	535	537	539	
531	530	6e7f7ed5778761ee	5			yes					-1	-1	-1	-1	532	
532	531	e2c3b14254403579	4			yes					-1	-1	-1	-1	
533	530	8dd0f5d854eb7435	5			yes					-1	-1	-1	-1	534	
534	533	016c3a4f772c20a2	4			yes					-1	-1	-1	-1	
535	530	68be896618f6baae	5			yes					-1	-1	-1	-1	536	
536	535	e40246f13b31ee39	4			yes					-1	-1	-1	-1	
537	530	510e589bc47f6b68	5			yes					-1	-1	-1	-1	538	
538	537	ddb2970ce7b83fff	4			yes					-1	-1	-1	-1	
539	530	cc0ddab310e1e04b	5			yes					-1	-1	-1	-1	-1	
540	529	97ce42ccc3fe5912	6			yes					-1	541	543	545	547	549	
541	540	7ed258cd8b24af66	5			yes					-1	-1	-1	-1	542	
542	541	f26e975aa8e3fbf1	4			yes					-1	-1	-1	-1	
543	540	e202c563be9cf0eb	5			yes					-1	-1	-1	-1	544	
544	543	6ebe0af49d5ba47c	4			yes					-1	-1	-1	-1	
545	540	bfc1de8ee82e5760	5			yes					-1	-1	-1	-1	546	
546	545	337d1119cbe903f7	4			yes					-1	-1	-1	-1	
547	540	86710f7334a786a6	5			yes					-1	-1	-1	-1	548	
548	547	0acdc0e41760d231	4			yes					-1	-1	-1	-1	
549	540	1b728d5be0390d85	5			yes					-1	-1	-1	-1	-1	
550	529	36c847371324ea49	5			yes					-1	-1	-1	-1	-1	
551	529	bbd3835a3537a93c	3			yes					552	553	-1	
552	551	186ec7e28c2d8b2d	5			yes					-1	-1	-1	-1	-1	
553	551	cf11900a7cf566e3	5			yes					-1	-1	-1	-1	-1	
554	528	dabd4ced5a9f18bf	4			yes					-1	555	565	566	
555	554	c3794c8e6a3b49a2	6			yes					556	-1	558	560	562	564	
556	555	60c2985a5316a8af	5			yes					-1	-1	-1	-1	557	
557	556	ec7e57cd70d1fc38	4			yes					-1	-1	-1	-1	
558	555	b6b5cb211759e05b	5			yes					-1	-1	-1	-1	559	
559	558	3a0904b6349eb4cc	4			yes					-1	-1	-1	-1	
560	555	eb76d0cc41eb47d0	5			yes					-1	-1	-1	-1	561	
561	560	67ca1f5b622c1347	4			yes					-1	-1	-1	-1	
562	555	d2c601319d629616	5			yes					-1	-1	-1	-1	563	
563	562	5e7acea6bea5c281	4			yes					-1	-1	-1	-1	
564	555	4fc5831949fc1d35	5			yes					-1	-1	-1	-1	-1	
565	554	243c81b088878676	5			yes					-1	-1	-1	-1	-1	
566	554	b75f8df6ed21f48b	3			yes					-1	567	-1	
567	566	9ba69e48d5307653	5			yes					-1	-1	-1	-1	-1	
568	528	7b38bfd502947480	4			yes					-1	-1	569	570	
569	568	a3a67bac4d6250fd	5			yes					-1	-1	-1	-1	-1	
570	568	16da7eceb52a98b4	3			yes					-1	-1	-1	
571	528	a599e33cfd0ec495	4			yes					-1	-1	-1	-1	
572	528	d22d5245278ceda2	4			yes					-1	-1	-1	-1	
573	0	d9df6ff7331803ca	5			yes					-1	-1	-1	-1	574	
574	573	5d5029c11ac342c6	6			yes					575	597	610	617	620	622	
575	574	34aef8de08780658	5			yes					576	585	591	594	596	
576	575	51dc276dc2d51f71	4			yes					577	580	-1	583	
577	576	afc163619413504c	6			yes					-1	-1	-1	578	-1	579	
578	577	4eb7d16bd20f2cf4	5			yes					-1	-1	-1	-1	-1	
579	577	237dacf6b7d404db	5			yes					-1	-1	-1	-1	-1	
580	576	5ff757696211298a	6			yes					-1	-1	-1	581	-1	582	
581	580	be81e563240d5532	5			yes					-1	-1	-1	-1	-1	
582	580	d34b98fe41d67d1d	5			yes					-1	-1	-1	-1	-1	
583	576	a678206d198eb031	6			yes					-1	-1	-1	-1	-1	584	
584	583	bbb370518c46f356	5			yes					-1	-1	-1	-1	-1	
585	575	f059d4559ade734e	4			yes					-1	586	-1	589	
586	585	0efd5ac6fbf750b6	6			yes					-1	-1	-1	587	-1	588	
587	586	ef8be8ccbdeb2c0e	5			yes					-1	-1	-1	-1	-1	
588	586	82419551d8300421	5			yes					-1	-1	-1	-1	-1	
589	585	f668efa0834fa304	6			yes					-1	-1	-1	-1	-1	590	
590	589	eba3bf9c1687e063	5			yes					-1	-1	-1	-1	-1	
591	575	9bcf58ba8b9d554c	4			yes					-1	-1	-1	592	
592	591	cde55f23d3442635	6			yes					-1	-1	-1	-1	-1	593	
593	592	01658462e0b2b6e4	5			yes					-1	-1	-1	-1	-1	
594	575	ad32735238c39abf	4			yes					-1	-1	-1	595	
595	594	0ee4535cdbee3f2b	3			yes					-1	-1	-1	
596	575	9778d8d0eb55a3cc	4			yes					-1	-1	-1	-1	
597	574	3822f672d06e5bef	5			yes					-1	598	604	607	609	
598	597	fcd5daf942c82ef9	4			yes					-1	599	-1	602	
599	598	5a4a548452324006	6			yes					-1	-1	-1	600	-1	601	
600	599	bb3ce68e142e3cbe	5			yes					-1	-1	-1	-1	-1	
601	599	d6f69b1371f51491	5			yes					-1	-1	-1	-1	-1	
602	598	a2dfe1e22a8ab3b4	6			yes					-1	-1	-1	-1	-1	603	
603	602	bf14b1debf42f0d3	5			yes					-1	-1	-1	-1	-1	
604	597	97435616538b08fb	4			yes					-1	-1	-1	605	
605	604	b3f3b39ad460a08d	6			yes					-1	-1	-1	-1	-1	606	
606	605	ae38e3a641a8e3ea	5			yes					-1	-1	-1	-1	-1	
607	597	a1be7dfee0d5c708	4			yes					-1	-1	-1	608	
608	607	02685df003f8629c	3			yes					-1	-1	-1	
609	597	9bf4d67c3343fe7b	4			yes					-1	-1	-1	-1	
610	574	99a7054a886537d0	5			yes					-1	-1	611	614	616	
611	610	36c6a52e0b8064c4	4			yes					-1	-1	-1	612	
612	611	3469498611857606	6			yes					-1	-1	-1	-1	-1	613	
613	612	29a219ba844d3561	5			yes					-1	-1	-1	-1	-1	
614	610	003b8ec6b8deab37	4			yes					-1	-1	-1	615	
615	614	a3edaec85bf30ea3	3			yes					-1	-1	-1	
616	610	3a7125446b489244	4			yes					-1	-1	-1	-1	
617	574	f23189a5992611d2	5			yes					-1	-1	-1	618	619	
618	617	6bad0229a99d8d35	4			yes					-1	-1	-1	-1	
619	617	51e7a9ab7a0bb446	4			yes					-1	-1	-1	-1	
620	574	c4cca24d2a78de21	5			yes					-1	-1	-1	-1	621	
621	620	671a8243c9557bb5	4			yes					-1	-1	-1	-1	
622	574	fe8609cff9eee752	5			yes					-1	-1	-1	-1	-1	
623	0	ca0f9b255f9d30d4	5			yes					-1	-1	-1	-1	-1	
