Number of nodes
220
ID	PID	Hash_Value			File_Number	Fully_Enumerated	Children
0	-1	0244a7d553a4821b	5			yes					1	47	86	124	160	
1	0	f9fe141ac0c95e62	5			yes					2	14	34	43	46	
2	1	553bf6711348f136	4			yes					3	5	7	11	
3	2	35e9e0cb1a42572a	4			yes					-1	-1	-1	4	
4	3	944ed4c12b7a5ef6	3			yes					-1	-1	-1	
5	2	b578f008bcfb0395	4			yes					-1	6	-1	-1	
6	5	cd3c7194dfbef766	3			yes					-1	-1	-1	
7	2	47365d34494c6a56	5			yes					-1	8	9	-1	10	
8	7	3f72dca82a099ea5	4			yes					-1	-1	-1	-1	
9	7	37ef798846d39ca9	4			yes					-1	-1	-1	-1	
10	7	71caeb6e6d51fea2	4			yes					-1	-1	-1	-1	
11	2	9dfd037b228a4ecf	5			yes					-1	12	13	-1	-1	
12	11	e5b982e741cfba3c	4			yes					-1	-1	-1	-1	
13	11	ed2427c72d15b830	4			yes					-1	-1	-1	-1	
14	1	05084becf838ebc4	4			yes					-1	15	26	32	
15	14	f142f7cf56edd1ad	3			yes					16	17	21	
16	15	8906b167dad0802e	4			yes					-1	-1	-1	-1	
17	15	a6570831cd274885	5			yes					18	19	-1	-1	20	
18	17	97f0a560e7b6f1c7	4			yes					-1	-1	-1	-1	
19	17	c4137511dd38d93c	4			yes					-1	-1	-1	-1	
20	17	90abbe6be93adc71	4			yes					-1	-1	-1	-1	
21	15	7c9c567ea6e16c1c	5			yes					22	23	-1	24	25	
22	21	4d3bfb2f8c70d55e	4			yes					-1	-1	-1	-1	
23	21	1ed82b5eb6fefda5	4			yes					-1	-1	-1	-1	
24	21	ee22f3479f36edca	4			yes					-1	-1	-1	-1	
25	21	87ab5bb8399cdc8c	4			yes					-1	-1	-1	-1	
26	14	33cd0a04049f04a4	3			yes					27	-1	28	
27	26	3918c775191d0b6f	4			yes					-1	-1	-1	-1	
28	26	048e8dc2e1af12c7	5			yes					29	-1	-1	-1	31	
29	28	35292093cb3eab85	4			yes					-1	-1	-1	-1	
30	28	66caf0e2f1b0837e	4			no					-1	-1	-1	-2	
31	28	df3fad6e1a4c37d8	4			yes					-1	-1	-1	-1	
32	14	6e4a1fa081f37a5d	3			yes					33	-1	-1	
33	32	6f79d907b407ee66	4			yes					-1	-1	-1	-1	
34	1	0db4a8396e1c640b	4			yes					-1	-1	35	41	
35	34	3b71e9d192bb8b6b	3			yes					36	-1	37	
36	35	5d464682258fef60	4			yes					-1	-1	-1	-1	
37	35	8d71e3b741eb9b25	5			yes					38	39	40	-1	-1	
38	37	bcd64ee66b7a2267	4			yes					-1	-1	-1	-1	
39	37	ef359e9751f40a9c	4			yes					-1	-1	-1	-1	
40	37	f535622b22ae6fd6	4			yes					-1	-1	-1	-1	
41	34	66f6fc7517d7f592	3			yes					42	-1	-1	
42	41	e75c9cb47da7fe5c	4			yes					-1	-1	-1	-1	
43	1	cf3b55f23c6eb102	4			yes					-1	-1	-1	44	
44	43	a47901be45a5209b	3			yes					45	-1	-1	
45	44	0e663c86f666299f	5			yes					-1	-1	-1	-1	-1	
46	1	92bc4056b902cffb	4			yes					-1	-1	-1	-1	
47	0	fed09939c9aab61b	5			yes					48	63	73	82	85	
48	47	59f630ab9ee03709	4			yes					49	51	57	61	
49	48	81f0c003162f84c1	4			yes					-1	-1	-1	50	
50	49	2057f40927178d1d	3			yes					-1	-1	-1	
51	48	adbc8c8830350d60	3			yes					52	54	55	
52	51	fae37e8f5a9d68fb	4			yes					-1	-1	53	-1	
53	52	0284e79cdc4d45fa	3			yes					-1	-1	-1	
54	51	193bf3b3e4044e92	4			yes					-1	-1	-1	-1	
55	51	23f6788222e10acb	5			yes					-1	-1	-1	-1	56	
56	55	d49fd0b5ef9b1000	4			yes					-1	-1	-1	-1	
57	48	6f3371436247d869	3			yes					58	-1	59	
58	57	313171b9ee95144e	4			yes					-1	-1	-1	-1	
59	57	efa45acf37897c72	5			yes					-1	-1	-1	-1	60	
60	59	18cdf2f8faf366b9	4			yes					-1	-1	-1	-1	
61	48	32b464e7e72ba690	3			yes					62	-1	-1	
62	61	db60f9cfb86a3d8d	4			yes					-1	-1	-1	-1	
63	47	0eeb00157cf3c582	4			yes					-1	64	66	70	
64	63	4ce5055a9c1e231e	4			yes					65	-1	-1	-1	
65	64	34acb4595b3a1a89	3			yes					-1	-1	-1	
66	63	beaba86669a94add	5			yes					67	-1	68	-1	69	
67	66	c6e21965ae8d734a	4			yes					-1	-1	-1	-1	
68	66	ce728cda6636bc22	4			yes					-1	-1	-1	-1	
69	66	88571e3c4db4de29	4			yes					-1	-1	-1	-1	
70	63	6460f629026f6e44	5			yes					71	-1	72	-1	-1	
71	70	1c29472ac54b57d3	4			yes					-1	-1	-1	-1	
72	70	14b9d2950df098bb	4			yes					-1	-1	-1	-1	
73	47	0a9a251a677f8c72	4			yes					-1	-1	74	80	
74	73	3c5f64f29bd86312	3			yes					-1	75	76	
75	74	a4dbb3d0056acfeb	4			yes					-1	-1	-1	-1	
76	74	c5ecf67886510979	5			yes					77	78	79	-1	-1	
77	76	bda5477b417530ee	4			yes					-1	-1	-1	-1	
78	76	a6db82c5bc418a49	4			yes					-1	-1	-1	-1	
79	76	bda877e4e514fd8a	4			yes					-1	-1	-1	-1	
80	73	61d871561eb41deb	3			yes					-1	81	-1	
81	80	1ec169e65d42ded7	4			yes					-1	-1	-1	-1	
82	47	c815d8d1350d597b	4			yes					-1	-1	-1	83	
83	82	a3578c9d4cc6c8e2	3			yes					-1	84	-1	
84	83	f7fbc9d4d6830914	5			yes					-1	-1	-1	-1	-1	
85	47	9592cd75b0612782	4			yes					-1	-1	-1	-1	
86	0	cfcff7339db6d911	5			yes					87	105	114	120	123	
87	86	68e95ea1cafc5803	4			yes					88	96	98	103	
88	87	724f49625b517119	3			yes					-1	89	92	
89	88	e058c95b19c5ed26	5			yes					-1	-1	90	-1	91	
90	89	9081ede7165a1bd9	4			yes					-1	-1	-1	-1	
91	89	d6a47f013dd879d2	4			yes					-1	-1	-1	-1	
92	88	3a9397147203c9bf	5			yes					-1	-1	93	94	95	
93	92	4a4ab3a87d9c3f40	4			yes					-1	-1	-1	-1	
94	92	a82d322d4bd44869	4			yes					-1	-1	-1	-1	
95	92	c1a49ad2ed7e792f	4			yes					-1	-1	-1	-1	
96	87	1e962201bd4bdd0c	4			yes					-1	-1	-1	97	
97	96	bf31160b8c73d4d0	3			yes					-1	-1	-1	
98	87	5e2c1f49365bb763	3			yes					-1	99	100	
99	98	c2cd23050dbfe277	4			yes					-1	-1	-1	-1	
100	98	91076147c3870987	5			yes					-1	101	-1	-1	102	
101	100	8f3a25ba20f80b7d	4			yes					-1	-1	-1	-1	
102	100	4ab641eb38642c98	4			yes					-1	-1	-1	-1	
103	87	03ab0aedb337c99a	3			yes					-1	104	-1	
104	103	44061bcd130e6440	4			yes					-1	-1	-1	-1	
105	86	d569e0f00c1bf00b	4			yes					-1	106	108	112	
106	105	34704658af850e6e	4			yes					107	-1	-1	-1	
107	106	4c39f75b68a137f9	3			yes					-1	-1	-1	
108	105	e3aca118f0bc1f6b	3			yes					-1	109	110	
109	108	71627164089f4589	4			yes					-1	-1	-1	-1	
110	108	bba475359eddd060	5			yes					-1	-1	-1	-1	111	
111	110	60155599653ef57f	4			yes					-1	-1	-1	-1	
112	105	be2bb4bc75d06192	3			yes					-1	113	-1	
113	112	0fc616f46c9057bb	4			yes					-1	-1	-1	-1	
114	86	e007abf5438bd6f1	4			yes					-1	-1	115	118	
115	114	efb914632092c850	5			yes					-1	116	-1	-1	117	
116	115	8dfd6943308d59e9	4			yes					-1	-1	-1	-1	
117	115	d945a239048f5ca4	4			yes					-1	-1	-1	-1	
118	114	35724a2c4b54ecc9	5			yes					-1	119	-1	-1	-1	
119	118	5736370c5b4b7d70	4			yes					-1	-1	-1	-1	
120	86	f90ab6db61113671	4			yes					-1	-1	-1	121	
121	120	9248e29718daa7e8	3			yes					-1	-1	122	
122	121	a6e975d19fb88b99	5			yes					-1	-1	-1	-1	-1	
123	86	a48da37fe47d4888	4			yes					-1	-1	-1	-1	
124	0	e8006d540cd8cac1	5			yes					125	140	151	157	159	
125	124	4f26c4c65b924bd3	4			yes					126	134	137	138	
126	125	5580d305ca3f62c9	3			yes					127	129	130	
127	126	005f6fdd3174dedd	4			yes					-1	128	-1	-1	
128	127	36a60e2a55c34ad8	3			yes					-1	-1	-1	
129	126	aa9932365b97e3f1	4			yes					-1	-1	-1	-1	
130	126	9849f66fe6d47a86	5			yes					-1	131	-1	132	133	
131	130	e00d77f385918e75	4			yes					-1	-1	-1	-1	
132	130	0af75356df03fb50	4			yes					-1	-1	-1	-1	
133	130	637efba979a9ca16	4			yes					-1	-1	-1	-1	
134	125	b3d09b306363fe75	3			yes					-1	135	136	
135	134	eb36c08daca6a7c1	4			yes					-1	-1	-1	-1	
136	134	944e344db7d02ae6	4			yes					-1	-1	-1	-1	
137	125	818f20d033f77c94	4			yes					-1	-1	-1	-1	
138	125	2464908a2259da4a	3			yes					-1	-1	139	
139	138	7edc873efb679cc3	4			yes					-1	-1	-1	-1	
140	124	f2a67a979d75e3db	4			yes					-1	141	145	148	
141	140	0e502561a584567d	3			yes					-1	142	143	
142	141	5304c7647b72c37a	4			yes					-1	-1	-1	-1	
143	141	61d4033dc6315a0d	5			yes					144	-1	-1	-1	-1	
144	143	199db23e0115639a	4			yes					-1	-1	-1	-1	
145	140	7c89f548f1342b73	5			yes					146	-1	-1	-1	147	
146	145	04c0444b361012e4	4			yes					-1	-1	-1	-1	
147	145	07d732d1f6ad5a1f	4			yes					-1	-1	-1	-1	
148	140	99e42edbe4be7242	3			yes					-1	-1	149	
149	148	840787e24cef4493	5			yes					-1	-1	-1	-1	150	
150	149	74f97cfadc91f8e1	4			yes					-1	-1	-1	-1	
151	124	14f632a234297f67	4			yes					-1	-1	152	155	
152	151	c2aab1b9dfc56271	5			yes					153	-1	-1	-1	154	
153	152	bae300ba18e15be6	4			yes					-1	-1	-1	-1	
154	152	0f2a1e4169076504	4			yes					-1	-1	-1	-1	
155	151	7fb466ee4de2eefe	3			yes					-1	-1	156	
156	155	bf9bbc8c71b2495f	5			yes					-1	-1	-1	-1	-1	
157	124	2a34b5eb87dd8c37	4			yes					-1	-1	-1	158	
158	157	b32e575facc6d60d	5			yes					-1	-1	-1	-1	-1	
159	124	8342391875135b58	4			yes					-1	-1	-1	-1	
160	0	6ae2de756afa2ee0	6			yes					161	186	204	214	217	219	
161	160	cdc477e73db0aff2	5			yes					162	168	175	181	182	
162	161	d5c87bcd3e93febe	6			yes					-1	163	164	165	166	167	
163	162	ad8cfa515dd60a4d	5			yes					-1	-1	-1	-1	-1	
164	162	a5115f71310c0841	5			yes					-1	-1	-1	-1	-1	
165	162	731371d1f87505a6	5			yes					-1	-1	-1	-1	-1	
166	162	1a4f5d1e48fbed71	5			yes					-1	-1	-1	-1	-1	
167	162	9d28874b34ae975e	5			yes					-1	-1	-1	-1	-1	
168	161	4f6233bba254444b	6			yes					-1	-1	169	-1	-1	173	
169	168	f41265426ecd1a45	5			yes					-1	-1	-1	-1	-1	
170	169	848b3998301b1d96	4			yes					-1	-1	-1	-1	
171	168	c19f9bace7c2b2f4	5			no					-1	-1	-1	-1	172	
172	171	b106c776b914b527	4			yes					-1	-1	-1	-1	
173	168	3ffb6f61fc824398	5			yes					-1	-1	-1	-1	174	
174	173	22a4d2ac02c2a4fb	4			yes					-1	-1	-1	-1	
175	161	a2165f0534fab84b	6			yes					-1	-1	-1	176	178	180	
176	175	2cebf712716c4ef4	5			yes					-1	-1	-1	-1	177	
177	176	5c72abc82fba4927	4			yes					-1	-1	-1	-1	
178	175	bf49e2c8caba5f28	5			yes					-1	-1	-1	-1	179	
179	178	cfd0be12946c58fb	4			yes					-1	-1	-1	-1	
180	175	d28f03df6a2cbf98	5			yes					-1	-1	-1	-1	-1	
181	161	e2d344bb4175302a	4			yes					-1	-1	-1	-1	
182	161	3d0dc74a7b4c390d	4			yes					183	184	185	-1	
183	182	14431c417ff95483	6			yes					-1	-1	-1	-1	-1	-1	
184	182	9b2ca2f9b309fb63	5			yes					-1	-1	-1	-1	-1	
185	182	7658ce4725a70763	5			yes					-1	-1	-1	-1	-1	
186	160	7044c9b6fb5707fa	5			yes					-1	187	193	200	201	
187	186	2c558e9f1e76de35	6			yes					188	-1	189	190	-1	192	
188	187	541c3f9cd952e7a2	5			yes					-1	-1	-1	-1	-1	
189	187	5c8caa2311e928ca	5			yes					-1	-1	-1	-1	-1	
190	187	8a8e8483d890252d	5			yes					-1	-1	-1	-1	-1	
191	187	e3d2a84c681ecdfa	5			no					-1	-1	-1	-1	-2	
192	187	64b57219144bb7d5	5			yes					-1	-1	-1	-1	-1	
193	186	8b3f665faffc7579	6			yes					194	-1	-1	196	198	199	
194	193	f376d75c68d84cee	5			yes					-1	-1	-1	-1	195	
195	194	83ef8b86360e4b3d	4			yes					-1	-1	-1	-1	
196	193	05c2ce48ea6a83c6	5			yes					-1	-1	-1	-1	197	
197	196	755b9292b4bc8415	4			yes					-1	-1	-1	-1	
198	193	9660db9251bc921a	5			yes					-1	-1	-1	-1	-1	
199	193	fba63a85f12a72aa	5			yes					-1	-1	-1	-1	-1	
200	186	5f53faea87929822	4			yes					-1	-1	-1	-1	
201	186	808d791bbdab9105	4			yes					-1	202	203	-1	
202	201	eddee9135f1c7408	6			yes					-1	-1	-1	-1	-1	-1	
203	201	5f71f71dbea1ca51	5			yes					-1	-1	-1	-1	-1	
204	160	96148183520b9b46	5			yes					-1	-1	205	211	212	
205	204	7d47329a574d5cb8	6			yes					206	207	-1	208	209	210	
206	205	050e83999069652f	5			yes					-1	-1	-1	-1	-1	
207	205	1f034fba4752cd01	5			yes					-1	-1	-1	-1	-1	
208	205	db9c388691aba7a0	5			yes					-1	-1	-1	-1	-1	
209	205	b2c0144921254f77	5			yes					-1	-1	-1	-1	-1	
210	205	35a7ce1c5d703558	5			yes					-1	-1	-1	-1	-1	
211	204	b903b2df2ece049e	4			yes					-1	-1	-1	-1	
212	204	66dd312e14f70db9	4			yes					-1	-1	213	-1	
213	212	bccc55161627f685	6			yes					-1	-1	-1	-1	-1	-1	
214	160	9ea86256c42f1489	5			yes					-1	-1	-1	215	216	
215	214	b1bf510ab8ea8b51	4			yes					-1	-1	-1	-1	
216	214	6e61d2fb82d38276	4			yes					-1	-1	-1	-1	
217	160	45f5ed29163fb138	5			yes					-1	-1	-1	-1	218	
218	217	b53c5d8450c327c7	4			yes					-1	-1	-1	-1	
219	160	9a2b6ed82c06b81f	5			yes					-1	-1	-1	-1	-1	
