Number of nodes
549
ID	PID	Hash_Value			File_Number	Fully_Enumerated	Children
0	-1	44a8b7632b48866a	6			yes					1	187	308	410	462	548	
1	0	14be3157f6d4425e	5			yes					2	96	122	145	165	
2	1	418e9e591bbca533	5			yes					3	16	54	86	95	
3	2	4f716c72890c9c6e	4			yes					4	10	13	15	
4	3	65d43578cbdf0467	3			yes					5	7	8	
5	4	f370dca49ee5ea91	5			yes					-1	-1	-1	-1	6	
6	5	2bcfbe080555a4a7	4			yes					-1	-1	-1	-1	
7	4	60d416051430ec23	5			yes					-1	-1	-1	-1	-1	
8	4	f1587ccc5d905b15	5			yes					-1	-1	-1	-1	9	
9	8	220f28db254cefee	4			yes					-1	-1	-1	-1	
10	3	28bf0cc166837e47	3			yes					-1	11	12	
11	10	d126bdbcfb2d30d8	5			yes					-1	-1	-1	-1	-1	
12	10	acb05ff7ee01249e	5			yes					-1	-1	-1	-1	-1	
13	3	5afd74ed33f4bce6	3			yes					-1	-1	14	
14	13	50cd7b2fcb0b9d45	5			yes					-1	-1	-1	-1	-1	
15	3	58e7212617a45aa8	3			yes					-1	-1	-1	
16	2	6b2bc753596f3d3a	4			yes					-1	17	29	42	
17	16	e8b355da30ef9ad1	6			yes					18	22	25	26	-1	28	
18	17	73993bf561144143	5			yes					19	-1	20	-1	21	
19	18	1bcf67eb64442f53	4			yes					-1	-1	-1	-1	
20	18	9cf6013514b75aa4	4			yes					-1	-1	-1	-1	
21	18	ab265959faa40f75	4			yes					-1	-1	-1	-1	
22	17	80e509c435bff4c1	5			yes					-1	-1	23	-1	24	
23	22	6f8a3304401cef26	4			yes					-1	-1	-1	-1	
24	22	585a6b68ae0fbaf7	4			yes					-1	-1	-1	-1	
25	17	a7ba14784660a0ca	5			yes					-1	-1	-1	-1	-1	
26	17	07dc6f1a454c8136	5			yes					-1	-1	-1	-1	27	
27	26	df630db6defccf00	4			yes					-1	-1	-1	-1	
28	17	300c3776ab5fd4e7	5			yes					-1	-1	-1	-1	-1	
29	16	7b179f7bba3a9c63	6			yes					30	34	36	37	39	41	
30	29	e03df154ebc147f1	5			yes					31	-1	32	-1	33	
31	30	886bad4aee9129e1	4			yes					-1	-1	-1	-1	
32	30	7ea8ed8d8b76043d	4			yes					-1	-1	-1	-1	
33	30	84a610e59f0aee86	4			yes					-1	-1	-1	-1	
34	29	1341c365bf6af273	5			yes					-1	-1	-1	-1	35	
35	34	77da22d4cba15b04	4			yes					-1	-1	-1	-1	
36	29	b2b7022b1e66fa7b	5			yes					-1	-1	-1	-1	-1	
37	29	e58283a2da8ddfaf	5			yes					-1	-1	-1	-1	38	
38	37	81196213ae4676d8	4			yes					-1	-1	-1	-1	
39	29	c0d25209e48b3921	5			yes					-1	-1	-1	-1	40	
40	39	a449b3b890409056	4			yes					-1	-1	-1	-1	
41	29	1f8c7ecacef13514	5			yes					-1	-1	-1	-1	-1	
42	16	ea9bf5b2f39a2b55	6			yes					43	46	48	49	51	53	
43	42	71b19b9da261f0c7	5			yes					44	-1	-1	-1	45	
44	43	19e7c783a7319ed7	4			yes					-1	-1	-1	-1	
45	43	a2e6cf8adabd443c	4			yes					-1	-1	-1	-1	
46	42	82cda9acf6ca4545	5			yes					-1	-1	-1	-1	47	
47	46	519afdbb8e16f1be	4			yes					-1	-1	-1	-1	
48	42	233b68e257c64d4d	5			yes					-1	-1	-1	-1	-1	
49	42	f85b0267aeccd484	5			yes					-1	-1	-1	-1	50	
50	49	2b0c5670d610607f	4			yes					-1	-1	-1	-1	
51	42	fb4b0ca3d57d98b0	5			yes					-1	-1	-1	-1	52	
52	51	281c58b4ada12c4b	4			yes					-1	-1	-1	-1	
53	42	39cca1a58b469fae	5			yes					-1	-1	-1	-1	-1	
54	2	2640feeaf433471a	4			yes					-1	-1	55	69	
55	54	cae534c255274098	6			yes					56	60	63	65	66	68	
56	55	51cf5aed04dc9b0a	5			yes					57	58	-1	-1	59	
57	56	399906f3018cf51a	4			yes					-1	-1	-1	-1	
58	56	7bb41a50a2cdad98	4			yes					-1	-1	-1	-1	
59	56	3554bb5c7017327d	4			yes					-1	-1	-1	-1	
60	55	a2b368dc50772e88	5			yes					-1	61	-1	-1	62	
61	60	88c82861f666181a	4			yes					-1	-1	-1	-1	
62	60	c628896d24bc87ff	4			yes					-1	-1	-1	-1	
63	55	e09e747ff336760a	5			yes					-1	-1	-1	-1	64	
64	63	840595ce87fddf7d	4			yes					-1	-1	-1	-1	
65	55	06595e4fd8c08f25	5			yes					-1	-1	-1	-1	-1	
66	55	7120f9b00b96e5da	5			yes					-1	-1	-1	-1	67	
67	66	15bb18017f5d4cad	4			yes					-1	-1	-1	-1	
68	55	ae7ed57321ece9ef	5			yes					-1	-1	-1	-1	-1	
69	54	b773d689400b54de	6			yes					70	75	79	81	82	85	
70	69	2c59b8a611f08f4c	5			yes					71	72	-1	-1	74	
71	70	440fe4b814a0e15c	4			yes					-1	-1	-1	-1	
72	70	0622f81bb7e1b9de	4			yes					-1	-1	-1	-1	
73	70	1483e05118c5cb8b	4			no					-1	-2	-1	-2	
74	70	afa25588faca57f1	4			yes					-1	-1	-1	-1	
75	69	df258a97455b3ace	5			yes					-1	76	-1	77	78	
76	75	f55eca2ae34a0c5c	4			yes					-1	-1	-1	-1	
77	75	e7ffd2604c6e7e09	4			yes					-1	-1	-1	-1	
78	75	5cde67b9ae61e273	4			yes					-1	-1	-1	-1	
79	69	9d089634e61a624c	5			yes					-1	-1	-1	-1	80	
80	79	1ef37b1a0d20baf1	4			yes					-1	-1	-1	-1	
81	69	6226c75510b51f6a	5			yes					-1	-1	-1	-1	-1	
82	69	8fa98e7e493e1019	5			yes					-1	-1	83	-1	84	
83	82	a5d2cec3ef2f268b	4			yes					-1	-1	-1	-1	
84	82	0c526350a204c8a4	4			yes					-1	-1	-1	-1	
85	69	34883ba7ab318c63	5			yes					-1	-1	-1	-1	-1	
86	2	540286c6a14485bb	4			yes					-1	-1	-1	87	
87	86	4394cb923fec437d	3			yes					-1	88	92	
88	87	3f31c0ec0aaab569	5			yes					89	90	-1	91	-1	
89	88	a41baec35b516efb	4			yes					-1	-1	-1	-1	
90	88	57679cf20ffadb79	4			yes					-1	-1	-1	-1	
91	88	a1a4dc356a1df6a5	4			yes					-1	-1	-1	-1	
92	87	8ec36b55e5b76992	5			yes					93	94	-1	-1	-1	
93	92	15e9057ab44cb200	4			yes					-1	-1	-1	-1	
94	92	e695374be0e70782	4			yes					-1	-1	-1	-1	
95	2	5618d30d851463f5	4			yes					-1	-1	-1	-1	
96	1	71deae3047060ca1	4			yes					97	105	113	121	
97	96	553f617a62d48800	3			yes					-1	98	102	
98	97	c2a801ff51b05788	5			yes					-1	99	100	-1	101	
99	98	e28e89ef1656688f	4			yes					-1	-1	-1	-1	
100	98	f84fe0a6ba582d73	4			yes					-1	-1	-1	-1	
101	98	0c78cbfa4756c7b5	4			yes					-1	-1	-1	-1	
102	97	1041a58fd622b5e6	5			yes					-1	103	104	-1	-1	
103	102	30672d9f91c48ae1	4			yes					-1	-1	-1	-1	
104	102	2aa644d63dcacf1d	4			yes					-1	-1	-1	-1	
105	96	26fb9a81018262ef	3			yes					-1	106	110	
106	105	f44487e345cb5483	5			yes					107	108	-1	-1	109	
107	106	6f6ee9cc14308f11	4			yes					-1	-1	-1	-1	
108	106	e4f5fc74206b363f	4			yes					-1	-1	-1	-1	
109	106	3a944de6532dc4be	4			yes					-1	-1	-1	-1	
110	105	26ad2393c259b6ed	5			yes					111	112	-1	-1	-1	
111	110	bd874dbc93a26d7f	4			yes					-1	-1	-1	-1	
112	110	361c5804a7f9d451	4			yes					-1	-1	-1	-1	
113	96	6452b6affdfe2c29	3			yes					-1	-1	114	
114	113	39b41d75e406e83c	6			yes					115	116	117	119	-1	120	
115	114	a29e735ab5fd33ae	5			yes					-1	-1	-1	-1	-1	
116	114	290566e281a68a80	5			yes					-1	-1	-1	-1	-1	
117	114	19929565a3e0d73b	5			yes					-1	-1	-1	-1	-1	
118	117	cac5c172db3c63c0	4			no					-1	-2	-2	-1	
119	114	0353fc2c0fee92c7	5			yes					-1	-1	-1	-1	-1	
120	114	eae349629cda5cc7	5			yes					-1	-1	-1	-1	-1	
121	96	6648e364d9aeca67	3			yes					-1	-1	-1	
122	1	127ea1c11dda8341	4			yes					123	130	142	144	
123	122	369f6e8b380807e0	3			yes					124	126	127	
124	123	23acb9d1bc3b6a33	5			yes					-1	-1	-1	-1	125	
125	124	db466beb8861b373	4			yes					-1	-1	-1	-1	
126	123	d59a396f5dc782a5	5			yes					-1	-1	-1	-1	-1	
127	123	e4cf73742f65b193	5			yes					-1	128	129	-1	-1	
128	127	ceb433c989748701	4			yes					-1	-1	-1	-1	
129	127	20fb8c7bdc3dc688	4			yes					-1	-1	-1	-1	
130	122	38dbf8cb5f091b48	3			yes					-1	131	135	
131	130	935d927af5de964d	5			yes					132	133	-1	-1	134	
132	131	0877fc55a4254ddf	4			yes					-1	-1	-1	-1	
133	131	83ece9ed907ef4f1	4			yes					-1	-1	-1	-1	
134	131	ad67299d7463ed06	4			yes					-1	-1	-1	-1	
135	130	79ec6c0ac76dc1d2	6			yes					136	137	138	139	140	141	
136	135	e2c6022596961a40	5			yes					-1	-1	-1	-1	-1	
137	135	695d179da2cda36e	5			yes					-1	-1	-1	-1	-1	
138	135	022b3f065eadc2bd	5			yes					-1	-1	-1	-1	-1	
139	135	f71ad490fc172c54	5			yes					-1	-1	-1	-1	-1	
140	135	fd5113007ddb8f7a	5			yes					-1	-1	-1	-1	-1	
141	135	fa1781242c57196f	5			yes					-1	-1	-1	-1	-1	
142	122	19d2db14f9a9da6e	3			yes					-1	-1	143	
143	142	6862b6adbf5fb458	5			yes					-1	-1	-1	-1	-1	
144	122	05e8ec9583724587	3			yes					-1	-1	-1	
145	1	b90a21addf92d357	5			yes					146	154	160	163	164	
146	145	9debeee7fa4057f6	4			yes					147	149	-1	151	
147	146	5776fe3c10f7942f	5			yes					-1	-1	-1	148	-1	
148	147	c9f734344b5cc5e5	4			yes					-1	-1	-1	-1	
149	146	0cebd93c210dbe77	5			yes					-1	-1	-1	150	-1	
150	149	926a13347aa6efbd	4			yes					-1	-1	-1	-1	
151	146	9683b6c836d36d15	3			yes					152	153	-1	
152	151	49d1c460cd6d89f5	6			yes					-1	-1	-1	-1	-1	-1	
153	151	124ce360fc97a3ad	6			yes					-1	-1	-1	-1	-1	-1	
154	145	93af78a79d414b5e	4			yes					-1	155	158	159	
155	154	f461181472cea977	3			yes					156	-1	157	
156	155	271bd369c6c5d6dc	5			yes					-1	-1	-1	-1	-1	
157	155	ff09403bbe5d9394	2			yes					-1	-1	
158	154	47d6e7656a5ab9c5	5			yes					-1	-1	-1	-1	-1	
159	154	98c7208851d271bd	3			yes					-1	-1	-1	
160	145	dec4411e301d317e	4			yes					-1	-1	161	162	
161	160	f6244cdc8547653e	5			yes					-1	-1	-1	-1	-1	
162	160	d5ac1931fc8e0b9d	3			yes					-1	-1	-1	
163	145	698af6f3888efe81	3			yes					-1	-1	-1	
164	145	b26279821301e9b4	4			yes					-1	-1	-1	-1	
165	1	6e141a4580a1539d	5			yes					166	172	181	185	186	
166	165	4af5d50fa573d73c	4			yes					167	169	171	-1	
167	166	6e124d37b3de1e70	5			yes					-1	-1	-1	-1	168	
168	167	86f41b962408d848	4			yes					-1	-1	-1	-1	
169	166	268542f584b31b51	5			yes					-1	-1	-1	-1	170	
170	169	ce6314541365dd69	4			yes					-1	-1	-1	-1	
171	166	748edac9094d7757	5			yes					-1	-1	-1	-1	-1	
172	165	44b1434fc272cb94	4			yes					-1	173	178	180	
173	172	237f23fc2dfd29bd	3			yes					174	176	-1	
174	173	d0b6dbf296bd3496	5			yes					-1	-1	-1	-1	175	
175	174	17040df526f41546	4			yes					-1	-1	-1	-1	
176	173	483f9478fcc17dc9	5			yes					-1	-1	-1	-1	177	
177	176	a0d9c2d96b17bbf1	4			yes					-1	-1	-1	-1	
178	172	513d5bd0788aeb1c	3			yes					179	-1	-1	
179	178	0377124e26cc8b9a	5			yes					-1	-1	-1	-1	-1	
180	172	56a3b76670a54600	3			yes					-1	-1	-1	
181	165	09da7af66f2eb1b4	4			yes					-1	-1	182	184	
182	181	1c566269d5d6913c	3			yes					183	-1	-1	
183	182	b285b9f7c9d15761	5			yes					-1	-1	-1	-1	-1	
184	181	1bc88edfddf93c20	3			yes					-1	-1	-1	
185	165	7b9802da3a597315	4			yes					-1	-1	-1	-1	
186	165	7c06ee6c3276de09	4			yes					-1	-1	-1	-1	
187	0	7b60e5306e955eef	5			yes					-1	188	245	265	285	
188	187	e74e60e051464992	5			yes					189	218	227	239	244	
189	188	95cca49d0db74b32	4			yes					-1	190	201	209	
190	189	6c2954546855c382	6			yes					191	192	194	196	198	199	
191	190	12dadc1fa489df0d	5			yes					-1	-1	-1	-1	-1	
192	190	cc32e8feee68f9f6	5			yes					-1	-1	-1	-1	193	
193	192	1b7958f4601431cf	4			yes					-1	-1	-1	-1	
194	190	93347fe528efb1b3	5			yes					-1	-1	-1	-1	195	
195	194	447fcfefa693798a	4			yes					-1	-1	-1	-1	
196	190	9205453a16e32da3	5			yes					-1	-1	-1	-1	-1	
197	196	454ef530989fe59a	4			no					-1	-2	-2	-2	
198	190	0892be34fa9172d2	5			yes					-1	-1	-1	-1	-1	
199	190	bb62e45ee6290bbb	5			yes					200	-1	-1	-1	-1	
200	199	c5916c152af51734	4			yes					-1	-1	-1	-1	
201	189	eff3fa463aa2bab3	6			yes					202	203	205	206	207	208	
202	201	9100720df67ea63c	5			yes					-1	-1	-1	-1	-1	
203	201	4fe846ecbc9f80c7	5			yes					-1	-1	-1	-1	204	
204	203	2b73a75dc85429b0	4			yes					-1	-1	-1	-1	
205	201	b073efd7d3b7aa55	5			yes					-1	-1	-1	-1	-1	
206	201	5e360db3898e3a28	5			yes					-1	-1	-1	-1	-1	
207	201	5436373464131ff1	5			yes					-1	-1	-1	-1	-1	
208	201	8b681bf74e6913c4	5			yes					-1	-1	-1	-1	-1	
209	189	3bece97b463b3275	6			yes					210	211	213	215	216	217	
210	209	451f61308ae72efa	5			yes					-1	-1	-1	-1	-1	
211	209	9bf755d1c0060801	5			yes					-1	-1	-1	-1	212	
212	211	48a001c6b8dabcfa	4			yes					-1	-1	-1	-1	
213	209	646cfceaaf2e2293	5			yes					-1	-1	-1	-1	214	
214	213	b73ba8fdd7f29668	4			yes					-1	-1	-1	-1	
215	209	fd2c061f60706ff8	5			yes					-1	-1	-1	-1	-1	
216	209	94ff9a03fd63df6b	5			yes					-1	-1	-1	-1	-1	
217	209	e8bbbd6c3ee7868e	5			yes					-1	-1	-1	-1	-1	
218	188	1756f105972e06c7	4			yes					-1	219	223	225	
219	218	709891b678a1e4ee	3			yes					220	221	222	
220	219	c9811f9d9e2bdd38	5			yes					-1	-1	-1	-1	-1	
221	219	5ec9a0810e3c72a1	5			yes					-1	-1	-1	-1	-1	
222	219	235f42ca1b1066e7	5			yes					-1	-1	-1	-1	-1	
223	218	02dae99a2dd6264f	3			yes					224	-1	-1	
224	223	f0b176a382245c62	5			yes					-1	-1	-1	-1	-1	
225	218	00c0bc510986c001	3			yes					226	-1	-1	
226	225	c5595f3ee89dee1e	5			yes					-1	-1	-1	-1	-1	
227	188	80800053bec9abbb	4			yes					-1	-1	228	234	
228	227	b1b67ecc61dbd9db	6			yes					229	-1	231	-1	-1	233	
229	228	6f922c3fec0b8b22	5			yes					-1	-1	-1	-1	230	
230	229	0b09cd8e98c02255	4			yes					-1	-1	-1	-1	
231	228	9190f6dc263de6dc	5			yes					-1	-1	-1	-1	232	
232	231	f50b176d52f64fab	4			yes					-1	-1	-1	-1	
233	228	d52d9f7d151070ac	5			yes					-1	-1	-1	-1	-1	
234	227	cc209c8774f7cd9d	6			yes					235	-1	236	-1	237	238	
235	234	1204ce74f9279f64	5			yes					-1	-1	-1	-1	-1	
236	234	ec0614973311f29a	5			yes					-1	-1	-1	-1	-1	
237	234	f4fac4707dc2895a	5			yes					-1	-1	-1	-1	-1	
238	234	4fdb71a99fcd1520	5			yes					-1	-1	-1	-1	-1	
239	188	f2c2787febbe691a	4			yes					-1	-1	-1	240	
240	239	e554352b7516afdc	3			yes					241	-1	243	
241	240	abd5a5d18a3293b9	5			yes					-1	242	-1	-1	-1	
242	241	0bce197b0c0fa9cd	4			yes					-1	-1	-1	-1	
243	240	f590215bd14bf0d1	5			yes					-1	-1	-1	-1	-1	
244	188	f0d82db4cfee8f54	4			yes					-1	-1	-1	-1	
245	187	cbaeee8aec00e03a	4			yes					246	258	262	264	
246	245	b92c2af7b0f1e29a	3			yes					247	249	251	
247	246	0874e26455f0f482	5			yes					-1	-1	-1	-1	248	
248	247	f09e305e61aa2dc2	4			yes					-1	-1	-1	-1	
249	246	fe76ee88ba1547dd	5			yes					-1	-1	-1	-1	250	
250	249	95142b696f4b84bd	4			yes					-1	-1	-1	-1	
251	246	f1cfba263420cafb	6			yes					252	253	254	255	256	257	
252	251	8f3c326df8fcd674	5			yes					-1	-1	-1	-1	-1	
253	251	994e383faa004cee	5			yes					-1	-1	-1	-1	-1	
254	251	9fc220ec380ae109	5			yes					-1	-1	-1	-1	-1	
255	251	7f3902bc0f5a277d	5			yes					-1	-1	-1	-1	-1	
256	251	7572c52c8e968453	5			yes					-1	-1	-1	-1	-1	
257	251	72345708df1a1246	5			yes					-1	-1	-1	-1	-1	
258	245	6eb8f3fc262a9d49	3			yes					-1	259	260	
259	258	5a752452a8d6c0dc	5			yes					-1	-1	-1	-1	-1	
260	258	6b206e49da74f3ea	5			yes					261	-1	-1	-1	-1	
261	260	b5043cba57a4a113	4			yes					-1	-1	-1	-1	
262	245	c002945f0873b915	3			yes					-1	-1	263	
263	262	618b13870aa42822	5			yes					-1	-1	-1	-1	-1	
264	245	dc38a3de72a826fc	3			yes					-1	-1	-1	
265	187	60da6ee62e48b02c	5			yes					266	275	280	283	284	
266	265	1258aa9b72b9b28c	4			yes					267	269	272	273	
267	266	9d9589c9f611fee4	5			yes					-1	-1	-1	268	-1	
268	267	031443c1adbaaf2e	4			yes					-1	-1	-1	-1	
269	266	7596ca289d3650a5	3			yes					270	-1	271	
270	269	e6663ce6af48c078	5			yes					-1	-1	-1	-1	-1	
271	269	7efe920751a56a46	2			yes					-1	-1	
272	266	eb8bc6903947e138	5			yes					-1	-1	-1	-1	-1	
273	266	1930f2b4be2a886f	3			yes					274	-1	-1	
274	273	8332b3952b8be33e	6			yes					-1	-1	-1	-1	-1	-1	
275	265	c5cc7390e462cd5f	4			yes					-1	276	-1	278	
276	275	8304c401d41cfc0e	5			yes					-1	-1	-1	277	-1	
277	276	1d850e098fb7adc4	4			yes					-1	-1	-1	-1	
278	275	cea42bbf28f1f7bc	3			yes					-1	279	-1	
279	278	9da3fe5d0986e1d4	6			yes					-1	-1	-1	-1	-1	-1	
280	265	07140e55c1c75205	4			yes					-1	-1	281	282	
281	280	ffcde9f630bcf944	5			yes					-1	-1	-1	-1	-1	
282	280	0c7c567a0d5468e6	3			yes					-1	-1	-1	
283	265	b05ab9b879549dfa	3			yes					-1	-1	-1	
284	265	6bb236c9e2db8acf	4			yes					-1	-1	-1	-1	
285	187	b7c4550e717b30e6	5			yes					286	298	302	306	307	
286	285	c54691732d8a3246	4			yes					287	289	295	297	
287	286	ec371996a920d27c	5			yes					-1	-1	-1	-1	288	
288	287	04d14f373ef61444	4			yes					-1	-1	-1	-1	
289	286	a288f1c0c205d06f	3			yes					290	292	294	
290	289	76ef8da23b9fd9d5	5			yes					-1	-1	-1	-1	291	
291	290	b15d5ba58bd6f805	4			yes					-1	-1	-1	-1	
292	289	b485a04fca5ba55e	5			yes					-1	-1	-1	-1	293	
293	292	5c63f6ee5d8d6366	4			yes					-1	-1	-1	-1	
294	289	ca7cf0fe7136a88d	5			yes					-1	-1	-1	-1	-1	
295	286	d0ca89ec977212ce	3			yes					296	-1	-1	
296	295	7120e55665d7a5b6	5			yes					-1	-1	-1	-1	-1	
297	286	d754655a9f5dbfd2	3			yes					-1	-1	-1	
298	285	12d24878bb514d95	4			yes					-1	299	301	-1	
299	298	a96a5fc871a25928	5			yes					-1	-1	-1	-1	300	
300	299	418c0969e6749f10	4			yes					-1	-1	-1	-1	
301	298	fb61c7f4fc5c352e	5			yes					-1	-1	-1	-1	-1	
302	285	d00a35bd9ef4d2cf	4			yes					-1	-1	303	305	
303	302	c5862d22240cf247	3			yes					-1	304	-1	
304	303	3d6aa4ca3cc01518	5			yes					-1	-1	-1	-1	-1	
305	302	c218c1942c235f5b	3			yes					-1	-1	-1	
306	285	a2484d91cb83106e	4			yes					-1	-1	-1	-1	
307	285	a5d6a127c3acbd72	4			yes					-1	-1	-1	-1	
308	0	80398824178adf51	5			yes					-1	-1	309	364	385	
309	308	922d07d03c3198f3	5			yes					310	336	349	354	363	
310	309	e0afc3ad60c09a53	4			yes					311	320	324	330	
311	310	6fbd0ec32c4d7582	6			yes					312	313	315	317	-1	319	
312	311	6493b1af94ced89c	5			yes					-1	-1	-1	-1	-1	
313	311	9bdc662a5910cf4d	5			yes					-1	-1	-1	-1	314	
314	313	43630486c2a0817b	4			yes					-1	-1	-1	-1	
315	311	ab89f1ccdf150299	5			yes					-1	-1	-1	-1	316	
316	315	7336936044a54caf	4			yes					-1	-1	-1	-1	
317	311	80d2340359ee6e65	5			yes					-1	-1	-1	-1	318	
318	317	586d56afc25e2053	4			yes					-1	-1	-1	-1	
319	311	b7026c6fb7fd3bb4	5			yes					-1	-1	-1	-1	-1	
320	310	09e4be200831edec	3			yes					321	322	323	
321	320	e64cf4fc101f043c	5			yes					-1	-1	-1	-1	-1	
322	320	a9afffbfda1a11c4	5			yes					-1	-1	-1	-1	-1	
323	320	9852d619c13a56ed	5			yes					-1	-1	-1	-1	-1	
324	310	3795110d736f6a97	6			yes					-1	325	326	327	-1	329	
325	324	02c39a3f4cbe5490	5			yes					-1	-1	-1	-1	-1	
326	324	b8c6ad81888dbfdf	5			yes					-1	-1	-1	-1	-1	
327	324	d8286eafc8d9b147	5			yes					-1	-1	-1	-1	328	
328	327	3b5daae0b0dd5a61	4			yes					-1	-1	-1	-1	
329	324	d4e0d5420b6b81b1	5			yes					-1	-1	-1	-1	-1	
330	310	d18f6ddd9ed4d8b5	6			yes					-1	331	332	333	334	335	
331	330	e4d9e6efa105e6b2	5			yes					-1	-1	-1	-1	-1	
332	330	5edcd15165360dfd	5			yes					-1	-1	-1	-1	-1	
333	330	5f79d547a5ae3533	5			yes					-1	-1	-1	-1	-1	
334	330	553212d72462961d	5			yes					-1	-1	-1	-1	-1	
335	330	527480f375ee0008	5			yes					-1	-1	-1	-1	-1	
336	309	99d3ec3b10509351	4			yes					-1	-1	337	343	
337	336	bb9cacae13a2e2b0	6			yes					338	-1	339	340	-1	342	
338	337	65b8fe5d9e72b049	5			yes					-1	-1	-1	-1	-1	
339	337	34cf1022e84037f8	5			yes					-1	-1	-1	-1	-1	
340	337	5421d30ca8143960	5			yes					-1	-1	-1	-1	341	
341	340	b7541743d010d246	4			yes					-1	-1	-1	-1	
342	337	58e968e16ba60996	5			yes					-1	-1	-1	-1	-1	
343	336	5d86d07efe195092	6			yes					344	-1	345	346	347	348	
344	343	83a2828d73c9026b	5			yes					-1	-1	-1	-1	-1	
345	343	d2d56cf205fb85da	5			yes					-1	-1	-1	-1	-1	
346	343	d37068e4c563bd14	5			yes					-1	-1	-1	-1	-1	
347	343	d93baf7444af1e3a	5			yes					-1	-1	-1	-1	-1	
348	343	de7d3d501523882f	5			yes					-1	-1	-1	-1	-1	
349	309	7b667a5d54c0ef4c	4			yes					-1	-1	350	352	
350	349	6eea62c2ee38cfc4	3			yes					-1	351	-1	
351	350	aa2bede70701dad5	5			yes					-1	-1	-1	-1	-1	
352	349	6cf03709ca68298a	3			yes					-1	353	-1	
353	352	016e1e2ed7fdda04	5			yes					-1	-1	-1	-1	-1	
354	309	87a11f4f86c9b87b	4			yes					-1	-1	-1	355	
355	354	9037521b18617ebd	3			yes					356	359	-1	
356	355	e6ff6b18c4282acc	6			yes					-1	-1	-1	357	-1	358	
357	356	094214ba7f9ef11c	5			yes					-1	-1	-1	-1	-1	
358	356	8a6074a4853c3459	5			yes					-1	-1	-1	-1	-1	
359	355	6af6d6bba4e5a2eb	6			yes					-1	-1	360	361	-1	362	
360	359	e5a56a375f0777a3	5			yes					-1	-1	-1	-1	-1	
361	359	854ba9191f53793b	5			yes					-1	-1	-1	-1	-1	
362	359	0669c907e5f1bc7e	5			yes					-1	-1	-1	-1	-1	
363	309	85bb4a84a2995e35	4			yes					-1	-1	-1	-1	
364	308	fed9cc7961084a9a	5			yes					365	375	381	383	384	
365	364	8c5b08043df9483a	4			yes					366	369	372	373	
366	365	87a5e3ef11984398	3			yes					367	-1	368	
367	366	3227fb31483f3871	5			yes					-1	-1	-1	-1	-1	
368	366	8ccdbbc0dd0b797b	2			yes					-1	-1	
369	365	aed30682eb928fd1	5			yes					-1	370	-1	371	-1	
370	369	5a1af4878b2c2462	4			yes					-1	-1	-1	-1	
371	369	3052cc8ab039de1b	4			yes					-1	-1	-1	-1	
372	365	a2516adfcf13c32c	5			yes					-1	-1	-1	-1	-1	
373	365	8733502bf16a72d9	3			yes					-1	374	-1	
374	373	b0743cde3608920b	6			yes					-1	-1	-1	-1	-1	-1	
375	364	f52727924d694138	4			yes					-1	376	378	379	
376	375	dc80233bfba21b48	5			yes					-1	-1	-1	377	-1	
377	376	4201e933a0094a82	4			yes					-1	-1	-1	-1	
378	375	2e58d77cafde4b0b	5			yes					-1	-1	-1	-1	-1	
379	375	fe4f7fbd81fa7bdb	3			yes					-1	380	-1	
380	379	c227196726380692	6			yes					-1	-1	-1	-1	-1	-1	
381	364	a9fcf8c8278c24d4	4			yes					-1	-1	-1	382	
382	381	a294a0e7eb1f1e37	3			yes					-1	-1	-1	
383	364	2e591b273614674c	3			yes					-1	-1	-1	
384	364	f5b19456ad9b7079	4			yes					-1	-1	-1	-1	
385	308	29c7f7913e3bca50	5			yes					386	399	406	408	409	
386	385	5b4533ec62cac8f0	4			yes					387	393	396	398	
387	386	50bbd8074eabc352	3			yes					388	390	392	
388	387	c58af3aa1847da3b	5			yes					-1	-1	-1	-1	389	
389	388	023825ada80efbeb	4			yes					-1	-1	-1	-1	
390	387	4905f6be982393d6	5			yes					-1	-1	-1	-1	-1	
391	390	a1e3a01f0ff555ee	4			no					-1	-1	-2	-1	
392	387	27974155a6bb58f2	5			yes					-1	-1	-1	-1	-1	
393	386	eaa804492fa32bf2	6			yes					-1	394	-1	-1	-1	395	
394	393	1e61f64c4f1d8041	5			yes					-1	-1	-1	-1	-1	
395	393	2d1ad24e9fea0a22	5			yes					-1	-1	-1	-1	-1	
396	386	4ec92b73d832e878	3			yes					-1	397	-1	
397	396	283e6c4a3de9e810	5			yes					-1	-1	-1	-1	-1	
398	386	4957c7c5d01d4564	3			yes					-1	-1	-1	
399	385	22391c7a125ac1f2	4			yes					-1	400	403	405	
400	399	7394cc7e3964a71b	6			yes					-1	-1	-1	401	-1	402	
401	400	29a345904b13c4a9	5			yes					-1	-1	-1	-1	-1	
402	400	b4261a79892d86cb	5			yes					-1	-1	-1	-1	-1	
403	399	37b504e5a8a2e17a	3			yes					-1	404	-1	
404	403	c988e9ac35fdbd6c	5			yes					-1	-1	-1	-1	-1	
405	399	302be853a08d4c66	3			yes					-1	-1	-1	
406	385	7ee2c32078bfa41e	4			yes					-1	-1	407	-1	
407	406	4ca1e809904a6b94	5			yes					-1	-1	-1	-1	-1	
408	385	3c4bef0e84c3ead8	4			yes					-1	-1	-1	-1	
409	385	3bd503b88cec47c4	4			yes					-1	-1	-1	-1	
410	0	dc95f8007ddda8d4	5			yes					-1	-1	-1	411	439	
411	410	8acbd0f5bcec9835	5			yes					412	427	433	436	438	
412	411	f8491488e01d9a95	4			yes					413	419	422	423	
413	412	f3b7ff63cc7c9137	3			yes					414	417	418	
414	413	f6fc9868f9425f12	5			yes					-1	-1	415	416	-1	
415	414	9172f0021614af5c	4			yes					-1	-1	-1	-1	
416	414	687d5260a2e90ed8	4			yes					-1	-1	-1	-1	
417	413	7775667eece7c6a8	5			yes					-1	-1	-1	-1	-1	
418	413	7ceb5b40c50770b7	5			yes					-1	-1	-1	-1	-1	
419	412	d2ec4d82a2ce029c	3			yes					-1	420	421	
420	419	afac8b6c0d90ea5c	5			yes					-1	-1	-1	-1	-1	
421	419	02358721d13867a5	5			yes					-1	-1	-1	-1	-1	
422	412	b2594d9ea2d4866b	3			yes					-1	-1	-1	
423	412	9b243d2d85c0121f	6			yes					-1	-1	424	-1	426	-1	
424	423	ac3be0e60571da5e	5			yes					-1	-1	-1	-1	-1	
425	423	fcaa55476a96e251	5			no					-1	-2	-2	-2	-2	
426	423	2d196db20b5edae9	5			yes					-1	-1	-1	-1	-1	
427	411	81353b1e908d9397	4			yes					-1	428	431	432	
428	427	ab906214d25e0b9e	3			yes					-1	429	430	
429	428	dc26fd634feb4227	5			yes					-1	-1	-1	-1	-1	
430	428	59c61706e8155ead	5			yes					-1	-1	-1	-1	-1	
431	427	cb256208d2448f69	3			yes					-1	-1	-1	
432	427	1237c4615ceb8657	3			yes					-1	-1	-1	
433	411	a06e89fffe3f003c	4			yes					-1	-1	434	435	
434	433	ea7ed0e9bcf61cc2	3			yes					-1	-1	-1	
435	433	336c7680325915fc	3			yes					-1	-1	-1	
436	411	c0db89e3fe2584cb	4			yes					-1	-1	-1	437	
437	436	53d9769c3243910b	3			yes					-1	-1	-1	
438	411	19c92f8a708a8df5	4			yes					-1	-1	-1	-1	
439	410	4a67f86064e745b0	5			yes					440	451	457	460	461	
440	439	38e53c1d38164710	4			yes					441	446	449	450	
441	440	331bd7f614774cb2	3			yes					442	444	445	
442	441	65d4ef4c5d0844d6	5			yes					-1	-1	-1	-1	443	
443	442	8d32b9edcade82ee	4			yes					-1	-1	-1	-1	
444	441	e8fe47d9f31cdf42	5			yes					-1	-1	-1	-1	-1	
445	441	83892e9333354312	5			yes					-1	-1	-1	-1	-1	
446	440	124065177ac5df19	3			yes					-1	447	448	
447	446	010cd12f875bfed7	5			yes					-1	-1	-1	-1	-1	
448	446	fd57f2f2270a5400	5			yes					-1	-1	-1	-1	-1	
449	440	9da8aae7c7e50265	5			yes					-1	-1	-1	-1	-1	
450	440	2af7c8348ac1ca84	3			yes					-1	-1	-1	
451	439	4199138b48864e12	4			yes					-1	452	455	456	
452	451	6b3c4a810a55d61b	3			yes					-1	453	454	
453	452	593a7097ccef4dd4	5			yes					-1	-1	-1	-1	-1	
454	452	a6a462d51e276d08	5			yes					-1	-1	-1	-1	-1	
455	451	89ba24f8b253bab7	5			yes					-1	-1	-1	-1	-1	
456	451	538be7a2fa51c386	3			yes					-1	-1	-1	
457	439	60c2a16a2634ddb9	4			yes					-1	-1	458	459	
458	457	51916cf28f781d16	5			yes					-1	-1	-1	-1	-1	
459	457	72d0554394e3502d	3			yes					-1	-1	-1	
460	439	41cb82b580941c9f	4			yes					-1	-1	-1	-1	
461	439	58750c49d630c824	4			yes					-1	-1	-1	-1	
462	0	f5140092c139d373	5			yes					-1	-1	-1	-1	463	
463	462	3372a443f2166b34	4			yes					464	486	505	526	
464	463	54cd6c9ac08dd912	5			yes					465	471	481	484	485	
465	464	702ca3d0e55f5db3	4			yes					466	468	-1	470	
466	465	c1dfd1c26e0c8968	6			yes					-1	-1	-1	-1	-1	467	
467	466	066d07c5de45a8b8	5			yes					-1	-1	-1	-1	-1	
468	465	9a42f6c25ff6a330	6			yes					-1	-1	-1	-1	-1	469	
469	468	5df020c5efbf82e0	5			yes					-1	-1	-1	-1	-1	
470	465	60e322371a3b533e	6			yes					-1	-1	-1	-1	-1	-1	
471	464	7e683590825e411b	4			yes					-1	472	478	479	
472	471	34ff1d4dfbc3995a	6			yes					473	474	-1	475	476	477	
473	472	afd57362aa3842c8	5			yes					-1	-1	-1	-1	-1	
474	472	244e66da9e63fbe6	5			yes					-1	-1	-1	-1	-1	
475	472	f715f257e1d78a08	5			yes					-1	-1	-1	-1	-1	
476	472	ef9eeda1cf16565f	5			yes					-1	-1	-1	-1	-1	
477	472	dc194bec6c155f62	5			yes					-1	-1	-1	-1	-1	
478	471	f8718c5294c53242	6			yes					-1	-1	-1	-1	-1	-1	
479	471	c53551156c5831d2	3			yes					-1	480	-1	
480	479	5c526c86efb759a0	6			yes					-1	-1	-1	-1	-1	-1	
481	464	33030c292f023b3b	4			yes					-1	-1	482	483	
482	481	498327eb7bd8eeb9	6			yes					-1	-1	-1	-1	-1	-1	
483	481	885e68acc1044bf2	3			yes					-1	-1	-1	
484	464	d2d7927666888e48	4			yes					-1	-1	-1	-1	
485	464	ef90081f2e8ba9db	4			yes					-1	-1	-1	-1	
486	463	8d1d23d13157ba69	5			yes					487	496	500	503	504	
487	486	ff9fe7ac6da6b8c9	4			yes					488	490	493	494	
488	487	0b3ca63788eae3a3	6			yes					-1	-1	-1	-1	-1	489	
489	488	cc8e703038a3c273	5			yes					-1	-1	-1	-1	-1	
490	487	63cc72cc9a61df17	6			yes					-1	-1	-1	-1	491	492	
491	490	b8ad8220aeb41012	5			yes					-1	-1	-1	-1	-1	
492	490	8b2a246d0db7192f	5			yes					-1	-1	-1	-1	-1	
493	487	542cada7c7d86abf	6			yes					-1	-1	-1	-1	-1	-1	
494	487	44c2832983a0c800	3			yes					-1	495	-1	
495	494	0b6103078e151fed	6			yes					-1	-1	-1	-1	-1	-1	
496	486	280b3ea7fb7dc71a	4			yes					-1	497	-1	499	
497	496	15adebffaae7e149	6			yes					-1	-1	-1	-1	-1	498	
498	497	d21f3df81aaec099	5			yes					-1	-1	-1	-1	-1	
499	496	ef0c3f0aef2a1147	6			yes					-1	-1	-1	-1	-1	-1	
500	486	ead34362ded85840	4			yes					-1	-1	501	502	
501	500	406a82c1ce2372c3	6			yes					-1	-1	-1	-1	-1	-1	
502	500	518e27e730de2889	3			yes					-1	-1	-1	
503	486	0b07dd3d9752ed33	4			yes					-1	-1	-1	-1	
504	486	36404754df51caa0	4			yes					-1	-1	-1	-1	
505	463	131e814e7e1740df	5			yes					506	517	522	524	525	
506	505	619c453322e6427f	4			yes					507	512	514	515	
507	506	35c57f8b9f217745	6			yes					-1	-1	508	509	510	511	
508	507	0f229ed274c90dbe	5			yes					-1	-1	-1	-1	-1	
509	507	f62f909185356417	5			yes					-1	-1	-1	-1	-1	
510	507	eea48f67abf4b840	5			yes					-1	-1	-1	-1	-1	
511	507	dd23292a08f7b17d	5			yes					-1	-1	-1	-1	-1	
512	506	387a297c95699296	6			yes					-1	-1	-1	-1	-1	513	
513	512	ffc8ff7b2520b346	5			yes					-1	-1	-1	-1	-1	
514	506	1df601e8318c48ab	6			yes					-1	-1	-1	-1	-1	-1	
515	506	dac121b6cce032b6	3			yes					516	-1	-1	
516	515	5d680e408b55b7bf	6			yes					-1	-1	-1	-1	-1	-1	
517	505	18e06aa552764b7d	4			yes					-1	518	520	521	
518	517	4a290cc58559060f	6			yes					-1	-1	-1	-1	-1	519	
519	518	8d9bdac2351027df	5			yes					-1	-1	-1	-1	-1	
520	517	91ffbc4b5141c08c	6			yes					-1	-1	-1	-1	-1	-1	
521	517	a3bd0e20bc703bb4	3			yes					-1	-1	-1	
522	505	443bb5ff38932e91	4			yes					-1	-1	-1	523	
523	522	58cc10f7833c4ffd	6			yes					-1	-1	-1	-1	-1	-1	
524	505	95047fa2d8121785	4			yes					-1	-1	-1	-1	
525	505	a843e5cb90113016	4			yes					-1	-1	-1	-1	
526	463	07d8f0eeb4f41009	5			yes					527	538	545	547	-1	
527	526	755a3493e80512a9	4			yes					528	532	537	-1	
528	527	91db104d0aaf6ca5	6			yes					-1	-1	-1	529	530	531	
529	528	5231ff5710bb7ff7	5			yes					-1	-1	-1	-1	-1	
530	528	4abae0a13e7aa3a0	5			yes					-1	-1	-1	-1	-1	
531	528	793d46ec9d79aa9d	5			yes					-1	-1	-1	-1	-1	
532	527	ef05cc2c1e907bb7	6			yes					-1	533	-1	534	535	536	
533	532	1bcc3e297e2ed004	5			yes					-1	-1	-1	-1	-1	
534	532	2cef2336048468e5	5			yes					-1	-1	-1	-1	-1	
535	532	34643cc02a45b4b2	5			yes					-1	-1	-1	-1	-1	
536	532	07e39a8d8946bd8f	5			yes					-1	-1	-1	-1	-1	
537	527	119d1709ac24461c	6			yes					-1	-1	-1	-1	-1	-1	
538	526	0c261b0598951bab	4			yes					-1	539	544	-1	
539	538	b4f65c0b27bd42bf	6			yes					540	-1	-1	541	542	543	
540	539	6ad20ef8aa6d1046	5			yes					-1	-1	-1	-1	-1	
541	539	771cb3113da951ed	5			yes					-1	-1	-1	-1	-1	
542	539	6f97ace713688dba	5			yes					-1	-1	-1	-1	-1	
543	539	5c100aaab06b8487	5			yes					-1	-1	-1	-1	-1	
544	538	058f9916d992fece	6			yes					-1	-1	-1	-1	-1	-1	
545	526	2d7da9e4f6278800	4			yes					-1	-1	546	-1	
546	545	59f82b6bdf2040e9	5			yes					-1	-1	-1	-1	-1	
547	526	4dc8a9f8f63d0cf7	4			yes					-1	-1	-1	-1	
548	0	82ce13b218673e2d	5			yes					-1	-1	-1	-1	-1	
