Number of nodes
386
ID	PID	Hash_Value			File_Number	Fully_Enumerated	Children
0	-1	c1bd00efc34d81bb	6			yes					1	132	222	287	333	385	
1	0	89ed203f12824e16	5			yes					2	48	67	84	98	
2	1	4b3e85380d9422c6	5			yes					3	14	25	41	47	
3	2	87f04df41ea2cc6d	4			yes					4	5	7	8	
4	3	2a06307f0ac46f51	4			yes					-1	-1	-1	-1	
5	3	47c6792a442b1a64	4			yes					-1	6	-1	-1	
6	5	f9e79e0b9f835ad4	3			yes					-1	-1	-1	
7	3	3e2bdf45e068c213	4			yes					-1	-1	-1	-1	
8	3	784303ad3fb35c08	3			yes					9	10	12	
9	8	11e86f8ecfd15ba7	4			yes					-1	-1	-1	-1	
10	8	b7608bf0115dcb86	5			yes					-1	-1	-1	-1	11	
11	10	643ae4e46f22b92e	4			yes					-1	-1	-1	-1	
12	8	d3279c7c26a5ea4f	5			yes					-1	-1	-1	-1	13	
13	12	007df36858da98e7	4			yes					-1	-1	-1	-1	
14	2	bde71ea6a1298f4f	4			yes					-1	15	19	22	
15	14	ec5bc5e7ef55dd25	5			yes					16	17	-1	-1	18	
16	15	71ac69671d7f3d1c	4			yes					-1	-1	-1	-1	
17	15	561127883f8c4afb	4			yes					-1	-1	-1	-1	
18	15	9a41fd579eaae2c4	4			yes					-1	-1	-1	-1	
19	14	8eb7a19383de1e73	5			yes					20	21	-1	-1	-1	
20	19	13400d1371f4fe4a	4			yes					-1	-1	-1	-1	
21	19	34fd43fc530789ad	4			yes					-1	-1	-1	-1	
22	14	1dfb7ba77c6c5a3f	5			yes					23	24	-1	-1	-1	
23	22	800cd7278e46ba06	4			yes					-1	-1	-1	-1	
24	22	a7b199c8acb5cde1	4			yes					-1	-1	-1	-1	
25	2	1009277a1954bf89	4			yes					-1	-1	26	31	
26	25	ccafd0432c9aede5	5			yes					27	28	29	-1	30	
27	26	51587cc3deb00ddc	4			yes					-1	-1	-1	-1	
28	26	0f05ddaccff73647	4			yes					-1	-1	-1	-1	
29	26	728e3762f732ad55	4			yes					-1	-1	-1	-1	
30	26	d12a88356c540e56	4			yes					-1	-1	-1	-1	
31	25	2428437c8a0e1893	6			yes					32	34	36	-1	38	40	
32	31	b9dfeffc7824f8aa	5			yes					-1	-1	-1	-1	33	
33	32	6a8580e8065b8a02	4			yes					-1	-1	-1	-1	
34	31	e7824e936963c331	5			yes					-1	-1	-1	-1	35	
35	34	34d82187171cb199	4			yes					-1	-1	-1	-1	
36	31	9a09a45d51a65823	5			yes					-1	-1	-1	-1	37	
37	36	4953cb492fd92a8b	4			yes					-1	-1	-1	-1	
38	31	6965565bb20b13ef	5			yes					-1	-1	-1	-1	39	
39	38	ba3f394fcc746147	4			yes					-1	-1	-1	-1	
40	31	f7722c68f4716a3b	5			yes					-1	-1	-1	-1	-1	
41	2	9e93bf498a5a4e08	4			yes					-1	-1	-1	42	
42	41	6120f110ab4bde6d	3			yes					-1	43	44	
43	42	ba1387d87b77202f	5			yes					-1	-1	-1	-1	-1	
44	42	f80bf608d433d3b9	5			yes					45	46	-1	-1	-1	
45	44	65fc5a8826193380	4			yes					-1	-1	-1	-1	
46	44	3ba1fbe7375e081b	4			yes					-1	-1	-1	-1	
47	2	b48dcb612c85b2a3	4			yes					-1	-1	-1	-1	
48	1	d8a234cd8f08b617	4			yes					49	55	60	66	
49	48	7010a36258b06d66	3			yes					50	51	52	
50	49	c283b2787236f84a	4			yes					-1	-1	-1	-1	
51	49	3ac2617cda32f23f	4			yes					-1	-1	-1	-1	
52	49	09320c86e5103476	5			yes					-1	-1	53	-1	54	
53	52	216330d932a1cf6f	4			yes					-1	-1	-1	-1	
54	52	bb6d84138da0644f	4			yes					-1	-1	-1	-1	
55	48	82ace387716727da	3			yes					-1	56	57	
56	55	0070925ee642bee2	4			yes					-1	-1	-1	-1	
57	55	70188a7da1ff44b8	5			yes					58	59	-1	-1	-1	
58	57	edef26fd53d5a481	4			yes					-1	-1	-1	-1	
59	57	e47e5ae5bb4d0697	4			yes					-1	-1	-1	-1	
60	48	0d0f0ebc08c6dad9	3			yes					-1	-1	61	
61	60	f2bc40e529d74abc	2			yes					62	64	
62	61	d7ce22451cffda63	5			yes					-1	-1	-1	-1	63	
63	62	04944d516280a8cb	4			yes					-1	-1	-1	-1	
64	61	034d64de2b7644c7	5			yes					-1	-1	-1	-1	65	
65	64	d0170bca5509366f	4			yes					-1	-1	-1	-1	
66	48	27117a94ae192672	3			yes					-1	-1	-1	
67	1	9cdc7401fe4dbbbe	4			yes					68	73	81	83	
68	67	346ee3ae29f560cf	3			yes					69	-1	70	
69	68	3b013d39b0435e3c	4			yes					-1	-1	-1	-1	
70	68	ab72270534c70e49	5			yes					-1	-1	71	-1	72	
71	70	0d14ada93b338a30	4			yes					-1	-1	-1	-1	
72	70	192daf905c775e70	4			yes					-1	-1	-1	-1	
73	67	a7fe8ef698e67005	3			yes					-1	74	75	
74	73	bacdbbd4d3abdc53	4			yes					-1	-1	-1	-1	
75	73	48142019f02fabef	5			yes					76	77	78	79	80	
76	75	d5e38c9902054bd6	4			yes					-1	-1	-1	-1	
77	75	dc72f081ea9de9c0	4			yes					-1	-1	-1	-1	
78	75	bbf6473d17cd9b6e	4			yes					-1	-1	-1	-1	
79	75	2d01b66e2609dc11	4			yes					-1	-1	-1	-1	
80	75	9f668d4bd95ce569	4			yes					-1	-1	-1	-1	
81	67	6c232301900280af	3			yes					-1	-1	82	
82	81	bff5c02414c9abb4	5			yes					-1	-1	-1	-1	-1	
83	67	636f3a58df5c2bdb	3			yes					-1	-1	-1	
84	1	eb070e22c0452d61	4			yes					85	88	95	97	
85	84	43b5998d17fdf610	3			yes					86	87	-1	
86	85	91b5e57dd1a28067	5			yes					-1	-1	-1	-1	-1	
87	85	1e6a59042083943b	5			yes					-1	-1	-1	-1	-1	
88	84	d025f4d5a6eee6da	3			yes					-1	89	94	
89	88	8bb1c7b2a8b1679b	5			yes					90	91	-1	92	93	
90	89	16466b325a9b87a2	4			yes					-1	-1	-1	-1	
91	89	1fd7172ab20325b4	4			yes					-1	-1	-1	-1	
92	89	67831f62c18c2609	4			yes					-1	-1	-1	-1	
93	89	f6fd74f6071cdbd9	4			yes					-1	-1	-1	-1	
94	88	e49de09142cfc2fb	5			yes					-1	-1	-1	-1	-1	
95	84	b030ac60d485b02e	3			yes					-1	-1	96	
96	95	afc72b7f2dec4a34	5			yes					-1	-1	-1	-1	-1	
97	84	c8a7cf1aa5d38d85	3			yes					-1	-1	-1	
98	1	36fae3bf0af7af6b	5			yes					99	111	124	130	131	
99	98	9e487410dd4f741a	4			yes					100	102	104	106	
100	99	77010abde783aa28	5			yes					-1	-1	-1	-1	101	
101	100	6f67f93ee1cf1f8f	4			yes					-1	-1	-1	-1	
102	99	d816de017b333d7a	5			yes					-1	-1	-1	-1	103	
103	102	c0702d827d7f88dd	4			yes					-1	-1	-1	-1	
104	99	11a3adcc22d24d4e	5			yes					-1	-1	-1	-1	105	
105	104	09c55e4f249ef8e9	4			yes					-1	-1	-1	-1	
106	99	b5b862c4f5a53a3a	3			yes					107	109	-1	
107	106	a75b2fbd2b8c0f7c	5			yes					-1	-1	-1	-1	108	
108	107	740140a955f37dd4	4			yes					-1	-1	-1	-1	
109	106	9ffea8b92295bef5	5			yes					-1	-1	-1	-1	110	
110	109	4ca4c7ad5ceacc5d	4			yes					-1	-1	-1	-1	
111	98	0dd819486c5c64d0	4			yes					-1	112	117	120	
112	111	152010254171d56a	5			yes					113	114	-1	115	116	
113	112	88d7bca5b35b3553	4			yes					-1	-1	-1	-1	
114	112	8146c0bd5bc39745	4			yes					-1	-1	-1	-1	
115	112	a030ae04ea38d0f9	4			yes					-1	-1	-1	-1	
116	112	afdf1207c5689fd8	4			yes					-1	-1	-1	-1	
117	111	3b5d5023253c9d98	5			yes					118	119	-1	-1	-1	
118	117	a6aafca3d7167da1	4			yes					-1	-1	-1	-1	
119	117	af3b80bb3f8edfb7	4			yes					-1	-1	-1	-1	
120	111	26280f9c44b62af0	3			yes					-1	121	-1	
121	120	4a8cfe622e2f517a	5			yes					122	123	-1	-1	-1	
122	121	d77b52e2dc05b143	4			yes					-1	-1	-1	-1	
123	121	deea2efa349d1355	4			yes					-1	-1	-1	-1	
124	98	6dcd41fd1e373224	4			yes					-1	-1	125	129	
125	124	70079bcd4a1f1557	5			yes					126	127	128	-1	-1	
126	125	edf0374db835f56e	4			yes					-1	-1	-1	-1	
127	125	e4614b5550ad5778	4			yes					-1	-1	-1	-1	
128	125	ce267cec91b755e7	4			yes					-1	-1	-1	-1	
129	124	463d572936dd7c04	3			yes					-1	-1	-1	
130	98	e357d9ce8d39c3a5	4			yes					-1	-1	-1	-1	
131	98	1d0af56b221de14b	4			yes					-1	-1	-1	-1	
132	0	4af3cb17e69b7ec3	5			yes					-1	133	174	190	199	
133	132	86a22c9a016a6f80	5			yes					134	149	158	169	173	
134	133	43093f3d8f37241f	4			yes					135	137	141	144	
135	134	22f28d329a4e7a60	5			yes					-1	-1	-1	-1	136	
136	135	e853dbc7ce2e68af	4			yes					-1	-1	-1	-1	
137	134	ddd8ec4275168d1b	5			yes					-1	138	-1	139	140	
138	137	ece28d19ea5513cc	4			yes					-1	-1	-1	-1	
139	137	053b758de1564a43	4			yes					-1	-1	-1	-1	
140	137	1779bab721769fd4	4			yes					-1	-1	-1	-1	
141	134	fd5e36aef27e407c	5			yes					-1	142	-1	-1	143	
142	141	cc6457f56d3ddeab	4			yes					-1	-1	-1	-1	
143	141	245d461879e4b077	4			yes					-1	-1	-1	-1	
144	134	867f3755912e952a	5			yes					145	146	147	-1	148	
145	144	b29c96e79306f279	4			yes					-1	-1	-1	-1	
146	144	b745560e0e6d0bfd	4			yes					-1	-1	-1	-1	
147	144	b6910e3ce9efc456	4			yes					-1	-1	-1	-1	
148	144	409b2652f79cbbc7	4			yes					-1	-1	-1	-1	
149	133	097f0aa34d3ae415	4			yes					-1	150	151	152	
150	149	b068df2b3125c33d	4			yes					-1	-1	-1	-1	
151	149	55fa1456edf55198	4			yes					-1	-1	-1	-1	
152	149	f6cc44fa6c2b7470	3			yes					153	154	156	
153	152	5a0c5352a69e3896	5			yes					-1	-1	-1	-1	-1	
154	152	425e6e90c44d26ac	5			yes					-1	-1	-1	-1	155	
155	154	91040184ba325404	4			yes					-1	-1	-1	-1	
156	152	b8f6576f2b3879c4	5			yes					-1	-1	-1	-1	157	
157	156	6bac387b55470b6c	4			yes					-1	-1	-1	-1	
158	133	606841b664d23ca1	4			yes					-1	-1	159	161	
159	158	01a31769b721b01e	5			yes					-1	-1	160	-1	-1	
160	159	12a422051ac438fb	4			yes					-1	-1	-1	-1	
161	158	40efb259b8003496	6			yes					162	164	166	-1	-1	168	
162	161	edea29d36558422d	5			yes					-1	-1	-1	-1	163	
163	162	3eb046c71b273085	4			yes					-1	-1	-1	-1	
164	161	8345bfb65b6def34	5			yes					-1	-1	-1	-1	165	
165	164	501fd0a225129d9c	4			yes					-1	-1	-1	-1	
166	161	53e8873515e5bc73	5			yes					-1	-1	-1	-1	167	
167	166	80b2e8216b9acedb	4			yes					-1	-1	-1	-1	
168	161	93b5dd4dc67f463e	5			yes					-1	-1	-1	-1	-1	
169	133	530f16eb86a4034e	4			yes					-1	-1	-1	170	
170	169	acbc58b2a7b5932b	3			yes					171	-1	172	
171	170	6c6d618330b8802f	5			yes					-1	-1	-1	-1	-1	
172	170	350731224f888e42	5			yes					-1	-1	-1	-1	-1	
173	133	791162c3207bffe5	4			yes					-1	-1	-1	-1	
174	132	3b815ce83307657d	4			yes					175	183	187	189	
175	174	fe2a4f4fbd5a2ee2	3			yes					176	177	178	
176	175	a3c07983ec1da73b	4			yes					-1	-1	-1	-1	
177	175	030cf050ebea16c6	4			yes					-1	-1	-1	-1	
178	175	2932282f39c31b57	5			yes					179	180	181	-1	182	
179	178	1dd1899d3beb7c04	4			yes					-1	-1	-1	-1	
180	178	536f265e2f1891fe	4			yes					-1	-1	-1	-1	
181	178	fcd994e6eba6d482	4			yes					-1	-1	-1	-1	
182	178	fe40857d10b055d1	4			yes					-1	-1	-1	-1	
183	174	9f3111c6d389d376	3			yes					-1	-1	184	
184	183	2ad5193d56e942a3	5			yes					185	-1	-1	-1	186	
185	184	87d082b78bb13418	4			yes					-1	-1	-1	-1	
186	184	988a91a83e59129a	4			yes					-1	-1	-1	-1	
187	174	9ea810d04fc26df1	3			yes					-1	-1	188	
188	187	50049bd1a53279cc	5			yes					-1	-1	-1	-1	-1	
189	174	c43212b11216f518	3			yes					-1	-1	-1	
190	132	e73a8243307d7af5	4			yes					191	195	197	198	
191	190	229191e4be20316a	3			yes					192	193	194	
192	191	d8a7dd5c6160ac80	5			yes					-1	-1	-1	-1	-1	
193	191	ca0b05ca54efac9b	5			yes					-1	-1	-1	-1	-1	
194	191	a2512c8b3e5548d7	5			yes					-1	-1	-1	-1	-1	
195	190	438acf6dd0f3ccfe	3			yes					-1	196	-1	
196	195	a5b11ce788648e0e	5			yes					-1	-1	-1	-1	-1	
197	190	42bb9fb10b455d70	3			yes					-1	-1	-1	
198	190	c49a437b55ebda11	3			yes					-1	-1	-1	
199	132	3ac76fdefacff8ff	5			yes					200	210	216	220	221	
200	199	ff6c7c797492b360	4			yes					201	203	205	207	
201	200	c8ef3bab9b313377	5			yes					-1	-1	-1	-1	202	
202	201	d089c8289d7d86d0	4			yes					-1	-1	-1	-1	
203	200	6e5d22a96aff38b6	5			yes					-1	-1	-1	-1	204	
204	203	0b1f92c1c872e80d	4			yes					-1	-1	-1	-1	
205	200	e20b2ccc580bc8cf	5			yes					-1	-1	-1	-1	206	
206	205	ea610b107709788f	4			yes					-1	-1	-1	-1	
207	200	d49c6aad5c78fd40	3			yes					208	209	-1	
208	207	95c020c5f8eeb824	4			yes					-1	-1	-1	-1	
209	207	b9401a54a0c2b834	5			yes					-1	-1	-1	-1	-1	
210	199	9e7722f01a414ef4	4			yes					-1	211	212	214	
211	210	a1a91dabcf6be2d5	5			yes					-1	-1	-1	-1	-1	
212	210	857ff392dae00399	5			yes					-1	-1	-1	-1	213	
213	212	9d190011dcacb63e	4			yes					-1	-1	-1	-1	
214	210	b587342432ab00d4	3			yes					-1	215	-1	
215	214	76b4255605566257	5			yes					-1	-1	-1	-1	-1	
216	199	9f46722cc1f7df7a	4			yes					-1	-1	217	218	
217	216	6b85c7782b86b916	5			yes					-1	-1	-1	-1	-1	
218	216	b4b664f8e91d915a	3			yes					-1	-1	219	
219	218	b44577ca4c75e675	5			yes					-1	-1	-1	-1	-1	
220	199	ef6a55af7d019431	4			yes					-1	-1	-1	-1	
221	199	1137790ad225b6df	4			yes					-1	-1	-1	-1	
222	0	75f6a3961d4acc49	5			yes					-1	-1	223	251	259	
223	222	9101407a047975ed	5			yes					224	236	243	247	250	
224	223	54aa53dd8a243e72	4			yes					225	230	232	233	
225	224	c7d7aef59dc3baa1	5			yes					-1	226	227	-1	229	
226	225	46e55928901def1f	4			yes					-1	-1	-1	-1	
227	225	61b1245992373ed8	4			yes					-1	-1	-1	228	
228	227	ab1072acc6572c17	3			yes					-1	-1	-1	
229	225	0d76f800c9a3a86e	4			yes					-1	-1	-1	-1	
230	224	1147f3b520cf129a	5			yes					-1	-1	-1	-1	231	
231	230	dbe6a54074af0055	4			yes					-1	-1	-1	-1	
232	224	7fa857af92e0e818	5			yes					-1	-1	-1	-1	-1	
233	224	c8bcc685ca840de1	5			yes					-1	234	235	-1	-1	
234	233	7c54fc6555309c2c	4			yes					-1	-1	-1	-1	
235	233	e3a13858aafa5f07	4			yes					-1	-1	-1	-1	
236	223	610f3a9e3c19f02e	4			yes					-1	237	239	240	
237	236	92ad7a746c815f8f	5			yes					-1	-1	-1	-1	238	
238	237	580c2c8138e14d40	4			yes					-1	-1	-1	-1	
239	236	fafbcae0c3f65ed9	5			yes					-1	-1	-1	-1	-1	
240	236	4def5bca9b92bb20	5			yes					241	-1	242	-1	-1	
241	240	e0eac04046cacd9b	4			yes					-1	-1	-1	-1	
242	240	66f2a517fbece9c6	4			yes					-1	-1	-1	-1	
243	223	00c69a355e0a1e05	4			yes					-1	-1	-1	244	
244	243	ff75d46c7f1b8e60	3			yes					245	246	-1	
245	244	69b92dd51c1f506c	5			yes					-1	-1	-1	-1	-1	
246	244	ea53a41450511d79	5			yes					-1	-1	-1	-1	-1	
247	223	5bd1fd55cd5f35d1	4			yes					-1	-1	-1	248	
248	247	447a2136e169c354	6			yes					-1	-1	-1	-1	-1	249	
249	248	97204e229f16b1fc	5			yes					-1	-1	-1	-1	-1	
250	223	6eb20e232568e588	4			yes					-1	-1	-1	-1	
251	222	4c0b7f312dc4ff75	4			yes					252	255	257	258	
252	251	89a06c96a399b4ea	3			yes					253	254	-1	
253	252	4255d9f88d7b9398	5			yes					-1	-1	-1	-1	-1	
254	252	1a01ae775d6b3239	5			yes					-1	-1	-1	-1	-1	
255	251	bc0505d515a47ab6	3			yes					-1	256	-1	
256	255	99eb27b611257f2c	5			yes					-1	-1	-1	-1	-1	
257	251	1605a87bd3ab6eb8	3			yes					-1	-1	-1	
258	251	6fabbe0948525f91	3			yes					-1	-1	-1	
259	222	91f692ace7767d7f	5			yes					260	273	281	285	286	
260	259	545d810b692b36e0	4			yes					261	265	267	269	
261	260	e603fe9bb36b07b5	5			yes					-1	262	263	-1	264	
262	261	67310946beb5520b	4			yes					-1	-1	-1	-1	
263	261	ce52c2c464dafcac	4			yes					-1	-1	-1	-1	
264	261	83414ef311e6d70e	4			yes					-1	-1	-1	-1	
265	260	e8d05462de08ce3d	5			yes					-1	-1	-1	-1	266	
266	265	f0b6a7e1d8447b9a	4			yes					-1	-1	-1	-1	
267	260	7828a2509e229fcc	5			yes					-1	-1	-1	-1	268	
268	267	7042858cb1202f8c	4			yes					-1	-1	-1	-1	
269	260	7fad97df41c178c0	3			yes					270	271	272	
270	269	311ec66679568737	5			yes					-1	-1	-1	-1	-1	
271	269	4beb69c05e2f7403	5			yes					-1	-1	-1	-1	-1	
272	269	3872a217f87c1fd4	5			yes					-1	-1	-1	-1	-1	
273	259	61f8e848df16f8bc	4			yes					-1	274	276	278	
274	273	6b3adda392468328	5			yes					-1	-1	-1	-1	275	
275	274	735c2e20940a368f	4			yes					-1	-1	-1	-1	
276	273	fd7b3f1fcf34290d	5			yes					-1	-1	-1	-1	277	
277	276	f51118c3e036994d	4			yes					-1	-1	-1	-1	
278	273	4a08fe9cf7fcb69c	3			yes					-1	279	280	
279	278	c801e00112613916	5			yes					-1	-1	-1	-1	-1	
280	278	bd213f58a96aa915	5			yes					-1	-1	-1	-1	-1	
281	259	cbf845e61919ecb2	4			yes					-1	-1	282	284	
282	281	0314febbe5618cea	5			yes					-1	-1	-1	-1	283	
283	282	1b720d38e32d394d	4			yes					-1	-1	-1	-1	
284	281	e008533231f3a292	3			yes					-1	-1	-1	
285	259	445ba8dd60b811b1	4			yes					-1	-1	-1	-1	
286	259	ba068478cf9c335f	4			yes					-1	-1	-1	-1	
287	0	c96c0c3de94afe95	5			yes					-1	-1	-1	288	304	
288	287	eade7fb4376b51a7	5			yes					289	294	298	301	303	
289	288	2f756c13b9361a38	4			yes					290	291	292	293	
290	289	4c3a93f2413af41a	5			yes					-1	-1	-1	-1	-1	
291	289	5fb92516f3ea728a	5			yes					-1	-1	-1	-1	-1	
292	289	975c1eb50435ff57	3			yes					-1	-1	-1	
293	289	0967a3b63fe046d3	5			yes					-1	-1	-1	-1	-1	
294	288	1ad005500f0bd464	4			yes					-1	295	296	297	
295	294	dc53acd7bfa43f9f	5			yes					-1	-1	-1	-1	-1	
296	294	a2f977f6b208310b	3			yes					-1	-1	-1	
297	294	c39b2bdf23723ad7	5			yes					-1	-1	-1	-1	-1	
298	288	d1fc854351c09a1c	4			yes					-1	-1	299	300	
299	298	69d5f7e5ecc37f73	3			yes					-1	-1	-1	
300	298	e97c3348e823e03b	5			yes					-1	-1	-1	-1	-1	
301	288	52f70d128a68b4c8	4			yes					-1	-1	-1	302	
302	301	0e8793b4d09605e7	3			yes					-1	-1	-1	
303	288	b6aee1126d95e088	4			yes					-1	-1	-1	-1	
304	287	d588d260963370d6	5			yes					305	318	327	331	332	
305	304	1023c1c7186e3b49	4			yes					306	310	313	315	
306	305	e86cb4917f2a6037	5			yes					-1	307	308	-1	309	
307	306	e906bfb566f02d6b	4			yes					-1	-1	-1	-1	
308	306	4e0a3e3d70dee44e	4			yes					-1	-1	-1	-1	
309	306	8d2e04f9dda7b08c	4			yes					-1	-1	-1	-1	
310	305	fbef0275cdfae6a7	5			yes					-1	-1	311	-1	312	
311	310	ca315294e079e9d5	4			yes					-1	-1	-1	-1	
312	310	9eadb21d6f77361c	4			yes					-1	-1	-1	-1	
313	305	5c00dfca674870d1	5			yes					-1	-1	-1	-1	314	
314	313	44662c496104c576	4			yes					-1	-1	-1	-1	
315	305	3bd3d71330847569	3			yes					316	317	-1	
316	315	3f718c6cb517e0b5	5			yes					-1	-1	-1	-1	-1	
317	315	2cf23a8807c76625	5			yes					-1	-1	-1	-1	-1	
318	304	2586a884ae53f515	4			yes					-1	319	323	325	
319	318	78058bb481b4abb2	5			yes					320	-1	321	-1	322	
320	319	d500103e5cecdd09	4			yes					-1	-1	-1	-1	
321	319	49dbdb55ac37a4c0	4			yes					-1	-1	-1	-1	
322	319	1d473bdc23397b09	4			yes					-1	-1	-1	-1	
323	318	5775f51cba04c677	5			yes					-1	-1	-1	-1	324	
324	323	4f13069fbc4873d0	4			yes					-1	-1	-1	-1	
325	318	0e76be5086b9bb35	3			yes					-1	326	-1	
326	325	af18b3494b892b30	5			yes					-1	-1	-1	-1	-1	
327	304	eeaa2897f098bb6d	4			yes					-1	-1	328	330	
328	327	c7dfd36ff7f12dd5	5			yes					-1	-1	-1	-1	329	
329	328	dfb920ecf1bd9872	4			yes					-1	-1	-1	-1	
330	327	c55a3e43d872f54d	3			yes					-1	-1	-1	
331	304	25778560f87c4bc7	4			yes					-1	-1	-1	-1	
332	304	fe78c4b4bed93ef6	4			yes					-1	-1	-1	-1	
333	0	03f0c19b0b15093d	5			yes					-1	-1	-1	-1	334	
334	333	7f84448300190209	4			yes					335	348	361	374	
335	334	b5e7ed563021dea3	5			yes					336	339	344	346	347	
336	335	1d557af9e79905d2	4			yes					-1	-1	-1	337	
337	336	227e435ca4423a3e	6			yes					-1	-1	-1	-1	-1	338	
338	337	03f77b5765d3ae50	5			yes					-1	-1	-1	-1	-1	
339	335	8ec517a1568a1518	4			yes					-1	340	-1	342	
340	339	c62ec10ed38119ea	6			yes					-1	-1	-1	-1	-1	341	
341	340	de48328dd5cdac4d	5			yes					-1	-1	-1	-1	-1	
342	339	4f4e98eb5eb70dc8	3			yes					-1	343	-1	
343	342	ffc10a86145c3823	6			yes					-1	-1	-1	-1	-1	-1	
344	335	eed04f1424e143ec	4			yes					-1	-1	-1	345	
345	344	2f5bc05e2cdc5b3c	3			yes					-1	-1	-1	
346	335	092c4050adee9555	4			yes					-1	-1	-1	-1	
347	335	746c621c381cc673	4			yes					-1	-1	-1	-1	
348	334	b9da6137c0198937	5			yes					349	354	357	359	360	
349	348	7c7172904e44c2a8	4			yes					-1	350	-1	352	
350	349	879403762fdfd2ea	6			yes					-1	-1	-1	-1	-1	351	
351	350	9ff2f0f52993674d	5			yes					-1	-1	-1	-1	-1	
352	349	bdfafdda4679da78	3			yes					-1	353	-1	
353	352	be7bc8fee802f323	6			yes					-1	-1	-1	-1	-1	-1	
354	348	1d6a2c1920973f3c	4			yes					-1	-1	-1	355	
355	354	b6a21d025c7074e9	6			yes					-1	-1	-1	-1	-1	356	
356	355	972b25099de1e087	5			yes					-1	-1	-1	-1	-1	
357	348	1c5b7cc5fb21aeb2	4			yes					-1	-1	-1	358	
358	357	ddd0f38ff31cb662	3			yes					-1	-1	-1	
359	348	0511cc315dd6c2c1	4			yes					-1	-1	-1	-1	
360	348	7851ee7dc82491e7	4			yes					-1	-1	-1	-1	
361	334	12eb9c45dda00cb7	5			yes					362	367	369	372	373	
362	361	d7408fe253fd4728	4			yes					363	-1	-1	365	
363	362	0fcadf44f64bede9	6			yes					-1	-1	-1	-1	-1	364	
364	363	17ac2cc7f007584e	5			yes					-1	-1	-1	-1	-1	
365	362	16cb00a85bc05ff8	3			yes					366	-1	-1	
366	365	362514cc3196cc20	6			yes					-1	-1	-1	-1	-1	-1	
367	361	e2e5e6a1e5c08974	4			yes					-1	-1	-1	368	
368	367	236e69ebedfd91a4	3			yes					-1	-1	-1	
369	361	48e54b0f23cf9d7a	4			yes					-1	-1	-1	370	
370	369	65d53051c7fb7649	6			yes					-1	-1	-1	-1	-1	371	
371	370	445c085a066ae227	5			yes					-1	-1	-1	-1	-1	
372	361	ae203143406f4741	4			yes					-1	-1	-1	-1	
373	361	d360130fd59d1467	4			yes					-1	-1	-1	-1	
374	334	d112f85068afb33f	5			yes					375	380	383	384	-1	
375	374	14b9ebf7e6f2f8a0	4			yes					376	378	-1	-1	
376	375	01a5954e3a0a8a6b	6			yes					-1	-1	-1	-1	-1	377	
377	376	19c366cd3c463fcc	5			yes					-1	-1	-1	-1	-1	
378	375	122623aa88da0cfb	6			yes					-1	-1	-1	-1	-1	379	
379	378	0a40d0298e96b95c	5			yes					-1	-1	-1	-1	-1	
380	374	211c82b450cf36fc	4			yes					-1	381	-1	-1	
381	380	91ccaa6bc49441ee	6			yes					-1	-1	-1	-1	-1	382	
382	381	89aa59e8c2d8f449	5			yes					-1	-1	-1	-1	-1	
383	374	ea3002a70e047884	4			yes					-1	-1	-1	-1	
384	374	693b8af6d5ac5650	4			yes					-1	-1	-1	-1	
385	0	bdc985f7c8418a8f	5			yes					-1	-1	-1	-1	-1	
