Number of nodes
342
ID	PID	Hash_Value			File_Number	Fully_Enumerated	Children
0	-1	2bb7728fff8d6857	6			yes					1	99	180	244	290	341	
1	0	621d155b596cf355	5			yes					2	41	53	66	74	
2	1	f8484355dbf49380	5			yes					3	11	19	33	40	
3	2	f636750fd3889444	4			yes					4	5	6	7	
4	3	88889882eacd03fb	4			yes					-1	-1	-1	-1	
5	3	8c670aa34106a5f6	4			yes					-1	-1	-1	-1	
6	3	18e5910aa9d5a7b8	4			yes					-1	-1	-1	-1	
7	3	ae726aaf0eb72320	3			yes					8	9	-1	
8	7	c07e5e71b877a2a3	4			yes					-1	-1	-1	-1	
9	7	598e55b0de284fe6	5			yes					-1	-1	-1	-1	10	
10	9	425b7b0d4d8884cf	4			yes					-1	-1	-1	-1	
11	2	abbf763d7cbbeb28	4			yes					-1	12	15	16	
12	11	92ce55af2ec54e25	5			yes					13	14	-1	-1	-1	
13	12	7bbc497b4eb62ee8	4			yes					-1	-1	-1	-1	
14	12	2f93242a05864614	4			yes					-1	-1	-1	-1	
15	11	8c96d72a8d7f8192	5			yes					-1	-1	-1	-1	-1	
16	11	9ab3155171e5db8c	5			yes					17	18	-1	-1	-1	
17	16	73c109851196bb41	4			yes					-1	-1	-1	-1	
18	16	27ee64d45aa6d3bd	4			yes					-1	-1	-1	-1	
19	2	b453200b0f26eaa2	4			yes					-1	-1	20	24	
20	19	2401f8ff09617eef	5			yes					21	22	23	-1	-1	
21	20	cd73e42b69121e22	4			yes					-1	-1	-1	-1	
22	20	ee88a0ea1c2dc9af	4			yes					-1	-1	-1	-1	
23	20	6a0bc198e05441b8	4			yes					-1	-1	-1	-1	
24	19	f486c7923c168973	6			yes					25	27	29	-1	31	32	
25	24	1df4db465c65e9be	5			yes					-1	-1	-1	-1	26	
26	25	0621f5fbcfc52297	4			yes					-1	-1	-1	-1	
27	24	3e0f9f87295a3e33	5			yes					-1	-1	-1	-1	28	
28	27	25dab13abafaf51a	4			yes					-1	-1	-1	-1	
29	24	ba8cfef5d523b624	5			yes					-1	-1	-1	-1	30	
30	29	a159d04846837d0d	4			yes					-1	-1	-1	-1	
31	24	4fe4bcd897defac7	5			yes					-1	-1	-1	-1	-1	
32	24	ef53e92fafb6425a	5			yes					-1	-1	-1	-1	-1	
33	2	49d67fcca6deb12a	4			yes					-1	-1	-1	34	
34	33	b5abe70e032e2bc5	6			yes					35	36	37	38	-1	39	
35	34	5cd9fbda635d4b08	5			yes					-1	-1	-1	-1	-1	
36	34	7f22bf1b16629c85	5			yes					-1	-1	-1	-1	-1	
37	34	fba1de69ea1b1492	5			yes					-1	-1	-1	-1	-1	
38	34	f4196453cfca6c67	5			yes					-1	-1	-1	-1	-1	
39	34	ae7ec9b3908ee0ec	5			yes					-1	-1	-1	-1	-1	
40	2	a00c5cf506cb24e4	4			yes					-1	-1	-1	-1	
41	1	22a757b99024cc3e	4			yes					42	46	50	52	
42	41	6d2c8c4ef545a3aa	3			yes					-1	43	44	
43	42	32a566cc14005dbc	4			yes					-1	-1	-1	-1	
44	42	856b3faf82a5bebc	5			yes					-1	-1	-1	-1	45	
45	44	d99a4ed002f70206	4			yes					-1	-1	-1	-1	
46	41	a651f8cec574fa5a	3			yes					-1	48	49	
47	46	8f24cc779f6b0080	4			no					-1	-1	-1	-2	
48	46	c7f8e90b459252b7	4			yes					-1	-1	-1	-1	
49	46	4a2d5e9dd3baf5d8	5			yes					-1	-1	-1	-1	-1	
50	41	93396b20ed0eee94	3			yes					-1	-1	51	
51	50	cb7d7480303159f0	2			yes					-1	-1	
52	41	7ae348194d1b7b5a	3			yes					-1	-1	-1	
53	1	396c0f7feda2322e	4			yes					54	58	63	65	
54	53	76e7d48888c35dba	3			yes					55	-1	56	
55	54	fda70d60326a4598	4			yes					-1	-1	-1	-1	
56	54	8d304f753e86d32d	5			yes					-1	-1	-1	-1	57	
57	56	d1c13e0abed46f97	4			yes					-1	-1	-1	-1	
58	53	0ca4a1456c5565fb	3			yes					-1	59	60	
59	58	27d92b98b24db3c0	4			yes					-1	-1	-1	-1	
60	58	4a7d0aebafe6189f	5			yes					61	62	-1	-1	-1	
61	60	a30f163fcf957852	4			yes					-1	-1	-1	-1	
62	60	eb45e7d91f8d8da1	4			yes					-1	-1	-1	-1	
63	53	22076a6d39a98f25	3			yes					-1	-1	64	
64	63	663483c7d449ccc7	5			yes					-1	-1	-1	-1	-1	
65	53	612810df309d854a	3			yes					-1	-1	-1	
66	1	fde4dae1a331cd6d	4			yes					67	70	72	73	
67	66	b26f0116c650a2f9	3			yes					68	69	-1	
68	67	0676d76c17a38b1a	5			yes					-1	-1	-1	-1	-1	
69	67	b6acf6e2ca1931b7	5			yes					-1	-1	-1	-1	-1	
70	66	c82c74db22c69ab8	3			yes					-1	71	-1	
71	70	79975d502085ccd5	5			yes					-1	-1	-1	-1	-1	
72	66	b1ffb9bf77e3b44f	3			yes					-1	-1	-1	
73	66	3658169330444163	3			yes					-1	-1	-1	
74	1	b5ba0ebb57af6b15	5			yes					75	85	93	97	98	
75	74	fa31d54c32ce0481	4			yes					76	78	80	82	
76	75	42158ff414d3dba2	5			yes					-1	-1	-1	-1	77	
77	76	f6719ea61bb4819c	4			yes					-1	-1	-1	-1	
78	75	62dbef8ff090e1be	5			yes					-1	-1	-1	-1	79	
79	78	d6bffeddfff7bb80	4			yes					-1	-1	-1	-1	
80	75	fb6fa939d68abee4	5			yes					-1	-1	-1	-1	81	
81	80	4f0bb86bd9ede4da	4			yes					-1	-1	-1	-1	
82	75	c84df1fd280f0c5d	3			yes					83	84	-1	
83	82	03ff74de05d000ea	5			yes					-1	-1	-1	-1	-1	
84	82	ecc8bc5082331d02	5			yes					-1	-1	-1	-1	-1	
85	74	8072a081d6583cc0	4			yes					-1	86	89	90	
86	85	7a84d2f5d081fb73	5			yes					87	88	-1	-1	-1	
87	86	93f6ce21b0f29bbe	4			yes					-1	-1	-1	-1	
88	86	dbbc3fc760ea6e4d	4			yes					-1	-1	-1	-1	
89	85	0ad99fa11c7fc737	5			yes					-1	-1	-1	-1	-1	
90	85	b20e8430cc99341c	3			yes					-1	91	92	
91	90	a8108c2f0338d9f8	5			yes					-1	-1	-1	-1	-1	
92	90	a32b3d2e029d91c0	5			yes					-1	-1	-1	-1	-1	
93	74	f9a16de5837d1237	4			yes					-1	-1	94	95	
94	93	bec163189ee27d19	5			yes					-1	-1	-1	-1	-1	
95	93	cbdd495499bc1aeb	3			yes					-1	-1	96	
96	95	1733c19780002bee	5			yes					-1	-1	-1	-1	-1	
97	74	042432222a8549bf	4			yes					-1	-1	-1	-1	
98	74	87c62a0a4d6e63c9	4			yes					-1	-1	-1	-1	
99	0	45688e3f66e04253	5			yes					-1	100	132	145	155	
100	99	18b57f01b414d63b	5			yes					101	114	120	127	131	
101	100	47daf448dc618edd	4			yes					102	104	108	111	
102	101	b0dfd5daaee6c01a	5			yes					-1	-1	-1	-1	103	
103	102	469bc481b2d369cb	4			yes					-1	-1	-1	-1	
104	101	690f36b02d706381	5			yes					-1	105	-1	106	107	
105	104	a5550724611132ac	4			yes					-1	-1	-1	-1	
106	104	11e2d621656fe234	4			yes					-1	-1	-1	-1	
107	104	9f4b27eb3145ca50	4			yes					-1	-1	-1	-1	
108	101	e8d0281fbde2635a	5			yes					-1	109	-1	-1	110	
109	108	248a198bf1833277	4			yes					-1	-1	-1	-1	
110	108	0c6f886169ea688f	4			yes					-1	-1	-1	-1	
111	101	bd94b1885526dbfe	5			yes					-1	112	113	-1	-1	
112	111	71ce801c19478ad3	4			yes					-1	-1	-1	-1	
113	111	c843ca2a8708f216	4			yes					-1	-1	-1	-1	
114	100	267746dd23db35e2	4			yes					-1	115	116	117	
115	114	93c610b478f2ed2d	4			yes					-1	-1	-1	-1	
116	114	963844a8d0e19349	4			yes					-1	-1	-1	-1	
117	114	7e33597dfee48286	3			yes					118	119	-1	
118	117	1a6ab5fe3281d571	5			yes					-1	-1	-1	-1	-1	
119	117	907c5f7b03fbf67e	5			yes					-1	-1	-1	-1	-1	
120	100	887791ac5faf2ef1	4			yes					-1	-1	121	122	
121	120	3a3ebfe5207268ae	5			yes					-1	-1	-1	-1	-1	
122	120	badeeedc8391f164	6			yes					123	124	125	-1	-1	126	
123	122	2179f225d28c1d92	5			yes					-1	-1	-1	-1	-1	
124	122	7057b6c996dd4624	5			yes					-1	-1	-1	-1	-1	
125	122	d47fdcb75bdea987	5			yes					-1	-1	-1	-1	-1	
126	122	a10bc06110313a4d	5			yes					-1	-1	-1	-1	-1	
127	100	a92b4398c93ef491	4			yes					-1	-1	-1	128	
128	127	f16f5c38140143f5	3			yes					129	-1	130	
129	128	e974921cbdcf2464	5			yes					-1	-1	-1	-1	-1	
130	128	62bd33aa0c341fd1	5			yes					-1	-1	-1	-1	-1	
131	100	40f160a1692b615f	4			yes					-1	-1	-1	-1	
132	99	d48d7336088657c9	4			yes					133	139	142	144	
133	132	8be2f87f60f30f2f	3			yes					134	135	136	
134	133	e44c034edd1e245e	4			yes					-1	-1	-1	-1	
135	133	8d374af7f25691ac	4			yes					-1	-1	-1	-1	
136	133	f19cc2aed006397a	5			yes					-1	137	138	-1	-1	
137	136	e961e73d5e77fb17	4			yes					-1	-1	-1	-1	
138	136	d77525e0b26cd583	4			yes					-1	-1	-1	-1	
139	132	1c40f1fb61415289	3			yes					-1	-1	140	
140	139	d31ed9a43b7f76c7	5			yes					-1	-1	-1	-1	141	
141	140	8fefa8dbbb2dca7d	4			yes					-1	-1	-1	-1	
142	132	cfe61624dc8deac2	3			yes					-1	-1	143	
143	142	7f5036cd40006282	5			yes					-1	-1	-1	-1	-1	
144	132	8cc96c96d5b9e0ad	3			yes					-1	-1	-1	
145	99	1005a6a84615a88a	4			yes					146	151	153	154	
146	145	4f6a2de12e60f06c	3			yes					147	148	-1	
147	146	c9a7319063122b66	5			yes					-1	-1	-1	-1	-1	
148	146	0e678fe0170df9f9	5			yes					-1	-1	-1	149	150	
149	148	8427d21f4f1231f3	4			yes					-1	-1	-1	-1	
150	148	f8239ebb0b385028	4			yes					-1	-1	-1	-1	
151	145	d8c824652fd2adca	3			yes					-1	152	-1	
152	151	5e8d2b4c5d0870af	5			yes					-1	-1	-1	-1	-1	
153	145	5c1ec5f692c7d1a8	3			yes					-1	-1	-1	
154	145	dbb96adad5602484	3			yes					-1	-1	-1	
155	99	585b72f2b28b0ef2	5			yes					156	168	174	178	179	
156	155	0734f9bbdafe5614	4			yes					157	159	162	164	
157	156	887c491ec20c51c7	5			yes					-1	-1	-1	-1	158	
158	157	3c18584ccd6b0bf9	4			yes					-1	-1	-1	-1	
159	156	48371ed05cb9a643	5			yes					-1	-1	-1	160	161	
160	159	8129e944e68d6a6d	4			yes					-1	-1	-1	-1	
161	159	4e776b8ad09f113f	4			yes					-1	-1	-1	-1	
162	156	45cfb91dba5ed230	5			yes					-1	-1	-1	-1	163	
163	162	438fcc473678654c	4			yes					-1	-1	-1	-1	
164	156	3548dd0ac03f5ec8	3			yes					165	166	167	
165	164	87046577caf7a09f	4			yes					-1	-1	-1	-1	
166	164	12861af550cdad85	5			yes					-1	-1	-1	-1	-1	
167	164	1f7ebd38b62ad9f6	5			yes					-1	-1	-1	-1	-1	
168	155	9096f03fdb4c0bb2	4			yes					-1	169	170	172	
169	168	70d29cd79a20bd08	5			yes					-1	-1	-1	-1	-1	
170	168	fc64839d4a0d711f	5			yes					-1	-1	-1	-1	171	
171	170	480092cf456a2b21	4			yes					-1	-1	-1	-1	
172	168	a2ead48ec18d036e	3			yes					-1	173	-1	
173	172	2a6398f29654b6ce	5			yes					-1	-1	-1	-1	-1	
174	155	144011ac665977d0	4			yes					-1	-1	175	176	
175	174	a7a5d6120aabd35c	5			yes					-1	-1	-1	-1	-1	
176	174	263c351d7c987f0c	3			yes					-1	-1	177	
177	176	0e57749d144985ab	5			yes					-1	-1	-1	-1	-1	
178	155	e9c54e6bcfa12c58	4			yes					-1	-1	-1	-1	
179	155	6a275643a84a062e	4			yes					-1	-1	-1	-1	
180	0	7653a227c9875c56	5			yes					-1	-1	181	208	216	
181	180	427935e3a2fd51a6	5			yes					182	193	200	204	207	
182	181	1d16beaaca880940	4			yes					183	187	189	190	
183	182	3a36429c7b752a09	5			yes					-1	184	185	-1	186	
184	183	68a93158ae8a7d74	4			yes					-1	-1	-1	-1	
185	183	ecd9af3dea7ca8da	4			yes					-1	-1	-1	-1	
186	183	cc7253c7674083d8	4			yes					-1	-1	-1	-1	
187	182	15923a6cfc8a517a	5			yes					-1	-1	-1	-1	188	
188	187	e3d62b37e0bff8ab	4			yes					-1	-1	-1	-1	
189	182	099354c6d001f145	5			yes					-1	-1	-1	-1	-1	
190	182	e8dce97cdf7704e5	5			yes					-1	191	192	-1	-1	
191	190	55832b577bd01ed9	4			yes					-1	-1	-1	-1	
192	190	04077cbdf0e8f030	4			yes					-1	-1	-1	-1	
193	181	2789131db5929c23	4			yes					-1	194	196	197	
194	193	247251be896f84e2	5			yes					-1	-1	-1	-1	195	
195	194	d23640e5955a2d33	4			yes					-1	-1	-1	-1	
196	193	a24654eb6b715aac	5			yes					-1	-1	-1	-1	-1	
197	193	4309e9516407af0c	5			yes					198	-1	199	-1	-1	
198	197	d8aef5a8351a43fa	4			yes					-1	-1	-1	-1	
199	197	afd27c904b985bd9	4			yes					-1	-1	-1	-1	
200	181	614973c42eb2a3ed	4			yes					-1	-1	-1	201	
201	200	390d6c64f38d1489	3			yes					202	203	-1	
202	201	bf275a4860ed4411	5			yes					-1	-1	-1	-1	-1	
203	201	8ec7319a15089189	5			yes					-1	-1	-1	-1	-1	
204	181	41ebf4302e6ad04c	4			yes					-1	-1	-1	205	
205	204	1339d23a6794ad8b	6			yes					-1	-1	-1	-1	-1	206	
206	205	08ecfc87f43466a2	5			yes					-1	-1	-1	-1	-1	
207	181	1a3d2a437fc2e6c2	4			yes					-1	-1	-1	-1	
208	180	75d5ceb2b93f2f09	4			yes					209	212	214	215	
209	208	2aba45fbd14a77ef	3			yes					210	211	-1	
210	209	0dff76362db77ab9	5			yes					-1	-1	-1	-1	-1	
211	209	9e7c66b73a2ecec0	5			yes					-1	-1	-1	-1	-1	
212	208	1025e84cae50e28c	3			yes					-1	213	-1	
213	212	af9c0d654fcb1b58	5			yes					-1	-1	-1	-1	-1	
214	208	f12361c5ec6f196d	3			yes					-1	-1	-1	
215	208	be6902c02a4aa307	3			yes					-1	-1	-1	
216	180	3d8b1ae84da18971	5			yes					217	230	238	242	243	
217	216	62e491a125d4d197	4			yes					218	222	224	226	
218	217	5d6f4861b68bf1d5	5			yes					-1	219	220	-1	221	
219	218	0ff03ba56374a6a8	4			yes					-1	-1	-1	-1	
220	218	1cddcb3c7a6fb677	4			yes					-1	-1	-1	-1	
221	218	5b2f3d3b3aad46a9	4			yes					-1	-1	-1	-1	
222	217	65b97a60ad8db1bc	5			yes					-1	-1	-1	-1	223	
223	222	d1dd6b32a2eaeb82	4			yes					-1	-1	-1	-1	
224	217	7543dde0e34bc61c	5			yes					-1	-1	-1	-1	225	
225	224	0bbac53be97ede7c	4			yes					-1	-1	-1	-1	
226	217	5098b5103f15d94b	3			yes					227	228	229	
227	226	07de4c44bafffa13	5			yes					-1	-1	-1	-1	-1	
228	226	b47bc14279250b8e	5			yes					-1	-1	-1	-1	-1	
229	226	eea1df463d5b9297	5			yes					-1	-1	-1	-1	-1	
230	216	587b3c165ace44f4	4			yes					-1	231	233	235	
231	230	545911b2d8686424	5			yes					-1	-1	-1	-1	232	
232	231	e03d00e0d70f3e1a	4			yes					-1	-1	-1	-1	
233	230	de96ddcd583b6df5	5			yes					-1	-1	-1	-1	234	
234	233	a06fc516520e7595	4			yes					-1	-1	-1	-1	
235	230	6a0718a7400f4c28	3			yes					-1	236	237	
236	235	859baa900cc0de16	5			yes					-1	-1	-1	-1	-1	
237	235	4574df6b862b397e	5			yes					-1	-1	-1	-1	-1	
238	216	b97db59f18f1bf15	4			yes					-1	-1	239	241	
239	238	3cb23274a318c803	5			yes					-1	-1	-1	-1	240	
240	239	88d62326ac7f923d	4			yes					-1	-1	-1	-1	
241	238	8b01912e0230b7c9	3			yes					-1	-1	-1	
242	216	8c152671308babdb	4			yes					-1	-1	-1	-1	
243	216	0ff73e59576081ad	4			yes					-1	-1	-1	-1	
244	0	02bcf041dc1db734	5			yes					-1	-1	-1	245	261	
245	244	ce20ec8099a4ab2e	5			yes					246	251	255	258	260	
246	245	914f67c9f1d1f3c8	4			yes					247	248	249	250	
247	246	1961d1a2605f0e8e	5			yes					-1	-1	-1	-1	-1	
248	246	1279000646c6bcc1	5			yes					-1	-1	-1	-1	-1	
249	246	47fa9af53bf1fda7	3			yes					-1	-1	-1	
250	246	133d208690e852d1	5			yes					-1	-1	-1	-1	-1	
251	245	abd0ca7e8ecb66ab	4			yes					-1	252	253	254	
252	251	23996bd433236959	5			yes					-1	-1	-1	-1	-1	
253	251	7d65374244eb68c4	3			yes					-1	-1	-1	
254	251	fbbefb42cb038c23	5			yes					-1	-1	-1	-1	-1	
255	245	fbe842ba1853fcfb	4			yes					-1	-1	256	257	
256	255	2d5dbf86d273f294	3			yes					-1	-1	-1	
257	255	b593ad64c8527130	5			yes					-1	-1	-1	-1	-1	
258	245	189511bc5384a541	4			yes					-1	-1	-1	259	
259	258	0f57038dfeedc2b6	3			yes					-1	-1	-1	
260	245	d9e2feb134cdccd9	4			yes					-1	-1	-1	-1	
261	244	2640422e30277761	5			yes					262	275	284	288	289	
262	261	792fc96758522f87	4			yes					263	267	270	272	
263	262	49f1eff5fb6385e2	5			yes					-1	264	265	-1	266	
264	263	98ad55593e9963d9	4			yes					-1	-1	-1	-1	
265	263	9f1e02546a6a0731	4			yes					-1	-1	-1	-1	
266	263	4fb19aaf7745329e	4			yes					-1	-1	-1	-1	
267	262	42e93e51ddfa37ad	5			yes					-1	-1	268	-1	269	
268	267	a857fc7b7f21ff44	4			yes					-1	-1	-1	-1	
269	267	44a94b0b51dc80d1	4			yes					-1	-1	-1	-1	
270	262	deb5ed66d716966c	5			yes					-1	-1	-1	-1	271	
271	270	6ad1fc34d871cc52	4			yes					-1	-1	-1	-1	
272	262	4b53edd64293275b	3			yes					273	274	-1	
273	272	1340ebd0f7178e24	5			yes					-1	-1	-1	-1	-1	
274	272	18583a74d18e3c6b	5			yes					-1	-1	-1	-1	-1	
275	261	43b064d02748bae4	4			yes					-1	276	280	282	
276	275	73095583a81fe235	5			yes					277	-1	278	-1	279	
277	276	e8ae497af9020ec3	4			yes					-1	-1	-1	-1	
278	276	99b797a90ac42adc	4			yes					-1	-1	-1	-1	
279	276	754920d924395549	4			yes					-1	-1	-1	-1	
280	275	8779cdd968cbbc7a	5			yes					-1	-1	-1	-1	281	
281	280	331ddc8b67ace644	4			yes					-1	-1	-1	-1	
282	275	71cc40613d89b238	3			yes					-1	283	-1	
283	282	29b851a6a46be9f3	5			yes					-1	-1	-1	-1	-1	
284	261	1388ec14b1d020b4	4			yes					-1	-1	285	287	
285	284	a283cafdfe6d5d89	5			yes					-1	-1	-1	-1	286	
286	285	16e7dbaff10a07b7	4			yes					-1	-1	-1	-1	
287	284	21f4c8a5ab112868	3			yes					-1	-1	-1	
288	261	3d2b273ce42cca6a	4			yes					-1	-1	-1	-1	
289	261	143c669f2ae67fbd	4			yes					-1	-1	-1	-1	
290	0	8e009c77a8024c44	5			yes					-1	-1	-1	-1	291	
291	290	539ac9022a165a64	4			yes					292	305	317	330	
292	291	be000273195079a4	5			yes					293	296	301	303	304	
293	292	f18bd9847c311630	4			yes					-1	-1	-1	294	
294	293	0ef1431c12520d89	6			yes					-1	-1	-1	-1	-1	295	
295	294	6fc88b9f7a21edca	5			yes					-1	-1	-1	-1	-1	
296	292	8bc8ac4998a72e71	4			yes					-1	297	-1	299	
297	296	b277dc66a1e0edd7	6			yes					-1	-1	-1	-1	-1	298	
298	297	0613cd34ae87b7e9	5			yes					-1	-1	-1	-1	-1	
299	296	6c00272ac8366f71	3			yes					-1	300	-1	
300	299	672a05b7c6f457aa	6			yes					-1	-1	-1	-1	-1	-1	
301	292	f21b612dcd820086	4			yes					-1	-1	-1	302	
302	301	15d3ea4e9d134186	3			yes					-1	-1	-1	
303	292	d1909df060d50063	4			yes					-1	-1	-1	-1	
304	292	59c8891049c138a4	4			yes					-1	-1	-1	-1	
305	291	53e17e3afc741c43	5			yes					306	310	313	315	316	
306	305	0c8ef573940144a5	4			yes					-1	307	-1	308	
307	306	fe63ebe1871ee754	5			yes					-1	-1	-1	-1	-1	
308	306	eb467e10c49005a5	3			yes					-1	309	-1	
309	308	6af836286a70b694	5			yes					-1	-1	-1	-1	-1	
310	305	9b2cfcf795b31903	4			yes					-1	-1	-1	311	
311	310	09fa69b88ed5c272	6			yes					-1	-1	-1	-1	-1	312	
312	311	68c3a13be6a62231	5			yes					-1	-1	-1	-1	-1	
313	305	1ffa1d6428a66561	4			yes					-1	-1	-1	314	
314	313	f832960778372461	3			yes					-1	-1	-1	
315	305	3c71e1b985f16584	4			yes					-1	-1	-1	-1	
316	305	b429f559ace55d43	4			yes					-1	-1	-1	-1	
317	291	36311620035e9bc0	5			yes					318	323	325	328	329	
318	317	695e9d696b2bc326	4			yes					319	-1	-1	321	
319	318	c61ff700acd25bbb	6			yes					-1	-1	-1	-1	-1	320	
320	319	727be652a3b50185	5			yes					-1	-1	-1	-1	-1	
321	318	8e96160a3bba8226	3			yes					322	-1	-1	
322	321	13422ed1cbc6e1c6	6			yes					-1	-1	-1	-1	-1	-1	
323	317	53c130de14315645	4			yes					-1	-1	-1	324	
324	323	b409bbbd44a01745	3			yes					-1	-1	-1	
325	317	b2c7b957560eada4	4			yes					-1	-1	-1	326	
326	325	3090d058d498b971	6			yes					-1	-1	-1	-1	-1	327	
327	326	51a918dbbceb5932	5			yes					-1	-1	-1	-1	-1	
328	317	59a189a37adbe207	4			yes					-1	-1	-1	-1	
329	317	d1f99d4353cfdac0	4			yes					-1	-1	-1	-1	
330	291	3f6df541adaeaa4b	5			yes					331	336	339	340	-1	
331	330	60027e08c5dbf2ad	4			yes					332	334	-1	-1	
332	331	d2815094e13a2f8c	6			yes					-1	-1	-1	-1	-1	333	
333	332	66e541c6ee5d75b2	5			yes					-1	-1	-1	-1	-1	
334	331	d9998130c7a39dc3	6			yes					-1	-1	-1	-1	-1	335	
335	334	6dfd9062c8c4c7fd	5			yes					-1	-1	-1	-1	-1	
336	330	5a9dd3bfbac167ce	4			yes					-1	337	-1	-1	
337	336	e879eae2b246485b	6			yes					-1	-1	-1	-1	-1	338	
338	337	5c1dfbb0bd211265	5			yes					-1	-1	-1	-1	-1	
339	330	0aa55b7b2c59fd9e	4			yes					-1	-1	-1	-1	
340	330	e9d8087d678ea424	4			yes					-1	-1	-1	-1	
341	0	f62d27fa7d997e77	5			yes					-1	-1	-1	-1	-1	
