Number of nodes
396
ID	PID	Hash_Value			File_Number	Fully_Enumerated	Children
0	-1	0a1d2eacd2f2461d	6			yes					1	42	78	116	154	287	
1	0	cc6d14f5b13fb69e	5			yes					2	14	32	38	41	
2	1	6292c40689ba8ea0	4			yes					3	5	7	11	
3	2	b91eb36a14dff3ce	4			yes					-1	-1	-1	4	
4	3	c9b35170d40ff096	3			yes					-1	-1	-1	
5	2	2ac2b662c94b89f6	4			yes					-1	6	-1	-1	
6	5	34cbb1225aba0b5f	3			yes					-1	-1	-1	
7	2	247c63e112beb317	5			yes					-1	8	9	-1	10	
8	7	3a7564a1814f31be	4			yes					-1	-1	-1	-1	
9	7	6dd01869f3a3399d	4			yes					-1	-1	-1	-1	
10	7	b54e1b847664601e	4			yes					-1	-1	-1	-1	
11	2	b7395449edc70dae	5			yes					-1	12	13	-1	-1	
12	11	a93053097e368f07	4			yes					-1	-1	-1	-1	
13	11	fe952fc10cda8724	4			yes					-1	-1	-1	-1	
14	1	3d467c7a4d928fed	4			yes					-1	15	26	30	
15	14	f9c2d35f8940d7e7	3			yes					16	17	21	
16	15	881871ff0606ca50	4			yes					-1	-1	-1	-1	
17	15	5ef03e754192f9b4	5			yes					18	19	-1	-1	20	
18	17	01c0f780bd3c78f0	4			yes					-1	-1	-1	-1	
19	17	8d106eca487c258e	4			yes					-1	-1	-1	-1	
20	17	cfc2461025482abd	4			yes					-1	-1	-1	-1	
21	15	cdb509ddbeeb470d	5			yes					22	23	-1	24	-1	
22	21	9285c0284245c649	4			yes					-1	-1	-1	-1	
23	21	1e555962b7059b37	4			yes					-1	-1	-1	-1	
24	21	94f9222eacbd91fb	4			yes					-1	-1	-1	-1	
25	21	76a6005a58b7a584	4			yes					-1	-1	-1	-1	
26	14	691c9e1a6c8c2fa1	3			yes					27	-1	28	
27	26	7966c5a1bb179c04	4			yes					-1	-1	-1	-1	
28	26	085a080a59e9d05a	5			yes					-1	-1	-1	-1	29	
29	28	30e22be99e8df317	4			yes					-1	-1	-1	-1	
30	14	3e219db6dd49c078	3			yes					31	-1	-1	
31	30	72a058f73253121f	4			yes					-1	-1	-1	-1	
32	1	08e9bbd075edee94	4			yes					-1	-1	33	36	
33	32	5cb359b054f34ed8	3			yes					34	-1	35	
34	33	feb3e7f1a5d29bee	4			yes					-1	-1	-1	-1	
35	33	9bd1cd7ac3ab1fb8	5			yes					-1	-1	-1	-1	-1	
36	32	0b8e5a1ce536a101	3			yes					37	-1	-1	
37	36	14d073c54aa4aa91	4			yes					-1	-1	-1	-1	
38	1	9837f695902116d2	4			yes					-1	-1	-1	39	
39	38	9b50175900fa5947	3			yes					40	-1	-1	
40	39	ba5606bdb99bd02d	5			yes					-1	-1	-1	-1	-1	
41	1	cf0af53921e4f90b	4			yes					-1	-1	-1	-1	
42	0	c7cfc37ea10ed1a2	5			yes					43	58	68	74	77	
43	42	2311d4ab3131d047	4			yes					44	46	52	56	
44	43	b5980388ed2411b8	4			yes					-1	-1	-1	45	
45	44	c535e1922df412e0	3			yes					-1	-1	-1	
46	43	e7957b8ef5e3884d	3			yes					47	49	50	
47	46	b06c58b0eba5067a	4			yes					-1	-1	48	-1	
48	47	593a70f12e154853	3			yes					-1	-1	-1	
49	46	c064519c44001f53	4			yes					-1	-1	-1	-1	
50	46	d65ccd91009228e9	5			yes					-1	-1	-1	-1	51	
51	50	32bd78d6cc344236	4			yes					-1	-1	-1	-1	
52	43	774b36cb102f700b	3			yes					53	-1	54	
53	52	d7819f233da8fbf7	4			yes					-1	-1	-1	-1	
54	52	74b375755a47969a	5			yes					-1	-1	-1	-1	55	
55	54	d7161455d66df9d3	4			yes					-1	-1	-1	-1	
56	43	20763567a1ea9fd2	3			yes					57	-1	-1	
57	56	7e26e815cba8f069	4			yes					-1	-1	-1	-1	
58	42	7767bb5ce528b636	4			yes					-1	59	61	65	
59	58	ea34b199789c350c	4			yes					60	-1	-1	-1	
60	59	c59954be73a65741	3			yes					-1	-1	-1	
61	58	e48a641aa3690fed	5			yes					62	-1	63	-1	64	
62	61	cb27813da8536da0	4			yes					-1	-1	-1	-1	
63	61	ad261f9242748567	4			yes					-1	-1	-1	-1	
64	61	75b81c7fc7b3dce4	4			yes					-1	-1	-1	-1	
65	58	77cf53b25c10b154	5			yes					66	-1	67	-1	-1	
66	65	5862b695572ad319	4			yes					-1	-1	-1	-1	
67	65	3e63283abd0d3bde	4			yes					-1	-1	-1	-1	
68	42	034b6c5b65dc89a8	4			yes					-1	-1	69	72	
69	68	57118e3b44c229e4	3			yes					-1	70	71	
70	69	3e45e00a14052714	4			yes					-1	-1	-1	-1	
71	69	8310272b6d676097	5			yes					-1	-1	-1	-1	-1	
72	68	002c8d97f507c63d	3			yes					-1	73	-1	
73	72	d426743efb73166b	4			yes					-1	-1	-1	-1	
74	42	9395211e801071ee	4			yes					-1	-1	-1	75	
75	74	90f2c0d210cb3e7b	3			yes					-1	76	-1	
76	75	7aa00146084c6cd7	5			yes					-1	-1	-1	-1	-1	
77	42	c4a822b231d59e37	4			yes					-1	-1	-1	-1	
78	0	b93251f5b5c7b2ff	5			yes					79	97	106	112	115	
79	78	5dec462025f8b31a	4			yes					80	88	90	95	
80	79	4b2b757a09d2e449	3			yes					-1	81	84	
81	80	b350821437a3b0d7	5			yes					-1	-1	82	-1	83	
82	81	fafcf99cd6be3a5d	4			yes					-1	-1	-1	-1	
83	81	2262fa71537963de	4			yes					-1	-1	-1	-1	
84	80	2015b5bcc8da0e6e	5			yes					-1	-1	85	-1	-1	
85	84	69b9ce3429c784e4	4			yes					-1	-1	-1	-1	
86	84	79599e4fda8cd898	4			no					-1	-1	-2	-1	
87	84	9b06bc3b2e86ece7	4			yes					-1	-1	-1	-1	
88	79	9e04f02f1d6f5999	4			yes					-1	-1	-1	89	
89	88	eea91235ddbf5ac1	3			yes					-1	-1	-1	
90	79	09b6a44004e61356	3			yes					-1	91	92	
91	90	58765eddc891b07a	4			yes					-1	-1	-1	-1	
92	90	5742ad4aa2a57dc3	5			yes					-1	-1	93	-1	94	
93	92	1eeed6c243b8f749	4			yes					-1	-1	-1	-1	
94	92	f4e7cc6a2e8f128a	4			yes					-1	-1	-1	-1	
95	79	5e8ba7ecb523fc8f	3			yes					-1	96	-1	
96	95	55ba1bb23be3b848	4			yes					-1	-1	-1	-1	
97	78	aff562af99ede5ac	4			yes					-1	98	100	104	
98	97	68bab13abc5c8a0c	4			yes					99	-1	-1	-1	
99	98	4717541db766e841	3			yes					-1	-1	-1	
100	97	fbaf80cfb8f345e0	3			yes					-1	101	102	
101	100	155213e79a98869b	4			yes					-1	-1	-1	-1	
102	100	6e0b6bfee8b9d1ea	5			yes					-1	-1	-1	-1	103	
103	102	56b3481d2fddf2a7	4			yes					-1	-1	-1	-1	
104	97	ac9283630936aa39	3			yes					-1	105	-1	
105	104	3dc02f6821a29f08	4			yes					-1	-1	-1	-1	
106	78	a52427230dd0b96f	4			yes					-1	-1	107	110	
107	106	2e6d12a7b6061abd	5			yes					-1	108	-1	-1	109	
108	107	fd8d4218bfe8c687	4			yes					-1	-1	-1	-1	
109	107	bf5f6ac2d2dcc9b4	4			yes					-1	-1	-1	-1	
110	106	bd28250f497fa404	5			yes					-1	111	-1	-1	-1	
111	110	6ec875b04091783e	4			yes					-1	-1	-1	-1	
112	78	ed68b39594d912b3	4			yes					-1	-1	-1	113	
113	112	ee0f525904025d26	3			yes					-1	-1	114	
114	113	b04777fb1d237987	5			yes					-1	-1	-1	-1	-1	
115	78	ba55b039251cfd6a	4			yes					-1	-1	-1	-1	
116	0	c9d65127eb5983b8	5			yes					117	131	144	151	153	
117	116	2d0846f27b66825d	4			yes					118	125	128	129	
118	117	3bcf75a8574cd50e	3			yes					119	121	122	
119	118	87e853132ff8de01	4			yes					-1	120	-1	-1	
120	119	f156e9846e231c39	3			yes					-1	-1	-1	
121	118	481babb21dd0750f	4			yes					-1	-1	-1	-1	
122	118	13554af3c21fdfde	5			yes					-1	123	-1	-1	124	
123	122	0d5c4db351ee5d77	4			yes					-1	-1	-1	-1	
124	122	a846437424433d57	4			yes					-1	-1	-1	-1	
125	117	dc232e7d87cbbb2e	3			yes					-1	126	127	
126	125	ae8b4f6407afb00e	4			yes					-1	-1	-1	-1	
127	125	f25031a2b78cd5e2	4			yes					-1	-1	-1	-1	
128	117	011fc33fdf6faf45	4			yes					-1	-1	-1	-1	
129	117	2e6fa73eebbdcdc8	3			yes					-1	-1	130	
130	129	ca48561fc480dedd	4			yes					-1	-1	-1	-1	
131	116	df11627dc773d4eb	4			yes					-1	132	138	141	
132	131	2e3a0af23bdeed98	3			yes					-1	133	134	
133	132	88edac49ac07c9f5	4			yes					-1	-1	-1	-1	
134	132	d3a34d0873c86324	5			yes					135	-1	-1	136	137	
135	134	fc0ea82f78f20169	4			yes					-1	-1	-1	-1	
136	134	8aef66fb619eb5d2	4			yes					-1	-1	-1	-1	
137	134	68b0448f959481ad	4			yes					-1	-1	-1	-1	
138	131	ed9d9af8427cec3e	5			yes					-1	-1	-1	-1	140	
139	138	c2307fdf49468e73	4			no					-1	-1	-1	-2	
140	138	97f1d5988cffc7d9	4			yes					-1	-1	-1	-1	
141	131	dc7683b157a89b7e	3			yes					-1	-1	142	
142	141	94b1f00bc8090d05	5			yes					-1	-1	-1	-1	143	
143	142	7050454c04af67da	4			yes					-1	-1	-1	-1	
144	116	38fd39a817f4bacb	4			yes					-1	-1	145	149	
145	144	25b72159cd000af4	5			yes					146	147	-1	-1	148	
146	145	0a1ac47ec63a68b9	4			yes					-1	-1	-1	-1	
147	145	f65771e6c4eed6ce	4			yes					-1	-1	-1	-1	
148	145	1c05f3452328c2d6	4			yes					-1	-1	-1	-1	
149	144	3b9ad864872ff55e	3			yes					-1	-1	150	
150	149	e8537839ef28e013	5			yes					-1	-1	-1	-1	-1	
151	116	0055adccd0632050	4			yes					-1	-1	-1	152	
152	151	7dc281ff6fca8b12	5			yes					-1	-1	-1	-1	-1	
153	116	cab1b0eb7b82cc2d	4			yes					-1	-1	-1	-1	
154	0	806585197425c831	5			yes					155	167	180	193	224	
155	154	a9de3e93155516cc	4			yes					156	159	166	-1	
156	155	0721ee602dd02ef2	3			yes					157	158	-1	
157	156	1867d0a6ef2cf5ba	4			yes					-1	-1	-1	-1	
158	156	5ee74c0ed2327727	5			yes					-1	-1	-1	-1	-1	
159	155	58f5561ce9f82fbf	3			yes					-1	160	165	
160	159	7430914a4c8220ed	5			yes					161	162	-1	163	164	
161	160	2b0058bfb02ca1a9	4			yes					-1	-1	-1	-1	
162	160	a7d0c1f5456cfcd7	4			yes					-1	-1	-1	-1	
163	160	fc77261a64972b4b	4			yes					-1	-1	-1	-1	
164	160	a7ad9cf962f478d4	4			yes					-1	-1	-1	-1	
165	159	98ce85bb5974bb05	5			yes					-1	-1	-1	-1	-1	
166	155	6d5a91b6d1874ec6	3			yes					-1	-1	-1	
167	154	a27ce918056471f0	4			yes					168	176	179	-1	
168	167	46a2fecd955b7015	3			yes					169	170	175	
169	168	02d12cb9cfebe31a	4			yes					-1	-1	-1	-1	
170	168	57cf07d261d25124	5			yes					171	172	-1	173	174	
171	170	de1ed2d2119cee6e	4			yes					-1	-1	-1	-1	
172	170	28f012c3b260105e	4			yes					-1	-1	-1	-1	
173	170	f8d4ac2b315a8ea8	4			yes					-1	-1	-1	-1	
174	170	2762e5c8a102527c	4			yes					-1	-1	-1	-1	
175	168	9ffa2f9769e13e6b	5			yes					-1	-1	-1	-1	-1	
176	167	12d4913a41421664	3			yes					-1	177	-1	
177	176	9e114bf563e5cbdd	5			yes					-1	-1	-1	178	-1	
178	177	310ae00c336d1451	4			yes					-1	-1	-1	-1	
179	167	66f8463dc1b629fa	3			yes					-1	-1	-1	
180	154	dc817b9311ad12ad	4			yes					181	189	192	-1	
181	180	385f6c4681921348	3			yes					182	187	188	
182	181	99902d2b3ab3698e	5			yes					-1	183	184	185	-1	
183	182	10b5cb9e8c5fe8e7	4			yes					-1	-1	-1	-1	
184	182	d03c56a3dbaee304	4			yes					-1	-1	-1	-1	
185	182	11d79a7b12a66228	4			yes					-1	-1	-1	-1	
186	182	4a0d209814c531b7	4			no					-1	-2	-2	-2	
187	181	511e1554643d8650	4			yes					-1	-1	-1	-1	
188	181	bc0bf7a89103d532	5			yes					-1	-1	-1	-1	-1	
189	180	ca4648c93d8745fe	3			yes					-1	190	191	
190	189	3bad8bcfb3d0d077	5			yes					-1	-1	-1	-1	-1	
191	189	249e83c5c8245312	5			yes					-1	-1	-1	-1	-1	
192	180	c0970d45a9ba193d	3			yes					-1	-1	-1	
193	154	194d4a172cc133f6	5			yes					194	207	215	222	223	
194	193	fd935dc2bcfe3213	4			yes					195	200	204	205	
195	194	aad0d2643076b83e	5			yes					-1	196	197	198	199	
196	195	b4d9d524a3873a97	4			yes					-1	-1	-1	-1	
197	195	4710b756feb3e0c4	4			yes					-1	-1	-1	-1	
198	195	229765341863b398	4			yes					-1	-1	-1	-1	
199	195	794ddfd71e00e007	4			yes					-1	-1	-1	-1	
200	194	32341e4e1ac1dcd5	5			yes					-1	-1	201	202	203	
201	200	733879b445b31e2f	4			yes					-1	-1	-1	-1	
202	200	9d2fb5b74a490359	4			yes					-1	-1	-1	-1	
203	200	4299fc54da11df8d	4			yes					-1	-1	-1	-1	
204	194	fcdfc93eb4976cf6	4			yes					-1	-1	-1	-1	
205	194	79d569e5763665f7	5			yes					-1	-1	-1	-1	-1	
206	205	94150cd7b8f33d0d	4			no					-1	-2	-2	-2	
207	193	0f8a794d00eb64a5	4			yes					-1	208	213	214	
208	207	6a26d59f81a104c4	5			yes					209	-1	210	211	212	
209	208	458b30b88a9b6689	4			yes					-1	-1	-1	-1	
210	208	87e6b0ad4f645c3e	4			yes					-1	-1	-1	-1	
211	208	e26162cfa9b40f62	4			yes					-1	-1	-1	-1	
212	208	b9bbd82cafd75cfd	4			yes					-1	-1	-1	-1	
213	207	9d62a557b0294f7a	5			yes					-1	-1	-1	-1	-1	
214	207	ae86c23c48ddae11	5			yes					-1	-1	-1	-1	-1	
215	193	e8662298d06c0a85	4			yes					-1	-1	216	217	
216	215	3412de7b022838ef	5			yes					-1	-1	-1	-1	-1	
217	215	63319dac637a9342	6			yes					218	219	-1	220	-1	221	
218	217	4c9c788b6840f10f	5			yes					-1	-1	-1	-1	-1	
219	217	b0d1cd136a944f78	5			yes					-1	-1	-1	-1	-1	
220	217	223dfa563c0851b8	5			yes					-1	-1	-1	-1	-1	
221	217	daf80cec5083e27a	5			yes					-1	-1	-1	-1	-1	
222	193	9263b50935cac5c7	4			yes					-1	-1	-1	-1	
223	193	881cb31e59b399f4	4			yes					-1	-1	-1	-1	
224	154	f0c7b98df326d62f	6			yes					225	251	270	281	284	286	
225	224	1419ae586319d7ca	5			yes					226	232	238	243	244	
226	225	5670183a893ca6d1	6			yes					-1	227	228	229	230	231	
227	226	48791f7a1acd2478	5			yes					-1	-1	-1	-1	-1	
228	226	1fdc63b268212c5b	5			yes					-1	-1	-1	-1	-1	
229	226	de37af6aa129ad77	5			yes					-1	-1	-1	-1	-1	
230	226	ae5b6824f7ab38a5	5			yes					-1	-1	-1	-1	-1	
231	226	250ab1734f4fac03	5			yes					-1	-1	-1	-1	-1	
232	225	c69cf38f9816cfec	6			yes					-1	-1	233	234	236	237	
233	232	b3d988e59be178ab	5			yes					-1	-1	-1	-1	-1	
234	232	69875876c89e1060	5			yes					-1	-1	-1	-1	235	
235	234	e8f6a9b154c747cb	4			yes					-1	-1	-1	-1	
236	232	7e2166d4d1e0cd94	5			yes					-1	-1	-1	-1	-1	
237	232	47ed0248044f9847	5			yes					-1	-1	-1	-1	-1	
238	225	5e82a20505f2fbe6	6			yes					-1	-1	-1	239	241	242	
239	238	f19909fc557a246a	5			yes					-1	-1	-1	-1	240	
240	239	70e8f83bc92373c1	4			yes					-1	-1	-1	-1	
241	238	e63f375e4c04f99e	5			yes					-1	-1	-1	-1	-1	
242	238	dff353c299abac4d	5			yes					-1	-1	-1	-1	-1	
243	225	3eedf7ee9769ad59	4			yes					-1	-1	-1	-1	
244	225	099cad46e0254cb9	4			yes					245	247	249	-1	
245	244	d49d79e1d69530c0	6			yes					-1	-1	-1	-1	246	-1	
246	245	2cb609ffa802aeb4	5			yes					-1	-1	-1	-1	-1	
247	244	a8f696e41de7fa90	6			yes					-1	-1	-1	248	-1	-1	
248	247	07ed3d1d4d6f251c	5			yes					-1	-1	-1	-1	-1	
249	244	30e8c76e8003ce9a	6			yes					-1	-1	-1	250	-1	-1	
250	249	9ff36c97d08b1116	5			yes					-1	-1	-1	-1	-1	
251	224	e6008ad7df0c817c	5			yes					-1	252	258	264	265	
252	251	96861fc138eb1a2b	6			yes					253	-1	254	-1	256	257	
253	252	b92bfae633d17866	5			yes					-1	-1	-1	-1	-1	
254	252	df2a6449d9f690a1	5			yes					-1	-1	-1	-1	-1	
255	252	1ec1a89110fe118d	5			no					-1	-1	-1	-2	-2	
256	252	6ead6fdf467c845f	5			yes					-1	-1	-1	-1	-1	
257	252	e5fcb688fe9810f9	5			yes					-1	-1	-1	-1	-1	
258	251	bae0a2649ca60039	6			yes					259	-1	-1	260	-1	263	
259	258	954d4743979c6274	5			yes					-1	-1	-1	-1	-1	
260	258	15fb099dcc2edfb5	5			yes					-1	-1	-1	-1	261	
261	260	948af85a5077881e	4			yes					-1	-1	-1	-1	
262	258	025d373fd5500241	5			no					-1	-1	-1	-1	-2	
263	258	3b9153a300ff5792	5			yes					-1	-1	-1	-1	-1	
264	251	ccf4d3612b7cfbef	4			yes					-1	-1	-1	-1	
265	251	fb8589c95c301a0f	4			yes					-1	266	268	-1	
266	265	146b7e1a67428c3a	6			yes					-1	-1	-1	-1	267	-1	
267	266	ec400e0419d5124e	5			yes					-1	-1	-1	-1	-1	
268	265	d48ac70f19573545	6			yes					-1	-1	-1	269	-1	-1	
269	268	7b916cf649dfeac9	5			yes					-1	-1	-1	-1	-1	
270	224	01ecd1020f8bef5c	5			yes					-1	-1	271	277	278	
271	270	5c61697c2d840f7b	6			yes					272	273	-1	274	275	276	
272	271	73cc8c5b26be6d36	5			yes					-1	-1	-1	-1	-1	
273	271	8f8139c3246ad341	5			yes					-1	-1	-1	-1	-1	
274	271	d426de2c059104dd	5			yes					-1	-1	-1	-1	-1	
275	271	a44a19625313910f	5			yes					-1	-1	-1	-1	-1	
276	271	2f1bc035ebf705a9	5			yes					-1	-1	-1	-1	-1	
277	270	2b1888b4fbfb95cf	4			yes					-1	-1	-1	-1	
278	270	1c69d21c8cb7742f	4			yes					-1	-1	279	-1	
279	278	de8c08a7722d996a	6			yes					-1	-1	-1	-1	280	-1	
280	279	26a778b90cba071e	5			yes					-1	-1	-1	-1	-1	
281	224	344316a837f48e25	5			yes					-1	-1	-1	282	283	
282	281	1eb74f1ec384f4b6	4			yes					-1	-1	-1	-1	
283	281	29c615b6b4c81556	4			yes					-1	-1	-1	-1	
284	224	da33e03b0756acbc	5			yes					-1	-1	-1	-1	285	
285	284	c7b6e325846a37cf	4			yes					-1	-1	-1	-1	
286	224	ed42ba93701a4d5c	5			yes					-1	-1	-1	-1	-1	
287	0	c765a3892c7e3bf0	5			yes					288	319	342	366	-1	
288	287	3dd0aeac7a71d6c2	5			yes					289	294	308	318	-1	
289	288	932f7e5f42f4eefc	4			yes					290	292	293	-1	
290	289	f07f35ec01a0a545	5			yes					-1	-1	-1	-1	291	
291	290	710ec42b9df9f2ee	4			yes					-1	-1	-1	-1	
292	289	c78bdbf131535826	5			yes					-1	-1	-1	-1	-1	
293	289	530386a2f4ed3ed2	5			yes					-1	-1	-1	-1	-1	
294	288	ccfbc62386dcefb1	4			yes					-1	295	304	-1	
295	294	4f6a64c68d18f057	6			yes					296	298	-1	300	302	303	
296	295	105aad3371b67113	5			yes					-1	-1	-1	-1	297	
297	296	912b5cf4edef26b8	4			yes					-1	-1	-1	-1	
298	295	9c8a347984f62c6d	5			yes					-1	-1	-1	-1	299	
299	298	1dfbc5be18af7bc6	4			yes					-1	-1	-1	-1	
300	295	16264f359f4e26a1	5			yes					-1	-1	-1	-1	301	
301	300	9757bef20317710a	4			yes					-1	-1	-1	-1	
302	295	f7d7f19dc4eef22f	5			yes					-1	-1	-1	-1	-1	
303	295	ce1b95011141a7fc	5			yes					-1	-1	-1	-1	-1	
304	294	811709750f147c45	5			yes					305	306	-1	-1	307	
305	304	de27c080f3bafd01	4			yes					-1	-1	-1	-1	
306	304	52f759ca06faa07f	4			yes					-1	-1	-1	-1	
307	304	f26da03cc9677697	4			yes					-1	-1	-1	-1	
308	288	f9540189bea38ec8	4			yes					-1	-1	309	-1	
309	308	0a82446c3862b7fb	6			yes					310	312	314	-1	315	316	
310	309	55b28d99c4cc36bf	5			yes					-1	-1	-1	-1	-1	
311	310	d4c37c5e58956114	4			yes					-1	-1	-1	-1	
312	309	d96214d3318c6bc1	5			yes					-1	-1	-1	-1	313	
313	312	5813e514add53c6a	4			yes					-1	-1	-1	-1	
314	309	148b432cab933552	5			yes					-1	-1	-1	-1	-1	
315	309	bdfba879aba1cebd	5			yes					-1	-1	-1	-1	-1	
316	309	8bf3b5aba43be050	5			yes					-1	-1	-1	-1	-1	
317	316	95fab2eb37ca62f9	4			no					-1	-2	-1	-1	
318	288	698a4ccc5b6f768e	4			yes					-1	-1	-1	-1	
319	287	367279276a40b1fe	5			yes					320	330	333	341	-1	
320	319	d2ac6ef2fa7fb01b	4			yes					321	323	328	-1	
321	320	fcf9850ef85b4733	5			yes					-1	-1	-1	-1	322	
322	321	7d8874c964021098	4			yes					-1	-1	-1	-1	
323	320	415fea37e524ed68	5			yes					324	325	-1	326	327	
324	323	c88e3f37956a5222	4			yes					-1	-1	-1	-1	
325	323	3e60ff263696ac12	4			yes					-1	-1	-1	-1	
326	323	f5583a3d38dba90e	4			yes					-1	-1	-1	-1	
327	323	3225437e2357e7ba	4			yes					-1	-1	-1	-1	
328	320	9de6f56a17317865	5			yes					-1	-1	-1	-1	329	
329	328	ee9c5c23d14272b7	4			yes					-1	-1	-1	-1	
330	319	86da01052e66d66a	4			yes					-1	331	332	-1	
331	330	077ddc0a8084e4dc	5			yes					-1	-1	-1	-1	-1	
332	330	93f58159453a8228	5			yes					-1	-1	-1	-1	-1	
333	319	f2f6d602ae92e9f4	4			yes					-1	-1	334	-1	
334	333	1243ae3d96aec8d4	6			yes					335	336	337	-1	339	340	
335	334	3dee4b1a9d94aa99	5			yes					-1	-1	-1	-1	-1	
336	334	a9ff3801c61888c8	5			yes					-1	-1	-1	-1	-1	
337	334	0c4aa97d055f4a7d	5			yes					-1	-1	-1	-1	338	
338	337	8d3b58ba99061dd6	4			yes					-1	-1	-1	-1	
339	334	a53a4228056db192	5			yes					-1	-1	-1	-1	-1	
340	334	93325ffa0af79f7f	5			yes					-1	-1	-1	-1	-1	
341	319	62289b474b5e11b2	4			yes					-1	-1	-1	-1	
342	287	488febac7e89d2a3	5			yes					343	357	363	365	-1	
343	342	ac51fc79eeb6d346	4			yes					344	352	354	-1	
344	343	a2cad8a7fb29b934	6			yes					-1	345	347	349	350	351	
345	344	2bef3e124dc5385d	5			yes					-1	-1	-1	-1	346	
346	345	aa9ecfd5d19c6ff6	4			yes					-1	-1	-1	-1	
347	344	eb66a32f1a3433be	5			yes					-1	-1	-1	-1	348	
348	347	6a1752e8866d6415	4			yes					-1	-1	-1	-1	
349	344	fb86f354e97f6fc2	5			yes					-1	-1	-1	-1	-1	
350	344	1a774dfcb2dfbb4c	5			yes					-1	-1	-1	-1	-1	
351	344	23bb29606770ee9f	5			yes					-1	-1	-1	-1	-1	
352	343	d76576a908100f12	5			yes					-1	-1	-1	-1	353	
353	352	5614876e944958b9	4			yes					-1	-1	-1	-1	
354	343	be172d55efd3933c	5			yes					-1	-1	355	-1	356	
355	354	f7bb56dd0ece19b6	4			yes					-1	-1	-1	-1	
356	354	cd6d841c29a099ee	4			yes					-1	-1	-1	-1	
357	342	5e48d8f652a385f0	4			yes					-1	358	360	-1	
358	357	67976445878cf7ef	5			yes					-1	-1	-1	-1	359	
359	358	e6e695821bd5a044	4			yes					-1	-1	-1	-1	
360	357	925f4e27e25a849e	5			yes					361	-1	-1	-1	362	
361	360	bdf2ab00e960e6d3	4			yes					-1	-1	-1	-1	
362	360	e125e76e24298e4c	4			yes					-1	-1	-1	-1	
363	342	54999d7ac69ed933	4			yes					-1	-1	364	-1	
364	363	5912f7e450559778	5			yes					-1	-1	-1	-1	-1	
365	342	1cd509cc5f9772ef	4			yes					-1	-1	-1	-1	
366	287	386beb7e2017e3e4	5			yes					367	381	393	395	-1	
367	366	dcb5fcabb028e201	4			yes					368	377	379	-1	
368	367	918a27e8f1ec6884	6			yes					-1	369	371	373	375	376	
369	368	8f8320a8621dea2d	5			yes					-1	-1	-1	-1	370	
370	369	0ef2d16ffe44bd86	4			yes					-1	-1	-1	-1	
371	368	7c4a42da3f29307e	5			yes					-1	-1	-1	-1	372	
372	371	fd3bb31da37067d5	4			yes					-1	-1	-1	-1	
373	368	c8c60c1be3babe72	5			yes					-1	-1	-1	-1	374	
374	373	49b7fddc7fe3e9d9	4			yes					-1	-1	-1	-1	
375	368	2937b2b3b81a6afc	5			yes					-1	-1	-1	-1	-1	
376	368	10fbd62f6db53f2f	5			yes					-1	-1	-1	-1	-1	
377	367	da1a232a300c77b1	5			yes					-1	-1	-1	-1	378	
378	377	5b6bd2edac55201a	4			yes					-1	-1	-1	-1	
379	367	35f33f3cdbfded1e	5			yes					-1	-1	-1	-1	380	
380	379	b482cefb47a4bab5	4			yes					-1	-1	-1	-1	
381	366	2eacd8240c3db4b7	4			yes					-1	382	391	-1	
382	381	517c2013403bd47e	6			yes					383	-1	385	387	388	389	
383	382	7ed1c5344b01b633	5			yes					-1	-1	-1	-1	384	
384	383	ffa034f3d758e198	4			yes					-1	-1	-1	-1	
385	382	bcbc45218efe8c84	5			yes					-1	-1	-1	-1	386	
386	385	3dcdb4e612a7db2f	4			yes					-1	-1	-1	-1	
387	382	08300be0526d0288	5			yes					-1	-1	-1	-1	-1	
388	382	e9c1b54809cdd606	5			yes					-1	-1	-1	-1	-1	
389	382	d00dd1d4dc6283d5	5			yes					-1	-1	-1	390	-1	
390	389	8941fa27ce345523	4			yes					-1	-1	-1	-1	
391	381	65e1fb4a9cc31c96	5			yes					-1	-1	-1	-1	392	
392	391	e4900a8d009a4b3d	4			yes					-1	-1	-1	-1	
393	366	c94083f1dcbada97	4			yes					-1	-1	394	-1	
394	393	3c1e2c4e97d7c598	5			yes					-1	-1	-1	-1	-1	
395	366	f1e817951b2d400c	4			yes					-1	-1	-1	-1	
