Number of nodes
601
ID	PID	Hash_Value			File_Number	Fully_Enumerated	Children
0	-1	2110aaa8c38c0ad8	6			yes					1	195	331	453	551	600	
1	0	b4ef7e941f78d6b5	5			yes					2	73	105	136	159	
2	1	ba091fe45fe1f5d2	5			yes					3	18	40	61	72	
3	2	32db31cffaeae1eb	4			yes					4	6	9	14	
4	3	9392d862a989f372	5			yes					-1	-1	-1	-1	5	
5	4	ca54177195b77e9c	4			yes					-1	-1	-1	-1	
6	3	65e68bb33dec5f79	5			yes					-1	7	-1	-1	8	
7	6	9a4944390c6ba1cf	4			yes					-1	-1	-1	-1	
8	6	33e0f6edcb678eed	4			yes					-1	-1	-1	-1	
9	3	89939ac4e2e0889e	3			yes					10	11	12	
10	9	1f6550eec3ed48e1	4			yes					-1	-1	-1	-1	
11	9	4b84759496c1888e	4			yes					-1	-1	-1	-1	
12	9	a526dff42202406e	5			yes					-1	-1	-1	-1	13	
13	12	c46debb8e9d3defe	4			yes					-1	-1	-1	-1	
14	3	24ee59a1ba8acf1d	3			yes					15	16	-1	
15	14	808491889bff3297	4			yes					-1	-1	-1	-1	
16	14	4cd8450762e65c7c	5			yes					-1	-1	-1	-1	17	
17	16	2d93714ba937c2ec	4			yes					-1	-1	-1	-1	
18	2	4a9d3bad40d9b81a	4			yes					-1	19	26	33	
19	18	83434cb6fdc28c68	5			yes					20	22	23	24	25	
20	19	9fe9b1a588e003d9	4			yes					21	-1	-1	-1	
21	20	fcdcf3a0f8139bb6	3			yes					-1	-1	-1	
22	19	e0760eb38d311407	4			yes					-1	-1	-1	-1	
23	19	8b20595dd502c8ef	4			yes					-1	-1	-1	-1	
24	19	2d9d64f711e769c7	4			yes					-1	-1	-1	-1	
25	19	d92282bcc134b6f6	4			yes					-1	-1	-1	-1	
26	18	88687ff3bcc1532c	5			yes					27	29	30	31	32	
27	26	94c282e0c9e3dc9d	4			yes					28	-1	-1	-1	
28	27	f7f7c0e5b91044f2	3			yes					-1	-1	-1	
29	26	eb5d3df6cc32cb43	4			yes					-1	-1	-1	-1	
30	26	9ff6af691450305f	4			yes					-1	-1	-1	-1	
31	26	4f9767dfa0fea098	4			yes					-1	-1	-1	-1	
32	26	affe77a0b17f8719	4			yes					-1	-1	-1	-1	
33	18	1789be95e4d3295a	5			yes					34	36	37	38	39	
34	33	0b23438691f1a6eb	4			yes					35	-1	-1	-1	
35	34	68160183e1023e84	3			yes					-1	-1	-1	
36	33	74bcfc909420b135	4			yes					-1	-1	-1	-1	
37	33	00176e0f4c424a29	4			yes					-1	-1	-1	-1	
38	33	ef6ad4842a9a73f8	4			yes					-1	-1	-1	-1	
39	33	90e2059d63092e0f	4			yes					-1	-1	-1	-1	
40	2	d53bc907e2591e72	4			yes					-1	-1	41	48	
41	40	dc895a89e9ed9343	5			yes					42	44	45	46	47	
42	41	c023a79a9ccf1cf2	4			yes					43	-1	-1	-1	
43	42	a316e59fec3c849d	3			yes					-1	-1	-1	
44	41	bfbc188c991e0b2c	4			yes					-1	-1	-1	-1	
45	41	23269503d86a6df5	4			yes					-1	-1	-1	-1	
46	41	a7a678cf39e83d5d	4			yes					-1	-1	-1	-1	
47	41	fb1f52dae4534776	4			yes					-1	-1	-1	-1	
48	40	dbd56a1a1dca47b1	6			yes					49	53	56	-1	58	60	
49	48	c77f970968e8c800	5			yes					50	51	-1	-1	52	
50	49	a44ad50c181b506f	4			yes					-1	-1	-1	-1	
51	49	38d05883596f36b6	4			yes					-1	-1	-1	-1	
52	49	a634a345a3395690	4			yes					-1	-1	-1	-1	
53	48	b8e0281f6d39dfde	5			yes					-1	54	-1	-1	55	
54	53	474fe7955cbe2168	4			yes					-1	-1	-1	-1	
55	53	d9ab1c53a6e8414e	4			yes					-1	-1	-1	-1	
56	48	247aa5902c4db907	5			yes					-1	-1	-1	-1	57	
57	56	453191dce79c2797	4			yes					-1	-1	-1	-1	
58	48	db4a0e74a3752500	5			yes					-1	-1	-1	-1	59	
59	58	ba013a3868a4bb90	4			yes					-1	-1	-1	-1	
60	48	ba9e5e56d61bd921	5			yes					-1	-1	-1	-1	-1	
61	2	0141b4ef47eb9ca7	4			yes					-1	-1	-1	62	
62	61	322bf0e95d2e5ba3	6			yes					63	65	67	69	-1	71	
63	62	2e810dfa280cd412	5			yes					-1	-1	-1	-1	64	
64	63	4fca39b6e3dd4a82	4			yes					-1	-1	-1	-1	
65	62	511eb2ec2dddc3cc	5			yes					-1	-1	-1	-1	66	
66	65	305586a0e60c5d5c	4			yes					-1	-1	-1	-1	
67	62	cd843f636ca9a515	5			yes					-1	-1	-1	-1	68	
68	67	accf0b2fa7783b85	4			yes					-1	-1	-1	-1	
69	62	661e15cdb2cd3391	5			yes					-1	-1	-1	-1	70	
70	69	07552181791cad01	4			yes					-1	-1	-1	-1	
71	62	5360c4a596ffc533	5			yes					-1	-1	-1	-1	-1	
72	2	ac3c778a1f81db24	4			yes					-1	-1	-1	-1	
73	1	0e074cbd7a96f63c	4			yes					74	84	93	104	
74	73	9f6c1c8a3586bb45	3			yes					75	76	80	
75	74	2ef23b53aeeeb12a	4			yes					-1	-1	-1	-1	
76	74	a8e8e133549e3ec5	5			yes					-1	77	78	-1	79	
77	76	4ccb77aff9cd3ba5	4			yes					-1	-1	-1	-1	
78	76	fcdd0417bb7d56f7	4			yes					-1	-1	-1	-1	
79	76	52d32e3c20050356	4			yes					-1	-1	-1	-1	
80	74	4a68dbbb9199cc33	5			yes					-1	81	82	-1	83	
81	80	ae4b4d273ccac953	4			yes					-1	-1	-1	-1	
82	80	1e5d3e9f7e7aa401	4			yes					-1	-1	-1	-1	
83	80	f6afd96ce36b40fb	4			yes					-1	-1	-1	-1	
84	73	3c169352177a0afa	3			yes					-1	85	89	
85	84	63b52e298c824ebc	5			yes					86	87	-1	-1	88	
86	85	7f1fd33af9a0c10d	4			yes					-1	-1	-1	-1	
87	85	2f7d11bf805a3069	4			yes					-1	-1	-1	-1	
88	85	998ee126f819732f	4			yes					-1	-1	-1	-1	
89	84	813514a14985bc4a	5			yes					90	91	-1	-1	92	
90	89	9d9fe9b23ca733fb	4			yes					-1	-1	-1	-1	
91	89	cdfd2b37455dc29f	4			yes					-1	-1	-1	-1	
92	89	3df216763b773082	4			yes					-1	-1	-1	-1	
93	73	b54fe7b6629c9f49	3			yes					-1	-1	94	
94	93	065ad46cbdd146cf	6			yes					95	97	99	101	-1	103	
95	94	1af0297fc8f3c97e	5			yes					-1	-1	-1	-1	96	
96	95	7bbb1d33032257ee	4			yes					-1	-1	-1	-1	
97	94	4a92ebfab109381a	5			yes					-1	-1	-1	-1	98	
98	97	2bd9dfb67ad8a68a	4			yes					-1	-1	-1	-1	
99	94	e27942f0108243af	5			yes					-1	-1	-1	-1	100	
100	99	833276bcdb53dd3f	4			yes					-1	-1	-1	-1	
101	94	526f314852322efd	5			yes					-1	-1	-1	-1	102	
102	101	3324050499e3b06d	4			yes					-1	-1	-1	-1	
103	94	6711e0207600d85f	5			yes					-1	-1	-1	-1	-1	
104	73	183224d33af6d8ca	3			yes					-1	-1	-1	
105	1	bbba506f1420a099	4			yes					106	115	133	135	
106	105	2ad100585b30ede0	3			yes					107	110	111	
107	106	c2a0580bcf5fd5c3	5			yes					-1	108	-1	-1	109	
108	107	137169bcafb561c7	4			yes					-1	-1	-1	-1	
109	107	3fc4ac57501a5ae1	4			yes					-1	-1	-1	-1	
110	106	a1278b2a25005598	4			yes					-1	-1	-1	-1	
111	106	a7becd41f5a9f13c	5			yes					-1	112	113	-1	114	
112	111	581102cbc42e0f8a	4			yes					-1	-1	-1	-1	
113	111	05d16789e2ae5fd7	4			yes					-1	-1	-1	-1	
114	111	1b79cf96875b7df4	4			yes					-1	-1	-1	-1	
115	105	4b2e74260b18ed51	3			yes					-1	116	120	
116	115	f42c4ce47dccee86	5			yes					117	118	-1	-1	119	
117	116	e886b1f708ee6137	4			yes					-1	-1	-1	-1	
118	116	b8e4737271149053	4			yes					-1	-1	-1	-1	
119	116	29091a348a7b85a6	4			yes					-1	-1	-1	-1	
120	115	77a301ea063c066a	6			yes					121	124	126	128	130	132	
121	120	6b09fcf9731e89db	5			yes					122	-1	-1	-1	123	
122	121	27c1c36f7fc6f70e	4			yes					-1	-1	-1	-1	
123	121	0a42c8b5b8cf174b	4			yes					-1	-1	-1	-1	
124	120	3b6b3e7c0ae478bf	5			yes					-1	-1	-1	-1	125	
125	124	5a200a30c135e62f	4			yes					-1	-1	-1	-1	
126	120	a672305d66d6b26e	5			yes					-1	-1	-1	-1	127	
127	126	c7390411ad072cfe	4			yes					-1	-1	-1	-1	
128	120	35835fc90bfe59c2	5			yes					-1	-1	-1	-1	129	
129	128	54c86b85c02fc752	4			yes					-1	-1	-1	-1	
130	120	a2d8995ddf038458	5			yes					-1	-1	-1	-1	131	
131	130	c393ad1114d21ac8	4			yes					-1	-1	-1	-1	
132	120	16e835a6cded98fa	5			yes					-1	-1	-1	-1	-1	
133	105	77ca1c1010482e47	3			yes					-1	-1	134	
134	133	97662b6ff40135a5	5			yes					-1	-1	-1	-1	-1	
135	105	ad8f380154408e6f	3			yes					-1	-1	-1	
136	1	c7a15e39a52a2bdc	4			yes					137	144	156	158	
137	136	56ca0e0eea3a66a5	3			yes					138	141	-1	
138	137	b7cdd023f940f152	5			yes					-1	-1	139	140	-1	
139	138	96b3b0bcfdac3eec	4			yes					-1	-1	-1	-1	
140	138	75825fa5401edc01	4			yes					-1	-1	-1	-1	
141	137	35a10fdd7e8aee8a	5			yes					-1	142	-1	143	-1	
142	141	ca0ec0574f0d103c	4			yes					-1	-1	-1	-1	
143	141	f7ee805bc7d4c3d9	4			yes					-1	-1	-1	-1	
144	136	37357a70ba126614	3			yes					-1	145	155	
145	144	82283b690a39f842	6			yes					146	148	-1	151	153	154	
146	145	9e82c67a7f1b77f3	5			yes					-1	-1	-1	-1	147	
147	146	2bb05771b482e365	4			yes					-1	-1	-1	-1	
148	145	cee004ff06e18697	5			yes					-1	-1	-1	-1	149	
149	148	7bd295f4cd781201	4			yes					-1	-1	-1	-1	
150	145	8a4b2e8222f9bcc5	5			no					-1	-1	-1	-1	-2	
151	145	8cbbe798004eda79	5			yes					-1	-1	-1	-1	152	
152	151	39897693cbd74eef	4			yes					-1	-1	-1	-1	
153	145	56920b9f5b4d97d8	4			yes					-1	-1	-1	-1	
154	145	371aaa62c1a06cd4	5			yes					-1	-1	-1	-1	-1	
155	144	feb4214262edbe86	5			yes					-1	-1	-1	-1	-1	
156	136	a89388da1892c07c	3			yes					-1	-1	157	
157	156	aa55043837c17ee9	5			yes					-1	-1	-1	-1	-1	
158	136	0ecda29ded90eb11	3			yes					-1	-1	-1	
159	1	4e7b45bda6fc752d	5			yes					160	168	188	193	194	
160	159	df10158ae9ec3854	4			yes					161	163	166	-1	
161	160	9dc79d840b8d11e1	5			yes					-1	-1	-1	-1	162	
162	161	2e771bf5ad5e7f39	4			yes					-1	-1	-1	-1	
163	160	b4edf8df64536bdf	5			yes					-1	164	-1	-1	165	
164	163	4b42375555d49569	4			yes					-1	-1	-1	-1	
165	163	075d7eaec2800507	4			yes					-1	-1	-1	-1	
166	160	eb49268f2d257dfe	5			yes					-1	-1	-1	-1	167	
167	166	58f9a0fe8bf61326	4			yes					-1	-1	-1	-1	
168	159	beef61f4b9c438e5	4			yes					-1	169	180	186	
169	168	90211f6f09a1df31	6			yes					170	172	174	175	177	179	
170	169	8c8be27c7c835080	5			yes					-1	-1	-1	-1	171	
171	170	905ff49b4e714267	4			yes					-1	-1	-1	-1	
172	169	dce920f90579a1e4	5			yes					-1	-1	-1	-1	173	
173	172	c03d361e378bb303	4			yes					-1	-1	-1	-1	
174	169	98420a8421619bb6	5			yes					-1	-1	-1	-1	-1	
175	169	3eff372ee5843a9e	5			yes					-1	-1	-1	-1	176	
176	175	222b21c9d7762879	4			yes					-1	-1	-1	-1	
177	169	ea0be9c88fed42ab	5			yes					-1	-1	-1	-1	-1	
178	177	f6dfff2fbd1f504c	4			yes					-1	-1	-1	-1	
179	169	8cf509883b53cdd6	5			yes					-1	-1	-1	-1	-1	
180	168	05a7caffa1ce5190	3			yes					181	183	-1	
181	180	db9a8f9d423a2111	5			yes					-1	-1	-1	-1	182	
182	181	c74e997a70c833f6	4			yes					-1	-1	-1	-1	
183	180	e6b6551c5a634c1d	5			yes					184	-1	-1	-1	185	
184	183	fa1ca80f2f41c3ac	4			yes					-1	-1	-1	-1	
185	183	5506d36dfcb022c5	4			yes					-1	-1	-1	-1	
186	168	45112ddfeaa2cfac	3			yes					-1	187	-1	
187	186	32d0722bcebde04e	5			yes					-1	-1	-1	-1	-1	
188	159	2149935e1b449e8d	4			yes					-1	-1	189	192	
189	188	9a013855034ef7f8	3			yes					190	-1	-1	
190	189	8f7baae71716e17e	5			yes					-1	-1	-1	-1	191	
191	190	93afbc0025e4f399	4			yes					-1	-1	-1	-1	
192	188	dab7df75482269c4	3			yes					-1	-1	-1	
193	159	f533eeb6bef61c58	4			yes					-1	-1	-1	-1	
194	159	b5850996f59a8264	4			yes					-1	-1	-1	-1	
195	0	3e6147d3331cf056	5			yes					-1	196	256	280	298	
196	195	777dd7ea59f11dea	5			yes					197	217	229	244	255	
197	196	e70fd776e2074ee4	4			yes					198	200	206	212	
198	197	3a45e8b1d514f28f	5			yes					-1	-1	-1	-1	199	
199	198	0d059452d63ed4dd	4			yes					-1	-1	-1	-1	
200	197	961c1dbbb781d1dd	5			yes					201	202	203	204	205	
201	200	65818176ec60c2b8	4			yes					-1	-1	-1	-1	
202	200	00ebfeb269e3addb	4			yes					-1	-1	-1	-1	
203	200	91d5998f5550b052	4			yes					-1	-1	-1	-1	
204	200	38c235fa5ba43472	4			yes					-1	-1	-1	-1	
205	200	cc7dd3b18b77eb43	4			yes					-1	-1	-1	-1	
206	197	9f67c664c3df9555	5			yes					207	208	209	210	211	
207	206	6cfa5aa9983e8630	4			yes					-1	-1	-1	-1	
208	206	0990256d1dbde953	4			yes					-1	-1	-1	-1	
209	206	fa0e8d18ba696d8a	4			yes					-1	-1	-1	-1	
210	206	27953cebf18b4389	4			yes					-1	-1	-1	-1	
211	206	b8f1ce37ce614160	4			yes					-1	-1	-1	-1	
212	197	2ec14a556c5edbf3	5			yes					213	214	215	216	-1	
213	212	dd5cd69837bfc896	4			yes					-1	-1	-1	-1	
214	212	b836a95cb23ca7f5	4			yes					-1	-1	-1	-1	
215	212	4ba8012915e8232c	4			yes					-1	-1	-1	-1	
216	212	43ed10f78f50ef76	4			yes					-1	-1	-1	-1	
217	196	523d151a5e24ff2d	4			yes					-1	218	221	224	
218	217	e37811558a596b2f	5			yes					219	-1	-1	-1	220	
219	218	24a90bf25704b7f4	4			yes					-1	-1	-1	-1	
220	218	b57e6c0b7cd2babb	4			yes					-1	-1	-1	-1	
221	217	e975be11462e9658	3			yes					222	223	-1	
222	221	7b55a093586467e0	5			yes					-1	-1	-1	-1	-1	
223	221	cd1aef722174bcd8	4			yes					-1	-1	-1	-1	
224	217	44087d741e44d1db	3			yes					225	227	-1	
225	224	09eefd0720db5890	5			yes					-1	-1	-1	-1	226	
226	225	68a5c94beb0ac600	4			yes					-1	-1	-1	-1	
227	224	ca46dfe1d553682a	5			yes					-1	-1	-1	-1	228	
228	227	ab0debad1e82f6ba	4			yes					-1	-1	-1	-1	
229	196	184f0109e449f64a	4			yes					-1	-1	230	235	
230	229	1c7ee42bdd463bff	5			yes					231	232	233	-1	234	
231	230	dbaffe8c001be724	4			yes					-1	-1	-1	-1	
232	230	7f4ba62eadb5a390	4			yes					-1	-1	-1	-1	
233	230	f85d72b770153e9f	4			yes					-1	-1	-1	-1	
234	230	3be8ec78d0f8efca	4			yes					-1	-1	-1	-1	
235	229	1b22d4b82961ef0d	6			yes					236	238	240	-1	242	243	
236	235	dcf3ce1ff43c33d6	5			yes					-1	-1	-1	-1	237	
237	236	bdb8fa533fedad46	4			yes					-1	-1	-1	-1	
238	235	781796bd59927762	5			yes					-1	-1	-1	-1	239	
239	238	195ca2f19243e9f2	4			yes					-1	-1	-1	-1	
240	235	ff0142248432ea6d	5			yes					-1	-1	-1	-1	241	
241	240	9e4a76684fe374fd	4			yes					-1	-1	-1	-1	
242	235	1bbdb0d697de8dbc	5			yes					-1	-1	-1	-1	-1	
243	235	7a69e0f4e2b0719d	5			yes					-1	-1	-1	-1	-1	
244	196	cc357ce141fb749f	4			yes					-1	-1	-1	245	
245	244	f2dc4e4b6985f31f	6			yes					246	248	250	252	-1	254	
246	245	350d54ecb4d82fc4	5			yes					-1	-1	-1	-1	247	
247	246	544660a07f09b154	4			yes					-1	-1	-1	-1	
248	245	91e90c4e19766b70	5			yes					-1	-1	-1	-1	249	
249	248	f0a23802d2a7f5e0	4			yes					-1	-1	-1	-1	
250	245	16ffd8d7c4d6f67f	5			yes					-1	-1	-1	-1	251	
251	250	77b4ec9b0f0768ef	4			yes					-1	-1	-1	-1	
252	245	a6e9ab6f86669b2d	5			yes					-1	-1	-1	-1	253	
253	252	c7a29f234db705bd	4			yes					-1	-1	-1	-1	
254	245	93977a07a2546d8f	5			yes					-1	-1	-1	-1	-1	
255	196	6148bf841991331c	4			yes					-1	-1	-1	-1	
256	195	8c17af021fcf14a8	4			yes					257	272	277	279	
257	256	1c65af9ea43947a6	3			yes					258	260	262	
258	257	3ac0a2233b580303	5			yes					-1	-1	-1	-1	259	
259	258	c7a4567fa41d8c21	4			yes					-1	-1	-1	-1	
260	257	da11e8a65cbc9b3e	5			yes					-1	-1	-1	-1	261	
261	260	0734be76ab0bf01e	4			yes					-1	-1	-1	-1	
262	257	a97717b71b4da410	6			yes					263	265	267	269	270	271	
263	262	5aea8b7a40acb775	5			yes					-1	-1	-1	-1	264	
264	263	3ba1bf368b7d29e5	4			yes					-1	-1	-1	-1	
265	262	473ca618f321bec3	5			yes					-1	-1	-1	-1	266	
266	265	2677925438f02053	4			yes					-1	-1	-1	-1	
267	262	ebc6dfbaaca14abc	5			yes					-1	-1	-1	-1	268	
268	267	8a8debf66770d42c	4			yes					-1	-1	-1	-1	
269	262	eb574994168ffbb8	5			yes					-1	-1	-1	-1	-1	
270	262	7c0c8f00c2722622	5			yes					-1	-1	-1	-1	-1	
271	262	c83c23fbd09c3a80	5			yes					-1	-1	-1	-1	-1	
272	256	4a37248dfffef326	3			yes					-1	273	274	
273	272	27b911cc92b561ce	4			yes					-1	-1	-1	-1	
274	272	212057a7421cc56a	5			yes					275	-1	276	-1	-1	
275	274	e6f14d009f4119b1	4			yes					-1	-1	-1	-1	
276	274	834ffd6f551b6b81	4			yes					-1	-1	-1	-1	
277	256	4067e37d1ba79a76	3			yes					-1	-1	278	
278	277	63e0b14820558075	5			yes					-1	-1	-1	-1	-1	
279	256	9a22c76c5faf3a5e	3			yes					-1	-1	-1	
280	195	f00ca154aec59fed	4			yes					281	292	295	297	
281	280	607ea1c81533cce3	3			yes					282	284	291	
282	281	f850290f2c2f286d	5			yes					-1	-1	-1	283	-1	
283	282	3a1fa6899571053e	4			yes					-1	-1	-1	-1	
284	281	ac159f2b2b498dfa	6			yes					285	286	287	288	289	290	
285	284	5f8803e670a89e9f	5			yes					-1	-1	-1	-1	-1	
286	284	425e2e84c3259729	5			yes					-1	-1	-1	-1	-1	
287	284	c7ffc165e88e4417	5			yes					-1	-1	-1	-1	-1	
288	284	a28643da213eafc1	5			yes					-1	-1	-1	-1	-1	
289	284	78afafdd7a3de260	4			yes					-1	-1	-1	-1	
290	284	19270e20e0d0196c	5			yes					-1	-1	-1	-1	-1	
291	281	352c7c59a269da1b	5			yes					-1	-1	-1	-1	-1	
292	280	362c2adb4ef47863	3			yes					-1	293	-1	
293	292	b33f953bc93fdadc	5			yes					-1	-1	-1	294	-1	
294	293	71701abd7061f78f	4			yes					-1	-1	-1	-1	
295	280	9f3e77b7137d744d	3			yes					-1	-1	296	
296	295	5ed39e1fe395cb39	5			yes					-1	-1	-1	-1	-1	
297	280	39605df0e67f5f20	3			yes					-1	-1	-1	
298	195	79d6bad0ad13c11c	5			yes					299	319	324	329	330	
299	298	e9a4ba4c16e59212	4			yes					300	302	313	317	
300	299	0cc9e91186056c66	5			yes					-1	-1	-1	-1	301	
301	300	bf796f6020d602be	4			yes					-1	-1	-1	-1	
302	299	be1cbb2d28d1aa89	6			yes					303	305	307	309	311	312	
303	302	4d8127e07330b9ec	5			yes					-1	-1	-1	-1	304	
304	303	5155310741c2ab0b	4			yes					-1	-1	-1	-1	
305	302	50570a82c0bdb05a	5			yes					-1	-1	-1	-1	306	
306	305	4c831c65f24fa2bd	4			yes					-1	-1	-1	-1	
307	302	d5f6e563eb166364	5			yes					-1	-1	-1	-1	308	
308	307	c922f384d9e47183	4			yes					-1	-1	-1	-1	
309	302	10c2936cc4f44f26	5			yes					-1	-1	-1	-1	310	
310	309	0c16858bf6065dc1	4			yes					-1	-1	-1	-1	
311	302	c4364d8aae9d3713	5			yes					-1	-1	-1	-1	-1	
312	302	a2c8adca1a23b86e	5			yes					-1	-1	-1	-1	-1	
313	299	52ec11470eeffb67	3			yes					314	315	-1	
314	313	b68868b12c2b00d0	5			yes					-1	-1	-1	-1	-1	
315	313	c88bf15e7b1339a5	5			yes					-1	-1	-1	-1	316	
316	315	7b3b772fddc0577d	4			yes					-1	-1	-1	-1	
317	299	125af6674583655b	3			yes					-1	318	-1	
318	317	1cedd669efcd95f6	5			yes					-1	-1	-1	-1	-1	
319	298	bff6315f4d222692	4			yes					-1	320	323	-1	
320	319	32736239d3e65f89	5			yes					321	-1	-1	-1	322	
321	320	f5a2789e0ebb8352	4			yes					-1	-1	-1	-1	
322	320	81c3e44875353151	4			yes					-1	-1	-1	-1	
323	319	6dd7bc699a9049a8	5			yes					-1	-1	-1	-1	-1	
324	298	16e46c3310ab2abc	4			yes					-1	-1	325	328	
325	324	adacc73808a143c9	3			yes					-1	326	-1	
326	325	09e53001a0a3d528	5			yes					-1	-1	-1	-1	327	
327	326	153126e69251c7cf	4			yes					-1	-1	-1	-1	
328	324	ed1a201843cdddf5	3			yes					-1	-1	-1	
329	298	c29e11dbb519a869	4			yes					-1	-1	-1	-1	
330	298	8228f6fbfe753655	4			yes					-1	-1	-1	-1	
331	0	023c3568ea7ec643	5			yes					-1	-1	332	402	422	
332	331	028381e5843c3304	5			yes					333	360	383	390	401	
333	332	92f181793fca600a	4			yes					334	341	343	351	
334	333	10136d4ec365909b	5			yes					335	336	338	339	340	
335	334	d689b0440c166bb3	4			yes					-1	-1	-1	-1	
336	334	612e32b695cc08a6	4			yes					-1	337	-1	-1	
337	336	c341987e82cba64d	3			yes					-1	-1	-1	
338	334	b27cc786d4623e70	4			yes					-1	-1	-1	-1	
339	334	be3857911843b121	4			yes					-1	-1	-1	-1	
340	334	bbe312e555fbec44	4			yes					-1	-1	-1	-1	
341	333	5915e1aca34d8106	5			yes					-1	-1	-1	-1	342	
342	341	52a2bb8f5695d6d7	4			yes					-1	-1	-1	-1	
343	333	34cfe69000159757	6			yes					-1	344	346	348	-1	350	
344	343	16b2d061236417fa	5			yes					-1	-1	-1	-1	345	
345	344	beb5ce05aa95e2d8	4			yes					-1	-1	-1	-1	
346	343	ed9403c339cdcebe	5			yes					-1	-1	-1	-1	347	
347	346	45931da7b03c3b9c	4			yes					-1	-1	-1	-1	
348	343	84dd97e86a479d38	5			yes					-1	-1	-1	-1	349	
349	348	2cda898ce3b6681a	4			yes					-1	-1	-1	-1	
350	343	9cc8f8f489e46275	5			yes					-1	-1	-1	-1	-1	
351	333	1e54503d0e1f721f	6			yes					352	353	355	357	358	359	
352	351	0d36217a05859a4e	5			yes					-1	-1	-1	-1	-1	
353	351	3c2966cc2d6ef2b2	5			yes					-1	-1	-1	-1	354	
354	353	5d625280e6bf6c22	4			yes					-1	-1	-1	-1	
355	351	c70fb56e37c72bf6	5			yes					-1	-1	-1	-1	356	
356	355	a6448122fc16b566	4			yes					-1	-1	-1	-1	
357	351	5c740e1e03dd2db7	5			yes					-1	-1	-1	-1	-1	
358	351	cb2fc88ad720f02d	5			yes					-1	-1	-1	-1	-1	
359	351	7f1f6471c5ceec8f	5			yes					-1	-1	-1	-1	-1	
360	332	9fa40a334b532031	4			yes					-1	361	364	373	
361	360	a2c6467842f5f6d8	5			yes					362	-1	-1	-1	363	
362	361	65175cdf9fa82a03	4			yes					-1	-1	-1	-1	
363	361	a9711c5bb72da109	4			yes					-1	-1	-1	-1	
364	360	17cbc0bb6187811c	6			yes					365	367	368	370	-1	372	
365	364	d01ada1cbcda5dc7	5			yes					-1	-1	-1	-1	366	
366	365	781dc478352ba8e5	4			yes					-1	-1	-1	-1	
367	364	c201bb81f5a32370	5			yes					-1	-1	-1	-1	-1	
368	364	ce9025e8585fd8f5	5			yes					-1	-1	-1	-1	369	
369	368	66973b8cd1ae2dd7	4			yes					-1	-1	-1	-1	
370	364	a7d9b1c30bd58b73	5			yes					-1	-1	-1	-1	371	
371	370	0fdeafa782247e51	4			yes					-1	-1	-1	-1	
372	364	bfccdedfe876743e	5			yes					-1	-1	-1	-1	-1	
373	360	3d5076166f8d6454	6			yes					374	376	378	380	381	382	
374	373	fa816cb1b2d0b88f	5			yes					-1	-1	-1	-1	375	
375	374	9bca58fd7901261f	4			yes					-1	-1	-1	-1	
376	373	e89a0d2cfba9c638	5			yes					-1	-1	-1	-1	377	
377	376	89d13960307858a8	4			yes					-1	-1	-1	-1	
378	373	e40b934556553dbd	5			yes					-1	-1	-1	-1	379	
379	378	8540a7099d84a32d	4			yes					-1	-1	-1	-1	
380	373	7f702835624f3bfc	5			yes					-1	-1	-1	-1	-1	
381	373	e82beea1b6b2e666	5			yes					-1	-1	-1	-1	-1	
382	373	5c1b425aa45cfac4	5			yes					-1	-1	-1	-1	-1	
383	332	a028482f2cf307b8	4			yes					-1	-1	384	387	
384	383	1b60e32434f96ecd	3			yes					385	386	-1	
385	384	e97dec78335167c2	4			yes					-1	-1	-1	-1	
386	384	12ae4bacd2e9101c	4			yes					-1	-1	-1	-1	
387	383	b61d20416c93294e	3			yes					388	389	-1	
388	387	15ff483524cf8802	5			yes					-1	-1	-1	-1	-1	
389	387	ee2cefe1c577ffdc	5			yes					-1	-1	-1	-1	-1	
390	332	b9cb2aee9c365a71	4			yes					-1	-1	-1	391	
391	390	2b7b7c34ed4ad37c	6			yes					392	394	396	398	-1	400	
392	391	ecaa669330170fa7	5			yes					-1	-1	-1	-1	393	
393	392	8de152dffbc69137	4			yes					-1	-1	-1	-1	
394	391	67b343a2e192ada9	5			yes					-1	-1	-1	-1	395	
395	394	06f877ee2a433339	4			yes					-1	-1	-1	-1	
396	391	cf58eaa84019d61c	5			yes					-1	-1	-1	-1	397	
397	396	ae13dee48bc8488c	4			yes					-1	-1	-1	-1	
398	391	8914d6fcfa4d7d97	5			yes					-1	-1	-1	-1	399	
399	398	e85fe2b0319ce307	4			yes					-1	-1	-1	-1	
400	391	4a304878269b4dec	5			yes					-1	-1	-1	-1	-1	
401	332	14b6e98bc45c1df2	4			yes					-1	-1	-1	-1	
402	331	f628a80151cf7c30	4			yes					403	415	420	421	
403	402	665aa89dea392f3e	3			yes					404	412	414	
404	403	706f9b29576ccb65	6			yes					-1	405	406	408	410	411	
405	404	0152c4d101c55358	5			yes					-1	-1	-1	-1	-1	
406	404	245a7e0db88fa357	5			yes					-1	-1	-1	-1	407	
407	406	9168ef06731637c1	4			yes					-1	-1	-1	-1	
408	404	37285720274d64bd	5			yes					-1	-1	-1	-1	409	
409	408	821ac62becd4f02b	4			yes					-1	-1	-1	-1	
410	404	a4d5abdf0618a4ff	4			yes					-1	-1	-1	-1	
411	404	c55d0a229cf55ff3	5			yes					-1	-1	-1	-1	-1	
412	403	caaa77eb4b4118f3	5			yes					-1	-1	-1	413	-1	
413	412	08e5f86df21f35a0	4			yes					-1	-1	-1	-1	
414	403	9233dd34ccb099da	5			yes					-1	-1	-1	-1	-1	
415	402	6b0f23d79ea06f05	3			yes					-1	416	419	
416	415	3179d03faaf96f2d	5			yes					-1	-1	-1	418	-1	
417	416	f6a8ca9877a4b3f6	4			no					-1	-2	-2	-2	
418	416	f3365fb913a7427e	4			yes					-1	-1	-1	-1	
419	415	b137fb1fad228f91	5			yes					-1	-1	-1	-1	-1	
420	402	c43977ee3c2380f6	3			yes					-1	-1	-1	
421	402	3f4454a51975bcfd	3			yes					-1	-1	-1	
422	331	7ff2b385521922c1	5			yes					423	442	448	451	452	
423	422	ef80b319e9ef71cf	4			yes					424	434	436	440	
424	423	845cd8d395af1fb1	6			yes					-1	425	427	429	431	433	
425	424	f561872bc306878c	5			yes					-1	-1	-1	-1	426	
426	425	e9b591ccf1f4956b	4			yes					-1	-1	-1	-1	
427	424	d0693df77a4c7783	5			yes					-1	-1	-1	-1	428	
428	427	ccbd2b1048be6564	4			yes					-1	-1	-1	-1	
429	424	2a77e20c4e893e0b	5			yes					-1	-1	-1	-1	430	
430	429	36a3f4eb7c7b2cec	4			yes					-1	-1	-1	-1	
431	424	516d4bee9fed387a	5			yes					-1	-1	-1	-1	432	
432	431	4db95d09ad1f2a9d	4			yes					-1	-1	-1	-1	
433	424	9888ce34a75d0d56	5			yes					-1	-1	-1	-1	-1	
434	423	723bd786878ef19b	5			yes					-1	-1	-1	-1	435	
435	434	c18b51f7215d9f43	4			yes					-1	-1	-1	-1	
436	423	54c81812f1e518ba	3			yes					437	439	-1	
437	436	4bd3fbfcff85ec4e	5			yes					-1	-1	-1	-1	438	
438	437	f8637d8d59568296	4			yes					-1	-1	-1	-1	
439	436	2d82330bb2860e32	5			yes					-1	-1	-1	-1	-1	
440	423	147eff32ba898686	3			yes					441	-1	-1	
441	440	f17e5fdedfeda655	5			yes					-1	-1	-1	-1	-1	
442	422	e2d538539d7631f4	4			yes					-1	443	445	447	
443	442	89e8705266368645	5			yes					-1	-1	-1	-1	444	
444	443	3a58f623c0e5e89d	4			yes					-1	-1	-1	-1	
445	442	599d9358857c5881	3			yes					-1	446	-1	
446	445	d65194df533e79ec	5			yes					-1	-1	-1	-1	-1	
447	442	192b7478ce10c6bd	3			yes					-1	-1	-1	
448	422	4de36c6a3ff5de07	4			yes					-1	-1	449	-1	
449	448	e0e35737c192a53b	5			yes					-1	-1	-1	-1	-1	
450	449	5353d1466741cbe3	4			no					-1	-2	-1	-1	
451	422	c4ba188e4a134bb4	4			yes					-1	-1	-1	-1	
452	422	840cffae017fd588	4			yes					-1	-1	-1	-1	
453	0	162d1bca992e0be4	5			yes					-1	-1	-1	454	504	
454	453	5caec1d1a0f90a0c	5			yes					455	478	494	501	503	
455	454	ccdcc14d1b0f5902	4			yes					456	464	471	474	
456	455	0c1828de9fe8b2de	6			yes					-1	457	458	460	462	463	
457	456	f7088b3df9219581	5			yes					-1	-1	-1	-1	-1	
458	456	ae77821688ef1c35	5			yes					-1	-1	-1	-1	459	
459	458	1b45131d437688a3	4			yes					-1	-1	-1	-1	
460	456	4b5fe4d7efc91d06	5			yes					-1	-1	-1	-1	461	
461	460	fe6d75dc24508990	4			yes					-1	-1	-1	-1	
462	456	d8a21828ce9cdd44	4			yes					-1	-1	-1	-1	
463	456	b92ab9d554712648	5			yes					-1	-1	-1	-1	-1	
464	455	0a6f8fada2496d40	6			yes					-1	465	466	467	469	470	
465	464	3372e8db53dbac83	5			yes					-1	-1	-1	-1	-1	
466	464	b982eacedb5de9d0	5			yes					-1	-1	-1	-1	-1	
467	464	4d2843a4d268c298	5			yes					-1	-1	-1	-1	468	
468	467	f81ad2af19f1560e	4			yes					-1	-1	-1	-1	
469	464	ded5bf5bf33d02da	4			yes					-1	-1	-1	-1	
470	464	bf5d1ea669d0f9d6	5			yes					-1	-1	-1	-1	-1	
471	455	274750d2a72dbe21	3			yes					472	473	-1	
472	471	8c44dc113d0a91bc	5			yes					-1	-1	-1	-1	-1	
473	471	ff20bde42b1064cb	5			yes					-1	-1	-1	-1	-1	
474	455	d751b613be8dd1ff	6			yes					-1	-1	475	476	-1	477	
475	474	8ff7593395255cc0	5			yes					-1	-1	-1	-1	-1	
476	474	d48effcd2977188a	5			yes					-1	-1	-1	-1	-1	
477	474	46958bfa4e326d55	5			yes					-1	-1	-1	-1	-1	
478	454	c1894a076f961939	4			yes					-1	479	487	489	
479	478	f1bc287943f11a9e	6			yes					480	-1	482	483	485	486	
480	479	366d32de9eacc645	5			yes					-1	-1	-1	-1	481	
481	480	835fa3d5553552d3	4			yes					-1	-1	-1	-1	
482	479	42514d1a3ae59e0e	5			yes					-1	-1	-1	-1	-1	
483	479	b6fbe47033d0b546	5			yes					-1	-1	-1	-1	484	
484	483	03c9757bf84921d0	4			yes					-1	-1	-1	-1	
485	479	2506188f12857504	4			yes					-1	-1	-1	-1	
486	479	448eb97288688e08	5			yes					-1	-1	-1	-1	-1	
487	478	2a12db98d3b4fe1a	3			yes					-1	488	-1	
488	487	04f31a30caa81315	5			yes					-1	-1	-1	-1	-1	
489	478	5e5111a5b2cec809	6			yes					490	-1	491	492	-1	493	
490	489	99800b026f9314d2	5			yes					-1	-1	-1	-1	-1	
491	489	8f2d20fddb99407a	5			yes					-1	-1	-1	-1	-1	
492	489	5d8e587b2534017c	5			yes					-1	-1	-1	-1	-1	
493	489	cf952c4c427174a3	5			yes					-1	-1	-1	-1	-1	
494	454	ac3ae598bfc147c4	4			yes					-1	-1	495	496	
495	494	47a1740703e3a0e7	3			yes					-1	-1	-1	
496	494	2e70bc400571623b	6			yes					497	498	-1	499	-1	500	
497	496	e9a1a6e7d82cbee0	5			yes					-1	-1	-1	-1	-1	
498	496	62b883d609a91cee	5			yes					-1	-1	-1	-1	-1	
499	496	2daff59e928bab4e	5			yes					-1	-1	-1	-1	-1	
500	496	bfb481a9f5cede91	5			yes					-1	-1	-1	-1	-1	
501	454	b735504e1cdbed2f	4			yes					-1	-1	-1	502	
502	501	fdc1af036ba10df3	3			yes					-1	-1	-1	
503	454	165a3e9cd783ead0	4			yes					-1	-1	-1	-1	
504	453	ca4faf573caf7464	5			yes					505	531	545	549	550	
505	504	5a3dafcb8759276a	4			yes					506	516	526	528	
506	505	f82b6b245d2b660a	6			yes					-1	507	509	511	513	515	
507	506	033bc8c73be24155	5			yes					-1	-1	-1	-1	508	
508	507	1fefde20091053b2	4			yes					-1	-1	-1	-1	
509	506	5a44c1ec4a2cc8e1	5			yes					-1	-1	-1	-1	510	
510	509	4690d70b78deda06	4			yes					-1	-1	-1	-1	
511	506	560051fb860d47b0	5			yes					-1	-1	-1	-1	512	
512	511	4ad4471cb4ff5557	4			yes					-1	-1	-1	-1	
513	506	2d1af819576941c1	5			yes					-1	-1	-1	-1	514	
514	513	31ceeefe659b5326	4			yes					-1	-1	-1	-1	
515	506	e4ff7dc36fd974ed	5			yes					-1	-1	-1	-1	-1	
516	505	fe5ccc57608ab994	6			yes					-1	517	519	521	523	525	
517	516	c741ab2191187857	5			yes					-1	-1	-1	-1	518	
518	517	db95bdc6a3ea6ab0	4			yes					-1	-1	-1	-1	
519	516	4db1a934199e3d04	5			yes					-1	-1	-1	-1	520	
520	519	5165bfd32b6c2fe3	4			yes					-1	-1	-1	-1	
521	516	5077f688bbac982e	5			yes					-1	-1	-1	-1	522	
522	521	4ca3e06f895e8ac9	4			yes					-1	-1	-1	-1	
523	516	2b6d5f6a6ac89e5f	5			yes					-1	-1	-1	-1	524	
524	523	37b9498d583a8cb8	4			yes					-1	-1	-1	-1	
525	516	e288dab05278ab73	5			yes					-1	-1	-1	-1	-1	
526	505	6e1300ba326b2e4c	5			yes					-1	-1	-1	-1	-1	
527	526	dda386cb94b84094	4			no					-1	-2	-2	-2	
528	505	a1c3e3e0d43fd023	3			yes					529	530	-1	
529	528	8d09ec291769dfee	5			yes					-1	-1	-1	-1	-1	
530	528	8b7e4b5a2ac80070	5			yes					-1	-1	-1	-1	-1	
531	504	57682481f3c06751	4			yes					-1	532	542	543	
532	531	058f6b838132ce4a	6			yes					533	-1	535	537	539	541	
533	532	c25e71245c6f1291	5			yes					-1	-1	-1	-1	534	
534	533	de8a67c36e9d0076	4			yes					-1	-1	-1	-1	
535	532	b6620ee0f8264ada	5			yes					-1	-1	-1	-1	536	
536	535	aab61807cad4583d	4			yes					-1	-1	-1	-1	
537	532	aba4515c5a14eff0	5			yes					-1	-1	-1	-1	538	
538	537	b77047bb68e6fd17	4			yes					-1	-1	-1	-1	
539	532	d0bef8be8b70e981	5			yes					-1	-1	-1	-1	540	
540	539	cc6aee59b982fb66	4			yes					-1	-1	-1	-1	
541	532	195b7d64b3c0dcad	5			yes					-1	-1	-1	-1	-1	
542	531	a22e4c5349073f33	5			yes					-1	-1	-1	-1	-1	
543	531	ac9668aaa0a69018	3			yes					-1	544	-1	
544	543	70adec8ecb7077ae	5			yes					-1	-1	-1	-1	-1	
545	504	3adb8b1e239739ac	4			yes					-1	-1	546	548	
546	545	3dcdb2a8f21c1f77	5			yes					-1	-1	-1	-1	-1	
547	546	8e7d34d954cf71af	4			no					-1	-2	-1	-1	
548	545	c125c73570f1cee5	3			yes					-1	-1	-1	
549	504	063fe32838c7faba	4			yes					-1	-1	-1	-1	
550	504	31b1e37c6fc9832d	4			yes					-1	-1	-1	-1	
551	0	a0cd2860718673c9	5			yes					-1	-1	-1	-1	552	
552	551	ac600a8304e62343	6			yes					553	574	587	594	597	599	
553	552	3c120a1fbf10704d	5			yes					554	562	568	571	573	
554	553	a13581c9707f6378	4			yes					555	557	-1	560	
555	554	9a45d37e8201619e	6			yes					-1	-1	-1	-1	-1	556	
556	555	8691c599b0f37379	5			yes					-1	-1	-1	-1	-1	
557	554	7d03d4c4326489ab	6			yes					-1	-1	-1	-1	-1	559	
558	557	bf4c5b428b3aa4f8	5			no					-1	-1	-1	-2	-2	
559	557	61d7c22300969b4c	5			yes					-1	-1	-1	-1	-1	
560	554	09a3af346d704c6e	6			yes					-1	-1	-1	-1	-1	561	
561	560	97a4186ddaf8c86d	5			yes					-1	-1	-1	-1	-1	
562	553	cc862e56a0283d85	4			yes					-1	563	-1	566	
563	562	a8bf8d9ae56f5100	6			yes					-1	-1	-1	-1	-1	565	
564	563	6af0021c5c317c53	5			no					-1	-2	-2	-2	-2	
565	563	b46b9b7dd79d43e7	5			yes					-1	-1	-1	-1	-1	
566	562	eb4408067b9dae35	6			yes					-1	-1	-1	-1	-1	567	
567	566	7543bf5fcc152a36	5			yes					-1	-1	-1	-1	-1	
568	553	5320dcfc02a89bed	4			yes					-1	-1	-1	569	
569	568	fa19c014adb49345	6			yes					-1	-1	-1	-1	-1	570	
570	569	45372088ae90e6fb	5			yes					-1	-1	-1	-1	-1	
571	553	07431130c2c3cf27	4			yes					-1	-1	-1	572	
572	571	0281797c6defb55d	3			yes					-1	-1	-1	
573	553	39d06253103c0a37	4			yes					-1	-1	-1	-1	
574	552	31478155cb893076	5			yes					-1	575	581	584	586	
575	574	c1d3a51cd4b17dbe	4			yes					-1	576	-1	579	
576	575	536c2a4e04d726de	6			yes					-1	-1	-1	577	-1	578	
577	576	9123a5c8bd890b8d	5			yes					-1	-1	-1	-1	-1	
578	576	4fb83ca936253439	5			yes					-1	-1	-1	-1	-1	
579	575	1097afd29a25d9eb	6			yes					-1	-1	-1	-1	-1	580	
580	579	8e90188b2dad5de8	5			yes					-1	-1	-1	-1	-1	
581	574	5e7557b67631dbd6	4			yes					-1	-1	-1	582	
582	581	3551ea201321b305	6			yes					-1	-1	-1	-1	-1	583	
583	582	ab565d79a4a93706	5			yes					-1	-1	-1	-1	-1	
584	574	0a169a7ab65a8f1c	4			yes					-1	-1	-1	585	
585	584	0fd4f2361976f566	3			yes					-1	-1	-1	
586	574	3485e91964a54a0c	4			yes					-1	-1	-1	-1	
587	552	5cf42eca1bde6e8b	5			yes					-1	-1	588	591	593	
588	587	33c6f829a666852b	4			yes					-1	-1	-1	589	
589	588	aab214dba83a9341	6			yes					-1	-1	-1	-1	-1	590	
590	589	34b5a3821fb21742	5			yes					-1	-1	-1	-1	-1	
591	587	67a535e5660dd1e1	4			yes					-1	-1	-1	592	
592	591	62675da9c921ab9b	3			yes					-1	-1	-1	
593	587	59364686b4f214f1	4			yes					-1	-1	-1	-1	
594	552	c352dc60b95ec8e3	5			yes					-1	-1	-1	595	596	
595	594	f803c74fc48d7789	4			yes					-1	-1	-1	-1	
596	594	c690b42c1672b299	4			yes					-1	-1	-1	-1	
597	552	973111ac79359c29	5			yes					-1	-1	-1	-1	598	
598	597	92f379e0d619e653	4			yes					-1	-1	-1	-1	
599	552	a9a262cfabca5939	5			yes					-1	-1	-1	-1	-1	
600	0	1f42952ded3e9255	5			yes					-1	-1	-1	-1	-1	
