Number of nodes
482
ID	PID	Hash_Value			File_Number	Fully_Enumerated	Children
0	-1	152729195b150c53	6			yes					1	168	279	360	410	481	
1	0	7f37b80be285f106	5			yes					2	102	116	135	147	
2	1	853dac159a4e6ed3	5			yes					3	18	60	92	101	
3	2	9c8e3034eede6e9f	4			yes					4	11	15	17	
4	3	69de135b092503e0	3			yes					5	7	9	
5	4	ff424e47b90c415d	5			yes					-1	-1	-1	-1	6	
6	5	037e682f0a405a14	4			yes					-1	-1	-1	-1	
7	4	acf3162b71b035f9	5			yes					-1	-1	-1	-1	8	
8	7	dbeda8637c5dc0e4	4			yes					-1	-1	-1	-1	
9	4	dfad2d1210d1e339	5			yes					-1	-1	-1	-1	10	
10	9	563e8c2a2656b158	4			yes					-1	-1	-1	-1	
11	3	e550db64a62b2dae	3			yes					-1	12	14	
12	11	d76a9c30954c40ce	5			yes					-1	-1	-1	-1	13	
13	12	5895ca17500293ed	4			yes					-1	-1	-1	-1	
14	11	b4e4a83572e09ae3	5			yes					-1	-1	-1	-1	-1	
15	3	c6e5c8c10759adca	3			yes					-1	-1	16	
16	15	e4cc72495664fd3c	5			yes					-1	-1	-1	-1	-1	
17	3	d6e530ca4689ed1b	3			yes					-1	-1	-1	
18	2	706d8f7a7db503ac	4			yes					-1	19	34	48	
19	18	e496758705979cc3	6			yes					20	24	27	29	31	33	
20	19	218abcd6e96d1970	5			yes					21	-1	22	-1	23	
21	20	59c9f31d591269f3	4			yes					-1	-1	-1	-1	
22	20	3e3e29a6083ab4ee	4			yes					-1	-1	-1	-1	
23	20	ddb69abe5a210239	4			yes					-1	-1	-1	-1	
24	19	9cd53a4cb5e8ec40	5			yes					-1	-1	25	-1	26	
25	24	8361af3c54bf41de	4			yes					-1	-1	-1	-1	
26	24	60e91c2406a4f709	4			yes					-1	-1	-1	-1	
27	19	4597a4f3c9071537	5			yes					-1	-1	-1	-1	28	
28	27	b9ab829b7a4b0e7e	4			yes					-1	-1	-1	-1	
29	19	fb22e0f7e4c0315d	5			yes					-1	-1	-1	-1	30	
30	29	071ec69f578c2a14	4			yes					-1	-1	-1	-1	
31	19	ffd6e4f6c20eca13	5			yes					-1	-1	-1	-1	32	
32	31	03eac29e7142d15a	4			yes					-1	-1	-1	-1	
33	19	18aa53efb6db878a	5			yes					-1	-1	-1	-1	-1	
34	18	b7272debcd2be867	6			yes					35	39	42	43	45	47	
35	34	723be4ba21d16dd4	5			yes					36	-1	37	-1	38	
36	35	0a78ab7191ae1d57	4			yes					-1	-1	-1	-1	
37	35	8d7332742c1eb7a8	4			yes					-1	-1	-1	-1	
38	35	05255af22c3c98c9	4			yes					-1	-1	-1	-1	
39	34	cf6462207d5498e4	5			yes					-1	-1	40	-1	41	
40	39	302cb4ee709b4298	4			yes					-1	-1	-1	-1	
41	39	b87adc6870b96df9	4			yes					-1	-1	-1	-1	
42	34	1538ba043f02cd41	5			yes					-1	-1	-1	-1	-1	
43	34	486ffb25c0e4321b	5			yes					-1	-1	-1	-1	44	
44	43	3f71456dcd09c706	4			yes					-1	-1	-1	-1	
45	34	971679f3ae8eff77	5			yes					-1	-1	-1	-1	46	
46	45	e008c7bba3630a6a	4			yes					-1	-1	-1	-1	
47	34	c03993a3c0c61d7a	5			yes					-1	-1	-1	-1	-1	
48	18	c47916d2ac4a3ea7	6			yes					49	52	54	55	57	59	
49	48	0165df8340b0bb14	5			yes					50	-1	-1	-1	51	
50	49	79269048f0cfcb97	4			yes					-1	-1	-1	-1	
51	49	88f67ebb7637e975	4			yes					-1	-1	-1	-1	
52	48	bc3a59191c354e24	5			yes					-1	-1	-1	-1	53	
53	52	35a9f8212ab21c45	4			yes					-1	-1	-1	-1	
54	48	6666813d5e631b81	5			yes					-1	-1	-1	-1	-1	
55	48	c13e32bfd2779f80	5			yes					-1	-1	-1	-1	56	
56	55	48ad9387e4f0cde1	4			yes					-1	-1	-1	-1	
57	48	93949420e6162350	5			yes					-1	-1	-1	-1	58	
58	57	1a073518d0917131	4			yes					-1	-1	-1	-1	
59	48	4deab7ea9acd6cc6	5			yes					-1	-1	-1	-1	-1	
60	2	fce34745d2bb2de2	4			yes					-1	-1	61	75	
61	60	ccbea7f029d79d50	6			yes					62	66	69	71	72	74	
62	61	09a26ea1c52d18e3	5			yes					63	64	-1	-1	65	
63	62	71e1216a75526860	4			yes					-1	-1	-1	-1	
64	62	5119a1e4307e3367	4			yes					-1	-1	-1	-1	
65	62	865d38860063cbc0	4			yes					-1	-1	-1	-1	
66	61	b4fde83b99a8edd3	5			yes					-1	67	-1	-1	68	
67	66	ec46277e6cfbc657	4			yes					-1	-1	-1	-1	
68	66	3b02be1c5ce63ef0	4			yes					-1	-1	-1	-1	
69	61	940568b5dc84b6d4	5			yes					-1	-1	-1	-1	70	
70	69	1bfa3e9219ca65f7	4			yes					-1	-1	-1	-1	
71	61	7704705e5161e355	5			yes					-1	-1	-1	-1	-1	
72	61	d1a1c856142e7392	5			yes					-1	-1	-1	-1	73	
73	72	5e5e9e71d160a0b1	4			yes					-1	-1	-1	-1	
74	61	4341f1d7ec994e73	5			yes					-1	-1	-1	-1	-1	
75	60	af3093f5ce7b477d	6			yes					76	81	85	88	89	91	
76	75	6a2c5aa42281c2ce	5			yes					77	78	-1	79	80	
77	76	126f156f92feb24d	4			yes					-1	-1	-1	-1	
78	76	329795e1d7d2e94a	4			yes					-1	-1	-1	-1	
79	76	04d4b0afd12c3f4e	4			yes					-1	-1	-1	-1	
80	76	13effe25b88959ab	4			yes					-1	-1	-1	-1	
81	75	d773dc3e7e0437fe	5			yes					-1	82	-1	83	84	
82	81	8fc8137b8b571c7a	4			yes					-1	-1	-1	-1	
83	81	b98b36358da9ca7e	4			yes					-1	-1	-1	-1	
84	81	aeb078bfe40cac9b	4			yes					-1	-1	-1	-1	
85	75	f78b5cb03b286cf9	5			yes					-1	-1	-1	86	87	
86	85	9973b6bbc8859179	4			yes					-1	-1	-1	-1	
87	85	8e48f831a120f79c	4			yes					-1	-1	-1	-1	
88	75	f2df0755c073b851	5			yes					-1	-1	-1	-1	-1	
89	75	c1c879fe3dd6bafd	5			yes					-1	-1	-1	-1	90	
90	89	b80bdd7fa7de2198	4			yes					-1	-1	-1	-1	
91	75	d6f337745473dc18	5			yes					-1	-1	-1	-1	-1	
92	2	df5654e073c9ad86	4			yes					-1	-1	-1	93	
93	92	953d541edb9e2e02	3			yes					-1	94	98	
94	93	3005c790e689a5e3	5			yes					95	96	-1	97	-1	
95	94	f5190ec10a732050	4			yes					-1	-1	-1	-1	
96	94	4846885b56f6d560	4			yes					-1	-1	-1	-1	
97	94	cf4d115eeb467f9f	4			yes					-1	-1	-1	-1	
98	93	2e38c3f4d131ac21	5			yes					99	100	-1	-1	-1	
99	98	eb240aa53dcb2992	4			yes					-1	-1	-1	-1	
100	98	567b8c3f614edca2	4			yes					-1	-1	-1	-1	
101	2	cf56aceb3219ed57	4			yes					-1	-1	-1	-1	
102	1	c01c4d1449bffa2c	4			yes					103	108	112	115	
103	102	03d644bec6fe6a26	3			yes					104	105	107	
104	103	2a0e943cb925b5d7	4			yes					-1	-1	-1	-1	
105	103	a1f3bbc6d5810d28	5			yes					-1	-1	-1	-1	106	
106	105	a5e8008dc88fa4da	4			yes					-1	-1	-1	-1	
107	103	94aa3c8b17454725	5			yes					-1	-1	-1	-1	-1	
108	102	d3caf1a1ce91d0db	3			yes					109	110	111	
109	108	1e4581194ac7c8fa	4			yes					-1	-1	-1	-1	
110	108	7a3ae71ce13a6b37	5			yes					-1	-1	-1	-1	-1	
111	108	4f63605123fe213a	5			yes					-1	-1	-1	-1	-1	
112	102	9a77b5e1a0383979	3			yes					-1	-1	113	
113	112	d01cb51f086fbafd	2			yes					114	-1	
114	113	f045e56667a2b322	5			yes					-1	-1	-1	-1	-1	
115	102	8a774deae1e879a8	3			yes					-1	-1	-1	
116	1	b6f447886ac0db14	4			yes					117	124	132	134	
117	116	753e4e22e5814b1e	3			yes					118	120	121	
118	117	2db2d445a078da27	5			yes					-1	-1	-1	-1	119	
119	118	2e90fdf4fb3288ab	4			yes					-1	-1	-1	-1	
120	117	1fa051dd7ff6c6c1	5			yes					-1	-1	-1	-1	-1	
121	117	ab3c225653ec8067	5			yes					-1	122	-1	-1	-1	
122	121	f387ed13a6bfabe3	4			yes					-1	-1	-1	-1	
123	121	663963457c78c4ec	4			no					-1	-2	-2	-2	
124	116	bf21b442cdc8a435	3			yes					125	127	128	
125	124	94987c44560eafba	5			yes					-1	-1	-1	-1	126	
126	125	97ba55f50d44fd36	4			yes					-1	-1	-1	-1	
127	124	89ef1da97a10f32e	5			yes					-1	-1	-1	-1	-1	
128	124	defcafe047adc797	6			yes					129	130	-1	-1	-1	131	
129	128	1be066b1ab574224	5			yes					-1	-1	-1	-1	-1	
130	128	3bc4e29bbbff5cbd	5			yes					-1	-1	-1	-1	-1	
131	128	576f0ed8712a95f6	5			yes					-1	-1	-1	-1	-1	
132	116	8074fa9e801e6caf	3			yes					-1	-1	133	
133	132	3791a50d9efae216	5			yes					-1	-1	-1	-1	-1	
134	116	fc9f4776c2975890	3			yes					-1	-1	-1	
135	1	4729d7068e1e0e24	4			yes					136	140	144	146	
136	135	84e3deac015f9e2e	3			yes					137	138	-1	
137	136	8796d9356467893f	5			yes					-1	-1	-1	-1	-1	
138	136	940fbae08e32e85d	5			yes					-1	-1	-1	139	-1	
139	138	0e7e9c5e1d26f139	4			yes					-1	-1	-1	-1	
140	135	4efc24cc29167105	3			yes					141	142	-1	
141	140	a0bdd06400d64dae	5			yes					-1	-1	-1	-1	-1	
142	140	3722cf9c61e33234	2			yes					143	-1	
143	142	e0237fbb1f945139	5			yes					-1	-1	-1	-1	-1	
144	135	3ef73c56c6eb4d15	3			yes					-1	-1	145	
145	144	a6063c106d78d930	5			yes					-1	-1	-1	-1	-1	
146	135	b3c1113060bcac1a	3			yes					-1	-1	-1	
147	1	43e771bc5e2d49e1	5			yes					148	154	162	166	167	
148	147	802d7816d16cd9eb	4			yes					149	150	152	153	
149	148	28e4138fd2c8c06f	5			yes					-1	-1	-1	-1	-1	
150	148	25521d4e246f0df7	5			yes					-1	-1	-1	-1	151	
151	150	7fe25ea9e411fbca	4			yes					-1	-1	-1	-1	
152	148	f6c46df05ca8d65f	5			yes					-1	-1	-1	-1	-1	
153	148	2a60e06f067aff45	3			yes					-1	-1	-1	
154	147	4a328276f92536c0	4			yes					155	156	160	161	
155	154	0c17afe824d8cd40	5			yes					-1	-1	-1	-1	-1	
156	154	33ec6926b1d075f1	3			yes					157	158	159	
157	156	9267f9be1465b17e	5			yes					-1	-1	-1	-1	-1	
158	156	78979409842731b6	5			yes					-1	-1	-1	-1	-1	
159	156	a1ed4726a33efb2a	5			yes					-1	-1	-1	-1	-1	
160	154	10597a8310a2f595	3			yes					-1	-1	-1	
161	154	e07f1a0f2e33106e	3			yes					-1	-1	-1	
162	147	3a399aec16d80ad0	4			yes					-1	-1	163	165	
163	162	60526219ff5fc985	3			yes					164	-1	-1	
164	163	2e8f016a45d26a06	5			yes					-1	-1	-1	-1	-1	
165	162	90740295c1ce2c7e	3			yes					-1	-1	-1	
166	147	198c8949b7aa8ab4	4			yes					-1	-1	-1	-1	
167	147	e9aae9c5893b6f4f	4			yes					-1	-1	-1	-1	
168	0	1c2f6d1c3e4447e8	5			yes					-1	169	223	243	257	
169	168	71a7f05dd35457ea	5			yes					170	196	205	217	222	
170	169	85440e0404aa8c97	4			yes					-1	171	180	188	
171	170	c264b6a20e6f880c	6			yes					172	173	175	177	178	179	
172	171	b0ed2b32eadb4499	5			yes					-1	-1	-1	-1	-1	
173	171	cf899004448a4a15	5			yes					-1	-1	-1	-1	174	
174	173	33b5b66cf7c6515c	4			yes					-1	-1	-1	-1	
175	171	87ac995f3bd3ee8b	5			yes					-1	-1	-1	-1	176	
176	175	7b90bf37889ff5c2	4			yes					-1	-1	-1	-1	
177	171	ddd023d2ef382592	5			yes					-1	-1	-1	-1	-1	
178	171	d92427d3c9f6dedc	5			yes					-1	-1	-1	-1	-1	
179	171	3e5890cabd239345	5			yes					-1	-1	-1	-1	-1	
180	170	0ab11d3508324475	6			yes					181	182	184	185	186	187	
181	180	783880a5ec8688e0	5			yes					-1	-1	-1	-1	-1	
182	180	075c3b9342d7866c	5			yes					-1	-1	-1	-1	183	
183	182	704285db4f3a7371	4			yes					-1	-1	-1	-1	
184	180	3bfeb1c9a7051ca5	5			yes					-1	-1	-1	-1	-1	
185	180	1904fd9a6f2eb451	5			yes					-1	-1	-1	-1	-1	
186	180	2a80492d6b975365	5			yes					-1	-1	-1	-1	-1	
187	180	7dafa37d05dfb168	5			yes					-1	-1	-1	-1	-1	
188	170	428604d6df47a2ea	6			yes					189	190	192	193	194	195	
189	188	300f99463bf36e7f	5			yes					-1	-1	-1	-1	-1	
190	188	4f6b227095a260f3	5			yes					-1	-1	-1	-1	191	
191	190	c6f88348a3253292	4			yes					-1	-1	-1	-1	
192	188	73c9a82a7070fa3a	5			yes					-1	-1	-1	-1	-1	
193	188	bedb6296eb55d698	5			yes					-1	-1	-1	-1	-1	
194	188	3be5d0b203f3704f	5			yes					-1	-1	-1	-1	-1	
195	188	cb15a5eee9c0f08b	5			yes					-1	-1	-1	-1	-1	
196	169	9d3ded02dedbd89d	4			yes					-1	197	201	203	
197	196	e4e30652962e9bac	3			yes					198	199	200	
198	197	c8d995eb8672f093	5			yes					-1	-1	-1	-1	-1	
199	197	7085c6d8682beb98	5			yes					-1	-1	-1	-1	-1	
200	197	130bf2dd8f8731b5	5			yes					-1	-1	-1	-1	-1	
201	196	c75615f7375c1bc8	3			yes					202	-1	-1	
202	201	336cbf0c8db4e92a	5			yes					-1	-1	-1	-1	-1	
203	196	d756edfc768c5b19	3			yes					204	-1	-1	
204	203	eabc7d72f0f5f293	5			yes					-1	-1	-1	-1	-1	
205	169	08791b0d9ba114db	4			yes					-1	-1	206	212	
206	205	b49e406384f9726f	6			yes					207	-1	209	-1	-1	211	
207	206	83b4f45e1fe3de39	5			yes					-1	-1	-1	-1	208	
208	207	0c4ba279daad0d1a	4			yes					-1	-1	-1	-1	
209	206	89da015755873637	5			yes					-1	-1	-1	-1	210	
210	209	0625577090c9e514	4			yes					-1	-1	-1	-1	
211	206	3b61164441b7a14c	5			yes					-1	-1	-1	-1	-1	
212	205	d71074666355a842	6			yes					213	-1	214	-1	215	216	
213	212	e03ac05bf84f0414	5			yes					-1	-1	-1	-1	-1	
214	212	ea543552b22bec1a	5			yes					-1	-1	-1	-1	-1	
215	212	b9e89e6d90f855c2	5			yes					-1	-1	-1	-1	-1	
216	212	aed3d0e7f95d3327	5			yes					-1	-1	-1	-1	-1	
217	169	2bcc08a83ad394bf	4			yes					-1	-1	-1	218	
218	217	61a708569284173b	3			yes					219	-1	221	
219	218	8d93f74e239009f1	5			yes					-1	-1	-1	-1	-1	
220	219	807ed1e86975cbe8	4			no					-1	-2	-2	-1	
221	218	561824677c1f431e	5			yes					-1	-1	-1	-1	-1	
222	169	3bccf0a37b03d46e	4			yes					-1	-1	-1	-1	
223	168	3c0783bb0a405e90	4			yes					224	237	240	242	
224	223	c8e47de2ddbe85ed	3			yes					225	227	229	
225	224	02137183ca3a59b2	5			yes					-1	-1	-1	-1	226	
226	225	0131583291700b3e	4			yes					-1	-1	-1	-1	
227	224	122dbe159b465255	5			yes					-1	-1	-1	-1	228	
228	227	365405dbc0747f10	4			yes					-1	-1	-1	-1	
229	224	b0211cdd23fa4c8f	6			yes					230	231	232	234	235	236	
230	229	c2a8814dc74e801a	5			yes					-1	-1	-1	-1	-1	
231	229	3d7508b3269d2c6d	5			yes					-1	-1	-1	-1	-1	
232	229	6952ba1ee82c9342	5			yes					-1	-1	-1	-1	233	
233	232	e0c11b26deabc123	4			yes					-1	-1	-1	-1	
234	229	f956636577dedf18	5			yes					-1	-1	-1	-1	-1	
235	229	e64af1bd48a6b24c	5			yes					-1	-1	-1	-1	-1	
236	229	39b2bde5157d1eee	5			yes					-1	-1	-1	-1	-1	
237	223	880843b19577ef42	3			yes					-1	238	239	
238	237	c939126b977a4c55	5			yes					-1	-1	-1	-1	-1	
239	237	7da561e0bb600af3	5			yes					-1	-1	-1	-1	-1	
240	223	0a873eade09ee92b	3			yes					-1	-1	241	
241	240	a270330babb017e4	5			yes					-1	-1	-1	-1	-1	
242	223	766c8345a217dd14	3			yes					-1	-1	-1	
243	168	cdda1335ee9e8ba0	4			yes					244	251	254	256	
244	243	3939ed6c396050dd	3			yes					245	248	250	
245	244	4e1b4693bb299dc7	6			yes					-1	-1	246	-1	-1	247	
246	245	7ecd3ca32172f178	5			yes					-1	-1	-1	-1	-1	
247	245	a6fe22f67510105b	5			yes					-1	-1	-1	-1	-1	
248	244	40e7063c719513ec	2			yes					249	-1	
249	248	23d0d816014eb4ea	5			yes					-1	-1	-1	-1	-1	
250	244	4cd59ce33e5e3e7d	5			yes					-1	-1	-1	-1	-1	
251	243	79d5d33f71a93a72	3			yes					-1	252	-1	
252	251	4296f95666be62c9	5			yes					-1	-1	-1	253	-1	
253	252	d8e7dfe8f5aa7bad	4			yes					-1	-1	-1	-1	
254	243	b404f865a66bc891	3			yes					-1	-1	255	
255	254	33e7aa1658322cc2	5			yes					-1	-1	-1	-1	-1	
256	243	3932d503003c299e	3			yes					-1	-1	-1	
257	168	c914b58f3eadcc65	5			yes					258	269	273	277	278	
258	257	3df74bd6e9531718	4			yes					259	262	267	268	
259	258	51cff9e0b3389b37	6			yes					-1	-1	260	-1	-1	261	
260	259	611983d02963f788	5			yes					-1	-1	-1	-1	-1	
261	259	15cfafedf0af8f40	5			yes					-1	-1	-1	-1	-1	
262	258	4429a086a1a65429	3			yes					263	265	266	
263	262	51945e130abf54ad	5			yes					-1	-1	-1	-1	264	
264	263	1594081e492840da	4			yes					-1	-1	-1	-1	
265	262	e35537b5657190cd	5			yes					-1	-1	-1	-1	-1	
266	262	3a2fe49a42685a51	5			yes					-1	-1	-1	-1	-1	
267	258	679cb32300d4d44d	3			yes					-1	-1	-1	
268	258	97bad3af3e4531b6	3			yes					-1	-1	-1	
269	257	7d1b7585a19a7db7	4			yes					-1	270	272	-1	
270	269	f3cb5ef8cce38763	5			yes					-1	-1	-1	-1	271	
271	270	a97b1d1f0c9d715e	4			yes					-1	-1	-1	-1	
272	269	205d2e46b4245ccb	5			yes					-1	-1	-1	-1	-1	
273	257	b0ca5edf76588f54	4			yes					-1	-1	274	276	
274	273	eaa1a62a9fdf4c01	3			yes					-1	275	-1	
275	274	f81642dcad5ee092	5			yes					-1	-1	-1	-1	-1	
276	273	1a87c6a6a14ea9fa	3			yes					-1	-1	-1	
277	257	937f4d7ad72a0f30	4			yes					-1	-1	-1	-1	
278	257	63592df6e9bbeacb	4			yes					-1	-1	-1	-1	
279	0	f81f82ad82e37ee3	5			yes					-1	-1	280	328	339	
280	279	4030762bea82cc8b	5			yes					281	304	318	323	327	
281	280	b4d388723d7c17f6	4			yes					282	287	291	296	
282	281	4705b64c25b6f2f5	5			yes					283	284	285	286	-1	
283	282	08b0d35781dec611	4			yes					-1	-1	-1	-1	
284	282	2041eaea37fc4392	4			yes					-1	-1	-1	-1	
285	282	8a00f75f0a22b67e	4			yes					-1	-1	-1	-1	
286	282	cf216e8b6251f310	4			yes					-1	-1	-1	-1	
287	281	95bbc98c56ed3c79	3			yes					288	289	290	
288	287	1a670650a5daeeb6	5			yes					-1	-1	-1	-1	-1	
289	287	348585823f60283d	5			yes					-1	-1	-1	-1	-1	
290	287	f95c178e2d78db79	5			yes					-1	-1	-1	-1	-1	
291	281	f95ea53ee6fadba6	6			yes					-1	292	293	294	-1	295	
292	291	69bf684db81eb2f8	5			yes					-1	-1	-1	-1	-1	
293	291	ad7955706b1116c9	5			yes					-1	-1	-1	-1	-1	
294	291	56da2da47597a90c	5			yes					-1	-1	-1	-1	-1	
295	291	8e401b76eb172ebb	5			yes					-1	-1	-1	-1	-1	
296	281	977af41412207434	6			yes					-1	297	299	301	302	303	
297	296	079b39674cc41d6a	5			yes					-1	-1	-1	-1	298	
298	297	8e08985f7a434f0b	4			yes					-1	-1	-1	-1	
299	296	c35d045a9fcbb95b	5			yes					-1	-1	-1	-1	300	
300	299	4acea562a94ceb3a	4			yes					-1	-1	-1	-1	
301	296	de0d8bac4604e7a3	5			yes					-1	-1	-1	-1	-1	
302	296	c1111974797c8af7	5			yes					-1	-1	-1	-1	-1	
303	296	1ee9552c24a72655	5			yes					-1	-1	-1	-1	-1	
304	280	c58b47acfdbfb023	4			yes					-1	-1	305	310	
305	304	c62c731097c5b0ec	6			yes					306	-1	307	308	-1	309	
306	305	f106c72d0cdf1cba	5			yes					-1	-1	-1	-1	-1	
307	305	920b835e1a2e7d83	5			yes					-1	-1	-1	-1	-1	
308	305	69a8fb8a04a8c246	5			yes					-1	-1	-1	-1	-1	
309	305	b132cd589a2845f1	5			yes					-1	-1	-1	-1	-1	
310	304	a808223a631f1f7e	6			yes					311	-1	313	315	316	317	
311	310	9f229607f805b328	5			yes					-1	-1	-1	-1	312	
312	311	16b1373fce82e149	4			yes					-1	-1	-1	-1	
313	310	fc2fd274eef4d211	5			yes					-1	-1	-1	-1	314	
314	313	75bc734cd8738070	4			yes					-1	-1	-1	-1	
315	310	e17f5d82373b8ce9	5			yes					-1	-1	-1	-1	-1	
316	310	fe63cf5a0843e1bd	5			yes					-1	-1	-1	-1	-1	
317	310	219b830255984d1f	5			yes					-1	-1	-1	-1	-1	
318	280	615837d58113e704	4			yes					-1	-1	319	321	
319	318	3b33cf2068942451	3			yes					-1	320	-1	
320	319	decbe764f08f7ae0	5			yes					-1	-1	-1	-1	-1	
321	318	2b33372b29446480	3			yes					-1	322	-1	
322	321	437f7e5519208077	5			yes					-1	-1	-1	-1	-1	
323	280	1a5b8ede03050fde	4			yes					-1	-1	-1	324	
324	323	50308e20ab528c5a	3			yes					325	326	-1	
325	324	7e7c4f45cd589622	5			yes					-1	-1	-1	-1	-1	
326	324	410e996bbc67fd68	5			yes					-1	-1	-1	-1	-1	
327	280	0a5b76d542d54f0f	4			yes					-1	-1	-1	-1	
328	279	6eb276da4168c435	4			yes					329	334	337	338	
329	328	9a51888396961f48	3			yes					330	332	333	
330	329	1feab90481ab63e0	2			yes					331	-1	
331	330	a1aafef8f2c52b5c	5			yes					-1	-1	-1	-1	-1	
332	329	5155fca7b2e8a7ad	5			yes					-1	-1	-1	-1	-1	
333	329	a7257bc21bf58113	5			yes					-1	-1	-1	-1	-1	
334	328	eb09475d5655b89d	3			yes					-1	335	336	
335	334	f8a0b9d2b09d2ea3	5			yes					-1	-1	-1	-1	-1	
336	334	9857adec6acaea59	5			yes					-1	-1	-1	-1	-1	
337	328	85b009e82e6105eb	3			yes					-1	-1	-1	
338	328	9a5ab0ecafca660b	3			yes					-1	-1	-1	
339	279	6a7cd060915b83f0	5			yes					340	350	356	358	359	
340	339	9e9f2e3946a5588d	4			yes					341	345	347	349	
341	340	1b241fbe51982425	3			yes					342	343	344	
342	341	66339e6cc8abe5b4	5			yes					-1	-1	-1	-1	-1	
343	341	51733f0cea2c7134	5			yes					-1	-1	-1	-1	-1	
344	341	56e2e00685ec8f92	5			yes					-1	-1	-1	-1	-1	
345	340	9eb1be55bdf55b46	6			yes					-1	-1	-1	-1	-1	346	
346	345	dab1e858fe624f31	5			yes					-1	-1	-1	-1	-1	
347	340	c4f4d6ccaf229bd8	3			yes					-1	348	-1	
348	347	eaa6c8123789711b	5			yes					-1	-1	-1	-1	-1	
349	340	34d2b64091b37e23	3			yes					-1	-1	-1	
350	339	efc7e1e78666ff58	4			yes					-1	351	353	355	
351	350	a3bc063061b720f8	5			yes					-1	-1	-1	-1	352	
352	351	f90c45d7a1c9d6c5	4			yes					-1	-1	-1	-1	
353	350	b5ac19126fe13c0d	3			yes					-1	354	-1	
354	353	fcfcd1890dcf5216	5			yes					-1	-1	-1	-1	-1	
355	350	458a799e5170d9f6	3			yes					-1	-1	-1	
356	339	817eaf52fe52422e	4			yes					-1	-1	357	-1	
357	356	10e4be7269c80adb	5			yes					-1	-1	-1	-1	-1	
358	339	3017289578dc40a5	4			yes					-1	-1	-1	-1	
359	339	c0314819464da55e	4			yes					-1	-1	-1	-1	
360	0	dc503d86a6c53f25	5			yes					-1	-1	-1	361	386	
361	360	5ed3d5dcc0f8b9a0	5			yes					362	374	380	383	385	
362	361	aa302b85170662dd	4			yes					363	369	372	373	
363	362	2f8b1a02003b1e75	3			yes					364	367	368	
364	363	6383008255c4ce4e	5			yes					-1	-1	365	366	-1	
365	364	de1e14e929211585	4			yes					-1	-1	-1	-1	
366	364	f9f2263cc6d0d72a	4			yes					-1	-1	-1	-1	
367	363	f5320ffec7414a28	5			yes					-1	-1	-1	-1	-1	
368	363	2251c722b05dc252	5			yes					-1	-1	-1	-1	-1	
369	362	5f6008eaf0fd0fa2	3			yes					-1	370	371	
370	369	147e89f37374fb6b	5			yes					-1	-1	-1	-1	-1	
371	369	910daa6babc37714	6			yes					-1	-1	-1	-1	-1	-1	
372	362	d78d7bd668cac665	3			yes					-1	-1	-1	
373	362	0d5642bb8f0ab56f	3			yes					-1	-1	-1	
374	361	db68e45bd7c5c508	4			yes					-1	375	378	379	
375	374	2e38c734303ea877	3			yes					-1	376	377	
376	375	701f55a7e0515d49	5			yes					-1	-1	-1	-1	-1	
377	375	c726dfaf9f34913d	5			yes					-1	-1	-1	-1	-1	
378	374	a6d5b408a80961b0	3			yes					-1	-1	-1	
379	374	7c0e8d654fc912ba	3			yes					-1	-1	-1	
380	361	ab83f6b32703d4df	4			yes					-1	-1	381	382	
381	380	d63ea6e058cf7067	3			yes					-1	-1	-1	
382	380	0ce59f8dbf0f036d	3			yes					-1	-1	-1	
383	361	236e858fbf341d18	4			yes					-1	-1	-1	384	
384	383	8408ecb12738caaa	3			yes					-1	-1	-1	
385	361	f9b5bce258f46e12	4			yes					-1	-1	-1	-1	
386	360	18c5c9de1af05bbf	5			yes					387	400	405	408	409	
387	386	ec263787cd0e80c2	4			yes					388	393	397	399	
388	387	699d0600da33fc6a	3			yes					389	-1	392	
389	388	668f6fab7e803835	5			yes					-1	-1	-1	-1	390	
390	389	3c3f2c4cbefece08	4			yes					-1	-1	-1	-1	
391	388	827d8e10bfabb2ff	5			no					-1	-1	-1	-1	-2	
392	388	aa794fc8d787518c	5			yes					-1	-1	-1	-1	-1	
393	387	197614e82af5edbd	3			yes					-1	-1	395	
394	393	88816393501bd2af	5			no					-1	-2	-2	-2	-2	
395	393	d376ff3826e79837	6			yes					-1	-1	-1	-1	-1	396	
396	395	5ae55e001060ca56	5			yes					-1	-1	-1	-1	-1	
397	387	f539458a0196e431	6			yes					-1	-1	-1	-1	-1	398	
398	397	b13913874201f046	5			yes					-1	-1	-1	-1	-1	
399	387	466baffe1a18a66c	3			yes					-1	-1	-1	
400	386	9d7ef8590dcd2717	4			yes					-1	401	403	404	
401	400	682edb36ea364a68	3			yes					-1	-1	402	
402	401	4f0e5745f8ee02e3	5			yes					-1	-1	-1	-1	-1	
403	400	a1e6f48019792e46	5			yes					-1	-1	-1	-1	-1	
404	400	37336020dadb01b9	3			yes					-1	-1	-1	
405	386	ed95eab1fd0b36c0	4			yes					-1	-1	406	407	
406	405	e617ca5b2d62de31	5			yes					-1	-1	-1	-1	-1	
407	405	47d872c82a1d106e	3			yes					-1	-1	-1	
408	386	2e4574c8f02eec04	4			yes					-1	-1	-1	-1	
409	386	b28851a7cde67d11	4			yes					-1	-1	-1	-1	
410	0	57a41b260d571168	5			yes					-1	-1	-1	-1	411	
411	410	47576a3cf8e7f728	4			yes					412	425	442	461	
412	411	06be3c7b07b00f6c	5			yes					413	416	420	423	424	
413	412	c57435d188f19f66	4			yes					-1	414	-1	415	
414	413	8fead7c17111fbc5	6			yes					-1	-1	-1	-1	-1	-1	
415	413	fd6ed040a05fbf4c	6			yes					-1	-1	-1	-1	-1	-1	
416	412	0f6bcfb1a0b8704d	4			yes					-1	417	-1	418	
417	416	ba4f9dba17109d7d	6			yes					-1	-1	-1	-1	-1	-1	
418	416	aa4e228ad8bd0554	3			yes					-1	419	-1	
419	418	5217014e6e9895e1	6			yes					-1	-1	-1	-1	-1	-1	
420	412	7f60d72b4f454c5d	4			yes					-1	-1	421	422	
421	420	23be163e9d675eca	6			yes					-1	-1	-1	-1	-1	-1	
422	420	da453a1037403944	3			yes					-1	-1	-1	
423	412	16e4fc0b18b9d903	4			yes					-1	-1	-1	-1	
424	412	a39bd1407fb57a75	4			yes					-1	-1	-1	-1	
425	411	8c4df84867308ae8	5			yes					426	434	437	440	441	
426	425	78ae0611b0ce5195	4			yes					427	428	431	432	
427	426	0edf833c1a4a6dba	6			yes					-1	-1	-1	-1	-1	-1	
428	426	218d3e06f6463c06	6			yes					-1	-1	-1	-1	429	430	
429	428	c4ddc15271ac7a9d	5			yes					-1	-1	-1	-1	-1	
430	428	7b3d7de13638ca3b	5			yes					-1	-1	-1	-1	-1	
431	426	8bae50bac68d7565	6			yes					-1	-1	-1	-1	-1	-1	
432	426	dd8beb2ac8cb248c	3			yes					-1	433	-1	
433	432	c9d5a2f28fce349a	6			yes					-1	-1	-1	-1	-1	-1	
434	425	38423842f8073b3a	4			yes					-1	435	-1	436	
435	434	59739477999d7151	6			yes					-1	-1	-1	-1	-1	-1	
436	434	2bf793f648d335d8	6			yes					-1	-1	-1	-1	-1	-1	
437	425	f59313182fc5c9d9	4			yes					-1	-1	438	439	
438	437	b65f8038a82dab38	6			yes					-1	-1	-1	-1	-1	-1	
439	437	50b6fe2357c0bcc0	3			yes					-1	-1	-1	
440	425	9c17383878395c87	4			yes					-1	-1	-1	-1	
441	425	296815731f35fff1	4			yes					-1	-1	-1	-1	
442	411	2f259da7c8c6c57d	5			yes					443	453	457	459	460	
443	442	dbc663fe1f381e00	4			yes					444	449	450	451	
444	443	b2811e486f5310bb	6			yes					-1	-1	445	446	447	448	
445	444	25edcff72043fcae	5			yes					-1	-1	-1	-1	-1	
446	444	007d54b1bea6d930	5			yes					-1	-1	-1	-1	-1	
447	444	57d1e11ce8b95620	5			yes					-1	-1	-1	-1	-1	
448	444	e8315dafaf2de686	5			yes					-1	-1	-1	-1	-1	
449	443	4ab091864dcbb435	6			yes					-1	-1	-1	-1	-1	-1	
450	443	605eb79be326ca0b	6			yes					-1	-1	-1	-1	-1	-1	
451	443	7ee38ec5673d6b19	3			yes					452	-1	-1	
452	451	5ad982bc16db1827	6			yes					-1	-1	-1	-1	-1	-1	
453	442	aa9eac20dffbb9d5	4			yes					-1	454	455	456	
454	453	e345d4f34fbe3d3b	6			yes					-1	-1	-1	-1	-1	-1	
455	453	5f2c61b59219a141	6			yes					-1	-1	-1	-1	-1	-1	
456	453	0fbb411ba7fecccc	3			yes					-1	-1	-1	
457	442	c427e295a7cf04a3	4			yes					-1	-1	-1	458	
458	457	1b4e03c2953f63c8	6			yes					-1	-1	-1	-1	-1	-1	
459	442	3f7f5dd7d7cf1312	4			yes					-1	-1	-1	-1	
460	442	8a00709cb0c3b064	4			yes					-1	-1	-1	-1	
461	411	2467b7c70d4dbb04	5			yes					462	473	479	480	-1	
462	461	d084499edab36079	4			yes					463	467	-1	-1	
463	462	4e1ab1863d38cea5	6			yes					-1	-1	-1	464	465	466	
464	463	fce6fb7feccd072e	5			yes					-1	-1	-1	-1	-1	
465	463	ab4a4ed2bad2883e	5			yes					-1	-1	-1	-1	-1	
466	463	14aaf261fd463898	5			yes					-1	-1	-1	-1	-1	
467	462	f9cf1712fe7e4847	7			yes					-1	468	-1	469	470	471	472	
468	467	43618059a332d2b5	6			yes					-1	-1	-1	-1	-1	-1	
469	467	44520379829b938c	6			yes					-1	-1	-1	-1	-1	-1	
470	467	63be31ac6d6a5123	6			yes					-1	-1	-1	-1	-1	-1	
471	467	2615a800837e71da	6			yes					-1	-1	-1	-1	-1	-1	
472	467	bdcf411fbde95c30	6			yes					-1	-1	-1	-1	-1	-1	
473	461	a1dc86401a70c7ac	4			yes					-1	474	-1	-1	
474	473	ab6da90b12519dca	6			yes					475	-1	-1	476	477	478	
475	474	9c471d36894b319c	5			yes					-1	-1	-1	-1	-1	
476	474	1991e3f2c3a45441	5			yes					-1	-1	-1	-1	-1	
477	474	4e3d565f95bbdb51	5			yes					-1	-1	-1	-1	-1	
478	474	f1ddeaecd22f6bf7	5			yes					-1	-1	-1	-1	-1	
479	461	d13794a8eab6d67b	4			yes					-1	-1	-1	-1	
480	461	59dae79472811fbc	4			yes					-1	-1	-1	-1	
481	0	05d45803aea5ea13	5			yes					-1	-1	-1	-1	-1	
