Number of nodes
409
ID	PID	Hash_Value			File_Number	Fully_Enumerated	Children
0	-1	86139548afd3f076	6			yes					1	141	246	310	356	408	
1	0	20f47220ba7014bc	5			yes					2	53	72	90	104	
2	1	6a39c41e5c4ae4b8	5			yes					3	14	25	41	52	
3	2	73716e43ca4dda47	4			yes					4	5	7	8	
4	3	6151ede1742ecb32	4			yes					-1	-1	-1	-1	
5	3	99818d039274662c	4			yes					-1	6	-1	-1	
6	5	a49bb651ce1a8951	3			yes					-1	-1	-1	
7	3	c5512fb2f7710c16	4			yes					-1	-1	-1	-1	
8	3	537ab48291f1db6a	3			yes					9	10	12	
9	8	bbaaa309aca3d06f	4			yes					-1	-1	-1	-1	
10	8	09695f118c42079e	5			yes					-1	-1	-1	-1	11	
11	10	dd39c51a29a4f990	4			yes					-1	-1	-1	-1	
12	8	f22dd9dd0fb71942	5			yes					-1	-1	-1	-1	13	
13	12	267d43d6aa51e74c	4			yes					-1	-1	-1	-1	
14	2	128f048d70311061	4			yes					-1	15	19	22	
15	14	ccc17330b5b85bde	5			yes					16	17	-1	-1	18	
16	15	e67b500adb351a3b	4			yes					-1	-1	-1	-1	
17	15	79542fde328bdb33	4			yes					-1	-1	-1	-1	
18	15	f03888537b5bc721	4			yes					-1	-1	-1	-1	
19	14	f651f462f86c4202	5			yes					20	21	-1	-1	-1	
20	19	dcebd75896e103e7	4			yes					-1	-1	-1	-1	
21	19	43c4a88c7f5fc2ef	4			yes					-1	-1	-1	-1	
22	14	cec69e6395c72686	5			yes					23	24	-1	-1	-1	
23	22	e47cbd59fb4a6763	4			yes					-1	-1	-1	-1	
24	22	7b53c28d12f4a66b	4			yes					-1	-1	-1	-1	
25	2	1729178a4b13af5d	4			yes					-1	-1	26	31	
26	25	56b8d51b629d918e	5			yes					27	28	29	-1	30	
27	26	7c02f6210c10d06b	4			yes					-1	-1	-1	-1	
28	26	1f5ca773f7a32ec5	4			yes					-1	-1	-1	-1	
29	26	6ba2ee493ef37ef3	4			yes					-1	-1	-1	-1	
30	26	212973b9d2cbe975	4			yes					-1	-1	-1	-1	
31	25	9a973e32ee9f686f	6			yes					32	34	36	-1	38	40	
32	31	b02d1d088012298a	5			yes					-1	-1	-1	-1	33	
33	32	647d870325f4d784	4			yes					-1	-1	-1	-1	
34	31	d3734c5a7ba1d724	5			yes					-1	-1	-1	-1	35	
35	34	0723d651de47292a	4			yes					-1	-1	-1	-1	
36	31	a78d0560b2f18712	5			yes					-1	-1	-1	-1	37	
37	36	73dd9f6b1717791c	4			yes					-1	-1	-1	-1	
38	31	f4a3a53662aa1343	5			yes					-1	-1	-1	-1	39	
39	38	20f33f3dc74ced4d	4			yes					-1	-1	-1	-1	
40	31	4ec7a4394b799661	5			yes					-1	-1	-1	-1	-1	
41	2	3ce5639bf69980ee	4			yes					-1	-1	-1	42	
42	41	61d3b8fe6d6a76b3	6			yes					43	45	47	49	-1	51	
43	42	4b699bc403e73756	5			yes					-1	-1	-1	-1	44	
44	43	9f3901cfa601c958	4			yes					-1	-1	-1	-1	
45	42	2837ca96f854c9f8	5			yes					-1	-1	-1	-1	46	
46	45	fc67509d5db237f6	4			yes					-1	-1	-1	-1	
47	42	5cc983ac310499ce	5			yes					-1	-1	-1	-1	48	
48	47	889919a794e267c0	4			yes					-1	-1	-1	-1	
49	42	ead6b3cbec84ee79	5			yes					-1	-1	-1	-1	50	
50	49	3e8629c049621077	4			yes					-1	-1	-1	-1	
51	42	b58322f5c88c88bd	5			yes					-1	-1	-1	-1	-1	
52	2	4a321edf07f6e595	4			yes					-1	-1	-1	-1	
53	1	0d7ab1289182834f	4			yes					54	60	65	71	
54	53	a44d0c4733075a7e	3			yes					55	56	57	
55	54	42191a998a55a223	4			yes					-1	-1	-1	-1	
56	54	03e7f6e3ba0cba5e	4			yes					-1	-1	-1	-1	
57	54	18b67ce6eb720616	5			yes					-1	-1	58	-1	59	
58	57	93b377d36a9c9edc	4			yes					-1	-1	-1	-1	
59	57	abdddc34b853a2f6	4			yes					-1	-1	-1	-1	
60	53	dfe0c02b53eabc4a	3			yes					-1	61	62	
61	60	f1effaddb95364a1	4			yes					-1	-1	-1	-1	
62	60	f3243eead3147d7f	5			yes					63	64	-1	-1	-1	
63	62	d99e1dd0bd993c9a	4			yes					-1	-1	-1	-1	
64	62	6b50b9fe13e3e265	4			yes					-1	-1	-1	-1	
65	53	5ba616ad3b51e719	3			yes					-1	-1	66	
66	65	7badcc6c60ede634	2			yes					67	69	
67	66	349b008c42caaf0a	5			yes					-1	-1	-1	-1	68	
68	67	e0cb9a87e72c5104	4			yes					-1	-1	-1	-1	
69	66	9242d57b5b207f2d	5			yes					-1	-1	-1	-1	70	
70	69	46124f70fec68123	4			yes					-1	-1	-1	-1	
71	53	2d716be9ca3e8262	3			yes					-1	-1	-1	
72	1	76f2a89d7c685967	4			yes					73	79	87	89	
73	72	dfc515f2deed8056	3			yes					74	75	76	
74	73	460499264fe21639	4			yes					-1	-1	-1	-1	
75	73	af90aa86e64f7dd7	4			yes					-1	-1	-1	-1	
76	73	7c7df7ae6997766a	5			yes					-1	-1	77	-1	78	
77	76	99f411eb051b9b29	4			yes					-1	-1	-1	-1	
78	76	cf16577c3ab6d28a	4			yes					-1	-1	-1	-1	
79	72	bfcad69326fbb129	3			yes					-1	80	81	
80	79	f9b292bd07661238	4			yes					-1	-1	-1	-1	
81	79	42299064e5aabe71	5			yes					82	83	84	85	86	
82	81	6893b35e8b27ff94	4			yes					-1	-1	-1	-1	
83	81	da5d1770255d216b	4			yes					-1	-1	-1	-1	
84	81	d1644252aecc0fc8	4			yes					-1	-1	-1	-1	
85	81	e20dd27b628ecf51	4			yes					-1	-1	-1	-1	
86	81	81a7340762381e66	4			yes					-1	-1	-1	-1	
87	72	400419a0a3aa3052	3			yes					-1	-1	88	
88	87	5cec27d87a720137	5			yes					-1	-1	-1	-1	-1	
89	72	56f9725c27d4584a	3			yes					-1	-1	-1	
90	1	346b8815ee7d776c	4			yes					91	94	101	103	
91	90	9d5c357a4cf8ae5d	3			yes					92	93	-1	
92	91	84d7614c937301f9	5			yes					-1	-1	-1	-1	-1	
93	91	13d73fb78a1d6818	5			yes					-1	-1	-1	-1	-1	
94	90	fd53f61bb4ee9f22	3			yes					-1	95	100	
95	94	94b234e52b09c10c	5			yes					96	97	-1	98	99	
96	95	be0817df458480e9	4			yes					-1	-1	-1	-1	
97	95	0cc6b3f1ebfe5e16	4			yes					-1	-1	-1	-1	
98	95	aefb0a6b5419738e	4			yes					-1	-1	-1	-1	
99	95	1480d1095983eaec	4			yes					-1	-1	-1	-1	
100	94	a1e750801b414071	5			yes					-1	-1	-1	-1	-1	
101	90	497b5b81f9243c89	3			yes					-1	-1	102	
102	101	cbba074e7d1cdc1d	5			yes					-1	-1	-1	-1	-1	
103	90	1d1f10f5ef4f7a9a	3			yes					-1	-1	-1	
104	1	7d443c5e96ad43d8	5			yes					105	118	132	139	140	
105	104	d473813134289ae9	4			yes					106	108	110	112	
106	105	1c73e9e78f60306c	5			yes					-1	-1	-1	-1	107	
107	106	ea2f0e97eb8d4f74	4			yes					-1	-1	-1	-1	
108	105	253fd5cf36e9c6ca	5			yes					-1	-1	-1	-1	109	
109	108	d36332bf5204b9d2	4			yes					-1	-1	-1	-1	
110	105	a38ea975bef8abad	5			yes					-1	-1	-1	-1	111	
111	110	55d24e05da15d4b5	4			yes					-1	-1	-1	-1	
112	105	e2f40a1fe719c7fd	3			yes					113	115	117	
113	112	fa2f4b1c77a766bc	5			yes					-1	-1	-1	-1	114	
114	113	2e7fd117d24198b2	4			yes					-1	-1	-1	-1	
115	112	c598e078aeb8b423	5			yes					-1	-1	-1	-1	116	
116	115	11c87a730b5e4a2d	4			yes					-1	-1	-1	-1	
117	112	3edc66b42d4daaff	5			yes					-1	-1	-1	-1	-1	
118	104	b47c4250cc3eab96	4			yes					-1	119	124	128	
119	118	0d4d7836ad8978e8	5			yes					120	121	-1	122	123	
120	119	27f75b0cc304390d	4			yes					-1	-1	-1	-1	
121	119	9539ff226d7ee7f2	4			yes					-1	-1	-1	-1	
122	119	6fac29669b57e2d7	4			yes					-1	-1	-1	-1	
123	119	4c28bed7104dc251	4			yes					-1	-1	-1	-1	
124	118	1ef8538201e0cc2e	5			yes					125	126	-1	-1	127	
125	124	344270b86f6d8dcb	4			yes					-1	-1	-1	-1	
126	124	868cd496c1175334	4			yes					-1	-1	-1	-1	
127	124	9ae4d10be15f5548	4			yes					-1	-1	-1	-1	
128	118	82fbc97e1f0ff682	3			yes					-1	129	-1	
129	128	16d5843fd9519fbb	5			yes					130	131	-1	-1	-1	
130	129	3c6fa705b7dcde5e	4			yes					-1	-1	-1	-1	
131	129	8ea1032b19a600a1	4			yes					-1	-1	-1	-1	
132	104	0054efca81f4083d	4			yes					-1	-1	133	138	
133	132	74a5044c67bd5042	5			yes					134	135	136	-1	137	
134	133	5e1f2776093011a7	4			yes					-1	-1	-1	-1	
135	133	ecd18358a74acf58	4			yes					-1	-1	-1	-1	
136	133	49bf3f1e3bd3bf3f	4			yes					-1	-1	-1	-1	
137	133	f0b986c58702c924	4			yes					-1	-1	-1	-1	
138	132	36d364e452c55529	3			yes					-1	-1	-1	
139	104	2b989bdb3c7e278e	4			yes					-1	-1	-1	-1	
140	104	4bc3b770459c1ecc	4			yes					-1	-1	-1	-1	
141	0	57d26756599d82e9	5			yes					-1	142	188	204	217	
142	141	54e7de3bf46160b2	5			yes					143	161	171	183	187	
143	142	bd1896de8af0ad82	4			yes					144	147	151	155	
144	143	32faeb0a3ad5e4bd	5			yes					-1	-1	145	-1	146	
145	144	a4c17c0646b41181	4			yes					-1	-1	-1	-1	
146	144	6d7a3f3f6217467b	4			yes					-1	-1	-1	-1	
147	143	dea52e0334cd99a2	5			yes					-1	148	-1	149	150	
148	147	58fb96bc15f19d8b	4			yes					-1	-1	-1	-1	
149	147	d075d465ada8f1b6	4			yes					-1	-1	-1	-1	
150	147	8125fa366c0f3b64	4			yes					-1	-1	-1	-1	
151	143	accdfe5abe8d6f26	5			yes					-1	152	153	-1	154	
152	151	2a9346e59fb16b0f	4			yes					-1	-1	-1	-1	
153	151	a2b8bff7e8d4da29	4			yes					-1	-1	-1	-1	
154	151	4afdd877eeffc0f6	4			yes					-1	-1	-1	-1	
155	143	2bfc13808415967c	5			yes					156	157	158	159	160	
156	155	f5fd23389b32d4f3	4			yes					-1	-1	-1	-1	
157	155	ada2ab3fa5299255	4			yes					-1	-1	-1	-1	
158	155	2589522dd24c2373	4			yes					-1	-1	-1	-1	
159	155	a0ec564c2ba05b68	4			yes					-1	-1	-1	-1	
160	155	dd3a8c66c7f73ebd	4			yes					-1	-1	-1	-1	
161	142	914395076a29db38	4			yes					-1	162	163	164	
162	161	9896775aa10bdef9	4			yes					-1	-1	-1	-1	
163	161	3a9fc6e0506118b0	4			yes					-1	-1	-1	-1	
164	161	b1484fc63195da15	3			yes					165	167	169	
165	164	de119fed3136e29b	5			yes					-1	-1	166	-1	-1	
166	165	482a08e14d5717a7	4			yes					-1	-1	-1	-1	
167	164	d8486d7cc7e943ad	5			yes					-1	-1	-1	-1	168	
168	167	0c18f777620fbda3	4			yes					-1	-1	-1	-1	
169	164	0de3308fa8a70de4	5			yes					-1	-1	-1	-1	170	
170	169	d9b3aa840d41f3ea	4			yes					-1	-1	-1	-1	
171	142	5a8c7e9d11b613c1	4			yes					-1	-1	172	175	
172	171	bd37b948396ccb34	5			yes					-1	173	174	-1	-1	
173	172	f4d3cb20ac52747f	4			yes					-1	-1	-1	-1	
174	172	979c02f9c7b245c5	4			yes					-1	-1	-1	-1	
175	171	8429d43d86677893	6			yes					176	178	180	-1	-1	182	
176	175	8fdacb0d4de54e90	5			yes					-1	-1	-1	-1	177	
177	176	5b8a5106e803b09e	4			yes					-1	-1	-1	-1	
178	175	cdcda6551359c7d8	5			yes					-1	-1	-1	-1	179	
179	178	199d3c5eb6bf39d6	4			yes					-1	-1	-1	-1	
180	175	ae826f8c78b9f662	5			yes					-1	-1	-1	-1	181	
181	180	7ad2f587dd5f086c	4			yes					-1	-1	-1	-1	
182	175	50794e362381869d	5			yes					-1	-1	-1	-1	-1	
183	142	023b79be5eb204e4	4			yes					-1	-1	-1	184	
184	183	2230a37f050e05c9	3			yes					185	-1	186	
185	184	793cf0df2ded701c	5			yes					-1	-1	-1	-1	-1	
186	184	f1a59e617324a6f6	5			yes					-1	-1	-1	-1	-1	
187	142	74ec04faafdd619f	4			yes					-1	-1	-1	-1	
188	141	a06f1c05b9312b00	4			yes					189	197	201	203	
189	188	499054e0c7a0e630	3			yes					190	191	192	
190	189	f8faee426c04585a	4			yes					-1	-1	-1	-1	
191	189	b39f7decee60dab9	4			yes					-1	-1	-1	-1	
192	189	040a78c99ad9f8ad	5			yes					193	194	195	-1	196	
193	192	da0b487185feba22	4			yes					-1	-1	-1	-1	
194	192	da32331951d37939	4			yes					-1	-1	-1	-1	
195	192	63939d14d49b122c	4			yes					-1	-1	-1	-1	
196	192	c784dcaa1d4b58ba	4			yes					-1	-1	-1	-1	
197	188	ff022319faefa528	3			yes					-1	-1	198	
198	197	ae7879b31280e9ad	5			yes					199	-1	-1	-1	200	
199	198	a58b6683d902dfae	4			yes					-1	-1	-1	-1	
200	198	1d13d96141a14d4d	4			yes					-1	-1	-1	-1	
201	188	9699ad3866f34235	3			yes					-1	-1	202	
202	201	ac35eeae8ab45680	5			yes					-1	-1	-1	-1	-1	
203	188	8064c6c4e28d2a2d	3			yes					-1	-1	-1	
204	141	e2f63c8d2b24050b	4			yes					205	212	214	216	
205	204	0b09746855b5c83b	3			yes					206	207	210	
206	205	5116a0c37389769a	5			yes					-1	-1	-1	-1	-1	
207	205	de9fdbb4c20f098d	5			yes					-1	-1	-1	208	209	
208	207	e4d6e53abd1fbb0f	4			yes					-1	-1	-1	-1	
209	207	5ead3e58b085226d	4			yes					-1	-1	-1	-1	
210	205	a3acc5e90004603f	5			yes					-1	-1	-1	-1	211	
211	210	03a3acc2e5d3ea81	4			yes					-1	-1	-1	-1	
212	204	bd9b039168fa8b23	3			yes					-1	213	-1	
213	212	4c809dc0b57a9065	5			yes					-1	-1	-1	-1	-1	
214	204	9fe6ef193c7d4eee	3			yes					-1	-1	215	
215	214	3b63ce388dda8baa	5			yes					-1	-1	-1	-1	-1	
216	204	cb82a46d2a1608fd	3			yes					-1	-1	-1	
217	141	abd988c653f431bf	5			yes					218	231	238	244	245	
218	217	4226c0232d65fc8f	4			yes					219	221	225	227	
219	218	4c6f9d1e35b106dd	5			yes					-1	-1	-1	-1	220	
220	219	ba337a6e515c79c5	4			yes					-1	-1	-1	-1	
221	218	47609767448fb069	5			yes					-1	222	223	-1	224	
222	221	9958dcb78f8531fd	4			yes					-1	-1	-1	-1	
223	221	23bdecd95f37e39d	4			yes					-1	-1	-1	-1	
224	221	06055186f94b0ad0	4			yes					-1	-1	-1	-1	
225	218	a2b851ba5b6a3a6b	5			yes					-1	-1	-1	-1	226	
226	225	e5aa3ff305a4c700	4			yes					-1	-1	-1	-1	
227	218	74a14b0dfe54a19b	3			yes					228	229	230	
228	227	60242be112c0b82c	4			yes					-1	-1	-1	-1	
229	227	5cf86b6e3057573a	5			yes					-1	-1	-1	-1	-1	
230	227	56c19f21568563e0	5			yes					-1	-1	-1	-1	-1	
231	217	f4b4b7da102abf97	4			yes					-1	232	234	236	
232	231	404d865c2a3fb03d	5			yes					-1	-1	-1	-1	233	
233	232	075fe81574f14d56	4			yes					-1	-1	-1	-1	
234	231	922d087fab67020c	5			yes					-1	-1	-1	-1	235	
235	234	6471ef0fcf8a7d14	4			yes					-1	-1	-1	-1	
236	231	c2333cf4c31be283	3			yes					-1	237	-1	
237	236	b43448c727d0e9b6	5			yes					-1	-1	-1	-1	-1	
238	217	d6c95b5244ad7a5a	4			yes					-1	-1	239	243	
239	238	847ccd3a977b07f5	5			yes					240	241	242	-1	-1	
240	239	8f8fd20a5cf931f6	4			yes					-1	-1	-1	-1	
241	239	cd98bf520245b8be	4			yes					-1	-1	-1	-1	
242	239	b966f668cb15e888	4			yes					-1	-1	-1	-1	
243	238	e04ed07c979c274e	3			yes					-1	-1	-1	
244	217	fd052f43f92755e9	4			yes					-1	-1	-1	-1	
245	217	9d5e03e880c56cab	4			yes					-1	-1	-1	-1	
246	0	7e4e5db24c139b95	5			yes					-1	-1	247	277	285	
247	246	79b5302b161f3a9e	5			yes					248	260	268	272	276	
248	247	904a78ce688ef7ae	4			yes					249	254	255	257	
249	248	8320f5778f0d7b63	5			yes					-1	250	251	-1	253	
250	249	a4d8492c11dd4604	4			yes					-1	-1	-1	-1	
251	249	66a91332e3819620	4			yes					-1	-1	-1	252	
252	251	3929c707bb4334e6	3			yes					-1	-1	-1	
253	249	dca02142d7cfd9a5	4			yes					-1	-1	-1	-1	
254	248	bd4c68a8b0a270b8	4			yes					-1	-1	-1	-1	
255	248	8123f19f9e280598	5			yes					-1	-1	256	-1	-1	
256	255	7ce05f252bcfe73f	4			yes					-1	-1	-1	-1	
257	248	b826dbd860bd6068	5			yes					-1	258	259	-1	-1	
258	257	5dc4d4b8d7cbb775	4			yes					-1	-1	-1	-1	
259	257	45e57562d55a82cf	4			yes					-1	-1	-1	-1	
260	247	d5cc3d5e38f3008d	4			yes					-1	261	262	265	
261	260	ad381b33b78a65ad	4			yes					-1	-1	-1	-1	
262	260	2228ff6fefe7c619	5			yes					263	-1	264	-1	-1	
263	262	29dbe05f2465f01a	4			yes					-1	-1	-1	-1	
264	262	dfeb51d55a0024be	4			yes					-1	-1	-1	-1	
265	260	1b2dd5281172a3e9	5			yes					266	-1	267	-1	-1	
266	265	10deca18daf095ea	4			yes					-1	-1	-1	-1	
267	265	e6ee7b92a495414e	4			yes					-1	-1	-1	-1	
268	247	335138d4a1129258	4			yes					-1	-1	-1	269	
269	268	135ae215faae9375	3			yes					270	271	-1	
270	269	71cda42ee1e4cb14	5			yes					-1	-1	-1	-1	-1	
271	269	61b9d7b5e6ccde01	5			yes					-1	-1	-1	-1	-1	
272	247	2f6997aebccc5ec8	4			yes					-1	-1	-1	273	
273	272	0f624d6fe7705fe5	3			yes					274	275	-1	
274	273	cdb1d6b6d460685a	5			yes					-1	-1	-1	-1	-1	
275	273	6ebad846a5afabdb	5			yes					-1	-1	-1	-1	-1	
276	247	59beeaea4da33bb3	4			yes					-1	-1	-1	-1	
277	246	be68ac739327c5d0	4			yes					278	281	283	284	
278	277	5797e496edb608e0	3			yes					279	280	-1	
279	278	c573a8f67397fa7b	5			yes					-1	-1	-1	-1	-1	
280	278	ce3f4517b7bd4411	5			yes					-1	-1	-1	-1	-1	
281	277	1211a106bdcbffc3	3			yes					-1	282	-1	
282	281	de4b368cb0955104	5			yes					-1	-1	-1	-1	-1	
283	277	6cf2dd70514ffad5	3			yes					-1	-1	-1	
284	277	971c34939215c826	3			yes					-1	-1	-1	
285	246	f7471838ebf7f164	5			yes					286	298	305	308	309	
286	285	1eb850dd95663c54	4			yes					287	291	293	295	
287	286	f53ea27b64635147	5			yes					-1	288	289	-1	290	
288	287	d2c61e20fab36c20	4			yes					-1	-1	-1	-1	
289	287	7e3ba94ee58dc98d	4			yes					-1	-1	-1	-1	
290	287	b22ccc323aadac2c	4			yes					-1	-1	-1	-1	
291	286	14e6b17d402d5ddd	5			yes					-1	-1	-1	-1	292	
292	291	e2ba560d24c022c5	4			yes					-1	-1	-1	-1	
293	286	610a7796f28d65b3	5			yes					-1	-1	-1	-1	294	
294	293	34edc36e0508d5a8	4			yes					-1	-1	-1	-1	
295	286	283fdbf346576140	3			yes					296	-1	297	
296	295	01476ce0698c08cc	5			yes					-1	-1	-1	-1	-1	
297	295	072cebc6c61a6542	5			yes					-1	-1	-1	-1	-1	
298	285	5b3e154dc51bcb77	4			yes					-1	299	301	303	
299	298	0492c2e6470548c8	5			yes					-1	-1	-1	-1	300	
300	299	f2ce259623e837d0	4			yes					-1	-1	-1	-1	
301	298	c20179668342a632	5			yes					-1	-1	-1	-1	302	
302	301	97e6cd9e74c71629	4			yes					-1	-1	-1	-1	
303	298	6db99e63162a9663	3			yes					-1	-1	304	
304	303	a427e536b7d5a6c3	5			yes					-1	-1	-1	-1	-1	
305	285	25dd693b299fce61	4			yes					-1	-1	306	-1	
306	305	52c5c44e11f94294	5			yes					-1	-1	-1	-1	307	
307	306	a499233e75143d8c	4			yes					-1	-1	-1	-1	
308	285	a19bbfbd41249532	4			yes					-1	-1	-1	-1	
309	285	c1c0931638c6ac70	4			yes					-1	-1	-1	-1	
310	0	ae150a7009994938	5			yes					-1	-1	-1	311	327	
311	310	d59162e8cacc3bf4	5			yes					312	317	321	324	326	
312	311	3c6e2a0db45df6c4	4			yes					313	314	315	316	
313	312	2f8d01491a937fe9	5			yes					-1	-1	-1	-1	-1	
314	312	d6455f8e05ed7411	5			yes					-1	-1	-1	-1	-1	
315	312	3f5107aa4b0afe75	3			yes					-1	-1	-1	
316	312	fb29d4fa248f3a1a	5			yes					-1	-1	-1	-1	-1	
317	311	79e86f9de42001e7	4			yes					-1	318	319	320	
318	317	c6312c1502c56104	5			yes					-1	-1	-1	-1	-1	
319	317	7ad7423a1b770956	3			yes					-1	-1	-1	
320	317	53becb9c287f5007	5			yes					-1	-1	-1	-1	-1	
321	311	1ca91ce6905fd3ba	4			yes					-1	-1	322	323	
322	321	1f9631416f08db0b	3			yes					-1	-1	-1	
323	321	4a0a8e37cf7a404c	5			yes					-1	-1	-1	-1	-1	
324	311	d6ae4f4f359b3345	4			yes					-1	-1	-1	325	
325	324	8cbe3b9e0aee1f6d	3			yes					-1	-1	-1	
326	311	8f811639f5b917dc	4			yes					-1	-1	-1	-1	
327	310	8ccf018d061d2b4c	5			yes					328	341	350	354	355	
328	327	65304968788ce67c	4			yes					329	333	336	338	
329	328	1fc00bc40d67d4d5	5			yes					-1	330	331	-1	332	
330	329	bc4af35017d119a9	4			yes					-1	-1	-1	-1	
331	329	fa49ed8161eb3996	4			yes					-1	-1	-1	-1	
332	329	58d2658d53a929be	4			yes					-1	-1	-1	-1	
333	328	e60855031219df2d	5			yes					-1	-1	334	-1	335	
334	333	a914ef453ced9cc3	4			yes					-1	-1	-1	-1	
335	333	a11a3b4a4cd72246	4			yes					-1	-1	-1	-1	
336	328	7f6982efff311527	5			yes					-1	-1	-1	-1	337	
337	336	8935659f9bdc6a3f	4			yes					-1	-1	-1	-1	
338	328	53b7c246abbdbb68	3			yes					339	340	-1	
339	338	ebb9c55f00888d5e	5			yes					-1	-1	-1	-1	-1	
340	338	12719b981ff686a6	5			yes					-1	-1	-1	-1	-1	
341	327	20b60cf828f1115f	4			yes					-1	342	346	348	
342	341	f67c26981531ca38	5			yes					343	-1	344	-1	345	
343	342	fd8f39a8deb3fc3b	4			yes					-1	-1	-1	-1	
344	342	b9609cde3bc589d6	4			yes					-1	-1	-1	-1	
345	342	b16e48d14bff3753	4			yes					-1	-1	-1	-1	
346	341	d4f6663c1b969a87	5			yes					-1	-1	-1	-1	347	
347	346	22aa814c7f7be59f	4			yes					-1	-1	-1	-1	
348	341	163187d6fbc04c4b	3			yes					-1	349	-1	
349	348	0205e80318de93b3	5			yes					-1	-1	-1	-1	-1	
350	327	45f77f835c8ec302	4			yes					-1	-1	351	353	
351	350	1ea6fd579a860892	5			yes					-1	-1	-1	-1	352	
352	351	e8fa1a27fe6b778a	4			yes					-1	-1	-1	-1	
353	350	7370f4ad8fbf9e16	3			yes					-1	-1	-1	
354	327	ba39b0b0d9df4279	4			yes					-1	-1	-1	-1	
355	327	ba488aa3d52c7658	4			yes					-1	-1	-1	-1	
356	0	b7e5bc14fc0d64e1	5			yes					-1	-1	-1	-1	357	
357	356	a77d42b4a66744f8	4			yes					358	371	384	397	
358	357	72ee446bac8e9bb3	5			yes					359	362	367	369	370	
359	358	dbd9f9040e0b4282	4			yes					-1	-1	-1	360	
360	359	60532ce1727cc355	6			yes					-1	-1	-1	-1	-1	361	
361	360	c23040491deb0481	5			yes					-1	-1	-1	-1	-1	
362	358	bbd63a65f61d73fd	4			yes					-1	363	-1	365	
363	362	761b4d14cce14bc1	6			yes					-1	-1	-1	-1	-1	364	
364	363	8047aa64a80c34d9	5			yes					-1	-1	-1	-1	-1	
365	362	6bb58e48f3697f34	3			yes					-1	366	-1	
366	365	2224c6ccc79bf30d	6			yes					-1	-1	-1	-1	-1	-1	
367	358	0ffe97ffbbd7d056	4			yes					-1	-1	-1	368	
368	367	df9d23d2bea3dc9f	3			yes					-1	-1	-1	
369	358	cd7ca4d8ea3b7653	4			yes					-1	-1	-1	-1	
370	358	a28df046a9fa977a	4			yes					-1	-1	-1	-1	
371	357	a473f0f369d7e9d4	5			yes					372	377	380	382	383	
372	371	4d8cb816174624e4	4			yes					-1	373	-1	375	
373	372	3c36a24525e78340	6			yes					-1	-1	-1	-1	-1	374	
374	373	ca6a4535410afc58	5			yes					-1	-1	-1	-1	-1	
375	372	9def0c3b1232282d	3			yes					-1	376	-1	
376	375	6809299d2e9d3b8c	6			yes					-1	-1	-1	-1	-1	-1	
377	371	fb1ecfef2a0967fc	4			yes					-1	-1	-1	378	
378	377	51f08deb67e36af4	6			yes					-1	-1	-1	-1	-1	379	
379	378	f393e1430874ad20	5			yes					-1	-1	-1	-1	-1	
380	371	d96323677e8ea231	4			yes					-1	-1	-1	381	
381	380	0900974a7bfaaef8	3			yes					-1	-1	-1	
382	371	1be110402f620434	4			yes					-1	-1	-1	-1	
383	371	741044de6ca3e51d	4			yes					-1	-1	-1	-1	
384	357	f8ed600dd1d4290f	5			yes					385	390	392	395	396	
385	384	111228e8af45e43f	4			yes					386	-1	-1	388	
386	385	27dad107947f70b6	6			yes					-1	-1	-1	-1	-1	387	
387	386	d1863677f0920fae	5			yes					-1	-1	-1	-1	-1	
388	385	c1719cc5aa31e8f6	3			yes					389	-1	-1	
389	388	73e55adf9f05c87a	6			yes					-1	-1	-1	-1	-1	-1	
390	384	54946d78ff38131c	4			yes					-1	-1	-1	391	
391	390	84f7d955fa4c1fd5	3			yes					-1	-1	-1	
392	384	2a77110e13bc160a	4			yes					-1	-1	-1	393	
393	392	71540780e1db4a3b	6			yes					-1	-1	-1	-1	-1	394	
394	393	d3376b288e4c8def	5			yes					-1	-1	-1	-1	-1	
395	384	477f80be9761c4ef	4			yes					-1	-1	-1	-1	
396	384	288ed420d4a025c6	4			yes					-1	-1	-1	-1	
397	357	40feb796deef643f	5			yes					398	403	406	407	-1	
398	397	a901ff73a07ea90f	4			yes					399	401	-1	-1	
399	398	cd2478b8fd7bf524	6			yes					-1	-1	-1	-1	-1	400	
400	399	3b789fc899968a3c	5			yes					-1	-1	-1	-1	-1	
401	398	34ec267fe205fedc	6			yes					-1	-1	-1	-1	-1	402	
402	401	c2b0c10f86e881c4	5			yes					-1	-1	-1	-1	-1	
403	397	ec87bae3f0035e2c	4			yes					-1	404	-1	-1	
404	403	249855e4e52debc9	6			yes					-1	-1	-1	-1	-1	405	
405	404	d2c4b29481c094d1	5			yes					-1	-1	-1	-1	-1	
406	397	89c6c998847c8c71	4			yes					-1	-1	-1	-1	
407	397	43c19a3121b86c8e	4			yes					-1	-1	-1	-1	
408	0	968b6be8f5b9d06f	5			yes					-1	-1	-1	-1	-1	
