Number of nodes
189
ID	PID	Hash_Value			File_Number	Fully_Enumerated	Children
0	-1	25ef55376e0fcbd3	5			yes					1	39	72	106	140	
1	0	3201bdef0b34efac	5			yes					2	13	29	35	38	
2	1	fd705cb180e6cf0f	4			yes					3	5	7	10	
3	2	7dad438a966cd5bd	4			yes					-1	-1	-1	4	
4	3	68d572ef2d4ebf8f	3			yes					-1	-1	-1	
5	2	c4eb18ec7bdc7f47	4			yes					-1	6	-1	-1	
6	5	ec995cd44f5c0c1c	3			yes					-1	-1	-1	
7	2	26de86a839472a23	5			yes					-1	-1	-1	-1	9	
8	7	8638e13ad8e8dfd0	4			no					-1	-2	-1	-2	
9	7	4403481224611f0a	4			yes					-1	-1	-1	-1	
10	2	e355c14d4aea4632	5			yes					-1	11	-1	-1	-1	
11	10	cb2785757e6a3569	4			yes					-1	-1	-1	-1	
12	10	43b3a6dfab45b3c1	4			yes					-1	-1	-1	-1	
13	1	d193c91a9e905d6d	4			yes					-1	14	23	27	
14	13	b75b2fe0efbdf668	3			yes					15	16	20	
15	14	12ff48c267c6f4c3	4			yes					-1	-1	-1	-1	
16	14	016b15cdc577aa85	5			yes					17	18	-1	-1	19	
17	16	81023487f47c2503	4			yes					-1	-1	-1	-1	
18	16	6894139afd340290	4			yes					-1	-1	-1	-1	
19	16	63b6db77d8519fac	4			yes					-1	-1	-1	-1	
20	14	c4e05228b6dac694	5			yes					21	22	-1	-1	-1	
21	20	4489736287d14912	4			yes					-1	-1	-1	-1	
22	20	ad1f547f8e996e81	4			yes					-1	-1	-1	-1	
23	13	1e8071c5d668f0ab	3			yes					24	-1	25	
24	23	8ea3db959f6459e7	4			yes					-1	-1	-1	-1	
25	23	fd945a7046fca736	5			yes					-1	-1	-1	-1	26	
26	25	b87c3a99e1c8611d	4			yes					-1	-1	-1	-1	
27	13	66aabf7bb2072660	3			yes					28	-1	-1	
28	27	bccfe8a870df04fe	4			yes					-1	-1	-1	-1	
29	1	54c95b157a1944a9	4			yes					-1	-1	30	33	
30	29	9bdae3ca32e1e96f	3			yes					31	-1	32	
31	30	40a423f01b9e65fa	4			yes					-1	-1	-1	-1	
32	30	f3cd2e00b1401eab	5			yes					-1	-1	-1	-1	-1	
33	29	e3f02d74568e3fa4	3			yes					34	-1	-1	
34	33	52512dd53943e76d	4			yes					-1	-1	-1	-1	
35	1	fd12053043cc426a	4			yes					-1	-1	-1	36	
36	35	4a2b73516f5b3967	3			yes					37	-1	-1	
37	36	5b898857a7abad1b	5			yes					-1	-1	-1	-1	-1	
38	1	8538cb8e27a394a1	4			yes					-1	-1	-1	-1	
39	0	0c8d204ce4da81df	5			yes					40	55	62	68	71	
40	39	231f2ff57102cf53	4			yes					41	43	49	53	
41	40	7980518270868ecb	4			yes					-1	-1	-1	42	
42	41	6cf860e7cba4e4f9	3			yes					-1	-1	-1	
43	40	45d7c90f002f6456	3			yes					44	46	47	
44	43	b9cb2355bb25a453	4			yes					-1	-1	-1	45	
45	44	07f5abd89a61b660	3			yes					-1	-1	-1	
46	43	597ce6af39d0f76d	4			yes					-1	-1	-1	-1	
47	43	3706090708e8b3e0	5			yes					-1	-1	-1	-1	48	
48	47	f156574215300c27	4			yes					-1	-1	-1	-1	
49	40	ec0c972a39fa6295	3			yes					50	-1	51	
50	49	c22ccaebedc92b56	4			yes					-1	-1	-1	-1	
51	49	4565b3ac14e37c7a	5			yes					-1	-1	-1	-1	52	
52	51	e6a3647f8617f635	4			yes					-1	-1	-1	-1	
53	40	942659945d95b45e	3			yes					54	-1	-1	
54	53	b8e2faa096355f88	4			yes					-1	-1	-1	-1	
55	39	317027fd809a3342	4			yes					-1	56	58	61	
56	55	7cd46b4e74dcbd6f	4			yes					57	-1	-1	-1	
57	56	1efc68e2f2192914	3			yes					-1	-1	-1	
58	55	9ee1f50a3647e80b	5			yes					-1	-1	-1	-1	60	
59	58	fcc9f6a6b0827c70	4			no					-1	-2	-1	-2	
60	58	fc3c3bb02b61dd22	4			yes					-1	-1	-1	-1	
61	55	5b6ab2ef45ea841a	5			yes					-1	-1	-1	-1	-1	
62	39	6a45c6b695f72ada	4			yes					-1	-1	63	66	
63	62	a5567e69dd0f871c	3			yes					-1	64	65	
64	63	f89b5052149ea7d2	4			yes					-1	-1	-1	-1	
65	63	58e0e4da3babb4ca	5			yes					-1	-1	-1	-1	-1	
66	62	dd7cb0d7b96051d7	3			yes					-1	67	-1	
67	66	ea6e5e7736432545	4			yes					-1	-1	-1	-1	
68	39	c39e9893ac222c19	4			yes					-1	-1	-1	69	
69	68	74a7eef280b55714	3			yes					-1	70	-1	
70	69	e3b6fbf5a8ab6f33	5			yes					-1	-1	-1	-1	-1	
71	39	bbb4562dc84dfad2	4			yes					-1	-1	-1	-1	
72	0	a6dc4ed3770849c4	5			yes					73	88	97	102	105	
73	72	894e416ae2d00748	4			yes					74	81	82	86	
74	73	0bfde8b612a4c476	3			yes					-1	75	79	
75	74	9119c6ff1426b4b1	5			yes					-1	76	77	-1	78	
76	75	0eacc2900dc75978	4			yes					-1	-1	-1	-1	
77	75	31ffa16df5894142	4			yes					-1	-1	-1	-1	
78	75	f3c4084509008198	4			yes					-1	-1	-1	-1	
79	74	5492811a678bd8a0	5			yes					-1	-1	80	-1	-1	
80	79	f474e68886242d53	4			yes					-1	-1	-1	-1	
81	73	be3767b834b7a102	4			yes					-1	-1	-1	-1	
82	73	465df9b5aa28aa8e	3			yes					-1	83	84	
83	82	b36f48bdcedec256	4			yes					-1	-1	-1	-1	
84	82	554367cae9048d7f	5			yes					-1	-1	-1	-1	85	
85	84	f685b0197bf00730	4			yes					-1	-1	-1	-1	
86	73	3e77370bce477c45	3			yes					-1	87	-1	
87	86	7f55cc9ad2047041	4			yes					-1	-1	-1	-1	
88	72	246fe70f877c8afa	4			yes					-1	89	91	95	
89	88	4780df24c0d48450	4			yes					90	-1	-1	-1	
90	89	25a8dc884611102b	3			yes					-1	-1	-1	
91	88	eb7c5fd0cf84273c	3			yes					-1	92	93	
92	91	b3a2847e5be11583	4			yes					-1	-1	-1	-1	
93	91	35e1c3bb0df963f6	5			yes					-1	-1	-1	-1	94	
94	93	7009a352aacda5dd	4			yes					-1	-1	-1	-1	
95	88	9356916eabebf1f7	3			yes					-1	96	-1	
96	95	864aad2496068e39	4			yes					-1	-1	-1	-1	
97	72	d50b68db01c35b79	4			yes					-1	-1	98	100	
98	97	e32a372b72b9b178	5			yes					-1	-1	-1	-1	99	
99	98	81f7f9916f9f8451	4			yes					-1	-1	-1	-1	
100	97	26a170ce0114dd69	5			yes					-1	101	-1	-1	-1	
101	100	4f5e76993957757c	4			yes					-1	-1	-1	-1	
102	72	69cff60c3ff0e402	4			yes					-1	-1	-1	103	
103	102	def6806d13679f0f	3			yes					-1	-1	104	
104	103	9e7d39d4ec553640	5			yes					-1	-1	-1	-1	-1	
105	72	11e538b25b9f32c9	4			yes					-1	-1	-1	-1	
106	0	810c67fb2a82175f	5			yes					107	120	131	137	139	
107	106	ae9e6842bf5a59d3	4			yes					108	114	117	118	
108	107	2c2dc19e4f2e9aed	3			yes					109	111	112	
109	108	bab8bce94e8d765e	4			yes					-1	110	-1	-1	
110	109	8b642697cdb9c2bb	3			yes					-1	-1	-1	
111	108	04e6ba6c266ed372	4			yes					-1	-1	-1	-1	
112	108	8f076e5c0a175b2c	5			yes					-1	113	-1	-1	-1	
113	112	a7752a643e972877	4			yes					-1	-1	-1	-1	
114	107	4d0c1cb72afeeb12	3			yes					-1	115	116	
115	114	2a272c489d3e481e	4			yes					-1	-1	-1	-1	
116	114	6c1f9a0cfc5120fe	4			yes					-1	-1	-1	-1	
117	107	9bdfe0d2196ba371	4			yes					-1	-1	-1	-1	
118	107	19a71e2393cd22de	3			yes					-1	-1	119	
119	118	4cd0506f4a72e9e8	4			yes					-1	-1	-1	-1	
120	106	03bfce27daf6d461	4			yes					-1	121	126	128	
121	120	e02dbad24f5266a0	3			yes					-1	122	123	
122	121	bcd9c9ce296e115a	4			yes					-1	-1	-1	-1	
123	121	37381dfe05179904	5			yes					124	-1	125	-1	-1	
124	123	55101e5283d20d7f	4			yes					-1	-1	-1	-1	
125	123	fb8cd57da44571e9	4			yes					-1	-1	-1	-1	
126	120	1d22945d04b7d989	5			yes					-1	-1	-1	-1	127	
127	126	b03b627151978c1a	4			yes					-1	-1	-1	-1	
128	120	b486b846f661af6c	3			yes					-1	-1	129	
129	128	7d1b3317e0de87d5	5			yes					-1	-1	-1	-1	130	
130	129	bb4b6d52fd063812	4			yes					-1	-1	-1	-1	
131	106	629e130ebf26a59e	4			yes					-1	-1	132	135	
132	131	fe21c885646fe9e8	5			yes					133	-1	-1	-1	134	
133	132	9c09cb29e2aa7d93	4			yes					-1	-1	-1	-1	
134	132	d00036e5365802c4	4			yes					-1	-1	-1	-1	
135	131	d5a7656f93b1de93	3			yes					-1	-1	136	
136	135	2f83ea3f6678a92a	5			yes					-1	-1	-1	-1	-1	
137	106	f98aa4f1dc9f447e	4			yes					-1	-1	-1	138	
138	137	26d599fff5166102	5			yes					-1	-1	-1	-1	-1	
139	106	3635119a06156c52	4			yes					-1	-1	-1	-1	
140	0	05bae110f9fe7e36	6			yes					141	159	174	183	186	188	
141	140	2a28eea96c2630ba	5			yes					142	147	150	154	155	
142	141	5ccf29e49397a5ee	6			yes					-1	143	144	-1	145	146	
143	142	74bd6ddca717d6b5	5			yes					-1	-1	-1	-1	-1	
144	142	fc294e767238501d	5			yes					-1	-1	-1	-1	-1	
145	142	031e0c2bac2b32e8	5			yes					-1	-1	-1	-1	-1	
146	142	0e3ac672c145f691	5			yes					-1	-1	-1	-1	-1	
147	141	6ecb56a87bf1b05f	6			yes					-1	-1	-1	-1	-1	148	
148	147	14e46f0c86ea58c9	5			yes					-1	-1	-1	-1	-1	
149	148	e57f4edc1404b82a	4			no					-1	-1	-1	-2	
150	141	d7628479635c8ffb	6			yes					-1	-1	-1	-1	-1	152	
151	150	e4a5d7efe5f60d43	5			no					-1	-1	-1	-2	-2	
152	150	ad4dbddd9e47676d	5			yes					-1	-1	-1	-1	-1	
153	152	9e8aee4b18ede5d5	4			no					-1	-2	-2	-2	
154	141	442664e906a3af74	4			yes					-1	-1	-1	-1	
155	141	69e7b1937e784534	4			yes					156	157	158	-1	
156	155	ff792441abac3066	6			yes					-1	-1	-1	-1	-1	-1	
157	155	a3d9ebfc58847193	5			yes					-1	-1	-1	-1	-1	
158	155	1a70392d40294e37	5			yes					-1	-1	-1	-1	-1	
159	140	870948cc098abd08	5			yes					-1	160	165	170	171	
160	159	e4f05a469c9767c6	6			yes					161	-1	162	163	-1	164	
161	160	86d859ea1a52f3bd	5			yes					-1	-1	-1	-1	-1	
162	160	44163dd47d389235	5			yes					-1	-1	-1	-1	-1	
163	160	c3640c8489a6447e	5			yes					-1	-1	-1	-1	-1	
164	160	b605b5d0ce4534b9	5			yes					-1	-1	-1	-1	-1	
165	159	a106ba756c0ba26a	6			yes					-1	-1	-1	-1	-1	168	
166	165	c32eb9d9eace3611	5			no					-1	-1	-1	-1	167	
167	166	b901807d17d5de87	4			no					-1	-1	-1	-2	
168	165	db2983d191104afc	5			yes					-1	-1	-1	-1	169	
169	168	65cd8e163730eb0f	4			yes					-1	-1	-1	-1	
170	159	e907c28c630f22c6	4			yes					-1	-1	-1	-1	
171	159	c4c617f61bd4c886	4			yes					-1	172	173	-1	
172	171	474657e3a4acf24e	6			yes					-1	-1	-1	-1	-1	-1	
173	171	6c1407214f7e63a6	5			yes					-1	-1	-1	-1	-1	
174	140	e62895e56c5accf7	5			yes					-1	-1	175	180	181	
175	174	993b9867d8693eb5	6			yes					176	177	-1	-1	178	179	
176	175	fb139bcb5eacaace	5			yes					-1	-1	-1	-1	-1	
177	175	f0c49e30e02a96a0	5			yes					-1	-1	-1	-1	-1	
178	175	c6eabda8e7d5a9b3	5			yes					-1	-1	-1	-1	-1	
179	175	cbce77f18abb6dca	5			yes					-1	-1	-1	-1	-1	
180	174	88261fa506df5339	4			yes					-1	-1	-1	-1	
181	174	a5e7cadf7e04b979	4			yes					-1	-1	182	-1	
182	181	3a8d95c2e052ab3d	6			yes					-1	-1	-1	-1	-1	-1	
183	140	637207ea88d3d533	5			yes					-1	-1	-1	184	185	
184	183	0d7c8daae2564afd	4			yes					-1	-1	-1	-1	
185	183	20bd58d09a8da0bd	4			yes					-1	-1	-1	-1	
186	140	6bb46b50937be1f8	5			yes					-1	-1	-1	-1	187	
187	186	287b346a81259476	4			yes					-1	-1	-1	-1	
188	140	4675be2aeba00bb8	5			yes					-1	-1	-1	-1	-1	
