Number of nodes
149
ID	PID	Hash_Value			File_Number	Fully_Enumerated	Children
0	-1	8c3baecff25107e1	6			yes					1	23	44	66	83	99	
1	0	d9b88bb1ad78dc6f	5			yes					2	7	15	20	22	
2	1	c8f6d73a187cb288	4			yes					3	4	-1	5	
3	2	5bd272b19f5438b3	4			yes					-1	-1	-1	-1	
4	2	15d869f5f10089eb	4			yes					-1	-1	-1	-1	
5	2	690c798ca37ed4c9	5			yes					-1	-1	-1	-1	6	
6	5	7b773eaea5f7bfb9	4			yes					-1	-1	-1	-1	
7	1	1dc3b1734b53c56d	4			yes					-1	8	10	11	
8	7	af2773b3cfd3caf9	5			yes					9	-1	-1	-1	-1	
9	8	027f3ac6bcd76734	4			yes					-1	-1	-1	-1	
10	7	214d00d06fe354be	4			yes					-1	-1	-1	-1	
11	7	ed0c235e33c716f9	3			yes					12	13	14	
12	11	25adba9e4a6b0ecf	4			yes					-1	-1	-1	-1	
13	11	ed27a6d47c5e360c	5			yes					-1	-1	-1	-1	-1	
14	11	986f1f662ffa40aa	4			yes					-1	-1	-1	-1	
15	1	e6fc8204c789ac4f	4			yes					-1	-1	16	17	
16	15	825d0e04c6b706bd	5			yes					-1	-1	-1	-1	-1	
17	15	16331029bf1d7fdb	3			yes					18	-1	19	
18	17	9445b5e8b32feff7	4			yes					-1	-1	-1	-1	
19	17	ad19949362b5781e	5			yes					-1	-1	-1	-1	-1	
20	1	1abefdd1414ad451	4			yes					-1	-1	-1	21	
21	20	ea716ffc39de07c5	3			yes					-1	-1	-1	
22	1	2977199cd5ec0ffb	4			yes					-1	-1	-1	-1	
23	0	87418d48b5280dcc	5			yes					24	32	36	41	43	
24	23	201e45f764b1300e	4			yes					25	26	27	28	
25	24	e7c9d79dfbd4d9d0	4			yes					-1	-1	-1	-1	
26	24	d8eef56cad30f71f	4			yes					-1	-1	-1	-1	
27	24	41e8f5e192f6f025	4			yes					-1	-1	-1	-1	
28	24	d0d1d7da1c25e39a	3			yes					29	30	31	
29	28	8f87803d2d974401	4			yes					-1	-1	-1	-1	
30	28	59732971ef1f9103	4			yes					-1	-1	-1	-1	
31	28	2a7b67fecd07fe3a	4			yes					-1	-1	-1	-1	
32	23	abd225472fce9648	4			yes					-1	33	-1	34	
33	32	a3d32f2a130c6038	4			yes					-1	-1	-1	-1	
34	32	dfe64c7d35bbc8a6	5			yes					-1	-1	-1	-1	35	
35	34	cd9d0b5f3332a3d6	4			yes					-1	-1	-1	-1	
36	23	b80584fddfd97dec	4			yes					-1	-1	37	38	
37	36	df75b186267b2509	5			yes					-1	-1	-1	-1	-1	
38	36	48ca16d0a74dae78	3			yes					-1	39	40	
39	38	d4c1b5094bc388a4	4			yes					-1	-1	-1	-1	
40	38	f0312b1182795baa	5			yes					-1	-1	-1	-1	-1	
41	23	4447fb28591a05f2	4			yes					-1	-1	-1	42	
42	41	b4886905218ed666	3			yes					-1	-1	-1	
43	23	778e1f65cdbcde58	4			yes					-1	-1	-1	-1	
44	0	54c7d314ad01f246	5			yes					45	54	61	63	65	
45	44	f3981bab7c98cf84	4			yes					46	48	49	50	
46	45	4812e50fac14e255	5			yes					-1	-1	-1	-1	47	
47	46	66c4c5e6a8196e1f	4			yes					-1	-1	-1	-1	
48	45	c7899ddc755ca06f	4			yes					-1	-1	-1	-1	
49	45	15f1461971111439	4			yes					-1	-1	-1	-1	
50	45	03578986040c1c10	3			yes					51	52	53	
51	50	74bf82c4ae90056f	5			yes					-1	-1	-1	-1	-1	
52	50	5eb4fa0fda94f2b6	4			yes					-1	-1	-1	-1	
53	50	7e62d4062ee01a26	4			yes					-1	-1	-1	-1	
54	44	28ceb320af6928d1	4			yes					-1	55	57	58	
55	54	4fb8f601f5446c25	5			yes					-1	-1	-1	-1	56	
56	55	616ed6e8f149e06f	4			yes					-1	-1	-1	-1	
57	54	6701395071e1d368	4			yes					-1	-1	-1	-1	
58	54	d801210dd7fdfb45	3			yes					-1	59	60	
59	58	731591caf7c08b1f	5			yes					-1	-1	-1	-1	-1	
60	58	0c92ab4f2e10dd77	4			yes					-1	-1	-1	-1	
61	44	e89f4cc647573cff	4			yes					-1	-1	-1	62	
62	61	ccc50624a238d64d	5			yes					-1	-1	-1	-1	-1	
63	44	97c1a5744133fa78	4			yes					-1	-1	-1	64	
64	63	670e375939a729ec	3			yes					-1	-1	-1	
65	44	a4084139d59521d2	4			yes					-1	-1	-1	-1	
66	0	205f190c42f97567	5			yes					67	74	78	80	81	
67	66	8700d1b3936048a5	4			yes					68	70	-1	71	
68	67	e1e146230846291b	5			yes					-1	-1	-1	-1	69	
69	68	cf3766ca0c4ba551	4			yes					-1	-1	-1	-1	
70	67	ca5be0795788b070	4			yes					-1	-1	-1	-1	
71	67	77cf439eebf49b31	3			yes					72	73	-1	
72	71	dd4c21e80ac2ce21	5			yes					-1	-1	-1	-1	-1	
73	71	fd157973eb515dfb	4			yes					-1	-1	-1	-1	
74	66	5c5679384091aff0	4			yes					-1	75	-1	76	
75	74	f0d6209f8d3d6808	5			yes					-1	-1	-1	-1	-1	
76	74	ac99eb1538057c64	3			yes					-1	77	-1	
77	76	c798b99531e48583	5			yes					-1	-1	-1	-1	-1	
78	66	e42423cea4d26c65	4			yes					-1	-1	-1	79	
79	78	14ebb1e3dc46bff1	3			yes					-1	-1	-1	
80	66	d80b0bdefa834494	5			yes					-1	-1	-1	-1	-1	
81	66	d0908b213a6da6f3	4			yes					-1	-1	-1	82	
82	81	29f2fc7aacaaa546	5			yes					-1	-1	-1	-1	-1	
83	0	b3d9e029f116e7dd	5			yes					84	89	94	97	98	
84	83	14862896208fda1f	4			yes					85	86	87	-1	
85	84	5f33fcf9717eac8e	5			yes					-1	-1	-1	-1	-1	
86	84	0bf0ca107c861131	4			yes					-1	-1	-1	-1	
87	84	21ddecc1bc9ba03f	5			yes					-1	-1	-1	-1	88	
88	87	0f0bcc28b8962c75	4			yes					-1	-1	-1	-1	
89	83	cfd0801df37e3d4a	4			yes					-1	90	92	-1	
90	89	80e8661508deee58	5			yes					-1	-1	-1	-1	91	
91	90	e3ce73fd74f17db1	4			yes					-1	-1	-1	-1	
92	89	c20f0b85e36e8e68	5			yes					-1	-1	-1	-1	93	
93	92	ecd92b6ce7630222	4			yes					-1	-1	-1	-1	
94	83	77a2daeb173dfedf	4			yes					-1	-1	95	-1	
95	94	c51fb9df4d845a6f	6			yes					-1	-1	-1	-1	-1	96	
96	95	ebc999364989d625	5			yes					-1	-1	-1	-1	-1	
97	83	8c9de99c9be797fd	4			yes					-1	-1	-1	-1	
98	83	20699bfc5f2b8e77	4			yes					-1	-1	-1	-1	
99	0	906e72bca049e438	5			yes					100	110	120	130	138	
100	99	b26b09bea5a52816	5			yes					101	103	106	109	-1	
101	100	a325553510a146f1	4			yes					102	-1	-1	-1	
102	101	513fe1db7cb35c79	4			yes					-1	-1	-1	-1	
103	100	7610337c438e3114	4			yes					-1	104	105	-1	
104	103	94f64db7341e97c3	5			yes					-1	-1	-1	-1	-1	
105	103	343c2c630a74d1d4	4			yes					-1	-1	-1	-1	
106	100	8d2f000bcf545836	4			yes					107	-1	108	-1	
107	106	f3df8ef59d23d554	4			yes					-1	-1	-1	-1	
108	106	ceddaf8d64c2a3d6	5			yes					-1	-1	-1	-1	-1	
109	100	716d7fde49972028	4			yes					-1	-1	-1	-1	
110	99	ec920f47bdf5f9b5	5			yes					111	115	117	119	-1	
111	110	4bcdc7f86c6cc477	4			yes					112	113	114	-1	
112	111	c3602db039e27423	4			yes					-1	-1	-1	-1	
113	111	3ee9126cc113aba0	4			yes					-1	-1	-1	-1	
114	111	19d9a761e85f20f6	4			yes					-1	-1	-1	-1	
115	110	c001a74827136231	4			yes					-1	116	-1	-1	
116	115	17f194eec7866267	4			yes					-1	-1	-1	-1	
117	110	d3d606f2d7048995	4			yes					-1	-1	118	-1	
118	117	93f5100f840e8062	5			yes					-1	-1	-1	-1	-1	
119	110	2f94792751c7f18b	4			yes					-1	-1	-1	-1	
120	99	3f14511ba5dc063f	5			yes					121	125	128	129	-1	
121	120	984b99a474453bfd	4			yes					122	123	124	-1	
122	121	ddf369ec7e902502	5			yes					-1	-1	-1	-1	-1	
123	121	1a5c99c2ba2e7d3e	4			yes					-1	-1	-1	-1	
124	121	4dc014990bb8c4ea	4			yes					-1	-1	-1	-1	
125	120	431d312fa7b4dca8	4			yes					-1	126	127	-1	
126	125	da597ae227c0ab72	5			yes					-1	-1	-1	-1	-1	
127	125	3f306bd00b4803bb	4			yes					-1	-1	-1	-1	
128	120	834ccec94f8ac886	4			yes					-1	-1	-1	-1	
129	120	fc12277b49ee0e01	4			yes					-1	-1	-1	-1	
130	99	4b8c9b034a24811e	5			yes					131	134	136	137	-1	
131	130	ecd353bc9bbdbcdc	4			yes					132	133	-1	-1	
132	131	7400cac0dac2ee4c	5			yes					-1	-1	-1	-1	-1	
133	131	a6a0275850015ae5	4			yes					-1	-1	-1	-1	
134	130	3785fb37484c5b89	4			yes					-1	135	-1	-1	
135	134	9c2de7be8ab4829d	5			yes					-1	-1	-1	-1	-1	
136	130	8ff7a1c1ac0f981c	4			yes					-1	-1	-1	-1	
137	130	ecd0b0624152cbfa	5			yes					-1	-1	-1	-1	-1	
138	99	fc0bda965ac4a3c9	5			yes					139	143	146	148	-1	
139	138	5b5412298b5d9e0b	4			yes					140	141	142	-1	
140	139	c9fd730e0b7323a0	5			yes					-1	-1	-1	-1	-1	
141	139	9d3e45e7068b9e1f	4			yes					-1	-1	-1	-1	
142	139	b43c60226e1f6768	5			yes					-1	-1	-1	-1	-1	
143	138	8002baa258ac795e	4			yes					-1	144	145	-1	
144	143	1626e9e272d36176	5			yes					-1	-1	-1	-1	-1	
145	143	57ee876631ea493f	5			yes					-1	-1	-1	-1	-1	
146	138	3870e054bcefbacb	4			yes					-1	-1	147	-1	
147	146	50fe353c9f009d38	6			yes					-1	-1	-1	-1	-1	-1	
148	138	c34fd3233035d3e9	4			yes					-1	-1	-1	-1	
