Number of nodes
958
ID	PID	Hash_Value			File_Number	Fully_Enumerated	Children
0	-1	30b364e075409f21	6			yes					1	296	712	-1	-1	-1	
1	0	fb93f570d6dbadce	4			yes					2	78	137	-1	
2	1	a88099edddcdf407	5			yes					3	13	30	46	-1	
3	2	a5ac5249e5373ddc	4			yes					4	5	8	-1	
4	3	b71166ec9bd67e3b	4			yes					-1	-1	-1	-1	
5	3	4f817141d591c44e	4			yes					-1	6	-1	7	
6	5	c9530be1a0de1a17	3			yes					-1	-1	-1	
7	5	eb2fc1def62773d5	3			yes					-1	-1	-1	
8	3	a6fa6fc3a76bbfe8	5			yes					-1	9	10	11	12	
9	8	ee0ac799e04ae349	5			yes					-1	-1	-1	-1	-1	
10	8	c6d54ca46c96d320	5			yes					-1	-1	-1	-1	-1	
11	8	c3b4972ed3de3377	4			yes					-1	-1	-1	-1	
12	8	994dea214baf053f	4			yes					-1	-1	-1	-1	
13	2	30cfa76cab92e018	4			yes					-1	14	18	-1	
14	13	d4131290cabdc60c	5			yes					15	16	-1	-1	17	
15	14	19627e3fb0d38ca1	4			yes					-1	-1	-1	-1	
16	14	4c50471d2631735e	4			yes					-1	-1	-1	-1	
17	14	70bda20fe90b7197	4			yes					-1	-1	-1	-1	
18	13	3d680c12b847bdaa	6			yes					19	21	-1	23	25	26	
19	18	7b90d909881fc135	5			yes					-1	-1	-1	-1	20	
20	19	88d3a5c49d545502	4			yes					-1	-1	-1	-1	
21	18	d8a1cbba23f17295	6			yes					-1	-1	-1	-1	-1	22	
22	21	2be2b77736bae6a2	5			yes					-1	-1	-1	-1	-1	
23	18	ed12518a79abf6e7	6			yes					-1	-1	-1	-1	-1	24	
24	23	1e512d476ce062d0	5			yes					-1	-1	-1	-1	-1	
25	18	8eb6a1b370a4903e	5			yes					-1	-1	-1	-1	-1	
26	18	02df89f05483077d	5			yes					27	28	-1	29	-1	
27	26	69706f245602032c	5			yes					-1	-1	-1	-1	-1	
28	26	ca417d97fdecb08c	6			yes					-1	-1	-1	-1	-1	-1	
29	26	fff2e7a7a7b634fe	6			yes					-1	-1	-1	-1	-1	-1	
30	2	b548ca92efc499d2	4			yes					-1	-1	31	-1	
31	30	37c5bae2259a23ee	5			yes					32	36	39	-1	41	
32	31	865a7a8d5abd66c8	6			yes					-1	33	-1	-1	-1	34	
33	32	9cd71b00b5a64b0b	5			yes					-1	-1	-1	-1	-1	
34	32	751906404ff6f2ff	5			yes					-1	-1	-1	-1	-1	
35	34	6f9467cda0eddf3c	4			no					-1	-2	-2	-2	
36	31	f19b30c425cb30fd	6			yes					37	-1	-1	-1	-1	38	
37	36	01761bfa004b9948	5			yes					-1	-1	-1	-1	-1	
38	36	02d84c093080a4ca	5			yes					-1	-1	-1	-1	-1	
39	31	81f215f1c04f37cb	5			yes					-1	-1	-1	-1	40	
40	39	72b1693cd504a3fc	4			yes					-1	-1	-1	-1	
41	31	08723f00c95e9939	4			yes					42	44	45	-1	
42	41	94bacca084a0a4d1	6			yes					-1	43	-1	-1	-1	-1	
43	42	8e37ad2d6bbb8912	5			yes					-1	-1	-1	-1	-1	
44	41	e37b86e9fbd6f2e4	6			yes					-1	-1	-1	-1	-1	-1	
45	41	9312a3dc1e52f5d2	5			yes					-1	-1	-1	-1	-1	
46	2	b1dfc8144257eb6f	6			yes					47	58	65	67	74	76	
47	46	7caea4bb3839a1c2	5			yes					48	50	51	-1	55	
48	47	b20f7c95fd01d293	5			yes					-1	-1	-1	-1	49	
49	48	414c0058e84a46a4	4			yes					-1	-1	-1	-1	
50	47	3a60ce5a16de1781	5			yes					-1	-1	-1	-1	-1	
51	47	7b83decddb9e1e5d	5			yes					-1	52	-1	-1	53	
52	51	610ebf403485339e	4			yes					-1	-1	-1	-1	
53	51	88c0a200ced58a6a	4			yes					-1	-1	-1	-1	
54	47	96c9c3498aaaef19	5			no					-1	-2	-2	-2	-1	
55	47	43192159d4fd1b15	4			yes					56	-1	57	-1	
56	55	a0efcab8231c108a	5			yes					-1	-1	-1	-1	-1	
57	55	696368e00583dc44	5			yes					-1	-1	-1	-1	-1	
58	46	299c9d99aedb5e3d	5			yes					-1	59	60	62	63	
59	58	ce4ddbebf3f3e89b	5			yes					-1	-1	-1	-1	-1	
60	58	0c429484a4e84868	5			yes					-1	-1	-1	-1	61	
61	60	ff01e849b1a3dc5f	4			yes					-1	-1	-1	-1	
62	58	e1088900f5dcb92c	5			yes					-1	-1	-1	-1	-1	
63	58	162b187b421fe4ea	4			yes					-1	-1	64	-1	
64	63	1ea222a97af58a71	5			yes					-1	-1	-1	-1	-1	
65	46	8e91ca97b9e66845	6			yes					-1	-1	-1	-1	-1	66	
66	65	7dd2b65aacadfc72	5			yes					-1	-1	-1	-1	-1	
67	46	6418023051a6d63a	5			yes					-1	-1	68	-1	69	
68	67	148608ec23515021	5			yes					-1	-1	-1	-1	-1	
69	67	dd926c2daabba380	6			yes					-1	70	71	-1	-1	73	
70	69	dbf07dabadd2238b	5			yes					-1	-1	-1	-1	-1	
71	69	c71f0da045a08e43	5			yes					-1	-1	-1	-1	-1	
72	71	26bcc7408ef6d86d	4			no					-1	-2	-1	-1	
73	69	3c31a6cd61edf5ae	5			yes					-1	-1	-1	-1	-1	
74	46	d49130f936e267f0	5			yes					-1	-1	-1	-1	75	
75	74	eb26b51bda26dd27	4			yes					-1	-1	-1	-1	
76	46	8e684df6ae9351b8	5			yes					-1	-1	77	-1	-1	
77	76	9c717cba67fbaa5c	6			yes					-1	-1	-1	-1	-1	-1	
78	1	f7adf457494a7453	5			yes					79	101	113	123	133	
79	78	1aa8a1f623da3ef3	4			yes					80	86	88	93	
80	79	9a78bb59c7bd480c	5			yes					81	82	84	-1	85	
81	80	f71d627ae7ad14b0	4			yes					-1	-1	-1	-1	
82	80	b65a118e66f64202	4			yes					-1	83	-1	-1	
83	82	c06dd39c715b6c34	3			yes					-1	-1	-1	
84	80	ec4f794bd010663a	4			yes					-1	-1	-1	-1	
85	80	afdeed6d86f5d657	4			yes					-1	-1	-1	-1	
86	79	cbf4d619bff49af8	4			yes					-1	-1	-1	87	
87	86	fe52802dfebc04a3	3			yes					-1	-1	-1	
88	79	f3260a865abe441a	5			yes					-1	89	90	91	92	
89	88	3f2e3689a6f5c2ce	4			yes					-1	-1	-1	-1	
90	88	8511c8944d136a2c	4			yes					-1	-1	-1	-1	
91	88	7f5328710386285e	4			yes					-1	-1	-1	-1	
92	88	b61d53767413e2ba	4			yes					-1	-1	-1	-1	
93	79	8f335cc9c5418291	5			yes					94	95	98	-1	100	
94	93	0f64d355038ca48d	4			yes					-1	-1	-1	-1	
95	93	433b60c6390a0445	4			yes					-1	96	-1	97	
96	95	350ca2d42ea72a73	3			yes					-1	-1	-1	
97	95	6ece1105c163a6f9	3			yes					-1	-1	-1	
98	93	f9049edbd2ecaca7	4			yes					-1	-1	-1	99	
99	98	d4f1ef182a850e1b	3			yes					-1	-1	-1	
100	93	a2c62d0a3d28202d	4			yes					-1	-1	-1	-1	
101	78	1fe1894d1b7f82fd	4			yes					-1	102	104	107	
102	101	02ddd4076b5385ac	5			yes					103	-1	-1	-1	-1	
103	102	157692132c7c484f	4			yes					-1	-1	-1	-1	
104	101	7836a5b7b351e2a1	5			yes					-1	-1	105	-1	106	
105	104	0e0167a5a4fccc97	4			yes					-1	-1	-1	-1	
106	104	3d0dfc479dfc4401	4			yes					-1	-1	-1	-1	
107	101	0423f3f82cae242a	5			yes					108	109	110	-1	112	
108	107	1388b5ec6b81e9c9	4			yes					-1	-1	-1	-1	
109	107	d4c7a94eb8e8efba	4			yes					-1	-1	-1	-1	
110	107	721431ea3b030a1c	4			yes					-1	-1	-1	111	
111	110	5fe14029c36aa8a0	3			yes					-1	-1	-1	
112	107	29d6823bd4c78696	4			yes					-1	-1	-1	-1	
113	78	8a084d3094c75267	4			yes					-1	-1	114	115	
114	113	503759a9dc2b4ab2	4			yes					-1	-1	-1	-1	
115	113	d1fb5b6c2d463c4c	5			yes					116	118	120	121	122	
116	115	c6501d786a69f1af	4			yes					-1	-1	-1	117	
117	116	eba56cbb92005313	3			yes					-1	-1	-1	
118	115	445b386687374de0	4			yes					-1	-1	-1	119	
119	118	69ae49a57f5eef5c	3			yes					-1	-1	-1	
120	115	375008560534b020	4			yes					-1	-1	-1	-1	
121	115	495507e73d45929f	4			yes					-1	-1	-1	-1	
122	115	fc0e2aafd52f9ef0	4			yes					-1	-1	-1	-1	
123	78	f17aa004712dde49	6			yes					124	125	126	129	131	132	
124	123	e6d1e610360213aa	5			yes					-1	-1	-1	-1	-1	
125	123	64dac30edb5cafe5	5			yes					-1	-1	-1	-1	-1	
126	123	3d729c0b8d66589d	5			yes					-1	-1	127	-1	128	
127	126	4b455e199acb76ab	4			yes					-1	-1	-1	-1	
128	126	7849c5fba3cbfe3d	4			yes					-1	-1	-1	-1	
129	123	874d62166680f07f	5			yes					-1	-1	-1	-1	130	
130	129	c2763be6482d56df	4			yes					-1	-1	-1	-1	
131	123	7d0f82f32815b20d	5			yes					-1	-1	-1	-1	-1	
132	123	b441f9f45f8078e9	5			yes					-1	-1	-1	-1	-1	
133	78	2e9347f36f00e10b	4			yes					-1	-1	-1	134	
134	133	edd7bad1aaa26f40	6			yes					-1	-1	135	136	-1	-1	
135	134	21df86de56e9e994	5			yes					-1	-1	-1	-1	-1	
136	134	9be078c3bd0f4176	5			yes					-1	-1	-1	-1	-1	
137	1	9e23b4cffa8e198e	6			yes					138	161	185	210	228	246	
138	137	85338860c63e0fd2	5			yes					139	144	153	158	160	
139	138	056407fc00f329ce	4			yes					140	141	-1	142	
140	139	7e1cd60e6bd36fa7	4			yes					-1	-1	-1	-1	
141	139	7758095e5238995c	4			yes					-1	-1	-1	-1	
142	139	a4b045fc25f99b29	5			yes					-1	-1	-1	-1	143	
143	142	9bd14336be5fed3d	4			yes					-1	-1	-1	-1	
144	138	03e1f2c0b371d18b	4			yes					-1	145	148	149	
145	144	490d28de6d09e273	5			yes					146	147	-1	-1	-1	
146	145	7cb4e5a158509057	4			yes					-1	-1	-1	-1	
147	145	0157a8c8dba9eed0	4			yes					-1	-1	-1	-1	
148	144	a8bfecbd4e8ad7ef	4			yes					-1	-1	-1	-1	
149	144	0d54744931270701	3			yes					150	151	152	
150	149	096ae75e21383fd7	4			yes					-1	-1	-1	-1	
151	149	a10c38b033a694bd	5			yes					-1	-1	-1	-1	-1	
152	149	d2d45772fc49f5e4	4			yes					-1	-1	-1	-1	
153	138	50f44244d5cf3287	4			yes					-1	-1	154	155	
154	153	d6547e81101d3c13	5			yes					-1	-1	-1	-1	-1	
155	153	5e41c4cd5799e40d	3			yes					156	-1	157	
156	155	06c0d7f10c2e8b10	4			yes					-1	-1	-1	-1	
157	155	26e7d9cf3b39a7ca	5			yes					-1	-1	-1	-1	-1	
158	138	ddf7b9912225139a	4			yes					-1	-1	-1	159	
159	158	d3423f18a073c510	3			yes					-1	-1	-1	
160	138	8b860ee94468d958	4			yes					-1	-1	-1	-1	
161	137	813863ca7c831720	5			yes					162	172	177	182	184	
162	161	969325de3bacdac3	4			yes					163	165	166	168	
163	162	0ac5cce4f1e7f236	5			yes					-1	-1	-1	-1	164	
164	163	2f8ff0856cdb1fe6	4			yes					-1	-1	-1	-1	
165	162	772a4d0e8400b69c	4			yes					-1	-1	-1	-1	
166	162	8a6e57a8e03a74ab	5			yes					-1	-1	-1	-1	167	
167	166	af246bc97d06997b	4			yes					-1	-1	-1	-1	
168	162	9826a357b9fa0c49	3			yes					169	170	171	
169	168	10eef64ff77d69f2	5			yes					-1	-1	-1	-1	-1	
170	168	06b293a1da16a4d0	4			yes					-1	-1	-1	-1	
171	168	a38bd252faf4883d	4			yes					-1	-1	-1	-1	
172	161	941d3b4832933a74	4			yes					-1	173	-1	175	
173	172	bed8e20138911981	5			yes					-1	-1	-1	-1	174	
174	173	9b92de60a5adf451	4			yes					-1	-1	-1	-1	
175	172	512a1d942f414b5a	5			yes					-1	-1	-1	-1	176	
176	175	6e4b1b5eb4e73d4e	4			yes					-1	-1	-1	-1	
177	161	54ffa9ee6f722a75	4			yes					-1	-1	178	179	
178	177	2f0a409bbaab257d	5			yes					-1	-1	-1	-1	-1	
179	177	5a4a2f67ed24fcff	3			yes					-1	180	181	
180	179	1d34c945477abb73	4			yes					-1	-1	-1	-1	
181	179	dfb9e7d5918fbea4	5			yes					-1	-1	-1	-1	-1	
182	161	d9fc523b98980b68	4			yes					-1	-1	-1	183	
183	182	d749d4b21acedde2	3			yes					-1	-1	-1	
184	161	8f8de543fed5c1aa	4			yes					-1	-1	-1	-1	
185	137	5688806bcd9672c8	5			yes					186	197	205	207	209	
186	185	4123c67f8ab9bf2b	4			yes					187	190	191	193	
187	186	393c28791616efbc	5			yes					-1	188	-1	-1	189	
188	187	cdea47cd7f184c39	4			yes					-1	-1	-1	-1	
189	187	1c7614188b2a026c	4			yes					-1	-1	-1	-1	
190	186	487a8c5ee94533bd	4			yes					-1	-1	-1	-1	
191	186	a6223d2753428103	5			yes					-1	-1	-1	-1	192	
192	191	83680146ce7e6cd3	4			yes					-1	-1	-1	-1	
193	186	4f9640f608ef69a1	3			yes					194	195	196	
194	193	231712d2108c7478	5			yes					-1	-1	-1	-1	-1	
195	193	1e4e25690380af04	4			yes					-1	-1	-1	-1	
196	193	8fc7b8dd498c7d95	4			yes					-1	-1	-1	-1	
197	185	c328e36167e70364	4			yes					-1	198	200	202	
198	197	db459eb67467c6d3	5			yes					-1	-1	-1	-1	199	
199	198	fe0fa2d7e95b2b03	4			yes					-1	-1	-1	-1	
200	197	4288a6c1f3f6c1c5	5			yes					-1	-1	-1	-1	201	
201	200	67c29aa06eca2c15	4			yes					-1	-1	-1	-1	
202	197	cd9d65e8e5b1d5ee	3			yes					-1	203	204	
203	202	c16ea41d72fd5d17	5			yes					-1	-1	-1	-1	-1	
204	202	6b6d233be9383d53	4			yes					-1	-1	-1	-1	
205	185	d47a92668b13768d	4			yes					-1	-1	-1	206	
206	205	fc398911728218c7	5			yes					-1	-1	-1	-1	-1	
207	185	0e4cb19a298d6e80	4			yes					-1	-1	-1	208	
208	207	00f93713abdbb80a	3			yes					-1	-1	-1	
209	185	583d06e24fc0a442	4			yes					-1	-1	-1	-1	
210	137	1caad69c3fe531ac	5			yes					211	219	223	225	226	
211	210	0b01908878cafc4f	4			yes					212	215	-1	216	
212	211	ab538c82189da62b	5			yes					-1	-1	213	-1	214	
213	212	b50281276f6e1ffa	4			yes					-1	-1	-1	-1	
214	212	8e19b0e385a14bfb	4			yes					-1	-1	-1	-1	
215	211	e2df03a793b190b2	4			yes					-1	-1	-1	-1	
216	211	05b41601fa9c2ac5	3			yes					217	218	-1	
217	216	b178b6291e073def	5			yes					-1	-1	-1	-1	-1	
218	216	d51622906d9a9a0c	4			yes					-1	-1	-1	-1	
219	210	890ab59695944000	4			yes					-1	220	-1	221	
220	219	2b7d1e674138bd70	5			yes					-1	-1	-1	-1	-1	
221	219	87bf331f17c2968a	3			yes					-1	222	-1	
222	221	1cb43f50bf13b7ce	5			yes					-1	-1	-1	-1	-1	
223	210	9a78ac3c4aaaeff5	4			yes					-1	-1	-1	224	
224	223	94cd2ab5c8fc397f	3			yes					-1	-1	-1	
225	210	71cde3a414317f2d	5			yes					-1	-1	-1	-1	-1	
226	210	121f5015bdb3e726	4			yes					-1	-1	-1	227	
227	226	29c20cfa0c971fd6	5			yes					-1	-1	-1	-1	-1	
228	137	298ca2b3eff2e703	5			yes					229	236	241	244	245	
229	228	3e27e4a7a8dd2ae0	4			yes					230	232	234	-1	
230	229	ed0cb45dfe0a4f5d	5			yes					-1	-1	-1	-1	231	
231	230	e0af18a112d3ad1e	4			yes					-1	-1	-1	-1	
232	229	99eb167f2033912c	4			yes					-1	-1	-1	233	
233	232	9448ba83ccea736f	3			yes					-1	-1	-1	
234	229	f6dcb37ffb7acec7	5			yes					-1	-1	-1	-1	235	
235	234	d3968f1e66462317	4			yes					-1	-1	-1	-1	
236	228	bc2cc1b9458396af	4			yes					-1	237	239	-1	
237	236	0770333d6e56df1f	5			yes					-1	-1	-1	-1	238	
238	237	0ad39fc1828f3d5c	4			yes					-1	-1	-1	-1	
239	236	52a5edeba4d7aac4	5			yes					-1	-1	-1	-1	240	
240	239	77efd18a39eb4714	4			yes					-1	-1	-1	-1	
241	228	af5ed8139abd395a	4			yes					-1	-1	242	-1	
242	241	0b016bc1b30893c0	6			yes					-1	-1	-1	-1	-1	243	
243	242	2e4b57a02e347e10	5			yes					-1	-1	-1	-1	-1	
244	228	fc4b6897fc03da56	4			yes					-1	-1	-1	-1	
245	228	d11e959a8be05f43	4			yes					-1	-1	-1	-1	
246	137	ef77d9f4afc5dc52	5			yes					247	257	267	277	285	
247	246	43494bdc23d681a1	5			yes					248	251	254	256	-1	
248	247	c31ec440e51ba7bd	4			yes					249	250	-1	-1	
249	248	b9a430123518facc	4			yes					-1	-1	-1	-1	
250	248	78665cb92c0b1ecb	4			yes					-1	-1	-1	-1	
251	247	c59b317c56995ff8	4			yes					-1	252	253	-1	
252	251	782635b9c5f64052	5			yes					-1	-1	-1	-1	-1	
253	251	32c4e644bca66916	4			yes					-1	-1	-1	-1	
254	247	968e81f83027bcf4	4			yes					-1	-1	255	-1	
255	254	14c86f78712c4d81	5			yes					-1	-1	-1	-1	-1	
256	247	1b8d7a2dc7cd9de9	4			yes					-1	-1	-1	-1	
257	246	4742a076996b9953	5			yes					258	262	264	266	-1	
258	257	50e9e662de4454b0	4			yes					259	260	261	-1	
259	258	7a7bb8ac0180baf8	5			yes					-1	-1	-1	-1	-1	
260	258	781418e9fa33310b	4			yes					-1	-1	-1	-1	
261	258	fad023e0105d3c65	5			yes					-1	-1	-1	-1	-1	
262	257	5267f8f4d77bb407	4			yes					-1	263	-1	-1	
263	262	ce669649c8f6514f	5			yes					-1	-1	-1	-1	-1	
264	257	92856a528a9aa406	4			yes					-1	-1	265	-1	
265	264	ed965162db9a54ef	5			yes					-1	-1	-1	-1	-1	
266	257	1f8691877d70851b	4			yes					-1	-1	-1	-1	
267	246	90f243d7287efcbb	5			yes					268	272	275	276	-1	
268	267	875905c36f513158	4			yes					269	270	271	-1	
269	268	49825c31e671a772	5			yes					-1	-1	-1	-1	-1	
270	268	b3f0dca06848118a	4			yes					-1	-1	-1	-1	
271	268	d69c496fa325c9cd	5			yes					-1	-1	-1	-1	-1	
272	267	055220dd820f8d17	4			yes					-1	273	274	-1	
273	272	abfbeafe84008e1d	5			yes					-1	-1	-1	-1	-1	
274	272	3236d2890391890b	5			yes					-1	-1	-1	-1	-1	
275	267	120051da6efbf8fe	4			yes					-1	-1	-1	-1	
276	267	c8367226cc65e0f3	4			yes					-1	-1	-1	-1	
277	246	dad01520da0dbfdf	5			yes					278	281	283	284	-1	
278	277	cd7b53349d22723c	4			yes					279	280	-1	-1	
279	278	dbedf8cae8faeee5	5			yes					-1	-1	-1	-1	-1	
280	278	3a15c74aafc007af	4			yes					-1	-1	-1	-1	
281	277	4f70762a707cce73	4			yes					-1	282	-1	-1	
282	281	f3b7da8a7d492a6d	5			yes					-1	-1	-1	-1	-1	
283	277	5c026f80af426186	4			yes					-1	-1	-1	-1	
284	277	2cf53be1f8172c60	5			yes					-1	-1	-1	-1	-1	
285	246	2f5311382c2b1ba5	5			yes					286	290	293	295	-1	
286	285	38f8572c6b04d646	4			yes					287	288	289	-1	
287	286	62d93de8e107849b	5			yes					-1	-1	-1	-1	-1	
288	286	163e9fca3f3e5aea	4			yes					-1	-1	-1	-1	
289	286	8662c7370b1d8609	5			yes					-1	-1	-1	-1	-1	
290	285	baf37232865a6a09	4			yes					-1	291	292	-1	
291	290	88a5ba88715b14d9	5			yes					-1	-1	-1	-1	-1	
292	290	221b99a354b0e20a	5			yes					-1	-1	-1	-1	-1	
293	285	a9816b985964c5fc	4			yes					-1	-1	294	-1	
294	293	7bbf1f89436fdb0e	6			yes					-1	-1	-1	-1	-1	-1	
295	285	fa94db1c3fda26f0	4			yes					-1	-1	-1	-1	
296	0	3d826cafb691717a	4			yes					297	405	487	536	
297	296	c4c390caef0df6d7	5			yes					298	307	346	376	396	
298	297	744424a6c4d5e451	5			yes					299	300	302	304	306	
299	298	26d8f05a2e2854fc	4			yes					-1	-1	-1	-1	
300	298	fc983293b4b75964	4			yes					-1	-1	-1	301	
301	300	145402c361e7a100	5			yes					-1	-1	-1	-1	-1	
302	298	a183ee82d724d904	4			yes					-1	-1	-1	303	
303	302	616aa0fa6aade629	5			yes					-1	-1	-1	-1	-1	
304	298	98678196ef300de6	4			yes					-1	-1	-1	305	
305	304	aacde7669a43d40c	5			yes					-1	-1	-1	-1	-1	
306	298	e3a4addda28bd97a	4			yes					-1	-1	-1	-1	
307	297	c04d6c4e4d67b9bb	4			yes					308	312	324	328	
308	307	3aad99025b27f439	4			yes					309	-1	-1	310	
309	308	68314dfeb1da4494	3			yes					-1	-1	-1	
310	308	ad4d10793d79c912	3			yes					-1	-1	311	
311	310	3d897ad6756252e8	4			yes					-1	-1	-1	-1	
312	307	2d4ea45a7c0c2bd4	5			yes					313	316	319	320	322	
313	312	db3a418c0deeb0df	4			yes					-1	-1	-1	314	
314	313	f859c1d7776a127b	5			yes					-1	-1	-1	-1	315	
315	314	dc660b5f98492138	4			yes					-1	-1	-1	-1	
316	312	b8eec750d67d5a78	4			yes					-1	-1	-1	317	
317	316	d305e50c5e05d647	5			yes					-1	-1	-1	-1	318	
318	317	f73a2f84b126e504	4			yes					-1	-1	-1	-1	
319	312	35957e4d861f3b01	4			yes					-1	-1	-1	-1	
320	312	ecefd5b047dec759	4			yes					-1	-1	-1	321	
321	320	da10ef4b52b456e8	5			yes					-1	-1	-1	-1	-1	
322	312	baae2d211a5216ff	4			yes					-1	-1	323	-1	
323	322	44eeacd09312c6a1	5			yes					-1	-1	-1	-1	-1	
324	307	3ad66f366a756df4	4			yes					325	326	-1	327	
325	324	cca28ae01b97f6ff	3			yes					-1	-1	-1	
326	324	af760c3cc0041c58	3			yes					-1	-1	-1	
327	324	e12694d19d16eee2	3			yes					-1	-1	-1	
328	307	183732e19df4760b	5			yes					329	337	342	343	344	
329	328	ee43d737ec16ed00	4			yes					330	-1	332	333	
330	329	49e177ef7d87148b	5			yes					-1	-1	-1	-1	331	
331	330	26bbb71d4fe8b31f	4			yes					-1	-1	-1	-1	
332	329	d39710f58090e742	4			yes					-1	-1	-1	-1	
333	329	fb71d437c7119c5e	3			yes					334	-1	335	
334	333	02847d95a0cb805c	5			yes					-1	-1	-1	-1	-1	
335	333	c9cdc56a5aa5b079	5			yes					-1	-1	-1	-1	336	
336	335	2ed87e1fa28bb12f	4			yes					-1	-1	-1	-1	
337	328	8d9751eb378507a7	4			yes					-1	-1	338	339	
338	337	c508affc5608b29a	4			yes					-1	-1	-1	-1	
339	337	98a552eb1c8276f9	3			yes					-1	-1	340	
340	339	df527a638c3de5a1	5			yes					-1	-1	-1	-1	341	
341	340	3847c1167413e4f7	4			yes					-1	-1	-1	-1	
342	328	916d61eb5f92a10a	5			yes					-1	-1	-1	-1	-1	
343	328	f41497d1b6119fbc	4			yes					-1	-1	-1	-1	
344	328	0d0531e1b6f30755	4			yes					-1	-1	345	-1	
345	344	da086b9182de35dd	5			yes					-1	-1	-1	-1	-1	
346	297	d90bc3b5dd049b02	4			yes					347	-1	351	357	
347	346	499a25cff3a4fed8	4			yes					348	-1	-1	349	
348	347	1b06f13319594e75	3			yes					-1	-1	-1	
349	347	de7aacb495fac3f3	3			yes					-1	350	-1	
350	349	ee8f02280c4e2a2f	5			yes					-1	-1	-1	-1	-1	
351	346	3a6017f267c9fff3	5			yes					352	353	354	355	356	
352	351	cc14f224162b64f8	4			yes					-1	-1	-1	-1	
353	351	afc074f8cdb88e5f	4			yes					-1	-1	-1	-1	
354	351	bcb26d52128621aa	4			yes					-1	-1	-1	-1	
355	351	6ce4a60cef6c414c	4			yes					-1	-1	-1	-1	
356	351	b3824d8226798a41	4			yes					-1	-1	-1	-1	
357	346	f40e91018abe8bcb	5			yes					358	366	372	374	375	
358	357	027a74d7fb5c10c0	4			yes					359	361	-1	363	
359	358	db8ed314730c5d1c	5			yes					-1	-1	-1	-1	360	
360	359	b4d413e64163fa88	4			yes					-1	-1	-1	-1	
361	358	4f99ba63e3019605	4			yes					-1	-1	-1	362	
362	361	20c37a91d16e3191	3			yes					-1	-1	-1	
363	358	174877d7d05b619e	3			yes					364	365	-1	
364	363	90ebd96eae40c9cb	5			yes					-1	-1	-1	-1	-1	
365	363	04fcb0193e4d02d2	4			yes					-1	-1	-1	-1	
366	357	61aef20b20cffa67	4			yes					-1	367	-1	370	
367	366	740e834c47a4aed9	5			yes					-1	-1	-1	-1	368	
368	367	1b5443be75cb094d	4			yes					-1	-1	-1	-1	
369	366	b9919bdd9d841915	4			no					-1	-1	-1	-2	
370	366	749cf10b0bc88b39	3			yes					-1	371	-1	
371	370	3f6b89369ae83a0e	5			yes					-1	-1	-1	-1	-1	
372	357	72dceba1fff15592	4			yes					-1	-1	-1	373	
373	372	67eee8a1d4f624cc	3			yes					-1	-1	-1	
374	357	0b6940fe065b35db	5			yes					-1	-1	-1	-1	-1	
375	357	e13c9201a1b9fa95	4			yes					-1	-1	-1	-1	
376	297	32d5657fb0602d6b	4			yes					377	-1	-1	379	
377	376	d477f30a7e0db3db	4			yes					378	-1	-1	-1	
378	377	86eb27f694f00376	3			yes					-1	-1	-1	
379	376	ce8cb2fa1ae64d4d	5			yes					-1	380	387	392	395	
380	379	5b2cd1f0b0973ce1	4			yes					381	383	385	386	
381	380	20e9144da785122c	5			yes					-1	-1	-1	-1	382	
382	381	4fb3d4bf95eab5b8	4			yes					-1	-1	-1	-1	
383	380	38a0b7c241f59770	5			yes					-1	-1	-1	-1	384	
384	383	57fa7730739a30e4	4			yes					-1	-1	-1	-1	
385	380	01ce4d3284386ae3	4			yes					-1	-1	-1	-1	
386	380	d032fad21d2c0429	4			yes					-1	-1	-1	-1	
387	379	485ec85a6fa99314	4			yes					388	-1	390	391	
388	387	2fd4f2813829fd20	4			yes					-1	-1	-1	389	
389	388	408e32730a465ab4	3			yes					-1	-1	-1	
390	387	586acb1893e753e7	5			yes					-1	-1	-1	-1	-1	
391	387	b5ffddf0261e3b87	4			yes					-1	-1	-1	-1	
392	379	1b4b78de09177018	4			yes					393	-1	-1	394	
393	392	57823749adb91bfe	4			yes					-1	-1	-1	-1	
394	392	41cc534de16e69a9	5			yes					-1	-1	-1	-1	-1	
395	379	30c13658bd2d09ab	4			yes					-1	-1	-1	-1	
396	297	6192479de2c1cd65	4			yes					397	-1	-1	-1	
397	396	f696aedd898ca824	5			yes					398	399	401	403	-1	
398	397	a40a7a2163711889	4			yes					-1	-1	-1	-1	
399	397	5f3108b9bcab35d7	5			yes					-1	-1	-1	-1	400	
400	399	306bc84b8ec49243	4			yes					-1	-1	-1	-1	
401	397	8e13ccd666428b77	5			yes					-1	402	-1	-1	-1	
402	401	bd78ba34b10bdddb	4			yes					-1	-1	-1	-1	
403	397	f69d4f4e535f4edb	5			yes					-1	404	-1	-1	-1	
404	403	c5f639ac84161877	4			yes					-1	-1	-1	-1	
405	296	2a1ecde8de9911eb	5			yes					406	419	439	461	476	
406	405	8cae117b0e33fc46	5			yes					407	409	413	415	418	
407	406	48aae453064620e7	4			yes					408	-1	-1	-1	
408	407	9f2a3c89541d0c05	3			yes					-1	-1	-1	
409	406	5b2ec9a15c68d0a4	4			yes					-1	-1	410	412	
410	409	b70d6c91778d3913	3			yes					-1	-1	411	
411	410	d3f510f2b1585484	5			yes					-1	-1	-1	-1	-1	
412	409	ccce40da3a36ed8f	3			yes					-1	-1	-1	
413	406	684701b9179524df	4			yes					-1	-1	-1	414	
414	413	2d17a28763527bf9	6			yes					-1	-1	-1	-1	-1	-1	
415	406	608db44b25d615f1	4			yes					-1	-1	-1	416	
416	415	f22796cc319297cd	6			yes					-1	-1	-1	417	-1	-1	
417	416	779e9941ed31d750	5			yes					-1	-1	-1	-1	-1	
418	406	1b4e9800686dc16d	4			yes					-1	-1	-1	-1	
419	405	7e140fee65f7d70c	4			yes					420	426	428	431	
420	419	302e5ea64b8fe63b	5			yes					421	422	423	424	425	
421	420	5d4b87856b9fba87	4			yes					-1	-1	-1	-1	
422	420	c3613f4c7e5ab575	4			yes					-1	-1	-1	-1	
423	420	e5e99482587edb6e	4			yes					-1	-1	-1	-1	
424	420	dc0dfb96606a0f8c	4			yes					-1	-1	-1	-1	
425	420	a7ced7dd2dd1db10	4			yes					-1	-1	-1	-1	
426	419	a2939385ed12e6cd	4			yes					-1	-1	-1	427	
427	426	35731afe8b4cdbe6	3			yes					-1	-1	-1	
428	419	990ea186b7eeeb63	4			yes					429	-1	430	-1	
429	428	de839f68755fc095	3			yes					-1	-1	-1	
430	428	4cc96ba2a41fd636	3			yes					-1	-1	-1	
431	419	bbeffc51406ff09c	5			yes					432	433	434	436	438	
432	431	fc62c2bf82dedb6a	4			yes					-1	-1	-1	-1	
433	431	6b5b52fad1a28e4a	4			yes					-1	-1	-1	-1	
434	431	6e283675539ecdc9	4			yes					-1	-1	-1	435	
435	434	7b1a35757899bc97	3			yes					-1	-1	-1	
436	431	57cc59616b8a192b	4			yes					-1	-1	-1	437	
437	436	42fe5a61408d6875	3			yes					-1	-1	-1	
438	431	aeddff516b6881c2	4			yes					-1	-1	-1	-1	
439	405	4a8ce6b826a830f6	4			yes					440	-1	445	448	
440	439	16de6b200f4d5f58	5			yes					-1	441	-1	-1	443	
441	440	c15eb3fa5d1673ba	4			yes					-1	-1	-1	442	
442	441	6be5ed75df9f8c2e	6			yes					-1	-1	-1	-1	-1	-1	
443	440	813ee25b69136273	4			yes					-1	-1	-1	444	
444	443	92ed47b0372b7f87	5			yes					-1	-1	-1	-1	-1	
445	439	84e675e1fd79aa64	5			yes					-1	446	447	-1	-1	
446	445	3564774a7f51ff85	4			yes					-1	-1	-1	-1	
447	445	5366ad3baf228686	4			yes					-1	-1	-1	-1	
448	439	a60728360af8b19b	6			yes					449	450	453	455	459	460	
449	448	8143726f572cede8	5			yes					-1	-1	-1	-1	-1	
450	448	17852a9d88d0e47a	5			yes					-1	451	-1	-1	452	
451	450	c005f247da8bc898	4			yes					-1	-1	-1	-1	
452	450	02b7299da3d79524	4			yes					-1	-1	-1	-1	
453	448	7187f0ec58a39d79	5			yes					-1	-1	-1	-1	454	
454	453	64b5f3ec73a4ec27	4			yes					-1	-1	-1	-1	
455	448	d89e42af1220ca1c	5			yes					-1	456	457	-1	458	
456	455	691c400490089ffd	4			yes					-1	-1	-1	-1	
457	455	0f1e9a75407be6fe	4			yes					-1	-1	-1	-1	
458	455	cdac41af3927bb42	4			yes					-1	-1	-1	-1	
459	448	4a248d06211d582c	5			yes					-1	-1	-1	-1	-1	
460	448	b3352b3621ffc0c5	5			yes					-1	-1	-1	-1	-1	
461	405	dc08385d81f4ca57	4			yes					462	-1	-1	465	
462	461	2c9dc6d7b4ebabcc	4			yes					463	464	-1	-1	
463	462	e89933ffbc9e776d	3			yes					-1	-1	-1	
464	462	fb1d1e0de6b0872e	3			yes					-1	-1	-1	
465	461	3b2b70ffacafce8a	5			yes					466	469	472	474	475	
466	465	7ca64e116e1ee57c	4			yes					467	468	-1	-1	
467	466	4f9d7c6c828ee063	6			yes					-1	-1	-1	-1	-1	-1	
468	466	d299e769c97b5f7f	5			yes					-1	-1	-1	-1	-1	
469	465	8aa972542e879b6b	4			yes					-1	470	-1	471	
470	469	5d29aa8e7cdcb789	3			yes					-1	-1	-1	
471	469	74e4f6f6894cdf8d	3			yes					-1	-1	-1	
472	465	ecaba825fef4e268	4			yes					-1	-1	-1	473	
473	472	12e62c87593fa68e	3			yes					-1	-1	-1	
474	465	dfc2603db5091613	4			yes					-1	-1	-1	-1	
475	465	c566f45d0b648a6c	4			yes					-1	-1	-1	-1	
476	405	8f4f1abfd3552a59	4			yes					477	-1	-1	-1	
477	476	0e7c9b00436ab033	5			yes					478	479	482	483	-1	
478	477	ca786e284b1f6c92	4			yes					-1	-1	-1	-1	
479	477	d9fc43da11319cd1	4			yes					-1	480	481	-1	
480	479	188f870d75e792ca	5			yes					-1	-1	-1	-1	-1	
481	479	8fa5b8da7844ce53	5			yes					-1	-1	-1	-1	-1	
482	477	6672a8fdbe1eef2e	6			yes					-1	-1	-1	-1	-1	-1	
483	477	e25f3e30688f5984	4			yes					-1	-1	484	485	
484	483	23ff776d30060367	5			yes					-1	-1	-1	-1	-1	
485	483	b42deb7b22bb5a21	7			yes					-1	-1	-1	-1	-1	-1	486	
486	485	5338500eda955b77	6			yes					-1	-1	-1	-1	-1	-1	
487	296	9a95f4a9fa967504	5			yes					488	497	515	524	531	
488	487	b9547c3fbba59541	5			yes					489	490	493	495	496	
489	488	3903f3a37d68b35d	4			yes					-1	-1	-1	-1	
490	488	3f86069fceea4b18	4			yes					-1	491	492	-1	
491	490	4cb23ed2d0768cda	3			yes					-1	-1	-1	
492	490	589134288729f015	3			yes					-1	-1	-1	
493	488	ca604472a5395283	4			yes					-1	-1	494	-1	
494	493	ad7776c5ecfae98e	3			yes					-1	-1	-1	
495	488	de434e88f2662e4c	4			yes					-1	-1	-1	-1	
496	488	12a6ffc6e4dd848a	4			yes					-1	-1	-1	-1	
497	487	72d989b3a8a383aa	4			yes					498	502	508	511	
498	497	5c1114f6809660bc	5			yes					499	-1	500	501	-1	
499	498	3174cdd5a0863c00	4			yes					-1	-1	-1	-1	
500	498	2f252cbb9e0aa77e	4			yes					-1	-1	-1	-1	
501	498	3b062641c955dbb1	4			yes					-1	-1	-1	-1	
502	497	0859754d2aa6e8a9	5			yes					503	504	505	506	507	
503	502	4fd44ba3e817c35f	4			yes					-1	-1	-1	-1	
504	502	eb53766d346fe0e9	4			yes					-1	-1	-1	-1	
505	502	68628c80cac38970	4			yes					-1	-1	-1	-1	
506	502	6f4e47fa636553a4	4			yes					-1	-1	-1	-1	
507	502	a3abf6b475def962	4			yes					-1	-1	-1	-1	
508	497	dd98585359d3920f	4			yes					509	-1	-1	510	
509	508	9a1566bd9b62b9f9	3			yes					-1	-1	-1	
510	508	4a78d1283f8daf24	3			yes					-1	-1	-1	
511	497	3cf266e9eafbf266	5			yes					-1	-1	512	514	-1	
512	511	4fc65ea4f46735a4	4			yes					-1	-1	513	-1	
513	512	28d16c13bda48ea9	3			yes					-1	-1	-1	
514	511	5be5545ea338496b	4			yes					-1	-1	-1	-1	
515	487	9e1b082d58fc3a68	4			yes					516	-1	518	522	
516	515	2d9cde466a9febc9	4			yes					-1	-1	517	-1	
517	516	4a8becf1235c50c4	3			yes					-1	-1	-1	
518	515	0218509d0821482a	5			yes					519	520	-1	-1	521	
519	518	45956e73ca9063dc	4			yes					-1	-1	-1	-1	
520	518	97b83397a2503986	4			yes					-1	-1	-1	-1	
521	518	95f8d9e66e7f7501	4			yes					-1	-1	-1	-1	
522	515	ae6d85b8aaef0e4f	5			yes					-1	-1	-1	523	-1	
523	522	c97ab70fe32cb542	4			yes					-1	-1	-1	-1	
524	487	528d6c3c8464be0a	4			yes					525	-1	-1	529	
525	524	89b5cb0366f06ce8	4			yes					-1	526	527	528	
526	525	0f67b1a313bfb2b1	3			yes					-1	-1	-1	
527	525	91657c47d5dcc56e	3			yes					-1	-1	-1	
528	525	1e55427800ae51c3	3			yes					-1	-1	-1	
529	524	17d12516bf761d45	5			yes					-1	-1	-1	-1	530	
530	529	8f427a6af6fde3f5	4			yes					-1	-1	-1	-1	
531	487	691b1f5741ca64d3	4			yes					532	-1	-1	-1	
532	531	68dff5b9d5d80c81	5			yes					-1	533	534	535	-1	
533	532	3500f551b914f281	5			yes					-1	-1	-1	-1	-1	
534	532	1bebcdf4cb44cb43	4			yes					-1	-1	-1	-1	
535	532	0fc8c70e9c1bb78c	4			yes					-1	-1	-1	-1	
536	296	19dd94db822771d0	6			yes					537	593	640	676	701	711	
537	536	541c92874d4067cf	5			yes					538	556	565	575	580	
538	537	f9f0b0e0a81ca514	5			yes					539	541	545	549	554	
539	538	949569c3880cf9a8	4			yes					-1	-1	-1	540	
540	539	b7412bc290b585e6	3			yes					-1	-1	-1	
541	538	b73ed99f86a5aad1	5			yes					-1	-1	-1	543	544	
542	541	828714e0b3fcd8f5	4			no					-1	-1	-1	-2	
543	541	e6f3bb94e063334d	4			yes					-1	-1	-1	-1	
544	541	13c102c3544cdc9f	4			yes					-1	-1	-1	-1	
545	538	2c377ac4bbed9841	4			yes					-1	546	547	548	
546	545	ea752bcdc31569ad	5			yes					-1	-1	-1	-1	-1	
547	545	e1743b207340646f	5			yes					-1	-1	-1	-1	-1	
548	545	ac22e0b156f1fe2d	5			yes					-1	-1	-1	-1	-1	
549	538	15d315d083f94ca3	4			yes					-1	550	-1	551	
550	549	593c47baaa8b494f	4			yes					-1	-1	-1	-1	
551	549	218fda9ab53601e4	6			yes					-1	-1	-1	-1	-1	553	
552	551	4b947c8556ed0d98	5			no					-1	-2	-2	-1	-2	
553	551	c69a61ef4d1800b2	5			yes					-1	-1	-1	-1	-1	
554	538	da24f2e1b0a5d95a	4			yes					-1	555	-1	-1	
555	554	37fec84bbb6fefdc	5			yes					-1	-1	-1	-1	-1	
556	537	cd527aa0b314b7a0	4			yes					557	558	559	562	
557	556	000d8d74ed1bafd7	5			yes					-1	-1	-1	-1	-1	
558	556	3de3f0c76543beb3	5			yes					-1	-1	-1	-1	-1	
559	556	2171df9098f15e17	3			yes					-1	-1	560	
560	559	41e73cbade87d474	6			yes					-1	-1	-1	-1	-1	561	
561	560	a6f287cf26a9d522	5			yes					-1	-1	-1	-1	-1	
562	556	ee8638a1abadcbee	3			yes					563	-1	-1	
563	562	80cd9ca0d0d1eada	5			yes					-1	-1	-1	-1	-1	
564	562	bd23e1135889fbbe	5			no					-1	-2	-1	-1	-2	
565	537	216bd940a45e4a60	4			yes					566	567	571	572	
566	565	54a7fedc2fe08d1e	5			yes					-1	-1	-1	-1	-1	
567	565	a7b9a3e0d1119439	3			yes					-1	-1	568	
568	567	824a112a0b9cf208	5			yes					-1	-1	-1	-1	570	
569	568	ca10913cbd3cfeab	4			no					-1	-1	-1	-2	
570	568	a675dba2e4bfc14b	4			yes					-1	-1	-1	-1	
571	565	74197caf005626f9	5			yes					-1	-1	-1	-1	-1	
572	565	02bf9b41bce7362e	3			yes					-1	-1	574	
573	572	d467ef08122ac813	5			no					-1	-1	-1	-1	-2	
574	572	bcdca297a0ecc4ab	5			yes					-1	-1	-1	-1	-1	
575	537	32c90efa32a3a8ac	4			yes					576	577	579	-1	
576	575	afc03985fb69c22e	5			yes					-1	-1	-1	-1	-1	
577	575	b41b745a47ec76f5	3			yes					-1	578	-1	
578	577	6bd2313330b32e76	5			yes					-1	-1	-1	-1	-1	
579	575	e70ec4de215295f9	3			yes					-1	-1	-1	
580	537	2a539928a0915df9	5			yes					581	582	588	591	592	
581	580	aa0416b4665c7be5	4			yes					-1	-1	-1	-1	
582	580	ac81e388d5de83a0	4			yes					-1	583	585	586	
583	582	a6dd914daedbefd6	5			yes					-1	-1	-1	-1	584	
584	583	c98751bf9cb44842	4			yes					-1	-1	-1	-1	
585	582	4aaef794c7bc2417	4			yes					-1	-1	-1	-1	
586	582	b9b3e088fed9f2fe	3			yes					-1	587	-1	
587	586	edb89b3773977b01	5			yes					-1	-1	-1	-1	-1	
588	580	ff94530cb36060ac	4			yes					-1	-1	589	590	
589	588	ebc4cdddd368abdf	5			yes					-1	-1	-1	-1	-1	
590	588	eaa6500c986711f2	3			yes					-1	-1	-1	
591	580	c6703c188b74b44e	4			yes					-1	-1	-1	-1	
592	580	3f619a288b962ca7	4			yes					-1	-1	-1	-1	
593	536	f191e9c1d012877e	5			yes					-1	594	608	615	621	
594	593	d3146a42bf67db38	5			yes					595	600	602	603	607	
595	594	949954ac7dd6f0ce	4			yes					-1	596	597	598	
596	595	2776b55ddde79d87	4			yes					-1	-1	-1	-1	
597	595	7a72717ff5289965	4			yes					-1	-1	-1	-1	
598	595	14b0fe8ee4cc3ff6	5			yes					-1	-1	-1	-1	599	
599	598	308f34060bef0cb5	4			yes					-1	-1	-1	-1	
600	594	301e6962a1aed378	4			yes					-1	-1	-1	601	
601	600	13ca2b63b917af36	3			yes					-1	-1	-1	
602	594	6b70daffef24b64f	4			yes					-1	-1	-1	-1	
603	594	3f37cf729482328f	4			yes					-1	-1	-1	604	
604	603	1ce38d738c3b4ec1	3			yes					605	-1	-1	
605	604	74603f804e973aea	5			yes					-1	-1	-1	-1	606	
606	605	937584f5b6b93bbc	4			yes					-1	-1	-1	-1	
607	594	f0c02843a7dea776	4			yes					-1	-1	-1	-1	
608	593	75464a109b7db487	4			yes					609	612	613	614	
609	608	32cb74fe59cc9f71	3			yes					-1	-1	610	
610	609	d415ab58c412e7d3	5			yes					-1	-1	-1	-1	611	
611	610	f02a61d02b31d490	4			yes					-1	-1	-1	-1	
612	608	60631292d56d99d3	3			yes					-1	-1	-1	
613	608	717c246d94187aec	3			yes					-1	-1	-1	
614	608	5692081183c4c8c9	3			yes					-1	-1	-1	
615	593	66e49daa0d80564b	4			yes					616	618	619	620	
616	615	2169a344cf317dbd	3			yes					-1	617	-1	
617	616	9ccb1276aa158fd4	4			yes					-1	-1	-1	-1	
618	615	73c1c52843907b1f	3			yes					-1	-1	-1	
619	615	b323578e1e716b1e	3			yes					-1	-1	-1	
620	615	876fac489f503bf7	3			yes					-1	-1	-1	
621	593	a2915c120069ef1a	4			yes					622	627	633	635	
622	621	cf16f1e19ba2a804	5			yes					623	624	625	626	-1	
623	622	a27328c2bbb2f4b8	4			yes					-1	-1	-1	-1	
624	622	7c9bc23166237b0b	5			yes					-1	-1	-1	-1	-1	
625	622	435b8c9d5a1e9373	5			yes					-1	-1	-1	-1	-1	
626	622	3bd50f056f0356df	5			yes					-1	-1	-1	-1	-1	
627	621	e5f22b438cd9d628	5			yes					628	629	630	631	-1	
628	627	5fd5f4f43980ab21	5			yes					-1	-1	-1	-1	-1	
629	627	06f828639210de68	4			yes					-1	-1	-1	-1	
630	627	5d969bfedc9abb5f	4			yes					-1	-1	-1	-1	
631	627	09d18e73a73c3f9f	4			yes					632	-1	-1	-1	
632	631	6e3aea1f94a26dd1	4			yes					-1	-1	-1	-1	
633	621	43a00b11a8c3b997	4			yes					634	-1	-1	-1	
634	633	9f70a122195e7304	5			yes					-1	-1	-1	-1	-1	
635	621	792228ea389b7f11	4			yes					636	-1	638	-1	
636	635	6417667bcdd73c34	5			yes					-1	-1	-1	-1	637	
637	636	0b4da689ffb89ba0	4			yes					-1	-1	-1	-1	
638	635	ace5e2ce2b6a4244	3			yes					639	-1	-1	
639	638	c85862dfd3163c26	4			yes					-1	-1	-1	-1	
640	536	1d53685f204d3ebc	5			yes					-1	-1	641	652	658	
641	640	2883b418b1b8da4c	5			yes					642	645	648	650	651	
642	641	6f0e8af67309f1ba	4			yes					643	-1	644	-1	
643	642	eec33220e562f3ab	5			yes					-1	-1	-1	-1	-1	
644	642	94d0ba77cf757f18	4			yes					-1	-1	-1	-1	
645	641	bd23d7121bc9abe0	4			yes					-1	-1	-1	646	
646	645	9ef795130370d7ae	3			yes					647	-1	-1	
647	646	6e0323f4d8a8b6a6	5			yes					-1	-1	-1	-1	-1	
648	641	30586e0f4babca99	4			yes					-1	-1	-1	649	
649	648	138c2c0e5312b6d7	3			yes					-1	-1	-1	
650	641	e922c5f28a6a36c1	4			yes					-1	-1	-1	-1	
651	641	0b57f619a901a602	4			yes					-1	-1	-1	-1	
652	640	b1547e0bbc9533a3	4			yes					653	655	656	657	
653	652	f6d940e57e241855	3			yes					654	-1	-1	
654	653	28676eabce1c2d7f	5			yes					-1	-1	-1	-1	-1	
655	652	24f41d0116e4420f	3			yes					-1	-1	-1	
656	652	33a66c06fa1037e6	3			yes					-1	-1	-1	
657	652	50df4fe92e455e1f	3			yes					-1	-1	-1	
658	640	4e53dd8cf03656d8	4			yes					659	-1	665	671	
659	658	fbb43ba180aabab0	4			yes					660	661	662	-1	
660	659	cba896da0d9d7e0d	5			yes					-1	-1	-1	-1	-1	
661	659	f646eb6985c56f69	5			yes					-1	-1	-1	-1	-1	
662	659	5bbde92504b2834f	5			yes					663	-1	-1	-1	-1	
663	662	6e04245a31ebf16b	4			yes					-1	-1	-1	-1	
664	662	13e76933b2128fec	4			no					-1	-1	-2	-1	
665	658	1e65f5198206d75c	5			yes					666	667	669	670	-1	
666	665	b33ccbadaa2686ac	5			yes					-1	-1	-1	-1	-1	
667	665	8bc596132877a6f0	4			yes					668	-1	-1	-1	
668	667	2566298e05e42271	5			yes					-1	-1	-1	-1	-1	
669	665	06be2f0e7815c789	4			yes					-1	-1	-1	-1	
670	665	dfc484f3b9d43bd1	4			yes					-1	-1	-1	-1	
671	658	ae92cb4b898e1af9	4			yes					672	674	-1	-1	
672	671	485b0cf47eafc99c	5			yes					-1	-1	-1	-1	673	
673	672	2701cc064cc06e08	4			yes					-1	-1	-1	-1	
674	671	3b32a84123ff6b55	3			yes					675	-1	-1	
675	674	e3c275052e9afca5	5			yes					-1	-1	-1	-1	-1	
676	536	0415c7a4b02e1c05	5			yes					-1	-1	-1	677	687	
677	676	ed6471ef910e2d22	5			yes					678	683	684	685	686	
678	677	aae94f0153bf06d4	4			yes					679	681	-1	682	
679	678	ba08ca50c09764e8	5			yes					-1	-1	-1	-1	-1	
680	679	1ef7110c127e12a6	4			no					-1	-1	-2	-2	
681	678	a8393cd99f58b1ce	4			yes					-1	-1	-1	-1	
682	678	1c94a87e8353a0b9	5			yes					-1	-1	-1	-1	-1	
683	677	78c412e53b7f5c8e	4			yes					-1	-1	-1	-1	
684	677	6bb60b4fe441f37b	4			yes					-1	-1	-1	-1	
685	677	bbe0c01119ab939d	4			yes					-1	-1	-1	-1	
686	677	027b96ba952a3abc	4			yes					-1	-1	-1	-1	
687	676	5715727760557461	4			yes					688	-1	-1	693	
688	687	178d984197e04770	4			yes					689	690	692	-1	
689	688	9f02e572cf665cc4	5			yes					-1	-1	-1	-1	-1	
690	688	c92f1b50d6d066df	5			yes					691	-1	-1	-1	-1	
691	690	fc96d62fe38914fb	4			yes					-1	-1	-1	-1	
692	688	6c42ca7cdc0cfbb8	5			yes					-1	-1	-1	-1	-1	
693	687	c6f25acdb7a01886	5			yes					694	696	698	700	-1	
694	693	aa89f65e34ecbcf2	5			yes					-1	-1	-1	-1	695	
695	694	c5d336ac06831b66	4			yes					-1	-1	-1	-1	
696	693	535239c71dd1692a	4			yes					697	-1	-1	-1	
697	696	71add1fe2011b532	5			yes					-1	-1	-1	-1	-1	
698	693	4020206dc2efc6df	4			yes					699	-1	-1	-1	
699	698	fcaa4c70e65b023c	4			yes					-1	-1	-1	-1	
700	693	9076eb333f05a639	4			yes					-1	-1	-1	-1	
701	536	efcb616edd4aaa6c	5			yes					-1	-1	-1	-1	702	
702	701	bccbd4bd0d31c208	4			yes					703	-1	-1	-1	
703	702	2d0fbbba07b881f6	4			yes					704	705	708	-1	
704	703	6465222b1bef13f4	5			yes					-1	-1	-1	-1	-1	
705	703	d9823f9a29d68f4b	5			yes					-1	706	-1	-1	707	
706	705	91d8bf8c9f7683e8	4			yes					-1	-1	-1	-1	
707	705	b6d8ff681bb928df	4			yes					-1	-1	-1	-1	
708	703	601687d78930ba00	5			yes					-1	709	710	-1	-1	
709	708	284c07c13f90b6a3	4			yes					-1	-1	-1	-1	
710	708	0a0d21c86aebb67c	4			yes					-1	-1	-1	-1	
711	536	4add2108525c19b4	5			yes					-1	-1	-1	-1	-1	
712	0	2d24736a21a2fe50	4			yes					713	-1	789	825	
713	712	25beaff324670fb5	5			yes					714	728	743	755	767	
714	713	b989ead95a51abde	5			yes					715	716	721	724	727	
715	714	169f489103f5c172	4			yes					-1	-1	-1	-1	
716	714	3f5b90792f1e7587	4			yes					-1	717	718	719	
717	716	a9e86372f4ca324a	5			yes					-1	-1	-1	-1	-1	
718	716	9385d23119852fb7	4			yes					-1	-1	-1	-1	
719	716	734c0ae3358d11f7	5			yes					-1	-1	-1	-1	720	
720	719	5773c06bdaae22b4	4			yes					-1	-1	-1	-1	
721	714	6c4e20fd49a0968b	4			yes					-1	-1	722	723	
722	721	3dd5410a4de66dd0	5			yes					-1	-1	-1	-1	-1	
723	721	5824f03e0607f47d	5			yes					-1	-1	-1	-1	-1	
724	714	55aa4fe971b44269	4			yes					-1	-1	-1	725	
725	724	d589ca15e5c00bb4	6			yes					-1	-1	-1	-1	-1	726	
726	725	329c71601dee0ae2	5			yes					-1	-1	-1	-1	-1	
727	714	1020b7fc14ff6017	4			yes					-1	-1	-1	-1	
728	713	33236ded6eb53932	5			yes					729	733	735	739	742	
729	728	7729b02ad39f5663	4			yes					-1	730	731	732	
730	729	cd812e62f45a3dcc	4			yes					-1	-1	-1	-1	
731	729	c4819059a26a79cf	4			yes					-1	-1	-1	-1	
732	729	303887c634ecafbe	5			yes					-1	-1	-1	-1	-1	
733	728	d447eff6cb90707a	4			yes					-1	-1	-1	734	
734	733	b07b2b8ed74eca81	5			yes					-1	-1	-1	-1	-1	
735	728	e6e4a7c97d440467	4			yes					-1	-1	736	737	
736	735	822baaeff6985e64	4			yes					-1	-1	-1	-1	
737	735	eb61a6b38c55b3b2	5			yes					-1	-1	-1	-1	738	
738	737	cf5e6c3b637680f1	4			yes					-1	-1	-1	-1	
739	728	df00c8dd4550d085	4			yes					-1	-1	-1	740	
740	739	a9c2ebf37882feb8	5			yes					-1	-1	-1	-1	741	
741	740	4ed7508680acffee	4			yes					-1	-1	-1	-1	
742	728	9a8a30c8201bf2fb	4			yes					-1	-1	-1	-1	
743	713	824aa882a3d4757e	4			yes					744	748	750	752	
744	743	c64075451efe1a2f	3			yes					745	-1	746	
745	744	fefc06e40af6e967	4			yes					-1	-1	-1	-1	
746	744	3c5a9f6a5f2f778e	5			yes					-1	-1	-1	-1	747	
747	746	186555e2b00c44cd	4			yes					-1	-1	-1	-1	
748	743	2fcb8566d0960ce8	4			yes					-1	-1	-1	749	
749	748	d7e23753eed3bea3	3			yes					-1	-1	-1	
750	743	f6e5c6b7abbe3528	5			yes					-1	751	-1	-1	-1	
751	750	f177186e912f483e	4			yes					-1	-1	-1	-1	
752	743	2be3f5a7ed7abeb7	3			yes					-1	753	754	
753	752	f3ddfddb01f08de0	4			yes					-1	-1	-1	-1	
754	752	04b20a4e64409e2a	5			yes					-1	-1	-1	-1	-1	
755	713	3de854fe82ba4538	4			yes					756	759	763	766	
756	755	79e289393f902a69	3			yes					757	758	-1	
757	756	b090af1b385ac5ba	4			yes					-1	-1	-1	-1	
758	756	83816d99819acea4	4			yes					-1	-1	-1	-1	
759	755	c64e51d95535a3a7	5			yes					-1	-1	760	761	762	
760	759	895b99cfa552bd68	4			yes					-1	-1	-1	-1	
761	759	3da0313860eed215	4			yes					-1	-1	-1	-1	
762	759	3e67e3ec6b7011ec	4			yes					-1	-1	-1	-1	
763	755	e82f9eda914b786d	3			yes					-1	764	765	
764	763	0f52aedfb0778b6a	4			yes					-1	-1	-1	-1	
765	763	9e897116ff95fd4b	5			yes					-1	-1	-1	-1	-1	
766	755	fa1e51fef1ee4d89	3			yes					-1	-1	-1	
767	713	030ff7cef10cd560	5			yes					768	776	780	787	788	
768	767	47052a094c26ba31	4			yes					769	770	771	772	
769	768	2c77677f40121fdd	4			yes					-1	-1	-1	-1	
770	768	6f1acdd09dc8471b	4			yes					-1	-1	-1	-1	
771	768	17944e48a8d582b7	4			yes					-1	-1	-1	-1	
772	768	523729096721cb6f	3			yes					-1	773	774	
773	772	8063a1fc91272a45	4			yes					-1	-1	-1	-1	
774	772	0dce9bd772e0d58c	5			yes					-1	-1	-1	-1	775	
775	774	eadb20a28aced4da	4			yes					-1	-1	-1	-1	
776	767	68dcb1d3ae39caed	4			yes					-1	777	779	-1	
777	776	3558457c9ead9be7	4			yes					-1	-1	-1	778	
778	777	5a02858eacc23c73	3			yes					-1	-1	-1	
779	776	caf13f1fa72098a6	4			yes					-1	-1	-1	-1	
780	767	d6c83deae2fde835	4			yes					-1	-1	781	785	
781	780	53aa650417c4f15e	5			yes					-1	782	783	-1	784	
782	781	5438bbdd2d558c48	4			yes					-1	-1	-1	-1	
783	781	39b1c31bf41ffd22	4			yes					-1	-1	-1	-1	
784	781	9aa92ac2dceffce3	4			yes					-1	-1	-1	-1	
785	780	c3fa3eeac9fa996b	3			yes					-1	786	-1	
786	785	7e3d4f0643e10f30	4			yes					-1	-1	-1	-1	
787	767	ef2c52fedae93cd7	4			yes					-1	-1	-1	-1	
788	767	163df4ceda0ba43e	4			yes					-1	-1	-1	-1	
789	712	b11507686e88d53a	5			yes					790	-1	799	806	816	
790	789	77ade9dfc30ac4d4	5			yes					791	793	794	796	798	
791	790	f3053c2b656f4f74	4			yes					-1	-1	-1	792	
792	791	515c22987cd907de	6			yes					-1	-1	-1	-1	-1	-1	
793	790	15ce57914ba558a7	5			yes					-1	-1	-1	-1	-1	
794	790	019a2bcdd4a7eae2	4			yes					-1	-1	-1	795	
795	794	2172e7d87056f78d	6			yes					-1	-1	-1	-1	-1	-1	
796	790	3fbddfe2dbb6fe44	6			yes					-1	-1	-1	-1	-1	-1	
797	796	c7946dd7e5f34c0f	5			no					-1	-2	-2	-2	-1	
798	790	de04b4fa8da40f1d	4			yes					-1	-1	-1	-1	
799	789	ec5b7d40a97c1e0f	4			yes					800	-1	803	804	
800	799	d312b264ad7d642d	5			yes					-1	-1	-1	801	802	
801	800	c2a151701cb297a0	5			yes					-1	-1	-1	-1	-1	
802	800	361846ef8a3441d1	6			yes					-1	-1	-1	-1	-1	-1	
803	799	f92c041e07b4001f	4			yes					-1	-1	-1	-1	
804	799	b758815caeda7a17	3			yes					805	-1	-1	
805	804	7d7d4c955778d506	6			yes					-1	-1	-1	-1	-1	-1	
806	789	3f608de61ffcf456	4			yes					807	-1	-1	810	
807	806	9c8fb765a05d48ca	5			yes					-1	-1	808	-1	809	
808	807	0d39d14a185bf123	6			yes					-1	-1	-1	-1	-1	-1	
809	807	64351eb36e0595b0	6			yes					-1	-1	-1	-1	-1	-1	
810	806	646371fa185a904e	3			yes					811	-1	-1	
811	810	f533994a44fc81b3	6			yes					-1	812	813	814	-1	815	
812	811	783f5aabce3054e4	5			yes					-1	-1	-1	-1	-1	
813	811	32c2a260c9598cdf	5			yes					-1	-1	-1	-1	-1	
814	811	95e1381cd8960e3a	5			yes					-1	-1	-1	-1	-1	
815	811	8f196ad3cac851b1	5			yes					-1	-1	-1	-1	-1	
816	789	ea16fb74692eb122	4			yes					817	-1	-1	-1	
817	816	cb36b7faa6a37e43	5			yes					818	819	820	824	-1	
818	817	1a3928e2a1959309	6			yes					-1	-1	-1	-1	-1	-1	
819	817	82bd2556478f4d78	5			yes					-1	-1	-1	-1	-1	
820	817	6a17eda2ad1a635a	6			yes					-1	821	822	-1	-1	823	
821	820	e71b2e4327d6b60d	5			yes					-1	-1	-1	-1	-1	
822	820	ade6d68820bf6e36	5			yes					-1	-1	-1	-1	-1	
823	820	054d2d509f75c4ce	5			yes					-1	-1	-1	-1	-1	
824	817	e877966f58311be9	5			yes					-1	-1	-1	-1	-1	
825	712	65de5db3bccbd847	6			yes					826	-1	854	912	939	946	
826	825	c5bb07e0f64ccbf1	6			yes					827	830	832	838	845	849	
827	826	4113d21450294051	5			yes					-1	-1	-1	-1	829	
828	827	7ca1a28f63e3da08	5			no					-1	-2	-2	-2	-2	
829	827	4fa6549dd27f96db	4			yes					-1	-1	-1	-1	
830	826	f79f2ad95d2179db	6			yes					-1	-1	-1	-1	-1	831	
831	830	d2d516b8c01d940b	5			yes					-1	-1	-1	-1	-1	
832	826	cc95ce196ff08edb	6			yes					-1	833	-1	-1	835	837	
833	832	41990df8e53c5b8c	5			yes					-1	-1	-1	-1	834	
834	833	64d331997800b65c	4			yes					-1	-1	-1	-1	
835	832	30a0d0dce7ae2ce9	5			yes					-1	-1	-1	-1	836	
836	835	15eaecbd7a92c139	4			yes					-1	-1	-1	-1	
837	832	e9dff278f2cc630b	5			yes					-1	-1	-1	-1	-1	
838	826	a09758484f90797b	5			yes					-1	-1	839	841	842	
839	838	d4ece9218cb43a17	6			yes					-1	-1	-1	-1	-1	840	
840	839	f1a6d5401188d7c7	5			yes					-1	-1	-1	-1	-1	
841	838	706040ca96607abc	5			yes					-1	-1	-1	-1	-1	
842	838	ae22dec1cdc6aff1	4			yes					-1	-1	843	844	
843	842	cec7d38a8a2ea1d3	6			yes					-1	-1	-1	-1	-1	-1	
844	842	b4c4097a1065d773	5			yes					-1	-1	-1	-1	-1	
845	826	4b1579ee553d8999	5			yes					-1	-1	846	-1	847	
846	845	04d2ce4cfa6e8909	5			yes					-1	-1	-1	-1	-1	
847	845	45a0ff67d76b5f13	4			yes					-1	-1	848	-1	
848	847	053aaaa931992dfe	5			yes					-1	-1	-1	-1	-1	
849	826	cb0e8169741a1d7b	5			yes					-1	850	851	-1	-1	
850	849	edb410725bbbe21f	6			yes					-1	-1	-1	-1	-1	-1	
851	849	d6bef4b2696a151f	6			yes					-1	852	-1	-1	853	-1	
852	851	5bb23753e3a6c048	5			yes					-1	-1	-1	-1	-1	
853	851	2a8bea77e134b72d	5			yes					-1	-1	-1	-1	-1	
854	825	a6c96b22bfefb197	5			yes					855	-1	876	898	903	
855	854	a3a69cc4a016e596	6			yes					856	858	859	861	864	867	
856	855	66c5a5458656365e	6			yes					-1	-1	-1	-1	-1	857	
857	856	438f99241b6adb8e	5			yes					-1	-1	-1	-1	-1	
858	855	9f0f03e7fa9dfa57	6			yes					-1	-1	-1	-1	-1	-1	
859	855	5df298d5c750cc7b	6			yes					-1	-1	-1	-1	-1	860	
860	859	78b8a4b45a6c21ab	5			yes					-1	-1	-1	-1	-1	
861	855	a9d9d6f552965c48	6			yes					-1	862	-1	-1	-1	863	
862	861	24d51514d85a891f	5			yes					-1	-1	-1	-1	-1	
863	861	8c93ea94cfaab198	5			yes					-1	-1	-1	-1	-1	
864	855	1eb6c9861fdb655f	6			yes					-1	865	-1	-1	866	-1	
865	864	93ba0a679517b008	5			yes					-1	-1	-1	-1	-1	
866	864	f10bfd8bd71f33c5	5			yes					-1	-1	-1	-1	-1	
867	855	ad131a4d2240331c	5			yes					868	869	870	871	873	
868	867	7cee9fee80ccad9a	6			yes					-1	-1	-1	-1	-1	-1	
869	867	8524394cfc076193	6			yes					-1	-1	-1	-1	-1	-1	
870	867	47d9a27ec1ca57bf	6			yes					-1	-1	-1	-1	-1	-1	
871	867	b3f2ec5e540cc78c	6			yes					-1	872	-1	-1	-1	-1	
872	871	3efe2fbfdec012db	5			yes					-1	-1	-1	-1	-1	
873	867	1f5ead63d42cc1a8	6			yes					-1	874	-1	-1	875	-1	
874	873	92526e825ee014ff	5			yes					-1	-1	-1	-1	-1	
875	873	f0e3996e1ce89732	5			yes					-1	-1	-1	-1	-1	
876	854	bb01385d8de6dc42	4			yes					877	-1	889	890	
877	876	87b50c600dd1c593	7			yes					-1	878	880	882	883	885	887	
878	877	0ab9cf81871d10c4	6			yes					-1	-1	-1	-1	-1	879	
879	878	2ff3f3e01a21fd14	5			yes					-1	-1	-1	-1	-1	
880	877	e186dc288376de6c	6			yes					-1	-1	-1	-1	-1	881	
881	880	c4cce0491e4a33bc	5			yes					-1	-1	-1	-1	-1	
882	877	99e401c57a227c42	6			yes					-1	-1	-1	-1	-1	-1	
883	877	6808386dc5159309	6			yes					-1	-1	-1	-1	-1	884	
884	883	4d42040c58297ed9	5			yes					-1	-1	-1	-1	-1	
885	877	7b8012a5858f67a1	6			yes					-1	-1	-1	-1	-1	886	
886	885	5eca2ec418b38a71	5			yes					-1	-1	-1	-1	-1	
887	877	a2ff300190ed2843	6			yes					-1	-1	-1	888	-1	-1	
888	887	bcae3da4e71e9192	5			yes					-1	-1	-1	-1	-1	
889	876	b241be5d4589c151	5			yes					-1	-1	-1	-1	-1	
890	876	ca555566d8ad199e	3			yes					891	-1	897	
891	890	f70b7828fdb68d5d	7			yes					-1	892	893	894	895	896	-1	
892	891	7a07bbc9777a580a	6			yes					-1	-1	-1	-1	-1	-1	
893	891	9138a860731196a2	6			yes					-1	-1	-1	-1	-1	-1	
894	891	e95a758d8a45348c	6			yes					-1	-1	-1	-1	-1	-1	
895	891	18b64c253572dbc7	6			yes					-1	-1	-1	-1	-1	-1	
896	891	0b3e66ed75e82f6f	6			yes					-1	-1	-1	-1	-1	-1	
897	890	f9b41bf99e00da4f	5			yes					-1	-1	-1	-1	-1	
898	854	55b13596b8ecf372	4			yes					899	-1	-1	901	
899	898	b962df7909d8f0a2	6			yes					-1	-1	-1	-1	-1	900	
900	899	b4c17385e50112e1	5			yes					-1	-1	-1	-1	-1	
901	898	24e558adeda736ae	3			yes					902	-1	-1	
902	901	36b756cc16d53b64	6			yes					-1	-1	-1	-1	-1	-1	
903	854	d79d0619eaa4744b	4			yes					904	-1	-1	-1	
904	903	65dc5f7845fe6be5	6			yes					905	906	908	909	910	-1	
905	904	167bd10d76317e90	6			yes					-1	-1	-1	-1	-1	-1	
906	904	efb177af0afab299	6			yes					-1	-1	-1	-1	-1	-1	
907	906	ba453f8667a11787	5			no					-1	-1	-2	-2	-2	
908	904	2d4cec9d373784b5	6			yes					-1	-1	-1	-1	-1	-1	
909	904	d967a2bda2f11486	6			yes					-1	-1	-1	-1	-1	-1	
910	904	fcae985102ac6832	6			yes					-1	-1	-1	-1	-1	-1	
911	910	71a25bb08860bd65	5			no					-1	-1	-1	-2	-2	
912	825	78160ecc8ec2b592	5			yes					913	-1	-1	928	933	
913	912	4216065d0cc83daa	5			yes					914	916	-1	919	922	
914	913	305ea2cc76d35fe9	6			yes					-1	-1	-1	-1	-1	915	
915	914	15149eadebefb239	5			yes					-1	-1	-1	-1	-1	
916	913	dca6e325e9cd1a8d	6			yes					-1	-1	-1	-1	-1	917	
917	916	f9ecdf4474f1f75d	5			yes					-1	-1	-1	-1	-1	
918	913	9dee68e959c1ac75	6			no					-1	-2	-2	-1	-2	-2	
919	913	482dce0fef5e0ce8	6			yes					-1	920	-1	-1	921	-1	
920	919	c5210dee6592d9bf	5			yes					-1	-1	-1	-1	-1	
921	919	a790fa02279a5a72	5			yes					-1	-1	-1	-1	-1	
922	913	4ca380d48e9eeb20	4			yes					923	924	-1	925	
923	922	2a7598677049c42d	6			yes					-1	-1	-1	-1	-1	-1	
924	922	c68dd98eef578149	6			yes					-1	-1	-1	-1	-1	-1	
925	922	49c5aaea24a9a81f	6			yes					-1	926	-1	-1	927	-1	
926	925	c4c9690bae657d48	5			yes					-1	-1	-1	-1	-1	
927	925	a6789ee7ec6dfe85	5			yes					-1	-1	-1	-1	-1	
928	912	8b6e507889c1f777	4			yes					929	-1	-1	931	
929	928	eff9d8f0f95d9915	6			yes					-1	-1	-1	-1	-1	930	
930	929	e25a740c15847b56	5			yes					-1	-1	-1	-1	-1	
931	928	fa3a3d43dc8a32ab	3			yes					932	-1	-1	
932	931	602c5145e65052d3	6			yes					-1	-1	-1	-1	-1	-1	
933	912	094263f7db89704e	4			yes					934	-1	-1	-1	
934	933	846cc5e1e920b3d9	5			yes					935	936	-1	937	-1	
935	934	40e0d68486b41727	6			yes					-1	-1	-1	-1	-1	-1	
936	934	ac18976d19aa5243	6			yes					-1	-1	-1	-1	-1	-1	
937	934	aa359fd8f2290185	6			yes					-1	-1	-1	-1	-1	-1	
938	937	27395c3978e5d4d2	5			no					-1	-1	-1	-2	-2	
939	825	96a60307bbc89aa2	5			yes					940	-1	-1	-1	943	
940	939	d81e97e60aa555d9	4			yes					-1	-1	941	-1	
941	940	7e493dc16f44b651	6			yes					-1	-1	-1	-1	-1	942	
942	941	5b0301a0f2785b81	5			yes					-1	-1	-1	-1	-1	
943	939	e7f26e3cee835f7e	4			yes					944	-1	-1	-1	
944	943	dec1246dc97ca97f	4			yes					-1	-1	945	-1	
945	944	0ef749899f23fe9f	6			yes					-1	-1	-1	-1	-1	-1	
946	825	148a3088e9801d9b	5			yes					947	-1	-1	-1	-1	
947	946	03c1c45c13a44582	6			yes					948	949	950	953	956	-1	
948	947	876911a8b5c1ce22	5			yes					-1	-1	-1	-1	-1	
949	947	87215e91ad463115	6			yes					-1	-1	-1	-1	-1	-1	
950	947	bc2bba519f97c615	6			yes					-1	951	-1	-1	952	-1	
951	950	312779b0155b1342	5			yes					-1	-1	-1	-1	-1	
952	950	401ea49417c96427	5			yes					-1	-1	-1	-1	-1	
953	947	66ed9bf4aa78f708	5			yes					-1	-1	954	955	-1	
954	953	a4529d697cd372d9	6			yes					-1	-1	-1	-1	-1	-1	
955	953	dc276bbc5e10323d	5			yes					-1	-1	-1	-1	-1	
956	947	8d6fba52b0d507ea	5			yes					-1	-1	957	-1	-1	
957	956	e6ca9f9be7198464	5			yes					-1	-1	-1	-1	-1	
