Number of nodes
485
ID	PID	Hash_Value			File_Number	Fully_Enumerated	Children
0	-1	b546902a6e1430c3	6			yes					1	168	281	376	440	484	
1	0	744895cc4f1634a3	5			yes					2	65	92	118	132	
2	1	b2490e53d90cbd22	5			yes					3	18	34	53	64	
3	2	eb162364320a8e37	4			yes					4	5	7	12	
4	3	53aaacc349a247c7	4			yes					-1	-1	-1	-1	
5	3	9f564f8335e025c9	4			yes					-1	6	-1	-1	
6	5	ee6c7e77fc381a4f	3			yes					-1	-1	-1	
7	3	e8d5f32cf0b8ea04	3			yes					8	9	10	
8	7	803db40f77d02f75	4			yes					-1	-1	-1	-1	
9	7	089eb2c74d5f153d	4			yes					-1	-1	-1	-1	
10	7	2cb817351da69fd2	5			yes					-1	-1	-1	-1	11	
11	10	43c31705f0d7a25f	4			yes					-1	-1	-1	-1	
12	3	47428d159ee046a2	3			yes					13	14	-1	
13	12	e2b5e9405c14663d	4			yes					-1	-1	-1	-1	
14	12	a758b3f32b9ae2ea	5			yes					-1	15	-1	-1	17	
15	14	d6628207e242dd6c	4			yes					-1	-1	-1	16	
16	15	d9b7641f33724195	3			yes					-1	-1	-1	
17	14	a88d55ebfaaa7e13	4			yes					-1	-1	-1	-1	
18	2	fc0e4e87fae6ad57	4			yes					-1	19	26	30	
19	18	e307021488490f40	5			yes					20	22	23	24	25	
20	19	74509bf5b9ecd7d1	4			yes					21	-1	-1	-1	
21	20	81f18cb9a758b963	3			yes					-1	-1	-1	
22	19	16a6155896fd61f2	4			yes					-1	-1	-1	-1	
23	19	86216713e0cedfa6	4			yes					-1	-1	-1	-1	
24	19	bf2817b07eaf81b1	4			yes					-1	-1	-1	-1	
25	19	5bfffe0eb170e834	4			yes					-1	-1	-1	-1	
26	18	ea9e6adc88c8e8a9	5			yes					27	28	-1	-1	29	
27	26	7dc9f33db96d3038	4			yes					-1	-1	-1	-1	
28	26	1f3f7d90967c861b	4			yes					-1	-1	-1	-1	
29	26	a1a44a653ed56845	4			yes					-1	-1	-1	-1	
30	18	88163793a30ca1e1	5			yes					31	32	-1	33	-1	
31	30	1f41ae7292a97970	4			yes					-1	-1	-1	-1	
32	30	7db720dfbdb8cf53	4			yes					-1	-1	-1	-1	
33	30	e4ba5faee6dc760b	4			yes					-1	-1	-1	-1	
34	2	b88f13daa6b48fc6	4			yes					-1	-1	35	41	
35	34	9e466d0ef90cdecd	5			yes					36	37	38	39	40	
36	35	0911f4efc8a9065c	4			yes					-1	-1	-1	-1	
37	35	dcc177ff440ca5aa	4			yes					-1	-1	-1	-1	
38	35	ef7c5cfa30d4e14b	4			yes					-1	-1	-1	-1	
39	35	62fab29d344aa21c	4			yes					-1	-1	-1	-1	
40	35	58566d77883be0a1	4			yes					-1	-1	-1	-1	
41	34	31806c3a9fc9291a	6			yes					42	46	48	-1	50	52	
42	41	a6d7f5dbae6cf18b	5			yes					43	-1	-1	-1	45	
43	42	e450ef2a136c8aec	4			yes					-1	-1	-1	44	
44	43	eb850932c25c1615	3			yes					-1	-1	-1	
45	42	a90213c37f5c6d72	4			yes					-1	-1	-1	-1	
46	41	730776cb22c9527d	5			yes					-1	-1	-1	-1	47	
47	46	7cd290d3f3f9ce84	4			yes					-1	-1	-1	-1	
48	41	40ba5dce5611169c	5			yes					-1	-1	-1	-1	49	
49	48	4f6fbbd687218a65	4			yes					-1	-1	-1	-1	
50	41	bbb0f697a1eb4acd	5			yes					-1	-1	-1	-1	51	
51	50	b465108f70dbd634	4			yes					-1	-1	-1	-1	
52	41	3e558a224ef9b5e3	5			yes					-1	-1	-1	-1	-1	
53	2	b18ade1b1bbed911	4			yes					-1	-1	-1	54	
54	53	ba60c8fca9f55422	6			yes					55	56	58	60	-1	62	
55	54	2d37511d98508cb3	5			yes					-1	-1	-1	-1	-1	
56	54	f8e7d20d14f52f45	5			yes					-1	-1	-1	-1	57	
57	56	979cd23df98412c8	4			yes					-1	-1	-1	-1	
58	54	cb5af908602d6ba4	5			yes					-1	-1	-1	-1	59	
59	58	a421f9388d5c5629	4			yes					-1	-1	-1	-1	
60	54	5408e16fe64c2672	5			yes					-1	-1	-1	-1	-1	
61	60	3b73e15f0b3d1bff	4			no					-1	-1	-2	-1	
62	54	d51bc8cc448469af	5			yes					63	-1	-1	-1	-1	
63	62	424c512d7521b13e	4			yes					-1	-1	-1	-1	
64	2	1e1da02275e675b7	4			yes					-1	-1	-1	-1	
65	1	2416427d5b26423b	4			yes					66	74	80	91	
66	65	8e9d91eabacca022	3			yes					67	68	70	
67	66	0bb9a4ab4c5d8e8d	4			yes					-1	-1	-1	-1	
68	66	26331666e6419408	5			yes					-1	-1	-1	-1	69	
69	68	4673eac207d7d7b5	4			yes					-1	-1	-1	-1	
70	66	442487a6b35350fb	5			yes					-1	71	72	-1	73	
71	70	79bb9e1a0c6b2508	4			yes					-1	-1	-1	-1	
72	70	aa4cae35fcea22ab	4			yes					-1	-1	-1	-1	
73	70	2a1d66253f234183	4			yes					-1	-1	-1	-1	
74	65	051cadae8fb24ebf	3			yes					-1	75	77	
75	74	894da119fd224a26	5			yes					-1	-1	-1	-1	76	
76	75	543b369a8cc4561e	4			yes					-1	-1	-1	-1	
77	74	e7fefcd0d56757bb	5			yes					78	79	-1	-1	-1	
78	77	70a96531e4c28f2a	4			yes					-1	-1	-1	-1	
79	77	ab0ccfb8fefb5f80	4			yes					-1	-1	-1	-1	
80	65	27d5923599942608	3			yes					-1	-1	81	
81	80	f8b0c92d49896d0b	6			yes					82	84	86	88	-1	89	
82	81	6fe750cc782cb59a	5			yes					-1	-1	-1	-1	83	
83	82	009c50fc955d8817	4			yes					-1	-1	-1	-1	
84	81	b442fa4562156530	5			yes					-1	-1	-1	-1	85	
85	84	db39fa758f6458bd	4			yes					-1	-1	-1	-1	
86	81	c52fd091f6b118f8	5			yes					-1	-1	-1	-1	87	
87	86	aa54d0a11bc02575	4			yes					-1	-1	-1	-1	
88	81	16d8e0be06301f5b	5			yes					-1	-1	-1	-1	-1	
89	81	97cbc91da4f85086	5			yes					-1	-1	-1	90	-1	
90	89	79a3e08eeb4122d6	4			yes					-1	-1	-1	-1	
91	65	8842ec0cf7cc8aae	3			yes					-1	-1	-1	
92	1	ca00135d98c97666	4			yes					93	100	115	117	
93	92	608bc0ca7923947f	3			yes					94	95	96	
94	93	ef5e6aaefca1eecb	4			yes					-1	-1	-1	-1	
95	93	6529f1fb5e666e3f	4			yes					-1	-1	-1	-1	
96	93	54b1daec7e96b9fa	5			yes					-1	97	98	-1	99	
97	96	258beb18b74e867c	4			yes					-1	-1	-1	-1	
98	96	e6e9867d8a0a68de	4			yes					-1	-1	-1	-1	
99	96	3a883b6ff2e6a882	4			yes					-1	-1	-1	-1	
100	92	6fd5cdd3dfeb4ffc	3			yes					-1	101	103	
101	100	10e3edcf7cac634c	5			yes					-1	-1	-1	-1	102	
102	101	2d345acb70ccad0d	4			yes					-1	-1	-1	-1	
103	100	df36e21c99f14429	6			yes					104	106	108	110	112	114	
104	103	48617bfda8549cb8	5			yes					-1	-1	-1	-1	105	
105	104	47b49de579640041	4			yes					-1	-1	-1	-1	
106	103	93c4d174b26d4c12	5			yes					-1	-1	-1	-1	107	
107	106	9c11376c635dd0eb	4			yes					-1	-1	-1	-1	
108	103	0b148dabd16682d5	5			yes					-1	-1	-1	-1	109	
109	108	04c16bb300561e2c	4			yes					-1	-1	-1	-1	
110	103	a22bd7b9f1501686	5			yes					-1	-1	-1	-1	111	
111	110	adfe31a120608a7f	4			yes					-1	-1	-1	-1	
112	103	7d4f1683eb3fd800	5			yes					-1	-1	-1	-1	113	
113	112	729af09b3a0f44f9	4			yes					-1	-1	-1	-1	
114	103	d0e3040448c1d8d0	5			yes					-1	-1	-1	-1	-1	
115	92	a30aa3680a221316	3			yes					-1	-1	116	
116	115	b5d27f35e773b825	5			yes					-1	-1	-1	-1	-1	
117	92	6654bd2c3423bef3	3			yes					-1	-1	-1	
118	1	4a552a2f85a89146	4			yes					119	122	129	131	
119	118	e0def9b86442735f	3			yes					120	121	-1	
120	119	fa23b3310b4c70be	5			yes					-1	-1	-1	-1	-1	
121	119	ee372a6ca6cfbfd7	5			yes					-1	-1	-1	-1	-1	
122	118	ef80f4a1c28aa8dc	3			yes					-1	123	128	
123	122	ae0ebf2ab65c6628	5			yes					124	125	-1	126	127	
124	123	395926cb87f9beb9	4			yes					-1	-1	-1	-1	
125	123	e2fc8c429dc06e13	4			yes					-1	-1	-1	-1	
126	123	550bee4655949a91	4			yes					-1	-1	-1	-1	
127	123	828671e7f36814ca	4			yes					-1	-1	-1	-1	
128	122	a2bebe30d611b7c5	5			yes					-1	-1	-1	-1	-1	
129	118	409337a6fa10a3a2	3			yes					-1	-1	130	
130	129	8d0a53e71418ca6f	5			yes					-1	-1	-1	-1	-1	
131	118	05981090d970e967	3			yes					-1	-1	-1	
132	1	86340003a079d326	5			yes					133	145	157	166	167	
133	132	2cbfd3944193313f	4			yes					134	136	139	141	
134	133	6e2fdc55527c43bf	5			yes					-1	-1	-1	-1	135	
135	134	c70182c8e3053276	4			yes					-1	-1	-1	-1	
136	133	0b315f4ec152597b	5			yes					-1	-1	-1	-1	138	
137	136	7a0b6eba088a66fd	4			no					-1	-1	-2	-2	
138	136	a21f01d3702b28b2	4			yes					-1	-1	-1	-1	
139	133	5b024c747497eba3	5			yes					-1	-1	-1	-1	140	
140	139	f22c12e9c5ee9a6a	4			yes					-1	-1	-1	-1	
141	133	acd0134ffa286f4d	3			yes					142	143	-1	
142	141	03245cafa130e9d8	4			yes					-1	-1	-1	-1	
143	141	5410f0a33e09c9d8	5			yes					-1	-1	-1	-1	144	
144	143	5bc516bbef395521	4			yes					-1	-1	-1	-1	
145	132	23e1de8de75beabc	4			yes					-1	146	151	155	
146	145	d54f2f068b069ebe	5			yes					147	148	-1	149	150	
147	146	4218b6e7baa3462f	4			yes					-1	-1	-1	-1	
148	146	99bd1c6ea09a9685	4			yes					-1	-1	-1	-1	
149	146	89603aa27de0104f	4			yes					-1	-1	-1	-1	
150	146	25ac352fe6466682	4			yes					-1	-1	-1	-1	
151	145	6a039237e8fdfaa6	5			yes					152	153	-1	-1	154	
152	151	fd540bd6d9582237	4			yes					-1	-1	-1	-1	
153	151	26f1a15fc361f29d	4			yes					-1	-1	-1	-1	
154	151	8fb625a98fc41724	4			yes					-1	-1	-1	-1	
155	145	a38e1e565ce0b4ce	3			yes					-1	156	-1	
156	155	4b95d4ac6a3677fa	5			yes					-1	-1	-1	-1	-1	
157	132	8cf21d8adfc1e1c2	4			yes					-1	-1	158	165	
158	157	5f838b488254f049	6			yes					159	160	161	-1	162	163	
159	158	c8d412a9b3f128d8	5			yes					-1	-1	-1	-1	-1	
160	158	1371b820a9c8f872	5			yes					-1	-1	-1	-1	-1	
161	158	2eb9babc4b8ccfcf	5			yes					-1	-1	-1	-1	-1	
162	158	ff0d1a73afdee234	5			yes					-1	-1	-1	-1	-1	
163	158	f6add5d5332d8180	5			yes					-1	-1	-1	-1	-1	
164	163	ba5fe6bd18b189bb	4			no					-1	-2	-1	-1	
165	157	0c9ddd51647abfb0	3			yes					-1	-1	-1	
166	132	85f7d04b62cbb715	4			yes					-1	-1	-1	-1	
167	132	065bc0d81bc28d54	4			yes					-1	-1	-1	-1	
168	0	3d586092e4537e33	5			yes					-1	169	218	240	253	
169	168	a19b9e10f5f4f3c0	5			yes					170	188	195	210	217	
170	169	45df8d5a59a69de8	4			yes					171	172	178	183	
171	170	e769c22186958742	4			yes					-1	-1	-1	-1	
172	170	78c86d4078c8e85b	5			yes					173	174	175	176	177	
173	172	a9c1bd152494aeb8	4			yes					-1	-1	-1	-1	
174	172	9842f666eba56349	4			yes					-1	-1	-1	-1	
175	172	d554a2cd00eea474	4			yes					-1	-1	-1	-1	
176	172	24e778e48e2e66aa	4			yes					-1	-1	-1	-1	
177	172	c030915a41f10f2f	4			yes					-1	-1	-1	-1	
178	170	121ce5f945f1e7bd	5			yes					179	180	181	-1	182	
179	178	c31535ac19ada15e	4			yes					-1	-1	-1	-1	
180	178	f2967edfd69c6caf	4			yes					-1	-1	-1	-1	
181	178	1b7394b24c937ab1	4			yes					-1	-1	-1	-1	
182	178	5926c540f3ec6751	4			yes					-1	-1	-1	-1	
183	170	25375a46983368d6	5			yes					184	185	186	187	-1	
184	183	f43e8a13c46f2e35	4			yes					-1	-1	-1	-1	
185	183	c5bdc1600b5ee3c4	4			yes					-1	-1	-1	-1	
186	183	2c582b0d9151f5da	4			yes					-1	-1	-1	-1	
187	183	3b4526d3e407092b	4			yes					-1	-1	-1	-1	
188	169	411570fabdb2f06a	4			yes					-1	189	190	191	
189	188	46e6604a475cebcb	4			yes					-1	-1	-1	-1	
190	188	406e52b7f78e3b4d	5			yes					-1	-1	-1	-1	-1	
191	188	ed41de8b115838ff	3			yes					192	193	-1	
192	191	da702f95c5e3c052	4			yes					-1	-1	-1	-1	
193	191	7ee89c3a59262ce8	5			yes					-1	-1	-1	-1	194	
194	193	713d7a228816b011	4			yes					-1	-1	-1	-1	
195	169	ab5d83998a4cc124	4			yes					-1	-1	196	201	
196	195	a9b8b0582f237b80	5			yes					197	198	199	-1	200	
197	196	45b4dca7be494c29	4			yes					-1	-1	-1	-1	
198	196	eb3faaa9922300e7	4			yes					-1	-1	-1	-1	
199	196	9427a9e4901b0e73	4			yes					-1	-1	-1	-1	
200	196	6fa8b0215e1445ec	4			yes					-1	-1	-1	-1	
201	195	067eb16c49e68c57	6			yes					202	204	206	-1	-1	209	
202	201	ea72dd93d88cbbfe	5			yes					-1	-1	-1	-1	203	
203	202	e5a73b8b09bc2707	4			yes					-1	-1	-1	-1	
204	201	44f9ab9df4e6f730	5			yes					-1	-1	-1	-1	205	
205	204	4b2c4d8525d66bc9	4			yes					-1	-1	-1	-1	
206	201	3be1a8d0f6def9a4	5			yes					-1	-1	-1	-1	207	
207	206	34344ec827ee655d	4			yes					-1	-1	-1	-1	
208	201	8c4e2bc177c4ef80	5			no					-1	-1	-1	-1	-2	
209	201	09ab577498d610ae	5			yes					-1	-1	-1	-1	-1	
210	169	a2584e58374697f3	4			yes					-1	-1	-1	211	
211	210	8d9e15aa7fdaf16f	6			yes					212	213	214	215	-1	216	
212	211	61927955eeb0c6c6	5			yes					-1	-1	-1	-1	-1	
213	211	cf190f5bc2da8a08	5			yes					-1	-1	-1	-1	-1	
214	211	b0010c16c0e2849c	5			yes					-1	-1	-1	-1	-1	
215	211	63f63c393063833f	5			yes					-1	-1	-1	-1	-1	
216	211	e2e5159a92abcce2	5			yes					-1	-1	-1	-1	-1	
217	169	0dcf3061591e3b55	4			yes					-1	-1	-1	-1	
218	168	8a50f90f8fc9c9b5	4			yes					219	233	237	239	
219	218	6e14ea45239ba79d	3			yes					220	221	222	
220	219	6fc002eeb355c4f0	4			yes					-1	-1	-1	-1	
221	219	28291891dc3832da	4			yes					-1	-1	-1	-1	
222	219	86185e5a20a9a846	6			yes					223	225	227	229	230	231	
223	222	57118e0f7cf5eea5	5			yes					-1	-1	-1	-1	224	
224	223	58c46817adc5725c	4			yes					-1	-1	-1	-1	
225	222	fb8ae22ca208b17c	5			yes					-1	-1	-1	-1	226	
226	225	f45f043473382d85	4			yes					-1	-1	-1	-1	
227	222	7c2a4b0115a20da6	5			yes					-1	-1	-1	-1	228	
228	227	73ffad19c492915f	4			yes					-1	-1	-1	-1	
229	222	fb056bff4808fae9	5			yes					-1	-1	-1	-1	-1	
230	222	2461aac55267346f	5			yes					-1	-1	-1	-1	-1	
231	222	89cdb842f19934bf	5			yes					-1	-1	-1	-1	-1	
232	231	f4d08de799386610	4			no					-1	-2	-2	-2	
233	218	211a0d0e9253c3cd	3			yes					-1	-1	234	
234	233	7e49b67519b95cca	5			yes					-1	-1	-1	-1	236	
235	234	9245da8a88d36b63	4			no					-1	-2	-2	-2	
236	234	107057f695c94db2	4			yes					-1	-1	-1	-1	
237	218	e35a493a1d22acc5	3			yes					-1	-1	238	
238	237	c0fca3b2d1202441	5			yes					-1	-1	-1	-1	-1	
239	218	2604577e23230120	3			yes					-1	-1	-1	
240	168	0a05c07d92a82e95	4			yes					241	248	250	252	
241	240	ee41d3373efa40bd	3			yes					242	243	247	
242	241	d6b78df9f9ddb786	5			yes					-1	-1	-1	-1	-1	
243	241	3647d7a85b016618	5			yes					-1	244	-1	245	246	
244	243	4bd56bded9a07f22	4			yes					-1	-1	-1	-1	
245	243	2fafda12b3e2450b	4			yes					-1	-1	-1	-1	
246	243	8ebf2bb26238816c	4			yes					-1	-1	-1	-1	
247	241	fdc390b850d91fc9	5			yes					-1	-1	-1	-1	-1	
248	240	a14f347c8f3224ed	3			yes					-1	249	-1	
249	248	c4cf46f5c1e05ae7	5			yes					-1	-1	-1	-1	-1	
250	240	00c3ddf4ed101c71	3			yes					-1	-1	251	
251	250	f8248f60224b560b	5			yes					-1	-1	-1	-1	-1	
252	240	45c8fac2ce7056b4	3			yes					-1	-1	-1	
253	168	c664ea51b7796cf5	5			yes					254	267	271	279	280	
254	253	2220f91b1b2b02dd	4			yes					255	257	262	264	
255	254	b86decfc3419a48f	5			yes					-1	-1	-1	-1	256	
256	255	1143b2618560d546	4			yes					-1	-1	-1	-1	
257	254	6db89cfbd8c07314	5			yes					258	259	-1	260	261	
258	257	bcb14cae849c35f7	4			yes					-1	-1	-1	-1	
259	257	102a208d5a616a2e	4			yes					-1	-1	-1	-1	
260	257	b786650d061f7191	4			yes					-1	-1	-1	-1	
261	257	9d5b86d2b5808b28	4			yes					-1	-1	-1	-1	
262	254	47e60eb8a57bffb7	5			yes					-1	-1	-1	-1	263	
263	262	eec8502514028e7e	4			yes					-1	-1	-1	-1	
264	254	a24f39c0a0905caf	3			yes					-1	265	266	
265	264	f362675139f09a50	5			yes					-1	-1	-1	-1	-1	
266	264	c9d3227b9e41a406	5			yes					-1	-1	-1	-1	-1	
267	253	6d2e1e50aae3668d	4			yes					-1	268	270	-1	
268	267	21c933d7a67dbc4b	5			yes					-1	-1	-1	-1	269	
269	268	88e76d4a1704cd82	4			yes					-1	-1	-1	-1	
270	267	71fa20ed13b80e93	5			yes					-1	-1	-1	-1	-1	
271	253	cca2f7d8c8c15e11	4			yes					-1	-1	272	278	
272	271	2aad57cfb4076c2d	6			yes					273	274	275	-1	276	277	
273	272	c6a13b30256d5b84	5			yes					-1	-1	-1	-1	-1	
274	272	682a4d3e0907174a	5			yes					-1	-1	-1	-1	-1	
275	272	5b97663b7ddf53ab	5			yes					-1	-1	-1	-1	-1	
276	272	8a23c6f4998d7e50	5			yes					-1	-1	-1	-1	-1	
277	272	83830952057e1de4	5			yes					-1	-1	-1	-1	-1	
278	271	4ccd3703737a0063	3			yes					-1	-1	-1	
279	253	c5a73a1975cb08c6	4			yes					-1	-1	-1	-1	
280	253	460b2a8a0cc23287	4			yes					-1	-1	-1	-1	
281	0	12057fe98d5a97da	5			yes					-1	-1	282	337	351	
282	281	610788fa05bf9dde	5			yes					283	305	324	329	336	
283	282	85439bb0a9edf3f6	4			yes					284	290	291	296	
284	283	3390f9a1b669c379	5			yes					285	286	287	288	289	
285	284	bc305aeb38759a0d	4			yes					-1	-1	-1	-1	
286	284	ccaa4a42a17e6a30	4			yes					-1	-1	-1	-1	
287	284	81c8a53042f5125d	4			yes					-1	-1	-1	-1	
288	284	7a3ab02254aec66d	4			yes					-1	-1	-1	-1	
289	284	8b6805bb8f50240d	4			yes					-1	-1	-1	-1	
290	283	6d108c8692c64f29	4			yes					-1	-1	-1	-1	
291	283	3f695825046a780d	5			yes					-1	292	293	294	295	
292	291	2abbd3b1ec58d1a5	4			yes					-1	-1	-1	-1	
293	291	1cacd0ee80d80759	4			yes					-1	-1	-1	-1	
294	291	9c9ae37d4935d433	4			yes					-1	-1	-1	-1	
295	291	f979585c755d4661	4			yes					-1	-1	-1	-1	
296	283	8a3bc426f35db820	6			yes					-1	297	299	301	303	304	
297	296	9fe94fb21b6f1188	5			yes					-1	-1	-1	-1	298	
298	297	903ca9aaca5f8d71	4			yes					-1	-1	-1	-1	
299	296	a9fe4ced77efc774	5			yes					-1	-1	-1	-1	300	
300	299	a62baaf5a6df5b8d	4			yes					-1	-1	-1	-1	
301	296	f726f1839bfcea8f	5			yes					-1	-1	-1	-1	302	
302	301	f8f3179b4acc7676	4			yes					-1	-1	-1	-1	
303	296	284230b981932409	5			yes					-1	-1	-1	-1	-1	
304	296	85ee223e226d24d9	5			yes					-1	-1	-1	-1	-1	
305	282	547ac26df9b0b361	4			yes					-1	306	307	313	
306	305	bbf71ac5104a4422	4			yes					-1	-1	-1	-1	
307	305	91776911beeb215b	5			yes					308	309	310	311	312	
308	307	7d7b05ee2f8116f2	4			yes					-1	-1	-1	-1	
309	307	aa2a5f1529b0daaf	4			yes					-1	-1	-1	-1	
310	307	b2b2e1da3a595e0f	4			yes					-1	-1	-1	-1	
311	307	3284d249f3b48d65	4			yes					-1	-1	-1	-1	
312	307	57676968cfdc1f37	4			yes					-1	-1	-1	-1	
313	305	2425f51249dce176	6			yes					314	316	318	320	-1	323	
314	313	c82999edd8b6d6df	5			yes					-1	-1	-1	-1	315	
315	314	c7fc7ff509864a26	4			yes					-1	-1	-1	-1	
316	313	1f78c316de871a82	5			yes					-1	-1	-1	-1	317	
317	316	10ad250e0fb7867b	4			yes					-1	-1	-1	-1	
318	313	07e07dd9cd6e9e22	5			yes					-1	-1	-1	-1	319	
319	318	08359bc11c5e02db	4			yes					-1	-1	-1	-1	
320	313	5938c0b7217db3d9	5			yes					-1	-1	-1	-1	321	
321	320	56ed26aff04d2f20	4			yes					-1	-1	-1	-1	
322	313	865c018d3b127d5f	5			no					-1	-1	-1	-1	-2	
323	313	2bf0130a98ec7d8f	5			yes					-1	-1	-1	-1	-1	
324	282	7eae27e43e05ec31	4			yes					-1	-1	325	326	
325	324	f21654075deda51e	5			yes					-1	-1	-1	-1	-1	
326	324	d2fa899592ef24a4	3			yes					327	328	-1	
327	326	bffdd6c9ee8ccf90	4			yes					-1	-1	-1	-1	
328	326	3b8e203b2f70f45c	5			yes					-1	-1	-1	-1	-1	
329	282	62c458b2c70df9ed	4			yes					-1	-1	-1	330	
330	329	dfdb493152632147	6			yes					331	332	333	334	-1	335	
331	330	33d725cec30916ee	5			yes					-1	-1	-1	-1	-1	
332	330	93297a5979ff297c	5			yes					-1	-1	-1	-1	-1	
333	330	e244508ded5b54b4	5			yes					-1	-1	-1	-1	-1	
334	330	6d8315a0a6fff063	5			yes					-1	-1	-1	-1	-1	
335	330	b0a04901bf121cca	5			yes					-1	-1	-1	-1	-1	
336	282	cd53268ba955554b	4			yes					-1	-1	-1	-1	
337	281	bffe8cb1d8113432	4			yes					338	346	349	350	
338	337	5bba9ffb74435a1a	3			yes					339	344	345	
339	338	71cce52e6fbbf2e7	5			yes					-1	340	341	342	343	
340	339	8ef656cd78ac5bae	4			yes					-1	-1	-1	-1	
341	339	9fa4ccbd200280b7	4			yes					-1	-1	-1	-1	
342	339	b27af7f79386f08f	4			yes					-1	-1	-1	-1	
343	339	5d442be32a8f8005	4			yes					-1	-1	-1	-1	
344	338	ac8980b2ecd66d2a	5			yes					-1	-1	-1	-1	-1	
345	338	3ce27e65d9b89f4a	5			yes					-1	-1	-1	-1	-1	
346	337	8a83c626241e1a8d	3			yes					-1	347	348	
347	346	cbe1b56108272c4b	5			yes					-1	-1	-1	-1	-1	
348	346	92fc4f516339c61c	5			yes					-1	-1	-1	-1	-1	
349	337	9ef463620c8538b6	3			yes					-1	-1	-1	
350	337	f033b60e84c94c13	3			yes					-1	-1	-1	
351	281	739fa69dfdc07652	5			yes					352	365	372	374	375	
352	351	97dbb5d75192187a	4			yes					353	358	360	363	
353	352	27bb6a9059357f45	5			yes					-1	354	355	356	357	
354	353	d881d9734e22d60c	4			yes					-1	-1	-1	-1	
355	353	c9d34303168c0d15	4			yes					-1	-1	-1	-1	
356	353	6e112313bbf27a51	4			yes					-1	-1	-1	-1	
357	353	d75870b934758779	4			yes					-1	-1	-1	-1	
358	352	ad6f3dbe796c5d4b	5			yes					-1	-1	-1	-1	359	
359	358	04416323c8152c82	4			yes					-1	-1	-1	-1	
360	352	f45f5262e754d229	5			yes					-1	361	-1	-1	362	
361	360	e18dd9f60f667b81	4			yes					-1	-1	-1	-1	
362	360	11eae5fc806d3fab	4			yes					-1	-1	-1	-1	
363	352	17b4750cea294608	3			yes					364	-1	-1	
364	363	b961913ab8059601	5			yes					-1	-1	-1	-1	-1	
365	351	46e2ec0a01cf58ed	4			yes					-1	366	368	371	
366	365	8108256b0d487d9f	5			yes					-1	-1	-1	-1	367	
367	366	28267bf6bc310c56	4			yes					-1	-1	-1	-1	
368	365	5a4163565dd58b7f	5			yes					369	-1	-1	-1	370	
369	368	b64d0fa9ccbfbcd6	4			yes					-1	-1	-1	-1	
370	368	bff4d4c83aec66fd	4			yes					-1	-1	-1	-1	
371	365	c68d2cd1ba74069f	3			yes					-1	-1	-1	
372	351	5295494e29547ad6	4			yes					-1	-1	373	-1	
373	372	bdc7a65c9be75f11	5			yes					-1	-1	-1	-1	-1	
374	351	705c76d53f721261	4			yes					-1	-1	-1	-1	
375	351	f3f06646467b2820	4			yes					-1	-1	-1	-1	
376	0	e09718bcb10cf5e9	5			yes					-1	-1	-1	377	411	
377	376	81158e4eb19aa106	5			yes					378	390	402	408	410	
378	377	65519d041dc8cf2e	4			yes					379	384	388	389	
379	378	a9cda4b3a0fcb9da	5			yes					-1	380	381	382	383	
380	379	d2c623cfc389f8da	4			yes					-1	-1	-1	-1	
381	379	1b95f822546068fe	4			yes					-1	-1	-1	-1	
382	379	6a7bb66a5cc1bbb2	4			yes					-1	-1	-1	-1	
383	379	85456a7ee5c8cb38	4			yes					-1	-1	-1	-1	
384	378	afc5e8aad0c3b4d0	5			yes					-1	-1	385	386	387	
385	384	5befcd6889e3c906	4			yes					-1	-1	-1	-1	
386	384	b62de510382097c3	4			yes					-1	-1	-1	-1	
387	384	173d14b0e9fa53a4	4			yes					-1	-1	-1	-1	
388	378	9481b14806d80f94	4			yes					-1	-1	-1	-1	
389	378	83d53bcc8731be97	5			yes					-1	-1	-1	-1	-1	
390	377	b468c4d94d958fb9	4			yes					-1	391	396	397	
391	390	00872d99dd7feb4b	5			yes					392	-1	393	394	395	
392	391	ec8b41664c15dce2	4			yes					-1	-1	-1	-1	
393	391	6095dbddc753ce69	4			yes					-1	-1	-1	-1	
394	391	c3313f402142e923	4			yes					-1	-1	-1	-1	
395	391	2c0fe354984b99a9	4			yes					-1	-1	-1	-1	
396	390	3e8ef216fe3e8825	5			yes					-1	-1	-1	-1	-1	
397	390	336372b4c8e1d429	6			yes					398	-1	-1	-1	400	401	
398	397	df6f1e4b598be380	5			yes					-1	-1	-1	-1	-1	
399	397	ab833a91f47d4de4	5			no					-1	-1	-1	-1	-2	
400	397	8becd00c5fd2395e	5			yes					-1	-1	-1	-1	-1	
401	397	a441d05c2c44877f	5			yes					-1	-1	-1	-1	-1	
402	377	24c050c0f6b8989c	4			yes					-1	-1	403	404	
403	402	60064cad0bde3656	5			yes					-1	-1	-1	-1	-1	
404	402	af5b15b2d8d73a99	6			yes					-1	405	-1	-1	406	407	
405	404	e3a926daf34b32a2	5			yes					-1	-1	-1	-1	-1	
406	404	17d4b70a4fe4d7ee	5			yes					-1	-1	-1	-1	-1	
407	404	3879b75a3c7269cf	5			yes					-1	-1	-1	-1	-1	
408	377	4ae13ab991b4591f	4			yes					-1	-1	-1	409	
409	408	74ec8753177f790d	3			yes					-1	-1	-1	
410	377	bf1833a437518114	4			yes					-1	-1	-1	-1	
411	376	9d89f7bd3e2f420f	5			yes					412	426	435	438	439	
412	411	79cde4f7927d2c27	4			yes					413	418	421	422	
413	412	ffba2b0d96723478	5			yes					-1	414	415	416	417	
414	413	84b1ac71f5077578	4			yes					-1	-1	-1	-1	
415	413	4de2779c62eee55c	4			yes					-1	-1	-1	-1	
416	413	b610628e74b5316c	4			yes					-1	-1	-1	-1	
417	413	0f593124fb32cc44	4			yes					-1	-1	-1	-1	
418	412	fb31bd9a0db2301b	5			yes					-1	-1	-1	419	420	
419	418	2ecc57f081e12e07	4			yes					-1	-1	-1	-1	
420	418	521fe307bccb41d2	4			yes					-1	-1	-1	-1	
421	412	3a0fda38274ab05c	5			yes					-1	-1	-1	-1	-1	
422	412	f9a2242c29c67255	3			yes					423	424	-1	
423	422	6160d0a77742dd3c	5			yes					-1	-1	-1	-1	-1	
424	422	2a4e1bea93665f1e	5			yes					-1	-1	-1	-1	425	
425	424	259bfdf24256c3e7	4			yes					-1	-1	-1	-1	
426	411	a8f4bd2ac2206cb0	4			yes					-1	427	432	433	
427	426	56f0a227ebf166e9	5			yes					428	-1	429	430	431	
428	427	bafcced87a9b5140	4			yes					-1	-1	-1	-1	
429	427	36e25463f1dd43cb	4			yes					-1	-1	-1	-1	
430	427	1f5aeba4093663fd	4			yes					-1	-1	-1	-1	
431	427	a613b80e86b19ed5	4			yes					-1	-1	-1	-1	
432	426	f1212bb29305ec74	5			yes					-1	-1	-1	-1	-1	
433	426	289b7df1799b32c2	3			yes					-1	434	-1	
434	433	c82a598d0ac18fad	5			yes					-1	-1	-1	-1	-1	
435	411	385c2933790d7b95	4			yes					-1	-1	436	437	
436	435	5709339c8f84bd89	5			yes					-1	-1	-1	-1	-1	
437	435	b833e9e8c2b625e7	3			yes					-1	-1	-1	
438	411	f4834788acc4277f	4			yes					-1	-1	-1	-1	
439	411	1de6376685941c7d	4			yes					-1	-1	-1	-1	
440	0	c94909b794ddb734	5			yes					-1	-1	-1	-1	441	
441	440	88ae39bfd3174d0f	6			yes					442	460	471	478	481	483	
442	441	6cea2af57f452327	5			yes					443	448	454	457	459	
443	442	59976062834a0d98	4			yes					444	445	-1	446	
444	443	9eac6bcaada4a8ce	5			yes					-1	-1	-1	-1	-1	
445	443	93fdc614fb62c459	5			yes					-1	-1	-1	-1	-1	
446	443	0a7e319132f9c71e	6			yes					-1	-1	-1	-1	-1	447	
447	446	c70160e32dba89df	5			yes					-1	-1	-1	-1	-1	
448	442	c93ff47b38671abd	4			yes					-1	449	-1	451	
449	448	39de45a60eec7eed	5			yes					-1	-1	-1	-1	450	
450	449	90f01b3bbf950f24	4			yes					-1	-1	-1	-1	
451	448	78351fe83a2f57bd	6			yes					-1	-1	452	-1	-1	453	
452	451	772d8ef146806c30	5			yes					-1	-1	-1	-1	-1	
453	451	b54a4e9a256c197c	5			yes					-1	-1	-1	-1	-1	
454	442	662c377c00fd11c3	4			yes					-1	-1	-1	455	
455	454	01254ea501e1b64f	6			yes					-1	-1	-1	-1	-1	456	
456	455	e0c44d1eadf4d4f2	5			yes					-1	-1	-1	-1	-1	
457	442	59c617a54334be90	4			yes					-1	-1	-1	458	
458	457	9a6e8990c49525c1	3			yes					-1	-1	-1	
459	442	af42b4c0f8e4b876	4			yes					-1	-1	-1	-1	
460	441	bdd373282f1863b0	5			yes					-1	461	465	468	470	
461	460	1806ada6683a5a2a	4			yes					-1	462	-1	463	
462	461	83fa53525c5e3303	5			yes					-1	-1	-1	-1	-1	
463	461	2cf2382c02551652	6			yes					-1	-1	-1	-1	-1	464	
464	463	e18d695e1d165893	5			yes					-1	-1	-1	-1	-1	
465	460	b7156ea150a05154	4			yes					-1	-1	-1	466	
466	465	e978a9b8d9e1bf23	6			yes					-1	-1	-1	-1	-1	467	
467	466	0899aa0375f4dd9e	5			yes					-1	-1	-1	-1	-1	
468	460	88ff4e781369fe07	4			yes					-1	-1	-1	469	
469	468	4b57d04d94c86556	3			yes					-1	-1	-1	
470	460	7e7bed1da8b9f8e1	4			yes					-1	-1	-1	-1	
471	441	2d7be73194357495	5			yes					-1	-1	472	475	477	
472	471	27bdfab8eb8d4671	4			yes					-1	-1	-1	473	
473	472	2ad6aa143fb354a0	6			yes					-1	-1	-1	-1	-1	474	
474	473	e7a9fb6620f01a61	5			yes					-1	-1	-1	-1	-1	
475	471	1857da61a844e922	4			yes					-1	-1	-1	476	
476	475	dbff44542fe57273	3			yes					-1	-1	-1	
477	471	eed379041394efc4	4			yes					-1	-1	-1	-1	
478	441	82682436acaf7feb	5			yes					-1	-1	-1	479	480	
479	478	b744196690dee25c	4			yes					-1	-1	-1	-1	
480	478	41c0ba032b0ee4ba	4			yes					-1	-1	-1	-1	
481	441	bd8204efef66d0b8	5			yes					-1	-1	-1	-1	482	
482	481	7e2a9ada68c74be9	4			yes					-1	-1	-1	-1	
483	441	4b06a78a54b6d65e	5			yes					-1	-1	-1	-1	-1	
484	0	c78d0b966ddaaf54	5			yes					-1	-1	-1	-1	-1	
