Number of nodes
441
ID	PID	Hash_Value			File_Number	Fully_Enumerated	Children
0	-1	db63c8ec047aa3d3	7			no					1	-2	-2	-2	-2	-2	-2	
1	0	e871cc1955d9be13	6			no					393	-2	-2	-2	-2	-2	
2	1	3cf9765c772a2682	6			no					417	-2	-2	-2	-2	-2	
3	2	2532d8490621dd5e	5			no					122	-2	-2	-2	-2	
4	3	b57084e213e6dc1b	4			no					82	-2	-2	-2	
5	4	60d4876488aa6bb7	5			no					310	-2	-2	-2	-2	
6	5	7bd3a2c87a9f4150	4			no					377	-2	-2	-2	
7	6	c46a33e1fc87155e	3			yes					10	49	220	
8	7	9553cc0179eb4073	6			no					9	-2	-2	-2	-2	-2	
9	8	9e8a54754717d82c	5			yes					-1	-1	-1	20	22	
10	7	6455baba6ab84567	5			yes					-1	-1	11	-1	23	
11	10	bee0080f89457e96	5			yes					-1	-1	-1	-1	-1	
12	4	4d5fb8da43c644a8	6			no					325	-2	-2	-2	-2	-2	
13	12	c9f68acc42f02092	5			no					206	-2	-2	-2	-2	
14	13	d501dd3a05e22826	4			no					288	-2	-2	-2	
15	14	d5591fea3af2a821	7			yes					16	145	188	240	-1	-1	264	
16	15	44ef57a972421dad	6			yes					-1	-1	89	-1	-1	130	
17	6	1366af2bdca3a250	7			yes					18	90	100	104	109	-1	116	
18	17	18bf375fe25f3a0f	6			yes					19	-1	67	-1	-1	88	
19	18	98479743b032cdef	5			yes					-1	-1	-1	-1	53	
20	9	3a92b7dff5bc6ee5	4			yes					-1	-1	-1	21	
21	20	f011cdd74418fe5a	3			yes					-1	-1	-1	
22	9	54092e7df6b34893	4			yes					-1	-1	-1	-1	
23	10	ea128f387080ba67	4			yes					-1	-1	24	-1	
24	23	dc06cfb701e97002	5			yes					-1	-1	-1	-1	-1	
25	7	ef546420ddc6f551	5			yes					26	40	-1	42	47	
26	25	e48dfc54e33a6d0e	4			yes					-1	-1	28	31	
27	7	d8b0db071b2a9745	4			yes					-1	-1	32	71	
28	26	5db174de6beb8bac	3			yes					-1	-1	-1	
29	7	0424ef81ff2264d2	4			yes					30	-1	38	72	
30	29	1e86429a905b9e88	3			yes					-1	-1	-1	
31	26	4efb951628fc6759	3			yes					-1	-1	-1	
32	27	5fa3c49bac148dab	8			yes					33	-1	-1	-1	-1	-1	64	66	
33	32	a4cb2583b310e0b4	7			yes					-1	-1	-1	-1	-1	-1	41	
34	13	c8bc5f0c52d206f3	8			yes					35	152	190	241	-1	254	-1	272	
35	34	590a174f1a62b37f	7			yes					36	106	-1	-1	-1	-1	142	
36	35	9a498f5166f68ab2	6			yes					-1	-1	-1	-1	-1	95	
37	36	bcc031522a33976b	5			yes					-1	-1	-1	-1	-1	
38	29	fae7017e8ed0cb00	3			yes					39	-1	-1	
39	38	6c8e3b2a5d36a97d	7			yes					-1	-1	-1	-1	-1	-1	52	
40	25	6facc43c8fab02b1	4			yes					-1	-1	-1	-1	
41	33	fa3b5c7fccc8fb65	6			yes					-1	-1	-1	-1	-1	-1	
42	25	5668ecaa551713f3	4			yes					-1	-1	-1	46	
43	6	48449b0d37307945	8			yes					44	281	306	333	344	-1	-1	353	
44	43	0fc6a7433dfe30c5	7			yes					45	-1	-1	253	-1	-1	262	
45	44	deb8ccd56e5983ff	6			yes					-1	-1	98	-1	-1	186	
46	42	fc1e85e89ed119a4	3			yes					-1	-1	-1	
47	25	45220d621600ff06	4			yes					-1	48	-1	-1	
48	47	c5daad7e446d08e6	3			yes					-1	-1	-1	
49	7	03e2d8bdd9439ad2	7			yes					50	120	144	156	164	174	204	
50	49	4460e4f3d38dd352	6			yes					51	93	-1	101	-1	110	
51	50	951e8f65802a6068	5			yes					-1	-1	-1	-1	73	
52	39	f91a121e40c1c29d	6			yes					-1	-1	-1	-1	-1	-1	
53	19	52c4ed4b01965d50	4			yes					-1	-1	-1	-1	
54	3	17473a7184d8ad4c	6			no					55	-2	-2	-2	-2	-2	
55	54	93ee086785eec976	5			no					181	-2	-2	-2	-2	
56	55	a0e5a00215d4ef85	4			no					336	-2	-2	-2	
57	56	b2db030856f9cbbe	8			no					58	291	376	387	-1	426	-2	-2	
58	57	f8d2951df3cae03f	7			yes					59	154	-1	-1	-1	-1	273	
59	58	3ce474485b42a0d0	6			yes					-1	-1	-1	-1	-1	143	
60	13	c5aceb00340fc88d	8			yes					61	354	389	413	423	428	-1	434	
61	60	8fa57d15913ce30c	7			yes					62	210	-1	298	-1	-1	332	
62	61	4b939c4039b4a3e3	6			yes					-1	-1	-1	-1	-1	155	
63	62	fd7c834f0d082b1f	5			no					-1	-2	-2	-2	-2	
64	32	3aa27550fefc47ec	7			yes					-1	-1	-1	-1	-1	-1	65	
65	64	64520cac81245c3d	6			yes					-1	-1	-1	-1	-1	-1	
66	32	0153bd67d3cc967a	7			yes					-1	-1	-1	-1	-1	-1	-1	
67	18	a183bfd56a8edcad	5			yes					-1	-1	-1	-1	77	
68	14	76af9c8094295adc	7			yes					69	194	261	275	-1	-1	287	
69	68	3ca60a95311a715d	6			yes					70	-1	146	-1	-1	172	
70	69	f890ebc0999231b2	5			yes					-1	-1	-1	-1	92	
71	27	11667b86a93eb9ed	3			yes					-1	-1	-1	
72	29	ae5286c334e46e85	3			yes					-1	-1	-1	
73	51	b2655eeb6dab115c	4			yes					-1	-1	-1	-1	
74	56	8d5d73efb6eac150	7			yes					75	266	315	324	361	-1	372	
75	74	1ceb3bacfe5a74dc	6			yes					76	-1	131	-1	-1	237	
76	75	82b94179ded3158a	5			yes					-1	-1	-1	-1	111	
77	67	6b00c5dddb2a4c12	4			yes					-1	-1	-1	-1	
78	56	6a4212e310b9ddeb	3			no					139	-2	-2	
79	78	19b65c75b4d2b316	7			no					80	-2	-2	-2	-2	-2	-2	
80	79	53bfca6011e19897	6			no					81	367	-2	-2	-2	-2	
81	80	97892b35b969d878	5			yes					-1	-1	-1	-1	268	
82	4	43b2c26fd05e47d5	7			no					83	-2	-2	-2	-2	-2	-2	
83	82	2ba208a73fb911b0	6			no					84	-2	-2	-2	-2	-2	
84	83	64828418f11334ee	5			no					340	-2	-2	-2	-2	
85	84	1b290c7ed6f56f55	7			no					86	-2	-2	-2	-2	-2	-2	
86	85	7c32176fc9038fd4	6			no					87	-1	320	392	-1	410	
87	86	3dbeeecf27217de9	5			yes					-1	-1	-1	-1	249	
88	18	d23c4d5753fbaab0	5			yes					-1	-1	-1	-1	-1	
89	16	2a557105c4c203b0	5			yes					-1	-1	-1	-1	118	
90	17	939e0f378ece55b0	6			yes					-1	-1	91	-1	97	99	
91	90	2aa287bd061fb312	5			yes					-1	-1	-1	-1	94	
92	70	b575a576733474bb	4			yes					-1	-1	-1	-1	
93	50	bc9bb2d0a9c81fc5	5			yes					-1	-1	-1	-1	96	
94	91	e021fdb5b7bb23ad	4			yes					-1	-1	-1	-1	
95	36	bd325edf8b77fb86	5			yes					-1	-1	-1	-1	-1	
96	93	9be0635e44496ef1	4			yes					-1	-1	-1	-1	
97	90	0f59d776f5c99859	4			yes					-1	-1	-1	-1	
98	45	50d3218fd39b98bf	5			yes					-1	-1	-1	-1	128	
99	90	591d753f3f6ac50f	5			yes					-1	-1	-1	-1	-1	
100	17	dd659a21a63232e9	5			yes					-1	-1	-1	-1	102	
101	50	ca0b09a96e4fc812	5			yes					-1	-1	-1	-1	103	
102	100	17e6e0291796a256	4			yes					-1	-1	-1	-1	
103	101	ed70d82783ceb926	4			yes					-1	-1	-1	-1	
104	17	aa5a27a1547244f2	6			yes					-1	-1	-1	105	-1	108	
105	104	369dffe02f75891b	4			yes					-1	-1	-1	-1	
106	35	7f83a94c56a7aea6	6			yes					-1	-1	-1	-1	-1	119	
107	37	9bbbe0dcc7b2e65f	4			yes					-1	-1	-1	-1	
108	104	60d95da9e5d6d44d	5			yes					-1	-1	-1	-1	-1	
109	17	8fa1776aa7a46fb9	5			yes					-1	-1	-1	-1	-1	
110	50	631b357d3e0ca266	5			yes					-1	-1	-1	-1	-1	
111	76	a5c290f7335264be	4			yes					-1	-1	-1	-1	
112	6	7d6b26f0ea00f9af	9			no					113	-2	-2	-2	-2	-2	-2	-2	-2	
113	112	5371e8781e2d8915	8			no					114	-2	-2	-2	-2	-2	-2	-2	
114	113	838d56d912a7f348	7			no					115	308	-1	366	-1	-1	411	
115	114	e4d641160affa509	6			yes					-1	-1	-1	-1	-1	270	
116	17	d9e5d5236d0732ef	6			yes					-1	-1	-1	-1	-1	-1	
117	69	60277f5f3aaa2675	5			no					-1	-1	-1	-1	138	
118	89	0d2ea08b29437284	4			yes					-1	-1	-1	-1	
119	106	58f878c2bb26df92	5			yes					-1	-1	-1	-1	-1	
120	49	d29cb32b8ae429e8	6			yes					-1	121	-1	132	-1	141	
121	120	2a67e508f0a1e57f	5			yes					-1	-1	-1	-1	129	
122	3	8c4b5ca8a9f4263b	8			no					123	-2	-2	-2	-2	-2	-2	-2	
123	122	e45b96604613705e	7			no					124	-2	-2	-2	-2	-2	-2	
124	123	ab7b1adf88b95500	6			no					357	-2	-2	-2	-2	-2	
125	124	81b77bfd1b3b78b9	7			no					126	-2	-2	-2	-2	-2	-2	
126	125	e6ac60ec04cd9838	6			no					127	-1	375	-1	-2	-2	
127	126	a720994ceaef6a05	5			yes					-1	-1	-1	-1	193	
128	98	77a8f0013e1ae98b	4			yes					-1	-1	-1	-1	
129	121	0d1c34861d20944b	4			yes					-1	-1	-1	-1	
130	16	639486279fc36c99	5			yes					-1	-1	-1	-1	-1	
131	75	7c3ddcf51fb15fe0	5			yes					-1	-1	-1	-1	189	
132	120	5cf75e71372632a8	5			yes					-1	-1	-1	-1	137	
133	56	a4588df288937c2a	9			no					134	-2	-2	-2	-2	-2	-2	-2	-2	
134	133	73e1ebc452e71d5a	8			no					135	391	-2	-2	-2	-2	-2	-2	
135	134	187b8012293a99bf	7			yes					136	304	-1	-1	-1	-1	351	
136	135	2d87d9dc3be2c2a7	6			yes					-1	-1	-1	-1	-1	246	
137	132	3c0eb3b1d0690a1c	3			yes					-1	-1	-1	
138	117	2dc231e9d00c637c	4			yes					-1	-1	-1	-1	
139	78	40c542d5258956bd	7			no					140	-2	-2	-2	-2	-2	-2	
140	139	d1730a966d39e331	6			no					-1	-1	259	-2	-2	-2	
141	120	f5e762a5676558dc	5			yes					-1	-1	-1	-1	-1	
142	35	7e71c6c1f7e3c24b	6			yes					-1	-1	-1	-1	-1	-1	
143	59	71013afeb1e4e5d9	5			yes					-1	-1	-1	-1	-1	
144	49	fb198e9ea3065645	6			yes					-1	-1	-1	147	-1	151	
145	15	161a87f4466691ec	6			yes					-1	-1	148	-1	-1	169	
146	69	a978227763af5506	5			yes					-1	-1	-1	-1	150	
147	144	757263c41ec44d05	5			yes					-1	-1	-1	-1	149	
148	145	78a0a158f0e68ff1	5			yes					-1	-1	-1	-1	-1	
149	147	5209b24af3453c31	4			yes					-1	-1	-1	-1	
150	146	e49d6cc18909100f	4			yes					-1	-1	-1	-1	
151	144	dc625f104e872771	5			yes					-1	-1	-1	-1	-1	
152	34	0bffc7122e463f3e	7			yes					-1	153	165	-1	-1	-1	179	
153	152	2d767911628322e7	6			yes					-1	-1	-1	-1	-1	158	
154	58	285bfaa844f42d7b	6			yes					-1	-1	-1	-1	-1	176	
155	62	0676d2f6d312e6ea	5			yes					-1	-1	-1	-1	-1	
156	49	2dba2020cba3cd99	7			yes					157	162	-1	-1	-1	-1	163	
157	156	3870b3f9f021c147	6			yes					-1	-1	-1	-1	-1	-1	
158	153	0a0da89f8f0253d3	5			yes					-1	-1	-1	-1	-1	
159	84	d48c5e7cf43be3ba	8			no					160	-2	-2	-2	-2	-2	-2	-2	
160	159	7d95196096ee7519	7			no					161	401	-2	-2	-2	-2	-2	
161	160	eeabd348de2963ed	6			yes					-1	-1	-1	-1	-1	368	
162	156	ffacfb2b30ab931a	6			yes					-1	-1	-1	-1	-1	-1	
163	156	b575c744d9a03220	6			yes					-1	-1	-1	-1	-1	-1	
164	49	8d8935e764818192	6			yes					-1	-1	-1	-1	-1	170	
165	152	bc222a3058575243	5			yes					-1	-1	-1	-1	-1	
166	84	8066744231fa8c2a	9			no					167	-2	-2	-2	-2	-2	-2	-2	-2	
167	166	f6c8c5ae066c930e	8			no					168	425	-2	-2	-2	-2	-2	-2	
168	167	9d09991658e25916	7			yes					-1	-1	-1	-1	-1	-1	297	
169	145	3161567aabe7e0d8	5			yes					-1	-1	171	-1	-1	
170	164	aaf2e4698900f0a6	5			yes					-1	-1	-1	-1	-1	
171	169	5fdb70d61d67fec5	4			yes					-1	-1	-1	-1	
172	69	71434423dbbc3454	5			yes					-1	-1	-1	-1	-1	
173	170	df94c30e86825335	7			no					-1	-1	-1	-1	-1	-1	-1	
174	49	642296f38693f267	6			yes					175	185	191	-1	196	197	
175	174	23a0aabd8c5dbbe7	5			yes					-1	-1	-1	-1	180	
176	154	65beb41eae526872	5			yes					-1	-1	-1	-1	-1	
177	14	1a913d2bc89313e0	5			no					-1	-1	251	-2	-2	
178	177	57a0a6a8e5126170	4			no					-1	-1	-2	-2	
179	152	2c84169cc3c74e0a	6			yes					-1	-1	-1	-1	-1	-1	
180	175	04db7b3361dccad3	4			yes					-1	-1	-1	-1	
181	55	c703edf991d8c9b5	10			no					182	-2	-2	-2	-2	-2	-2	-2	-2	-2	
182	181	10ba8bcf4baca8c5	9			no					183	-2	-2	-2	-2	-2	-2	-2	-2	
183	182	7b20e01930712c20	8			no					184	-2	-2	-2	-2	-2	-2	-2	
184	183	4edcb9d722a97738	7			no					-1	195	-1	-2	-1	-1	-2	
185	174	b55cfd65d534415d	5			yes					-1	-1	-1	-1	-1	
186	45	f9c31d5b83d8f2cb	5			yes					-1	-1	-1	-1	-1	
187	186	01384b78f99d3e5c	4			no					-1	-2	-2	-2	
188	15	37522a81de86684a	6			yes					-1	-1	-1	-1	-1	231	
189	131	5b460d7bf2302ed4	4			yes					-1	-1	-1	-1	
190	34	ee35e10f1e171b2a	7			yes					-1	-1	192	-1	203	-1	234	
191	174	9cd9c0d0fcd63ef0	5			yes					-1	-1	-1	-1	-1	
192	190	59e80c2d68067657	5			yes					-1	-1	-1	-1	199	
193	127	eac5d7fa00492f0c	4			yes					-1	-1	-1	-1	
194	68	b2997dd53ca11a33	6			yes					-1	-1	211	-1	-1	242	
195	184	1ef06820b1f9828e	6			yes					-1	-1	-1	-1	-1	290	
196	174	ea497ba93b51e927	5			yes					-1	-1	-1	-1	-1	
197	174	4359477d6b128353	5			yes					-1	198	-1	-1	-1	
198	197	d5a510a5327b79e9	3			yes					-1	-1	-1	
199	192	7e93dda385870763	4			yes					-1	-1	-1	-1	
200	14	1e629e30dd550dad	9			no					201	-2	-2	-2	-2	-2	-2	-2	-2	
201	200	c9dbf80607216cdd	8			no					202	-2	-2	-2	-2	-2	-2	-2	
202	201	a24193d07cfce838	7			no					-1	-1	-2	-2	-1	-2	-2	
203	190	c253ecf1afb49008	5			yes					-1	-1	-1	-1	229	
204	49	2499093334c2ebe6	6			yes					-1	-1	-1	-1	-1	-1	
205	194	ee18081f37114d1b	5			no					-1	-1	-1	-2	-2	
206	13	e78fe55c71d4854b	9			no					207	-2	-2	-2	-2	-2	-2	-2	-2	
207	206	3036836aaba0e43b	8			no					208	-2	-2	-2	-2	-2	-2	-2	
208	207	5bace8bcd07d60de	7			no					209	362	-2	-2	-2	-2	-2	
209	208	6e50b172c2a53bc6	6			yes					-1	-1	-1	-1	-1	257	
210	61	394a621aa5806bf0	6			yes					-1	-1	-1	-1	-1	250	
211	194	274755376e143e68	5			yes					-1	-1	-1	-1	232	
212	7	f6192808acd1285d	5			yes					213	215	-1	219	-1	
213	212	fdc0b07c922db002	4			yes					-1	-1	-1	-1	
214	7	5bd4d0b11806ba2c	4			yes					-1	-1	222	-1	
215	212	76e18814febcdfbd	4			yes					-1	-1	-1	-1	
216	7	d899fa79324d6c34	7			no					217	-2	-2	-2	-2	-2	-2	
217	216	9f1bc637388325b4	6			no					218	226	-1	235	-1	-2	
218	217	4e65ada16b24968e	5			yes					-1	-1	-1	-1	225	
219	212	4f25a0822400ceff	4			yes					-1	-1	-1	-1	
220	7	1d69a3a98e35b9de	4			yes					221	-1	227	-1	
221	220	07cb0eb2e14c4384	3			yes					-1	-1	-1	
222	214	2f9482e7d970dbbd	7			yes					223	-1	-1	-1	224	-1	-1	
223	222	d4fc63ffc674b6a2	6			yes					-1	-1	-1	-1	-1	-1	
224	222	73caee180d4caa3b	6			yes					-1	-1	-1	-1	-1	-1	
225	218	7ca3d97ec4ce8609	4			yes					-1	-1	-1	-1	
226	217	67e0901442c6e923	5			yes					-1	-1	-1	-1	233	
227	220	931d498010c50715	7			yes					228	-1	-1	-1	-1	-1	236	
228	227	ce6a9ca5f8e16f34	6			yes					-1	-1	-1	-1	-1	230	
229	203	e5283d7f4235e13c	4			yes					-1	-1	-1	-1	
230	228	2e7761d11954d56f	5			yes					-1	-1	-1	-1	-1	
231	188	1029fb0f3307197e	5			yes					-1	-1	-1	-1	-1	
232	211	6aa21b8184b27b61	4			yes					-1	-1	-1	-1	
233	226	5526e4cbed2cf9a4	4			yes					-1	-1	-1	-1	
234	190	c94e3081f3966a1e	6			yes					-1	-1	-1	-1	-1	-1	
235	217	11702b6d85413ef4	5			no					-1	-1	-1	-1	-2	
236	227	7300b4f4f170bd4e	6			yes					-1	-1	-1	-1	-1	-1	
237	75	3b90ea2213db05e8	5			yes					-1	-1	-1	-1	-1	
238	44	f73df16047bbfc52	6			no					-1	-1	-1	-1	-1	247	
239	238	26439af6141c4f68	5			no					-1	-2	-2	-2	-2	
240	15	bbe339468c72b63c	6			yes					-1	-1	-1	-1	-1	245	
241	34	7f61b22e24c36b8e	6			yes					-1	-1	-1	-1	-1	244	
242	194	ff7c3363d6075f3a	5			yes					-1	248	-1	-1	-1	
243	238	79561c3afa79e712	5			no					-1	-1	-1	-1	-1	
244	241	581a63a0c9421aba	5			yes					-1	-1	-1	-1	-1	
245	240	9c98e8c861f3c708	5			yes					-1	-1	-1	-1	-1	
246	136	7377a020443ad976	5			yes					-1	-1	-1	-1	-1	
247	238	d04620eeaa3a8d66	5			no					-1	-1	307	-2	-2	
248	242	a3fd46a9ddb70812	4			yes					-1	-1	-1	-1	
249	87	705ba079cd8738e0	4			yes					-1	-1	-1	-1	
250	210	74af2cac4f262ef9	5			yes					-1	-1	-1	-1	-1	
251	177	85eb1e11fe27d21c	5			yes					-1	-1	-1	-1	-1	
252	58	25703808df21cf6a	5			no					-1	-1	-1	-1	-2	
253	44	81ad4a19803c2b85	6			yes					-1	-1	-1	-1	-1	258	
254	34	e4da52f2e3718dd1	6			yes					255	-1	-1	-1	-1	263	
255	254	756c1ab1abc1385d	5			yes					-1	-1	-1	-1	-1	
256	255	5217cb3f46404969	4			no					-1	-2	-2	-2	
257	209	30a0c88ebd7d2017	5			yes					-1	-1	-1	-1	-1	
258	253	a6d69b976dbd5ab1	5			yes					-1	-1	-1	-1	-1	
259	140	47e8ce5b4b6ab7ee	5			no					-1	-1	-1	-1	292	
260	254	2799caec9fe5b41c	5			no					-1	-1	-1	-1	-2	
261	68	2a2ee94a9f990df4	6			yes					-1	-1	265	-1	-1	271	
262	44	28bd76cdd07f41f1	6			yes					-1	-1	-1	-1	-1	-1	
263	254	c3a1837c0ef0fce5	5			yes					-1	-1	-1	-1	-1	
264	15	f222ce64d773d915	6			yes					-1	-1	-1	-1	-1	-1	
265	261	bff0c1a8cd2c29af	5			yes					-1	-1	-1	-1	-1	
266	74	130f093a9663a006	6			yes					-1	-1	274	-1	-1	302	
267	58	84f86d43d9fbe7f7	5			yes					-1	-1	-1	-1	-1	
268	81	da6c658353cf9d71	4			yes					-1	-1	-1	-1	
269	262	05e3304b9841f48f	4			yes					-1	-1	-1	-1	
270	115	a9330fa0e059e000	5			yes					-1	-1	-1	-1	-1	
271	261	67cba7fc753f48fd	5			yes					-1	-1	-1	-1	-1	
272	34	efc78e82bf5377c7	7			yes					-1	-1	-1	-1	-1	-1	-1	
273	58	b537dbab196ca536	6			yes					-1	-1	-1	-1	-1	-1	
274	266	73d9ee6377888b3a	5			yes					-1	-1	-1	-1	284	
275	68	e371b462c69c7e87	6			yes					-1	-1	-1	-1	-1	280	
276	273	689576be35878a63	4			no					-1	-1	-1	-2	
277	124	0d57223f6d01a514	8			no					278	-2	-2	-2	-2	-2	-2	-2	
278	277	a44e65230fd433b7	7			no					279	388	-1	432	-2	-2	-2	
279	278	3770af0b47132543	6			yes					-1	-1	-1	-1	-1	373	
280	275	ae94fad42c3a3b8e	5			yes					-1	-1	-1	-1	-1	
281	43	993af09b6497ca7f	7			yes					-1	282	-1	295	-1	-1	303	
282	281	61c1a6b81ed206e8	6			yes					-1	-1	-1	-1	-1	285	
283	282	efaa4be2a3101da8	5			no					-1	-1	-1	-2	-2	
284	274	54a23fed9a09fa0e	4			yes					-1	-1	-1	-1	
285	282	46ba7736f35377dc	5			yes					-1	-1	286	-1	-1	
286	285	c8d19a6c4e916c9c	4			yes					-1	-1	-1	-1	
287	68	3b4ad2367e8f1fd5	6			yes					-1	-1	-1	-1	-1	-1	
288	14	94ca7040d7ff8fb7	6			no					289	-2	-2	-2	-2	-2	
289	288	04c2ee67a29b00d9	5			no					-1	435	-2	-2	-2	
290	195	400011dcce21995f	5			yes					-1	-1	-1	-1	-1	
291	57	76ede25dfe718b51	7			yes					-1	296	-1	-1	-1	-1	356	
292	259	60931fd5a6ebc6da	4			yes					-1	-1	-1	-1	
293	281	b464b61d2ca97f01	5			no					-1	-1	-1	-1	-2	
294	61	431648b25ca38ad2	5			no					-1	-2	-2	-2	-2	
295	281	17511dc1d955d13f	6			yes					-1	-1	-1	-1	-1	301	
296	291	a6648de8494f4615	6			yes					-1	-1	-1	-1	-1	317	
297	168	089db022451532f6	6			yes					-1	-1	-1	-1	-1	-1	
298	61	7a0f2357bff21014	6			yes					-1	-1	-1	-1	-1	305	
299	298	be39c202177a50fb	5			no					-1	-2	-2	-2	-2	
300	298	cce03c588b4e98e8	5			no					-1	-2	-2	-2	-2	
301	295	302acc4f34d4a00b	5			yes					-1	-1	-1	-1	-1	
302	266	3474d8b47be2d132	5			yes					-1	-1	-1	-1	-1	
303	281	be4121158916bb4b	6			yes					-1	-1	-1	-1	-1	-1	
304	135	0c71b9da54bae785	6			yes					-1	-1	-1	-1	-1	322	
305	298	37ea6de15554551d	5			yes					-1	-1	-1	-1	-1	
306	43	b0bfcd2e4d75b5d2	7			yes					-1	-1	-1	314	-1	-1	323	
307	247	5e2dcdb417f89626	4			yes					-1	-1	-1	-1	
308	114	6b8b29f932094893	6			yes					-1	-1	-1	-1	-1	316	
309	306	9de18ba8054b00ac	5			no					-1	-1	-1	-2	-2	
310	5	54dfb93ae1a34db7	9			no					311	-2	-2	-2	-2	-2	-2	-2	-2	
311	310	135d8574eb6d0437	8			no					312	-2	-2	-2	-2	-2	-2	-2	
312	311	d68ecab877dd064d	7			no					-1	-1	-1	-1	-1	-1	439	
313	312	75659f91e59dd802	6			no					-1	-1	-1	-1	-1	-2	
314	306	3ed42074f0b7ae92	6			yes					-1	-1	-1	-1	-1	318	
315	74	04f9eee6341b2ecc	5			yes					-1	-1	-1	-1	319	
316	308	266e674fd8af0d9a	5			yes					-1	-1	-1	-1	-1	
317	296	eb81c35ea3e9031c	5			yes					-1	-1	-1	-1	-1	
318	314	19aff1fa1d36dfa6	5			yes					-1	-1	-1	-1	-1	
319	315	23823f68d99a5ff8	4			yes					-1	-1	-1	-1	
320	86	56b2f2b14a448688	5			yes					-1	-1	-1	-1	374	
321	61	f38f854bbb0de4c4	5			no					-1	-1	-1	-2	-2	
322	304	5281c0262b62fc54	5			yes					-1	-1	-1	-1	-1	
323	306	97c41ca0a0f4c4e6	6			yes					-1	-1	-1	-1	-1	-1	
324	74	ed8b94b65701ea6c	6			yes					-1	-1	-1	-1	-1	345	
325	12	8e219a9bcd2c1159	10			no					326	-2	-2	-2	-2	-2	-2	-2	-2	-2	
326	325	c4280c8e681f3ad8	9			no					327	-2	-2	-2	-2	-2	-2	-2	-2	
327	326	56dccc7feb57768f	8			no					328	-2	-2	-2	-2	-2	-2	-2	
328	327	6c572a23d824f8db	7			no					329	-2	-2	-2	-2	-2	-2	
329	328	5b36b16930fb4d0b	6			no					-1	-1	-1	-1	-1	427	
330	323	ba9a5a26e8ca7198	4			no					-1	-1	-2	-2	
331	291	ab4f4f48d29aa404	5			yes					-1	-1	-1	-1	335	
332	61	c24033a37b9aa605	6			yes					-1	-1	-1	-1	-1	-1	
333	43	651add8b7f0ecc3b	6			yes					334	-1	-1	-1	-1	343	
334	333	2298e1c575c085bb	5			yes					-1	-1	-1	-1	-1	
335	331	e6aa01fe383ce10d	4			yes					-1	-1	-1	-1	
336	56	88636eefcbb0d483	9			no					337	-2	-2	-2	-2	-2	-2	-2	-2	
337	336	51fcfbd0cf3d00e3	8			no					338	-2	-2	-2	-2	-2	-2	-2	
338	337	b5024a3193fec672	7			no					339	-2	-2	-2	-2	-2	-2	
339	338	1be3582e878d0192	6			no					-1	-2	-2	-2	-2	-2	
340	84	2d75fcbdfb7358f3	9			no					341	-2	-2	-2	-2	-2	-2	-2	-2	
341	340	b07c072fb18f4757	8			no					342	-2	-2	-2	-2	-2	-2	-2	
342	341	69f5d9e1f6fc9a09	7			no					-1	-1	-1	-1	-1	-1	-2	
343	333	42610c05928fbd0f	5			yes					-1	-1	-1	-1	-1	
344	43	c62f76578af26205	7			yes					-1	-1	-1	-1	-1	-1	346	
345	324	caf04538ba809b58	5			yes					-1	-1	-1	-1	-1	
346	344	e154a7d967731331	6			yes					-1	-1	-1	-1	-1	-1	
347	124	43cf1596537db0cb	8			no					348	-2	-2	-2	-2	-2	-2	-2	
348	347	3561a47a64ebafef	7			no					349	-2	-2	-2	-2	-2	-2	
349	348	5ea0f8c23a6565f7	6			no					350	-1	-2	-2	-2	-2	
350	349	68208cb2b3d9ba19	5			yes					-1	-1	-1	-1	-1	
351	135	468bf9ee56e2826e	6			yes					-1	-1	-1	-1	-1	-1	
352	332	be6acbfd51aba1cd	4			no					-1	-1	-2	-2	
353	43	6f3f4a83dab10871	7			yes					-1	-1	-1	-1	-1	-1	-1	
354	60	019a0a559c878862	7			yes					-1	355	-1	371	-1	-1	385	
355	354	b775155aa83b009e	6			yes					-1	-1	-1	-1	-1	364	
356	291	3b08aceb14d7ce58	6			yes					-1	-1	-1	-1	363	-1	
357	124	c03cf5d67ab22930	9			no					358	-2	-2	-2	-2	-2	-2	-2	-2	
358	357	5d350e44304e3694	8			no					359	-2	-2	-2	-2	-2	-2	-2	
359	358	84bcd08a773debca	7			no					360	-2	-2	-2	-2	-2	-2	
360	359	3233597d07fcacb5	6			no					-1	-1	-1	-1	-1	-2	
361	74	a13b7e1107494a72	5			yes					-1	-1	-1	-1	369	
362	208	08d64ebb74b0cd33	6			no					-1	-1	-1	-1	-1	415	
363	356	472254b53ee6c990	4			yes					-1	-1	-1	-1	
364	355	fa905bec429d4597	5			yes					-1	-1	-1	-1	-1	
365	364	b099cdf9e7ae6e16	4			no					-1	-2	-2	-2	
366	114	8152bb09898fb83a	6			yes					-1	-1	-1	-1	-1	382	
367	80	e9a66545c48f47b4	5			no					-1	-1	-1	-2	-2	
368	161	b05baab4a1f1783c	5			yes					-1	-1	-1	-1	-1	
369	361	8640af9feac83b46	4			yes					-1	-1	-1	-1	
370	369	17f6e7dca2788eca	3			no					-1	-2	-2	
371	354	f4305417b2497b7a	6			yes					-1	-1	-1	-1	-1	381	
372	74	aa26a2615b6bb064	6			yes					-1	-1	-1	-1	-1	-1	
373	279	6980d6f738cb3e92	5			yes					-1	-1	-1	-1	-1	
374	320	1b57bc07a0e2c381	4			yes					-1	-1	-1	-1	
375	126	f18463989a5f5da8	5			yes					-1	-1	-1	-1	390	
376	57	62526cbde1c706fa	7			yes					-1	-1	-1	-1	-1	-1	384	
377	6	969063d7add92558	9			no					378	-2	-2	-2	-2	-2	-2	-2	-2	
378	377	0d4520deaa77771b	8			no					379	-2	-2	-2	-2	-2	-2	-2	
379	378	56c2b56d83d6e101	7			no					380	-2	-2	-2	-2	-2	-2	
380	379	d1b456efe346323a	6			no					-1	-1	-2	-1	-2	-2	
381	371	b9d51aa158ef3e73	5			yes					-1	-1	-1	-1	-1	
382	366	ccb7f5bf6329fd33	5			yes					-1	-1	-1	-1	-1	
383	354	7db0f20bb6b68faa	5			no					-1	-2	-2	-2	-2	
384	376	2fb7220b0b6143f3	6			yes					-1	-1	-1	-1	-1	-1	
385	354	4c7f44e37621cd6b	6			yes					-1	-1	-1	-1	-1	-1	
386	385	3055bcbd5c10caa3	4			no					-1	-1	-1	-2	
387	57	6f79ae1d7a12e4eb	6			yes					-1	-1	-1	-1	-1	409	
388	278	a01dd145bbfa8153	6			yes					-1	-1	-1	-1	-1	414	
389	60	7343f40f00b34071	7			yes					-1	-1	-1	402	-1	-1	408	
390	375	bc612d2e70f918a1	4			yes					-1	-1	-1	-1	
391	134	461db20a403f4642	7			no					-1	403	-1	-1	-1	-1	433	
392	86	0018ef31e332881c	4			yes					-1	-1	-1	-1	
393	1	3550f49c7b920509	6			no					394	-2	-2	-2	-2	-2	
394	393	52b2d45ae35a0d0a	5			no					395	-2	-2	-2	-2	
395	394	1f686be85d15b484	4			no					396	-2	-2	-2	
396	395	230bdcf0c70b4ae4	6			no					397	-2	-2	-2	-2	-2	
397	396	f7477af6ba0a33b6	5			no					398	-2	-2	-2	-2	
398	397	616638f762632316	4			no					404	-2	-2	-2	
399	398	c14548155fc5f5cb	7			no					400	-2	-2	-2	-2	-2	-2	
400	399	5ae6a6a6b4c3803f	6			no					-1	-1	-1	-1	-2	-2	
401	160	aab32a3c0ea5aa69	6			no					-1	-1	-1	-1	-1	-2	
402	389	86e9aa4d2e7db369	6			yes					-1	-1	-1	-1	-1	406	
403	391	52178bc23dbf3878	6			yes					-1	-1	-1	-1	-1	412	
404	398	6cf87a2158224032	8			no					405	-2	-2	-2	-2	-2	-2	-2	
405	404	1a56cbcd6fb45f16	7			no					-1	-2	-1	-2	-2	-2	-2	
406	402	cb0ce4fbc4dbf660	5			yes					-1	-1	-1	-1	-1	
407	389	0f690c512a8247b9	5			no					-1	-1	-1	-1	-2	
408	389	3ea6bab9ea150578	6			yes					-1	-1	-1	-1	-1	-1	
409	387	229ce0ab90b4a1e2	5			yes					-1	-1	-1	-1	-1	
410	86	31d759d923a5cadd	5			no					-1	-1	-1	-2	-2	
411	114	ce68186ff801b641	6			no					-1	-1	-1	-1	-2	-2	
412	403	0ce7f23e426723a9	5			yes					-1	-1	-1	-1	-1	
413	60	091fdea7f990a153	6			yes					-1	-1	-1	-1	-1	416	
414	388	feeda8b9c4229a82	5			yes					-1	-1	-1	-1	-1	
415	362	562637470b68d6e2	5			no					-1	-1	-1	-1	-2	
416	413	44fa90111336e45a	5			yes					-1	-1	-1	-1	-1	
417	2	f761784aff049fcb	8			no					418	-2	-2	-2	-2	-2	-2	-2	
418	417	9f71b28210e3c9ae	7			no					419	-2	-2	-2	-2	-2	-2	
419	418	ac517a4d46802e84	5			no					420	-2	-2	-2	-2	
420	419	6a52edaca78aba9b	8			no					421	-2	-2	-2	-2	-2	-2	-2	
421	420	c34baab0c55f2c38	7			no					422	-2	-2	-2	-2	-2	-2	
422	421	507c85729ad250e3	6			no					-1	-1	-2	-2	-2	-2	
423	60	3006b5421ac13b95	7			yes					-1	-1	-1	-1	-1	-1	424	
424	423	7de3fbf4f0677e9c	6			yes					-1	-1	-1	-1	-1	-1	
425	167	c048b1de8fd04ce0	7			no					-1	438	-2	-2	-2	-2	-2	
426	57	cef1fb567cc8cc76	6			no					-1	-1	-1	-1	-1	436	
427	329	16d3ffdfda5d0802	5			yes					-1	-1	-1	-1	-1	
428	60	b986135e1e3ecf45	6			yes					-1	-1	-1	-1	-1	429	
429	428	f4635de8f4988a4c	5			yes					-1	-1	-1	-1	-1	
430	426	0ac71a03d4408c99	5			no					-1	-1	-1	-2	-2	
431	429	428c42e7c02402b0	4			no					-1	-1	-1	-2	
432	278	34a36073cba773b6	6			no					-1	-1	-1	-1	-1	-2	
433	391	18edcbf63fe75d93	6			yes					-1	-1	-1	-1	-1	-1	
434	60	8849a5b6dea98d84	7			yes					-1	-1	-1	-1	-1	-1	-1	
435	289	6a78c8cb141b1ec4	4			no					-1	-2	-2	-2	
436	426	8314b5e0966e897f	5			no					-1	-1	-1	-1	-2	
437	436	c91d23f5335da2fe	4			no					-1	-1	-2	-2	
438	425	86cab5f7d7110985	6			no					-1	-2	-2	-2	-2	-2	
439	312	f1f51b369a5c7779	6			no					440	-2	-2	-2	-2	-2	
440	439	521e4e1f081ca936	5			yes					-1	-1	-1	-1	-1	
