Number of nodes
177
ID	PID	Hash_Value			File_Number	Fully_Enumerated	Children
0	-1	615621babe32ffe8	6			yes					1	27	48	71	93	135	
1	0	676ffd9aa0b2b98f	5			yes					2	8	19	24	26	
2	1	03c7ac870f9793cd	4			yes					3	4	-1	5	
3	2	8ddb951bf113fd2b	4			yes					-1	-1	-1	-1	
4	2	e316db97dbea967c	4			yes					-1	-1	-1	-1	
5	2	990496f558968f5b	3			yes					6	7	-1	
6	5	bd711edafbdb9f76	4			yes					-1	-1	-1	-1	
7	5	fbcec9a8a9812e01	4			yes					-1	-1	-1	-1	
8	1	40a110d40c93814d	4			yes					-1	9	13	15	
9	8	8ef6f3689d5aa630	5			yes					10	-1	-1	-1	12	
10	9	fd38fc475059f246	4			yes					-1	-1	-1	11	
11	10	548e76eb72d284ea	3			yes					-1	-1	-1	
12	9	274079c4bfd1d09c	4			yes					-1	-1	-1	-1	
13	8	862bc5e883510bd6	4			yes					14	-1	-1	-1	
14	13	f5e5cac74e525fa0	3			yes					-1	-1	-1	
15	8	da622aa65b929ddb	3			yes					-1	16	18	
16	15	b58d2163912be436	5			yes					17	-1	-1	-1	-1	
17	16	c6432e4c5c28b040	4			yes					-1	-1	-1	-1	
18	15	2595ac66417dbaca	4			yes					-1	-1	-1	-1	
19	1	b892426fbdbc8d6d	4			yes					-1	-1	20	22	
20	19	049669ad7364bfc4	5			yes					21	-1	-1	-1	-1	
21	20	77586682be67ebb2	4			yes					-1	-1	-1	-1	
22	19	2251781deabd91fb	3			yes					-1	-1	23	
23	22	519b1e56ab547e54	5			yes					-1	-1	-1	-1	-1	
24	1	065839d4490b3af4	4			yes					-1	-1	-1	25	
25	24	9c9b03a61e0a2662	3			yes					-1	-1	-1	
26	1	fdacc7e8f7b3a519	4			yes					-1	-1	-1	-1	
27	0	0d619a44cc0573f0	5			yes					28	36	40	45	47	
28	27	b05fcb644649753b	4			yes					29	30	31	32	
29	28	2273cc29e7bc2c2d	4			yes					-1	-1	-1	-1	
30	28	6574f8ead47bb801	4			yes					-1	-1	-1	-1	
31	28	81fc61095f20a9c2	4			yes					-1	-1	-1	-1	
32	28	2a9cf116114869ad	3			yes					33	34	35	
33	32	19081e22ebcd6e2b	4			yes					-1	-1	-1	-1	
34	32	fc8346098ed7b6f8	4			yes					-1	-1	-1	-1	
35	32	bff0a99abc96af4e	4			yes					-1	-1	-1	-1	
36	27	993710e929faadc4	4			yes					-1	37	-1	38	
37	36	63fc6ce410bd8acc	4			yes					-1	-1	-1	-1	
38	36	03f42a9b7efbb152	3			yes					-1	39	-1	
39	38	7b247edb62d632b1	4			yes					-1	-1	-1	-1	
40	27	d29c25b1d10b4712	4			yes					-1	-1	41	43	
41	40	5551907d553a0b81	5			yes					-1	42	-1	-1	-1	
42	41	360e4a001e9af3fc	4			yes					-1	-1	-1	-1	
43	40	485f1fc3860a5b84	3			yes					-1	-1	44	
44	43	005ce7868d0aca11	5			yes					-1	-1	-1	-1	-1	
45	27	6c565e0a25bcf08b	4			yes					-1	-1	-1	46	
46	45	f695647872bdec1d	3			yes					-1	-1	-1	
47	27	97a2a0369b046f66	4			yes					-1	-1	-1	-1	
48	0	35530a7ad7c8d5fc	5			yes					49	60	66	68	70	
49	48	886d5b5a5d84d337	4			yes					50	54	55	56	
50	49	2654b38c2795f333	5			yes					-1	51	52	-1	53	
51	50	ba61da61f826b44a	4			yes					-1	-1	-1	-1	
52	50	42c9ff995de3cafa	4			yes					-1	-1	-1	-1	
53	50	8fe23920051e859f	4			yes					-1	-1	-1	-1	
54	49	6419a2442b2938a4	4			yes					-1	-1	-1	-1	
55	49	4cac8c6b481af69f	4			yes					-1	-1	-1	-1	
56	49	12ae61280a85cfa1	3			yes					57	58	59	
57	56	1d2f61872be4b135	5			yes					-1	-1	-1	-1	-1	
58	56	9d6ff86ad3fab4cb	4			yes					-1	-1	-1	-1	
59	56	72a044f8abacf013	4			yes					-1	-1	-1	-1	
60	48	e2803fc7dbadb568	4			yes					-1	61	62	63	
61	60	be193b3c7b53ae10	4			yes					-1	-1	-1	-1	
62	60	4036190d786716b4	4			yes					-1	-1	-1	-1	
63	60	784305b58caca9fe	3			yes					-1	64	65	
64	63	2fb821aad8659bc5	4			yes					-1	-1	-1	-1	
65	63	8cf6b467713e60d0	4			yes					-1	-1	-1	-1	
66	48	91199aa13891f9b2	4			yes					-1	-1	-1	67	
67	66	0bdaa0d36f90e524	3			yes					-1	-1	-1	
68	48	5464ce343e715687	4			yes					-1	-1	-1	69	
69	68	cea7f44669704a11	3			yes					-1	-1	-1	
70	48	af90300880c9c96a	4			yes					-1	-1	-1	-1	
71	0	4bb79f581a19510b	5			yes					72	81	88	90	92	
72	71	f689ce78905557c0	4			yes					73	77	-1	78	
73	72	c042e0f3f6d42cef	5			yes					-1	74	75	-1	76	
74	73	fb308172dc8f6951	4			yes					-1	-1	-1	-1	
75	73	e58ef7f5a80bc83d	4			yes					-1	-1	-1	-1	
76	73	69f46a5fd45f5a43	4			yes					-1	-1	-1	-1	
77	72	0a0b18133f8ab507	4			yes					-1	-1	-1	-1	
78	72	6c4af40ac7544b56	3			yes					79	80	-1	
79	78	fb3932f8faa56ee9	5			yes					-1	-1	-1	-1	-1	
80	78	78de6414ba14b034	4			yes					-1	-1	-1	-1	
81	71	9c64aae5167c319f	4			yes					-1	82	-1	86	
82	81	40a857803d83305f	5			yes					83	-1	84	-1	85	
83	82	82eb78c7fe50afc1	4			yes					-1	-1	-1	-1	
84	82	65644086635cd48d	4			yes					-1	-1	-1	-1	
85	82	e91edd2c1f0846f3	4			yes					-1	-1	-1	-1	
86	81	06a79097417d2d09	3			yes					-1	87	-1	
87	86	7bd3858b31f27259	5			yes					-1	-1	-1	-1	-1	
88	71	6c797216b63869c9	4			yes					-1	-1	-1	89	
89	88	f6ba4864e139755f	3			yes					-1	-1	-1	
90	71	d7e0b3a17d09420b	4			yes					-1	-1	-1	91	
91	90	4d2389d32a085e9d	3			yes					-1	-1	-1	
92	71	d174a52a4d184d9d	4			yes					-1	-1	-1	-1	
93	0	bcd37374d7204329	5			yes					94	99	104	109	120	
94	93	c000983605d25738	4			yes					95	96	98	-1	
95	94	77817e2128a366ad	5			yes					-1	-1	-1	-1	-1	
96	94	e7ce7578a9f36ffa	3			yes					-1	97	-1	
97	96	786436a967843169	5			yes					-1	-1	-1	-1	-1	
98	94	1ffd27c318dc63da	3			yes					-1	-1	-1	
99	93	aa0effe869659d47	4			yes					100	102	103	-1	
100	99	1730aec8e3299b8c	3			yes					-1	101	-1	
101	100	8a45c9e94a976052	5			yes					-1	-1	-1	-1	-1	
102	99	f76bc952e3f47a1d	5			yes					-1	-1	-1	-1	-1	
103	99	75f3401d746ba9a5	3			yes					-1	-1	-1	
104	93	923c6fd672a83b4b	4			yes					105	107	108	-1	
105	104	2f023ef6f8e43d80	3			yes					106	-1	-1	
106	105	d0c6764ddd4b646a	5			yes					-1	-1	-1	-1	-1	
107	104	45ef5a6b7ecd5bdf	3			yes					-1	-1	-1	
108	104	b8abef3682d587c7	5			yes					-1	-1	-1	-1	-1	
109	93	51375d30c8b10f86	5			yes					110	113	115	117	118	
110	109	ec090c1042fd094d	4			yes					111	112	-1	-1	
111	110	36d025320c0abbb6	5			yes					-1	-1	-1	-1	-1	
112	110	c5a96f0739b84f7e	5			yes					-1	-1	-1	-1	-1	
113	109	86e4688dc4d46f12	4			yes					-1	114	-1	-1	
114	113	b63a9241c75da706	5			yes					-1	-1	-1	-1	-1	
115	109	76f9b07e64903744	4			yes					-1	-1	-1	-1	
116	115	6dc1bfe29ff48fb2	5			yes					-1	-1	-1	-1	-1	
117	109	1ad8ea76b7e43fbe	4			yes					-1	-1	-1	-1	
118	109	06cc3e95555d6ea5	4			yes					-1	119	-1	-1	
119	118	918fe9aff6f5bf8c	5			yes					-1	-1	-1	-1	-1	
120	93	e533866a05ab70f2	5			yes					121	126	130	133	134	
121	120	580dd74a8fe77639	4			yes					122	123	124	125	
122	121	5dcaefc5eb623072	5			yes					-1	-1	-1	-1	-1	
123	121	9520ab2a9d6b2e31	5			yes					-1	-1	-1	-1	-1	
124	121	05badc8a5be0907c	5			yes					-1	-1	-1	-1	-1	
125	121	2fe06706bd4a6cb4	3			yes					-1	-1	-1	
126	120	32e0b3d709ce1066	4			yes					-1	127	128	129	
127	126	dd2058b620352cc2	5			yes					-1	-1	-1	-1	-1	
128	126	73ff901925737637	5			yes					-1	-1	-1	-1	-1	
129	126	450d039b3b630aeb	3			yes					-1	-1	-1	
130	120	c2fd6b24a98a4830	4			yes					-1	-1	131	132	
131	130	92e07ed24114d118	5			yes					-1	-1	-1	-1	-1	
132	130	b510db689b2752bd	3			yes					-1	-1	-1	
133	120	3ace399f18a54410	4			yes					-1	-1	-1	-1	
134	120	92de362637066a7f	4			yes					-1	-1	-1	-1	
135	0	d6cfb9871a9c9777	5			yes					136	148	158	169	-1	
136	135	972cd55e19656678	5			yes					137	140	144	147	-1	
137	136	f3848443b6404c3a	4			yes					138	139	-1	-1	
138	137	0c61bf6f2d2d55bb	4			yes					-1	-1	-1	-1	
139	137	64a0eee89654ce76	4			yes					-1	-1	-1	-1	
140	136	b0e23810b5445eba	4			yes					-1	141	143	-1	
141	140	0c4f38114ef79ed8	5			yes					142	-1	-1	-1	-1	
142	141	7f81373e83f4caae	4			yes					-1	-1	-1	-1	
143	140	e2a67279b45a16f9	4			yes					-1	-1	-1	-1	
144	136	48d16aab046b529a	4			yes					-1	-1	145	-1	
145	144	bda78579f7b17dc2	5			yes					-1	-1	-1	-1	-1	
146	145	ce698a563ab229b4	4			no					-1	-2	-1	-2	
147	136	f61b1110f0dce503	4			yes					-1	-1	-1	-1	
148	135	fd22b28075d2ac07	5			yes					149	153	155	157	-1	
149	148	401ce3a0ff9eaacc	4			yes					150	151	152	-1	
150	149	a0ca0750341114c5	4			yes					-1	-1	-1	-1	
151	149	254a431d7759a917	4			yes					-1	-1	-1	-1	
152	149	aceb3417055a35f1	4			yes					-1	-1	-1	-1	
153	148	6974382d902d7233	4			yes					-1	154	-1	-1	
154	153	e44a599b5d03d2c6	4			yes					-1	-1	-1	-1	
155	148	22df0d7568dc98e5	4			yes					-1	-1	156	-1	
156	155	ec607ca9d1efc987	5			yes					-1	-1	-1	-1	-1	
157	148	9c1576ce9c6b2f7c	4			yes					-1	-1	-1	-1	
158	135	c51022be6e1f0a0b	5			yes					159	164	167	168	-1	
159	158	782e739ee4530cc0	4			yes					160	162	163	-1	
160	159	a4ed78f5f438cbdb	5			yes					-1	-1	-1	-1	-1	
161	160	38d811182b8b8ca2	4			no					-1	-2	-2	-2	
162	159	73206bd841ee3b42	4			yes					-1	-1	-1	-1	
163	159	61bbd97512606aac	4			yes					-1	-1	-1	-1	
164	158	12c31703627a6a9f	4			yes					-1	165	166	-1	
165	164	84f65d558702625b	4			yes					-1	-1	-1	-1	
166	164	de98d9ece6845f14	4			yes					-1	-1	-1	-1	
167	158	615ab26581462645	4			yes					-1	-1	-1	-1	
168	158	a427e6f087a68970	4			yes					-1	-1	-1	-1	
169	135	bbf4b79ca3ce8efc	5			yes					170	173	175	176	-1	
170	169	06cae6bc29828837	4			yes					171	172	-1	-1	
171	170	42fb2b8a25791407	5			yes					-1	-1	-1	-1	-1	
172	170	bfadbddf09a92583	4			yes					-1	-1	-1	-1	
173	169	6c278221afabee68	4			yes					-1	174	-1	-1	
174	173	c2119cf9ee2e08b7	5			yes					-1	-1	-1	-1	-1	
175	169	9c3a5ad20fefb63e	4			yes					-1	-1	-1	-1	
176	169	27a39b65c4de9dfc	4			yes					-1	-1	-1	-1	
