Number of nodes
159
ID	PID	Hash_Value			File_Number	Fully_Enumerated	Children
0	-1	7267f0067f13877f	6			yes					1	27	49	71	90	108	
1	0	8ccea8ace53a1ed5	5			yes					2	8	19	24	26	
2	1	fb8d82a2eec99476	4			yes					3	4	5	6	
3	2	bf81cd2aa4d5fd99	4			yes					-1	-1	-1	-1	
4	2	f0e913bf9ee72c7a	4			yes					-1	-1	-1	-1	
5	2	849882c03bf6c7d8	4			yes					-1	-1	-1	-1	
6	2	a5ebfa8b501375e1	5			yes					-1	-1	-1	-1	7	
7	6	a4e52ce04572e955	4			yes					-1	-1	-1	-1	
8	1	930c913813c25d37	4			yes					-1	9	13	14	
9	8	b598155becd4084d	5			yes					10	11	-1	-1	12	
10	9	c5cb4ff5755ef86b	4			yes					-1	-1	-1	-1	
11	9	82cc7e0f76753c41	4			yes					-1	-1	-1	-1	
12	9	4dedc946dc844a5a	4			yes					-1	-1	-1	-1	
13	8	d786c63f8d2cd9bd	4			yes					-1	-1	-1	-1	
14	8	e97658dc33fe3be1	3			yes					15	16	18	
15	14	ac96d4acc2ee6d99	4			yes					-1	-1	-1	-1	
16	14	ff31c5512e683f0d	5			yes					17	-1	-1	-1	-1	
17	16	8f629fffb7e2cf2b	4			yes					-1	-1	-1	-1	
18	14	408b090d981a46a8	4			yes					-1	-1	-1	-1	
19	1	9d21c80abfbe8293	4			yes					-1	-1	20	21	
20	19	fcf110746a5eb5e4	5			yes					-1	-1	-1	-1	-1	
21	19	e75b01ee9f82e445	3			yes					22	-1	23	
22	21	9ec226500eb724b8	4			yes					-1	-1	-1	-1	
23	21	842dde16b6ab5833	5			yes					-1	-1	-1	-1	-1	
24	1	0314bad887b333d1	4			yes					-1	-1	-1	25	
25	24	796e733ca78f5507	3			yes					-1	-1	-1	
26	1	f6b46148c5067803	4			yes					-1	-1	-1	-1	
27	0	e9e157733a77843f	5			yes					28	37	41	46	48	
28	27	8e6a4bce66ed2b48	4			yes					29	31	32	33	
29	28	aa4d9212d5169225	5			yes					-1	-1	-1	-1	30	
30	29	76c46af68cd7f9ae	4			yes					-1	-1	-1	-1	
31	28	9a985331ecbe4335	4			yes					-1	-1	-1	-1	
32	28	eee9c24e49afa897	4			yes					-1	-1	-1	-1	
33	28	f410822a46d14d9e	3			yes					34	35	36	
34	33	77cabc9d99b6651a	5			yes					-1	-1	-1	-1	-1	
35	33	f4b366de7cee4bf7	4			yes					-1	-1	-1	-1	
36	33	1625252b7e749d6d	4			yes					-1	-1	-1	-1	
37	27	83c4a78b44ab78e3	4			yes					-1	38	-1	39	
38	37	2396fb40b4278cf4	4			yes					-1	-1	-1	-1	
39	37	8473d90f5658fd6d	5			yes					-1	-1	-1	-1	40	
40	39	857d0f64433961d9	4			yes					-1	-1	-1	-1	
41	27	f80e37d560f31879	4			yes					-1	-1	42	43	
42	41	9373b6178be20bb3	5			yes					-1	-1	-1	-1	-1	
43	41	8274fe3140cf7eaf	3			yes					-1	44	45	
44	43	25559e518483bf55	4			yes					-1	-1	-1	-1	
45	43	ebaf78755717e664	5			yes					-1	-1	-1	-1	-1	
46	27	663b450758fea93b	4			yes					-1	-1	-1	47	
47	46	1c418ce378c2cfed	3			yes					-1	-1	-1	
48	27	939b9e971a4be2e9	4			yes					-1	-1	-1	-1	
49	0	e6bb9040a3d7b848	5			yes					50	59	66	68	70	
50	49	81308cfdff4d173f	4			yes					51	53	54	55	
51	50	94e1be060c47a6f4	5			yes					-1	-1	-1	-1	52	
52	51	486846e25586cd7f	4			yes					-1	-1	-1	-1	
53	50	594ba8521b610ce7	4			yes					-1	-1	-1	-1	
54	50	eb0a28e74fcec90d	4			yes					-1	-1	-1	-1	
55	50	fb4a4519df7171e9	3			yes					56	57	58	
56	55	4966908940e751cb	5			yes					-1	-1	-1	-1	-1	
57	55	dfd42721bf0b2ab7	4			yes					-1	-1	-1	-1	
58	55	13c6cf827815fcf7	4			yes					-1	-1	-1	-1	
59	49	16123c54a4d72cf6	4			yes					-1	60	62	63	
60	59	75dc9bfb4f654563	5			yes					-1	-1	-1	-1	61	
61	60	a955631f16a42ee8	4			yes					-1	-1	-1	-1	
62	59	5c1ea3e67b7c45cb	4			yes					-1	-1	-1	-1	
63	59	6c68f5b084eb4a20	3			yes					-1	64	65	
64	63	a85bb57403c5b25c	5			yes					-1	-1	-1	-1	-1	
65	63	a4d244834ca77031	4			yes					-1	-1	-1	-1	
66	49	62826b39192f701b	4			yes					-1	-1	-1	67	
67	66	94fc82bf250c61a4	5			yes					-1	-1	-1	-1	-1	
68	49	69618234c15e954c	4			yes					-1	-1	-1	69	
69	68	131b4bd0e162f39a	3			yes					-1	-1	-1	
70	49	9cc159a483ebde9e	4			yes					-1	-1	-1	-1	
71	0	ce4ec639c8b626d7	5			yes					72	81	85	87	88	
72	71	a9c5da84942c89a0	4			yes					73	76	-1	77	
73	72	e255648552525f50	5			yes					-1	-1	-1	-1	75	
74	73	5374625aef92e68c	4			no					-1	-1	-1	-2	
75	73	3edc9c610b9334db	4			yes					-1	-1	-1	-1	
76	72	a92f568840949987	4			yes					-1	-1	-1	-1	
77	72	d3bf1360b410ef76	3			yes					78	80	-1	
78	77	3fd24a0a1ef2a86f	5			yes					-1	-1	-1	-1	-1	
79	78	8ef34cd5a33211b3	4			no					-1	-2	-1	-2	
80	77	939ef5e32c967d3a	4			yes					-1	-1	-1	-1	
81	71	3ee76a2dcfb6b269	4			yes					-1	82	-1	83	
82	81	4fa7c5458e019277	5			yes					-1	-1	-1	-1	-1	
83	81	449da3c9ef8ad4bf	3			yes					-1	84	-1	
84	83	7516662ee20376ca	5			yes					-1	-1	-1	-1	-1	
85	71	d18cffad3e4e6535	4			yes					-1	-1	-1	86	
86	85	abf636491e7203e3	3			yes					-1	-1	-1	
87	71	621ebc331f4200a0	5			yes					-1	-1	-1	-1	-1	
88	71	b4340fdde88a4001	4			yes					-1	-1	-1	89	
89	88	fd3dbefb919d7c31	5			yes					-1	-1	-1	-1	-1	
90	0	9eec6e32b5b11c64	5			yes					91	98	103	106	107	
91	90	f967728fe92bb313	4			yes					92	94	96	-1	
92	91	18663fdf2a760b12	5			yes					-1	-1	-1	-1	93	
93	92	1ff124e6295114d4	4			yes					-1	-1	-1	-1	
94	91	900b656965dd49f3	4			yes					-1	-1	-1	95	
95	94	979c7e5066fa5635	3			yes					-1	-1	-1	
96	91	9be844076692c09b	5			yes					-1	-1	-1	-1	97	
97	96	4761bce33f53ab10	4			yes					-1	-1	-1	-1	
98	90	6e45c226b2b188da	4			yes					-1	99	101	-1	
99	98	83b2184b8387dd0d	5			yes					-1	-1	-1	-1	100	
100	99	8425037280a0c2cb	4			yes					-1	-1	-1	-1	
101	98	0aba4e2c88041ba5	5			yes					-1	-1	-1	-1	102	
102	101	d633b6c8d1c5702e	4			yes					-1	-1	-1	-1	
103	90	812e57a643495f86	4			yes					-1	-1	104	-1	
104	103	6fbc7aab9706e359	6			yes					-1	-1	-1	-1	-1	105	
105	104	b335824fcec788d2	5			yes					-1	-1	-1	-1	-1	
106	90	8f030e94ef358022	4			yes					-1	-1	-1	-1	
107	90	990fe99bf7e6e46d	4			yes					-1	-1	-1	-1	
108	0	b6d7010910d12653	5			yes					109	119	129	139	148	
109	108	625c64e9c14346da	5			yes					110	113	116	118	-1	
110	109	151f4ee7cab0cc79	4			yes					111	112	-1	-1	
111	110	e8aea9af7926b88a	4			yes					-1	-1	-1	-1	
112	110	34e2c91054a2a675	4			yes					-1	-1	-1	-1	
113	109	7d9e5d7d37bb0538	4			yes					-1	114	115	-1	
114	113	4704ea3dc5499905	5			yes					-1	-1	-1	-1	-1	
115	113	83959dc639e24d17	4			yes					-1	-1	-1	-1	
116	109	73b3044f9bc7da9c	4			yes					-1	-1	117	-1	
117	116	15e034de76d36ca3	5			yes					-1	-1	-1	-1	-1	
118	109	ed86769da3ca6bde	4			yes					-1	-1	-1	-1	
119	108	07739b361e0edc30	5			yes					120	124	126	128	-1	
120	119	60f8878b42947347	4			yes					121	122	123	-1	
121	120	1e3e98ba90951b11	5			yes					-1	-1	-1	-1	-1	
122	120	5e93899e26fbc93a	4			yes					-1	-1	-1	-1	
123	120	b1c34c9ab45a39fa	4			yes					-1	-1	-1	-1	
124	119	6d566bce60d220ec	4			yes					-1	125	-1	-1	
125	124	a2c11528d7a504a5	4			yes					-1	-1	-1	-1	
126	119	169cfb90448a4076	4			yes					-1	-1	127	-1	
127	126	7a6292bd976fd2f4	5			yes					-1	-1	-1	-1	-1	
128	119	88a989427c87f134	4			yes					-1	-1	-1	-1	
129	108	08295c0587aee047	5			yes					130	134	137	138	-1	
130	129	6fa240b8db344f30	4			yes					131	132	133	-1	
131	130	2092b4ae49c42fc0	5			yes					-1	-1	-1	-1	-1	
132	130	f03bed6540c9fa28	4			yes					-1	-1	-1	-1	
133	130	b420a633b23b5860	4			yes					-1	-1	-1	-1	
134	129	f880f01180ae74f9	4			yes					-1	135	136	-1	
135	134	c1af91530ae6cc57	5			yes					-1	-1	-1	-1	-1	
136	134	03342d328689d4a6	4			yes					-1	-1	-1	-1	
137	129	8c10a77c3d562814	4			yes					-1	-1	-1	-1	
138	129	87f34e71e527cd43	4			yes					-1	-1	-1	-1	
139	108	20dc0a7ceccf7ed8	5			yes					140	144	146	147	-1	
140	139	475716c1b055d1af	4			yes					141	143	-1	-1	
141	140	56266e2d17d1d664	5			yes					-1	-1	-1	-1	-1	
142	141	e70768f2aa116fb8	4			no					-1	-2	-1	-2	
143	140	7656826d6a984524	4			yes					-1	-1	-1	-1	
144	139	d075a668ebcfea66	4			yes					-1	145	-1	-1	
145	144	90de11a0a40d4ed4	5			yes					-1	-1	-1	-1	-1	
146	139	3f1e33e81a373d3a	4			yes					-1	-1	-1	-1	
147	139	085086927783047d	5			yes					-1	-1	-1	-1	-1	
148	108	8a9ff6bf44a95b06	5			yes					149	153	156	158	-1	
149	148	ed14ea021833f471	4			yes					150	151	152	-1	
150	149	47e9a067c8b5ac32	5			yes					-1	-1	-1	-1	-1	
151	149	cf84fad1871eeed3	4			yes					-1	-1	-1	-1	
152	149	2f9b4eaf231149af	5			yes					-1	-1	-1	-1	-1	
153	148	7a365aab43a9cfb8	4			yes					-1	154	155	-1	
154	153	dc3d87f361447a2d	5			yes					-1	-1	-1	-1	-1	
155	153	bec94484cd879291	5			yes					-1	-1	-1	-1	-1	
156	148	955dcf2bb25118e4	4			yes					-1	-1	157	-1	
157	156	dbcf7003d2856a6d	6			yes					-1	-1	-1	-1	-1	-1	
158	148	9b7096191e2dc740	4			yes					-1	-1	-1	-1	
