Number of nodes
439
ID	PID	Hash_Value			File_Number	Fully_Enumerated	Children
0	-1	2374852c450e4ec0	6			yes					1	134	239	333	395	438	
1	0	2169609088d3069f	5			yes					2	53	72	93	107	
2	1	e8cfb12327d7c0ee	5			yes					3	14	30	45	52	
3	2	afcc476ef078e760	4			yes					4	5	7	9	
4	3	67b2e062da7640a8	4			yes					-1	-1	-1	-1	
5	3	087fbb0d1095feb0	4			yes					-1	6	-1	-1	
6	5	ddb89e998f34af3a	3			yes					-1	-1	-1	
7	3	5de425d8e6ded6a2	5			yes					-1	-1	-1	-1	8	
8	7	6b56c9dfbc395a81	4			yes					-1	-1	-1	-1	
9	3	055ec9d373fcf223	3			yes					10	11	13	
10	9	58f5747bb419b86b	4			yes					-1	-1	-1	-1	
11	9	c16605393052f1b4	5			yes					-1	-1	-1	-1	12	
12	11	fc276e0b9f39c835	4			yes					-1	-1	-1	-1	
13	9	b1dd7715a0fcffdd	5			yes					-1	-1	-1	-1	-1	
14	2	73dfae019a6a3b25	4			yes					-1	15	22	26	
15	14	3fc4d4349e1201f6	5			yes					16	18	19	20	21	
16	15	38cdb6141346117c	4			yes					17	-1	-1	-1	
17	16	e36195c8166d39ad	3			yes					-1	-1	-1	
18	15	e468f7e89b392927	4			yes					-1	-1	-1	-1	
19	15	cbedd2db22a5e969	4			yes					-1	-1	-1	-1	
20	15	018b78f8c6481968	4			yes					-1	-1	-1	-1	
21	15	16c3ebdf6c92c85a	4			yes					-1	-1	-1	-1	
22	14	abf522cc39e8a752	5			yes					23	24	-1	-1	25	
23	22	acfc40ecb4bcb7d8	4			yes					-1	-1	-1	-1	
24	22	705901103cc38f83	4			yes					-1	-1	-1	-1	
25	22	4a219868178c1344	4			yes					-1	-1	-1	-1	
26	14	7151ef985c4dc009	5			yes					27	28	-1	-1	-1	
27	26	76588db8d119d083	4			yes					-1	-1	-1	-1	
28	26	aafdcc445966e8d8	4			yes					-1	-1	-1	-1	
29	26	046d97702a1e1df8	4			no					-1	-2	-1	-1	
30	2	8809cea4a3ff5ce4	4			yes					-1	-1	31	36	
31	30	76b946fdba85e91d	5			yes					32	33	34	-1	35	
32	31	71b024dd37d1f997	4			yes					-1	-1	-1	-1	
33	31	ad156521bfaec1cc	4			yes					-1	-1	-1	-1	
34	31	a37e63692524b897	4			yes					-1	-1	-1	-1	
35	31	cc0433766e1b6951	4			yes					-1	-1	-1	-1	
36	30	e8c29edad80689d6	6			yes					37	39	41	-1	43	44	
37	36	efcbfcfa5552995c	5			yes					-1	-1	-1	-1	38	
38	37	d28a97c8fa39a0dd	4			yes					-1	-1	-1	-1	
39	36	336ebd06dd2da107	5			yes					-1	-1	-1	-1	40	
40	39	0e2fd63472469886	4			yes					-1	-1	-1	-1	
41	36	3d05bb4e47a7d85c	5			yes					-1	-1	-1	-1	42	
42	41	0044d07ce8cce1dd	4			yes					-1	-1	-1	-1	
43	36	34c5f972ceb46a45	5			yes					-1	-1	-1	-1	-1	
44	36	d583f5e8776db057	5			yes					-1	-1	-1	-1	-1	
45	2	164718556dbe550c	4			yes					-1	-1	-1	46	
46	45	9879ecf648a887bf	6			yes					47	48	49	50	-1	51	
47	46	9f708ed6c5fc9735	5			yes					-1	-1	-1	-1	-1	
48	46	43d5cf2a4d83af6e	5			yes					-1	-1	-1	-1	-1	
49	46	4dbec962d709d635	5			yes					-1	-1	-1	-1	-1	
50	46	a010bcf5c00896b9	5			yes					-1	-1	-1	-1	-1	
51	46	a53887c4e7c3be3e	5			yes					-1	-1	-1	-1	-1	
52	2	425d3f9ea453d5ad	4			yes					-1	-1	-1	-1	
53	1	e97985c70de39a6e	4			yes					54	60	64	71	
54	53	9d8cba291c509a4f	3			yes					55	56	58	
55	54	d696ee2244d4f1ae	4			yes					-1	-1	-1	-1	
56	54	017ce2d9ce7f8844	5			yes					-1	-1	-1	-1	57	
57	56	37ce0ede94980467	4			yes					-1	-1	-1	-1	
58	54	26ab9569d26eab98	5			yes					-1	-1	-1	-1	-1	
59	58	527124e2f50b73b6	4			no					-1	-1	-2	-1	
60	53	20ef1825d85e8080	3			yes					-1	61	63	
61	60	3f4790bcb8e9251f	5			yes					-1	-1	-1	-1	62	
62	61	09f57cbbe20ea93c	4			yes					-1	-1	-1	-1	
63	60	1890e70ca4f806c3	5			yes					-1	-1	-1	-1	-1	
64	53	17f12cb1478a0f8c	3			yes					-1	-1	65	
65	64	7e9e375abd9447d4	6			yes					66	67	68	69	-1	70	
66	65	7997557a30c0575e	5			yes					-1	-1	-1	-1	-1	
67	65	1f4d082b6522f188	5			yes					-1	-1	-1	-1	-1	
68	65	f7c1d5cf0a9448b8	5			yes					-1	-1	-1	-1	-1	
69	65	46f76759353456d2	5			yes					-1	-1	-1	-1	-1	
70	65	43df5c6812ff7e55	5			yes					-1	-1	-1	-1	-1	
71	53	43eb0b7a8e678f2d	3			yes					-1	-1	-1	
72	1	8294bbdafce37441	4			yes					73	77	90	92	
73	72	f6618434ed507460	3			yes					74	-1	75	
74	73	271dd85e56d3d355	4			yes					-1	-1	-1	-1	
75	73	307c7f9406832651	5			yes					-1	-1	-1	-1	-1	
76	75	e5bb5a00992277db	4			no					-1	-2	-2	-2	
77	72	1984a4f8415e8f8a	3			yes					-1	78	80	
78	77	13706faf97f89fa9	5			yes					-1	-1	-1	-1	79	
79	78	923a8f50c69d42c4	4			yes					-1	-1	-1	-1	
80	77	3eb53caa3e74acae	6			yes					81	83	85	87	-1	89	
81	80	39bc5e8ab320bc24	5			yes					-1	-1	-1	-1	82	
82	81	3eec2201edd6165f	4			yes					-1	-1	-1	-1	
83	80	5f6603dbe6c21af2	5			yes					-1	-1	-1	-1	84	
84	83	58367f50b834b089	4			yes					-1	-1	-1	-1	
85	80	f5881269d0db999f	5			yes					-1	-1	-1	-1	86	
86	85	f2d86ee28e2d33e4	4			yes					-1	-1	-1	-1	
87	80	910a65ba78521bad	5			yes					-1	-1	-1	-1	-1	
88	80	05085609a39d8e9f	5			no					-1	-2	-1	-1	-2	
89	80	39e54021608206d5	5			yes					-1	-1	-1	-1	-1	
90	72	4577ae712f8aeea9	3			yes					-1	-1	91	
91	90	52ca56477fe2f8d4	5			yes					-1	-1	-1	-1	-1	
92	72	280635677f676102	3			yes					-1	-1	-1	
93	1	c52f2465d4f98f97	4			yes					94	97	104	106	
94	93	b1da1b8bc54a8fb6	3			yes					95	96	-1	
95	94	511b97577649174f	5			yes					-1	-1	-1	-1	-1	
96	94	b864eb49b2534519	5			yes					-1	-1	-1	-1	-1	
97	93	5e3f3b476944745c	3			yes					-1	98	103	
98	97	e98467c13efe4be7	5			yes					99	100	-1	101	102	
99	98	ee8d05e1b3aa5b6d	4			yes					-1	-1	-1	-1	
100	98	885758b0e648fdbb	4			yes					-1	-1	-1	-1	
101	98	c41b9389eb7d714c	4			yes					-1	-1	-1	-1	
102	98	bf6caff63cd674e2	4			yes					-1	-1	-1	-1	
103	97	386aaecb12f2a8e4	5			yes					-1	-1	-1	-1	-1	
104	93	a5e95be250d1139d	3			yes					-1	-1	105	
105	104	61a58ba278c72deb	5			yes					-1	-1	-1	-1	-1	
106	93	8f235f4b282667e0	3			yes					-1	-1	-1	
107	1	dcfe31964f23d8e4	5			yes					108	114	126	132	133	
108	107	a80b0e785e90d8c5	4			yes					109	111	113	-1	
109	108	5006905fb7266ce8	5			yes					-1	-1	-1	-1	110	
110	109	b03ef42b13fe93c2	4			yes					-1	-1	-1	-1	
111	108	cc75b48b626ecaf4	5			yes					-1	-1	-1	-1	112	
112	111	2c4dd0ffc6b635de	4			yes					-1	-1	-1	-1	
113	108	0414ca13201d977d	5			yes					-1	-1	-1	-1	-1	
114	107	47ee2eb4f29e232f	4			yes					-1	115	120	124	
115	114	0aefbe71b2a2ac6f	5			yes					116	117	-1	118	119	
116	115	0de6dc513ff6bce5	4			yes					-1	-1	-1	-1	
117	115	6b3c81006a141a33	4			yes					-1	-1	-1	-1	
118	115	34a012bdeaf8b4f1	4			yes					-1	-1	-1	-1	
119	115	acbcf772b10f56d7	4			yes					-1	-1	-1	-1	
120	114	db9dc4701e0819fe	5			yes					121	122	-1	-1	123	
121	120	dc94a650935c0974	4			yes					-1	-1	-1	-1	
122	120	ba4efb01c6beafa2	4			yes					-1	-1	-1	-1	
123	120	f05e84c5ca118dc9	4			yes					-1	-1	-1	-1	
124	114	eabbe91fdff209c9	3			yes					-1	125	-1	
125	124	d86646f9966a8ef9	5			yes					-1	-1	-1	-1	-1	
126	107	bc384e11cb0b44ee	4			yes					-1	-1	127	131	
127	126	ddd18dc555ba590c	5			yes					128	129	130	-1	-1	
128	127	dad8efe5d8ee4986	4			yes					-1	-1	-1	-1	
129	127	bc02b2b48d0cef50	4			yes					-1	-1	-1	-1	
130	127	0816a851ca1b0886	4			yes					-1	-1	-1	-1	
131	126	116d89bae6676e08	3			yes					-1	-1	-1	
132	107	227698e0054a4d06	4			yes					-1	-1	-1	-1	
133	107	71abf63d624ff202	4			yes					-1	-1	-1	-1	
134	0	f50c000bc1dbd83e	5			yes					-1	135	178	196	209	
135	134	e6ce3575fefc1af2	5			yes					136	153	161	170	177	
136	135	7d071165b6a6ef36	4			yes					137	141	145	149	
137	136	6f74a0733ee0a86d	5			yes					-1	138	139	-1	140	
138	137	09a057dd0947a65a	4			yes					-1	-1	-1	-1	
139	137	571df070b640b96b	4			yes					-1	-1	-1	-1	
140	137	46739f98cc6061c1	4			yes					-1	-1	-1	-1	
141	136	ec6f26dcdf2e0222	5			yes					-1	142	-1	143	144	
142	141	488f19efd6403994	4			yes					-1	-1	-1	-1	
143	141	5dba69cbe986e97c	4			yes					-1	-1	-1	-1	
144	141	c56819372daecb8e	4			yes					-1	-1	-1	-1	
145	136	3c259739a18c19d5	5			yes					-1	146	147	-1	148	
146	145	98c5a80aa8e22263	4			yes					-1	-1	-1	-1	
147	145	d1466970c1958665	4			yes					-1	-1	-1	-1	
148	145	ddf12d9d8fe8adc3	4			yes					-1	-1	-1	-1	
149	136	10cfc1c0717767c4	5			yes					150	151	152	-1	-1	
150	149	a4e1359489b763e8	4			yes					-1	-1	-1	-1	
151	149	b42ffef378195c72	4			yes					-1	-1	-1	-1	
152	149	fdac3f89116ef874	4			yes					-1	-1	-1	-1	
153	135	d6e079b992a8f3e5	4			yes					-1	154	155	158	
154	153	e22513bccd62353c	4			yes					-1	-1	-1	-1	
155	153	2868d0cfd8c16607	3			yes					156	-1	157	
156	155	157e59a3f7149a33	5			yes					-1	-1	-1	-1	-1	
157	155	c16cadd1b88a85d0	5			yes					-1	-1	-1	-1	-1	
158	153	7c72f704112ce6a6	3			yes					159	160	-1	
159	158	32a92e13eb05b9ef	5			yes					-1	-1	-1	-1	-1	
160	158	84605f647b5fd3b7	5			yes					-1	-1	-1	-1	-1	
161	135	fffd4f17ede39c72	4			yes					-1	-1	162	166	
162	161	93d62aaef132d5b6	5			yes					163	164	-1	-1	165	
163	162	98fd2aa6419fb753	4			yes					-1	-1	-1	-1	
164	162	487a0972f419fd67	4			yes					-1	-1	-1	-1	
165	162	7202900adf5661a0	4			yes					-1	-1	-1	-1	
166	161	d80148bdf5954d7f	5			yes					167	168	169	-1	-1	
167	166	d32a48b545382f9a	4			yes					-1	-1	-1	-1	
168	166	03ad6b61f0be65ae	4			yes					-1	-1	-1	-1	
169	166	414cc7b9204044ea	4			yes					-1	-1	-1	-1	
170	135	18469c03b4958f10	4			yes					-1	-1	-1	171	
171	170	c8c349df5df0ab36	6			yes					172	173	174	175	-1	176	
172	171	c3e849d7ed5dc9d3	5			yes					-1	-1	-1	-1	-1	
173	171	136f6a0358db83e7	5			yes					-1	-1	-1	-1	-1	
174	171	419cab4aeaf0a45a	5			yes					-1	-1	-1	-1	-1	
175	171	f0aa19dcd550ba30	5			yes					-1	-1	-1	-1	-1	
176	171	f58222edf29b92b7	5			yes					-1	-1	-1	-1	-1	
177	135	4c5cbbc87d780fb1	4			yes					-1	-1	-1	-1	
178	134	14e706dd95ec2425	4			yes					179	191	193	195	
179	178	8f2e22cdddb6d1e1	3			yes					180	181	182	
180	179	7be8c1d5129e9ec0	4			yes					-1	-1	-1	-1	
181	179	6ca2fc12c75a0275	4			yes					-1	-1	-1	-1	
182	179	a5a7c2a5bda43361	6			yes					183	185	187	189	-1	190	
183	182	118936f14564374d	5			yes					-1	-1	-1	-1	184	
184	183	16d94a7a1b929d36	4			yes					-1	-1	-1	-1	
185	182	9ece6bf174a96200	5			yes					-1	-1	-1	-1	186	
186	185	999e177a2a5fc87b	4			yes					-1	-1	-1	-1	
187	182	1c151238b4f46a04	5			yes					-1	-1	-1	-1	188	
188	187	1b456eb3ea02c07f	4			yes					-1	-1	-1	-1	
189	182	0a189bb5fb828462	5			yes					-1	-1	-1	-1	-1	
190	182	a2f7be2ee352991a	5			yes					-1	-1	-1	-1	-1	
191	178	f6b8bf0618b77a6f	3			yes					-1	-1	192	
192	191	94606bcd9689d7b3	5			yes					-1	-1	-1	-1	-1	
193	178	d30413764685becd	3			yes					-1	-1	194	
194	193	e49728c29f861436	5			yes					-1	-1	-1	-1	-1	
195	178	be75886016683166	3			yes					-1	-1	-1	
196	134	535c9962bdf6dff3	4			yes					197	204	206	208	
197	196	c895bd72f5ac2a37	3			yes					198	199	203	
198	197	814a414ee11c42c5	5			yes					-1	-1	-1	-1	-1	
199	197	94c87170eec8ba0c	5			yes					-1	200	-1	201	202	
200	199	afa1d82427c5eb6d	4			yes					-1	-1	-1	-1	
201	199	c745fc2bde6e1a5d	4			yes					-1	-1	-1	-1	
202	199	bdcf4e9b1c4873a0	4			yes					-1	-1	-1	-1	
203	197	ed4516370b2e57cb	5			yes					-1	-1	-1	-1	-1	
204	196	b10320b930ad81b9	3			yes					-1	205	-1	
205	204	1c78ff102259b4fb	5			yes					-1	-1	-1	-1	-1	
206	196	339ae6e539de43f9	3			yes					-1	-1	207	
207	206	d7f8f52798a3c109	5			yes					-1	-1	-1	-1	-1	
208	196	1950e24c41293784	3			yes					-1	-1	-1	
209	134	4a8d8c91262c8880	5			yes					210	223	231	237	238	
210	209	d144a8816e767d44	4			yes					211	213	218	220	
211	210	5b1a2898bd50aac6	5			yes					-1	-1	-1	-1	212	
212	211	bb224cec198855ec	4			yes					-1	-1	-1	-1	
213	210	3c3c9e411f77dd10	5			yes					214	215	-1	216	217	
214	213	88126a15e7b7d93c	4			yes					-1	-1	-1	-1	
215	213	07553715d67a8c71	4			yes					-1	-1	-1	-1	
216	213	bf34dc5bad16d797	4			yes					-1	-1	-1	-1	
217	213	9a6fd7421cda27a8	4			yes					-1	-1	-1	-1	
218	210	556153d7bdf2f3b3	5			yes					-1	-1	-1	-1	219	
219	218	b55937a3192a0c99	4			yes					-1	-1	-1	-1	
220	210	7c116f2a431a57a2	3			yes					-1	221	222	
221	220	eeb566c93bbfff86	5			yes					-1	-1	-1	-1	-1	
222	220	7470cccc189fcfcb	5			yes					-1	-1	-1	-1	-1	
223	209	a8d2354aab77d6ca	4			yes					-1	224	226	228	
224	223	6869a0d2f2643b16	5			yes					-1	-1	-1	-1	225	
225	224	8851c4a656bcc43c	4			yes					-1	-1	-1	-1	
226	223	a008de4ab017669f	5			yes					-1	-1	-1	-1	-1	
227	226	4030ba3e14cf99b5	4			no					-1	-1	-2	-1	
228	223	0587f2e1861bfc2c	3			yes					-1	230	-1	
229	228	170c565a729c1db8	4			no					-1	-1	-2	-2	
230	228	657a1160a0580056	5			yes					-1	-1	-1	-1	-1	
231	209	2a4bf316a204148a	4			yes					-1	-1	232	236	
232	231	6b8cf340b5deb5ee	5			yes					233	234	235	-1	-1	
233	232	60a7f3480573d70b	4			yes					-1	-1	-1	-1	
234	232	b020d09cb0f59d3f	4			yes					-1	-1	-1	-1	
235	232	be4bd6d42a7fe464	4			yes					-1	-1	-1	-1	
236	231	871e34bd8f683e6c	3			yes					-1	-1	-1	
237	209	b40525e76c451d62	4			yes					-1	-1	-1	-1	
238	209	e7d84b3a0b40a266	4			yes					-1	-1	-1	-1	
239	0	b877d66354a2e04e	5			yes					-1	-1	240	294	308	
240	239	49e35c08b3c7bdf0	5			yes					241	262	281	286	293	
241	240	d22a7818fb9d4834	4			yes					242	248	249	254	
242	241	f13e64975b2aa900	5			yes					243	244	245	246	247	
243	242	ffb610c982cdfa15	4			yes					-1	-1	-1	-1	
244	242	43ef7a21f50b7575	4			yes					-1	-1	-1	-1	
245	242	831819682fc66b29	4			yes					-1	-1	-1	-1	
246	242	e77828fcf1aa84e5	4			yes					-1	-1	-1	-1	
247	242	d8395b7ca9aa60ac	4			yes					-1	-1	-1	-1	
248	241	52f5812da0a92daf	4			yes					-1	-1	-1	-1	
249	241	fa292a6c5af7bc24	5			yes					-1	250	251	252	253	
250	249	972302c567b666cb	4			yes					-1	-1	-1	-1	
251	249	3c6899c09b4ee87d	4			yes					-1	-1	-1	-1	
252	249	ad12bc26f17892da	4			yes					-1	-1	-1	-1	
253	249	40945fe78e693c68	4			yes					-1	-1	-1	-1	
254	241	84fd8695a0df2ddf	6			yes					-1	255	257	-1	-1	261	
255	254	e9f7ae3c9d9ef730	5			yes					-1	-1	-1	-1	256	
256	255	eea7d2b7c3685d4b	4			yes					-1	-1	-1	-1	
257	254	42bc353961667986	5			yes					-1	-1	-1	-1	258	
258	257	45ec49b23f90d3fd	4			yes					-1	-1	-1	-1	
259	254	2b42df85e6f99adc	5			no					-1	-1	-1	-1	-2	
260	254	bf40ec363d360fee	5			no					-1	-2	-2	-2	-2	
261	254	83adfa1efe2987a4	5			yes					-1	-1	-1	-1	-1	
262	240	2242437091a1e25c	4			yes					-1	263	264	270	
263	262	25bba2a1fec40b4d	4			yes					-1	-1	-1	-1	
264	262	92d75326d4963635	5			yes					265	266	267	268	269	
265	264	99fc532e643b54d0	4			yes					-1	-1	-1	-1	
266	264	20ec50650e05980e	4			yes					-1	-1	-1	-1	
267	264	5496e08a152f626c	4			yes					-1	-1	-1	-1	
268	264	c5ecc56c7f1918cb	4			yes					-1	-1	-1	-1	
269	264	286a26ad0008b679	4			yes					-1	-1	-1	-1	
270	262	ec03ffdf2ebea7ce	6			yes					271	273	275	277	279	280	
271	270	e728ffd79e13c52b	5			yes					-1	-1	-1	-1	272	
272	271	e078835cc0e56f50	4			yes					-1	-1	-1	-1	
273	270	5e38fc9cf42d09f5	5			yes					-1	-1	-1	-1	274	
274	273	59688017aadba38e	4			yes					-1	-1	-1	-1	
275	270	2a424c73ef07f397	5			yes					-1	-1	-1	-1	276	
276	275	2d1230f8b1f159ec	4			yes					-1	-1	-1	-1	
277	270	43bca6cf689810cd	5			yes					-1	-1	-1	-1	278	
278	277	44ecda44366ebab6	4			yes					-1	-1	-1	-1	
279	270	d7be957cb35785ff	5			yes					-1	-1	-1	-1	-1	
280	270	eb53835470480db5	5			yes					-1	-1	-1	-1	-1	
281	240	a4721ca3a3d12ac9	4			yes					-1	-1	282	283	
282	281	3365f29485105770	5			yes					-1	-1	-1	-1	-1	
283	281	0ee0921e20553f8a	3			yes					284	285	-1	
284	283	95ce2d70d1dc9919	4			yes					-1	-1	-1	-1	
285	283	a79e30988a478b76	5			yes					-1	-1	-1	-1	-1	
286	240	b76bf57ef9ae2812	4			yes					-1	-1	-1	287	
287	286	38f3788e7c21e694	6			yes					288	289	290	291	-1	292	
288	287	33d87886cc8c8471	5			yes					-1	-1	-1	-1	-1	
289	287	592047ffa49750c8	5			yes					-1	-1	-1	-1	-1	
290	287	b1ac9a1bcb21e9f8	5			yes					-1	-1	-1	-1	-1	
291	287	4ad5057108cd24bd	5			yes					-1	-1	-1	-1	-1	
292	287	05b213bcd34adf15	5			yes					-1	-1	-1	-1	-1	
293	240	e371d2b53043a8b3	4			yes					-1	-1	-1	-1	
294	239	73f2dda4435e58f1	4			yes					295	303	306	307	
295	294	e83bf9b40b04ad35	3			yes					296	301	302	
296	295	0beb7e3b3b4d4dd2	5			yes					-1	297	298	299	300	
297	296	b93a608d956c91a7	4			yes					-1	-1	-1	-1	
298	296	33822e38b3ed5cd4	4			yes					-1	-1	-1	-1	
299	296	d2d8f2dcfd4ea163	4			yes					-1	-1	-1	-1	
300	296	5d03b60c396572d7	4			yes					-1	-1	-1	-1	
301	295	88df6d50ef42574a	5			yes					-1	-1	-1	-1	-1	
302	295	d4e5b6f542faf1bb	5			yes					-1	-1	-1	-1	-1	
303	294	1853c2dc6138075d	3			yes					-1	304	305	
304	303	71682065e20e6c0a	5			yes					-1	-1	-1	-1	-1	
305	303	bc1bcfbfcc9b7baa	5			yes					-1	-1	-1	-1	-1	
306	294	ba64404696e3421f	3			yes					-1	-1	-1	
307	294	39fea68abf81b086	3			yes					-1	-1	-1	
308	239	6a23c857d8840f82	5			yes					309	322	329	331	332	
309	308	f1eaec4790defa46	4			yes					310	315	317	320	
310	309	34253f83564b493b	5			yes					-1	311	312	313	314	
311	310	86f42135f86a954e	4			yes					-1	-1	-1	-1	
312	310	0c4c6f80deeb583d	4			yes					-1	-1	-1	-1	
313	310	226373e8fccb64de	4			yes					-1	-1	-1	-1	
314	310	9276768055e6b383	4			yes					-1	-1	-1	-1	
315	309	0a3e98bd9f9449ee	5			yes					-1	-1	-1	-1	316	
316	315	ea06fcc93b4cb6c4	4			yes					-1	-1	-1	-1	
317	309	3712dc4e4e0040a1	5			yes					-1	318	-1	-1	319	
318	317	5a18f4e773419a4e	4			yes					-1	-1	-1	-1	
319	317	1cd19cfb9a19d496	4			yes					-1	-1	-1	-1	
320	309	5cbf2becbdb2d0a0	3			yes					321	-1	-1	
321	320	e6acc70b72836bad	5			yes					-1	-1	-1	-1	-1	
322	308	0182d72ffae2502e	4			yes					-1	323	325	328	
323	322	972ca5429346ac63	5			yes					-1	-1	-1	-1	324	
324	323	7714c136379e5349	4			yes					-1	-1	-1	-1	
325	322	5feca504c061cab0	5			yes					326	-1	-1	-1	327	
326	325	54c7a50c70cca855	4			yes					-1	-1	-1	-1	
327	325	742fe5b114785e87	4			yes					-1	-1	-1	-1	
328	322	acd71084d78e7ac8	3			yes					-1	-1	-1	
329	308	a3b555b50d39156c	4			yes					-1	-1	330	-1	
330	329	6a951d5f43d316af	5			yes					-1	-1	-1	-1	-1	
331	308	94ab612192ed9a60	4			yes					-1	-1	-1	-1	
332	308	c7760ffcf5e82564	4			yes					-1	-1	-1	-1	
333	0	9d6c7e578fc88d5d	5			yes					-1	-1	-1	334	366	
334	333	6e3dfdbde1e0bf1a	5			yes					335	349	359	363	365	
335	334	f5f4d9ada9ba4ade	4			yes					336	341	345	348	
336	335	fbcf4e9782dab06b	5			yes					-1	337	338	339	340	
337	336	f3754d7169204288	4			yes					-1	-1	-1	-1	
338	336	89e93368f6367242	4			yes					-1	-1	-1	-1	
339	336	22fcc27044d95cda	4			yes					-1	-1	-1	-1	
340	336	ad2786a080f28f6e	4			yes					-1	-1	-1	-1	
341	335	5d998da23f9c52da	5			yes					-1	-1	342	343	344	
342	341	13b209c47409806c	4			yes					-1	-1	-1	-1	
343	341	0e1400f90f3af28b	4			yes					-1	-1	-1	-1	
344	341	749eb249cd1c9b76	4			yes					-1	-1	-1	-1	
345	335	9a90e465ac74a4c2	3			yes					346	347	-1	
346	345	33e140f7fd2ccb8d	4			yes					-1	-1	-1	-1	
347	345	e7873c2d7b0f4a41	4			yes					-1	-1	-1	-1	
348	335	674923667145354d	5			yes					-1	-1	-1	-1	-1	
349	334	059ce2c5c386e0b6	4			yes					-1	350	355	357	
350	349	f95f58d66e94c0b0	5			yes					351	-1	352	353	354	
351	350	f27458dede39a255	4			yes					-1	-1	-1	-1	
352	350	46d78adb31b4772a	4			yes					-1	-1	-1	-1	
353	350	206cd431a8972c01	4			yes					-1	-1	-1	-1	
354	350	afb790e16cbcffb5	4			yes					-1	-1	-1	-1	
355	349	6af8df0dc6480eaa	3			yes					-1	356	-1	
356	355	388812a540197279	4			yes					-1	-1	-1	-1	
357	349	0b787dc638806263	6			yes					-1	-1	-1	-1	-1	358	
358	357	7c463df55c44fc92	5			yes					-1	-1	-1	-1	-1	
359	334	f52de29f5c5d44d1	4			yes					-1	-1	360	361	
360	359	9a49df575993aacd	3			yes					-1	-1	-1	
361	359	9fd63638cae15c1c	6			yes					-1	-1	-1	-1	-1	362	
362	361	e8e8760bae25c2ed	5			yes					-1	-1	-1	-1	-1	
363	334	0159c075e42e5106	4			yes					-1	-1	-1	364	
364	363	6b78244ad78151a3	3			yes					-1	-1	-1	
365	334	041c1982d24fbfbf	4			yes					-1	-1	-1	-1	
366	333	01cef64a2984e1ad	5			yes					367	381	390	393	394	
367	366	9a07d25a61de1469	4			yes					368	373	376	377	
368	367	c4010f2fefdcb482	5			yes					-1	369	370	371	372	
369	368	ccbb0cc904264661	4			yes					-1	-1	-1	-1	
370	368	b62772d09b3076ab	4			yes					-1	-1	-1	-1	
371	368	d2474344455c9967	4			yes					-1	-1	-1	-1	
372	368	6252462cec714e3a	4			yes					-1	-1	-1	-1	
373	367	43191068edae68f2	5			yes					-1	-1	-1	374	375	
374	373	26bf861054d1a1b8	4			yes					-1	-1	-1	-1	
375	373	a321741c497697d8	4			yes					-1	-1	-1	-1	
376	367	a8172989178aaef5	4			yes					-1	-1	-1	-1	
377	367	375215f14cb23e8f	3			yes					378	379	-1	
378	377	1688f7a7cb149614	5			yes					-1	-1	-1	-1	-1	
379	377	fa6af44c3316d6d8	5			yes					-1	-1	-1	-1	380	
380	379	fd3a88c76de07ca3	4			yes					-1	-1	-1	-1	
381	366	6a6fe9320be2be01	4			yes					-1	382	387	388	
382	381	c691196e0392c459	5			yes					383	-1	384	385	386	
383	382	cdba1966b33fa6bc	4			yes					-1	-1	-1	-1	
384	382	7919cb635cb273c3	4			yes					-1	-1	-1	-1	
385	382	d0d75505a912e9bc	4			yes					-1	-1	-1	-1	
386	382	60c2506d003f3ee1	4			yes					-1	-1	-1	-1	
387	381	c2c850e6d951fd4d	5			yes					-1	-1	-1	-1	-1	
388	381	c73a2e99268e94e7	3			yes					-1	389	-1	
389	388	1418e1e6275ae6cf	5			yes					-1	-1	-1	-1	-1	
390	366	9adee96894391a66	4			yes					-1	-1	391	392	
391	390	c8364ae2dd45d672	5			yes					-1	-1	-1	-1	-1	
392	390	378b2ec3b9553080	3			yes					-1	-1	-1	
393	366	c62de3e1faed7b45	4			yes					-1	-1	-1	-1	
394	366	ac9b31e104e8cb4b	4			yes					-1	-1	-1	-1	
395	0	50a682734c170726	5			yes					-1	-1	-1	-1	396	
396	395	b1106387c99eefb0	6			yes					397	414	425	432	435	437	
397	396	2ad9479781c41a74	5			yes					398	403	408	411	413	
398	397	417858efa3a245d8	4			yes					399	400	-1	401	
399	398	0e1e37a6103171d1	5			yes					-1	-1	-1	-1	-1	
400	398	11c415928ee9c648	5			yes					-1	-1	-1	-1	-1	
401	398	766e6b67ecebcc6b	6			yes					-1	-1	-1	-1	-1	402	
402	401	1ffbd09c517d6595	5			yes					-1	-1	-1	-1	-1	
403	397	b1c958b53c79e1bf	4			yes					-1	404	-1	405	
404	403	35fd174b8f3daa34	5			yes					-1	-1	-1	-1	-1	
405	403	d39be93bfd8cfca7	6			yes					-1	-1	406	-1	-1	407	
406	405	5f87dadc1b231cf3	5			yes					-1	-1	-1	-1	-1	
407	405	ba0e52c0401a5559	5			yes					-1	-1	-1	-1	-1	
408	397	4a1f381005ec867e	4			yes					-1	-1	-1	409	
409	408	7653347aa5d4febc	6			yes					-1	-1	-1	-1	-1	410	
410	409	632e1749fac14b27	5			yes					-1	-1	-1	-1	-1	
411	397	ccd887d216884e9d	4			yes					-1	-1	-1	412	
412	411	90777fdd1bf3386d	3			yes					-1	-1	-1	
413	397	7676bf988cbf6c84	4			yes					-1	-1	-1	-1	
414	396	dab17cffebf8b01c	5			yes					-1	415	419	422	424	
415	414	41a163dd56454bd7	4			yes					-1	416	-1	417	
416	415	fe3c568d13235f1e	5			yes					-1	-1	-1	-1	-1	
417	415	7512bda0783cea9e	6			yes					-1	-1	-1	-1	-1	418	
418	417	1c87065bc5aa4360	5			yes					-1	-1	-1	-1	-1	
419	414	ba7703786fd02c16	4			yes					-1	-1	-1	420	
420	419	a369e9876941a72e	6			yes					-1	-1	-1	-1	-1	421	
421	420	b614cab4365412b5	5			yes					-1	-1	-1	-1	-1	
422	414	3cb0bcba7cb4e4f5	4			yes					-1	-1	-1	423	
423	422	601f44b571cf9205	3			yes					-1	-1	-1	
424	414	861e84f0e683c6ec	4			yes					-1	-1	-1	-1	
425	396	2a007ca57423147b	5			yes					-1	-1	426	429	431	
426	425	4ac60322f00b8871	4			yes					-1	-1	-1	427	
427	426	22480de5917a96a7	6			yes					-1	-1	-1	-1	-1	428	
428	427	4bddb61e2cec3f59	5			yes					-1	-1	-1	-1	-1	
429	425	cc01bce0e36f4092	4			yes					-1	-1	-1	430	
430	429	90ae44efee143662	3			yes					-1	-1	-1	
431	425	76af84aa7958628b	4			yes					-1	-1	-1	-1	
432	396	d1d61c004db673ba	5			yes					-1	-1	-1	433	434	
433	432	37d7dc45dafa2753	4			yes					-1	-1	-1	-1	
434	432	8d79e40f40cd054a	4			yes					-1	-1	-1	-1	
435	396	5711a3c25ed2bb59	5			yes					-1	-1	-1	-1	436	
436	435	0bbe5bcd53a9cda9	4			yes					-1	-1	-1	-1	
437	396	edbf9b88c4e59940	5			yes					-1	-1	-1	-1	-1	
438	0	82accff09b7bfa54	5			yes					-1	-1	-1	-1	-1	
