Number of nodes
336
ID	PID	Hash_Value			File_Number	Fully_Enumerated	Children
0	-1	002edc15f127c25c	6			yes					1	99	182	241	284	335	
1	0	1e14e2100d2fede2	5			yes					2	43	56	68	79	
2	1	69939874fa0d15d9	5			yes					3	10	21	35	42	
3	2	bdbce76ab5a43946	4			yes					4	5	6	7	
4	3	2d49f7607f5559d0	4			yes					-1	-1	-1	-1	
5	3	3c2e083703027cf8	4			yes					-1	-1	-1	-1	
6	3	fdcd3cda69727677	4			yes					-1	-1	-1	-1	
7	3	97b45e238ae74d2b	3			yes					8	9	-1	
8	7	498abfe8218ca75f	5			yes					-1	-1	-1	-1	-1	
9	7	fcec5341ae861606	5			yes					-1	-1	-1	-1	-1	
10	2	75bd5820db79f068	4			yes					-1	11	15	18	
11	10	d946cd94dd4134dc	5			yes					12	13	-1	-1	14	
12	11	649a75eda3cab192	4			yes					-1	-1	-1	-1	
13	11	29d1c7b761a2b602	4			yes					-1	-1	-1	-1	
14	11	32c5cf814157e8ec	4			yes					-1	-1	-1	-1	
15	10	ce854c5eed1bd851	5			yes					16	17	-1	-1	-1	
16	15	7359f42793905d1f	4			yes					-1	-1	-1	-1	
17	15	3e12467d51f85a8f	4			yes					-1	-1	-1	-1	
18	10	2dfabd41c95e9c17	5			yes					19	20	-1	-1	-1	
19	18	90260538b7d51959	4			yes					-1	-1	-1	-1	
20	18	dd6db76275bd1ec9	4			yes					-1	-1	-1	-1	
21	2	437ef24b864cddcb	4			yes					-1	-1	22	26	
22	21	00ba2a90ebb07e42	5			yes					23	24	25	-1	-1	
23	22	bd6692e9953bfb0c	4			yes					-1	-1	-1	-1	
24	22	f02d20b35753fc9c	4			yes					-1	-1	-1	-1	
25	22	76dd3905dfb1bd03	4			yes					-1	-1	-1	-1	
26	21	df508dca74a65ea4	6			yes					27	29	31	-1	33	34	
27	26	628c35b30a2ddbea	5			yes					-1	-1	-1	-1	28	
28	27	348e83b25cee5efa	4			yes					-1	-1	-1	-1	
29	26	2fc787e9c845dc7a	5			yes					-1	-1	-1	-1	30	
30	29	79c531e89e86596a	4			yes					-1	-1	-1	-1	
31	26	a9379e5f40a79de5	5			yes					-1	-1	-1	-1	32	
32	31	ff35285e166418f5	4			yes					-1	-1	-1	-1	
33	26	5a38878623ccc063	5			yes					-1	-1	-1	-1	-1	
34	26	89523bcb2265dbb4	5			yes					-1	-1	-1	-1	-1	
35	2	c8e46c3c2ddf7551	4			yes					-1	-1	-1	36	
36	35	78b6e1f5e3416e5c	6			yes					37	38	39	40	-1	41	
37	36	c56a598c9dcaeb12	5			yes					-1	-1	-1	-1	-1	
38	36	8821ebd65fa2ec82	5			yes					-1	-1	-1	-1	-1	
39	36	0ed1f260d740ad1d	5			yes					-1	-1	-1	-1	-1	
40	36	b722e77c0fec4aeb	5			yes					-1	-1	-1	-1	-1	
41	36	2eb457f4b582eb4c	5			yes					-1	-1	-1	-1	-1	
42	2	439b213dc54e61b4	4			yes					-1	-1	-1	-1	
43	1	11cf2580cd2a1d93	4			yes					44	48	51	55	
44	43	c6281add0dd5c231	3			yes					45	46	47	
45	44	d8c830160008a4a2	4			yes					-1	-1	-1	-1	
46	44	7533f63303cc2da5	4			yes					-1	-1	-1	-1	
47	44	7b637f1d53c51d9c	5			yes					-1	-1	-1	-1	-1	
48	43	5c98725c286ecb47	3			yes					-1	49	50	
49	48	08c484f134d92b53	4			yes					-1	-1	-1	-1	
50	48	414bafd29156dfad	5			yes					-1	-1	-1	-1	-1	
51	43	b0b8d1c81af87d1b	3			yes					-1	-1	52	
52	51	9ab0688125bb0976	2			yes					53	54	
53	52	d3f4f59753df7d2c	5			yes					-1	-1	-1	-1	-1	
54	52	2ca99d3b41617547	5			yes					-1	-1	-1	-1	-1	
55	43	3bc79cc9f26969fe	3			yes					-1	-1	-1	
56	1	f0c398bf26a1ef5e	4			yes					57	60	65	67	
57	56	2724a7e2e65e30fc	3			yes					58	-1	59	
58	57	bf2e40ecc077d188	4			yes					-1	-1	-1	-1	
59	57	00d679f76bb28704	5			yes					-1	-1	-1	-1	-1	
60	56	eced58eb07d50aef	3			yes					-1	61	62	
61	60	e680823589f37809	4			yes					-1	-1	-1	-1	
62	60	604444c7936e824d	5			yes					63	64	-1	-1	-1	
63	62	dd98fcbeede50703	4			yes					-1	-1	-1	-1	
64	62	92939be6a90433bb	4			yes					-1	-1	-1	-1	
65	56	e1c14640dec84e7e	3			yes					-1	-1	66	
66	65	e14bd70a0be5e755	5			yes					-1	-1	-1	-1	-1	
67	56	dacb21f619e29b33	3			yes					-1	-1	-1	
68	1	5dc97e28b2da1ec4	4			yes					69	72	76	78	
69	68	8a2e41757225c166	3			yes					70	71	-1	
70	69	7736d37a945c2690	5			yes					-1	-1	-1	-1	-1	
71	69	499c172888684b82	5			yes					-1	-1	-1	-1	-1	
72	68	41e7be7c93aefb75	3			yes					-1	73	75	
73	72	9bed3177608c8ee8	5			yes					-1	-1	-1	-1	74	
74	73	5797a14a7c442ce9	4			yes					-1	-1	-1	-1	
75	72	20b90905f71456ae	5			yes					-1	-1	-1	-1	-1	
76	68	77241417ce9bd6d6	3			yes					-1	-1	77	
77	76	ee866fcbf1bff0bd	5			yes					-1	-1	-1	-1	-1	
78	68	e12495369dcaf201	3			yes					-1	-1	-1	
79	1	bcd9b5e30ccddf91	5			yes					80	87	94	97	98	
80	79	6b3e8abecc320033	4			yes					81	83	85	-1	
81	80	ff8e0d2fa539290b	5			yes					-1	-1	-1	-1	82	
82	81	a834bd47aaf1d632	4			yes					-1	-1	-1	-1	
83	80	215c740ab41c0882	5			yes					-1	-1	-1	-1	84	
84	83	76e6c462bbd4f7bb	4			yes					-1	-1	-1	-1	
85	80	6f9e3862e40c7f06	5			yes					-1	-1	-1	-1	86	
86	85	3824880aebc4803f	4			yes					-1	-1	-1	-1	
87	79	a0f775b72db93a20	4			yes					-1	88	91	92	
88	87	31565cdd642f9552	5			yes					89	90	-1	-1	-1	
89	88	8c8ae4a41aa4101c	4			yes					-1	-1	-1	-1	
90	88	c38183fc5e4524a4	4			yes					-1	-1	-1	-1	
91	87	709cee4b3b5e1551	5			yes					-1	-1	-1	-1	-1	
92	87	5c7da12a6b6c7738	3			yes					-1	93	-1	
93	92	a2cc634c55af67da	5			yes					-1	-1	-1	-1	-1	
94	79	9634dfdc708c1783	4			yes					-1	-1	95	96	
95	94	bea388853df5b342	5			yes					-1	-1	-1	-1	-1	
96	94	6abe0b4136595a9b	3			yes					-1	-1	-1	
97	79	1dae41abdb1fbf19	4			yes					-1	-1	-1	-1	
98	79	4053617e4a189289	4			yes					-1	-1	-1	-1	
99	0	5d6519bcbdb7eba1	5			yes					-1	100	134	146	158	
100	99	1de85cee8f84a2ff	5			yes					101	112	119	126	133	
101	100	f44f62fc426de16f	4			yes					102	103	107	109	
102	101	ed399502129078a8	5			yes					-1	-1	-1	-1	-1	
103	101	783a5a207036075e	5			yes					-1	104	-1	105	106	
104	103	37a025d210cdf4cd	4			yes					-1	-1	-1	-1	
105	103	a4ebda34a7d1471f	4			yes					-1	-1	-1	-1	
106	103	4751624abce5e7d7	4			yes					-1	-1	-1	-1	
107	101	697e9318645d4bd0	5			yes					-1	108	-1	-1	-1	
108	107	26e4ecea04a6b843	4			yes					-1	-1	-1	-1	
109	101	ee3b3c34c1279b86	5			yes					-1	110	111	-1	-1	
110	109	a1a143c6a1dc6815	4			yes					-1	-1	-1	-1	
111	109	a47d443b21943a7d	4			yes					-1	-1	-1	-1	
112	100	f6fdea91c0a382c6	4			yes					-1	113	114	115	
113	112	303422ec6a7a03af	4			yes					-1	-1	-1	-1	
114	112	6d5c9c0e699ca761	4			yes					-1	-1	-1	-1	
115	112	dcf553d8ffe0f6ab	3			yes					116	117	118	
116	115	bca3f139a3b68543	5			yes					-1	-1	-1	-1	-1	
117	115	f7826ce3ba5d65a2	5			yes					-1	-1	-1	-1	-1	
118	115	cb9b9faa398ff7e8	5			yes					-1	-1	-1	-1	-1	
119	100	89cdc56c6a5f774c	4			yes					-1	-1	120	121	
120	119	943d6b3738d55708	5			yes					-1	-1	-1	-1	-1	
121	119	9cba018234d18491	6			yes					122	123	124	-1	-1	125	
122	121	291c71e68009b85a	5			yes					-1	-1	-1	-1	-1	
123	121	6c2d0ba18832064f	5			yes					-1	-1	-1	-1	-1	
124	121	7c6ce61e8ac55f86	5			yes					-1	-1	-1	-1	-1	
125	121	cab8b78362120181	5			yes					-1	-1	-1	-1	-1	
126	100	bc9fa8a65856c277	4			yes					-1	-1	-1	127	
127	126	2ff0da60da3af98f	6			yes					128	129	130	131	-1	132	
128	127	9a56aa046ee2c544	5			yes					-1	-1	-1	-1	-1	
129	127	df67d04366d97b51	5			yes					-1	-1	-1	-1	-1	
130	127	06ab3a7d1d131498	5			yes					-1	-1	-1	-1	-1	
131	127	e064dce93697dd38	5			yes					-1	-1	-1	-1	-1	
132	127	79f26c618cf97c9f	5			yes					-1	-1	-1	-1	-1	
133	100	37e0e5a7b0c7d692	4			yes					-1	-1	-1	-1	
134	99	d9370f8e5899a5c2	4			yes					135	141	143	145	
135	134	3090319c9570e652	3			yes					136	137	138	
136	135	4f9b4387f0c77d6b	4			yes					-1	-1	-1	-1	
137	135	2ea7a5b36c884b6f	4			yes					-1	-1	-1	-1	
138	135	29b00093bd738e68	5			yes					-1	139	140	-1	-1	
139	138	2f4b2392e88502f4	4			yes					-1	-1	-1	-1	
140	138	9957b66a7f0fb55e	4			yes					-1	-1	-1	-1	
141	134	d2ad59a40ac396dd	3			yes					-1	-1	142	
142	141	94793c45289bd418	5			yes					-1	-1	-1	-1	-1	
143	134	c835d171a0f004e2	3			yes					-1	-1	144	
144	143	eb71ca15473f6df8	5			yes					-1	-1	-1	-1	-1	
145	134	f33fb6c767dad1af	3			yes					-1	-1	-1	
146	99	743de919cce25458	4			yes					147	153	155	157	
147	146	9d9ad70b010b17c8	3			yes					148	149	152	
148	147	bb77be69fbcbfd5d	5			yes					-1	-1	-1	-1	-1	
149	147	5bbbe4be0d50ea25	5			yes					-1	-1	-1	150	151	
150	149	3baf99650c8129e5	4			yes					-1	-1	-1	-1	
151	149	64d0dcd4c1830aac	4			yes					-1	-1	-1	-1	
152	147	4afaf1e3d3eb17c6	5			yes					-1	-1	-1	-1	-1	
153	146	7fa7bf339eb86747	3			yes					-1	154	-1	
154	153	d07885a1a4a0cf6b	5			yes					-1	-1	-1	-1	-1	
155	146	5ed08326b0a39c4a	3			yes					-1	-1	156	
156	155	e4bc72d4bd657a10	5			yes					-1	-1	-1	-1	-1	
157	146	c8d00207e3f2b89d	3			yes					-1	-1	-1	
158	99	952d22d272f5950d	5			yes					159	171	177	180	181	
159	158	7c8a1cc0bf1cd69d	4			yes					160	162	165	167	
160	159	b02dcbf936c2f55b	5			yes					-1	-1	-1	-1	161	
161	160	e7977b91390a0a62	4			yes					-1	-1	-1	-1	
162	159	d813d68233cc40fc	5			yes					-1	-1	-1	163	164	
163	162	8e3bdb762c934202	4			yes					-1	-1	-1	-1	
164	162	d0a01aef46938d38	4			yes					-1	-1	-1	-1	
165	159	af9c8c63cd7d8e33	5			yes					-1	-1	-1	-1	166	
166	165	a72f400eb82243f7	4			yes					-1	-1	-1	-1	
167	159	8000c85df9c99b85	3			yes					168	169	170	
168	167	5a8dafbcea3af5b4	4			yes					-1	-1	-1	-1	
169	167	467741c471c4d02f	5			yes					-1	-1	-1	-1	-1	
170	167	31f81b258f751ee0	5			yes					-1	-1	-1	-1	-1	
171	158	9eb774f820afa612	4			yes					-1	172	173	175	
172	171	a7d90783d59e5c90	5			yes					-1	-1	-1	-1	-1	
173	171	36ccd6131a3a3776	5			yes					-1	-1	-1	-1	174	
174	173	6176667b15f2c84f	4			yes					-1	-1	-1	-1	
175	171	623da065667aeb0a	3			yes					-1	176	-1	
176	175	39bd90c59796cc43	5			yes					-1	-1	-1	-1	-1	
177	158	bfc048ed0eb45d1f	4			yes					-1	-1	178	179	
178	177	b499959a712f39ef	5			yes					-1	-1	-1	-1	-1	
179	177	434a9c7048611007	3			yes					-1	-1	-1	
180	158	345ad69aa527f585	4			yes					-1	-1	-1	-1	
181	158	69a7f64f3420d815	4			yes					-1	-1	-1	-1	
182	0	f31929baa22a1980	5			yes					-1	-1	183	208	216	
183	182	7b475bc7bffb9249	5			yes					184	193	199	204	207	
184	183	92e065d57212d1d9	4			yes					185	188	189	190	
185	184	bec4045c62097e9a	5			yes					-1	186	187	-1	-1	
186	185	8e80ec28c92bb794	4			yes					-1	-1	-1	-1	
187	185	821bced6dc6d9b67	4			yes					-1	-1	-1	-1	
188	184	4d2de96a75ac616d	5			yes					-1	-1	-1	-1	-1	
189	184	f7f86b8b4576ce1c	5			yes					-1	-1	-1	-1	-1	
190	184	35d0d5cbbf29d983	5			yes					-1	191	192	-1	-1	
191	190	628d108023db535c	4			yes					-1	-1	-1	-1	
192	190	14e3a0aef3648e08	4			yes					-1	-1	-1	-1	
193	183	13a98b7a13cd040f	4			yes					-1	194	195	196	
194	193	9baeae599e1602c4	5			yes					-1	-1	-1	-1	-1	
195	193	d28178aeaf2858f4	5			yes					-1	-1	-1	-1	-1	
196	193	10a9c6ee55774f6b	5			yes					197	-1	198	-1	-1	
197	196	a50fb68ae1af73a0	4			yes					-1	-1	-1	-1	
198	196	319ab38b193a18e0	4			yes					-1	-1	-1	-1	
199	183	868f99d3ccb3cc4c	4			yes					-1	-1	200	201	
200	199	764f9d44623e80e1	4			yes					-1	-1	-1	-1	
201	199	ac87209af3f0b821	3			yes					202	203	-1	
202	201	1cb78d51c48a9c86	5			yes					-1	-1	-1	-1	-1	
203	201	ca34ca622f30ff2f	5			yes					-1	-1	-1	-1	-1	
204	183	568995f22dd4ffbe	4			yes					-1	-1	-1	205	
205	204	2802ec0e235b8fcc	6			yes					-1	-1	-1	-1	-1	206	
206	205	7e005a0f75980adc	5			yes					-1	-1	-1	-1	-1	
207	183	514fe28e80b8e624	4			yes					-1	-1	-1	-1	
208	182	70f3526dab8befc7	4			yes					209	212	214	215	
209	208	99546c7f6662ac57	3			yes					210	211	-1	
210	209	cc4363b0fd61f730	5			yes					-1	-1	-1	-1	-1	
211	209	051c5f937c7b930a	5			yes					-1	-1	-1	-1	-1	
212	208	181d82d007bd7981	3			yes					-1	213	-1	
213	212	d39f18a097c1f0a3	5			yes					-1	-1	-1	-1	-1	
214	208	3da405b14ecf3913	3			yes					-1	-1	-1	
215	208	cc1eb973849b0302	3			yes					-1	-1	-1	
216	182	91e399a6159c2e92	5			yes					217	228	235	239	240	
217	216	7844a7b4d8756d02	4			yes					218	221	223	224	
218	217	15e1604e78265f6c	5			yes					-1	219	220	-1	-1	
219	218	25a5883ad3049662	4			yes					-1	-1	-1	-1	
220	218	da7566c7948b7bdb	4			yes					-1	-1	-1	-1	
221	217	df4435939e7ca814	5			yes					-1	-1	-1	-1	222	
222	221	88fe85fb91b4572d	4			yes					-1	-1	-1	-1	
223	217	11f2ae388df7f1a1	5			yes					-1	-1	-1	-1	-1	
224	217	84ce73299ea0201a	3			yes					225	226	227	
225	224	1c15ac6481e6423b	5			yes					-1	-1	-1	-1	-1	
226	224	b9d6b9dcab037d26	5			yes					-1	-1	-1	-1	-1	
227	224	41d7497641bdb25e	5			yes					-1	-1	-1	-1	-1	
228	216	f90d491bb9aab8d4	4			yes					-1	229	231	232	
229	228	09c772a075c6cbbd	5			yes					-1	-1	-1	-1	230	
230	229	5e7dc2c87a0e3484	4			yes					-1	-1	-1	-1	
231	228	348bbd1d67a96749	5			yes					-1	-1	-1	-1	-1	
232	228	05879d86ff7ff5cc	3			yes					-1	233	234	
233	232	6f55feef40b91e8f	5			yes					-1	-1	-1	-1	-1	
234	232	64ae5a53abe324b6	5			yes					-1	-1	-1	-1	-1	
235	216	dcb4ce7af0d8f846	4			yes					-1	-1	236	238	
236	235	167e24988a3e0d4d	5			yes					-1	-1	-1	-1	237	
237	236	41c494f085f6f274	4			yes					-1	-1	-1	-1	
238	235	203e1ae7b60db55e	3			yes					-1	-1	-1	
239	216	30946deec24e4e1a	4			yes					-1	-1	-1	-1	
240	216	6d694d3b5349638a	4			yes					-1	-1	-1	-1	
241	0	6c20d79a48667541	5			yes					-1	-1	-1	242	258	
242	241	ae37ef98de24b942	5			yes					243	248	252	255	257	
243	242	4790d18a13cdfad2	4			yes					244	245	246	247	
244	243	352d493519d69c16	5			yes					-1	-1	-1	-1	-1	
245	243	062e9dbab84e8a46	5			yes					-1	-1	-1	-1	-1	
246	243	f9c6688ecb3441ce	3			yes					-1	-1	-1	
247	243	66e54ba2bce83395	5			yes					-1	-1	-1	-1	-1	
248	242	c6d93f2572122f04	4			yes					-1	249	250	251	
249	248	d0adda8953f4e9ef	5			yes					-1	-1	-1	-1	-1	
250	248	788f8621aaeb9418	3			yes					-1	-1	-1	
251	248	04a6af07e2d0c16a	5			yes					-1	-1	-1	-1	-1	
252	242	b2192fccff505cf3	4			yes					-1	-1	253	254	
253	252	0c4f96c827a9e7ef	3			yes					-1	-1	-1	
254	252	eb8943ebe497bdc5	5			yes					-1	-1	-1	-1	-1	
255	242	1061569c06dd025e	4			yes					-1	-1	-1	256	
256	255	9d672efb40ab3067	3			yes					-1	-1	-1	
257	242	233197ff98528b7b	4			yes					-1	-1	-1	-1	
258	241	70ef2499fe17dc5f	5			yes					259	270	278	282	283	
259	258	99481a8b33fe9fcf	4			yes					260	263	265	267	
260	259	ec8f4acb9c91344a	5			yes					-1	261	262	-1	-1	
261	260	d6ee443981cd5728	4			yes					-1	-1	-1	-1	
262	260	d050804122f5d1b7	4			yes					-1	-1	-1	-1	
263	259	df8c9e443d09221a	5			yes					-1	-1	264	-1	-1	
264	263	95960a3ecb7a4079	4			yes					-1	-1	-1	-1	
265	259	e79042d232a39f45	5			yes					-1	-1	-1	-1	266	
266	265	b02af2ba3d6b607c	4			yes					-1	-1	-1	-1	
267	259	65c2ce16752bd2d7	3			yes					268	269	-1	
268	267	e57b86e16551291d	5			yes					-1	-1	-1	-1	-1	
269	267	d678526ec4c93f4d	5			yes					-1	-1	-1	-1	-1	
270	258	1801f42452214a19	4			yes					-1	271	274	276	
271	270	090fd977d6b341b3	5			yes					272	-1	273	-1	-1	
272	271	bca9a913626b7d78	4			yes					-1	-1	-1	-1	
273	271	43154d0d20c023d0	4			yes					-1	-1	-1	-1	
274	270	dc0d0a74ba45236e	5			yes					-1	-1	-1	-1	275	
275	274	8bb7ba1cb58ddc57	4			yes					-1	-1	-1	-1	
276	270	e48b20b914f40701	3			yes					-1	277	-1	
277	276	00fb155d2f735ce4	5			yes					-1	-1	-1	-1	-1	
278	258	6cc1e4cddf6339ee	4			yes					-1	-1	279	281	
279	278	5955d136927c4646	5			yes					-1	-1	-1	-1	280	
280	279	0eef615e9db4b97f	4			yes					-1	-1	-1	-1	
281	278	904b305099b674f6	3			yes					-1	-1	-1	
282	258	61edfa66067e7d7f	4			yes					-1	-1	-1	-1	
283	258	8c65f004b8c29147	4			yes					-1	-1	-1	-1	
284	0	7c17e7408d70fdae	5			yes					-1	-1	-1	-1	285	
285	284	dc48058c5ad46a82	4			yes					286	299	311	324	
286	285	b0edba16e9ffe5dc	5			yes					287	290	295	297	298	
287	286	670a854b29003a7e	4			yes					-1	-1	-1	288	
288	287	2da25bcc2c53e94b	6			yes					-1	-1	-1	-1	-1	289	
289	288	0dcdf91f05eff0d7	5			yes					-1	-1	-1	-1	-1	
290	286	acc37a42c88b006d	4			yes					-1	291	-1	293	
291	290	e25102202f577243	6			yes					-1	-1	-1	-1	-1	292	
292	291	b5ebb248209f8d7a	5			yes					-1	-1	-1	-1	-1	
293	290	5a6cf69966ce540c	3			yes					-1	294	-1	
294	293	9584109b092394e6	6			yes					-1	-1	-1	-1	-1	-1	
295	286	9a00d02995be2dce	4			yes					-1	-1	-1	296	
296	295	6caf5cf23bfb79af	3			yes					-1	-1	-1	
297	286	178b19ed338fa660	4			yes					-1	-1	-1	-1	
298	286	464236cd47bab1bd	4			yes					-1	-1	-1	-1	
299	285	99192d2797c7af40	5			yes					300	304	307	309	310	
300	299	70be13355a2eecd0	4			yes					-1	301	-1	302	
301	300	6c6310b9b4dcc768	5			yes					-1	-1	-1	-1	-1	
302	300	86119feef46bb8b1	3			yes					-1	303	-1	
303	302	541fe9572b3a9b69	5			yes					-1	-1	-1	-1	-1	
304	299	92837b0dc59d9c5f	4			yes					-1	-1	-1	305	
305	304	74f0b5bdd265a13b	6			yes					-1	-1	-1	-1	-1	306	
306	305	549f176efbd9b8a7	5			yes					-1	-1	-1	-1	-1	
307	299	b3f44718eb866752	4			yes					-1	-1	-1	308	
308	307	455bcbc345c33333	3			yes					-1	-1	-1	
309	299	3e7f8edc4db7ecfc	4			yes					-1	-1	-1	-1	
310	299	6fb6a1fc3982fb21	4			yes					-1	-1	-1	-1	
311	285	9dd79653f0ae14df	5			yes					312	317	319	322	323	
312	311	7470a8413d47574f	4			yes					313	-1	-1	315	
313	312	b5ff50e7b2ba0b9b	6			yes					-1	-1	-1	-1	-1	314	
314	313	e245e08fbd72f4a2	5			yes					-1	-1	-1	-1	-1	
315	312	82df249a9302032e	3			yes					316	-1	-1	
316	315	c22a425c94ceed3e	6			yes					-1	-1	-1	-1	-1	-1	
317	311	f53946ee5c988299	4			yes					-1	-1	-1	318	
318	317	0396ca35f2ddd6f8	3			yes					-1	-1	-1	
319	311	d080c18f15eac20b	4			yes					-1	-1	-1	320	
320	319	4273fd032abae34d	6			yes					-1	-1	-1	-1	-1	321	
321	320	621c5fd00306fad1	5			yes					-1	-1	-1	-1	-1	
322	311	3ab135a82ade5763	4			yes					-1	-1	-1	-1	
323	311	6b781a885eeb40be	4			yes					-1	-1	-1	-1	
324	285	e9481f3be02f59e1	5			yes					325	330	333	334	-1	
325	324	00ef21292dc61a71	4			yes					326	328	-1	-1	
326	325	4c917a62560d60bd	6			yes					-1	-1	-1	-1	-1	327	
327	326	1b2bca0a59c59f84	5			yes					-1	-1	-1	-1	-1	
328	325	7f92aeedf79576ed	6			yes					-1	-1	-1	-1	-1	329	
329	328	28281e85f85d89d4	5			yes					-1	-1	-1	-1	-1	
330	324	81a6cf864c19cfa7	4			yes					-1	331	-1	-1	
331	330	a911e9de1c2f1544	6			yes					-1	-1	-1	-1	-1	332	
332	331	feab59b613e7ea7d	5			yes					-1	-1	-1	-1	-1	
333	324	f566df6fc15bbc50	4			yes					-1	-1	-1	-1	
334	324	571ea63f38d6e2fd	4			yes					-1	-1	-1	-1	
335	0	a0713ed926835570	5			yes					-1	-1	-1	-1	-1	
