Number of nodes
263
ID	PID	Hash_Value			File_Number	Fully_Enumerated	Children
0	-1	64b7f55775b54d11	5			yes					1	121	173	219	233	
1	0	ce3d85878ec7c7d6	4			yes					2	60	84	101	
2	1	3e607e78faed7f7c	5			yes					3	18	38	48	59	
3	2	24a04acf08bd4679	4			yes					4	7	9	13	
4	3	5ea034abfeb15707	4			yes					-1	-1	-1	6	
5	4	637ee31f2e000a18	3			no					-1	-2	-2	
6	4	1081d54f651d5a06	3			yes					-1	-1	-1	
7	3	39d2ad89b3a9e90a	4			yes					-1	8	-1	-1	
8	7	04342afd3b2a6c4f	3			yes					-1	-1	-1	
9	3	0e43ad2fb7cb9f8f	5			yes					-1	10	11	-1	12	
10	9	33a52a5b3f481aca	4			yes					-1	-1	-1	-1	
11	9	0ac9da3d5df08245	4			yes					-1	-1	-1	-1	
12	9	5357aaa4470f9460	4			yes					-1	-1	-1	-1	
13	3	a9d3120ee6a5bb8d	3			yes					14	15	17	
14	13	51e083311e631a1d	4			yes					-1	-1	-1	-1	
15	13	551aa84fa45d68f8	4			yes					-1	16	-1	-1	
16	15	68fc2f3b2cdeedbd	3			yes					-1	-1	-1	
17	13	f0712921e4d269d1	5			yes					-1	-1	-1	-1	-1	
18	2	4ca34bf24e84c5de	4			yes					-1	19	27	33	
19	18	0ea60f596a291fa8	5			yes					20	23	-1	25	26	
20	19	61c799f9502207ad	4			yes					21	-1	22	-1	
21	20	2fe079177f52f19a	3			yes					-1	-1	-1	
22	20	62743444a33a7d69	3			yes					-1	-1	-1	
23	19	4081efb74559e99f	4			yes					-1	-1	24	-1	
24	23	4332420ab641935b	3			yes					-1	-1	-1	
25	19	0d15a2e49931656c	4			yes					-1	-1	-1	-1	
26	19	4087eebdf18512a9	4			yes					-1	-1	-1	-1	
27	18	28f45cfa49d8b6f7	5			yes					28	29	-1	-1	31	
28	27	4795ca5a73d3aef2	4			yes					-1	-1	-1	-1	
29	27	66d3bc1466a840c0	4			yes					-1	-1	-1	30	
30	29	a1f1d3fef626091b	3			yes					-1	-1	-1	
31	27	efd63310d956ff2c	4			yes					32	-1	-1	-1	
32	31	80b7a5b0e35de729	3			yes					-1	-1	-1	
33	18	5373561321cb4791	5			yes					34	35	-1	36	37	
34	33	3c12c0b31bc05f94	4			yes					-1	-1	-1	-1	
35	33	1d54b6fd0ebbb1a6	4			yes					-1	-1	-1	-1	
36	33	01bc5572130221d5	4			yes					-1	-1	-1	-1	
37	33	1212006d5ab5078a	4			yes					-1	-1	-1	-1	
38	2	5cddff073d07ce3d	4			yes					-1	-1	39	44	
39	38	52762fd3a4cb11c6	5			yes					40	41	42	-1	43	
40	39	3d17b9739ec009c3	4			yes					-1	-1	-1	-1	
41	39	1c51cf3d8bbbe7f1	4			yes					-1	-1	-1	-1	
42	39	7f0a768094c45bb9	4			yes					-1	-1	-1	-1	
43	39	4d599d9d15287f83	4			yes					-1	-1	-1	-1	
44	38	1f8019ce087b352c	5			yes					45	46	47	-1	-1	
45	44	70e18f6e32702d29	4			yes					-1	-1	-1	-1	
46	44	51a7f920270bc31b	4			yes					-1	-1	-1	-1	
47	44	32fc409d38747f53	4			yes					-1	-1	-1	-1	
48	2	87cdd8836fcbcf12	4			yes					-1	-1	-1	49	
49	48	baeb98a048f43405	6			yes					50	52	53	55	-1	57	
50	49	d58a0e0072ff2c00	5			yes					-1	-1	-1	-1	51	
51	50	a9e5d021c6fea0f9	4			yes					-1	-1	-1	-1	
52	49	f4cc784e6784c232	5			yes					-1	-1	-1	-1	-1	
53	49	9797c1f378fb7e7a	5			yes					-1	-1	-1	-1	54	
54	53	ebf81fd2ccfaf283	4			yes					-1	-1	-1	-1	
55	49	be61efb2a2cf29cf	5			yes					-1	-1	-1	-1	56	
56	55	c20e319316cea536	4			yes					-1	-1	-1	-1	
57	49	c6844681fcf5b8fc	5			yes					-1	58	-1	-1	-1	
58	57	88a3a66fd3854ecb	4			yes					-1	-1	-1	-1	
59	2	b31326b914f58288	4			yes					-1	-1	-1	-1	
60	1	412d463c6b0e8d39	4			yes					61	66	72	83	
61	60	882907bc6d322ab8	3			yes					62	63	65	
62	61	8abb4e0c853caf93	4			yes					-1	-1	-1	-1	
63	61	547af1d3de305bf4	4			yes					-1	-1	-1	64	
64	63	32c24a0adff11566	3			yes					-1	-1	-1	
65	61	f404e163e4e5a089	4			yes					-1	-1	-1	-1	
66	60	fddabfba7d02ea1b	3			yes					-1	67	69	
67	66	c7c3049c724f08fd	5			yes					-1	-1	-1	-1	68	
68	67	d08a92a1ab07a3cd	4			yes					-1	-1	-1	-1	
69	66	3bc5175f295075f9	5			yes					70	-1	-1	71	-1	
70	69	54a481ff135b6dfc	4			yes					-1	-1	-1	-1	
71	69	3876bae2da480f3d	4			yes					-1	-1	-1	-1	
72	60	f880e0c7fe283d57	3			yes					-1	-1	73	
73	72	8980e92969416d8b	6			yes					74	76	78	80	-1	82	
74	73	e6e17f89534a758e	5			yes					-1	-1	-1	-1	75	
75	74	9a8ea1a8e74bf977	4			yes					-1	-1	-1	-1	
76	73	fd84a65be59abcf7	5			yes					-1	-1	-1	-1	77	
77	76	81eb787a519b300e	4			yes					-1	-1	-1	-1	
78	73	adb46e6fdb505931	5			yes					-1	-1	-1	-1	79	
79	78	d1dbb04e6f51d5c8	4			yes					-1	-1	-1	-1	
80	73	8d0a9e3b837a7041	5			yes					-1	-1	-1	-1	81	
81	80	f165401a377bfcb8	4			yes					-1	-1	-1	-1	
82	73	f5ef3708dd40e172	5			yes					-1	-1	-1	-1	-1	
83	60	cc5e1efd851670cd	3			yes					-1	-1	-1	
84	1	3c8eb7d284ac896a	4			yes					85	90	98	100	
85	84	f58af65282902eeb	3			yes					86	87	88	
86	85	291eeb6e71042258	4			yes					-1	-1	-1	-1	
87	85	e79eda03bd572b0e	4			yes					-1	-1	-1	-1	
88	85	ebffa8b75aa139c5	5			yes					-1	89	-1	-1	-1	
89	88	d6192fc3d222bc80	4			yes					-1	-1	-1	-1	
90	84	4e4d825830c533c8	3			yes					-1	91	93	
91	90	84aa2682903f92eb	5			yes					-1	-1	-1	-1	92	
92	91	92b03245847d2580	4			yes					-1	-1	-1	-1	
93	90	963006bc4d610b97	5			yes					94	95	-1	96	97	
94	93	f951901c776a1392	4			yes					-1	-1	-1	-1	
95	93	e23449cec1badaeb	4			yes					-1	-1	-1	-1	
96	93	363566b230237e28	4			yes					-1	-1	-1	-1	
97	93	d75150c2361f4b8c	4			yes					-1	-1	-1	-1	
98	84	36b42ccb5c4de0d7	3			yes					-1	-1	99	
99	98	9867738452081c8b	5			yes					-1	-1	-1	-1	-1	
100	84	b1fdef136ab4749e	3			yes					-1	-1	-1	
101	1	72ef957857ac14b4	5			yes					102	105	114	117	119	
102	101	6322b761201c5a24	6			yes					-1	103	-1	-1	-1	104	
103	102	5ec43015a89fdf61	5			yes					-1	-1	-1	-1	-1	
104	102	29727a51501a4268	5			yes					-1	-1	-1	-1	-1	
105	101	002ca0f2e3c5ae16	4			yes					106	107	-1	112	
106	105	46dbd43f0fd62115	5			yes					-1	-1	-1	-1	-1	
107	105	8b4f022aaeab491b	6			yes					108	-1	-1	-1	110	111	
108	107	e42e948a94a0511e	5			yes					-1	-1	-1	-1	109	
109	108	e86f9ea06f900026	4			yes					-1	-1	-1	-1	
110	107	d41c1da9739f12c5	5			yes					-1	-1	-1	-1	-1	
111	107	870e0800559b1823	5			yes					-1	-1	-1	-1	-1	
112	105	89884e66cce83999	3			yes					-1	113	-1	
113	112	f46eb40f622cbbd0	5			yes					-1	-1	-1	-1	-1	
114	101	105214079046a5f5	4			yes					115	-1	-1	116	
115	114	d83722df38ee59f3	5			yes					-1	-1	-1	-1	-1	
116	114	99f6fa93bf6b327a	3			yes					-1	-1	-1	
117	101	50de1be15a923bed	4			yes					-1	-1	-1	118	
118	117	d97af57575bfac62	3			yes					-1	-1	-1	
119	101	fb4b7bec7881833b	4			yes					120	-1	-1	-1	
120	119	3d1601dea05cca6a	6			yes					-1	-1	-1	-1	-1	-1	
121	0	f0fe757b39ee768f	4			yes					-1	122	141	156	
122	121	93713a9f7bf7b07c	4			yes					123	134	136	140	
123	122	f062477f726a1c77	3			yes					124	125	129	
124	123	b432e8cc6feb8feb	4			yes					-1	-1	-1	-1	
125	123	c69684108b455569	5			yes					-1	126	127	-1	128	
126	125	e2a20356395461d3	4			yes					-1	-1	-1	-1	
127	125	717111b87915f14a	4			yes					-1	-1	-1	-1	
128	125	5f6cc97168565a3a	4			yes					-1	-1	-1	-1	
129	123	f725f99354cd55c5	5			yes					-1	130	131	132	133	
130	129	d3117ed5e6dc617f	4			yes					-1	-1	-1	-1	
131	129	f3af8e81bef6480f	4			yes					-1	-1	-1	-1	
132	129	5720999d298f207a	4			yes					-1	-1	-1	-1	
133	129	b644afed2fb315de	4			yes					-1	-1	-1	-1	
134	122	c4495580ece5c198	3			yes					-1	-1	135	
135	134	92bcc9c2c5e50f4b	4			yes					-1	-1	-1	-1	
136	122	b9584a3e7097201b	3			yes					-1	-1	137	
137	136	1c8ee9814fa1216c	6			yes					-1	-1	-1	138	-1	139	
138	137	ab697c29bdf1854f	5			yes					-1	-1	-1	-1	-1	
139	137	60e137a0fba0ad95	5			yes					-1	-1	-1	-1	-1	
140	122	1e02625e95ef4d88	3			yes					-1	-1	-1	
141	121	839d716cd3f14f8c	4			yes					142	150	152	155	
142	141	e08e0c8cda6ce387	3			yes					143	144	145	
143	142	7e00e37d6e211ecc	4			yes					-1	-1	-1	-1	
144	142	babd227b0ed1d1f9	4			yes					-1	-1	-1	-1	
145	142	b6dc50cfe927c332	5			yes					-1	146	147	148	149	
146	145	9ba0099cd928894d	4			yes					-1	-1	-1	-1	
147	145	fae750943ce836ca	4			yes					-1	-1	-1	-1	
148	145	16d930c19465b68d	4			yes					-1	-1	-1	-1	
149	145	f7bd06b192598329	4			yes					-1	-1	-1	-1	
150	141	e45abe383f643842	3			yes					-1	-1	151	
151	150	b3dd57c6084c91f7	4			yes					-1	-1	-1	-1	
152	141	89a7ea750b102631	3			yes					-1	-1	154	
153	152	5cc6c2a7c06f36dd	4			no					-1	-1	-1	-2	
154	152	e654ea993cb1bd2c	5			yes					-1	-1	-1	-1	-1	
155	141	0eee29ad3de9b278	3			yes					-1	-1	-1	
156	121	cdfc53c600f1d252	5			yes					157	163	166	169	171	
157	156	aeef2e26096c7e59	4			yes					158	159	-1	161	
158	157	337b7212dff0a8a5	5			yes					-1	-1	-1	-1	-1	
159	157	8514daa78b68a304	5			yes					-1	-1	-1	-1	160	
160	159	cf441797fb6ebb48	4			yes					-1	-1	-1	-1	
161	157	274bc0b22641e9d6	3			yes					-1	162	-1	
162	161	db206c180b28334a	5			yes					-1	-1	-1	-1	-1	
163	156	f4e50585223e6a77	6			yes					-1	-1	164	-1	-1	165	
164	163	511d929339474129	5			yes					-1	-1	-1	-1	-1	
165	163	beb5c8b55238723b	5			yes					-1	-1	-1	-1	-1	
166	156	af41d2b9c71b6313	4			yes					-1	167	-1	168	
167	166	97c313ecb98e4259	5			yes					-1	-1	-1	-1	-1	
168	166	26e53c2de836f49c	3			yes					-1	-1	-1	
169	156	efcddd5f0dcffd0b	4			yes					-1	-1	-1	170	
170	169	666933cb22e26a84	3			yes					-1	-1	-1	
171	156	4458bd522fdc45dd	4			yes					-1	172	-1	-1	
172	171	aad1b33aa27efa39	6			yes					-1	-1	-1	-1	-1	-1	
173	0	650b0712d5d80a63	4			yes					-1	-1	174	206	
174	173	247180553de3a34f	5			yes					175	187	198	201	205	
175	174	4762fdb5347e0f44	4			yes					176	178	179	182	
176	175	bb7b48af2d4df015	4			yes					-1	177	-1	-1	
177	176	de97fa9a9fbde2df	3			yes					-1	-1	-1	
178	175	b90e832452e19d2d	4			yes					-1	-1	-1	-1	
179	175	b65d25a26c22dbfe	5			yes					-1	-1	180	-1	181	
180	179	fa6625f9b9ed2e06	4			yes					-1	-1	-1	-1	
181	179	eb4922299ce6d011	4			yes					-1	-1	-1	-1	
182	175	1b505773bebc9586	5			yes					-1	-1	184	185	186	
183	182	cb2e6930c0abbcbe	4			no					-1	-2	-2	-2	
184	182	576b57286b73607e	4			yes					-1	-1	-1	-1	
185	182	bb55377dc3fee039	4			yes					-1	-1	-1	-1	
186	182	5a31010dc5c2d59d	4			yes					-1	-1	-1	-1	
187	174	cc625d7449ee10d0	4			yes					-1	188	189	193	
188	187	a2f451ec63f1e997	4			yes					-1	-1	-1	-1	
189	187	873bab36ee8cc440	5			yes					190	-1	191	-1	192	
190	189	ac4a0b1719955aa9	4			yes					-1	-1	-1	-1	
191	189	cb00ab6d3b4331b8	4			yes					-1	-1	-1	-1	
192	189	da2facbd1e48cfaf	4			yes					-1	-1	-1	-1	
193	187	2a36d9e73c128a38	5			yes					194	-1	195	196	197	
194	193	014779c6cb0b14d1	4			yes					-1	-1	-1	-1	
195	193	660dd9bce9dd7fc0	4			yes					-1	-1	-1	-1	
196	193	8a33b9e94150ff87	4			yes					-1	-1	-1	-1	
197	193	6b578f99476cca23	4			yes					-1	-1	-1	-1	
198	174	bfde5efb06ae520e	4			yes					-1	-1	199	200	
199	198	83d3321dbf5d8e11	5			yes					-1	-1	-1	-1	-1	
200	198	32ad063ae8b6affa	3			yes					-1	-1	-1	
201	174	9ddc26aea8c51321	4			yes					-1	-1	-1	202	
202	201	8521a8e19ba70355	6			yes					-1	-1	-1	-1	-1	204	
203	202	f125e793177cd229	5			no					-1	-1	-1	-1	-2	
204	202	f94e76c02fa68fac	5			yes					-1	-1	-1	-1	-1	
205	174	a902d894d3fb5ebb	4			yes					-1	-1	-1	-1	
206	173	9c62394a498fc060	5			yes					207	212	214	216	218	
207	206	ff7144aa40126c6b	4			yes					208	-1	-1	210	
208	207	53a947e9a5ac6d20	5			yes					-1	-1	-1	-1	209	
209	208	19f98ad9d5aa756c	4			yes					-1	-1	-1	-1	
210	207	76d5aa3e6f3ffbe4	3			yes					211	-1	-1	
211	210	0d9df15625ecfd6e	5			yes					-1	-1	-1	-1	-1	
212	206	7471e46b3d8273ff	4			yes					-1	-1	-1	213	
213	212	fdd50aff12afe470	3			yes					-1	-1	-1	
214	206	cf5f34ab63b9cff7	6			yes					-1	-1	-1	-1	-1	215	
215	214	c31e3e8198899ecf	5			yes					-1	-1	-1	-1	-1	
216	206	be53b7d344b1ef39	4			yes					-1	-1	-1	217	
217	216	37f759476b9c78b6	3			yes					-1	-1	-1	
218	206	15c6d7de66a257ef	4			yes					-1	-1	-1	-1	
219	0	c359c99f99d123bf	4			yes					-1	-1	-1	220	
220	219	72ef4122556acc5f	5			yes					221	227	230	231	232	
221	220	11fc3cc25cf76054	4			yes					222	225	-1	-1	
222	221	2b93c0281fe8b216	6			yes					-1	223	-1	-1	-1	224	
223	222	1675475c976b3753	5			yes					-1	-1	-1	-1	-1	
224	222	61c30d186feeaa5a	5			yes					-1	-1	-1	-1	-1	
225	221	080a7dfcf54d492c	6			yes					-1	-1	-1	-1	-1	226	
226	225	044b77d60e7d1814	5			yes					-1	-1	-1	-1	-1	
227	220	9afc9c0321677fc0	4			yes					-1	228	-1	-1	
228	227	82fec4c727ddafd5	6			yes					-1	-1	-1	-1	-1	229	
229	228	8ebfceeddcedfeed	5			yes					-1	-1	-1	-1	-1	
230	220	002c74a8e10376fd	4			yes					-1	-1	-1	-1	
231	220	b5924bcba4906c9b	4			yes					-1	-1	-1	-1	
232	220	3ebe9fa2380305f2	4			yes					-1	-1	-1	-1	
233	0	30eb74392c00aca1	6			yes					234	244	251	256	260	262	
234	233	53f809d9259d00aa	5			yes					-1	235	237	239	241	
235	234	6d2814e8a86f4d18	6			yes					-1	-1	-1	-1	-1	236	
236	235	61691ec2535f1c20	5			yes					-1	-1	-1	-1	-1	
237	234	f1b6a2d146705d00	5			yes					-1	-1	-1	-1	238	
238	237	bbe66fe13676454c	4			yes					-1	-1	-1	-1	
239	234	71c9874028a32ff3	4			yes					-1	-1	-1	240	
240	239	f86d69d4078eb87c	3			yes					-1	-1	-1	
241	234	da5ce74d0ab09725	4			yes					-1	242	243	-1	
242	241	1209a2cd64e8bfd3	5			yes					-1	-1	-1	-1	-1	
243	241	af82146ec630cd4e	5			yes					-1	-1	-1	-1	-1	
244	233	d8f8a918580d1f3e	5			yes					-1	-1	245	247	249	
245	244	1dce88b4e4c8d61c	6			yes					-1	-1	-1	-1	-1	246	
246	245	118f829e1ff88724	5			yes					-1	-1	-1	-1	-1	
247	244	fac9278155333067	4			yes					-1	-1	-1	248	
248	247	736dc9157a1ea7e8	3			yes					-1	-1	-1	
249	244	515c478c772088b1	4			yes					-1	-1	250	-1	
250	249	62ef3e91284f24d7	5			yes					-1	-1	-1	-1	-1	
251	233	422841b398691603	5			yes					-1	-1	-1	252	254	
252	251	6019cf2a9557395a	4			yes					-1	-1	-1	253	
253	252	e9bd21beba7aaed5	3			yes					-1	-1	-1	
254	251	cb8caf27b744818c	4			yes					-1	-1	255	-1	
255	254	b07e828eaf3e3d3c	5			yes					-1	-1	-1	-1	-1	
256	233	5256f546ebea1de0	5			yes					-1	-1	-1	257	259	
257	256	70677bdfe6d432b9	4			yes					-1	-1	-1	258	
258	257	f9c3954bc9f9a536	3			yes					-1	-1	-1	
259	256	dbf21bd2c4c78a6f	4			yes					-1	-1	-1	-1	
260	233	12dafaa0213e83f8	5			yes					-1	-1	-1	-1	261	
261	260	9b7e14340e131477	4			yes					-1	-1	-1	-1	
262	233	b94f9aad032d3b2e	5			yes					-1	-1	-1	-1	-1	
