Number of nodes
376
ID	PID	Hash_Value			File_Number	Fully_Enumerated	Children
0	-1	9ec0ac6c3ee31804	6			yes					1	147	223	285	336	375	
1	0	65167610034a91a6	5			yes					2	54	78	95	109	
2	1	b66c80d610e441e4	5			yes					3	12	32	42	53	
3	2	a12e8c0b429dfb1c	4			yes					4	5	7	9	
4	3	a2d2ed2c2b6d2587	4			yes					-1	-1	-1	-1	
5	3	b12ab912207960a8	4			yes					-1	6	-1	-1	
6	5	04a92a6b8db41c80	3			yes					-1	-1	-1	
7	3	b10132d1c8364c71	5			yes					-1	8	-1	-1	-1	
8	7	0482a1a865fb3059	4			yes					-1	-1	-1	-1	
9	3	aa1a8b10b8781e30	3			yes					10	11	-1	
10	9	449d3cb2f4d56b18	4			yes					-1	-1	-1	-1	
11	9	3ede7778df639c1d	4			yes					-1	-1	-1	-1	
12	2	6ed1b268416ff45c	4			yes					-1	13	21	27	
13	12	f2d660fc9f71c9a8	5			yes					14	17	-1	19	20	
14	13	df4becc03e56ebd3	4			yes					15	-1	16	-1	
15	14	7a23e113fc12b012	3			yes					-1	-1	-1	
16	14	9b22d3ac25cb87f3	3			yes					-1	-1	-1	
17	13	57be6d2f5d359269	4			yes					-1	-1	18	-1	
18	17	13d7524346a8fe49	3			yes					-1	-1	-1	
19	13	b6bf5f9084eca588	4			yes					-1	-1	-1	-1	
20	13	7c50089bf9cbf110	4			yes					-1	-1	-1	-1	
21	12	4abf21dd58b5f099	5			yes					22	23	-1	-1	25	
22	21	6722ade1f992d2e2	4			yes					-1	-1	-1	-1	
23	21	efd72c0e9af1ab58	4			yes					-1	-1	-1	24	
24	23	3d0c0bbed5e62495	3			yes					-1	-1	-1	
25	21	9864066d17a27f54	4			yes					26	-1	-1	-1	
26	25	b5f98a51b6855d2f	3			yes					-1	-1	-1	
27	12	ac96c17d8b3cd401	5			yes					28	29	-1	30	31	
28	27	810b4d412a1bf67a	4			yes					-1	-1	-1	-1	
29	27	09feccae49788fc0	4			yes					-1	-1	-1	-1	
30	27	480297ff0c58a6c6	4			yes					-1	-1	-1	-1	
31	27	c45f7884323ea226	4			yes					-1	-1	-1	-1	
32	2	9f6f65f75369b751	4			yes					-1	-1	33	38	
33	32	8361bd103c050cc6	5			yes					34	35	36	-1	37	
34	33	aefc312c9d222ebd	4			yes					-1	-1	-1	-1	
35	33	2609b0c3fe415707	4			yes					-1	-1	-1	-1	
36	33	845e3c67c7bab2d3	4			yes					-1	-1	-1	-1	
37	33	6a8c0991d15c14f9	4			yes					-1	-1	-1	-1	
38	32	71df1649790493a6	5			yes					39	40	41	-1	-1	
39	38	5c429a75d823b1dd	4			yes					-1	-1	-1	-1	
40	38	d4b71b9abb40c867	4			yes					-1	-1	-1	-1	
41	38	76e0973e82bb2db3	4			yes					-1	-1	-1	-1	
42	2	edc8dc59ba9a1cd9	4			yes					-1	-1	-1	43	
43	42	2f6869d815b23243	6			yes					44	46	48	50	-1	52	
44	43	02f5e5e4b4951038	5			yes					-1	-1	-1	-1	45	
45	44	397b237d601523c7	4			yes					-1	-1	-1	-1	
46	43	8a00640bd7f66982	5			yes					-1	-1	-1	-1	47	
47	46	b18ea29203765a7d	4			yes					-1	-1	-1	-1	
48	43	2857e8afee0d8c56	5			yes					-1	-1	-1	-1	49	
49	48	13d92e363a8dbfa9	4			yes					-1	-1	-1	-1	
50	43	28d88c38c4a497f0	5			yes					-1	-1	-1	-1	51	
51	50	13564aa11024a40f	4			yes					-1	-1	-1	-1	
52	43	14e6af41c13201bc	5			yes					-1	-1	-1	-1	-1	
53	2	bd5887cdea01a4c8	4			yes					-1	-1	-1	-1	
54	1	7f37a379830b7aa6	4			yes					55	60	66	77	
55	54	4c0fe835d7d01e56	3			yes					56	57	59	
56	55	9fc459d092978842	4			yes					-1	-1	-1	-1	
57	55	2582eb4b2a683a05	4			yes					-1	-1	-1	58	
58	57	349e3d34e7d749c2	3			yes					-1	-1	-1	
59	55	54f34bee41ee3cdd	4			yes					-1	-1	-1	-1	
60	54	63a810d80440dce1	3			yes					-1	61	63	
61	60	b8f3332bd923b951	5			yes					-1	-1	-1	-1	62	
62	61	43c0418bbf79e509	4			yes					-1	-1	-1	-1	
63	60	b5621f9e971beb9e	5			yes					64	-1	-1	65	-1	
64	63	98ff93a2363cc9e5	4			yes					-1	-1	-1	-1	
65	63	f10b20f28c8687be	4			yes					-1	-1	-1	-1	
66	54	2493fff62975279b	3			yes					-1	-1	67	
67	66	b268f31e4d6c9fc9	6			yes					68	70	72	74	-1	76	
68	67	9ff57f22ec4bbdb2	5			yes					-1	-1	-1	-1	69	
69	68	a47bb9bb38cb8e4d	4			yes					-1	-1	-1	-1	
70	67	b6fb503158faa8a1	5			yes					-1	-1	-1	-1	71	
71	70	8d7596a88c7a9b5e	4			yes					-1	-1	-1	-1	
72	67	89ac465339dfe0ff	5			yes					-1	-1	-1	-1	-1	
73	72	b22280caed5fd300	4			yes					-1	-1	-1	-1	
74	67	b5d816fe9c7a3a7a	5			yes					-1	-1	-1	-1	75	
75	74	8e56d06748fa0985	4			yes					-1	-1	-1	-1	
76	67	89e6358799ecac36	5			yes					-1	-1	-1	-1	-1	
77	54	7403a46279ee9f8a	3			yes					-1	-1	-1	
78	1	7f11ed7f2d8a6a91	4			yes					79	84	92	94	
79	78	4c29a63379510e61	3			yes					80	81	82	
80	79	a7c3bc74409533eb	4			yes					-1	-1	-1	-1	
81	79	a2cb1f0081608c63	4			yes					-1	-1	-1	-1	
82	79	c2fcc317cab17c6d	5			yes					-1	83	-1	-1	-1	
83	82	777f506e677c0045	4			yes					-1	-1	-1	-1	
84	78	a7acdfc17c01df29	3			yes					-1	85	87	
85	84	69e847ef25b06fa8	5			yes					-1	-1	-1	-1	86	
86	85	08101e6a6294e49b	4			yes					-1	-1	-1	-1	
87	84	cdb5cc2e02a3235e	5			yes					88	89	-1	90	91	
88	87	e0284012a3840125	4			yes					-1	-1	-1	-1	
89	87	c9266f0117351436	4			yes					-1	-1	-1	-1	
90	87	df78ec9a12d41459	4			yes					-1	-1	-1	-1	
91	87	a57c75d7bba15579	4			yes					-1	-1	-1	-1	
92	78	e0b17ee9ffb53464	3			yes					-1	-1	93	
93	92	aa7e01532f6da1ee	5			yes					-1	-1	-1	-1	-1	
94	78	7425ea64d76f8fbd	3			yes					-1	-1	-1	
95	1	9857a5dd57e811ce	4			yes					96	100	106	108	
96	95	ab6fee910333753e	3			yes					97	98	-1	
97	96	645c505a87f0e7a8	4			yes					-1	-1	-1	-1	
98	96	4984ab4de3a97e7b	4			yes					-1	99	-1	-1	
99	98	fc0738344e640253	3			yes					-1	-1	-1	
100	95	40ea97630663a476	3			yes					-1	101	105	
101	100	6512ac2d99d1aecb	5			yes					102	103	-1	-1	104	
102	101	488f201138f68cb0	4			yes					-1	-1	-1	-1	
103	101	61810f028c4799a3	4			yes					-1	-1	-1	-1	
104	101	c33151a3b927802a	4			yes					-1	-1	-1	-1	
105	100	46b4792a679eff26	5			yes					-1	-1	-1	-1	-1	
106	95	b15440fc1465e77b	3			yes					-1	-1	107	
107	106	02e2404b8ff0ae44	5			yes					-1	-1	-1	-1	-1	
108	95	c2869cd346dd27fd	3			yes					-1	-1	-1	
109	1	7fc499d52dfb7ed8	5			yes					110	118	135	145	146	
110	109	4cfcd29979201a28	4			yes					111	113	117	-1	
111	110	896ec336e4157282	5			yes					-1	-1	-1	-1	112	
112	111	473877c1cbb3022a	4			yes					-1	-1	-1	-1	
113	110	232b19d8a601f9a2	5			yes					-1	114	-1	-1	116	
114	113	96a88aa10bcc858a	4			yes					-1	-1	-1	-1	
115	114	58fe3e56246af522	3			no					-1	-2	-2	
116	113	ed7dad2f89a7890a	4			yes					-1	-1	-1	-1	
117	110	0c8e45646c73f64b	5			yes					-1	-1	-1	-1	-1	
118	109	a779ab6b7c70cb60	4			yes					-1	119	129	133	
119	118	7891e01a87dbf204	6			yes					120	122	-1	124	126	128	
120	119	550c6c2626fcd07f	5			yes					-1	-1	-1	-1	121	
121	120	9b5ad8d1095aa0d7	4			yes					-1	-1	-1	-1	
122	119	7c024335924dc56c	5			yes					-1	-1	-1	-1	123	
123	122	b254f7c2bdebb5c4	4			yes					-1	-1	-1	-1	
124	119	3cf8df769c469e24	5			yes					-1	-1	-1	-1	125	
125	124	f2ae6b81b3e0ee8c	4			yes					-1	-1	-1	-1	
126	119	13fd129001bfed11	5			yes					-1	-1	-1	-1	127	
127	126	ddaba6672e199db9	4			yes					-1	-1	-1	-1	
128	119	b6c754eda87d82ac	5			yes					-1	-1	-1	-1	-1	
129	118	d5db9025b49c953b	5			yes					130	131	-1	-1	132	
130	129	f8461c1915bbb740	4			yes					-1	-1	-1	-1	
131	129	d148330aa10aa253	4			yes					-1	-1	-1	-1	
132	129	287456358df96e3d	4			yes					-1	-1	-1	-1	
133	118	419ff2e2bd28cf78	3			yes					-1	-1	134	
134	133	3ce3114413f5ce16	5			yes					-1	-1	-1	-1	-1	
135	109	56c77cf46e76886d	4			yes					-1	-1	136	144	
136	135	d724c537cffc5c80	6			yes					137	138	139	-1	140	141	
137	136	fab9490b6edb7efb	5			yes					-1	-1	-1	-1	-1	
138	136	d3b76618da6a6be8	5			yes					-1	-1	-1	-1	-1	
139	136	d01b44403443e295	5			yes					-1	-1	-1	-1	-1	
140	136	0521139a292808f8	5			yes					-1	-1	-1	-1	-1	
141	136	197271c0e05a2c28	5			yes					142	-1	-1	-1	-1	
142	141	34effdfc417d0e53	4			yes					-1	-1	-1	-1	
143	141	1e4df0b71be5923d	4			no					-1	-2	-1	-1	
144	135	b021257daf2e8c75	3			yes					-1	-1	-1	
145	109	2460c55a878523e5	4			yes					-1	-1	-1	-1	
146	109	9922c05ceca37ac0	4			yes					-1	-1	-1	-1	
147	0	996db24e67e2b3e5	5			yes					-1	148	166	181	194	
148	147	1ba685ac3a250226	4			yes					149	159	161	165	
149	148	d082ac080686688d	3			yes					150	151	154	
150	149	b3c755df526fb6aa	4			yes					-1	-1	-1	-1	
151	149	7e692c192c4296ec	5			yes					-1	152	-1	-1	153	
152	151	8a26e699f05933ab	4			yes					-1	-1	-1	-1	
153	151	0a5e33a1bc221991	4			yes					-1	-1	-1	-1	
154	149	152f2fd0ee9c1a08	5			yes					155	156	157	-1	158	
155	154	21b139bea89e8052	4			yes					-1	-1	-1	-1	
156	154	e160e5503287bf4f	4			yes					-1	-1	-1	-1	
157	154	0b42d47ff5fc5168	4			yes					-1	-1	-1	-1	
158	154	7de69629579e6c2f	4			yes					-1	-1	-1	-1	
159	148	5c19a6e0f339d41c	3			yes					-1	-1	160	
160	159	a7c66c17daf06913	4			yes					-1	-1	-1	-1	
161	148	87af0df30f5a59bd	3			yes					-1	-1	162	
162	161	888d26ac5c42cb66	6			yes					-1	-1	-1	163	-1	164	
163	162	fda4054ac693e236	5			yes					-1	-1	-1	-1	-1	
164	162	b303e03588c2f899	5			yes					-1	-1	-1	-1	-1	
165	148	109282b7c0c0e70a	3			yes					-1	-1	-1	
166	147	2c7012c406d7b502	4			yes					167	176	178	180	
167	166	e7543b603a74dfa9	3			yes					168	169	170	
168	167	570f1f7dddb16261	4			yes					-1	-1	-1	-1	
169	167	b00988cbffeb9854	4			yes					-1	-1	-1	-1	
170	167	aaa56f5d5474a543	5			yes					171	172	173	174	175	
171	170	9e3b793312763f19	4			yes					-1	-1	-1	-1	
172	170	060a7ba48656f7f4	4			yes					-1	-1	-1	-1	
173	170	e2359bda3d5589cd	4			yes					-1	-1	-1	-1	
174	170	b8684fe944039244	4			yes					-1	-1	-1	-1	
175	170	c26cd6a4ed76d364	4			yes					-1	-1	-1	-1	
176	166	5fb0bd291479d172	3			yes					-1	-1	177	
177	176	785ebf4b0047a561	4			yes					-1	-1	-1	-1	
178	166	b3d08152d4e8ebf7	3			yes					-1	-1	179	
179	178	41f0f271f5c4b51b	5			yes					-1	-1	-1	-1	-1	
180	166	274415dffc32502e	3			yes					-1	-1	-1	
181	147	cb365a667cb5ce5d	4			yes					182	189	191	192	
182	181	001273c24016a4f6	3			yes					183	184	187	
183	182	abc5ddab86269fdb	4			yes					-1	-1	-1	-1	
184	182	f00c3af73cd8dc2d	5			yes					-1	185	-1	-1	186	
185	184	5ca32e0eeefa8e9a	4			yes					-1	-1	-1	-1	
186	184	562fc7791c2ef2cc	4			yes					-1	-1	-1	-1	
187	182	0118d3d67452e892	5			yes					-1	-1	-1	-1	-1	
188	187	a9e757b3fc323727	4			no					-1	-2	-2	-1	
189	181	b8f6f58b6e1baa2d	3			yes					-1	190	-1	
190	189	f2f144d469aaf807	4			yes					-1	-1	-1	-1	
191	181	e235bf473f3838e8	3			yes					-1	-1	-1	
192	181	91e763686d80f86e	3			yes					-1	-1	193	
193	192	e96cb3695559bab1	5			yes					-1	-1	-1	-1	-1	
194	147	2ca5666e06a6a14b	5			yes					195	208	213	221	222	
195	194	e7814fca3a05cbe0	4			yes					196	198	203	205	
196	195	de0d727e38d0dc8c	5			yes					-1	-1	-1	-1	197	
197	196	105bc6891776ac24	4			yes					-1	-1	-1	-1	
198	195	a0f61fe566eb9442	5			yes					199	200	-1	201	202	
199	198	9468098b20e90e18	4			yes					-1	-1	-1	-1	
200	198	0c590b1cb4c9c6f5	4			yes					-1	-1	-1	-1	
201	198	79a543b81f2777f2	4			yes					-1	-1	-1	-1	
202	198	5d59d9f55f8e6f44	4			yes					-1	-1	-1	-1	
203	195	4c07acae5d559046	5			yes					-1	-1	-1	-1	204	
204	203	b1a86abe64306b40	4			yes					-1	-1	-1	-1	
205	195	01671643fb5dcff8	3			yes					-1	206	207	
206	205	da9280012fd7d808	4			yes					-1	-1	-1	-1	
207	205	20e0e12382f35bf5	5			yes					-1	-1	-1	-1	-1	
208	194	5f65c9831408c53b	4			yes					-1	209	211	212	
209	208	94f09f5c0d81a03e	5			yes					-1	-1	-1	-1	210	
210	209	5aa62bab2227d096	4			yes					-1	-1	-1	-1	
211	208	f68453b9133c3991	5			yes					-1	-1	-1	-1	-1	
212	208	b983900ad550c123	3			yes					-1	-1	-1	
213	194	05a6834f452b57fe	4			yes					-1	-1	214	220	
214	213	3caa361515554875	6			yes					215	216	217	-1	218	219	
215	214	5b42e7f7b9091252	5			yes					-1	-1	-1	-1	-1	
216	214	99c23bc6d71113b4	5			yes					-1	-1	-1	-1	-1	
217	214	3b95b762eeeaf660	5			yes					-1	-1	-1	-1	-1	
218	214	eeafe0b8f3811c0d	5			yes					-1	-1	-1	-1	-1	
219	214	f2fc82e23af338dd	5			yes					-1	-1	-1	-1	-1	
220	213	e340dac6847353e6	3			yes					-1	-1	-1	
221	194	77013ae1acd8fc76	4			yes					-1	-1	-1	-1	
222	194	ca433fe7c7fea553	4			yes					-1	-1	-1	-1	
223	0	5af70bff6db681de	5			yes					-1	-1	224	257	265	
224	223	7f73e23e19bf0c48	5			yes					225	236	247	250	256	
225	224	b457cb9a251c66e3	4			yes					226	228	229	233	
226	225	ba6b59be7243f131	4			yes					-1	227	-1	-1	
227	226	036a25f4facf659a	3			yes					-1	-1	-1	
228	225	3bde880bff92e188	4			yes					-1	-1	-1	-1	
229	225	6a4496ccaea618f7	5			yes					-1	230	231	-1	232	
230	229	b1830bd7bd7e0bda	4			yes					-1	-1	-1	-1	
231	229	d345ea86262a8c5c	4			yes					-1	-1	-1	-1	
232	229	83a9224d43ff00c8	4			yes					-1	-1	-1	-1	
233	225	3628ec91ed636b21	5			yes					-1	234	235	-1	-1	
234	233	edef718afebb780c	4			yes					-1	-1	-1	-1	
235	233	8f2990db65efff8a	4			yes					-1	-1	-1	-1	
236	224	d0a6cca2019a35fd	4			yes					-1	237	238	242	
237	236	d3729324c5c64dec	4			yes					-1	-1	-1	-1	
238	236	450f9110592870de	5			yes					239	-1	240	-1	241	
239	238	22e740f2f5742af9	4			yes					-1	-1	-1	-1	
240	238	3d3caae304578587	4			yes					-1	-1	-1	-1	
241	238	71f77394cc1b5cb6	4			yes					-1	-1	-1	-1	
242	236	4971bec5d7c61028	5			yes					243	-1	244	245	246	
243	242	2e996f277b9a4a0f	4			yes					-1	-1	-1	-1	
244	242	314285368ab9e571	4			yes					-1	-1	-1	-1	
245	242	5bbc9e71c7b1272f	4			yes					-1	-1	-1	-1	
246	242	21b8073c6ec4660f	4			yes					-1	-1	-1	-1	
247	224	34615cac741deb0f	4			yes					-1	-1	248	249	
248	247	f2866ef5d458c10d	5			yes					-1	-1	-1	-1	-1	
249	247	3f555bb78ef80e23	3			yes					-1	-1	-1	
250	224	24d7beb1b3c15175	4			yes					-1	-1	-1	251	
251	250	879e70d3cc7eb77f	6			yes					252	253	-1	-1	-1	255	
252	251	e076a1316022ed58	5			yes					-1	-1	-1	-1	-1	
253	251	830dd3fcd9e88017	5			yes					-1	-1	-1	-1	-1	
254	251	bc5ac59eb8cdc849	5			no					-1	-2	-2	-1	-2	
255	251	bc10b64a18fe8480	5			yes					-1	-1	-1	-1	-1	
256	224	7447e525e35ae964	4			yes					-1	-1	-1	-1	
257	223	22bf8d97b2f8c36a	4			yes					258	261	263	264	
258	257	e99ba4338e5ba9c1	3			yes					259	260	-1	
259	258	954375f1d0ccfb34	4			yes					-1	-1	-1	-1	
260	258	a7838a4de8250976	4			yes					-1	-1	-1	-1	
261	257	8d6aa30baaddfadf	3			yes					-1	262	-1	
262	261	ae65b798232fe43d	4			yes					-1	-1	-1	-1	
263	257	3e203e3635b3652d	3			yes					-1	-1	-1	
264	257	786eb499a3cdf559	3			yes					-1	-1	-1	
265	223	c52cb19fc8ebac7c	5			yes					266	275	281	283	284	
266	265	0e08983bf448c6d7	4			yes					267	270	272	274	
267	266	9900b46a512e2547	5			yes					-1	-1	-1	268	269	
268	267	f26c46e0d74a3a52	4			yes					-1	-1	-1	-1	
269	267	5756009d7e8855ef	4			yes					-1	-1	-1	-1	
270	266	1062a61130eab68d	5			yes					-1	-1	-1	-1	271	
271	270	de3412e61f4cc625	4			yes					-1	-1	-1	-1	
272	266	36abfeb31cd7da3e	5			yes					-1	-1	-1	-1	273	
273	272	cb0438a325b22138	4			yes					-1	-1	-1	-1	
274	266	e8eec1b23510c2cf	3			yes					-1	-1	-1	
275	265	6af99f03d0ce95c9	4			yes					-1	276	278	280	
276	275	6cdc043a9c643f09	5			yes					-1	-1	-1	-1	277	
277	276	a28ab0cdb3c24fa1	4			yes					-1	-1	-1	-1	
278	275	870338b671049a0e	5			yes					-1	-1	-1	-1	279	
279	278	7aacfea648616108	4			yes					-1	-1	-1	-1	
280	275	8c1fc68a119691d1	3			yes					-1	-1	-1	
281	265	d9b3023e4fa00a3b	4			yes					-1	-1	282	-1	
282	281	67d8e73e9b257f98	5			yes					-1	-1	-1	-1	-1	
283	265	9e88ed106295f141	4			yes					-1	-1	-1	-1	
284	265	23cae81609b3a864	4			yes					-1	-1	-1	-1	
285	0	908df4553308e8cd	5			yes					-1	-1	-1	286	310	
286	285	b2e9d57f8cc80a3e	5			yes					287	297	304	307	309	
287	286	79cdfcdbb06b6095	4			yes					288	292	295	296	
288	287	ed461c184196aa1f	5			yes					-1	289	290	291	-1	
289	288	58c58f61ec5bd637	4			yes					-1	-1	-1	-1	
290	288	957527eb1ce95f46	4			yes					-1	-1	-1	-1	
291	288	5cd5d768846104d6	4			yes					-1	-1	-1	-1	
292	287	d13e6db2277d6236	5			yes					-1	-1	293	-1	294	
293	292	000d75aa3f421688	4			yes					-1	-1	-1	-1	
294	292	771d903c078b4cd7	4			yes					-1	-1	-1	-1	
295	287	ce77ee80085f2ca6	3			yes					-1	-1	-1	
296	287	2fd7ceaffc60c58a	5			yes					-1	-1	-1	-1	-1	
297	286	1d3cfbe394ed338b	4			yes					-1	298	302	303	
298	297	a965b24de84bd692	5			yes					299	-1	300	-1	301	
299	298	ce8d63af44178cb5	4			yes					-1	-1	-1	-1	
300	298	7856aa55f074a22c	4			yes					-1	-1	-1	-1	
301	298	0f464fc3c8bdf873	4			yes					-1	-1	-1	-1	
302	297	aa86e9b82cd97fb8	3			yes					-1	-1	-1	
303	297	15d16e7a4689a253	5			yes					-1	-1	-1	-1	-1	
304	286	6a54e7c1dd43bf86	4			yes					-1	-1	305	306	
305	304	ddeef59a6577f3b5	3			yes					-1	-1	-1	
306	304	ef8d8921bf20aeed	5			yes					-1	-1	-1	-1	-1	
307	286	0553c72434fc460d	4			yes					-1	-1	-1	308	
308	307	bc4c3586750de6a6	3			yes					-1	-1	-1	
309	286	0bf627ddcd39aa95	4			yes					-1	-1	-1	-1	
310	285	c50aff99666abc4b	5			yes					311	325	331	334	335	
311	310	0e2ed63d5ac9d6e0	4			yes					312	320	322	323	
312	311	0f0f3c93da7165f7	6			yes					-1	313	315	-1	317	319	
313	312	ba8cafea77bc19df	5			yes					-1	-1	-1	-1	314	
314	313	74da1b1d581a6977	4			yes					-1	-1	-1	-1	
315	312	773c0760870e90ae	5			yes					-1	-1	-1	-1	316	
316	315	b96ab397a8a8e006	4			yes					-1	-1	-1	-1	
317	312	6463ce195c157ae2	5			yes					-1	-1	-1	-1	318	
318	317	aa357aee73b30a4a	4			yes					-1	-1	-1	-1	
319	312	c1598864f5d7155f	5			yes					-1	-1	-1	-1	-1	
320	311	3322c67da55a6e28	5			yes					-1	-1	-1	-1	321	
321	320	fd74728a8afc1e80	4			yes					-1	-1	-1	-1	
322	311	4872e71dc9bdd5ef	5			yes					-1	-1	-1	-1	-1	
323	311	e8c88fb49b91d2f8	3			yes					-1	324	-1	
324	323	000560b4cf7111c5	4			yes					-1	-1	-1	-1	
325	310	6adfd1057e4f85fe	4			yes					-1	326	-1	330	
326	325	4b7919826a6cda8c	5			yes					327	-1	-1	-1	329	
327	326	2c91c860c63080ab	4			yes					-1	-1	-1	328	
328	327	e2c77c97e996f003	3			yes					-1	-1	-1	
329	326	852fad7545caaa24	4			yes					-1	-1	-1	-1	
330	325	8c39888cbf1781e6	3			yes					-1	-1	-1	
331	310	1db7cd2737e109f3	4			yes					-1	-1	332	333	
332	331	32dc960f37187ce8	5			yes					-1	-1	-1	-1	-1	
333	331	fb5194aef6b90deb	3			yes					-1	-1	-1	
334	310	5aaa6c0fb455e2be	4			yes					-1	-1	-1	-1	
335	310	23eca610a732b853	4			yes					-1	-1	-1	-1	
336	0	ab0279997a4d8537	5			yes					-1	-1	-1	-1	337	
337	336	3664219243dd9d5c	6			yes					338	352	361	369	372	374	
338	337	fd4008367f7ef7f7	5			yes					339	342	344	346	348	
339	338	72f8ff8bc5eb8205	6			yes					-1	340	-1	-1	-1	341	
340	339	c77b6cf26826fe2d	5			yes					-1	-1	-1	-1	-1	
341	339	8f57399bfc8e7903	5			yes					-1	-1	-1	-1	-1	
342	338	6a3b43e834972cce	5			yes					-1	-1	-1	-1	343	
343	342	979485f80df2d7c8	4			yes					-1	-1	-1	-1	
344	338	502ea75ee54cdcbe	5			yes					-1	-1	-1	-1	-1	
345	344	ad81614edc2927b8	4			no					-1	-2	-1	-2	
346	338	b49f1d12d2f45f2b	4			yes					-1	-1	-1	347	
347	346	5e6bf9030a237ab8	3			yes					-1	-1	-1	
348	338	17b4ec27a7a9d264	4			yes					349	350	351	-1	
349	348	f1e9cbd39e35f354	6			yes					-1	-1	-1	-1	-1	-1	
350	348	e92a77b06f495d9f	5			yes					-1	-1	-1	-1	-1	
351	348	d33f9306be92adef	5			yes					-1	-1	-1	-1	-1	
352	337	99b10f0e5bf8a4e9	5			yes					-1	353	355	356	358	
353	352	88f2e956baa44ddf	6			yes					-1	-1	354	-1	-1	-1	
354	353	e526a4521e48ab6a	5			yes					-1	-1	-1	-1	-1	
355	352	d7600dd6cd6a4f96	5			yes					-1	-1	-1	-1	-1	
356	352	d06e1a2af6720c35	4			yes					-1	-1	-1	357	
357	356	3a9afe3b2ea529a6	3			yes					-1	-1	-1	
358	352	7345eb1f832f817a	4			yes					-1	359	360	-1	
359	358	0be3dd0ee17a3c8e	6			yes					-1	-1	-1	-1	-1	-1	
360	358	5471398e96b43ec7	5			yes					-1	-1	-1	-1	-1	
361	337	eed9132c125628e4	5			yes					-1	-1	362	366	368	
362	361	c7daf60d51dbde51	4			yes					363	364	-1	365	
363	362	85fa377ae6719458	5			yes					-1	-1	-1	-1	-1	
364	362	12cc795461be80f7	5			yes					-1	-1	-1	-1	-1	
365	362	9b3270552da64e23	5			yes					-1	-1	-1	-1	-1	
366	361	a7060608bfdc8038	4			yes					-1	-1	-1	367	
367	366	4df2e219670ba5ab	3			yes					-1	-1	-1	
368	361	042df73dca810d77	4			yes					-1	-1	-1	-1	
369	337	1f67c4b300506be9	5			yes					-1	-1	-1	370	371	
370	369	56b8d197addac335	4			yes					-1	-1	-1	-1	
371	369	f59320a2d8874e7a	4			yes					-1	-1	-1	-1	
372	337	7fbb34b6ee573580	5			yes					-1	-1	-1	-1	373	
373	372	954fd0a736801013	4			yes					-1	-1	-1	-1	
374	337	dc90c5839b0ab8cf	5			yes					-1	-1	-1	-1	-1	
375	0	03c3ee017eb8d663	5			yes					-1	-1	-1	-1	-1	
