Number of nodes
150
ID	PID	Hash_Value			File_Number	Fully_Enumerated	Children
0	-1	6364aff71a7ec95d	6			yes					1	22	43	65	82	100	
1	0	4b18600f1861f4f9	5			yes					2	7	14	19	21	
2	1	9404da7851dddf7b	4			yes					3	4	-1	5	
3	2	b5988a19751bf9e6	4			yes					-1	-1	-1	-1	
4	2	b479ff04e89a20ad	4			yes					-1	-1	-1	-1	
5	2	cd273f6e417570bd	5			yes					-1	-1	-1	-1	6	
6	5	cd99673678be3d0e	4			yes					-1	-1	-1	-1	
7	1	39e33694fbc4e6c5	4			yes					-1	8	9	10	
8	7	aeefb738b95be031	5			yes					-1	-1	-1	-1	-1	
9	7	437d34995a56f539	4			yes					-1	-1	-1	-1	
10	7	10d87ee0717a344b	3			yes					11	12	13	
11	10	b5a31a719df515df	4			yes					-1	-1	-1	-1	
12	10	62825cdb68ae20a4	5			yes					-1	-1	-1	-1	-1	
13	10	9e6454479017b3c3	4			yes					-1	-1	-1	-1	
14	1	43ea5fe923c77111	4			yes					-1	-1	15	16	
15	14	476dcdab442caf51	5			yes					-1	-1	-1	-1	-1	
16	14	6ad1179da979a39f	3			yes					17	-1	18	
17	16	f381185f35a055ed	4			yes					-1	-1	-1	-1	
18	16	34cc4afc24ef3d92	5			yes					-1	-1	-1	-1	-1	
19	1	8c2e9b7e1b016ed8	4			yes					-1	-1	-1	20	
20	19	a515d30a91bfbc56	3			yes					-1	-1	-1	
21	1	6223287b92df2677	4			yes					-1	-1	-1	-1	
22	0	bf16483e727efb23	5			yes					23	31	35	40	42	
23	22	6d44b033dca23bf9	4			yes					24	25	26	27	
24	23	81dee1bbc9e17b91	4			yes					-1	-1	-1	-1	
25	23	f68d54c0833ae1df	4			yes					-1	-1	-1	-1	
26	23	d3690cb73b95b615	4			yes					-1	-1	-1	-1	
27	23	447ff847561ce977	3			yes					28	29	30	
28	27	bdb1c0b7f1534314	4			yes					-1	-1	-1	-1	
29	27	b175b39b5e00949f	4			yes					-1	-1	-1	-1	
30	27	11307665840266ab	4			yes					-1	-1	-1	-1	
31	22	34ad74ee1ca40d9d	4			yes					-1	32	-1	33	
32	31	4104e15b768274e7	4			yes					-1	-1	-1	-1	
33	31	b785ad38f8ff9ef0	5			yes					-1	-1	-1	-1	34	
34	33	b73bf560c134d343	4			yes					-1	-1	-1	-1	
35	22	b7e477d849d87ecb	4			yes					-1	-1	36	37	
36	35	009a7e583b494fe5	5			yes					-1	-1	-1	-1	-1	
37	35	9edf3facc366ac45	3			yes					-1	38	39	
38	37	322203fea395f57b	4			yes					-1	-1	-1	-1	
39	37	733bf90f5b8add26	5			yes					-1	-1	-1	-1	-1	
40	22	7820b34f711e6102	4			yes					-1	-1	-1	41	
41	40	511bfb3bfba0b38c	3			yes					-1	-1	-1	
42	22	962d004af8c029ad	4			yes					-1	-1	-1	-1	
43	0	713307af437ba287	5			yes					44	53	60	62	64	
44	43	a361ffa2eda7625d	4			yes					45	47	48	49	
45	44	3eaeac0508e186ba	5			yes					-1	-1	-1	-1	46	
46	45	8758c2fb5a345cb9	4			yes					-1	-1	-1	-1	
47	44	f896cdf5ce780005	4			yes					-1	-1	-1	-1	
48	44	0d58eb6d2800cd96	4			yes					-1	-1	-1	-1	
49	44	8a5ab7d66719b0d3	3			yes					50	51	52	
50	49	87e69aa363ff110a	5			yes					-1	-1	-1	-1	-1	
51	49	2824968c6868cf1d	4			yes					-1	-1	-1	-1	
52	49	cf0191bf97971d28	4			yes					-1	-1	-1	-1	
53	43	7a3b9de349d88782	4			yes					-1	54	56	57	
54	53	c7ffce77534f0cf8	5			yes					-1	-1	-1	-1	55	
55	54	7e09a089019ad6fb	4			yes					-1	-1	-1	-1	
56	53	d6ff1a5b73e71b53	4			yes					-1	-1	-1	-1	
57	53	5300d597c366550c	3			yes					-1	58	59	
58	57	7eb7f8d138519b48	5			yes					-1	-1	-1	-1	-1	
59	57	14a66089cc70cbed	4			yes					-1	-1	-1	-1	
60	43	3757d1442da1ad70	4			yes					-1	-1	-1	61	
61	60	4306e9eb289049a1	5			yes					-1	-1	-1	-1	-1	
62	43	b605fcde401b38a6	4			yes					-1	-1	-1	63	
63	62	9f3eb4aacaa5ea28	3			yes					-1	-1	-1	
64	43	58084fdbc9c57009	4			yes					-1	-1	-1	-1	
65	0	3102ffdf9730864c	5			yes					66	73	77	79	80	
66	65	e35007d239ec4696	4			yes					67	69	-1	70	
67	66	f3b51447cfc625ed	5			yes					-1	-1	-1	-1	68	
68	67	4a437ab99d13ffee	4			yes					-1	-1	-1	-1	
69	66	c17b7cac0582defe	4			yes					-1	-1	-1	-1	
70	66	ca6b4fa6b3529418	3			yes					71	72	-1	
71	70	4afd22e1a4d8b25d	5			yes					-1	-1	-1	-1	-1	
72	70	c33d04cb76c54840	4			yes					-1	-1	-1	-1	
73	65	3a0a65939d93a349	4			yes					-1	74	-1	75	
74	73	bdd10e6fa2d432e6	5			yes					-1	-1	-1	-1	-1	
75	73	13312de7172d71c7	3			yes					-1	76	-1	
76	75	bf977608d193a458	5			yes					-1	-1	-1	-1	-1	
77	65	43f9a94474959470	4			yes					-1	-1	-1	78	
78	77	6ac2e130fe2b46fe	3			yes					-1	-1	-1	
79	65	048c3f33fd3f4c0e	5			yes					-1	-1	-1	-1	-1	
80	65	1839b7ab1d8e54c2	4			yes					-1	-1	-1	81	
81	80	fd82221dcc53eb4a	5			yes					-1	-1	-1	-1	-1	
82	0	cc26548cbf373405	5			yes					83	90	95	98	99	
83	82	1e74ac8111ebf4df	4			yes					84	86	88	-1	
84	83	c3cc55e121f0681c	5			yes					-1	-1	-1	-1	85	
85	84	6fbcb1ddc3b5cc11	4			yes					-1	-1	-1	-1	
86	83	a2d7030acbadd0e0	4			yes					-1	-1	-1	87	
87	86	0ea7e73629e874ed	3			yes					-1	-1	-1	
88	83	b059acc16e453a77	5			yes					-1	-1	-1	-1	89	
89	88	09afc23f3c90e074	4			yes					-1	-1	-1	-1	
90	82	c72ecec0b5941100	4			yes					-1	91	93	-1	
91	90	256119e91aa7ef0c	5			yes					-1	-1	-1	-1	92	
92	91	8911fdd5f8e24b01	4			yes					-1	-1	-1	-1	
93	90	cecdb37b94f2a66f	5			yes					-1	-1	-1	-1	94	
94	93	773bdd85c6277c6c	4			yes					-1	-1	-1	-1	
95	82	bedd02175c922639	4			yes					-1	-1	96	-1	
96	95	c1c6192a40b54ef2	6			yes					-1	-1	-1	-1	-1	97	
97	96	783077d4126094f1	5			yes					-1	-1	-1	-1	-1	
98	82	c4d46b6a8491b1ed	4			yes					-1	-1	-1	-1	
99	82	a3530b3c7c7c720b	4			yes					-1	-1	-1	-1	
100	0	653c184e3bfe35e2	5			yes					101	111	121	131	139	
101	100	4a5d43a437abb5fb	5			yes					102	105	108	110	-1	
102	101	9541f9d37e179e79	4			yes					103	104	-1	-1	
103	102	2ee0ae03223e3664	4			yes					-1	-1	-1	-1	
104	102	2745cf195a85da69	4			yes					-1	-1	-1	-1	
105	101	38a6153fd40ea7c7	4			yes					-1	106	107	-1	
106	105	b4f70533c53cc689	5			yes					-1	-1	-1	-1	-1	
107	105	362c4ec981a8f028	4			yes					-1	-1	-1	-1	
108	101	42af7c420c0d3013	4			yes					-1	-1	109	-1	
109	108	309fba23c07b753b	5			yes					-1	-1	-1	-1	-1	
110	101	8d6bb8d534cb2fda	4			yes					-1	-1	-1	-1	
111	100	be536b955db4ba21	5			yes					112	116	118	120	-1	
112	111	6c019398f3687afb	4			yes					113	114	115	-1	
113	112	84aebd06fb196f7d	4			yes					-1	-1	-1	-1	
114	112	65b164dd31251b1b	4			yes					-1	-1	-1	-1	
115	112	36ddda5c834d4e96	4			yes					-1	-1	-1	-1	
116	111	35e85745336e4c9f	4			yes					-1	117	-1	-1	
117	116	2979097245fcb620	4			yes					-1	-1	-1	-1	
118	111	b6a1547366123fc9	4			yes					-1	-1	119	-1	
119	118	776809d0bf1e958f	5			yes					-1	-1	-1	-1	-1	
120	111	796590e45ed42000	4			yes					-1	-1	-1	-1	
121	100	707624046cb1e385	5			yes					122	126	129	130	-1	
122	121	a224dc09c26d235f	4			yes					123	124	125	-1	
123	122	51c465bad8630ec7	5			yes					-1	-1	-1	-1	-1	
124	122	024acef2c85605ef	4			yes					-1	-1	-1	-1	
125	122	e8ec3d8690d83515	4			yes					-1	-1	-1	-1	
126	121	7b7ebe486612c680	4			yes					-1	127	128	-1	
127	126	a89507c883cd8485	5			yes					-1	-1	-1	-1	-1	
128	126	334bccb0cb3fe3d0	4			yes					-1	-1	-1	-1	
129	121	3612f2ef026bec72	4			yes					-1	-1	-1	-1	
130	121	b740df756fd179a4	4			yes					-1	-1	-1	-1	
131	100	3047dc74b8fac74e	5			yes					132	135	137	138	-1	
132	131	e215247916260794	4			yes					133	134	-1	-1	
133	132	9cdfddf81f44ad90	5			yes					-1	-1	-1	-1	-1	
134	132	7c89a298bb89bde8	4			yes					-1	-1	-1	-1	
135	131	3b4f4638b259e24b	4			yes					-1	136	-1	-1	
136	135	0023d05b1cdf51f0	5			yes					-1	-1	-1	-1	-1	
137	131	42bc8aef5b5fd572	4			yes					-1	-1	-1	-1	
138	131	8f658e5c6f497843	5			yes					-1	-1	-1	-1	-1	
139	100	e5dea751071cc8cc	5			yes					140	144	147	149	-1	
140	139	378c5f5ca9c00816	4			yes					141	142	143	-1	
141	140	1764b08edefd0183	5			yes					-1	-1	-1	-1	-1	
142	140	767fe66534a0b97f	4			yes					-1	-1	-1	-1	
143	140	df33657ebec7b20a	5			yes					-1	-1	-1	-1	-1	
144	139	eed63d1d0dbfedc9	4			yes					-1	145	146	-1	
145	144	f1c9fc86e5aa8693	5			yes					-1	-1	-1	-1	-1	
146	144	a1a77ac444702e12	5			yes					-1	-1	-1	-1	-1	
147	139	9725f1cae4b9daf0	4			yes					-1	-1	148	-1	
148	147	aeacd0959037c68f	6			yes					-1	-1	-1	-1	-1	-1	
149	139	ed2c98b73cba4d24	4			yes					-1	-1	-1	-1	
