Number of nodes
466
ID	PID	Hash_Value			File_Number	Fully_Enumerated	Children
0	-1	b0a553523acecbd0	6			yes					1	149	257	343	409	465	
1	0	425e2b3d978d70cc	5			yes					2	50	76	95	111	
2	1	fedb7bd8bee04d8f	5			yes					3	11	28	38	49	
3	2	a6ef9b9a82bef7dc	4			yes					4	5	7	8	
4	3	1df54910eaf39302	4			yes					-1	-1	-1	-1	
5	3	3843ad39cebcbe18	4			yes					-1	6	-1	-1	
6	5	9ad7ae56468ac5d6	3			yes					-1	-1	-1	
7	3	8d959d527053fa77	5			yes					-1	-1	-1	-1	-1	
8	3	7e40554be2c28b19	3			yes					9	10	-1	
9	8	43e67a9a2d206e61	4			yes					-1	-1	-1	-1	
10	8	2ff0358313135ff4	4			yes					-1	-1	-1	-1	
11	2	e16a2ad14797aec9	4			yes					-1	12	20	24	
12	11	35df522957af3bcc	5			yes					13	16	-1	18	19	
13	12	8427ea29c8a37087	4			yes					14	-1	15	-1	
14	13	f3bee3ea1abc0fd9	3			yes					-1	-1	-1	
15	13	30c6f8f2259c85a6	3			yes					-1	-1	-1	
16	12	42465bea85b04492	4			yes					-1	-1	17	-1	
17	16	f6a74931688fb1b3	3			yes					-1	-1	-1	
18	12	813e40f2ba90ceed	4			yes					-1	-1	-1	-1	
19	12	3e6a5ed6e9ec4988	4			yes					-1	-1	-1	-1	
20	11	7b097caccc632187	5			yes					21	22	-1	-1	23	
21	20	caf1c4ac536f6acc	4			yes					-1	-1	-1	-1	
22	20	0c90756f1e7c5ed9	4			yes					-1	-1	-1	-1	
23	20	60c5681c4cfe70fc	4			yes					-1	-1	-1	-1	
24	11	ee06639683714cff	5			yes					25	26	-1	27	-1	
25	24	5ffedb961c7d07b4	4			yes					-1	-1	-1	-1	
26	24	999f6a55516e33a1	4			yes					-1	-1	-1	-1	
27	24	8014e6df7f17a0cd	4			yes					-1	-1	-1	-1	
28	2	c88fa116e1dc1a54	4			yes					-1	-1	29	34	
29	28	fe500c9594fe839c	5			yes					30	31	32	-1	33	
30	29	4fa8b4950bf2c8d7	4			yes					-1	-1	-1	-1	
31	29	89c9055646e1fcc2	4			yes					-1	-1	-1	-1	
32	29	3e04b418a1a2f87f	4			yes					-1	-1	-1	-1	
33	29	9a179aee145eafb4	4			yes					-1	-1	-1	-1	
34	28	3fd3f952ed05cd03	5			yes					35	36	37	-1	-1	
35	34	8e2b415272098648	4			yes					-1	-1	-1	-1	
36	34	484af0913f1ab25d	4			yes					-1	-1	-1	-1	
37	34	ff8741dfd859b6e0	4			yes					-1	-1	-1	-1	
38	2	a97ea554fa69720b	4			yes					-1	-1	-1	39	
39	38	e99fffaa1b71dfaa	6			yes					40	42	44	46	-1	48	
40	39	586747aa847d94e1	5			yes					-1	-1	-1	-1	41	
41	40	abbad7330330ad69	4			yes					-1	-1	-1	-1	
42	39	9e06f669c96ea0f4	5			yes					-1	-1	-1	-1	43	
43	42	6ddb66f04e23997c	4			yes					-1	-1	-1	-1	
44	39	29cb47272e2da449	5			yes					-1	-1	-1	-1	45	
45	44	da16d7bea9609dc1	4			yes					-1	-1	-1	-1	
46	39	b3b050c20a4bc393	5			yes					-1	-1	-1	-1	47	
47	46	406dc05b8d06fa1b	4			yes					-1	-1	-1	-1	
48	39	1a426f339c3ce622	5			yes					-1	-1	-1	-1	-1	
49	2	2674b509de9c314a	4			yes					-1	-1	-1	-1	
50	1	633d8e0d420d3186	4			yes					51	56	64	75	
51	50	446d17d8a38366dc	3			yes					52	53	55	
52	51	1d04406659ea977e	4			yes					-1	-1	-1	-1	
53	51	59f38e041209e464	4			yes					-1	-1	-1	54	
54	53	39f8878e742ced7a	3			yes					-1	-1	-1	
55	51	64c958677b1b8e41	4			yes					-1	-1	-1	-1	
56	50	a85a8988c57b141b	3			yes					-1	57	60	
57	56	6348e3c3dd001c66	5			yes					58	-1	-1	-1	59	
58	57	d2b05bc3420c572d	4			yes					-1	-1	-1	-1	
59	57	b1064ffda42ef319	4			yes					-1	-1	-1	-1	
60	56	a70654e925b6e2a1	5			yes					61	62	-1	63	-1	
61	60	16feece9babaa9ea	4			yes					-1	-1	-1	-1	
62	60	1c5568604263b9f1	4			yes					-1	-1	-1	-1	
63	60	13e74632c8891780	4			yes					-1	-1	-1	-1	
64	50	3498508106840e02	3			yes					-1	-1	65	
65	64	16e918476a683909	6			yes					66	68	70	72	-1	74	
66	65	a711a047f5647242	5			yes					-1	-1	-1	-1	67	
67	66	54cc30de72294bca	4			yes					-1	-1	-1	-1	
68	65	adba24ce0dbd6259	5			yes					-1	-1	-1	-1	69	
69	68	5e67b4578af05bd1	4			yes					-1	-1	-1	-1	
70	65	e501726d9be78047	5			yes					-1	-1	-1	-1	71	
71	70	16dce2f41caab9cf	4			yes					-1	-1	-1	-1	
72	65	4cc6b72f7b522530	5			yes					-1	-1	-1	-1	73	
73	72	bf1b27b6fc1f1cb8	4			yes					-1	-1	-1	-1	
74	65	e53488deed250081	5			yes					-1	-1	-1	-1	-1	
75	50	bb9240dc22714d43	3			yes					-1	-1	-1	
76	1	e5fecfdda7095e77	4			yes					77	84	92	94	
77	76	c2ae56084687092d	3			yes					78	80	81	
78	77	f9abd1fd0d0550dc	4			yes					-1	-1	-1	79	
79	78	f21edd02b3462298	3			yes					-1	-1	-1	
80	77	fe8176025fbbac73	4			yes					-1	-1	-1	-1	
81	77	6b45b1ca02c0b2af	5			yes					-1	82	-1	-1	-1	
82	81	c9d1b2a58af6c961	4			yes					-1	-1	-1	-1	
83	81	87ec0fc488e1ff35	4			no					-1	-2	-2	-2	
84	76	fa4f9ed45e7ebd31	3			yes					-1	85	87	
85	84	98ea6d9975e3250c	5			yes					-1	-1	-1	-1	86	
86	85	8fe147ce8ddb0c93	4			yes					-1	-1	-1	-1	
87	84	7c4b05aa61e99102	5			yes					88	89	90	91	-1	
88	87	cdb3bdaafee5da49	4			yes					-1	-1	-1	-1	
89	87	c7183923063cca52	4			yes					-1	-1	-1	-1	
90	87	9606eae06bca660c	4			yes					-1	-1	-1	-1	
91	87	78bd1a200b6cdf2b	4			yes					-1	-1	-1	-1	
92	76	e04e060d7885c8d9	3			yes					-1	-1	93	
93	92	f105256a6305c282	5			yes					-1	-1	-1	-1	-1	
94	76	3d51010cc77522b2	3			yes					-1	-1	-1	
95	1	1112509cd3b8bf60	4			yes					96	101	108	110	
96	95	3642c9493236e83a	3			yes					97	98	-1	
97	96	418938fa913dd099	4			yes					-1	-1	-1	-1	
98	96	5549bac104957723	5			yes					-1	99	-1	-1	-1	
99	98	f7ddb9ae8ca30ced	4			yes					-1	-1	-1	-1	
100	98	3d38e859b99213fc	4			no					-1	-2	-2	-2	
101	95	0ea301952acf5c26	3			yes					-1	102	107	
102	101	1bfbb27f85cf4ab9	5			yes					103	104	-1	105	106	
103	102	aa030a7f1ac301f2	4			yes					-1	-1	-1	-1	
104	102	a0a88ef6e21a11e9	4			yes					-1	-1	-1	-1	
105	102	738ae0e738c82e66	4			yes					-1	-1	-1	-1	
106	102	104ebe803b8c38fd	4			yes					-1	-1	-1	-1	
107	101	053743896d723f97	5			yes					-1	-1	-1	-1	-1	
108	95	27468a528c84e8bb	3			yes					-1	-1	109	
109	108	de71854419a0c5b6	5			yes					-1	-1	-1	-1	-1	
110	95	0eb5121247c5e3c7	3			yes					-1	-1	-1	
111	1	5073a091e12492bb	5			yes					112	119	136	147	148	
112	111	7723394400aac5e1	4			yes					113	115	118	-1	
113	112	4a456ca77d4de396	5			yes					-1	-1	-1	-1	114	
114	113	aadf1ebb986ffde5	4			yes					-1	-1	-1	-1	
115	112	8bc8d03180c06086	5			yes					-1	116	-1	-1	117	
116	115	295cd35e08f61b48	4			yes					-1	-1	-1	-1	
117	115	211e9e3d72b4e6f5	4			yes					-1	-1	-1	-1	
118	112	ccc81a9a81967d3e	5			yes					-1	-1	-1	-1	-1	
119	111	4fc2f198185371fd	4			yes					-1	120	130	134	
120	119	aea542d475db6f56	6			yes					121	123	-1	125	127	129	
121	120	1f5dfad4ead7241d	5			yes					-1	-1	-1	-1	122	
122	121	ffc788c80ff53a6e	4			yes					-1	-1	-1	-1	
123	120	15f67e5d120e3406	5			yes					-1	-1	-1	-1	124	
124	123	f56c0c41f72c2a75	4			yes					-1	-1	-1	-1	
125	120	1a44500f98e49a77	5			yes					-1	-1	-1	-1	126	
126	125	fade22137dc68404	4			yes					-1	-1	-1	-1	
127	120	123a1980b90473f5	5			yes					-1	-1	-1	-1	128	
128	127	f2a06b9c5c266d86	4			yes					-1	-1	-1	-1	
129	120	4e3f30c890f97125	5			yes					-1	-1	-1	-1	-1	
130	119	fd2b92501fd104f5	5			yes					131	132	-1	-1	133	
131	130	4cd32a5080dd4fbe	4			yes					-1	-1	-1	-1	
132	130	4678aed978045fa5	4			yes					-1	-1	-1	-1	
133	130	57fddc5ceda58286	4			yes					-1	-1	-1	-1	
134	119	46a19d97fa3b3f05	3			yes					-1	-1	135	
135	134	a193070ca1c0ce62	5			yes					-1	-1	-1	-1	-1	
136	111	66277a5fbe18c560	4			yes					-1	-1	137	146	
137	136	f0c1b88fa4dae3a0	6			yes					138	140	142	-1	144	145	
138	137	4139008f3bd6a8eb	5			yes					-1	-1	-1	-1	139	
139	138	a1a37293def4b698	4			yes					-1	-1	-1	-1	
140	137	4b928406c30fb8f0	5			yes					-1	-1	-1	-1	141	
141	140	ab08f61a262da683	4			yes					-1	-1	-1	-1	
142	137	3095000291869843	5			yes					-1	-1	-1	-1	143	
143	142	d00f721e74a48630	4			yes					-1	-1	-1	-1	
144	137	b647ddb844b695c9	5			yes					-1	-1	-1	-1	-1	
145	137	105bca9341f8fdd3	5			yes					-1	-1	-1	-1	-1	
146	136	6f4416505c708b98	3			yes					-1	-1	-1	
147	111	07d67e1da5adad3f	4			yes					-1	-1	-1	-1	
148	111	5910cc9e034cdc43	4			yes					-1	-1	-1	-1	
149	0	c19140c428bc3e51	5			yes					-1	150	196	212	226	
150	149	ff324187fa066cba	5			yes					151	168	174	184	195	
151	150	43bdb6e898db44e7	4			yes					152	153	159	164	
152	151	064837037224385c	4			yes					-1	-1	-1	-1	
153	151	a59e3cc5af57d928	5			yes					154	155	156	157	158	
154	153	ff77b1c032fb51a8	4			yes					-1	-1	-1	-1	
155	153	0a023d4be77acc4d	4			yes					-1	-1	-1	-1	
156	153	c9efc8ea68c90d27	4			yes					-1	-1	-1	-1	
157	153	92b1745bac5c3bae	4			yes					-1	-1	-1	-1	
158	153	ae2b303a1114ab6c	4			yes					-1	-1	-1	-1	
159	151	61c2e14ab3f063f3	5			yes					160	161	162	-1	163	
160	159	3b2b6c4f2e5ceb73	4			yes					-1	-1	-1	-1	
161	159	ce5ee0c4fbdd7696	4			yes					-1	-1	-1	-1	
162	159	97b27e6805cc9ccb	4			yes					-1	-1	-1	-1	
163	159	01c9e8c0d5d56aed	4			yes					-1	-1	-1	-1	
164	151	5cf83729dae209d6	5			yes					165	166	167	-1	-1	
165	164	0611ba2c474e8156	4			yes					-1	-1	-1	-1	
166	164	f36436a792cf1cb3	4			yes					-1	-1	-1	-1	
167	164	aa88a80b6cdef6ee	4			yes					-1	-1	-1	-1	
168	150	05d13dfc19143cc7	4			yes					-1	169	170	171	
169	168	4fa4e4ebfc66b4d9	4			yes					-1	-1	-1	-1	
170	168	0dd4fc1576e4f482	5			yes					-1	-1	-1	-1	-1	
171	168	dd7ef32d79684002	3			yes					172	173	-1	
172	171	2caf9c1d94043ba7	4			yes					-1	-1	-1	-1	
173	171	f895c79c9f1b85d2	4			yes					-1	-1	-1	-1	
174	150	c9669b49a53a3b61	4			yes					-1	-1	175	180	
175	174	fcb19b8276ac4742	5			yes					176	177	178	-1	179	
176	175	7c146632cf210a7a	4			yes					-1	-1	-1	-1	
177	175	8b289241a4b3381c	4			yes					-1	-1	-1	-1	
178	175	0f59f1a88723fe0c	4			yes					-1	-1	-1	-1	
179	175	98f60df9f60c6b6a	4			yes					-1	-1	-1	-1	
180	174	3d326e450f5709dd	5			yes					181	182	183	-1	-1	
181	180	bd9793f5b6da44e5	4			yes					-1	-1	-1	-1	
182	180	4aab6786dd487683	4			yes					-1	-1	-1	-1	
183	180	ceda046ffed8b093	4			yes					-1	-1	-1	-1	
184	150	a8979f0bbe8f533e	4			yes					-1	-1	-1	185	
185	184	eb7e68bdf9231b74	6			yes					186	188	190	192	-1	194	
186	185	6bdb950d40ae564c	5			yes					-1	-1	-1	-1	187	
187	186	98060594c7e36fc4	4			yes					-1	-1	-1	-1	
188	185	9ce7617e2b3c642a	5			yes					-1	-1	-1	-1	189	
189	188	6f3af1e7ac715da2	4			yes					-1	-1	-1	-1	
190	185	1896029708aca23a	5			yes					-1	-1	-1	-1	191	
191	190	eb4b920e8fe19bb2	4			yes					-1	-1	-1	-1	
192	185	b151c7d5e819074d	5			yes					-1	-1	-1	-1	193	
193	192	428c574c6f543ec5	4			yes					-1	-1	-1	-1	
194	185	18a3f8247e6e22fc	5			yes					-1	-1	-1	-1	-1	
195	150	279d8f569a7a107f	4			yes					-1	-1	-1	-1	
196	149	3c93167469226f19	4			yes					197	206	209	211	
197	196	801ce11b0bff4744	3			yes					198	200	201	
198	197	2036c35cdacb5a2b	4			yes					-1	-1	-1	199	
199	198	2b83cfa36488286f	3			yes					-1	-1	-1	
200	197	0a3aa5a790a9df1a	4			yes					-1	-1	-1	-1	
201	197	f960ce52f20abdc8	5			yes					202	203	204	205	-1	
202	201	a38943576fa63548	4			yes					-1	-1	-1	-1	
203	201	48b4650ce430218c	4			yes					-1	-1	-1	-1	
204	201	77904832188562d3	4			yes					-1	-1	-1	-1	
205	201	fd96d1d8988ff3e1	4			yes					-1	-1	-1	-1	
206	196	6190f06edd2dc236	3			yes					-1	207	208	
207	206	dd7b21d939a23003	4			yes					-1	-1	-1	-1	
208	206	df92834d30dd8742	4			yes					-1	-1	-1	-1	
209	196	3923dfa4b6aef9b7	3			yes					-1	-1	210	
210	209	0c925590f04ee0ff	5			yes					-1	-1	-1	-1	-1	
211	196	e43cd8a5095e13dc	3			yes					-1	-1	-1	
212	149	c87f89351d938e0e	4			yes					213	221	223	225	
213	212	74f07e5a7f4ea653	3			yes					214	215	220	
214	213	7538fc2822e03331	4			yes					-1	-1	-1	-1	
215	213	34555af595aa69ad	5			yes					216	217	-1	218	219	
216	215	6ebcd7f00806e12d	4			yes					-1	-1	-1	-1	
217	215	8581f1ab8390f5e9	4			yes					-1	-1	-1	-1	
218	215	5c24086d28ad0d72	4			yes					-1	-1	-1	-1	
219	215	3fe0560a2be91be9	4			yes					-1	-1	-1	-1	
220	213	50be9e31e47f7ada	5			yes					-1	-1	-1	-1	-1	
221	212	957c6f2fa99c2321	3			yes					-1	222	-1	
222	221	8858d288bc2f5838	4			yes					-1	-1	-1	-1	
223	212	fe2b53fb42afd9d5	3			yes					-1	-1	224	
224	223	23e6f5be8aebe7cb	5			yes					-1	-1	-1	-1	-1	
225	212	d7d8cbbb89eed2a9	3			yes					-1	-1	-1	
226	149	891e79382f0fa3d5	5			yes					227	240	244	255	256	
227	226	35918e574dd28b88	4			yes					228	230	235	237	
228	227	d502df989620d64c	5			yes					-1	-1	-1	-1	229	
229	228	3598ad847302c83f	4			yes					-1	-1	-1	-1	
230	227	c95f4470f74b520c	5			yes					231	232	-1	233	234	
231	230	93b6c9756ae7da8c	4			yes					-1	-1	-1	-1	
232	230	788bef2ee171ce48	4			yes					-1	-1	-1	-1	
233	230	c634ff3a02ae522f	4			yes					-1	-1	-1	-1	
234	230	63890a7c053fd47f	4			yes					-1	-1	-1	-1	
235	227	82fe5f64e8987cb6	5			yes					-1	-1	-1	-1	236	
236	235	282811681aecfac5	4			yes					-1	-1	-1	-1	
237	227	3cf2e258afbac570	3			yes					-1	238	239	
238	237	76c5f8dcf914e91b	5			yes					-1	-1	-1	-1	-1	
239	237	b90eab83c7791d9d	5			yes					-1	-1	-1	-1	-1	
240	226	d41d9f229b000efa	4			yes					-1	241	243	-1	
241	240	344d200a0b25896c	5			yes					-1	-1	-1	-1	242	
242	241	d4d75216ee07971f	4			yes					-1	-1	-1	-1	
243	240	4c897bdd872173cb	5			yes					-1	-1	-1	-1	-1	
244	226	bf4aa3f67033f40e	4			yes					-1	-1	245	254	
245	244	0d56c8753791c1dd	6			yes					246	248	250	-1	252	253	
246	245	8df335c58e1c8ce5	5			yes					-1	-1	-1	-1	247	
247	246	6d6947d96b3e9296	4			yes					-1	-1	-1	-1	
248	245	7acfc1b6e58ebe83	5			yes					-1	-1	-1	-1	249	
249	248	9a55b3aa00aca0f0	4			yes					-1	-1	-1	-1	
250	245	cd0270f802cdba3e	5			yes					-1	-1	-1	-1	251	
251	250	2d9802e4e7efa44d	4			yes					-1	-1	-1	-1	
252	245	4bd0ad42d7fdb7b4	5			yes					-1	-1	-1	-1	-1	
253	245	edccba69d2b3dfae	5			yes					-1	-1	-1	-1	-1	
254	244	b629cff9925bbaf6	3			yes					-1	-1	-1	
255	226	debba7b46b869c51	4			yes					-1	-1	-1	-1	
256	226	807d1537cd67ed2d	4			yes					-1	-1	-1	-1	
257	0	7f17706b0719e8ba	5			yes					-1	-1	258	303	317	
258	257	5c3af0355a7077ad	5			yes					259	273	286	291	302	
259	258	e0b5075a38ad5ff0	4			yes					260	264	265	269	
260	259	4f9e8cfa2521a8d8	4			yes					-1	261	262	263	
261	260	32665c6b45257c0b	3			yes					-1	-1	-1	
262	260	4b6893704fa4e6f1	3			yes					-1	-1	-1	
263	260	b44a2cde7ef98088	3			yes					-1	-1	-1	
264	259	1afed977286bcc0e	4			yes					-1	-1	-1	-1	
265	259	e6a1613a5d5c09f9	5			yes					-1	266	267	268	-1	
266	265	a7c3fe2742217f89	4			yes					-1	-1	-1	-1	
267	265	9b59b1ab3d58dd2a	4			yes					-1	-1	-1	-1	
268	265	e1b31b7dd2ea905b	4			yes					-1	-1	-1	-1	
269	259	4b1ff28d7008b625	5			yes					-1	270	271	272	-1	
270	269	0a7d6d906f75c055	4			yes					-1	-1	-1	-1	
271	269	36e7221c100c62f6	4			yes					-1	-1	-1	-1	
272	269	4fe9ed071a8df80c	4			yes					-1	-1	-1	-1	
273	258	be5b857d3b70b3cd	4			yes					-1	274	276	281	
274	273	902e83e526a74144	4			yes					-1	-1	-1	-1	
275	274	108b7e559f2a0c7c	3			no					-1	-2	-2	
276	273	9766251d588b77a6	5			yes					277	278	279	280	-1	
277	276	17c3d8ade1063a9e	4			yes					-1	-1	-1	-1	
278	276	cc4ed0ff67ce5020	4			yes					-1	-1	-1	-1	
279	276	ea9ef58c388fa375	4			yes					-1	-1	-1	-1	
280	276	90745f5ad73dee04	4			yes					-1	-1	-1	-1	
281	273	3ad8b6aa75dfc87a	5			yes					282	283	284	285	-1	
282	281	ba7d4b1acc528542	4			yes					-1	-1	-1	-1	
283	281	61f043484a9aeffc	4			yes					-1	-1	-1	-1	
284	281	4720663b15db1ca9	4			yes					-1	-1	-1	-1	
285	281	3e2ea9201f5a8653	4			yes					-1	-1	-1	-1	
286	258	d1e4927a2728af7c	4			yes					-1	-1	287	288	
287	286	5215a673fb811a15	5			yes					-1	-1	-1	-1	-1	
288	286	094b5cab4754d3b9	3			yes					289	290	-1	
289	288	44edeafdefb8316d	4			yes					-1	-1	-1	-1	
290	288	a939439540befc21	4			yes					-1	-1	-1	-1	
291	258	0b9f2eb91ef94829	4			yes					-1	-1	-1	292	
292	291	91324c91d7f26ed9	6			yes					293	295	297	299	-1	301	
293	292	1197b1216e7f23e1	5			yes					-1	-1	-1	-1	294	
294	293	e24a21b8e9321a69	4			yes					-1	-1	-1	-1	
295	292	2a617018b0273589	5			yes					-1	-1	-1	-1	296	
296	295	d9bce081376a0c01	4			yes					-1	-1	-1	-1	
297	292	62da26bb267dd797	5			yes					-1	-1	-1	-1	298	
298	297	9107b622a130ee1f	4			yes					-1	-1	-1	-1	
299	292	7d9bf29f5dd32343	5			yes					-1	-1	-1	-1	300	
300	299	8e466206da9e1acb	4			yes					-1	-1	-1	-1	
301	292	62efdc0850bf5751	5			yes					-1	-1	-1	-1	-1	
302	258	84953ee43a0c0b68	4			yes					-1	-1	-1	-1	
303	257	8a2ec72c10d69507	4			yes					304	312	315	316	
304	303	36a13043720bbd5a	3			yes					305	310	311	
305	304	d218825aa594d43a	5			yes					-1	306	307	308	309	
306	305	24681d7813a82b02	4			yes					-1	-1	-1	-1	
307	305	58f02280c100f3d1	4			yes					-1	-1	-1	-1	
308	305	ba69d0c21893b0e5	4			yes					-1	-1	-1	-1	
309	305	d9ad8ea51bd7a67e	4			yes					-1	-1	-1	-1	
310	304	3018a9e944521b60	4			yes					-1	-1	-1	-1	
311	304	28d4d2df6752959f	5			yes					-1	-1	-1	-1	-1	
312	303	684fb26471d65167	3			yes					-1	313	314	
313	312	c2fabf4aa43d471c	4			yes					-1	-1	-1	-1	
314	312	591396f86285ebc0	5			yes					-1	-1	-1	-1	-1	
315	303	4149c0a997a0b09a	3			yes					-1	-1	-1	
316	303	958985a284abc9a0	3			yes					-1	-1	-1	
317	257	cb4f3721224ab8dc	5			yes					318	330	338	341	342	
318	317	77c0c04e40979081	4			yes					319	323	325	328	
319	318	578f4972f06aed21	5			yes					-1	320	-1	-1	322	
320	319	a1ffd65046561219	4			yes					-1	-1	-1	321	
321	320	4165a44ca3740c6a	3			yes					-1	-1	-1	
322	319	b7153b6e1548f352	4			yes					-1	-1	-1	-1	
323	318	4d4efcc0bfd5bc9a	5			yes					-1	-1	-1	-1	324	
324	323	add48edc5af7a2e9	4			yes					-1	-1	-1	-1	
325	318	53f9b1efef4d2c64	5			yes					-1	326	-1	-1	327	
326	325	129b2ef2f0305a14	4			yes					-1	-1	-1	-1	
327	325	f92fffe31d39aa17	4			yes					-1	-1	-1	-1	
328	318	7ea3ac41a2ffde79	3			yes					-1	-1	329	
329	328	90f21e1e252feda8	5			yes					-1	-1	-1	-1	-1	
330	317	292e4269434a7cbc	4			yes					-1	331	333	336	
331	330	21f8cf199e5c83aa	5			yes					-1	-1	-1	-1	332	
332	331	c162bd057b7e9dd9	4			yes					-1	-1	-1	-1	
333	330	223ef5c8ea9a523b	5			yes					334	-1	-1	-1	335	
334	333	a29b087853171f03	4			yes					-1	-1	-1	-1	
335	333	88e8bbc418eed448	4			yes					-1	-1	-1	-1	
336	330	204d2e66a1223244	3			yes					-1	-1	337	
337	336	e1355a3920f893f7	5			yes					-1	-1	-1	-1	-1	
338	317	002830a4a53c9d41	4			yes					-1	-1	339	-1	
339	338	66a81457f1514f51	5			yes					-1	-1	-1	-1	340	
340	339	8632664b14735122	4			yes					-1	-1	-1	-1	
341	317	9ceae9ad66c38758	4			yes					-1	-1	-1	-1	
342	317	c22c5b2ec022f624	4			yes					-1	-1	-1	-1	
343	0	78e91724682247a2	5			yes					-1	-1	-1	344	376	
344	343	1b6fbbb34f61d5e3	5			yes					345	356	368	373	375	
345	344	a7e04cdc2dbcfdbe	4			yes					346	350	354	355	
346	345	39d2ff199cb4bec2	5			yes					-1	347	348	349	-1	
347	346	9b46fc761482c50c	4			yes					-1	-1	-1	-1	
348	346	d57b41171695f358	4			yes					-1	-1	-1	-1	
349	346	47c61a840abcbfb0	4			yes					-1	-1	-1	-1	
350	345	5191f1d92e2b4b19	5			yes					-1	-1	351	352	353	
351	350	5fee9f02eeb01f71	4			yes					-1	-1	-1	-1	
352	350	39e0a341932c2fc6	4			yes					-1	-1	-1	-1	
353	350	5a24fd269068395d	4			yes					-1	-1	-1	-1	
354	345	8e45b2e367d22dee	3			yes					-1	-1	-1	
355	345	52d691731753ba6f	5			yes					-1	-1	-1	-1	-1	
356	344	f90ecefb2e611183	4			yes					-1	357	362	363	
357	356	2e84dd986011b3a6	5			yes					358	-1	359	360	361	
358	357	ae212028d99cfe9e	4			yes					-1	-1	-1	-1	
359	357	20fbb343a08ae7ce	4			yes					-1	-1	-1	-1	
360	357	46f58f00dd16d779	4			yes					-1	-1	-1	-1	
361	357	2531d167de52c1e2	4			yes					-1	-1	-1	-1	
362	356	d0ab30c4640fc1d3	3			yes					-1	-1	-1	
363	356	e63f0dfae16c01c2	6			yes					364	-1	365	-1	-1	367	
364	363	669af04a58e14cfa	5			yes					-1	-1	-1	-1	-1	
365	363	296726248ef7f3b3	5			yes					-1	-1	-1	-1	-1	
366	363	e840632121f755aa	5			no					-1	-1	-2	-1	-2	
367	363	4be682dc5c089cd3	5			yes					-1	-1	-1	-1	-1	
368	344	04deeabab61636a5	4			yes					-1	-1	369	370	
369	368	2d7b1485fc78e6f5	3			yes					-1	-1	-1	
370	368	9ed4cadaf3ab539b	6			yes					371	-1	-1	-1	-1	372	
371	370	1e71376a4a261ea3	5			yes					-1	-1	-1	-1	-1	
372	370	330d45fc4ecfce8a	5			yes					-1	-1	-1	-1	-1	
373	344	32ca458c050f05b3	4			yes					-1	-1	-1	374	
374	373	415fd32efaaa0f7b	3			yes					-1	-1	-1	
375	344	68fa2d11b0c4df2b	4			yes					-1	-1	-1	-1	
376	343	4d8c76f1c74ed72d	5			yes					377	396	404	407	408	
377	376	f103819ea593ff70	4			yes					378	389	392	394	
378	377	62e6a7f752ad3f58	6			yes					-1	379	382	384	386	388	
379	378	c072a498da9b4496	5			yes					-1	380	-1	-1	381	
380	379	2cdb1a9650ba090c	4			yes					-1	-1	-1	-1	
381	379	20e8d6843fb95ae5	4			yes					-1	-1	-1	-1	
382	378	8e4f19f9d88c72c2	5			yes					-1	-1	-1	-1	383	
383	382	6ed56be53dae6cb1	4			yes					-1	-1	-1	-1	
384	378	a6ba52d92585924b	5			yes					-1	-1	-1	-1	385	
385	384	462020c5c0a78c38	4			yes					-1	-1	-1	-1	
386	378	de79fca39e7223fb	5			yes					-1	-1	-1	-1	387	
387	386	3ee38ebf7b503d88	4			yes					-1	-1	-1	-1	
388	378	827cd5ebb78f212b	5			yes					-1	-1	-1	-1	-1	
389	377	3ac46bbaa9c924b1	5			yes					-1	-1	-1	390	391	
390	389	920a90e37505c1b0	4			yes					-1	-1	-1	-1	
391	389	901225b65bbda2c2	4			yes					-1	-1	-1	-1	
392	377	37c6ecdee7d2b9da	5			yes					-1	-1	-1	-1	393	
393	392	d75c9ec202f0a7a9	4			yes					-1	-1	-1	-1	
394	377	f860ed9147fbb188	3			yes					-1	395	-1	
395	394	a087af0c7ee77ffd	4			yes					-1	-1	-1	-1	
396	376	afed03b9a64e134d	4			yes					-1	397	401	403	
397	396	45d147fbe7f3dc0e	5			yes					398	-1	-1	399	400	
398	397	c574ba4b5e7e9136	4			yes					-1	-1	-1	-1	
399	397	ed1fbca23b3f390f	4			yes					-1	-1	-1	-1	
400	397	ef0709f715875a7d	4			yes					-1	-1	-1	-1	
401	396	9181222fd32307a3	5			yes					-1	-1	-1	-1	402	
402	401	711b5033360119d0	4			yes					-1	-1	-1	-1	
403	396	a68e6fb644265db5	3			yes					-1	-1	-1	
404	376	523d27f83e39346b	4			yes					-1	-1	405	406	
405	404	aca43871dd5616d8	5			yes					-1	-1	-1	-1	-1	
406	404	5b5e4bf7dc517a93	3			yes					-1	-1	-1	
407	376	483cbf2118c24183	4			yes					-1	-1	-1	-1	
408	376	44ef1afe252699d5	4			yes					-1	-1	-1	-1	
409	0	1e09f9b4925df939	5			yes					-1	-1	-1	-1	410	
410	409	a38c597c9014a3ac	6			yes					411	434	449	459	462	464	
411	410	1f03ae13f2c98bf1	5			yes					412	422	427	431	433	
412	411	fd62db5b93c94f91	4			yes					413	415	-1	418	
413	412	e6506f04efbca8bb	5			yes					-1	-1	-1	-1	-1	
414	413	4c8621081dc82ec8	4			no					-1	-2	-2	-2	
415	412	02f99f76932b07b7	6			yes					-1	416	-1	-1	-1	417	
416	415	a06d9c191b1d7c79	5			yes					-1	-1	-1	-1	-1	
417	415	e263ed6a760919c4	5			yes					-1	-1	-1	-1	-1	
418	412	72d9094a5b1839c8	6			yes					-1	419	-1	-1	420	421	
419	418	d04d0a25d32e4206	5			yes					-1	-1	-1	-1	-1	
420	418	c2af71add129e8b2	5			yes					-1	-1	-1	-1	-1	
421	418	825bf78d8b5a1130	5			yes					-1	-1	-1	-1	-1	
422	411	00b2ff1a0bbe68b7	4			yes					-1	423	-1	424	
423	422	950565414a8f2600	5			yes					-1	-1	-1	-1	-1	
424	422	c1a716aa59fd5e67	6			yes					-1	-1	-1	425	-1	426	
425	424	a9d64432e4fa3ab8	5			yes					-1	-1	-1	-1	-1	
426	424	cdd697219290ebd2	5			yes					-1	-1	-1	-1	-1	
427	411	295774ddadf5dc2a	4			yes					-1	-1	-1	428	
428	427	69aa4246794c46f1	6			yes					-1	-1	-1	429	-1	430	
429	428	01db10dec44b222e	5			yes					-1	-1	-1	-1	-1	
430	428	65dbc3cdb221f344	5			yes					-1	-1	-1	-1	-1	
431	411	c76942c1aca5c494	4			yes					-1	-1	-1	432	
432	431	cb84fe8fc74b70fd	3			yes					-1	-1	-1	
433	411	13ee125d99273f98	4			yes					-1	-1	-1	-1	
434	410	41ed2c34f11467cc	5			yes					-1	435	441	446	448	
435	434	5e5c7d3d0863848a	4			yes					-1	436	-1	437	
436	435	2f818576c2ae201a	5			yes					-1	-1	-1	-1	-1	
437	435	f298680d5daf373d	6			yes					-1	-1	438	-1	439	440	
438	437	2c55f85cdc1e28b5	5			yes					-1	-1	-1	-1	-1	
439	437	42ee10ead79ee647	5			yes					-1	-1	-1	-1	-1	
440	437	021a96ca8ded1fc5	5			yes					-1	-1	-1	-1	-1	
441	434	77b9f6faae283017	4			yes					-1	-1	-1	442	
442	441	05233425eb443834	6			yes					-1	-1	-1	443	-1	445	
443	442	6d5266bd56435ceb	5			yes					-1	-1	-1	-1	444	
444	443	6123e7369d2ee95e	4			yes					-1	-1	-1	-1	
445	442	0952b5ae20298d81	5			yes					-1	-1	-1	-1	-1	
446	434	9987c0e6af7828a9	4			yes					-1	-1	-1	447	
447	446	956a7ca8c4969cc0	3			yes					-1	-1	-1	
448	434	4d00907a9afad3a5	4			yes					-1	-1	-1	-1	
449	410	bc3d0875696340ea	5			yes					-1	-1	450	456	458	
450	449	8a69d2bb365f1731	4			yes					-1	-1	-1	451	
451	450	91fd21ef1abf9798	6			yes					-1	-1	-1	453	-1	455	
452	451	2aae1d667d6accc8	5			no					-1	-1	-2	-1	-2	
453	451	f98c7377a7b8f347	5			yes					-1	-1	-1	-1	454	
454	453	f5fdf2fc6cd546f2	4			yes					-1	-1	-1	-1	
455	451	9d8ca064d1d2222d	5			yes					-1	-1	-1	-1	-1	
456	449	6457e4a7370f0f8f	4			yes					-1	-1	-1	457	
457	456	68ba58e95ce1bbe6	3			yes					-1	-1	-1	
458	449	b0d0b43b028df483	4			yes					-1	-1	-1	-1	
459	410	95d883b2cf28f477	5			yes					-1	-1	-1	460	461	
460	459	4db26f609144bb12	4			yes					-1	-1	-1	-1	
461	459	99353ffca4c6401e	4			yes					-1	-1	-1	-1	
462	410	7be6b5aece78ecc9	5			yes					-1	-1	-1	-1	463	
463	462	770b09e0a59658a0	4			yes					-1	-1	-1	-1	
464	410	af61e532fbfa17c5	5			yes					-1	-1	-1	-1	-1	
465	0	2a9da6507899d36c	5			yes					-1	-1	-1	-1	-1	
