Number of nodes
1160
ID	PID	Hash_Value			File_Number	Fully_Enumerated	Children
0	-1	9f3d270a211119b5	6			yes					1	289	784	-1	-1	-1	
1	0	5e00a9617af24923	4			yes					2	67	123	-1	
2	1	c274441cc6638782	5			yes					3	13	29	41	-1	
3	2	e207028671fc043f	4			yes					4	5	8	-1	
4	3	e324e6f3dc665b9e	4			yes					-1	-1	-1	-1	
5	3	77095f25dc7cae93	4			yes					-1	6	-1	7	
6	5	24d7c0c1f14f7835	3			yes					-1	-1	-1	
7	5	02904c7c0d10150a	3			yes					-1	-1	-1	
8	3	719dc7179668ab2f	5			yes					-1	9	10	11	12	
9	8	b6cea2ebc2a976ba	5			yes					-1	-1	-1	-1	-1	
10	8	8b07bbd3f42ddee2	5			yes					-1	-1	-1	-1	-1	
11	8	5c7482666573bada	4			yes					-1	-1	-1	-1	
12	8	1d2e17579840a94a	4			yes					-1	-1	-1	-1	
13	2	d1d9c87084ad64be	4			yes					-1	14	18	-1	
14	13	7d32413d19729b2f	5			yes					15	16	-1	-1	17	
15	14	4f808a384bd3d8fc	4			yes					-1	-1	-1	-1	
16	14	31489336b1a573a0	4			yes					-1	-1	-1	-1	
17	14	08ab5264c81e20b6	4			yes					-1	-1	-1	-1	
18	13	7ba6d90f53669e93	6			yes					19	21	-1	23	-1	25	
19	18	fe0205835ed3a0ed	5			yes					-1	-1	-1	-1	20	
20	19	dbe0fcadef3a22e4	4			yes					-1	-1	-1	-1	
21	18	37247a58b6f0d6c9	6			yes					-1	-1	-1	-1	-1	22	
22	21	12c68376071954c0	5			yes					-1	-1	-1	-1	-1	
23	18	3fb9b3529c8e761f	5			yes					-1	-1	-1	-1	24	
24	23	1a5b4a7c2d67f416	4			yes					-1	-1	-1	-1	
25	18	1715094f5d4e9cf6	5			yes					26	27	-1	28	-1	
26	25	2e1d87ef6d4d898d	5			yes					-1	-1	-1	-1	-1	
27	25	e73bf834856effa9	6			yes					-1	-1	-1	-1	-1	-1	
28	25	efa6313eaf105f7f	5			yes					-1	-1	-1	-1	-1	
29	2	1800986b0279ecd3	4			yes					-1	-1	30	-1	
30	29	6c294723de01a6b6	5			yes					31	34	36	-1	37	
31	30	ed725efca35725d5	6			yes					-1	32	-1	-1	-1	33	
32	31	3e667a5f72cd0c7a	5			yes					-1	-1	-1	-1	-1	
33	31	c890a7d212bea7dc	5			yes					-1	-1	-1	-1	-1	
34	30	b8809ef371dfc5b7	6			yes					-1	-1	-1	-1	-1	35	
35	34	9d6267ddc03647be	5			yes					-1	-1	-1	-1	-1	
36	30	8a658110993e527b	5			yes					-1	-1	-1	-1	-1	
37	30	009a9763d029a4d3	4			yes					38	39	40	-1	
38	37	3d6ddc9090c90cb5	6			yes					-1	-1	-1	-1	-1	-1	
39	37	689f1c9f4241ecd7	6			yes					-1	-1	-1	-1	-1	-1	
40	37	5a7a037caaa07b1b	5			yes					-1	-1	-1	-1	-1	
41	2	658914a366aed481	6			yes					42	51	57	59	63	65	
42	41	573bdfa6340f9752	5			yes					43	-1	46	-1	48	
43	42	209b1af68abe83ac	5			yes					-1	-1	-1	-1	44	
44	43	0579e3d83b5701a5	4			yes					-1	-1	-1	-1	
45	42	8a17b739bea40795	4			no					-1	-1	-1	-2	
46	42	e6e23c94edd70cd3	5			yes					-1	-1	-1	-1	47	
47	46	c300c5ba5c3e8eda	4			yes					-1	-1	-1	-1	
48	42	3b880fe63a279537	4			yes					49	-1	50	-1	
49	48	f084989ab920aacc	5			yes					-1	-1	-1	-1	-1	
50	48	36fdbef8de4925b3	5			yes					-1	-1	-1	-1	-1	
51	41	29f3c6a8ce793c0e	5			yes					-1	52	53	-1	55	
52	51	eef51d93c1658e9b	5			yes					-1	-1	-1	-1	-1	
53	51	b310fc9b3f5fecb1	5			yes					-1	-1	-1	-1	54	
54	53	96f205b58eb66eb8	4			yes					-1	-1	-1	-1	
55	51	454016e8c0513e6b	4			yes					-1	-1	56	-1	
56	55	630f7ef70cc1c5d1	5			yes					-1	-1	-1	-1	-1	
57	41	534fba0dcaa773f4	5			yes					-1	-1	-1	-1	58	
58	57	76ad43237b4ef1fd	4			yes					-1	-1	-1	-1	
59	41	bdfddc56df6284af	5			yes					-1	-1	-1	-1	60	
60	59	efa5b3ccaa4a51d2	6			yes					-1	-1	61	-1	-1	62	
61	60	3cb1976f7bd0787d	5			yes					-1	-1	-1	-1	-1	
62	60	1a58c88e283dfabb	5			yes					-1	-1	-1	-1	-1	
63	41	486051d295b5c574	5			yes					-1	-1	-1	-1	64	
64	63	24d381929b9dc711	4			yes					-1	-1	-1	-1	
65	41	093ac4e36886d6e4	5			yes					-1	-1	66	-1	-1	
66	65	83503861f9395a94	5			yes					-1	-1	-1	-1	-1	
67	1	015e404f38e57b18	5			yes					68	87	99	109	119	
68	67	100702c512aabb3c	4			yes					69	74	75	79	
69	68	8033fe8ebae0fe8c	5			yes					70	71	72	-1	73	
70	69	1d99c58cd035a514	4			yes					-1	-1	-1	-1	
71	69	c7f2c8a1347e4a07	4			yes					-1	-1	-1	-1	
72	69	22270945183e38d0	4			yes					-1	-1	-1	-1	
73	69	4891a596484c67a7	4			yes					-1	-1	-1	-1	
74	68	c1160e0fd850a8b5	4			yes					-1	-1	-1	-1	
75	68	ee2df090fec27300	5			yes					-1	76	77	-1	78	
76	75	28231791fbab83ba	4			yes					-1	-1	-1	-1	
77	75	4c39075b5c1cb55c	4			yes					-1	-1	-1	-1	
78	75	ff45193ba6a01125	4			yes					-1	-1	-1	-1	
79	68	b2701dd86a430150	5			yes					80	81	84	-1	86	
80	79	ca8558760428f806	4			yes					-1	-1	-1	-1	
81	79	747efad96f2af1ea	4			yes					-1	82	-1	83	
82	81	d66a0d12cdf437b6	3			yes					-1	-1	-1	
83	81	ea0fed15c26c71e2	3			yes					-1	-1	-1	
84	79	1064ea13c89dc70c	4			yes					-1	-1	-1	85	
85	84	8e15fddf65db4704	3			yes					-1	-1	-1	
86	79	2c010a14c7058158	4			yes					-1	-1	-1	-1	
87	67	6fd0413614884d33	4			yes					-1	88	90	93	
88	87	4e506af0d379ed57	5			yes					89	-1	-1	-1	-1	
89	88	0c7357c76501c665	4			yes					-1	-1	-1	-1	
90	87	3c74bbbcfb369f8c	5			yes					-1	-1	91	-1	92	
91	90	9e604c7759e859d0	4			yes					-1	-1	-1	-1	
92	90	2d1c5217a354fda9	4			yes					-1	-1	-1	-1	
93	87	602956f46fb7eddc	5			yes					94	95	96	-1	98	
94	93	220a6bc3d9cfc6ee	4			yes					-1	-1	-1	-1	
95	93	4ea88240b739238e	4			yes					-1	-1	-1	-1	
96	93	c23da13fcd692b80	4			yes					-1	-1	-1	97	
97	96	5c4cb6f3602fab88	3			yes					-1	-1	-1	
98	93	fe584138c2f16dd4	4			yes					-1	-1	-1	-1	
99	67	53e6acb33f32f90f	4			yes					-1	-1	100	101	
100	99	93985c5654ebb0db	4			yes					-1	-1	-1	-1	
101	99	add9bf035747a4b5	5			yes					102	104	106	107	108	
102	101	effa8234e13f8f87	4			yes					-1	-1	-1	103	
103	102	ae2ecbd1572e4a3c	3			yes					-1	-1	-1	
104	101	0332aae3959b15a6	4			yes					-1	-1	-1	105	
105	104	42e6e306238ad01d	3			yes					-1	-1	-1	
106	101	dd11b33cbb634322	4			yes					-1	-1	-1	-1	
107	101	ddd46d0d2e91b80d	4			yes					-1	-1	-1	-1	
108	101	ec0df6e6e156610e	4			yes					-1	-1	-1	-1	
109	67	7a109de9e40d1077	6			yes					110	111	112	115	117	118	
110	109	3833a0de52753b45	5			yes					-1	-1	-1	-1	-1	
111	109	d4fb880926d1a164	5			yes					-1	-1	-1	-1	-1	
112	109	bc1e7ae8e164e0cd	5			yes					-1	-1	113	-1	114	
113	112	1e0a8d2343ba2691	4			yes					-1	-1	-1	-1	
114	112	ad769343b90682e8	4			yes					-1	-1	-1	-1	
115	109	d8046a2246d3d62b	5			yes					-1	-1	-1	-1	116	
116	115	c96c83891eb1b40e	4			yes					-1	-1	-1	-1	
117	109	99bad1b68b71cee2	5			yes					-1	-1	-1	-1	-1	
118	109	6b787442bc6f7252	5			yes					-1	-1	-1	-1	-1	
119	67	83f0e85360b9cb53	4			yes					-1	-1	-1	120	
120	119	2aac3da70a7eb7e9	6			yes					-1	-1	121	122	-1	-1	
121	120	eca2daa60f174753	5			yes					-1	-1	-1	-1	-1	
122	120	88b8ca6ca8a071b5	5			yes					-1	-1	-1	-1	-1	
123	1	aebfddaebaddf332	6			yes					124	144	165	186	203	236	
124	123	7a772191f7575227	5			yes					125	130	137	141	143	
125	124	0282643f993cab71	4			yes					126	127	-1	128	
126	125	b0f43242859c12b0	4			yes					-1	-1	-1	-1	
127	125	8b457bfc018168e3	4			yes					-1	-1	-1	-1	
128	125	93ba8fd59408f0bb	5			yes					-1	-1	-1	-1	129	
129	128	8c4a8178264634b0	4			yes					-1	-1	-1	-1	
130	124	29a9be75da648481	4			yes					-1	131	132	134	
131	130	588b79b818fd6d80	5			yes					-1	-1	-1	-1	-1	
132	130	e89623ea67fa46d7	5			yes					-1	-1	-1	-1	133	
133	132	fc8772a63690554e	4			yes					-1	-1	-1	-1	
134	130	67dfcdf2608bc504	3			yes					-1	135	136	
135	134	08116834d7823dc2	5			yes					-1	-1	-1	-1	-1	
136	134	74f978e5981e6c08	4			yes					-1	-1	-1	-1	
137	124	a203e9644e9b0209	4			yes					-1	-1	138	139	
138	137	0d24fd9ae0affb8f	5			yes					-1	-1	-1	-1	-1	
139	137	ec759ae3f474438c	3			yes					-1	-1	140	
140	139	62ba29e6762a0655	5			yes					-1	-1	-1	-1	-1	
141	124	bd296138407b3e5b	4			yes					-1	-1	-1	142	
142	141	f35f12bffa947fde	3			yes					-1	-1	-1	
143	124	340152164db813a2	4			yes					-1	-1	-1	-1	
144	123	9b8a9133ed755e22	5			yes					145	153	158	162	164	
145	144	d9a9ac045b0d7510	4			yes					146	147	148	150	
146	145	229a283473af95c7	4			yes					-1	-1	-1	-1	
147	145	cd6dc4053f1d51c9	4			yes					-1	-1	-1	-1	
148	145	b01f6d9f970d9200	5			yes					-1	-1	-1	-1	149	
149	148	a40e3cd3c6678199	4			yes					-1	-1	-1	-1	
150	145	97dfdf83e1e23495	3			yes					-1	151	152	
151	150	3e8bfc6fdb99abfc	4			yes					-1	-1	-1	-1	
152	150	e990544423754242	4			yes					-1	-1	-1	-1	
153	144	137fc6ec027756e5	4			yes					-1	154	-1	156	
154	153	3a9d94c0ba8dce9c	5			yes					-1	-1	-1	-1	155	
155	154	2e8cc58cebe7dd05	4			yes					-1	-1	-1	-1	
156	153	4e6407ef00acbefb	5			yes					-1	-1	-1	-1	157	
157	156	51940942b2e27af0	4			yes					-1	-1	-1	-1	
158	144	43fe59c654b90e0c	4			yes					-1	-1	159	160	
159	158	6cfc60ce1c6a5948	5			yes					-1	-1	-1	-1	-1	
160	158	0d882a41ee564f89	3			yes					-1	-1	161	
161	160	0362b4b28aefa492	5			yes					-1	-1	-1	-1	-1	
162	144	5cd4d19a5a59325e	4			yes					-1	-1	-1	163	
163	162	12a2a21de0b673db	3			yes					-1	-1	-1	
164	144	d5fce2b4579a1fa7	4			yes					-1	-1	-1	-1	
165	123	a1c1cdad0862d97e	5			yes					166	175	181	183	185	
166	165	e3e2f09abe1af24c	4			yes					167	169	170	172	
167	166	cfebcc0497bdd316	5			yes					-1	-1	-1	-1	168	
168	167	360e44ba9a921475	4			yes					-1	-1	-1	-1	
169	166	630946931bac701b	4			yes					-1	-1	-1	-1	
170	166	59fb59ba32b11a87	5			yes					-1	-1	-1	-1	171	
171	170	4dea08f663db091e	4			yes					-1	-1	-1	-1	
172	166	ad94831d04f5b3c9	3			yes					173	-1	174	
173	172	29fe4a1728dcd07e	5			yes					-1	-1	-1	-1	-1	
174	172	0074606186c9cac5	4			yes					-1	-1	-1	-1	
175	165	0f2ad84dcabe686d	4			yes					-1	176	177	179	
176	175	4e971acb5c78bda0	5			yes					-1	-1	-1	-1	-1	
177	175	5b71887eaf5295e8	5			yes					-1	-1	-1	-1	178	
178	177	4f60d932fe388671	4			yes					-1	-1	-1	-1	
179	175	415cabca705129e8	3			yes					-1	-1	180	
180	179	02feb1a51b2a45aa	4			yes					-1	-1	-1	-1	
181	165	65e01bf97967b7d8	4			yes					-1	-1	-1	182	
182	181	a86b38803ae0f477	5			yes					-1	-1	-1	-1	-1	
183	165	669f8d04bf4eb502	4			yes					-1	-1	-1	184	
184	183	28e9fe8305a1f487	3			yes					-1	-1	-1	
185	165	efb7be2ab28d98fb	4			yes					-1	-1	-1	-1	
186	123	e612c2389e7df7f7	5			yes					187	194	198	200	201	
187	186	a431ff0f2805dcc5	4			yes					188	190	-1	191	
188	187	81a90167f3b83cf7	5			yes					-1	-1	-1	-1	189	
189	188	784c89d9fe97fb94	4			yes					-1	-1	-1	-1	
190	187	79b8ba2a0564b0a4	4			yes					-1	-1	-1	-1	
191	187	ea478c8892ea9d40	3			yes					192	193	-1	
192	191	67bc87744cd93f9f	5			yes					-1	-1	-1	-1	-1	
193	191	584754f34f207d71	4			yes					-1	-1	-1	-1	
194	186	48f9d7d85ca146e4	4			yes					-1	195	-1	196	
195	194	f873c7025540d01b	5			yes					-1	-1	-1	-1	-1	
196	194	068fa45fe64e0761	3			yes					-1	197	-1	
197	196	d98c29db1f041dce	5			yes					-1	-1	-1	-1	-1	
198	186	b5cc5ddcb34e2151	4			yes					-1	-1	-1	199	
199	198	fbba2e5b09a160d4	3			yes					-1	-1	-1	
200	186	246d45fb01d07ab2	5			yes					-1	-1	-1	-1	-1	
201	186	a864b1bf2492b672	4			yes					-1	-1	-1	202	
202	201	c84329f17c515c34	5			yes					-1	-1	-1	-1	-1	
203	123	7b8ed804bfd3eb8f	6			yes					204	215	224	230	233	235	
204	203	39ade53309abc0bd	5			yes					205	207	208	210	211	
205	204	32a8dcdb5fda1ec9	6			yes					-1	-1	-1	-1	-1	206	
206	205	cb4d546552f5d9aa	5			yes					-1	-1	-1	-1	-1	
207	204	4fea2c4a963dee17	4			yes					-1	-1	-1	-1	
208	204	aca9c7701fc63832	5			yes					-1	-1	-1	-1	209	
209	208	554c4fce12e9ff51	4			yes					-1	-1	-1	-1	
210	204	2601801fe47bcc91	4			yes					-1	-1	-1	-1	
211	204	3aed27ddbbf33bb7	4			yes					212	213	214	-1	
212	211	2afd61cf1fed9943	5			yes					-1	-1	-1	-1	-1	
213	211	81ceccc117624e8e	4			yes					-1	-1	-1	-1	
214	211	b4fc7a645ff1bfb8	4			yes					-1	-1	-1	-1	
215	203	d565cde47d0f5a9c	5			yes					-1	216	218	220	221	
216	215	710b91349f00ea72	6			yes					-1	-1	-1	-1	-1	217	
217	216	88ee198a922f2d11	5			yes					-1	-1	-1	-1	-1	
218	215	fc28b3b2958b3b6a	5			yes					-1	-1	-1	-1	219	
219	218	05cd3b0c98a4fc09	4			yes					-1	-1	-1	-1	
220	215	cac9a8c890df56b0	4			yes					-1	-1	-1	-1	
221	215	d6250f0acf57a196	4			yes					-1	222	223	-1	
222	221	695e2c20df376df8	5			yes					-1	-1	-1	-1	-1	
223	221	e47d0ea6d5bcbce0	4			yes					-1	-1	-1	-1	
224	203	285047e092e03d29	5			yes					-1	-1	225	227	228	
225	224	9486f82fc40789d7	6			yes					-1	-1	-1	-1	-1	226	
226	225	6d637091c9284eb4	5			yes					-1	-1	-1	-1	-1	
227	224	37fc22cc7f303105	4			yes					-1	-1	-1	-1	
228	224	2b10850e20b8c623	4			yes					-1	-1	229	-1	
229	228	8cd3453b84300e5d	5			yes					-1	-1	-1	-1	-1	
230	203	a3fa10f1061fbba1	5			yes					-1	-1	-1	231	232	
231	230	bc5675ddebcfb78d	4			yes					-1	-1	-1	-1	
232	230	a0bad21fb44740ab	4			yes					-1	-1	-1	-1	
233	203	6422bd285203e7a3	5			yes					-1	-1	-1	-1	234	
234	233	67627fc6e05b1ca9	4			yes					-1	-1	-1	-1	
235	203	78ce1aea0d8b1085	5			yes					-1	-1	-1	-1	-1	
236	123	24782bb11dea7ae3	5			yes					237	247	256	265	273	
237	236	e482dad59862dbad	5			yes					238	240	244	246	-1	
238	237	9c779f7bf60922fb	4			yes					-1	-1	-1	-1	
239	238	50a102f2dd401135	4			no					-1	-2	-1	-2	
240	237	b75c4531b5510d0b	4			yes					241	242	243	-1	
241	240	ce5f59e9b0e4164a	4			yes					-1	-1	-1	-1	
242	240	9905265b3ad8d84e	5			yes					-1	-1	-1	-1	-1	
243	240	c20cb8d76907a1fa	4			yes					-1	-1	-1	-1	
244	237	3cf6122021ae8b83	4			yes					-1	-1	245	-1	
245	244	e4b52f5363851c8e	5			yes					-1	-1	-1	-1	-1	
246	237	23dc9a7c2f4eb7d1	4			yes					-1	-1	-1	-1	
247	236	057f6a778240d7a8	5			yes					248	252	253	255	-1	
248	247	475c57403438fc9a	4			yes					-1	250	251	-1	
249	248	045685aec3c1bcab	4			no					-1	-1	-1	-2	
250	248	1689bd0be3dc281f	4			yes					-1	-1	-1	-1	
251	248	79921bc865457ecf	4			yes					-1	-1	-1	-1	
252	247	8d8a3da86d42df6f	4			yes					-1	-1	-1	-1	
253	247	dd0ba2823b8c8786	4			yes					-1	-1	254	-1	
254	253	856db2079f40be49	5			yes					-1	-1	-1	-1	-1	
255	247	c2212ade356cbbd4	4			yes					-1	-1	-1	-1	
256	236	3f3436e9675750f4	5			yes					257	260	262	264	-1	
257	256	7d170bded12f7bc6	4			yes					258	-1	259	-1	
258	257	92e8aa84200bf693	5			yes					-1	-1	-1	-1	-1	
259	257	90762fedc0f9f648	4			yes					-1	-1	-1	-1	
260	256	91df2309a58be1e7	4			yes					-1	-1	261	-1	
261	260	92fcfe295d1a7927	4			yes					-1	-1	-1	-1	
262	256	fb15e0bd16523e52	4			yes					-1	-1	-1	-1	
263	262	cec54313ae133e86	4			no					-1	-1	-2	-2	
264	256	f86a7640d07b3c88	4			yes					-1	-1	-1	-1	
265	236	78e7397cf1487e7d	5			yes					266	269	271	272	-1	
266	265	3ac4044b4730554f	4			yes					267	268	-1	-1	
267	266	dcaa67e7440e1972	5			yes					-1	-1	-1	-1	-1	
268	266	c094ff9264cf5a54	4			yes					-1	-1	-1	-1	
269	265	d60c2c9c3394cf6e	4			yes					-1	270	-1	-1	
270	269	415f82ba34eb3aeb	5			yes					-1	-1	-1	-1	-1	
271	265	2b39a698dc7ba8db	4			yes					-1	-1	-1	-1	
272	265	c808dbfcb6f4313f	5			yes					-1	-1	-1	-1	-1	
273	236	5913b1d389b450d9	6			yes					274	279	283	286	288	-1	
274	273	1b308ce43fcc7beb	5			yes					275	276	277	278	-1	
275	274	6fabba5be86c3b4c	6			yes					-1	-1	-1	-1	-1	-1	
276	274	f897a8afb9080ecf	4			yes					-1	-1	-1	-1	
277	274	f1aaa1f0a8701db7	5			yes					-1	-1	-1	-1	-1	
278	274	049ce9c8d21c77c7	4			yes					-1	-1	-1	-1	
279	273	f7f8a4334b68e1ca	5			yes					-1	280	281	282	-1	
280	279	2c08f7b428b6cff7	6			yes					-1	-1	-1	-1	-1	-1	
281	279	a12bd532223d1eef	5			yes					-1	-1	-1	-1	-1	
282	279	e854c11fa6b8ede6	4			yes					-1	-1	-1	-1	
283	273	0acd2e37a487867f	5			yes					-1	-1	284	285	-1	
284	283	c9859eaf73b1ac52	6			yes					-1	-1	-1	-1	-1	-1	
285	283	15614b1b49578a53	4			yes					-1	-1	-1	-1	
286	273	81677926307800f7	5			yes					-1	-1	-1	287	-1	
287	286	9ecb1c0adda80cdb	4			yes					-1	-1	-1	-1	
288	273	46bfd4ff64645cf5	5			yes					-1	-1	-1	-1	-1	
289	0	c51aeeefe5f87ffe	4			yes					290	393	472	519	
290	289	c1aa231eefec5eee	5			yes					291	300	337	366	384	
291	290	357a882e15f0c2b9	5			yes					292	293	295	297	299	
292	291	a5dba2e3e5275721	4			yes					-1	-1	-1	-1	
293	291	1549b84e23e3a665	4			yes					-1	-1	-1	294	
294	293	6832a39f123101d6	5			yes					-1	-1	-1	-1	-1	
295	291	ed0e40dbac3c9297	4			yes					-1	-1	-1	296	
296	295	1fa181d951a38a25	5			yes					-1	-1	-1	-1	-1	
297	291	91f4da48eccdbd4f	4			yes					-1	-1	-1	298	
298	297	59949956525ce7a1	5			yes					-1	-1	-1	-1	-1	
299	291	cc68803e8635de9c	4			yes					-1	-1	-1	-1	
300	290	82031d0664e8dbd6	4			yes					301	305	316	320	
301	300	6833c9966d0e8670	4			yes					302	-1	-1	303	
302	301	f892e35b9dd913e8	3			yes					-1	-1	-1	
303	301	9121c186fecb9a55	3			yes					-1	-1	304	
304	303	9c3085c77055420c	4			yes					-1	-1	-1	-1	
305	300	4d1fb40b97d75034	5			yes					306	309	312	313	315	
306	305	6c3d51d7f8b3c201	4			yes					-1	-1	-1	307	
307	306	370f5dc7cde77bb4	5			yes					-1	-1	-1	-1	308	
308	307	b250c0f77492be37	4			yes					-1	-1	-1	-1	
309	305	e3f4a1eb550be127	4			yes					-1	-1	-1	310	
310	309	bfe47b04e91cb646	5			yes					-1	-1	-1	-1	311	
311	310	3abbe634506973c5	4			yes					-1	-1	-1	-1	
312	305	6346f3a8d378d204	4			yes					-1	-1	-1	-1	
313	305	5882bf8f7ad2bd33	4			yes					-1	-1	-1	314	
314	313	8c3b19dd01bd684f	5			yes					-1	-1	-1	-1	-1	
315	305	b40dbc1b04124c11	4			yes					-1	-1	-1	-1	
316	300	bda070d8db65df62	4			yes					317	318	-1	319	
317	316	9c829504b4014d57	3			yes					-1	-1	-1	
318	316	134b653819b96e71	3			yes					-1	-1	-1	
319	316	4be82668dcbd4d80	3			yes					-1	-1	-1	
320	300	c19d298332a8a1a7	5			yes					321	329	334	335	336	
321	320	e0bfcc5f5dcc3392	4			yes					322	-1	324	325	
322	321	edd338c0dab0cf77	5			yes					-1	-1	-1	-1	323	
323	322	cd4560a0a2fd7642	4			yes					-1	-1	-1	-1	
324	321	ad6d0901560d333e	4			yes					-1	-1	-1	-1	
325	321	ce4491d24ae4a043	3			yes					326	-1	327	
326	325	481afd901b88b3c1	5			yes					-1	-1	-1	-1	-1	
327	325	2d2b6deffc7bc8ae	5			yes					-1	-1	-1	-1	328	
328	327	4ec2d8ffa7f9a025	4			yes					-1	-1	-1	-1	
329	320	6f763c63f07410b4	4			yes					-1	-1	330	331	
330	329	a174f9d309dc71c9	4			yes					-1	-1	-1	-1	
331	329	418d61eee75c8365	3			yes					-1	-1	332	
332	331	21329d3da3aa8a59	5			yes					-1	-1	-1	-1	333	
333	332	42db282df828e2d2	4			yes					-1	-1	-1	-1	
334	320	f4cb3d319299d0a8	5			yes					-1	-1	-1	-1	-1	
335	320	65137be5cb95de51	4			yes					-1	-1	-1	-1	
336	320	ef66740e25803276	4			yes					-1	-1	-1	-1	
337	290	1bdeff692bf635bf	4			yes					338	-1	342	348	
338	337	41794ed4ea2af59a	4			yes					339	-1	-1	340	
339	338	d1d864191afd6002	3			yes					-1	-1	-1	
340	338	b86b46c479efe9bf	3			yes					-1	341	-1	
341	340	1c591de43e64230d	5			yes					-1	-1	-1	-1	-1	
342	337	2f6ba4d061688c2a	5			yes					343	344	345	346	347	
343	342	0e49410c0e0c1e1f	4			yes					-1	-1	-1	-1	
344	342	8180b130a3b43d39	4			yes					-1	-1	-1	-1	
345	342	7cb53b344c5b5a8c	4			yes					-1	-1	-1	-1	
346	342	6eafddf45dd2287f	4			yes					-1	-1	-1	-1	
347	342	9dd316fcbc3151d5	4			yes					-1	-1	-1	-1	
348	337	fa156e3c28887eaa	5			yes					349	357	362	364	365	
349	348	db378be047ecec9f	4			yes					350	352	-1	354	
350	349	a391f5a3beb52096	5			yes					-1	-1	-1	-1	351	
351	350	8307adc3c6f899a3	4			yes					-1	-1	-1	-1	
352	349	8cbfc81ca58930fd	4			yes					-1	-1	-1	353	
353	352	ac29907cddc489c8	3			yes					-1	-1	-1	
354	349	f5ccd66d50c47f4e	3			yes					355	356	-1	
355	354	065830f37f8d5c20	5			yes					-1	-1	-1	-1	-1	
356	354	29760d4c64b14c4b	4			yes					-1	-1	-1	-1	
357	348	54fe7bdcea54cfb9	4			yes					-1	358	-1	360	
358	357	03e79422379f9dda	5			yes					-1	-1	-1	-1	359	
359	358	2371cc424fd224ef	4			yes					-1	-1	-1	-1	
360	357	7a052651fd7c5c68	3			yes					-1	361	-1	
361	360	a62e5172f6a7e16c	5			yes					-1	-1	-1	-1	-1	
362	348	a9cbf1d805bba80c	4			yes					-1	-1	-1	363	
363	362	8730ac5512933bdd	3			yes					-1	-1	-1	
364	348	96159c6cfa1a8b93	5			yes					-1	-1	-1	-1	-1	
365	348	d4ee33b13fa0ed7b	4			yes					-1	-1	-1	-1	
366	290	1f030a73b2212980	4			yes					367	-1	-1	369	
367	366	9eae84e878d03388	4			yes					368	-1	-1	-1	
368	367	0e0fae258807a610	3			yes					-1	-1	-1	
369	366	ae95defcd50a9739	5			yes					370	376	380	382	383	
370	369	8fb73b20ba6e050c	4			yes					371	373	375	-1	
371	370	ab5917f3448a35cb	5			yes					-1	-1	-1	372	-1	
372	371	f642f055bf0862eb	4			yes					-1	-1	-1	-1	
373	370	e4c613ed2c46b0f8	4			yes					-1	-1	-1	374	
374	373	c4504b8d540b09cd	3			yes					-1	-1	-1	
375	370	35580c5804961330	4			yes					-1	-1	-1	-1	
376	369	007ecb1c17d6262a	4			yes					-1	377	379	-1	
377	376	e6697b0a46620ce8	5			yes					-1	-1	-1	378	-1	
378	377	bb729cacbde05bc8	4			yes					-1	-1	-1	-1	
379	376	6b4a598c4ce9ddf0	4			yes					-1	-1	-1	-1	
380	369	fd4b4118f839419f	4			yes					-1	-1	381	-1	
381	380	03e412111d656f4d	5			yes					-1	-1	-1	-1	-1	
382	369	76e116096cc6c717	4			yes					-1	-1	-1	-1	
383	369	0463a72d3947a5ae	4			yes					-1	-1	-1	-1	
384	290	593a40cbd6cc2cf0	4			yes					385	-1	-1	-1	
385	384	e293ddb3911d4d4d	5			yes					386	387	389	391	-1	
386	385	7232f77e61cad8d5	4			yes					-1	-1	-1	-1	
387	385	cdfb66cfd3097d60	5			yes					-1	-1	-1	-1	388	
388	387	ed6d3eafab44c455	4			yes					-1	-1	-1	-1	
389	385	93bd5825a9041c26	5			yes					-1	390	-1	-1	-1	
390	389	c669f5515871e62a	4			yes					-1	-1	-1	-1	
391	385	f48df03682981e5a	5			yes					-1	-1	-1	-1	-1	
392	391	a1595d4273ede456	4			no					-1	-1	-2	-1	
393	289	39a0ff3fede3678e	5			yes					394	406	425	447	462	
394	393	761809f4dba48169	5			yes					395	397	401	403	405	
395	394	cf82c41dc978924d	4			yes					396	-1	-1	-1	
396	395	1cceaefa4f105526	3			yes					-1	-1	-1	
397	394	a55463135dcc4602	4			yes					-1	-1	398	400	
398	397	01da3175a4f139f4	3			yes					-1	-1	399	
399	398	499e02ba1f23825b	5			yes					-1	-1	-1	-1	-1	
400	397	5c466b03ce095a27	3			yes					-1	-1	-1	
401	394	374afd78fe4cb79c	4			yes					-1	-1	-1	402	
402	401	4daf9f4ab2fa20c2	5			yes					-1	-1	-1	-1	-1	
403	394	d2965b922299fe9f	4			yes					-1	-1	-1	404	
404	403	2edb90e2cf3497a2	5			yes					-1	-1	-1	-1	-1	
405	394	8f0a01e448619d4c	4			yes					-1	-1	-1	-1	
406	393	067ce3dd1bce2e1f	4			yes					407	413	415	417	
407	406	2ee71d8bc698957d	5			yes					408	409	410	411	412	
408	407	b34d2689ac4dcee5	4			yes					-1	-1	-1	-1	
409	407	1842a981b9e16865	4			yes					-1	-1	-1	-1	
410	407	f693d57e7f54c553	4			yes					-1	-1	-1	-1	
411	407	8a694fed3fa5ea8b	4			yes					-1	-1	-1	-1	
412	407	d7f5159b555d8958	4			yes					-1	-1	-1	-1	
413	406	0fb8605ca27950cd	4			yes					-1	-1	-1	414	
414	413	f6aa684c31bc4ce8	3			yes					-1	-1	-1	
415	406	1b6004805a780fed	4			yes					416	-1	-1	-1	
416	415	fa7026dec5522085	3			yes					-1	-1	-1	
417	406	675d5ddbb3b57128	5			yes					418	419	421	422	424	
418	417	864d7f852c9f5e40	4			yes					-1	-1	-1	-1	
419	417	2a37d93954d7f5ba	4			yes					-1	-1	-1	420	
420	419	04cc84b443ff666b	3			yes					-1	-1	-1	
421	417	260fa957965d47dd	4			yes					-1	-1	-1	-1	
422	417	c3d30fbd4a880ede	4			yes					-1	-1	-1	423	
423	422	ed2852305da09d0f	3			yes					-1	-1	-1	
424	417	49a60056a49de2f9	4			yes					-1	-1	-1	-1	
425	393	90d085d1b25e29e0	4			yes					426	-1	431	434	
426	425	fedde915e47fdd42	5			yes					-1	427	-1	-1	429	
427	426	2d9183f262171a29	4			yes					-1	-1	-1	428	
428	427	5b43a5b41b521114	6			yes					-1	-1	-1	-1	-1	-1	
429	426	07cfe10577bac167	4			yes					-1	-1	-1	430	
430	429	758ae89c8c35f373	5			yes					-1	-1	-1	-1	-1	
431	425	c162256efa294021	5			yes					-1	432	433	-1	-1	
432	431	0d830a6404a9103f	4			yes					-1	-1	-1	-1	
433	431	122e4f897c41874a	4			yes					-1	-1	-1	-1	
434	425	bd5f7c3513e43ee4	6			yes					435	436	439	441	445	446	
435	434	dca0912b19fc4c9a	5			yes					-1	-1	-1	-1	-1	
436	434	71be533fed646efa	5			yes					-1	437	-1	-1	438	
437	436	a2f239d86b0ca991	4			yes					-1	-1	-1	-1	
438	436	5f450eb2fa4cfd2b	4			yes					-1	-1	-1	-1	
439	434	6e1316d2958cf98f	5			yes					-1	-1	-1	-1	440	
440	439	40e84b5f82a46a5e	4			yes					-1	-1	-1	-1	
441	434	74c8685809d7543a	5			yes					-1	442	443	-1	444	
442	441	b8294752f7570424	4			yes					-1	-1	-1	-1	
443	441	a78402bf8fbf9351	4			yes					-1	-1	-1	-1	
444	441	5a3335d51effc7eb	4			yes					-1	-1	-1	-1	
445	434	19d12e53ead94112	5			yes					-1	-1	-1	-1	-1	
446	434	93a421b804ccad35	5			yes					-1	-1	-1	-1	-1	
447	393	e709d652b02e10e0	4			yes					448	-1	-1	451	
448	447	ddcc0532b6847058	4			yes					449	450	-1	-1	
449	448	6456c8dba458637c	3			yes					-1	-1	-1	
450	448	0e806fd530ecb733	3			yes					-1	-1	-1	
451	447	1519eaee2e67bc7f	5			yes					452	455	458	460	461	
452	451	f409c8b0b14d9317	4			yes					453	454	-1	-1	
453	452	7a0705d6bd3adf13	5			yes					-1	-1	-1	-1	-1	
454	452	f7ca80058e075cd7	5			yes					-1	-1	-1	-1	-1	
455	451	d9f8c5e4d0e7ec61	4			yes					-1	456	-1	457	
456	455	0ab4af03568f2b0a	3			yes					-1	-1	-1	
457	455	730ebc353caadef6	3			yes					-1	-1	-1	
458	451	c6558009a80f7b14	4			yes					-1	-1	-1	459	
459	458	6ca3f9d844424983	3			yes					-1	-1	-1	
460	451	544b1e620b8f8a8a	4			yes					-1	-1	-1	-1	
461	451	bfef933fc22a8ee8	4			yes					-1	-1	-1	-1	
462	393	a1309cead4c31590	4			yes					463	-1	-1	-1	
463	462	a1f15c695f490e9d	5			yes					464	465	467	468	-1	
464	463	186b91804d951db9	4			yes					-1	-1	-1	-1	
465	463	72bd368ed921c9f6	4			yes					-1	-1	466	-1	
466	465	e4876bdacfe77ba0	5			yes					-1	-1	-1	-1	-1	
467	463	5d4eea1d06700bde	5			yes					-1	-1	-1	-1	-1	
468	463	057f0e0fa674716b	4			yes					-1	-1	-1	470	
469	468	a46610fbf27403c5	5			no					-1	-2	-2	-1	-2	
470	468	a302933564df79d4	6			yes					-1	-1	-1	-1	-1	471	
471	470	c0eb26253f5d115f	5			yes					-1	-1	-1	-1	-1	
472	289	106ecc7ae7e40654	5			yes					473	482	500	509	514	
473	472	a2277a06eacde287	5			yes					474	475	478	480	481	
474	473	dad23fa884a61bd1	4			yes					-1	-1	-1	-1	
475	473	f1f9e5e2c7fe3421	4			yes					-1	476	477	-1	
476	475	8ad55883d73cea5e	3			yes					-1	-1	-1	
477	475	d73212156965f483	3			yes					-1	-1	-1	
478	473	d90bc767fa0f3cf8	4			yes					-1	-1	479	-1	
479	478	ffc030905494fc5a	3			yes					-1	-1	-1	
480	473	84ec8df144562225	4			yes					-1	-1	-1	-1	
481	473	76cc90dcfd01312d	4			yes					-1	-1	-1	-1	
482	472	7ee0cd03cb89307f	4			yes					483	487	493	496	
483	482	a73f3d21539f2195	5			yes					484	-1	485	486	-1	
484	483	3a950623394a7a0d	4			yes					-1	-1	-1	-1	
485	483	dc138040435dffea	4			yes					-1	-1	-1	-1	
486	483	81f4cad6fd04e137	4			yes					-1	-1	-1	-1	
487	482	94b1aa631c4a53be	5			yes					488	489	490	491	492	
488	487	75a1883d83607cd6	4			yes					-1	-1	-1	-1	
489	487	fcb804ea580ddf01	4			yes					-1	-1	-1	-1	
490	487	7b3991fa623ab0df	4			yes					-1	-1	-1	-1	
491	487	b27a5d94b2d1931c	4			yes					-1	-1	-1	-1	
492	487	405a40b90b868014	4			yes					-1	-1	-1	-1	
493	482	7b86a45087968a79	4			yes					494	-1	-1	495	
494	493	9a96860e18bca511	3			yes					-1	-1	-1	
495	493	af6d4e8a905a59d3	3			yes					-1	-1	-1	
496	482	972157f5c8a0bda8	5			yes					-1	-1	497	499	-1	
497	496	ec0dea94d86263d7	4			yes					-1	-1	498	-1	
498	497	cac61d6376f9a375	3			yes					-1	-1	-1	
499	496	b1eaa002663b7d0a	4			yes					-1	-1	-1	-1	
500	472	53c7f2626ce0836c	4			yes					501	-1	503	507	
501	500	9316faad06cdb0be	4			yes					-1	-1	502	-1	
502	501	b5dd0d5aa856701c	3			yes					-1	-1	-1	
503	500	8f33c41669415ee7	5			yes					504	505	-1	-1	506	
504	503	6e23e648f66b718f	4			yes					-1	-1	-1	-1	
505	503	21d8d1f6ab9deff4	4			yes					-1	-1	-1	-1	
506	503	7621cc06fa8442c2	4			yes					-1	-1	-1	-1	
507	500	d3d00a85244d80e3	5			yes					-1	-1	-1	508	-1	
508	507	f51bfd728ad64041	4			yes					-1	-1	-1	-1	
509	472	ca60201335abf03f	4			yes					510	-1	-1	512	
510	509	39480b9bb4e68226	4			yes					-1	511	-1	-1	
511	510	6a96947f99d55480	3			yes					-1	-1	-1	
512	509	7559874911864ec9	5			yes					-1	-1	-1	-1	513	
513	512	07a1b0aed65b2c4d	4			yes					-1	-1	-1	-1	
514	472	1e1c008355b82079	4			yes					515	-1	-1	-1	
515	514	d5eff83efbd0b5f7	5			yes					-1	516	517	518	-1	
516	515	9b72761b69fb19ef	5			yes					-1	-1	-1	-1	-1	
517	515	aec3455feb126b88	4			yes					-1	-1	-1	-1	
518	515	f3240fc9554b7555	4			yes					-1	-1	-1	-1	
519	289	ecb61af48588b112	6			yes					520	612	687	743	776	783	
520	519	0583c97fa516d413	5			yes					521	555	571	586	599	
521	520	42b148197d8540ce	6			yes					522	526	530	540	548	552	
522	521	df1b731b17501b56	5			yes					-1	-1	-1	523	525	
523	522	67ed91d78ee9d047	4			yes					-1	-1	-1	524	
524	523	cf633cfcd02e98a2	3			yes					-1	-1	-1	
525	522	7795de30499753b3	4			yes					-1	-1	-1	-1	
526	521	41008cd3cd3b9912	6			yes					-1	-1	-1	-1	527	529	
527	526	486db942a003561a	5			yes					-1	-1	-1	-1	528	
528	527	5c7ce80ef1694583	4			yes					-1	-1	-1	-1	
529	526	5511dd9f9c518a8b	5			yes					-1	-1	-1	-1	-1	
530	521	9ac580ecc44910e0	5			yes					-1	531	533	535	536	
531	530	0cb11ae8ce248601	6			yes					-1	-1	-1	-1	-1	532	
532	531	18a04ba49f4e9598	5			yes					-1	-1	-1	-1	-1	
533	530	bacf7a6f53f43e07	6			yes					-1	-1	-1	-1	-1	534	
534	533	aede2b23029e2d9e	5			yes					-1	-1	-1	-1	-1	
535	530	0936ae01179f2ac0	5			yes					-1	-1	-1	-1	-1	
536	530	324b2dc79a8e5805	4			yes					-1	537	538	539	
537	536	141c0f696c4dea08	6			yes					-1	-1	-1	-1	-1	-1	
538	536	a2626feef19d520e	6			yes					-1	-1	-1	-1	-1	-1	
539	536	7eb939e0e2c93c4b	5			yes					-1	-1	-1	-1	-1	
540	521	e63f1a7f84b83f38	5			yes					-1	541	-1	543	545	
541	540	98274f0c76e31b38	5			yes					-1	-1	-1	-1	542	
542	541	8c361e40278908a1	4			yes					-1	-1	-1	-1	
543	540	780e16d4c80c0806	6			yes					-1	-1	-1	-1	-1	544	
544	543	763a99f1c0063b2f	5			yes					-1	-1	-1	-1	-1	
545	540	4eb1b754da7f77dd	4			yes					-1	546	-1	547	
546	545	808a5a8dd48a7731	5			yes					-1	-1	-1	-1	-1	
547	545	15d32ce19b8453a4	6			yes					-1	-1	-1	-1	-1	-1	
548	521	fa47aad5e43c8bdf	5			yes					-1	549	-1	-1	550	
549	548	8b43a9604f3732f5	5			yes					-1	-1	-1	-1	-1	
550	548	52c907febafbc33a	4			yes					-1	551	-1	-1	
551	550	d923753e481c8000	5			yes					-1	-1	-1	-1	-1	
552	521	ea3fe5322342082b	5			yes					-1	553	-1	-1	-1	
553	552	59ad99526f52f51b	6			yes					-1	-1	-1	-1	554	-1	
554	553	50c0acc3026a3a13	5			yes					-1	-1	-1	-1	-1	
555	520	08228e7b212d6bf2	5			yes					556	558	560	565	568	
556	555	9cdda17d85bc51a3	6			yes					-1	-1	-1	-1	-1	557	
557	556	88ccf031d4d6423a	5			yes					-1	-1	-1	-1	-1	
558	555	5a7a8ac5cce06eb8	6			yes					-1	-1	-1	-1	-1	559	
559	558	4e6bdb899d8a7d21	5			yes					-1	-1	-1	-1	-1	
560	555	acacdc1dd8101404	4			yes					-1	-1	561	563	
561	560	1f530f2e5355655c	6			yes					-1	-1	-1	-1	-1	562	
562	561	1167800b5b5f5675	5			yes					-1	-1	-1	-1	-1	
563	560	0422713686d75ce1	3			yes					-1	-1	564	
564	563	728e351b00dd3efe	6			yes					-1	-1	-1	-1	-1	-1	
565	555	b0d46cb7b894a0e3	4			yes					-1	-1	-1	567	
566	565	569e84ce07b0fa44	5			no					-1	-2	-2	-2	-2	
567	565	185ac19ce653e806	3			yes					-1	-1	-1	
568	555	a0ac23507fea2317	4			yes					569	570	-1	-1	
569	568	8470b4fc27d53daa	6			yes					-1	-1	-1	-1	-1	-1	
570	568	42d79f446e8902b1	6			yes					-1	-1	-1	-1	-1	-1	
571	520	33aac9c43b0db4ff	5			yes					572	574	579	581	583	
572	571	00e02ff6d3e0d30b	6			yes					-1	-1	-1	-1	-1	573	
573	572	14f17eba828ac092	5			yes					-1	-1	-1	-1	-1	
574	571	60745620163e6259	4			yes					-1	-1	575	577	
575	574	5e9ea92ba37aab12	5			yes					-1	-1	-1	-1	576	
576	575	89a1e8451d24dc64	4			yes					-1	-1	-1	-1	
577	574	c8fafb0b48f92abc	3			yes					-1	-1	578	
578	577	0cfe7575a45119e7	5			yes					-1	-1	-1	-1	-1	
579	571	0836556a0f3ea6a8	6			yes					-1	-1	-1	-1	-1	580	
580	579	1c2704265e54b531	5			yes					-1	-1	-1	-1	-1	
581	571	8b5c2b08a2b47fee	4			yes					-1	-1	-1	582	
582	581	23d28623fc73370b	3			yes					-1	-1	-1	
583	571	9b2464ef65cafc1a	4			yes					584	-1	585	-1	
584	583	184d3a777189bf02	6			yes					-1	-1	-1	-1	-1	-1	
585	583	109b40ebad57caa1	6			yes					-1	-1	-1	-1	-1	-1	
586	520	f6bf2e9567aec9bc	5			yes					587	589	594	596	597	
587	586	e07c0663fd9ff02e	6			yes					-1	-1	-1	-1	-1	588	
588	587	f46d572facf5e3b7	5			yes					-1	-1	-1	-1	-1	
589	586	a561b1714a9d1f1a	4			yes					-1	590	-1	592	
590	589	45016e20975ce725	6			yes					-1	-1	-1	-1	-1	591	
591	590	51103f6cc636f4bc	5			yes					-1	-1	-1	-1	-1	
592	589	0def1c5a145a57ff	3			yes					-1	593	-1	
593	592	5dac7ba135358b2c	6			yes					-1	-1	-1	-1	-1	-1	
594	586	2ecbe660de629992	4			yes					-1	-1	-1	595	
595	594	86454b4b80a5d177	3			yes					-1	-1	-1	
596	586	5bd1bf94a453373b	4			yes					-1	-1	-1	-1	
597	586	5e3183be39698159	4			yes					598	-1	-1	-1	
598	597	f8d113e25ff69c27	6			yes					-1	-1	-1	-1	-1	-1	
599	520	792a1d54148193f9	5			yes					600	601	607	610	611	
600	599	01df58fa7aea6aaf	4			yes					-1	-1	-1	-1	
601	599	2af482b039b2455f	4			yes					-1	602	604	605	
602	601	73308159f1ccd506	5			yes					-1	-1	-1	-1	-1	
603	602	53a6d93989816c33	4			no					-1	-2	-1	-1	
604	601	61efe9416d3d0f85	4			yes					-1	-1	-1	-1	
605	601	040fdf3d2e9ad68e	3			yes					-1	606	-1	
606	605	d6f9440930f4a9b0	5			yes					-1	-1	-1	-1	-1	
607	599	a15ed5a1ad4dc3d7	4			yes					-1	-1	608	609	
608	607	e7504caa30cfe41a	5			yes					-1	-1	-1	-1	-1	
609	607	8fa5882cba655006	3			yes					-1	-1	-1	
610	599	dda44f32edbcec0f	4			yes					-1	-1	-1	-1	
611	599	57d140d903a90028	4			yes					-1	-1	-1	-1	
612	519	82381b8da9e58739	5			yes					-1	613	641	654	667	
613	612	424f5a0f9e3ec95d	6			yes					614	625	629	631	638	640	
614	613	a35f78510114e635	5			yes					-1	615	617	619	621	
615	614	b892df75ccefbebe	5			yes					-1	-1	-1	-1	616	
616	615	ac838e399d85ad27	4			yes					-1	-1	-1	-1	
617	614	375679b547a18477	5			yes					-1	-1	-1	-1	618	
618	617	234728f916cb97ee	4			yes					-1	-1	-1	-1	
619	614	24329fd97e75adba	5			yes					-1	-1	-1	-1	620	
620	619	f30ddeb7c02bdacc	4			yes					-1	-1	-1	-1	
621	614	0bd1d57a5fd3aed0	4			yes					-1	622	623	624	
622	621	a03fcaf46e86d2b7	5			yes					-1	-1	-1	-1	-1	
623	621	2ffb6c34e5c8e87e	5			yes					-1	-1	-1	-1	-1	
624	621	76524387795e1f4f	5			yes					-1	-1	-1	-1	-1	
625	613	2a46f486da7945e2	5			yes					-1	-1	-1	626	628	
626	625	92b0164a43c08ef3	4			yes					-1	-1	-1	627	
627	626	3a3ebb611d07c616	3			yes					-1	-1	-1	
628	625	82c859ad84be0d07	4			yes					-1	-1	-1	-1	
629	613	3def9156e52e5fd5	5			yes					-1	-1	-1	-1	630	
630	629	95613c7dbbe91730	4			yes					-1	-1	-1	-1	
631	613	e6c108696703b6ab	5			yes					-1	-1	-1	632	637	
632	631	5e37eaa5feba7dba	4			yes					633	-1	-1	635	
633	632	6b36a7d3ead1aeea	5			yes					-1	-1	-1	-1	634	
634	633	650228f6e2db9dc3	4			yes					-1	-1	-1	-1	
635	632	f6b9478ea07d355f	3			yes					636	-1	-1	
636	635	06eb9de6b959f548	5			yes					-1	-1	-1	-1	-1	
637	631	4e4fa54239c4fe4e	4			yes					-1	-1	-1	-1	
638	613	fab9b8c30787024c	5			yes					-1	-1	-1	-1	639	
639	638	523715e859404aa9	4			yes					-1	-1	-1	-1	
640	613	eac1f724c0f981b8	5			yes					-1	-1	-1	-1	-1	
641	612	7164660f087dbca0	5			yes					642	647	649	651	653	
642	641	90744451975793c8	4			yes					-1	-1	643	645	
643	642	8c8bb5bc6f7041c6	5			yes					-1	-1	-1	-1	-1	
644	643	5bb4f4d2d12e36b0	4			yes					-1	-1	-1	-1	
645	642	38fae97ac990db2d	3			yes					-1	-1	646	
646	645	deeb69e2685bf333	5			yes					-1	-1	-1	-1	-1	
647	641	f99131d0e77fb467	4			yes					-1	-1	-1	648	
648	647	511f9cfbb9b8fc82	3			yes					-1	-1	-1	
649	641	799d3a66b756a45b	4			yes					-1	-1	-1	650	
650	649	d113974de991ecbe	3			yes					-1	-1	-1	
651	641	c99284c391c477b1	4			yes					-1	-1	-1	652	
652	651	611c29e8cf033f54	3			yes					-1	-1	-1	
653	641	d9eacb2456baf445	4			yes					-1	-1	-1	-1	
654	612	b471815e54dec1e3	5			yes					655	660	662	664	666	
655	654	5561a300cbf4ee8b	4			yes					-1	656	-1	658	
656	655	df98cc9ac15b1980	5			yes					-1	-1	-1	-1	657	
657	656	cb899dd690310a19	4			yes					-1	-1	-1	-1	
658	655	fdef0e2b9533a66e	3			yes					-1	659	-1	
659	658	c735d91b63327589	5			yes					-1	-1	-1	-1	-1	
660	654	3c84d681bbdcc924	4			yes					-1	-1	-1	661	
661	660	940a7baae51b81c1	3			yes					-1	-1	-1	
662	654	6c0549abed1291cd	4			yes					-1	-1	-1	663	
663	662	c48be480b3d5d928	3			yes					-1	-1	-1	
664	654	191f105f97233f64	4			yes					-1	-1	-1	665	
665	664	b191bd74c9e47781	3			yes					-1	-1	-1	
666	654	1cff2c750a198906	4			yes					-1	-1	-1	-1	
667	612	ae411889324dfc06	4			yes					668	674	680	682	
668	667	7c325a73add350eb	5			yes					669	670	671	672	-1	
669	668	e1986171c7060b73	4			yes					-1	-1	-1	-1	
670	668	7ceab06e8924fcb6	5			yes					-1	-1	-1	-1	-1	
671	668	f2a5e01c1a6eaa48	5			yes					-1	-1	-1	-1	-1	
672	668	9595480f31f2a834	5			yes					-1	-1	-1	-1	-1	
673	672	61f6a0751993bc51	4			no					-1	-1	-2	-1	
674	667	7ccc48654e68d978	5			yes					675	676	677	678	-1	
675	674	d39b86d7b86663f9	5			yes					-1	-1	-1	-1	-1	
676	674	14c5e6ec0a2f55c7	4			yes					-1	-1	-1	-1	
677	674	036c833c35784ff0	4			yes					-1	-1	-1	-1	
678	674	d8421a03b755a68e	4			yes					679	-1	-1	-1	
679	678	86adf908132f0ed8	4			yes					-1	-1	-1	-1	
680	667	4fe77465d82bac85	4			yes					681	-1	-1	-1	
681	680	7b22acb2a9638f85	5			yes					-1	-1	-1	-1	-1	
682	667	1b67c4a525a94516	4			yes					683	-1	685	-1	
683	682	73ea4ee2535c9ad8	5			yes					-1	-1	-1	684	-1	
684	683	2ef1a944a8decdf8	4			yes					-1	-1	-1	-1	
685	682	c3130c509c651538	3			yes					686	-1	-1	
686	685	0a263be251044a5c	4			yes					-1	-1	-1	-1	
687	519	af1f24ec0e8c342a	5			yes					-1	-1	688	713	726	
688	687	6447347e332272b8	6			yes					689	698	704	708	710	712	
689	688	85571620ac085dd0	5			yes					690	-1	692	694	695	
690	689	3e563c25141e7ccb	6			yes					-1	-1	-1	-1	-1	691	
691	690	2a476d6945746f52	5			yes					-1	-1	-1	-1	-1	
692	689	cbe7b393cd436fee	5			yes					-1	-1	-1	-1	693	
693	692	dff6e2df9c297c77	4			yes					-1	-1	-1	-1	
694	689	656f8199caccc941	5			yes					-1	-1	-1	-1	-1	
695	689	2dd9bb0bf2cf1535	4			yes					696	-1	697	-1	
696	695	26fb29a4b67710c2	6			yes					-1	-1	-1	-1	-1	-1	
697	695	d34aa6126f2a03e7	5			yes					-1	-1	-1	-1	-1	
698	688	caac219ef1fec3ab	5			yes					-1	-1	-1	699	703	
699	698	725ac352684708ba	4			yes					700	-1	-1	701	
700	699	f41519969612d72c	5			yes					-1	-1	-1	-1	-1	
701	699	dad46e793680405f	3			yes					702	-1	-1	
702	701	a675c5c8913965d9	5			yes					-1	-1	-1	-1	-1	
703	698	62228cb5af398b4e	4			yes					-1	-1	-1	-1	
704	688	4a1e73dd778df088	5			yes					-1	-1	-1	705	707	
705	704	f2e89111ee343b99	4			yes					-1	-1	-1	706	
706	705	5a663c3ab0f3737c	3			yes					-1	-1	-1	
707	704	e290def6294ab86d	4			yes					-1	-1	-1	-1	
708	688	71da3ffade279fbf	5			yes					-1	-1	-1	-1	709	
709	708	d95492d180e0d75a	4			yes					-1	-1	-1	-1	
710	688	dcb1d6b2aa9bb9a9	5			yes					-1	-1	-1	-1	711	
711	710	743f7b99f45cf14c	4			yes					-1	-1	-1	-1	
712	688	ccc999556de53a5d	5			yes					-1	-1	-1	-1	-1	
713	687	8e3addc0b1c946bf	5			yes					714	719	721	723	725	
714	713	6f2aff9e2ee369d7	4			yes					715	-1	-1	717	
715	714	5a38c3a1414bd0eb	6			yes					-1	-1	-1	-1	-1	716	
716	715	4e2992ed1021c372	5			yes					-1	-1	-1	-1	-1	
717	714	c7a452b570242132	3			yes					718	-1	-1	
718	717	4295d620e322bce2	6			yes					-1	-1	-1	-1	-1	-1	
719	713	20d1c8207315f7ac	4			yes					-1	-1	-1	720	
720	719	885f650b2dd2bf49	3			yes					-1	-1	-1	
721	713	4a1b0b94c0cc2819	4			yes					-1	-1	-1	722	
722	721	e295a6bf9e0b60fc	3			yes					-1	-1	-1	
723	713	23544cc17234b838	4			yes					-1	-1	-1	724	
724	723	8bdae1ea2cf3f0dd	3			yes					-1	-1	-1	
725	713	26b470ebef0e0e5a	4			yes					-1	-1	-1	-1	
726	687	836627e895244f15	4			yes					727	-1	732	738	
727	726	36a19c11f17b7bd7	4			yes					728	729	730	-1	
728	727	a1379dc0c1a33407	5			yes					-1	-1	-1	-1	-1	
729	727	6790b67888ff0b1c	5			yes					-1	-1	-1	-1	-1	
730	727	f2c851f5aaabc56e	5			yes					-1	-1	-1	-1	-1	
731	730	cd6cf25ccf832766	4			no					-1	-1	-2	-1	
732	726	5ac42614e374629d	5			yes					733	734	736	737	-1	
733	732	92c698970cdf0702	5			yes					-1	-1	-1	-1	-1	
734	732	f42f33f421a8d38e	4			yes					735	-1	-1	-1	
735	734	03bc00985001196f	5			yes					-1	-1	-1	-1	-1	
736	732	749d61b7a7dbe0ad	4			yes					-1	-1	-1	-1	
737	732	4f592d900e718f9a	4			yes					-1	-1	-1	-1	
738	726	212c983bc0bec24a	4			yes					739	741	-1	-1	
739	738	9a0e7ac7f6e0125f	5			yes					-1	-1	-1	740	-1	
740	739	c7159d610d62457f	4			yes					-1	-1	-1	-1	
741	738	8fc78ddb02627359	3			yes					742	-1	-1	
742	741	8f8634d9d1148337	5			yes					-1	-1	-1	-1	-1	
743	519	36c2c6834192da43	5			yes					-1	-1	-1	744	764	
744	743	9d964fdb376fc144	6			yes					745	755	757	759	761	763	
745	744	7c866d85a845ee2c	5			yes					746	748	-1	750	751	
746	745	147a0ec2254e3f0a	6			yes					-1	-1	-1	-1	-1	747	
747	746	006b5f8e74242c93	5			yes					-1	-1	-1	-1	-1	
748	745	887e0873e9cc83b0	5			yes					-1	-1	-1	-1	749	
749	748	9c6f593fb8a69029	4			yes					-1	-1	-1	-1	
750	745	13d724bcdf114416	5			yes					-1	-1	-1	-1	-1	
751	745	d408c0aef682a6c9	4			yes					752	753	-1	754	
752	751	0cd71b4387275303	6			yes					-1	-1	-1	-1	-1	-1	
753	751	90d31df24ba5efb9	5			yes					-1	-1	-1	-1	-1	
754	751	4de4f18c0969f425	5			yes					-1	-1	-1	-1	-1	
755	744	337d5a3bf5b37057	5			yes					-1	-1	-1	-1	756	
756	755	9bf3f710ab7438b2	4			yes					-1	-1	-1	-1	
757	744	ce48d03f1a5c17e2	5			yes					-1	-1	-1	-1	758	
758	757	66c67d14449b5f07	4			yes					-1	-1	-1	-1	
759	744	dc5236ff0bd56511	5			yes					-1	-1	-1	-1	760	
760	759	74dc9bd455122df4	4			yes					-1	-1	-1	-1	
761	744	f56f7c5512b8a46d	5			yes					-1	-1	-1	-1	762	
762	761	5de1d17e4c7fec88	4			yes					-1	-1	-1	-1	
763	744	3518e2f069a889a1	5			yes					-1	-1	-1	-1	-1	
764	743	1abbc587da3aa17c	4			yes					765	-1	-1	768	
765	764	0d29dbaeeb5ba4da	4			yes					-1	767	-1	-1	
766	765	3d0a134b97ffb6af	5			no					-1	-1	-2	-2	-2	
767	765	a937b02565696551	5			yes					-1	-1	-1	-1	-1	
768	764	b4b809d91c8420fd	5			yes					769	771	773	775	-1	
769	768	26099711f7559aa9	5			yes					-1	-1	-1	770	-1	
770	769	7b1270b70cd7cd89	4			yes					-1	-1	-1	-1	
771	768	1a531c39de5891ee	4			yes					772	-1	-1	-1	
772	771	c1c4f9bab5116cd6	5			yes					-1	-1	-1	-1	-1	
773	768	e766963d31b7f65b	4			yes					774	-1	-1	-1	
774	773	5dc0ff0b7993d06c	4			yes					-1	-1	-1	-1	
775	768	f57c70fd203e84a8	4			yes					-1	-1	-1	-1	
776	519	321f3399d845c67c	5			yes					-1	-1	-1	-1	777	
777	776	1e66309d43edbd43	4			yes					778	-1	-1	-1	
778	777	59a96b6e16d94d49	4			yes					779	780	782	-1	
779	778	35c2f11b6dc0a3f2	5			yes					-1	-1	-1	-1	-1	
780	778	5292eb008830ef3e	5			yes					-1	-1	-1	-1	781	
781	780	7204b360f07d560b	4			yes					-1	-1	-1	-1	
782	778	272a79c2b7d6ed3a	5			yes					-1	-1	-1	-1	-1	
783	519	c0cf19f01e20ca2d	5			yes					-1	-1	-1	-1	-1	
784	0	40429c07a9f076fc	4			yes					785	-1	965	1044	
785	784	791ebbc9d5ae220a	6			yes					786	815	856	884	911	964	
786	785	6a047c127cd0b66c	6			yes					787	789	800	807	812	814	
787	786	d16979258374885b	5			yes					-1	-1	-1	-1	788	
788	787	79e7d40eddb3c0be	4			yes					-1	-1	-1	-1	
789	786	2772beb29bd6ba21	5			yes					-1	790	792	794	796	
790	789	7edbe6ce3a27edc3	6			yes					-1	-1	-1	-1	-1	791	
791	790	6acab7826b4dfe5a	5			yes					-1	-1	-1	-1	-1	
792	789	7d66b7a8f4c0e298	5			yes					-1	-1	-1	-1	793	
793	792	6977e6e4a5aaf101	4			yes					-1	-1	-1	-1	
794	789	e1f15162762a8026	5			yes					-1	-1	-1	-1	795	
795	794	36ce100cc874f750	4			yes					-1	-1	-1	-1	
796	789	8ffc1399c511f2c4	4			yes					-1	797	798	799	
797	796	6676f34f984e81ca	6			yes					-1	-1	-1	-1	-1	-1	
798	796	65cba22956a98e91	5			yes					-1	-1	-1	-1	-1	
799	796	b3918d3c710132d3	5			yes					-1	-1	-1	-1	-1	
800	786	b270b4e7c51ce642	5			yes					-1	-1	801	803	804	
801	800	b85879bfb9705341	6			yes					-1	-1	-1	-1	-1	802	
802	801	ac4928f3e81a40d8	5			yes					-1	-1	-1	-1	-1	
803	800	30f6885f70e64258	5			yes					-1	-1	-1	-1	-1	
804	800	1afe19cc9bdbaea7	4			yes					-1	-1	805	806	
805	804	a0f56c3e1b193f48	6			yes					-1	-1	-1	-1	-1	-1	
806	804	47791fbe85b054d3	5			yes					-1	-1	-1	-1	-1	
807	786	ce8a2e7485edc99a	5			yes					-1	-1	-1	808	810	
808	807	41ce308aaf75609e	6			yes					-1	-1	-1	-1	-1	809	
809	808	4ffabfafa77f53b7	5			yes					-1	-1	-1	-1	-1	
810	807	6604835fdb2a817f	4			yes					-1	-1	-1	811	
811	810	2c130abffcfd3b3c	6			yes					-1	-1	-1	-1	-1	-1	
812	786	226ff02f06945547	5			yes					-1	-1	-1	-1	813	
813	812	8ae15d0458531da2	4			yes					-1	-1	-1	-1	
814	786	c28ad1392217fe89	5			yes					-1	-1	-1	-1	-1	
815	785	0c00811c55e5a41b	6			yes					816	826	830	842	853	855	
816	815	9674253170ca88e1	5			yes					-1	817	819	821	822	
817	816	824592569bca4a25	5			yes					-1	-1	-1	-1	818	
818	817	9654c31acaa059bc	4			yes					-1	-1	-1	-1	
819	816	6bc1427c330ca4a2	5			yes					-1	-1	-1	-1	820	
820	819	7fd013306266b73b	4			yes					-1	-1	-1	-1	
821	816	4a7738e6f39f89dd	5			yes					-1	-1	-1	-1	-1	
822	816	3efa881a2e0dc004	4			yes					-1	823	824	825	
823	822	9ae887d739a3262c	5			yes					-1	-1	-1	-1	-1	
824	822	736c57fd9165c8ab	5			yes					-1	-1	-1	-1	-1	
825	822	1817e4b8f4b43b28	5			yes					-1	-1	-1	-1	-1	
826	815	066b1fa8415da8ec	5			yes					-1	-1	-1	827	828	
827	826	20d31c64dd323b85	4			yes					-1	-1	-1	-1	
828	826	aee5b2831f9ae009	4			yes					-1	-1	-1	829	
829	828	72b3c03ada198970	4			yes					-1	-1	-1	-1	
830	815	d47449e9ec29f435	5			yes					-1	-1	831	835	837	
831	830	a1aece0f977ae906	6			yes					-1	832	-1	-1	-1	834	
832	831	7223ff2c8a04fe1f	5			yes					-1	-1	-1	-1	833	
833	832	6632ae60db6eed86	4			yes					-1	-1	-1	-1	
834	831	b5bf9f43c610fa9f	5			yes					-1	-1	-1	-1	-1	
835	830	29003fef5eecf81f	5			yes					-1	836	-1	-1	-1	
836	835	fa8d0ecc4392ef06	4			yes					-1	-1	-1	-1	
837	830	7cfae4c2b2eebcd0	4			yes					-1	-1	838	840	
838	837	b903db8e3513850f	6			yes					-1	839	-1	-1	-1	-1	
839	838	6a8eeaad286d9216	5			yes					-1	-1	-1	-1	-1	
840	837	5e8fa80eabbaee94	5			yes					-1	841	-1	-1	-1	
841	840	8d02992db6c4f98d	4			yes					-1	-1	-1	-1	
842	815	a88ed37aacd8dbed	5			yes					-1	-1	-1	843	849	
843	842	5838873a817fdad9	6			yes					-1	844	-1	-1	-1	847	
844	843	8bb5b6199c01cdc0	5			yes					-1	-1	-1	-1	845	
845	844	8581393c940bfee9	4			yes					-1	-1	-1	-1	
846	843	79fab50f69addc8d	5			no					-1	-2	-2	-2	-2	
847	843	560c081f8975e9f0	5			yes					-1	-1	-1	-1	-1	
848	847	77ce3a2a61a7efa4	4			no					-1	-2	-2	-2	
849	842	00007e51f21f9308	4			yes					-1	-1	-1	850	
850	849	35e5bd0fd2f7817b	6			yes					-1	851	852	-1	-1	-1	
851	850	e6688c2ccf899662	5			yes					-1	-1	-1	-1	-1	
852	850	14278f3a3a25872f	5			yes					-1	-1	-1	-1	-1	
853	815	446b0d212fa14730	5			yes					-1	-1	-1	-1	854	
854	853	ece5a00a71660fd5	4			yes					-1	-1	-1	-1	
855	815	a48e2c370b22ecfe	5			yes					-1	-1	-1	-1	-1	
856	785	486424fb003c81d4	5			yes					857	865	869	873	879	
857	856	d21080d62513ad2e	4			yes					858	-1	860	862	
858	857	69f7e952f5737189	5			yes					-1	-1	-1	-1	859	
859	858	7de6b81ea4196210	4			yes					-1	-1	-1	-1	
860	857	b7f4aa82c6470101	5			yes					-1	-1	-1	-1	861	
861	860	60cbebec78197677	4			yes					-1	-1	-1	-1	
862	857	7a9e2dfd7bd4e5cb	3			yes					863	-1	864	
863	862	715afcd3571a1d80	5			yes					-1	-1	-1	-1	-1	
864	862	e59476dcc16cb3f4	5			yes					-1	-1	-1	-1	-1	
865	856	9d49e9737dea0c11	5			yes					-1	-1	-1	866	868	
866	865	f2bb0ab72338a6c0	4			yes					-1	-1	-1	867	
867	866	e6aa5bfb7252b559	3			yes					-1	-1	-1	
868	865	8958b83f2c801f88	4			yes					-1	-1	-1	-1	
869	856	4b0041528b572a07	6			yes					-1	870	-1	-1	-1	872	
870	869	c1ccbfeb16f0b6e2	5			yes					-1	-1	-1	-1	871	
871	870	d5ddeea7479aa57b	4			yes					-1	-1	-1	-1	
872	869	5f11101eda3d399e	5			yes					-1	-1	-1	-1	-1	
873	856	000fa8c67a7862ff	4			yes					-1	874	875	876	
874	873	31951a95cc0cc22f	4			yes					-1	-1	-1	-1	
875	873	3ec1c8a643f6e148	5			yes					-1	-1	-1	-1	-1	
876	873	a88105ed24bf2a1a	3			yes					-1	877	878	
877	876	63f5c6cbcb2770da	4			yes					-1	-1	-1	-1	
878	876	69af8ae3977a9670	5			yes					-1	-1	-1	-1	-1	
879	856	e0ea89d05efbc931	4			yes					-1	880	882	-1	
880	879	85e4fcf2df836018	5			yes					-1	-1	-1	881	-1	
881	880	ea161f368151cac9	4			yes					-1	-1	-1	-1	
882	879	53ad54d3293e460e	6			yes					-1	883	-1	-1	-1	-1	
883	882	d961aa6ab499daeb	5			yes					-1	-1	-1	-1	-1	
884	785	373ae93a6fdc7df2	5			yes					885	893	899	906	908	
885	884	ad4e4d174af35108	4			yes					886	888	-1	890	
886	885	3a254bc2c85ee7de	5			yes					-1	-1	-1	-1	887	
887	886	2e341a8e9934f447	4			yes					-1	-1	-1	-1	
888	885	78df6d2c4f39f170	5			yes					-1	-1	-1	-1	889	
889	888	6cce3c601e53e2e9	4			yes					-1	-1	-1	-1	
890	885	05c0e03c143419ed	3			yes					891	892	-1	
891	890	22885e436a378bd7	5			yes					-1	-1	-1	-1	-1	
892	890	607278aded509d79	5			yes					-1	-1	-1	-1	-1	
893	884	bd86f252b8e3107e	5			yes					-1	-1	-1	896	898	
894	893	80ecd8e9bd9c45ec	4			no					-1	-1	-1	895	
895	894	94fd89a5ecf65675	3			yes					-1	-1	-1	
896	893	7e06dd49a4d2d1cb	4			yes					-1	-1	-1	897	
897	896	6a178c05f5b8c252	3			yes					-1	-1	-1	
898	893	a997a31ee98903e7	4			yes					-1	-1	-1	-1	
899	884	ef4e21cfd6102ddc	4			yes					-1	900	902	903	
900	899	779b9a1375309737	5			yes					-1	-1	-1	-1	901	
901	900	638acb5f245a84ae	4			yes					-1	-1	-1	-1	
902	899	1e19ee4c59dc3f66	5			yes					-1	-1	-1	-1	-1	
903	899	47c08ce488d76539	3			yes					-1	904	905	
904	903	6f368f92d759fb3e	5			yes					-1	-1	-1	-1	-1	
905	903	5e9e20ab4555da3d	5			yes					-1	-1	-1	-1	-1	
906	884	d0823c5a7c9f2a2a	4			yes					-1	-1	-1	907	
907	906	780c9171225862cf	3			yes					-1	-1	-1	
908	884	9fb44411311b3517	4			yes					-1	909	-1	-1	
909	908	a52be7d31a8a7c77	5			yes					-1	-1	-1	910	-1	
910	909	66abc8c806bbbdc2	4			yes					-1	-1	-1	-1	
911	785	5af733b1928ac60d	6			yes					912	929	941	959	961	963	
912	911	c083979cb7a5eaf7	5			yes					913	915	916	918	925	
913	912	2ebdbefbdc8c8946	5			yes					-1	-1	-1	-1	914	
914	913	3aacefb78de69adf	4			yes					-1	-1	-1	-1	
915	912	62db9be4a51513b3	4			yes					-1	-1	-1	-1	
916	912	610e4d983ba6263c	5			yes					-1	-1	-1	-1	917	
917	916	751f1cd46acc35a5	4			yes					-1	-1	-1	-1	
918	912	ee78ca11a08d7926	4			yes					-1	919	920	922	
919	918	e355c4147ceb798a	4			yes					-1	-1	-1	-1	
920	918	926d7cc1a3785b4c	5			yes					-1	-1	-1	-1	-1	
921	920	9c59f3e4ab726865	4			no					-1	-1	-2	-1	
922	918	46f6673afe4a31c3	3			yes					-1	923	924	
923	922	94da53f589bd6f01	4			yes					-1	-1	-1	-1	
924	922	ffb046f4f0f000ee	5			yes					-1	-1	-1	-1	-1	
925	912	680d3ab7e962a212	4			yes					926	927	928	-1	
926	925	cc59b61e59edfae3	4			yes					-1	-1	-1	-1	
927	925	18c68a09711af902	4			yes					-1	-1	-1	-1	
928	925	79a3581999cf4a35	5			yes					-1	-1	-1	-1	-1	
929	911	60fbce182c31d816	5			yes					-1	930	934	-1	938	
930	929	3f76c307b1947e86	5			yes					-1	-1	-1	931	933	
931	930	e915c2ce1dd2a78f	4			yes					-1	-1	-1	932	
932	931	fd0493824cb8b416	3			yes					-1	-1	-1	
933	930	2b67924be0fe6d1f	4			yes					-1	-1	-1	-1	
934	929	ae9eede9df821cab	5			yes					-1	-1	-1	935	937	
935	934	78fdec2073c4c5a2	4			yes					-1	-1	-1	936	
936	935	6cecbd6c22aed63b	3			yes					-1	-1	-1	
937	934	ba8fbca58ee80f32	4			yes					-1	-1	-1	-1	
938	929	c875633372f690f3	4			yes					-1	939	940	-1	
939	938	dd92cbe234f50d23	4			yes					-1	-1	-1	-1	
940	938	4c7ae50c5ae36f0e	4			yes					-1	-1	-1	-1	
941	911	8283fb442b469623	5			yes					-1	-1	942	950	954	
942	941	2d525d436eca9890	6			yes					-1	943	945	-1	-1	948	
943	942	a79ea3faf36d0475	5			yes					-1	-1	-1	-1	944	
944	943	b38ff2b6a20717ec	4			yes					-1	-1	-1	-1	
945	942	b5d30f44585caf64	5			yes					-1	-1	-1	-1	946	
946	945	a1c25e080936bcfd	4			yes					-1	-1	-1	-1	
947	942	fb2c7509de6601e5	5			no					-1	-2	-2	-2	-2	
948	942	39430c0f3fa08b09	5			yes					-1	-1	-1	-1	949	
949	948	ef3d24458f0c127c	4			yes					-1	-1	-1	-1	
950	941	ac78a6c93c6e05f2	4			yes					-1	951	-1	952	
951	950	2a3bd2ecf2e6c360	4			yes					-1	-1	-1	-1	
952	950	04f60be262a94d17	3			yes					-1	953	-1	
953	952	785b0eb2f5cd7195	4			yes					-1	-1	-1	-1	
954	941	2a0d566f7581dec6	4			yes					-1	-1	955	-1	
955	954	35ff48c2cca3f499	6			yes					-1	956	957	-1	-1	-1	
956	955	bf33b67b5104687c	5			yes					-1	-1	-1	-1	-1	
957	955	ad7e1ac5fa35c36d	5			yes					-1	-1	-1	-1	-1	
958	955	e38160887c0f6dec	5			no					-1	-1	-1	-1	-2	
959	911	fe7961d76bb7b9fb	5			yes					-1	-1	-1	-1	960	
960	959	56f7ccfc3570f11e	4			yes					-1	-1	-1	-1	
961	911	740c6e3c85a255dc	5			yes					-1	-1	-1	-1	962	
962	961	dc82c317db651d39	4			yes					-1	-1	-1	-1	
963	911	f2799e9acc4d8ee8	5			yes					-1	-1	-1	-1	-1	
964	785	d19016e28b696aef	5			yes					-1	-1	-1	-1	-1	
965	784	ffacf1d51f45cfd5	6			yes					966	-1	983	998	1019	1043	
966	965	732cb90605b3a010	6			yes					967	969	971	975	977	980	
967	966	bfd988a6c085f6f4	5			yes					-1	-1	-1	-1	968	
968	967	1757258d9e42be11	4			yes					-1	-1	-1	-1	
969	966	d132be2045058e4a	7			yes					-1	-1	-1	-1	-1	-1	970	
970	969	c523ef6c146f9dd3	6			yes					-1	-1	-1	-1	-1	-1	
971	966	d1384ecda76d664c	5			yes					-1	-1	-1	972	973	
972	971	b94b7cafb48151cd	6			yes					-1	-1	-1	-1	-1	-1	
973	971	79b6e3e6f9aa2ea9	4			yes					-1	-1	-1	974	
974	973	eb2ba0f1b3aae338	6			yes					-1	-1	-1	-1	-1	-1	
975	966	61cb80fa0e49f84d	6			yes					-1	-1	-1	-1	-1	976	
976	975	75dad1b65f23ebd4	5			yes					-1	-1	-1	-1	-1	
977	966	3b47353b7ff7433b	5			yes					-1	-1	-1	-1	978	
978	977	93c9981021300bde	4			yes					-1	-1	-1	-1	
979	978	78453fed3b57289a	6			no					-1	-2	-2	-2	-2	-2	
980	966	dba2142d5b74e8f5	5			yes					-1	981	-1	982	-1	
981	980	c99faba1e76ce243	7			yes					-1	-1	-1	-1	-1	-1	-1	
982	980	7966957bac209444	6			yes					-1	-1	-1	-1	-1	-1	
983	965	ad141d2918924dc2	5			yes					984	-1	990	992	997	
984	983	31b2b80ebc391e3c	6			yes					-1	-1	-1	-1	987	988	
985	984	584836a110a5d7cf	6			no					-1	-1	-1	-1	-1	986	
986	985	4c5967ed41cfc456	5			no					-1	-2	-1	-2	-1	
987	984	79fe4c3bd036fab0	6			yes					-1	-1	-1	-1	-1	-1	
988	984	993c1525e2fe56d9	5			yes					-1	-1	-1	-1	989	
989	988	2b9e9065d71d4845	6			yes					-1	-1	-1	-1	-1	-1	
990	983	2664f762b50fc445	5			yes					-1	-1	-1	-1	991	
991	990	8eea5a49ebc88ca0	4			yes					-1	-1	-1	-1	
992	983	fc81faf0ac700728	4			yes					993	-1	-1	995	
993	992	6cb35dd093444756	7			yes					-1	-1	-1	-1	-1	-1	994	
994	993	78a20c9cc22e54cf	6			yes					-1	-1	-1	-1	-1	-1	
995	992	540f57dbf2b74fcd	3			yes					996	-1	-1	
996	995	8e575535162534f3	6			yes					-1	-1	-1	-1	-1	-1	
997	983	059ab00246550527	4			yes					-1	-1	-1	-1	
998	965	408e7d49d3b38cb2	5			yes					999	-1	-1	1004	1018	
999	998	82cbf0328972b563	5			yes					-1	-1	1000	-1	1002	
1000	999	240694053f14657e	7			yes					-1	-1	-1	-1	-1	-1	1001	
1001	1000	3017c5496e7e76e7	6			yes					-1	-1	-1	-1	-1	-1	
1002	999	2a455d19d7b5fd86	4			yes					-1	-1	1003	-1	
1003	1002	3cab81849d7d0977	7			yes					-1	-1	-1	-1	-1	-1	-1	
1004	998	111b9a906751c658	4			yes					1005	-1	-1	1013	
1005	1004	1a3a108b30006855	7			yes					-1	1006	1008	1010	-1	-1	1012	
1006	1005	bdb5e170c593a861	6			yes					-1	-1	-1	-1	-1	1007	
1007	1006	a9a4b03c94f9bbf8	5			yes					-1	-1	-1	-1	-1	
1008	1005	8189d4eb71ed9dbf	6			yes					-1	-1	-1	-1	-1	1009	
1009	1008	959885a720878e26	5			yes					-1	-1	-1	-1	-1	
1010	1005	3d30a6d48a57d6b8	6			yes					-1	-1	-1	-1	-1	1011	
1011	1010	2921f798db3dc521	5			yes					-1	-1	-1	-1	-1	
1012	1005	0e2b41c7616a7bcc	6			yes					-1	-1	-1	-1	-1	-1	
1013	1004	b99537bb39968ebd	3			yes					1014	-1	-1	
1014	1013	0297050a9269045c	7			yes					-1	1015	1016	1017	-1	-1	-1	
1015	1014	a518f4f167fac468	6			yes					-1	-1	-1	-1	-1	-1	
1016	1014	9924c16ad384f1b6	6			yes					-1	-1	-1	-1	-1	-1	
1017	1014	259db355283ebab1	6			yes					-1	-1	-1	-1	-1	-1	
1018	998	e800d0628d74c457	4			yes					-1	-1	-1	-1	
1019	965	ae39160caba7853f	5			yes					1020	-1	-1	-1	1042	
1020	1019	15bc68b668dfd0ea	6			yes					1021	1023	1025	1033	-1	1035	
1021	1020	3f68f2587f0e2789	7			yes					-1	-1	-1	-1	-1	-1	1022	
1022	1021	2b79a3142e643410	6			yes					-1	-1	-1	-1	-1	-1	
1023	1020	68a35c2db791fd92	7			yes					-1	-1	-1	-1	-1	-1	1024	
1024	1023	7cb20d61e6fbee0b	6			yes					-1	-1	-1	-1	-1	-1	
1025	1020	ac066d44f7f3ec2b	7			yes					-1	1026	1028	-1	-1	1030	1032	
1026	1025	0b899cbf02602c1f	6			yes					-1	-1	-1	-1	-1	1027	
1027	1026	1f98cdf3530a3f86	5			yes					-1	-1	-1	-1	-1	
1028	1025	37b5a924b61e19c1	6			yes					-1	-1	-1	-1	-1	1029	
1029	1028	23a4f868e7740a58	5			yes					-1	-1	-1	-1	-1	
1030	1025	7a656c8d5bb53522	6			yes					-1	-1	-1	-1	-1	1031	
1031	1030	6e743dc10adf26bb	5			yes					-1	-1	-1	-1	-1	
1032	1025	b8173c08a699ffb2	6			yes					-1	-1	-1	-1	-1	-1	
1033	1020	5471235c27406c0e	6			yes					-1	-1	-1	-1	-1	1034	
1034	1033	40607210762a7f97	5			yes					-1	-1	-1	-1	-1	
1035	1020	bd32c59d3618980f	5			yes					1036	1037	1038	1041	-1	
1036	1035	dd8cfabdfa6f542c	6			yes					-1	-1	-1	-1	-1	-1	
1037	1035	8a4754c832f08e37	6			yes					-1	-1	-1	-1	-1	-1	
1038	1035	4ee265a172929f8e	6			yes					-1	1039	1040	-1	-1	-1	
1039	1038	e96d945a87015fba	5			yes					-1	-1	-1	-1	-1	
1040	1038	d551a1c1337f6a64	5			yes					-1	-1	-1	-1	-1	
1041	1035	4cdc36dd85290007	6			yes					-1	-1	-1	-1	-1	-1	
1042	1019	06b7bb27f560cdda	4			yes					-1	-1	-1	-1	
1043	965	57225cfe41828730	5			yes					-1	-1	-1	-1	-1	
1044	784	6d409bd4211c3458	6			yes					1045	-1	1074	1122	1141	1148	
1045	1044	c394003a74a07724	6			yes					1046	1048	1050	1056	1064	1068	
1046	1045	0f61319ab19621c0	5			yes					-1	-1	-1	-1	1047	
1047	1046	a5d6b89475ec4537	4			yes					-1	-1	-1	-1	
1048	1045	b0b43f1c2ed717db	6			yes					-1	-1	-1	-1	-1	1049	
1049	1048	5cf519a88d97a5ae	5			yes					-1	-1	-1	-1	-1	
1050	1045	727102d6da1eff4d	6			yes					-1	1051	-1	-1	1053	1055	
1051	1050	d5fef32d2f8d3f79	5			yes					-1	-1	-1	-1	1052	
1052	1051	39bfd5998ccd8d0c	4			yes					-1	-1	-1	-1	
1053	1050	6cd8977b5ec0b826	5			yes					-1	-1	-1	-1	1054	
1054	1053	8099b1cffd800a53	4			yes					-1	-1	-1	-1	
1055	1050	9e302462795e4d38	5			yes					-1	-1	-1	-1	-1	
1056	1045	631f309a434e56de	5			yes					-1	-1	1057	1059	1061	
1057	1056	245c8fd49e4652a4	6			yes					-1	-1	-1	-1	-1	1058	
1058	1057	c81da9603d06e0d1	5			yes					-1	-1	-1	-1	-1	
1059	1056	58bf3e594f5619da	6			yes					-1	-1	-1	-1	-1	1060	
1060	1059	4cae6f151e3c0a43	5			yes					-1	-1	-1	-1	-1	
1061	1056	c9a8b99487343229	4			yes					-1	-1	1062	1063	
1062	1061	6abda81d6224b230	6			yes					-1	-1	-1	-1	-1	-1	
1063	1061	a9b04bffaa2d06f6	5			yes					-1	-1	-1	-1	-1	
1064	1045	bb8667f74fe6478b	5			yes					-1	-1	1065	-1	1066	
1065	1064	01b639e550167d5a	5			yes					-1	-1	-1	-1	-1	
1066	1064	1131eef98b9c237c	4			yes					-1	-1	1067	-1	
1067	1066	42350a25d5cc5a34	5			yes					-1	-1	-1	-1	-1	
1068	1045	69238934b0da13d3	5			yes					-1	1069	1070	-1	-1	
1069	1068	fe5518d5d2b5f74f	6			yes					-1	-1	-1	-1	-1	-1	
1070	1068	3c90251f267c1fd9	6			yes					-1	1071	-1	-1	1073	-1	
1071	1070	9b1fd4e4d3efdfed	5			yes					-1	-1	-1	-1	-1	
1072	1070	a411771810ea282d	5			no					-1	-2	-1	-2	-2	
1073	1070	2239b0b2a2a258b2	5			yes					-1	-1	-1	-1	-1	
1074	1044	276c48ef9fd8c717	5			yes					1075	-1	1090	1112	1117	
1075	1074	6b0421725558e7ed	6			yes					1076	1078	1079	1081	1083	1086	
1076	1075	78a58bdd4f17a055	6			yes					-1	-1	-1	-1	-1	1077	
1077	1076	94e4ad69ec571220	5			yes					-1	-1	-1	-1	-1	
1078	1075	ecc6d0a6b21c0308	6			yes					-1	-1	-1	-1	-1	-1	
1079	1075	c1f9ff15c5312930	6			yes					-1	-1	-1	-1	-1	1080	
1080	1079	2db8d9a166719b45	5			yes					-1	-1	-1	-1	-1	
1081	1075	dbc1af04853da928	6			yes					-1	-1	-1	-1	-1	1082	
1082	1081	378089b0267d1b5d	5			yes					-1	-1	-1	-1	-1	
1083	1075	47de980fb4d85bef	6			yes					-1	1084	-1	-1	1085	-1	
1084	1083	e05169f4414b9bdb	5			yes					-1	-1	-1	-1	-1	
1085	1083	f9e4b8e16c1c96dc	5			yes					-1	-1	-1	-1	-1	
1086	1075	c1b3a87c9122831a	5			yes					1087	-1	-1	1088	1089	
1087	1086	3644ac14b37540c1	6			yes					-1	-1	-1	-1	-1	-1	
1088	1086	952088cd795f49bc	6			yes					-1	-1	-1	-1	-1	-1	
1089	1086	045dabcf31027c81	6			yes					-1	-1	-1	-1	-1	-1	
1090	1074	fd1894985bc2ac46	4			yes					1091	-1	1103	1104	
1091	1090	5e844d75cf4b80e5	7			yes					-1	1092	1094	1095	1097	1099	1101	
1092	1091	f90bbc8e3ad840d1	6			yes					-1	-1	-1	-1	-1	1093	
1093	1092	154a9a3a9998f2a4	5			yes					-1	-1	-1	-1	-1	
1094	1091	4e08aee1e380f64f	6			yes					-1	-1	-1	-1	-1	-1	
1095	1091	e7415652ed82ea0d	6			yes					-1	-1	-1	-1	-1	-1	
1096	1095	0b0070e64ec25878	5			no					-1	-2	-2	-2	-2	
1097	1091	e0be6d9b178f4dd6	6			yes					-1	-1	-1	-1	-1	1098	
1098	1097	0cff4b2fb4cfffa3	5			yes					-1	-1	-1	-1	-1	
1099	1091	402dd8d84b95c78e	6			yes					-1	-1	-1	-1	-1	1100	
1100	1099	ac6cfe6ce8d575fb	5			yes					-1	-1	-1	-1	-1	
1101	1091	b2c56bc16c0b3290	6			yes					-1	-1	-1	-1	-1	-1	
1102	1101	a249885540c0443a	5			yes					-1	-1	-1	-1	-1	
1103	1090	00b4b7744986fcc1	5			yes					-1	-1	-1	-1	-1	
1104	1090	ddd01437aa71ad2b	3			yes					1105	-1	1111	
1105	1104	c304ed510dae8c6b	7			yes					-1	1106	1107	1108	1109	1110	-1	
1106	1105	648b1caaf83d4c5f	6			yes					-1	-1	-1	-1	-1	-1	
1107	1105	d3880ec52165fac1	6			yes					-1	-1	-1	-1	-1	-1	
1108	1105	7ac1f6762f67e683	6			yes					-1	-1	-1	-1	-1	-1	
1109	1105	7d3ecdbfd56a4158	6			yes					-1	-1	-1	-1	-1	-1	
1110	1105	ddad78fc8970cb00	6			yes					-1	-1	-1	-1	-1	-1	
1111	1104	df5c00132b4c7daa	5			yes					-1	-1	-1	-1	-1	
1112	1074	1191879f0be86696	4			yes					1113	-1	-1	1115	
1113	1112	dcbf724fb1a6fc5b	7			yes					-1	-1	-1	-1	-1	-1	1114	
1114	1113	30fe54fb12e64e2e	6			yes					-1	-1	-1	-1	-1	-1	
1115	1112	31590730fa5b67fb	3			yes					1116	-1	-1	
1116	1115	413fd26b7343f0d5	7			yes					-1	-1	-1	-1	-1	-1	-1	
1117	1074	07a4c8406e6bc67a	4			yes					1118	-1	-1	-1	
1118	1117	4811b495e8c91f7e	6			yes					1119	-1	-1	1120	1121	-1	
1119	1118	e5252bf98df2acdb	6			yes					-1	-1	-1	-1	-1	-1	
1120	1118	46410f2047d8a5a6	6			yes					-1	-1	-1	-1	-1	-1	
1121	1118	f77fdbed92df3caf	6			yes					-1	-1	-1	-1	-1	-1	
1122	1044	b73447a3e5065f09	5			yes					1123	-1	-1	1131	1136	
1123	1122	f7c4a88172296a82	5			yes					1124	1126	-1	1127	1128	
1124	1123	9a35d407a4d1b816	6			yes					-1	-1	-1	-1	-1	-1	
1125	1124	7674f2b307910a63	5			no					-1	-2	-2	-2	-2	
1126	1123	d3d13bb687d845c2	6			yes					-1	-1	-1	-1	-1	-1	
1127	1123	a54ec7d55f1e43ac	6			yes					-1	-1	-1	-1	-1	-1	
1128	1123	5d73218fb6530e75	4			yes					1129	-1	-1	1130	
1129	1128	d4d4f3ce58b35882	6			yes					-1	-1	-1	-1	-1	-1	
1130	1128	e6cdf415dac464c2	6			yes					-1	-1	-1	-1	-1	-1	
1131	1122	81c988d37136fe88	4			yes					1132	-1	-1	1134	
1132	1131	3e2f2d955a60e418	7			yes					-1	-1	-1	-1	-1	-1	1133	
1133	1132	d26e0b21f920566d	6			yes					-1	-1	-1	-1	-1	-1	
1134	1131	a101087c8085ffe5	3			yes					1135	-1	-1	
1135	1134	a3af8db19885e896	7			yes					-1	-1	-1	-1	-1	-1	-1	
1136	1122	97fcc70c14b55e64	4			yes					1137	-1	-1	-1	
1137	1136	d4d13d66cfb89211	5			yes					1138	-1	-1	1140	-1	
1138	1137	07b574236634b498	6			yes					-1	-1	-1	-1	-1	-1	
1139	1137	4e519b92453d494c	6			no					-1	-1	-2	-2	-2	-2	
1140	1137	15ef8437791924ec	6			yes					-1	-1	-1	-1	-1	-1	
1141	1044	5bbd54a4b52c95d9	5			yes					1142	-1	-1	-1	1146	
1142	1141	5023a72bb757cf9d	5			yes					-1	-1	1143	-1	1145	
1143	1142	2d7eb6dca9a36d81	6			yes					-1	-1	-1	-1	-1	-1	
1144	1143	c13f90680ae3dff4	5			no					-1	-2	-2	-1	-2	
1145	1142	ae16bb7551a20eaa	4			yes					-1	-1	-1	-1	
1146	1141	7b75d40b449f94b4	4			yes					1147	-1	-1	-1	
1147	1146	8fcb104cd59d4ef6	5			yes					-1	-1	-1	-1	-1	
1148	1044	4d881b7bd0af3535	5			yes					1149	-1	-1	-1	-1	
1149	1148	e08195ddc9318fb7	6			yes					1150	1151	1152	1155	1158	-1	
1150	1149	2c74a47d0c07d953	5			yes					-1	-1	-1	-1	-1	
1151	1149	2d349f38ec321b55	6			yes					-1	-1	-1	-1	-1	-1	
1152	1149	eff1a2f218fbf3c3	6			yes					-1	1153	-1	-1	1154	-1	
1153	1152	487e5309ed6833f7	5			yes					-1	-1	-1	-1	-1	
1154	1152	f158375f9c25b4a8	5			yes					-1	-1	-1	-1	-1	
1155	1149	400aa57dfedfae4d	5			yes					-1	-1	1156	1157	-1	
1156	1155	b9dc2ff05ca35e2a	6			yes					-1	-1	-1	-1	-1	-1	
1157	1155	fb1a243ad720d130	5			yes					-1	-1	-1	-1	-1	
1158	1149	9893f210f277bf18	5			yes					-1	-1	1159	-1	-1	
1159	1158	b1177a0776111a1a	5			yes					-1	-1	-1	-1	-1	
