Number of nodes
478
ID	PID	Hash_Value			File_Number	Fully_Enumerated	Children
0	-1	e6e0c78325951222	6			yes					1	163	268	354	404	477	
1	0	2537b96b1195e55a	5			yes					2	96	108	125	141	
2	1	01d81347e972f534	5			yes					3	18	55	82	95	
3	2	8b3560f2cbc9fb73	4			yes					4	10	15	17	
4	3	4561fa277ec0010c	3			yes					5	7	9	
5	4	3cb94904361c4f38	5			yes					-1	-1	-1	-1	6	
6	5	6383abb193f6d49e	4			yes					-1	-1	-1	-1	
7	4	ce8587d6518acfc8	5			yes					-1	-1	-1	-1	-1	
8	7	328d133a061ed2e1	4			no					-1	-2	-2	-1	
9	4	6cc3d26c6cc11478	5			yes					-1	-1	-1	-1	-1	
10	3	5e9bd057faf2568e	3			yes					-1	11	13	
11	10	74cd50c6c0e7afa6	5			yes					-1	-1	-1	-1	12	
12	11	53e2dbb81c11fa1d	4			yes					-1	-1	-1	-1	
13	10	9157d51fb54d4cb0	5			yes					-1	-1	-1	-1	14	
14	13	ad884958c3cf3e1b	4			yes					-1	-1	-1	-1	
15	3	b028fc8ccfb768d8	3			yes					-1	-1	16	
16	15	a8f05a4beec06156	5			yes					-1	-1	-1	-1	-1	
17	3	20e7b60e804cc429	3			yes					-1	-1	-1	
18	2	cf8c89925c7b0f4b	4			yes					-1	19	32	44	
19	18	c0658d188dadd371	6			yes					20	23	25	27	29	31	
20	19	add0623b119b69a0	5			yes					21	-1	-1	-1	22	
21	20	89882a94fa999bcf	4			yes					-1	-1	-1	-1	
22	20	f2ea808eb471f206	4			yes					-1	-1	-1	-1	
23	19	e43dc5b766af211e	5			yes					-1	-1	-1	-1	24	
24	23	bb072702c345bab8	4			yes					-1	-1	-1	-1	
25	19	cb8058f647c11b30	5			yes					-1	-1	-1	-1	26	
26	25	94baba43e22b8096	4			yes					-1	-1	-1	-1	
27	19	57bfaed7f2641ee5	5			yes					-1	-1	-1	-1	28	
28	27	08854c62578e8543	4			yes					-1	-1	-1	-1	
29	19	8ae8b318677bd6cd	5			yes					-1	-1	-1	-1	30	
30	29	d5d251adc2914d6b	4			yes					-1	-1	-1	-1	
31	19	9f5f6fad284748d7	5			yes					-1	-1	-1	-1	-1	
32	18	325943caea3b5381	6			yes					33	37	40	41	-1	43	
33	32	5fecace9760de950	5			yes					34	-1	35	-1	36	
34	33	7bb4e4469d0f1b3f	4			yes					-1	-1	-1	-1	
35	33	5b626141cfaafda5	4			yes					-1	-1	-1	-1	
36	33	a3e438052199f479	4			yes					-1	-1	-1	-1	
37	32	16010b650139a1ee	5			yes					-1	-1	38	-1	39	
38	37	128fc6cdb89eb51b	4			yes					-1	-1	-1	-1	
39	37	ea099f8956adbcc7	4			yes					-1	-1	-1	-1	
40	32	d359604e25a587ff	5			yes					-1	-1	-1	-1	-1	
41	32	36d78e62539c4774	5			yes					-1	-1	-1	-1	42	
42	41	cadf1a8e04085a5d	4			yes					-1	-1	-1	-1	
43	32	ce51d726bdaf4ea8	5			yes					-1	-1	-1	-1	-1	
44	18	901f1670d7708831	6			yes					45	48	50	51	52	54	
45	44	fdaaf9534b4632e0	5			yes					46	-1	-1	-1	47	
46	45	d9f2b1fca044c08f	4			yes					-1	-1	-1	-1	
47	45	ec73061981619724	4			yes					-1	-1	-1	-1	
48	44	b4475edf3c727a5e	5			yes					-1	-1	-1	-1	49	
49	48	a59ea195f655df9a	4			yes					-1	-1	-1	-1	
50	44	711f35f418ee5c4f	5			yes					-1	-1	-1	-1	-1	
51	44	3412ffc6e48f709a	5			yes					-1	-1	-1	-1	-1	
52	44	1d3992f44172c1af	5			yes					-1	-1	-1	-1	53	
53	52	0ce06dbe8b55646b	4			yes					-1	-1	-1	-1	
54	44	81c6e93a1d572df5	5			yes					-1	-1	-1	-1	-1	
55	2	d476a3e2d84958c9	4			yes					-1	-1	56	69	
56	55	881194da7b5633ef	6			yes					57	61	64	66	67	68	
57	56	e5a47bf9e760893e	5			yes					58	59	-1	-1	60	
58	57	c1fc33560c627b51	4			yes					-1	-1	-1	-1	
59	57	540b2993de6bda0b	4			yes					-1	-1	-1	-1	
60	57	c28bf0873b96dc85	4			yes					-1	-1	-1	-1	
61	56	ac49dc759054c180	5			yes					-1	62	-1	-1	63	
62	61	1de68e1fa95f92b5	4			yes					-1	-1	-1	-1	
63	61	8b66570b4ca2943b	4			yes					-1	-1	-1	-1	
64	56	39bec6b0425d60da	5			yes					-1	-1	-1	-1	65	
65	64	1e914dce9eab3561	4			yes					-1	-1	-1	-1	
66	56	0cf0f32b21b7bff0	5			yes					-1	-1	-1	-1	-1	
67	56	7ca3921714de9794	4			yes					-1	-1	-1	-1	
68	56	af3e1fa4a7a06654	5			yes					-1	-1	-1	-1	-1	
69	55	6d8b11030efcd0f9	6			yes					70	74	77	-1	79	81	
70	69	003efe2092ca6a28	5			yes					71	72	-1	-1	73	
71	70	2466b68f79c89847	4			yes					-1	-1	-1	-1	
72	70	b191ac4aabc1391d	4			yes					-1	-1	-1	-1	
73	70	3ce16267e4481883	4			yes					-1	-1	-1	-1	
74	69	49d359ace5fe2296	5			yes					-1	75	-1	-1	76	
75	74	f87c0bc6dcf571a3	4			yes					-1	-1	-1	-1	
76	74	750cc5eb937c503d	4			yes					-1	-1	-1	-1	
77	69	dc24436937f783cc	5			yes					-1	-1	-1	-1	78	
78	77	e0fbdf2e4175f167	4			yes					-1	-1	-1	-1	
79	69	d5836ada63275506	5			yes					-1	-1	-1	-1	80	
80	79	e95cf69d15a527ad	4			yes					-1	-1	-1	-1	
81	69	51548d44787ea252	5			yes					-1	-1	-1	-1	-1	
82	2	3ac58f39ed0c669f	4			yes					-1	-1	-1	83	
83	82	911759c5a68959c5	3			yes					-1	84	92	
84	83	8356ab396872ee98	6			yes					85	87	-1	89	-1	91	
85	84	eee3441af4445449	5			yes					-1	-1	-1	-1	86	
86	85	47d090d5f1450eac	4			yes					-1	-1	-1	-1	
87	84	a70ee39683701cf7	5			yes					-1	-1	-1	-1	88	
88	87	0e3d375986714612	4			yes					-1	-1	-1	-1	
89	84	87d86691d1d5fa6d	5			yes					-1	-1	-1	-1	90	
90	89	2eebb25ed4d4a088	4			yes					-1	-1	-1	-1	
91	84	2a657ff66d73b47d	5			yes					-1	-1	-1	-1	-1	
92	83	a1ab869a501c118f	5			yes					93	94	-1	-1	-1	
93	92	cc1e69b9cc2aab5e	4			yes					-1	-1	-1	-1	
94	92	85f3ce35bb1ee3e0	4			yes					-1	-1	-1	-1	
95	2	aa0ac5bba2f7ca6e	4			yes					-1	-1	-1	-1	
96	1	ecbf286b342658e1	4			yes					97	101	104	107	
97	96	b015f81402c994df	3			yes					98	99	100	
98	97	bf53476c532f439b	4			yes					-1	-1	-1	-1	
99	97	acfb430f5c608622	5			yes					-1	-1	-1	-1	-1	
100	97	1ef5aabbdc93051a	5			yes					-1	-1	-1	-1	-1	
101	96	5f2b06a5071b0079	3			yes					-1	102	103	
102	101	8e300f30879877f6	5			yes					-1	-1	-1	-1	-1	
103	101	3c3d811ec8bc53d0	5			yes					-1	-1	-1	-1	-1	
104	96	44ec284d4e57abfc	3			yes					-1	105	106	
105	104	df281980461fea9a	5			yes					-1	-1	-1	-1	-1	
106	104	ef3efeb105d294a6	2			yes					-1	-1	
107	96	476dfe977fa367bb	3			yes					-1	-1	-1	
108	1	356cbb1bf561a430	4			yes					109	114	122	124	
109	108	69c66b64c38e680e	3			yes					110	112	113	
110	109	448ef5f3ed9ba90e	5			yes					-1	-1	-1	-1	111	
111	110	018f25e4b872904c	4			yes					-1	-1	-1	-1	
112	109	99f1899ad530a08f	5			yes					-1	-1	-1	-1	-1	
113	109	286b750b19a2d11c	5			yes					-1	-1	-1	-1	-1	
114	108	fb3821ce40685e4f	3			yes					-1	115	116	
115	114	4310afe72464fde7	5			yes					-1	-1	-1	-1	-1	
116	114	74ac4fe29a076767	6			yes					117	118	-1	119	120	121	
117	116	1919a0c10631ddb6	5			yes					-1	-1	-1	-1	-1	
118	116	bbbe003e75d70db5	5			yes					-1	-1	-1	-1	-1	
119	116	9143d8a7168aad34	5			yes					-1	-1	-1	-1	-1	
120	116	f3c6c8db7d87b119	5			yes					-1	-1	-1	-1	-1	
121	116	6575b0a85020c2a3	5			yes					-1	-1	-1	-1	-1	
122	108	392c9c56c863091b	3			yes					-1	-1	123	
123	122	fbb8aca24d14e4d5	5			yes					-1	-1	-1	-1	-1	
124	108	9ebe6de7bee49b6a	3			yes					-1	-1	-1	
125	1	9768c2ec5c0fa14a	4			yes					126	131	138	140	
126	125	cbc212936ae06d74	3			yes					127	129	-1	
127	126	dc1a56dbf037a6cc	5			yes					-1	-1	-1	-1	-1	
128	127	74aaa92dac230534	4			no					-1	-2	-2	-2	
129	126	b219aacc95136f81	5			yes					-1	-1	-1	-1	-1	
130	129	1aa9553ac907cc79	4			no					-1	-2	-2	-2	
131	125	593c5839e9065b35	3			yes					-1	132	137	
132	131	98c0c803ec80f606	6			yes					133	134	-1	135	-1	136	
133	132	f575272070b64cd7	5			yes					-1	-1	-1	-1	-1	
134	132	57d287df03509cd4	5			yes					-1	-1	-1	-1	-1	
135	132	8b23ca26ad51cdc9	5			yes					-1	-1	-1	-1	-1	
136	132	d167f0a3ac9b8799	5			yes					-1	-1	-1	-1	-1	
137	131	5042da1e5ffc6b32	6			yes					-1	-1	-1	-1	-1	-1	
138	125	42c672496d340cb7	3			yes					-1	-1	139	
139	138	9a8f3287feac2624	5			yes					-1	-1	-1	-1	-1	
140	125	4750fa0fb2dd9bbc	3			yes					-1	-1	-1	
141	1	87a478393e15d7e4	5			yes					142	148	158	161	162	
142	141	db0ea84608fa1bda	4			yes					143	145	147	-1	
143	142	26790bc6dacce55d	5			yes					-1	-1	-1	-1	-1	
144	143	d7c5b9a4c55bab16	4			no					-1	-2	-2	-2	
145	142	4fb7300c3d186880	5			yes					-1	-1	-1	-1	146	
146	145	be0b826e228f26cb	4			yes					-1	-1	-1	-1	
147	142	ec9eedf533084f9d	5			yes					-1	-1	-1	-1	-1	
148	141	49f0e2ec8b1c2d9b	4			yes					-1	149	154	157	
149	148	9c5e5249ba278066	3			yes					150	152	153	
150	149	bc0acb8496bc175b	5			yes					-1	-1	-1	-1	151	
151	150	1b4bf8ce40feae2d	4			yes					-1	-1	-1	-1	
152	149	fb6099f5dd782265	5			yes					-1	-1	-1	-1	-1	
153	149	dee5ded7db636de8	5			yes					-1	-1	-1	-1	-1	
154	148	72ed7e928f62be30	3			yes					-1	-1	155	
155	154	b07e961af0af8a96	6			yes					-1	-1	-1	-1	-1	156	
156	155	194d42d5f5aed073	5			yes					-1	-1	-1	-1	-1	
157	148	b219fca403aaf268	3			yes					-1	-1	-1	
158	141	520ac89c0f2e7a19	4			yes					-1	-1	159	160	
159	158	691754e20b50e9b2	3			yes					-1	-1	-1	
160	158	a9e3d6d48798a5ea	3			yes					-1	-1	-1	
161	141	bcb9e4473a6b444f	4			yes					-1	-1	-1	-1	
162	141	7c4d6671b6a30817	4			yes					-1	-1	-1	-1	
163	0	a66cad9024c8c79d	5			yes					-1	164	215	232	245	
164	163	b8dcfa4190c1e27e	5			yes					165	188	195	207	214	
165	164	753ed0efd6010c3e	4			yes					166	170	175	181	
166	165	fc0653c4fa7ef6ff	3			yes					167	168	169	
167	166	18a9bfc701fafac8	5			yes					-1	-1	-1	-1	-1	
168	166	6211ce7f5b4deb9b	5			yes					-1	-1	-1	-1	-1	
169	166	d0b743b4cd978499	5			yes					-1	-1	-1	-1	-1	
170	165	a429d342f38364f3	5			yes					171	172	-1	173	174	
171	170	7648067dfff49218	4			yes					-1	-1	-1	-1	
172	170	93415b487a77d9cd	4			yes					-1	-1	-1	-1	
173	170	581390518ca17512	4			yes					-1	-1	-1	-1	
174	170	7c6dbe418ee0df3f	4			yes					-1	-1	-1	-1	
175	165	a120577d6397be2c	6			yes					176	177	178	179	-1	180	
176	175	734182426fe048c7	5			yes					-1	-1	-1	-1	-1	
177	175	9648df77ea630312	5			yes					-1	-1	-1	-1	-1	
178	175	5c9dc192dfe6f70b	5			yes					-1	-1	-1	-1	-1	
179	175	868ec1b0d2c4d946	5			yes					-1	-1	-1	-1	-1	
180	175	5d28c3913403a305	5			yes					-1	-1	-1	-1	-1	
181	165	22595643a01c4f5f	6			yes					182	183	184	185	186	187	
182	181	f038837cac6bb9b4	5			yes					-1	-1	-1	-1	-1	
183	181	1531de4929e8f261	5			yes					-1	-1	-1	-1	-1	
184	181	dfe4c0ac1c6d0678	5			yes					-1	-1	-1	-1	-1	
185	181	ccb1b851a16a96a1	5			yes					-1	-1	-1	-1	-1	
186	181	e785da82f2a37ec8	5			yes					-1	-1	-1	-1	-1	
187	181	3380a9096a3bea9b	5			yes					-1	-1	-1	-1	-1	
188	164	31e4796abcbe18bf	4			yes					-1	189	192	194	
189	188	5d2d602c093b42b1	3			yes					-1	190	191	
190	189	1fad22160a83a62f	5			yes					-1	-1	-1	-1	-1	
191	189	bd2e55e4f9080bf6	5			yes					-1	-1	-1	-1	-1	
192	188	0af9e514b8c08b14	3			yes					-1	-1	193	
193	192	c3f89082fdef22de	5			yes					-1	-1	-1	-1	-1	
194	188	9a36af96f73b27e5	3			yes					-1	-1	-1	
195	164	d415e3072544b870	4			yes					-1	-1	196	201	
196	195	905b4fa3290f8c5f	6			yes					197	198	199	-1	-1	200	
197	196	e2d449320757a693	5			yes					-1	-1	-1	-1	-1	
198	196	b403070cc20d7e30	5			yes					-1	-1	-1	-1	-1	
199	196	47a1ef9f5947644c	5			yes					-1	-1	-1	-1	-1	
200	196	c6d367915780d656	5			yes					-1	-1	-1	-1	-1	
201	195	9e970835dd10fe40	6			yes					202	204	-1	-1	-1	206	
202	201	ec180ea4f348d48c	5			yes					-1	-1	-1	-1	203	
203	202	452bda6bf6498e69	4			yes					-1	-1	-1	-1	
204	201	bacf409a36120c2f	5			yes					-1	-1	-1	-1	205	
205	204	13fc9455331356ca	4			yes					-1	-1	-1	-1	
206	201	37a4dcfad811a4a5	5			yes					-1	-1	-1	-1	-1	
207	164	83c1663f94bf71d5	4			yes					-1	-1	-1	208	
208	207	2813b0c3df3a4e8f	3			yes					209	-1	213	
209	208	102fbf8ee1de0335	6			yes					-1	-1	-1	211	-1	212	
210	209	27473784682abe0b	5			no					-1	-2	-2	-1	-2	
211	209	37812943508d645f	5			yes					-1	-1	-1	-1	-1	
212	209	b91c6b41e4df59d0	5			yes					-1	-1	-1	-1	-1	
213	208	860d82f4ef8d70ff	5			yes					-1	-1	-1	-1	-1	
214	164	130e2cbddb44dd24	4			yes					-1	-1	-1	-1	
215	163	9d2d82857f4ca91c	4			yes					216	227	229	231	
216	215	50cfa82b398c475c	3			yes					217	219	220	
217	216	dc90c498b49fdcf1	5			yes					-1	-1	-1	-1	218	
218	217	9991148fe176e5b3	4			yes					-1	-1	-1	-1	
219	216	d1846f7170022e4d	5			yes					-1	-1	-1	-1	-1	
220	216	3abdabcb346f8128	6			yes					221	222	223	224	225	226	
221	220	e8dc7ef4381877c3	5			yes					-1	-1	-1	-1	-1	
222	220	06618531836cf4bd	5			yes					-1	-1	-1	-1	-1	
223	220	9de114f31a5e3a97	5			yes					-1	-1	-1	-1	-1	
224	220	df523c8eb8e24b7b	5			yes					-1	-1	-1	-1	-1	
225	220	bdd72cf2d3ef5756	5			yes					-1	-1	-1	-1	-1	
226	220	2b645481fe4824ec	5			yes					-1	-1	-1	-1	-1	
227	215	6c4459664097553a	3			yes					-1	-1	228	
228	227	ac5301ebbe8a4416	5			yes					-1	-1	-1	-1	-1	
229	215	975927b1329e2d3c	3			yes					-1	-1	230	
230	229	fd262f9d290916d4	5			yes					-1	-1	-1	-1	-1	
231	215	36ff547934c99646	3			yes					-1	-1	-1	
232	163	c6edb8aeb06703c4	4			yes					233	240	242	244	
233	232	0b0f9200f6a7ed84	3			yes					234	237	239	
234	233	8d71f08f5fbf558f	6			yes					-1	-1	235	-1	-1	236	
235	234	55299ed15e076de6	5			yes					-1	-1	-1	-1	-1	
236	234	c4d6c82f1fa42410	5			yes					-1	-1	-1	-1	-1	
237	233	ca97339ed777c27f	6			yes					-1	-1	-1	-1	-1	238	
238	237	83300b3e976cb3e0	5			yes					-1	-1	-1	-1	-1	
239	233	3913254a62e71fbf	6			yes					-1	-1	-1	-1	-1	-1	
240	232	3784634d8fbcffe2	3			yes					-1	241	-1	
241	240	a6e9400974016861	5			yes					-1	-1	-1	-1	-1	
242	232	ecb3c9ae97c92890	3			yes					-1	243	-1	
243	242	adec348a8fcdd889	5			yes					-1	-1	-1	-1	-1	
244	232	16d5804d5eb53932	3			yes					-1	-1	-1	
245	163	d621027bd27d756a	5			yes					246	258	262	266	267	
246	245	1bc328d594bd9b2a	4			yes					247	250	253	257	
247	246	021fb862bda3eb9a	6			yes					-1	-1	248	-1	-1	249	
248	247	da47d63cbc1bd3f3	5			yes					-1	-1	-1	-1	-1	
249	247	a55e8b286be152ec	5			yes					-1	-1	-1	-1	-1	
250	246	319d59d5b313b07e	3			yes					-1	251	252	
251	250	3bb6c306c177e7c1	5			yes					-1	-1	-1	-1	-1	
252	250	7bcae729916adea1	5			yes					-1	-1	-1	-1	-1	
253	246	20deb4ab90c30881	3			yes					254	-1	255	
254	253	8f451a29d2116d27	5			yes					-1	-1	-1	-1	-1	
255	253	d92f694ecdb4fe1b	6			yes					-1	-1	-1	-1	-1	256	
256	255	701cbd81c8b5a4fe	5			yes					-1	-1	-1	-1	-1	
257	246	e02a369d1c0b44d9	3			yes					-1	-1	-1	
258	245	2748d998eda6894c	4			yes					-1	259	260	261	
259	258	67007d6610ceb728	5			yes					-1	-1	-1	-1	-1	
260	258	68a699159420da97	5			yes					-1	-1	-1	-1	-1	
261	258	dca1c7d0651056bf	3			yes					-1	-1	-1	
262	245	fc7f737bf5d35e3e	4			yes					-1	263	264	265	
263	262	e43294dee7163696	5			yes					-1	-1	-1	-1	-1	
264	262	c762ef05f1adcd95	3			yes					-1	-1	-1	
265	262	07966d337d6581cd	3			yes					-1	-1	-1	
266	245	ed3c9e05d603e6c1	4			yes					-1	-1	-1	-1	
267	245	2dc81c335acbaa99	4			yes					-1	-1	-1	-1	
268	0	e1cdc659bd0971bf	5			yes					-1	-1	269	316	332	
269	268	6fb65d803539cc45	5			yes					270	291	308	311	315	
270	269	a254772e73f92205	4			yes					271	277	281	286	
271	270	6dbd8ec89d17a903	5			yes					272	273	274	275	276	
272	271	a05c072dd12cd9b5	4			yes					-1	-1	-1	-1	
273	271	0b72b2a0da1b776d	4			yes					-1	-1	-1	-1	
274	271	cf5d998c25fdb1fa	4			yes					-1	-1	-1	-1	
275	271	d18acfcacebe0ded	4			yes					-1	-1	-1	-1	
276	271	b5f9e3cbe07412cf	4			yes					-1	-1	-1	-1	
277	270	98aa96efec72d73e	3			yes					278	279	280	
278	277	540295997f42075d	5			yes					-1	-1	-1	-1	-1	
279	277	318f9b15569c4454	5			yes					-1	-1	-1	-1	-1	
280	277	22c7e033d4eaed12	5			yes					-1	-1	-1	-1	-1	
281	270	b3dc91c75b641b22	6			yes					-1	282	283	284	-1	285	
282	281	0d3c34a129b429e2	5			yes					-1	-1	-1	-1	-1	
283	281	c01f267cd289ab39	5			yes					-1	-1	-1	-1	-1	
284	281	b2ac9946b9165b99	5			yes					-1	-1	-1	-1	-1	
285	281	e2a961378339e75d	5			yes					-1	-1	-1	-1	-1	
286	270	894cdd73de476345	6			yes					-1	287	288	-1	289	290	
287	286	37ac7815ac975185	5			yes					-1	-1	-1	-1	-1	
288	286	fa8f6ac857aad35e	5			yes					-1	-1	-1	-1	-1	
289	286	0e265a4a39c7b53b	5			yes					-1	-1	-1	-1	-1	
290	286	989522391460c681	5			yes					-1	-1	-1	-1	-1	
291	269	a0d91a3eb8fb0677	4			yes					-1	292	295	301	
292	291	9a27fbff2770f34c	3			yes					-1	293	294	
293	292	558c22bf4d026ff6	5			yes					-1	-1	-1	-1	-1	
294	292	60e3dc1009bb14a1	5			yes					-1	-1	-1	-1	-1	
295	291	c2ed70503e0220b3	6			yes					296	297	298	299	-1	300	
296	295	b06276c1105a0a7f	5			yes					-1	-1	-1	-1	-1	
297	295	488012a883bc5b59	5			yes					-1	-1	-1	-1	-1	
298	295	b12ec7ebb7ef90a8	5			yes					-1	-1	-1	-1	-1	
299	295	c39d78d1dc706008	5			yes					-1	-1	-1	-1	-1	
300	295	939880a0e65fdccc	5			yes					-1	-1	-1	-1	-1	
301	291	f87d3ce4bb2158d4	6			yes					302	303	304	305	306	307	
302	301	8af23a7595797218	5			yes					-1	-1	-1	-1	-1	
303	301	72105e1c069f233e	5			yes					-1	-1	-1	-1	-1	
304	301	8bbe8b5f32cce8cf	5			yes					-1	-1	-1	-1	-1	
305	301	1d92aba137ac9287	5			yes					-1	-1	-1	-1	-1	
306	301	7f17bbdd5ca18eaa	5			yes					-1	-1	-1	-1	-1	
307	301	e9a4c3ae7106fd10	5			yes					-1	-1	-1	-1	-1	
308	269	5548bc41aab2397e	4			yes					-1	-1	309	310	
309	308	a95fbbec80871b28	3			yes					-1	-1	-1	
310	308	fe9a6abde1370624	3			yes					-1	-1	-1	
311	269	93a15a2d1f0cee13	4			yes					-1	-1	-1	312	
312	311	38738cd15489d149	3			yes					313	314	-1	
313	312	091c5f7e59ad3de0	5			yes					-1	-1	-1	-1	-1	
314	312	782dbee93ccb0671	5			yes					-1	-1	-1	-1	-1	
315	269	c4648b7c7ebcf31f	4			yes					-1	-1	-1	-1	
316	268	67707522f74a03a2	5			yes					317	324	328	330	331	
317	316	aa925f8cb18aede2	4			yes					318	321	-1	322	
318	317	65fd18323c4827d0	3			yes					319	-1	320	
319	318	9304e6de6197930e	5			yes					-1	-1	-1	-1	-1	
320	318	503fc669f8c7a1ef	2			yes					-1	-1	
321	317	503eac4e6c481960	5			yes					-1	-1	-1	-1	-1	
322	317	9f5081d775056bdd	3			yes					-1	323	-1	
323	322	05c4c2cfe6fea982	6			yes					-1	-1	-1	-1	-1	-1	
324	316	a81f329c7a88c990	4			yes					-1	325	-1	326	
325	324	395b247127d4debd	5			yes					-1	-1	-1	-1	-1	
326	324	9dddecc7be074faf	3			yes					-1	327	-1	
327	326	6ca14af0ad626e5f	6			yes					-1	-1	-1	-1	-1	-1	
328	316	d4e45becc4775b3a	4			yes					-1	-1	-1	329	
329	328	e12685b700f8dd05	3			yes					-1	-1	-1	
330	316	b11943def83f7cea	3			yes					-1	-1	-1	
331	316	52b2ab7933c5859d	4			yes					-1	-1	-1	-1	
332	268	e2a35db00af85004	5			yes					333	342	348	351	353	
333	332	2f41771e4c38be44	4			yes					334	338	340	341	
334	333	e02e30a0c1fa7476	3			yes					335	336	337	
335	334	821bf1369abdcfcf	5			yes					-1	-1	-1	-1	-1	
336	334	cc3092b6a13ec570	5			yes					-1	-1	-1	-1	-1	
337	334	318243331cb6f644	5			yes					-1	-1	-1	-1	-1	
338	333	11fe93b06e5b4c60	6			yes					-1	-1	-1	-1	-1	339	
339	338	b6bfa0fab819f516	5			yes					-1	-1	-1	-1	-1	
340	333	8712773836494d59	3			yes					-1	-1	-1	
341	333	d4a86956c48e61b7	3			yes					-1	-1	-1	
342	332	2dcc1a0e873a9a36	4			yes					-1	343	346	347	
343	342	62517ecc80c252cd	6			yes					-1	-1	-1	344	-1	345	
344	343	e290a05847c4d4cf	5			yes					-1	-1	-1	-1	-1	
345	343	c5104d865680ebbb	5			yes					-1	-1	-1	-1	-1	
346	342	859f1a28fd4b692b	3			yes					-1	-1	-1	
347	342	d62504460f8c45c5	3			yes					-1	-1	-1	
348	332	5137737e39c5089c	4			yes					-1	-1	349	350	
349	348	67e7eca584ea7f9d	5			yes					-1	-1	-1	-1	-1	
350	348	aade6d36b173d76f	3			yes					-1	-1	-1	
351	332	4af05d967089a319	4			yes					-1	-1	352	-1	
352	351	8faec803c90aca8b	5			yes					-1	-1	-1	-1	-1	
353	332	194a43f8824e8ff7	4			yes					-1	-1	-1	-1	
354	0	44c750a49a9f2abd	5			yes					-1	-1	-1	355	380	
355	354	a08c0608c80f3cc9	5			yes					356	368	374	377	379	
356	355	6d6e2ca68ecfd289	4			yes					357	362	365	367	
357	356	a2016b18030d18bb	3			yes					358	-1	361	
358	357	4e975fae35864cf3	5			yes					-1	-1	359	360	-1	
359	358	637a33c2ee1a6e30	4			yes					-1	-1	-1	-1	
360	358	e627a0586992ef0b	4			yes					-1	-1	-1	-1	
361	357	7a0c49aa4815d343	5			yes					-1	-1	-1	-1	-1	
362	356	a33ab6733bc628f6	3			yes					-1	363	364	
363	362	c8e6582c0a7b4f9b	5			yes					-1	-1	-1	-1	-1	
364	362	9964b13f15ad0745	6			yes					-1	-1	-1	-1	-1	-1	
365	356	ac3ec6a5259d8998	3			yes					-1	-1	-1	
366	365	98a2f458a04c790a	5			no					-1	-1	-1	-1	-2	
367	356	c06b376893996b5c	3			yes					-1	-1	-1	
368	355	6fe341b645cdf6fb	4			yes					-1	369	372	373	
369	368	a1b7db63f0c40c84	3			yes					-1	370	371	
370	369	133b9275dad9a569	5			yes					-1	-1	-1	-1	-1	
371	369	065f96ffd0f8f6c1	5			yes					-1	-1	-1	-1	-1	
372	368	aeb3abb5ee9fadea	3			yes					-1	-1	-1	
373	368	c2e65a78589b4f2e	3			yes					-1	-1	-1	
374	355	6ed89cdd7d06c6b6	4			yes					-1	-1	375	376	
375	374	af8876ded6549da7	3			yes					-1	-1	-1	
376	374	c3dd871360507f63	3			yes					-1	-1	-1	
377	355	61dcec0b635d67d8	4			yes					-1	-1	-1	378	
378	377	ccd9f7c57e0bde0d	3			yes					-1	-1	-1	
379	355	0d891dc6d559851c	4			yes					-1	-1	-1	-1	
380	354	3b70cec0cbbfacd5	5			yes					381	392	399	402	403	
381	380	f692e46e8d7f4295	4			yes					382	386	389	391	
382	381	39fda3d000bd88a7	3			yes					383	-1	385	
383	382	d34f3f315f8a7316	5			yes					-1	-1	-1	-1	384	
384	383	22f38d53401d3d5d	4			yes					-1	-1	-1	-1	
385	382	9d9c6da06dcd1724	5			yes					-1	-1	-1	-1	-1	
386	381	38c67ebb3876b8ea	3			yes					-1	387	388	
387	386	2b6b593bad79672a	5			yes					-1	-1	-1	-1	-1	
388	386	4d0c6bf9d18c1d06	6			yes					-1	-1	-1	-1	-1	-1	
389	381	fa3dc58e7a8fb6f1	6			yes					-1	-1	-1	-1	-1	390	
390	389	5d7cf6c4accd0f87	5			yes					-1	-1	-1	-1	-1	
391	381	0d7bfa2605c99d66	3			yes					-1	-1	-1	
392	380	f41f897e467d66e7	4			yes					-1	393	396	398	
393	392	3a4b13abf3749c98	3			yes					-1	394	395	
394	393	ea0e5f519ea1a38d	5			yes					-1	-1	-1	-1	-1	
395	393	e1cfb2f5f52032a6	5			yes					-1	-1	-1	-1	-1	
396	392	df51fa93aff1ea55	6			yes					-1	-1	-1	-1	-1	397	
397	396	7810c9d979b35323	5			yes					-1	-1	-1	-1	-1	
398	392	0ff69736cecbb914	3			yes					-1	-1	-1	
399	380	f52454157eb656aa	4			yes					-1	-1	400	401	
400	399	e45a70476f16b278	5			yes					-1	-1	-1	-1	-1	
401	399	0ecd4a5df6008959	3			yes					-1	-1	-1	
402	380	3730e98df6bd01fe	4			yes					-1	-1	-1	-1	
403	380	c099d08843097326	4			yes					-1	-1	-1	-1	
404	0	3f858e47521ea67a	5			yes					-1	-1	-1	-1	405	
405	404	2651820612cb79c5	4			yes					406	426	439	456	
406	405	fb0ca6e4c7896d8f	5			yes					407	412	421	424	425	
407	406	a7a6769bf166a1b1	4			yes					408	409	-1	411	
408	407	a6658a780975daa9	6			yes					-1	-1	-1	-1	-1	-1	
409	407	c866766f6c5113e4	6			yes					-1	-1	-1	-1	-1	-1	
410	409	6f274525ba13aa92	5			no					-1	-2	-2	-2	-2	
411	407	d8f8c6353c494a71	6			yes					-1	-1	-1	-1	-1	-1	
412	406	35583c31728097f0	4			yes					-1	413	418	419	
413	412	ccd36cc6b780c313	6			yes					414	415	-1	-1	416	417	
414	413	a16683e52bb679c2	5			yes					-1	-1	-1	-1	-1	
415	413	03c1231a5850a9c1	5			yes					-1	-1	-1	-1	-1	
416	413	34ab079ba9f57a02	5			yes					-1	-1	-1	-1	-1	
417	413	3d6fdea4a8178d58	5			yes					-1	-1	-1	-1	-1	
418	412	84afdc65c4c3cfb7	6			yes					-1	-1	-1	-1	-1	-1	
419	412	737d1f2cccc42c73	3			yes					-1	420	-1	
420	419	39db5cfe2d7aef78	6			yes					-1	-1	-1	-1	-1	-1	
421	406	2ea21641f6b2c072	4			yes					-1	-1	422	423	
422	421	f898d2fa621b7ee2	6			yes					-1	-1	-1	-1	-1	-1	
423	421	6887355c48f67bf1	3			yes					-1	-1	-1	
424	406	0175d9120c99203f	4			yes					-1	-1	-1	-1	
425	406	bd2985f979cdd60c	4			yes					-1	-1	-1	-1	
426	405	aa89dca62be1cf01	5			yes					427	433	435	437	438	
427	426	676bf6086d212141	4			yes					428	429	430	431	
428	427	d962544a04bf609a	6			yes					-1	-1	-1	-1	-1	-1	
429	427	9e84975b8c77f76a	6			yes					-1	-1	-1	-1	-1	-1	
430	427	edfe2331f9d8bb3a	6			yes					-1	-1	-1	-1	-1	-1	
431	427	214ed515d3659ac2	3			yes					-1	-1	-1	
432	431	6b8ca763168ddb01	6			no					-1	-1	-1	-1	-1	-2	
433	426	5be00745143a3327	4			yes					-1	-1	-1	434	
434	433	5cc0b2d59b61df7b	6			yes					-1	-1	-1	-1	-1	-1	
435	426	80d7ada60c4fe455	4			yes					-1	-1	-1	436	
436	435	c6f28ebbb20b5fd6	3			yes					-1	-1	-1	
437	426	50f0a350e0f182b1	4			yes					-1	-1	-1	-1	
438	426	ecacffbb95a57482	4			yes					-1	-1	-1	-1	
439	405	c45dba450b56c4e1	5			yes					440	448	452	454	455	
440	439	09bf90eb4d962aa1	4			yes					441	445	-1	446	
441	440	8240727a580a4f00	6			yes					-1	-1	442	-1	443	444	
442	441	201c2b531445fe7f	5			yes					-1	-1	-1	-1	-1	
443	441	7a381927467ff611	5			yes					-1	-1	-1	-1	-1	
444	441	73fcc018479d014b	5			yes					-1	-1	-1	-1	-1	
445	440	2a4170ed950a6505	6			yes					-1	-1	-1	-1	-1	-1	
446	440	4f9ab3f6f3d29122	3			yes					447	-1	-1	
447	446	77484242c2f0636b	6			yes					-1	-1	-1	-1	-1	-1	
448	439	0b32fdfb86940ed3	4			yes					-1	449	-1	451	
449	448	4324f8d2de96a2d8	6			yes					-1	-1	-1	-1	-1	450	
450	449	e465cb9808d41bae	5			yes					-1	-1	-1	-1	-1	
451	448	4d17dee638d0b550	3			yes					-1	-1	-1	
452	439	77c9948b386b9c79	4			yes					-1	-1	-1	453	
453	452	9d6b17abda7a49c6	6			yes					-1	-1	-1	-1	-1	-1	
454	439	f73c60c3467bc769	4			yes					-1	-1	-1	-1	
455	439	82789958b5127f62	4			yes					-1	-1	-1	-1	
456	405	ee208802ae649be6	5			yes					457	469	475	476	-1	
457	456	23c2a2ace8a475a6	4			yes					458	462	-1	-1	
458	457	6f20cf2a11e72976	6			yes					-1	-1	-1	459	460	461	
459	458	1a4de72a38e9ae59	5			yes					-1	-1	-1	-1	-1	
460	458	9758a4770f929067	5			yes					-1	-1	-1	-1	-1	
461	458	9e9c7d480e70673d	5			yes					-1	-1	-1	-1	-1	
462	457	1936a6f5730fe27d	7			yes					-1	463	-1	465	466	467	468	
463	462	e3aa4507a228d60d	6			yes					-1	-1	-1	-1	-1	-1	
464	462	eac9e15056de2a95	6			no					-1	-2	-2	-2	-2	-2	
465	462	34dbca99a893c0be	6			yes					-1	-1	-1	-1	-1	-1	
466	462	b18659032f1b4185	6			yes					-1	-1	-1	-1	-1	-1	
467	462	1c4c241f216c9ca2	6			yes					-1	-1	-1	-1	-1	-1	
468	462	be7795bfa54d5b0b	6			yes					-1	-1	-1	-1	-1	-1	
469	456	214fcfbc23a651d4	4			yes					-1	470	-1	-1	
470	469	1373107f890a0cf4	6			yes					471	-1	-1	472	473	474	
471	470	61fc16eea7522638	5			yes					-1	-1	-1	-1	-1	
472	470	661e387fa0048bdb	5			yes					-1	-1	-1	-1	-1	
473	470	eb0b7b22977fb5e5	5			yes					-1	-1	-1	-1	-1	
474	470	e2cfa21d969d42bf	5			yes					-1	-1	-1	-1	-1	
475	456	207412d71b6d6199	4			yes					-1	-1	-1	-1	
476	456	2f7062010536c0f7	4			yes					-1	-1	-1	-1	
477	0	ff34cbc26540cd9d	5			yes					-1	-1	-1	-1	-1	
