Number of nodes
149
ID	PID	Hash_Value			File_Number	Fully_Enumerated	Children
0	-1	024bb433998c2ce7	6			yes					1	21	42	64	81	99	
1	0	63488a8a8a1b8704	5			yes					2	7	13	18	20	
2	1	b037c40f2e0fb628	4			yes					3	4	-1	5	
3	2	568513aeedd34751	4			yes					-1	-1	-1	-1	
4	2	84b33000bb370ce8	4			yes					-1	-1	-1	-1	
5	2	c25c87604636719a	5			yes					-1	-1	-1	-1	6	
6	5	e8aa0ade9f98b57c	4			yes					-1	-1	-1	-1	
7	1	bf528b32c3fa54ad	4			yes					-1	8	9	10	
8	7	0e94597fba0fe458	5			yes					-1	-1	-1	-1	-1	
9	7	8619261fe197fc54	4			yes					-1	-1	-1	-1	
10	7	afda6bd84c8aa79a	3			yes					-1	11	12	
11	10	ad4e99540c075bee	5			yes					-1	-1	-1	-1	-1	
12	10	f8d63979df61279c	4			yes					-1	-1	-1	-1	
13	1	95ee25ab406c2347	4			yes					-1	-1	14	15	
14	13	7f8a5da4d55b660d	5			yes					-1	-1	-1	-1	-1	
15	13	8566c541cf1cd070	3			yes					16	-1	17	
16	15	e658acb7f6a48db7	4			yes					-1	-1	-1	-1	
17	15	d2ee8bab3c51a1df	5			yes					-1	-1	-1	-1	-1	
18	1	e94b00f6a8f2b5f1	4			yes					-1	-1	-1	19	
19	18	f9c3e01c278246c6	3			yes					-1	-1	-1	
20	1	73c06a60056b7433	4			yes					-1	-1	-1	-1	
21	0	a6e2b083a36088be	5			yes					22	30	34	39	41	
22	21	d4d3ad641ec067f8	4			yes					23	24	25	26	
23	22	717e207410a01937	4			yes					-1	-1	-1	-1	
24	22	31f830fe51ad9e5c	4			yes					-1	-1	-1	-1	
25	22	9de5ccdb2d94d93d	4			yes					-1	-1	-1	-1	
26	22	c45b4d8e91b094cf	3			yes					27	28	29	
27	26	74636f6dba865d7d	4			yes					-1	-1	-1	-1	
28	26	5313ac491c3e1f03	4			yes					-1	-1	-1	-1	
29	26	265b661ab9ece478	4			yes					-1	-1	-1	-1	
30	21	1e1cd850da4e8ac7	4			yes					-1	31	-1	32	
31	30	9b4b0bc363edc223	4			yes					-1	-1	-1	-1	
32	30	864fc089b760e4f9	5			yes					-1	-1	-1	-1	33	
33	32	acb94d376ece201f	4			yes					-1	-1	-1	-1	
34	21	50441fa269172cfd	4			yes					-1	-1	35	36	
35	34	4978cd9b424e2bed	5			yes					-1	-1	-1	-1	-1	
36	34	40ccff48e667dfca	3			yes					-1	37	38	
37	36	7c379fd210ac7205	4			yes					-1	-1	-1	-1	
38	36	e41c1b94ab44ec3f	5			yes					-1	-1	-1	-1	-1	
39	21	2ce13aff8189ba4b	4			yes					-1	-1	-1	40	
40	39	3c69da150ef9497c	3			yes					-1	-1	-1	
41	21	b66a50692c107b89	4			yes					-1	-1	-1	-1	
42	0	0a471d39dfd5689f	5			yes					43	52	59	61	63	
43	42	787600de627587d9	4			yes					44	46	47	48	
44	43	d2b5d1e6f40d0091	5			yes					-1	-1	-1	-1	45	
45	44	c30263e122fb676b	4			yes					-1	-1	-1	-1	
46	43	3c1390742ed0d646	4			yes					-1	-1	-1	-1	
47	43	0b8238d5419ccb5b	4			yes					-1	-1	-1	-1	
48	43	68fee034ed0574ee	3			yes					49	-1	51	
49	48	e9f4ee5ffb55a38d	5			yes					-1	-1	-1	-1	-1	
50	48	da956c59fe44850e	4			no					-1	-1	-1	-2	
51	48	b03c9214d5e4f61e	4			yes					-1	-1	-1	-1	
52	42	2359d474bb788055	4			yes					-1	53	55	56	
53	52	d8fecbdd5058c990	5			yes					-1	-1	-1	-1	54	
54	53	c94979da86aeae6a	4			yes					-1	-1	-1	-1	
55	52	8c90e47896c1cb87	4			yes					-1	-1	-1	-1	
56	52	33d1349e34087362	3			yes					-1	57	58	
57	56	e3bff4645f006a8c	5			yes					-1	-1	-1	-1	-1	
58	56	372e4eb902b9f6c2	4			yes					-1	-1	-1	-1	
59	42	c1a4be3c7494c64e	4			yes					-1	-1	-1	60	
60	59	49c14258d3db9b39	5			yes					-1	-1	-1	-1	-1	
61	42	80449745fd3c5a6a	4			yes					-1	-1	-1	62	
62	61	90cc77af724ca95d	3			yes					-1	-1	-1	
63	42	1acffdd350a59ba8	4			yes					-1	-1	-1	-1	
64	0	0d795a9e208d5e68	5			yes					65	72	76	78	79	
65	64	7f4847799d2db12e	4			yes					66	68	-1	69	
66	65	61c5278f03aac380	5			yes					-1	-1	-1	-1	67	
67	66	70729588d55ca47a	4			yes					-1	-1	-1	-1	
68	65	e58a43dd530c8933	4			yes					-1	-1	-1	-1	
69	65	6fc0a793125d4219	3			yes					70	71	-1	
70	69	5a8418360cf2609c	5			yes					-1	-1	-1	-1	-1	
71	69	f99c7c258fd8564b	4			yes					-1	-1	-1	-1	
72	64	246793d34420b6a2	4			yes					-1	73	-1	74	
73	72	459c62d2ef72944c	5			yes					-1	-1	-1	-1	-1	
74	72	34ef7339cb504595	3			yes					-1	75	-1	
75	74	598a5d2a33a64b34	5			yes					-1	-1	-1	-1	-1	
76	64	d1635b26696c8dc1	4			yes					-1	-1	-1	77	
77	76	c1ebbbcce61c7ef6	3			yes					-1	-1	-1	
78	64	340c82bc9f6bebc9	5			yes					-1	-1	-1	-1	-1	
79	64	1df1ba74affdad5f	4			yes					-1	-1	-1	80	
80	79	28a64a0160481d8d	5			yes					-1	-1	-1	-1	-1	
81	0	23efd08b6d9bc902	5			yes					82	89	94	97	98	
82	81	51decd6cd03b2644	4			yes					83	85	87	-1	
83	82	a544a0199283ecdc	5			yes					-1	-1	-1	-1	84	
84	83	80170a22d9e171a8	4			yes					-1	-1	-1	-1	
85	82	912fd91ec5689a56	4			yes					-1	-1	-1	86	
86	85	b47c73258e0a0722	3			yes					-1	-1	-1	
87	82	6cbd871dda479033	5			yes					-1	-1	-1	-1	88	
88	87	7d0a351a0cb1f7c9	4			yes					-1	-1	-1	-1	
89	81	0af119c6093621c8	4			yes					-1	90	92	-1	
90	89	f7b5b5589bbc5fc5	5			yes					-1	-1	-1	-1	91	
91	90	d2e61f63d0dec2b1	4			yes					-1	-1	-1	-1	
92	89	0f7dfa3433f94cbc	5			yes					-1	-1	-1	-1	93	
93	92	1eca4833e50f2b46	4			yes					-1	-1	-1	-1	
94	81	fff5d133247a1aab	4			yes					-1	-1	95	-1	
95	94	0b4c2fa2cdf47ead	6			yes					-1	-1	-1	-1	-1	96	
96	95	1afb9da51b021957	5			yes					-1	-1	-1	-1	-1	
97	81	d5497faaa7ec6d41	4			yes					-1	-1	-1	-1	
98	81	71937a335a9b7066	4			yes					-1	-1	-1	-1	
99	0	4c0a51c86b8b3927	5			yes					100	110	120	130	138	
100	99	1f606d1eb8b4656e	5			yes					101	104	107	109	-1	
101	100	cc1f239b1ca05442	4			yes					102	103	-1	-1	
102	101	a775d16684bd537d	4			yes					-1	-1	-1	-1	
103	101	b59bfa7f2e0b1981	4			yes					-1	-1	-1	-1	
104	100	c37a6ca6f155b6c7	4			yes					-1	105	106	-1	
105	104	33e2fa1b72c0a0a3	5			yes					-1	-1	-1	-1	-1	
106	104	7c8ca9434cd25db4	4			yes					-1	-1	-1	-1	
107	100	e9c6c23f72c3c12d	4			yes					-1	-1	108	-1	
108	107	95cb08f10b0fc9d1	5			yes					-1	-1	-1	-1	-1	
109	100	9563e7629a5d579b	4			yes					-1	-1	-1	-1	
110	99	daca571791cf6ad4	5			yes					111	115	117	119	-1	
111	110	a8fb4af02c6f8592	4			yes					112	113	114	-1	
112	111	c60ccbc3b8dba87b	4			yes					-1	-1	-1	-1	
113	111	00d0fa81c4918b35	4			yes					-1	-1	-1	-1	
114	111	903d7c54744ad4a6	4			yes					-1	-1	-1	-1	
115	110	62343fc4e8e168ad	4			yes					-1	116	-1	-1	
116	115	880fa9573bfa59e5	4			yes					-1	-1	-1	-1	
117	110	2c6cf8365bb8ce97	4			yes					-1	-1	118	-1	
118	117	a33998ce9c1a8431	5			yes					-1	-1	-1	-1	-1	
119	110	50c9dd6bb3265821	4			yes					-1	-1	-1	-1	
120	99	766ffaaded7a8af5	5			yes					121	125	128	129	-1	
121	120	045ee74a50da65b3	4			yes					122	123	124	-1	
122	121	cc8a0e521e713ed1	5			yes					-1	-1	-1	-1	-1	
123	121	dfb1aef8dc29fc1e	4			yes					-1	-1	-1	-1	
124	121	065a885a1842c6c0	4			yes					-1	-1	-1	-1	
125	120	5f7133e089d7623f	4			yes					-1	126	127	-1	
126	125	c6c11469ba24f7d0	5			yes					-1	-1	-1	-1	-1	
127	125	814854f7cf1fc61c	4			yes					-1	-1	-1	-1	
128	120	bd8c59a8463b2424	4			yes					-1	-1	-1	-1	
129	120	fc6c70d1cf93b800	4			yes					-1	-1	-1	-1	
130	99	7151bd0a1222bc02	5			yes					131	134	136	137	-1	
131	130	0360a0edaf825344	4			yes					132	133	-1	-1	
132	131	7ffaf83be9d6fdc0	5			yes					-1	-1	-1	-1	-1	
133	131	4f5877c1a3af2b3f	4			yes					-1	-1	-1	-1	
134	130	584f7447768f54c8	4			yes					-1	135	-1	-1	
135	134	ef4e56ce1fd13640	5			yes					-1	-1	-1	-1	-1	
136	130	ad4bbcb25bc36fab	4			yes					-1	-1	-1	-1	
137	130	ca7d6cf4dc0928be	5			yes					-1	-1	-1	-1	-1	
138	99	831eccf2d1306ac1	5			yes					139	143	146	148	-1	
139	138	f12fd1156c908587	4			yes					140	141	142	-1	
140	139	378be9acebfb8ea7	5			yes					-1	-1	-1	-1	-1	
141	139	03e090abbc10f82d	4			yes					-1	-1	-1	-1	
142	139	728258a9303bae73	5			yes					-1	-1	-1	-1	-1	
143	138	aa0005bfb59d820b	4			yes					-1	144	145	-1	
144	143	657afcede2c43dbe	5			yes					-1	-1	-1	-1	-1	
145	143	11422580d98572fc	5			yes					-1	-1	-1	-1	-1	
146	138	5f04cd4a98d1b968	4			yes					-1	-1	147	-1	
147	146	1573f016278840ed	6			yes					-1	-1	-1	-1	-1	-1	
148	138	75b863d31b47ce82	4			yes					-1	-1	-1	-1	
