Number of nodes
323
ID	PID	Hash_Value			File_Number	Fully_Enumerated	Children
0	-1	fc3bbddfedeb2d6e	7			no					1	-2	-2	-2	-2	-2	-2	
1	0	7b221eb31f0c12c4	6			no					109	-2	-2	-2	-2	-2	
2	1	827a7554e1164638	5			no					235	-2	-2	-2	-2	
3	2	55d272fd30072a35	4			no					50	-2	-2	-2	
4	3	2965463421874ffb	5			no					93	-2	-2	-2	-2	
5	4	159f621f55678d56	4			no					183	-2	-2	-2	
6	5	da193fbfff950c19	6			yes					7	21	28	-1	31	33	
7	6	bf160afc55d5eaa6	5			yes					-1	-1	-1	8	18	
8	7	36dda3ff942bd486	4			yes					-1	-1	-1	17	
9	5	615e738961642b16	6			yes					10	42	56	63	69	-1	
10	9	a9573e400b2b8928	5			yes					-1	-1	35	-1	-1	
11	10	2cf8d7a20ad73b27	4			yes					-1	-1	-1	-1	
12	3	afb703d5643d51f9	5			no					13	-2	-2	-2	-2	
13	12	9f478a51a51d1428	4			no					70	-2	-2	-2	
14	13	1bd63c6f2788b15b	3			no					187	-2	-2	
15	14	1fd5f1ec20ebb682	6			no					16	293	-2	-2	-2	-2	
16	15	4d3aaa41e2f39742	5			yes					-1	-1	-1	-1	140	
17	8	665c3be44a754e05	3			yes					-1	-1	-1	
18	7	ef9792e78b8b7025	4			yes					-1	-1	-1	-1	
19	14	92126d6cfa02d994	6			yes					20	78	97	-1	135	143	
20	19	c9339f434b8e7fe6	5			yes					-1	-1	-1	34	64	
21	6	46c08476852617fe	5			yes					-1	-1	-1	22	24	
22	21	cf0b2d7544d829de	4			yes					-1	-1	-1	23	
23	22	9f8ab56e9a86b35d	3			yes					-1	-1	-1	
24	21	16411c6d5b788d7d	4			yes					-1	-1	-1	-1	
25	14	da9441b19a34a3fa	7			yes					26	124	138	146	-1	-1	163	
26	25	5979967cb1a12707	6			yes					27	-1	85	-1	-1	102	
27	26	1ff20f4261b2c7de	5			yes					-1	-1	-1	-1	-1	
28	6	3a90f93eae00f5db	5			yes					-1	-1	-1	-1	30	
29	28	4af17170bca21895	6			no					-1	-1	-1	-1	-1	-2	
30	28	6a116125705e6f58	4			yes					-1	-1	-1	-1	
31	6	53d296bc3e6b3239	5			yes					-1	-1	-1	-1	32	
32	31	03530ea7e035a8ba	4			yes					-1	-1	-1	-1	
33	6	8a98a7a421cb969a	5			yes					-1	-1	-1	-1	-1	
34	20	f17e01827527dd1d	4			yes					-1	-1	-1	37	
35	10	c1f1accbb5a5df2d	4			yes					-1	-1	-1	-1	
36	10	d438dff87130ebe4	4			no					-1	-2	-2	-2	
37	34	93a2e9539fa87989	3			yes					-1	-1	-1	
38	13	c706b1e5436da15b	8			no					39	-2	-2	-2	-2	-2	-2	-2	
39	38	5998fd2d48887443	7			no					40	-2	-2	-2	-2	-2	-2	
40	39	8dcf31ec1ff299cf	6			no					41	-1	-2	-2	-2	-2	
41	40	6c6ff6ee9c6bc0d1	5			yes					-1	-1	-1	-1	230	
42	9	e4f19a6b60989919	5			yes					-1	-1	45	46	-1	
43	13	235612d148df513b	8			yes					44	117	155	197	-1	200	-1	210	
44	43	7877e0fef953f749	7			yes					-1	65	-1	-1	-1	-1	91	
45	42	8c5708e0de16cf1c	4			yes					-1	-1	-1	-1	
46	42	999e7bd31a83fbd5	4			yes					-1	-1	-1	-1	
47	5	0622d128992e204a	7			yes					48	178	-1	218	234	-1	250	
48	47	e94f3c4a06feca17	6			yes					49	-1	-1	-1	-1	154	
49	48	a02c2b4555f07fcb	5			yes					-1	-1	-1	-1	101	
50	3	77a70d3e24813a0d	6			no					51	-2	-2	-2	-2	-2	
51	50	a1e6146ec17ccfba	5			no					227	-2	-2	-2	-2	
52	51	bc194966891e97fa	4			no					167	-2	-2	-2	
53	52	b0c131bcace42529	8			no					54	257	-2	-2	-2	-2	-2	-2	
54	53	2d35e6ddf2876862	7			yes					55	123	-1	-1	-1	-1	216	
55	54	0f662e3a1ab34580	6			yes					-1	-1	-1	-1	-1	96	
56	9	2bf352d6239fb70e	4			yes					-1	-1	-1	-1	
57	2	38a2e1eea946fbdb	6			no					58	-2	-2	-2	-2	-2	
58	57	0852686a6866be0a	5			no					204	-2	-2	-2	-2	
59	58	cd6cde3d49b5c168	4			no					126	-2	-2	-2	
60	59	df592db37d4074cc	7			no					61	202	262	271	308	-1	322	
61	60	8478df9cccccd2be	6			yes					62	-1	142	-1	-1	194	
62	61	9131f9ae12518fe3	5			yes					-1	-1	-1	-1	89	
63	9	09f8e102dfea7d13	5			yes					-1	-1	-1	66	68	
64	20	abef7792a101db72	4			yes					-1	-1	-1	-1	
65	44	9886450e14487e2a	6			yes					-1	-1	-1	-1	-1	73	
66	63	749700baa5f11fdf	4			yes					-1	-1	-1	-1	
67	14	a5d32f0cebfdc1e1	4			yes					-1	-1	90	151	
68	63	6fad17ff97c6da2c	3			yes					-1	-1	-1	
69	9	1c3192311b7f49da	5			yes					-1	-1	-1	-1	74	
70	13	80039098b083100b	8			no					71	242	299	-2	-2	-2	-2	-2	
71	70	03ee47559b1694f6	7			yes					-1	133	-1	-1	-1	-1	219	
72	71	4565de6b4b05742f	6			no					-1	-1	-1	-1	-1	-2	
73	65	fa5aaddffec7dabe	5			yes					-1	-1	-1	-1	-1	
74	69	070b857429488c29	4			yes					-1	-1	-1	-1	
75	52	da6ac9760bea3849	3			no					303	-2	-2	
76	75	9b84506e12c28625	6			no					77	281	-2	-2	-2	-2	
77	76	2a2dc25120d6cb09	5			yes					-1	-1	-1	-1	152	
78	19	02fa3a5dbcb37bf7	5			yes					-1	-1	-1	84	87	
79	59	57f0f1e8570ea637	5			no					80	212	-2	-2	-2	
80	79	3c414c1fb60e091b	4			yes					-1	172	-1	-1	
81	59	b35f31dc239046c4	6			no					82	-2	-2	-2	-2	-2	
82	81	b08c9d314f38d046	5			no					-1	83	-2	-2	-2	
83	82	0af5f4752d885966	4			no					-1	-1	-1	279	
84	78	3ab7a49c821ad90c	4			yes					-1	-1	-1	86	
85	26	c48dfdd99c2a2cf7	5			yes					-1	-1	-1	-1	88	
86	84	586b4c4d68957d98	3			yes					-1	-1	-1	
87	78	6026d28c563cdf63	4			yes					-1	-1	-1	-1	
88	85	bf79d2e3b6688d15	4			yes					-1	-1	-1	-1	
89	62	f3ed117ff8de2b77	4			yes					-1	-1	-1	-1	
90	67	735267de108e52f4	6			yes					-1	-1	-1	-1	-1	132	
91	44	1aab082f13dc53dd	6			yes					92	-1	-1	-1	-1	-1	
92	91	8a435f1e556df1be	5			yes					-1	-1	-1	-1	-1	
93	4	0b976ccfcabef113	7			no					94	-2	-2	-2	-2	-2	-2	
94	93	c39e2106a0f1532d	6			no					95	170	-1	252	-2	-2	
95	94	183e8f568206baff	5			yes					-1	-1	-1	-1	-1	
96	55	aa942e6095cfe4c1	5			yes					-1	-1	-1	-1	-1	
97	19	a5badea174e2cae4	5			yes					-1	-1	-1	103	122	
98	58	c7a25f893a1c2102	9			no					99	-2	-2	-2	-2	-2	-2	-2	-2	
99	98	444f88441189a5ff	8			no					100	-2	-2	-2	-2	-2	-2	-2	
100	99	02c4117ac19a4526	7			no					-1	217	-1	-2	-1	-2	-2	
101	49	c2f0c394bf7fdb5f	4			yes					-1	-1	-1	-1	
102	26	228db9469be386e5	5			yes					-1	-1	-1	-1	-1	
103	97	9df740604a4b681f	4			yes					-1	-1	-1	-1	
104	52	cbccd23c0d2c8bd1	7			no					105	282	-2	-2	-2	-2	-2	
105	104	7a6540033f38c6fd	6			yes					106	-1	-1	-1	-1	256	
106	105	919ed5fa6c6a6337	5			yes					-1	-1	-1	-1	150	
107	75	eac2085349fcba5a	7			no					108	-2	-2	-2	-2	-2	-2	
108	107	7736df32179ff711	6			no					-1	-1	174	-2	-2	-2	
109	1	23c9a99724f80191	6			no					110	-2	-2	-2	-2	-2	
110	109	7a2cfb69092206d1	5			no					263	-2	-2	-2	-2	
111	110	cabe668ecc08e153	4			no					311	-2	-2	-2	
112	111	5b1501f2b84f0d93	5			no					113	-2	-2	-2	-2	
113	112	1e187b8c4598154e	4			no					222	-2	-2	-2	
114	113	606427073e5f0cfa	3			no					289	-2	-2	
115	114	3d2f16864912e9af	7			no					116	-2	-2	-2	-2	-2	-2	
116	115	521b0b2624d04303	6			no					-1	-1	306	-2	-2	-2	
117	43	b3be45e00e6ef358	7			yes					118	125	-1	145	-1	-1	149	
118	117	e89fb7cfbfe2552a	6			yes					-1	-1	-1	-1	-1	-1	
119	59	9ff52254875587df	8			no					120	-2	-2	-2	-2	-2	-2	-2	
120	119	1c18f599acc00322	7			no					-1	-1	-1	243	-1	-1	286	
121	120	5a936ca77cd3e3fb	6			no					-1	-1	-1	-1	-1	209	
122	97	c76636709e6d6e70	4			yes					-1	-1	-1	-1	
123	54	5ed99cfea291ae50	6			yes					-1	-1	-1	-1	-1	173	
124	25	9c1fd88f4a274323	6			yes					-1	-1	-1	-1	-1	136	
125	117	534fe010e3757a3b	6			yes					-1	-1	-1	-1	-1	141	
126	59	adce930b89a84065	8			no					127	-2	-2	-2	-2	-2	-2	-2	
127	126	3350dfc3824d957d	7			no					128	-2	-2	-2	-2	-2	-2	
128	127	e7071302d53778f1	6			no					129	-2	-2	-2	-2	-2	
129	128	f6278fa450ae350f	5			no					-1	-1	-1	-2	-2	
130	124	01ebb32a67ac48d3	5			no					-1	-1	-1	-1	134	
131	48	1501deeeea14bb70	5			no					-1	-1	-1	-1	139	
132	90	615f709aa5d6fb01	5			yes					-1	-1	-1	-1	-1	
133	71	ad59eb9411e1bc45	6			yes					-1	-1	-1	-1	-1	171	
134	130	7a1f9c104deee931	4			yes					-1	-1	-1	-1	
135	19	aa5ff3adc4ab7b6f	5			yes					-1	-1	-1	-1	137	
136	124	e7ebf7b56065e2c1	5			yes					-1	-1	-1	-1	-1	
137	135	c8831b7c2e24dffb	4			yes					-1	-1	-1	-1	
138	25	abc8cc6aa644f738	6			yes					-1	-1	-1	-1	-1	144	
139	131	77dd363f009b1fe4	4			yes					-1	-1	-1	-1	
140	16	2fe64290087c33d6	4			yes					-1	-1	-1	-1	
141	125	319308c109fadeaf	5			yes					-1	-1	-1	-1	-1	
142	61	82cf88050aed5d6c	5			yes					-1	-1	-1	-1	153	
143	19	f0ce85bd108d7d00	5			yes					-1	-1	-1	-1	-1	
144	138	d03ce3508c0656da	5			yes					-1	-1	-1	-1	-1	
145	117	84fdda267af47241	5			yes					-1	-1	-1	-1	-1	
146	25	47602a14b7bfa80a	6			yes					-1	-1	-1	-1	-1	148	
147	133	e839348ef5c4b7e0	5			no					-1	-2	-2	-2	-2	
148	146	3c94052e9dfd09e8	5			yes					-1	-1	-1	-1	-1	
149	117	d162ad31e4e157cc	6			yes					-1	-1	-1	-1	-1	-1	
150	106	ea6afac04628c2d5	4			yes					-1	-1	-1	-1	
151	67	b31af8a8b0270939	5			yes					-1	-1	-1	-1	-1	
152	77	51d9ed6b0a946aeb	4			yes					-1	-1	-1	-1	
153	142	e01360d4e062f9f8	4			yes					-1	-1	-1	-1	
154	48	8b93d49bec716e83	5			yes					-1	-1	-1	-1	-1	
155	43	c3a7b721a5c4d858	7			yes					-1	-1	-1	-1	-1	190	192	
156	2	cbd94c4365c17e13	7			no					157	-2	-2	-2	-2	-2	-2	
157	156	1d985513803c8ba4	6			no					158	-2	-2	-2	-2	-2	
158	157	0067081bc85ed3e4	5			no					231	-2	-2	-2	-2	
159	158	db3e11505682f512	4			no					296	-2	-2	-2	
160	159	f56f5a9c568ea910	8			no					161	-2	-2	-2	-2	-2	-2	-2	
161	160	689b8dfd08ede45b	7			no					162	-2	-2	-2	-2	-2	-2	
162	161	6c6f5bffb60fa52c	6			yes					-1	-1	-1	-1	-1	316	
163	25	a1606e8bb0760218	6			yes					-1	-1	-1	-1	-1	-1	
164	155	f4e428e7d15e5941	5			yes					-1	-1	-1	-1	165	
165	164	9638c0363bd1fdd5	4			yes					-1	-1	-1	-1	
166	155	74c075f63d563152	9			yes					-1	-1	-1	-1	-1	-1	-1	-1	180	
167	52	00977ecfe1b8ebf8	8			no					168	-2	-2	-2	-2	-2	-2	-2	
168	167	b80a9164ad30a5d6	7			no					169	-2	-2	-2	-2	-2	-2	
169	168	e42a9eecb2735e04	6			no					-1	-1	179	-2	-2	-2	
170	94	2272fc0a21064aca	5			yes					-1	-1	-1	-1	-1	
171	133	d6adc4ae3ba31da7	5			yes					-1	-1	-1	-1	-1	
172	80	7dca05494ebc8f14	3			yes					-1	-1	-1	
173	123	fb2b9ca42ded0f11	5			yes					-1	-1	-1	-1	-1	
174	108	ba968ff3431c56c4	5			no					-1	-1	-1	-1	280	
175	155	8f4cd9e0b09bfb6a	7			no					-1	-1	-1	-1	-1	-1	186	
176	170	619f2d311d20ecd7	4			yes					-1	-1	-1	-1	
177	176	ba3f83613fd70505	3			no					-1	-2	-2	
178	47	4f41c627ca209596	6			yes					-1	-1	-1	-1	-1	196	
179	169	bc559f4f63b20a79	5			no					-1	-1	-2	-2	-2	
180	166	fc889eb27628f762	8			yes					-1	-1	-1	-1	-1	-1	-1	-1	
181	171	93cd1bb4df861602	4			no					-1	-1	-1	-2	
182	178	b30f248326cae4f1	5			no					-1	-1	-1	-1	193	
183	5	547a3786b4f3ceef	8			no					184	-2	-2	-2	-2	-2	-2	-2	
184	183	ec270d2f54058eb5	7			no					185	294	-2	-2	-2	-2	-2	
185	184	2dae02fe1f11502e	6			yes					-1	-1	-1	-1	-1	258	
186	175	070432a4fbe53d5a	6			yes					-1	-1	-1	-1	-1	-1	
187	14	7e107bc986fccf11	8			no					188	-2	-2	-2	-2	-2	-2	-2	
188	187	e08e37018d191a09	7			no					189	-2	-2	-2	-2	-2	-2	
189	188	34d9fbc0da63f785	6			no					-1	-2	-2	-2	-2	-2	
190	155	9e56d2096928219c	5			yes					-1	-1	-1	-1	191	
191	190	fc8a3ad883a78508	4			yes					-1	-1	-1	-1	
192	155	a17b5ff04f4b7ccc	6			yes					-1	-1	-1	-1	195	-1	
193	182	d1d3cc52cc454065	4			yes					-1	-1	-1	-1	
194	61	e6a4374d2643762a	5			yes					-1	-1	-1	-1	-1	
195	192	ca6246faad421a31	8			yes					-1	-1	-1	-1	-1	-1	-1	-1	
196	178	2d9d2ef620af3102	5			yes					-1	-1	-1	-1	-1	
197	43	14158d173c45d022	6			yes					-1	-1	-1	-1	-1	199	
198	197	7a9966acbca1c1f6	6			no					-1	-1	-1	-1	-1	-2	
199	197	76c965c6d6ca74b6	5			yes					-1	-1	-1	-1	-1	
200	43	7ea777f98433a8ff	6			yes					-1	-1	-1	-1	-1	203	
201	71	468e984f7f339f53	6			no					-1	-1	-1	-1	-1	-2	
202	60	ca100b81a3dd2991	6			yes					-1	-1	211	-1	-1	254	
203	200	1c7b9f286ebc0c6b	5			yes					-1	-1	-1	-1	-1	
204	58	bf8f3554678b55f3	9			no					205	-2	-2	-2	-2	-2	-2	-2	-2	
205	204	2111799c6c6e80eb	8			no					206	-2	-2	-2	-2	-2	-2	-2	
206	205	f546b55d3b146d67	7			no					-1	270	-2	-2	-2	-2	-2	
207	71	8b408153c11dadf8	5			no					-1	-1	-1	-2	-2	
208	185	1d75dd263b3b691b	5			no					-1	-1	-1	-1	-2	
209	121	2167439d56914219	5			no					-1	-1	-2	-2	-2	
210	43	418afa00a250f5af	7			yes					-1	-1	-1	-1	-1	-1	-1	
211	202	cca75c1865fca643	5			yes					-1	-1	-1	-1	214	
212	79	94e1adcd2aa3a4e0	7			no					213	-2	-2	-2	-2	-2	-2	
213	212	e07135c9b652f4b5	6			yes					-1	-1	-1	-1	-1	272	
214	211	ae7bb4c98f7302d7	4			yes					-1	-1	-1	-1	
215	94	3572a807b9ae3296	8			no					-1	-2	-2	-2	-2	-2	-2	-2	
216	54	88c7e6877dfbc923	6			yes					-1	-1	-1	-1	-1	-1	
217	100	fb3be4d3a25c6a15	6			no					-1	-1	-1	-1	-1	287	
218	47	fa6c338c75c4512d	6			yes					-1	-1	-1	-1	-1	225	
219	71	781a686fb1543514	6			yes					-1	-1	-1	-1	-1	-1	
220	218	1e1c50cd78b3f3da	5			no					-1	-1	-1	-1	-2	
221	105	f30a75971e574de9	5			no					-1	-1	-1	-1	249	
222	113	0bc4bd99294a6519	7			no					223	-2	-2	-2	-2	-2	-2	
223	222	d9dbd48400db4aa1	6			no					-1	-1	-1	-1	-2	-2	
224	223	1b8e3c3c32a1f6ab	5			no					-1	-2	-2	-2	-2	
225	218	98b0db5d9f4bf5b9	5			yes					-1	-1	-1	-1	-1	
226	219	3d7ab77555713eb1	5			no					-1	-2	-2	-2	-2	
227	51	d22a1eefda1bf0b9	8			no					228	-2	-2	-2	-2	-2	-2	-2	
228	227	4fdec98e8478bdf2	7			no					229	-2	-2	-2	-2	-2	-2	
229	228	af361f8ee7b829d2	6			no					-1	-1	283	-2	-2	-2	
230	41	c99df6b413176190	4			yes					-1	-1	-1	-1	
231	158	f1fec0b71eaab4d1	9			no					232	-2	-2	-2	-2	-2	-2	-2	-2	
232	231	49632f1c5222faff	8			no					233	-2	-2	-2	-2	-2	-2	-2	
233	232	154320944d61012d	7			no					-1	278	-2	-2	-2	-2	-2	
234	47	5bd3b40055c2d98e	5			yes					-1	-1	-1	-1	246	
235	2	fb5453ed7e2083d4	7			no					236	-2	-2	-2	-2	-2	-2	
236	235	daa4035f6e273eb3	6			no					237	-2	-2	-2	-2	-2	
237	236	c17e7d9b81cd04c8	5			no					238	-2	-2	-2	-2	
238	237	e6f265862cd90452	4			no					239	-2	-2	-2	
239	238	8f84a83cf50f2d24	8			no					240	-2	-2	-2	-2	-2	-2	-2	
240	239	c89ea6b172bcb14c	7			no					241	-2	-2	-2	-2	-2	-2	
241	240	4f212b53e4cf958b	6			no					-1	-1	-2	-2	-2	-2	
242	70	c68809a66090f0d2	7			yes					-1	-1	-1	260	-1	-1	275	
243	120	deed392e84785ea7	6			yes					-1	-1	-1	-1	-1	255	
244	243	9866a010546bbe7e	5			no					-1	-2	-2	-2	-2	
245	242	683fa567ea67d861	6			no					-1	-1	-1	-1	-1	251	
246	234	390f5cd1bf4d7d1a	4			yes					-1	-1	-1	-1	
247	245	2d5f7a7d0e42d3c4	5			no					-1	-1	-2	-2	-2	
248	202	97e16ea96f31d055	4			yes					-1	-1	-1	-1	
249	221	88fe5aad3415ec0b	4			no					-1	-1	-2	-2	
250	47	64fe39f973a184de	6			yes					-1	-1	-1	-1	-1	-1	
251	245	13cb8a5dc0257983	5			yes					-1	-1	-1	-1	-1	
252	94	8073f03d9cd7f530	5			no					-1	-1	-1	-1	-2	
253	252	5bd35e6dbe201ce2	4			no					-1	-1	-1	-2	
254	202	a8cce35049528d05	5			yes					-1	-1	-1	-1	-1	
255	243	a5191614ae3aff45	5			yes					-1	-1	-1	-1	-1	
256	105	01916f39157a671f	5			yes					-1	-1	-1	-1	-1	
257	53	9292f95b44d008cb	7			no					-1	261	-2	-2	-2	-2	-2	
258	185	565a2dc43553f1cc	5			yes					-1	-1	-1	-1	-1	
259	258	3a2c2d30e77bec38	4			no					-1	-2	-2	-2	
260	242	83e8d6bc84b5fb77	6			yes					-1	-1	-1	-1	-1	269	
261	257	e17e837814c6cef9	6			no					-1	-1	-1	-1	-1	305	
262	60	714559e44972a67f	5			yes					-1	-1	-1	-1	268	
263	110	4df7913c79009c2f	6			no					264	-2	-2	-2	-2	-2	
264	263	08faeb4284d784f2	5			no					265	-2	-2	-2	-2	
265	264	3f2af03d87696d94	7			no					266	-2	-2	-2	-2	-2	-2	
266	265	501eed9deaabc738	6			no					267	-2	-2	-2	-2	-2	
267	266	471ae8695d58a446	5			no					-1	-1	-1	-1	-2	
268	262	1399b135a3fd02eb	4			yes					-1	-1	-1	-1	
269	260	f81cf986aef75a95	5			yes					-1	-1	-1	-1	-1	
270	206	c7b6d9604b28a285	6			no					-1	-2	-2	-2	-2	-2	
271	60	d9ee7a2abb61fb1e	6			yes					-1	-1	-1	273	-1	284	
272	213	f27c228d030a5d40	5			yes					-1	-1	-1	-1	-1	
273	271	841f1f02778d02da	4			yes					-1	-1	-1	274	
274	273	6ea9d9582aa07fbe	6			yes					-1	-1	-1	-1	-1	-1	
275	242	bd7c269c4ad25130	6			yes					-1	-1	-1	-1	-1	285	
276	275	3e91f1516147d5cd	5			no					-1	-1	-2	-1	-2	
277	276	90265d90ebb0fd7e	4			no					-1	-2	-2	-2	
278	233	a85ca92767eac436	6			no					-1	-2	-2	-2	-2	-2	
279	83	68291ca4c707fdf2	3			no					-1	-1	-2	
280	174	1f648fa9cc60f785	4			yes					-1	-1	-1	-1	
281	76	707fc597419023ef	5			no					-1	-1	-1	-2	-2	
282	104	203747c55e7e2e1b	6			no					-1	-1	292	-1	-2	-2	
283	229	48c2880543c8c5e5	5			no					-1	-1	-1	-1	321	
284	271	bb3292fb51ee5f8a	5			yes					-1	-1	-1	301	-1	
285	275	35d2e09a10d9683e	4			yes					-1	-1	-1	-1	
286	120	67ecdaa38682a2c0	6			no					-1	288	-1	-1	-1	-2	
287	217	80cfcbe9881ecbf7	5			yes					-1	-1	-1	-1	-1	
288	286	9c1205118330b9aa	5			yes					-1	-1	-1	-1	-1	
289	114	0c0d01a6c36d4ed2	6			no					290	-2	-2	-2	-2	-2	
290	289	de1268bbeafc616a	5			no					-1	-1	-2	-2	-2	
291	284	6fd0eac299f58ebc	8			no					-1	-1	-2	-2	-1	-1	-1	-1	
292	282	a95872517f11a50f	5			yes					-1	-1	-1	-1	302	
293	15	37242e3f1cdce285	5			no					-1	-2	-2	-2	-2	
294	184	80510ddb862d9341	6			no					295	-2	-2	-2	-2	-2	
295	294	41d8020acd394dda	5			no					-1	-1	-1	-2	-2	
296	159	ed5f7db1b4d90f8b	7			no					297	-2	-2	-2	-2	-2	-2	
297	296	5cf6ef8e86cd42a7	6			no					298	-2	-2	-2	-2	-2	
298	297	7fd0199725be0211	5			no					-1	-2	-2	-2	-2	
299	70	2eb43c593a7438b8	7			no					-1	-1	-1	300	-1	-1	320	
300	299	6bd4e343de51331d	6			yes					-1	-1	-1	-1	-1	309	
301	284	945c46d414384484	6			yes					-1	-1	-1	-1	-1	-1	
302	292	d2ac5d6b555304ed	4			yes					-1	-1	-1	-1	
303	75	53e2f464aafe9749	6			no					304	-2	-2	-2	-2	-2	
304	303	28da2749370e387a	5			no					-1	-2	-2	-2	-2	
305	261	448c83229bba6fb8	5			yes					-1	-1	-1	-1	-1	
306	116	78c941d74887bbb1	5			no					-1	-2	-2	-2	-2	
307	286	35db808a8faac2bd	4			no					-1	-1	-2	-2	
308	60	82a8489bb1ac8d08	5			yes					-1	-1	-1	-1	317	
309	300	1020cc79f41392ff	5			yes					-1	-1	-1	-1	-1	
310	309	56ab554724007226	4			no					-1	-2	-2	-2	
311	111	1e5da0e9f1ca644d	5			no					312	-2	-2	-2	-2	
312	311	7bdafbe0e1c6d61f	4			no					313	-2	-2	-2	
313	312	4a6a89896c9c4e13	7			no					314	-2	-2	-2	-2	-2	-2	
314	313	7256762afc45a66f	6			no					315	-2	-2	-2	-2	-2	
315	314	35f36df22797a3ae	5			no					-1	-2	-2	-2	-2	
316	162	c99d5ba53973046d	5			yes					-1	-1	-1	-1	-1	
317	308	e074a04a5b23299c	4			yes					-1	-1	-1	-1	
318	299	a61afa5f607f01b6	5			no					-1	-1	-1	-1	-2	
319	282	a89981c304751715	4			no					-1	-1	-1	-2	
320	299	554013631036995a	6			no					-1	-2	-2	-2	-2	-2	
321	283	ed30885fccb464a4	4			no					-1	-1	-1	-2	
322	60	bd85c56297cfd058	6			no					-1	-2	-2	-2	-2	-2	
