Number of nodes
174
ID	PID	Hash_Value			File_Number	Fully_Enumerated	Children
0	-1	3372de7d9fd37008	6			yes					1	24	45	66	88	130	
1	0	fc3975645530faed	5			yes					2	7	16	21	23	
2	1	5e6498374a895733	4			yes					3	4	5	6	
3	2	d3b37fa69430a734	4			yes					-1	-1	-1	-1	
4	2	4cbd2d465c4aac6a	4			yes					-1	-1	-1	-1	
5	2	c06a68ff83251fc4	3			yes					-1	-1	-1	
6	2	f1b4f5d396cdbe20	4			yes					-1	-1	-1	-1	
7	1	861764c4d3db12aa	4			yes					-1	8	11	12	
8	7	531992671444ab8d	4			yes					9	10	-1	-1	
9	8	06decd57f5faec83	3			yes					-1	-1	-1	
10	8	9c4455a942c42fe8	3			yes					-1	-1	-1	
11	7	0f95eb54e0715c37	4			yes					-1	-1	-1	-1	
12	7	4fc5505823b55e68	3			yes					-1	13	15	
13	12	893c77305c94115d	5			yes					-1	-1	-1	-1	14	
14	13	d93413c8d7558616	4			yes					-1	-1	-1	-1	
15	12	19e0607cc115d5d3	4			yes					-1	-1	-1	-1	
16	1	c9f4865dff111428	4			yes					-1	-1	17	19	
17	16	f8e3ad84d868a904	5			yes					-1	-1	-1	-1	18	
18	17	87c028740d899fb4	4			yes					-1	-1	-1	-1	
19	16	0026b2c10f7f58ea	3			yes					-1	-1	20	
20	19	74aebe28b999c673	5			yes					-1	-1	-1	-1	-1	
21	1	246c3b56c31de79e	4			yes					-1	-1	-1	22	
22	21	edbe0fca3373ab5c	3			yes					-1	-1	-1	
23	1	35eb41f8a55eb62f	4			yes					-1	-1	-1	-1	
24	0	732d9d107c7f5a6e	5			yes					25	33	37	42	44	
25	24	2923dc50def4293a	4			yes					26	27	29	30	
26	25	f08901e7742d486e	4			yes					-1	-1	-1	-1	
27	25	977a4500c8fa5b88	4			yes					-1	28	-1	-1	
28	27	b399b78141c47f5f	3			yes					-1	-1	-1	
29	25	a778fc0b53b29293	4			yes					-1	-1	-1	-1	
30	25	e0f1e8cc2e9a65f8	3			yes					-1	31	32	
31	30	24df1b018f920e7b	4			yes					-1	-1	-1	-1	
32	30	dbdc826caf8b758f	4			yes					-1	-1	-1	-1	
33	24	7e44c8d76ee9cc20	4			yes					-1	34	35	36	
34	33	a16eb748359aa5bf	4			yes					-1	-1	-1	-1	
35	33	59cc63557edc80ec	4			yes					-1	-1	-1	-1	
36	33	f2ad369b8afa87a9	4			yes					-1	-1	-1	-1	
37	24	46e06e29d65eb4ab	4			yes					-1	-1	38	40	
38	37	8a26ba601b7f2999	5			yes					-1	-1	-1	-1	39	
39	38	f5053f90ce9e1f29	4			yes					-1	-1	-1	-1	
40	37	8f325ab52630f869	3			yes					-1	-1	41	
41	40	066ba9cc7a8e46ee	5			yes					-1	-1	-1	-1	-1	
42	24	ab78d322ea52471d	4			yes					-1	-1	-1	43	
43	42	62aae7be1a3c0bdf	3			yes					-1	-1	-1	
44	24	baffa98c8c1116ac	4			yes					-1	-1	-1	-1	
45	0	67b5b24ae957b1c2	5			yes					46	54	59	63	65	
46	45	3dbbf30a4bdcc296	4			yes					47	49	50	51	
47	46	952260c5ec0ab628	4			yes					-1	-1	-1	48	
48	47	ea01e53539eb8098	3			yes					-1	-1	-1	
49	46	b132fb38e8f33203	3			yes					-1	-1	-1	
50	46	ff4dc2439bce4087	4			yes					-1	-1	-1	-1	
51	46	f469c796bbb28e54	3			yes					52	-1	53	
52	51	196f73698dfbd95f	4			yes					-1	-1	-1	-1	
53	51	83e9bc2467f7a79b	4			yes					-1	-1	-1	-1	
54	45	4dbaac8f88a7e341	4			yes					-1	55	56	57	
55	54	1bac6cf355462c27	4			yes					-1	-1	-1	-1	
56	54	963e4a85e59c31a5	4			yes					-1	-1	-1	-1	
57	54	8468981378c9af83	3			yes					-1	-1	58	
58	57	ea9a34e219a5d6b9	4			yes					-1	-1	-1	-1	
59	45	6186252ba5387066	4			yes					-1	-1	60	61	
60	59	0435a68009748706	4			yes					-1	-1	-1	-1	
61	59	0f11fba4d76eed91	5			yes					-1	-1	-1	-1	62	
62	61	5f199f5c5caf7ada	4			yes					-1	-1	-1	-1	
63	45	bfe0fc787f7aacb1	4			yes					-1	-1	-1	64	
64	63	7632c8e48f14e073	3			yes					-1	-1	-1	
65	45	ae6786d61939fd00	4			yes					-1	-1	-1	-1	
66	0	498f64f90ba6880e	5			yes					67	76	82	85	87	
67	66	138125b9a92dfb5a	4			yes					68	70	72	73	
68	67	abf2b9b50444d076	4			yes					-1	69	-1	-1	
69	68	48b2e46ea5b1fbd0	3			yes					-1	-1	-1	
70	67	c712e207fbc05d43	4			yes					-1	-1	-1	71	
71	70	b83167f72e216bf3	3			yes					-1	-1	-1	
72	67	53d2cf3b569cf012	4			yes					-1	-1	-1	-1	
73	67	da5311255943b798	3			yes					74	75	-1	
74	73	8fbf890d1e75c7b0	4			yes					-1	-1	-1	-1	
75	73	4b5ff1ab9a313234	4			yes					-1	-1	-1	-1	
76	66	63807a3c6a56da8d	4			yes					-1	77	79	80	
77	76	d7836d57f8b306b1	4			yes					78	-1	-1	-1	
78	77	0469bef392f7bd73	3			yes					-1	-1	-1	
79	76	c928a2c08d854ce9	4			yes					-1	-1	-1	-1	
80	76	aa524ea09a38964f	3			yes					-1	81	-1	
81	80	f3ce5defe2821177	4			yes					-1	-1	-1	-1	
82	66	33a175598d4d6049	4			yes					-1	-1	83	84	
83	82	bad1f08b5114ee48	4			yes					-1	-1	-1	-1	
84	82	fa7341c57d232c8b	3			yes					-1	-1	-1	
85	66	c3fd7ab9b5fe8552	4			yes					-1	-1	-1	86	
86	85	8ea307a4422b84e3	5			yes					-1	-1	-1	-1	-1	
87	66	805d5065fbc8c4cc	4			yes					-1	-1	-1	-1	
88	0	d37a59500f76a00c	5			yes					89	94	99	104	116	
89	88	ec3841f23c15f952	4			yes					90	91	93	-1	
90	89	70651445ba587567	4			yes					-1	-1	-1	-1	
91	89	96165052bafe1115	3			yes					-1	92	-1	
92	91	90de61a38198d465	4			yes					-1	-1	-1	-1	
93	89	d9f5b2cb96341797	3			yes					-1	-1	-1	
94	88	632ca986155a59d1	4			yes					95	97	98	-1	
95	94	3922e8c6b7d12a85	3			yes					-1	96	-1	
96	95	ea2b94c7fcabc8a2	4			yes					-1	-1	-1	-1	
97	94	f8da1cf8d7dcc773	4			yes					-1	-1	-1	-1	
98	94	56e15abfbf7bb714	3			yes					-1	-1	-1	
99	88	77b486dc8072b27d	4			yes					100	102	103	-1	
100	99	2dbac79c22f9c129	3			yes					101	-1	-1	
101	100	d343fd96c1834592	4			yes					-1	-1	-1	-1	
102	99	5dbb9819e182e0fe	3			yes					-1	-1	-1	
103	99	16f3ed370a6228a9	4			yes					-1	-1	-1	-1	
104	88	4aa585415a400849	5			yes					105	109	112	114	115	
105	104	10abc401f8cb7b1d	4			yes					106	107	-1	108	
106	105	84a45925c37fb80a	4			yes					-1	-1	-1	-1	
107	105	81737f54d649aef9	4			yes					-1	-1	-1	-1	
108	105	4f1db68eb54128f1	5			yes					-1	-1	-1	-1	-1	
109	104	60aa9b843bb05aca	4			yes					-1	110	-1	111	
110	109	f8d58dc73f886ecd	4			yes					-1	-1	-1	-1	
111	109	ba63f43e78b5251f	5			yes					-1	-1	-1	-1	-1	
112	104	308b94e1dcabe00e	4			yes					-1	-1	-1	113	
113	112	a6358060523065f6	5			yes					-1	-1	-1	-1	-1	
114	104	85ba9d26a526c260	4			yes					-1	-1	-1	-1	
115	104	c5305642baf603b9	4			yes					-1	-1	-1	-1	
116	88	b072fae88d0df91f	5			yes					117	121	125	128	129	
117	116	ea7cbba82f868a4b	4			yes					118	119	120	-1	
118	117	a6ae6b7d9ed92787	4			yes					-1	-1	-1	-1	
119	117	c90d6739d0ac0f23	4			yes					-1	-1	-1	-1	
120	117	8896d8beeff4639b	4			yes					-1	-1	-1	-1	
121	116	9a7de42decfdab9c	4			yes					-1	122	124	-1	
122	121	13e19823020caed0	5			yes					-1	-1	-1	-1	123	
123	122	6bfa1f85de00c616	4			yes					-1	-1	-1	-1	
124	121	e3f498b8b209ed3f	4			yes					-1	-1	-1	-1	
125	116	ca5ceb480be61158	4			yes					-1	-1	126	-1	
126	125	fdc869ecdfb2410a	5			yes					-1	-1	-1	-1	127	
127	126	85d3ee4a03be29cc	4			yes					-1	-1	-1	-1	
128	116	85bf09d1272c17da	4			yes					-1	-1	-1	-1	
129	116	3fe2bd1cefb12755	4			yes					-1	-1	-1	-1	
130	0	addd850734c5b989	5			yes					131	143	154	166	-1	
131	130	1dd23ff4ece2f3b7	5			yes					132	135	140	142	-1	
132	131	bf8fd2a7f35b5e69	4			yes					133	134	-1	-1	
133	132	25aa561768368a30	4			yes					-1	-1	-1	-1	
134	132	baa404f7a04c816e	4			yes					-1	-1	-1	-1	
135	131	67fc2e546a091bf0	4			yes					-1	136	138	-1	
136	135	c47c036a5f2f390d	5			yes					-1	-1	-1	-1	137	
137	136	bc6784cc832351cb	4			yes					-1	-1	-1	-1	
138	135	eaac5e71cb61e6f9	5			yes					-1	-1	-1	-1	139	
139	138	92b7d9d7176d8e3f	4			yes					-1	-1	-1	-1	
140	131	281fcccd46c31d72	4			yes					-1	-1	141	-1	
141	140	0efa8435246e8400	5			yes					-1	-1	-1	-1	-1	
142	131	c58771c67acfeec4	4			yes					-1	-1	-1	-1	
143	130	92c6d780c5ad5334	5			yes					144	149	151	153	-1	
144	143	c8c896c067262060	4			yes					145	146	147	-1	
145	144	06902856882b656a	4			yes					-1	-1	-1	-1	
146	144	32301e6d41161ecf	4			yes					-1	-1	-1	-1	
147	144	1d5ad27d55e0d74f	5			yes					-1	-1	-1	-1	148	
148	147	654155db89ecbf89	4			yes					-1	-1	-1	-1	
149	143	9faf8247d73bc57a	4			yes					-1	150	-1	-1	
150	149	57779ef9c99c88bb	4			yes					-1	-1	-1	-1	
151	143	a70b24b96f8cbdf1	4			yes					-1	-1	152	-1	
152	151	7c3f93d1e779049d	5			yes					-1	-1	-1	-1	-1	
153	143	4a9399b253804e47	4			yes					-1	-1	-1	-1	
154	130	865ef8da5085b898	5			yes					155	160	164	165	-1	
155	154	dc50b99af20ecbcc	4			yes					156	157	158	-1	
156	155	633b4974100c9b2c	4			yes					-1	-1	-1	-1	
157	155	26576a35a398a083	4			yes					-1	-1	-1	-1	
158	155	456fec359d9c055b	5			yes					-1	-1	-1	-1	159	
159	158	3d746b9341906d9d	4			yes					-1	-1	-1	-1	
160	154	ac51e61f3175ea1b	4			yes					-1	161	162	-1	
161	160	edb54542a9400123	4			yes					-1	-1	-1	-1	
162	160	2c1c64f3e3ce7479	5			yes					-1	-1	-1	-1	163	
163	162	5407e3553fc21cbf	4			yes					-1	-1	-1	-1	
164	154	806d6fbb1cea793c	4			yes					-1	-1	-1	-1	
165	154	5e0bb6e8c6a8a5eb	4			yes					-1	-1	-1	-1	
166	130	a8642e69b2748154	5			yes					167	170	172	173	-1	
167	166	f26a6f2910fff200	4			yes					168	169	-1	-1	
168	167	81a12f2b89ae91f8	4			yes					-1	-1	-1	-1	
169	167	310bcbb607c67047	4			yes					-1	-1	-1	-1	
170	166	826b30acd384d3d7	4			yes					-1	171	-1	-1	
171	170	fdd0fbc97559473f	4			yes					-1	-1	-1	-1	
172	166	d24a3fc9349f6913	4			yes					-1	-1	-1	-1	
173	166	221630290c2c8c08	4			yes					-1	-1	-1	-1	
