Number of nodes
308
ID	PID	Hash_Value			File_Number	Fully_Enumerated	Children
0	-1	5ed7893ab19fcbb5	6			yes					1	103	172	232	272	307	
1	0	beabaa4080d15f3e	5			yes					2	40	58	70	80	
2	1	80f96ab2a972b1e2	5			yes					3	11	23	32	39	
3	2	c17197de818a92fa	4			yes					4	5	6	7	
4	3	ec84c2d9045fcf1d	4			yes					-1	-1	-1	-1	
5	3	3e978f3da5c15851	4			yes					-1	-1	-1	-1	
6	3	caddd1032dea1c7a	4			yes					-1	-1	-1	-1	
7	3	83ac97710e33ce44	3			yes					8	9	10	
8	7	064e82d2b4e096a7	4			yes					-1	-1	-1	-1	
9	7	d491103e8159bbec	4			yes					-1	-1	-1	-1	
10	7	42fded3a4dae32ab	5			yes					-1	-1	-1	-1	-1	
11	2	7710c4c93bf7c93f	4			yes					-1	12	16	20	
12	11	538b8fa78bbe53c8	5			yes					13	14	-1	-1	15	
13	12	5d61e7b0e6a03223	4			yes					-1	-1	-1	-1	
14	12	d1dc8abf33bac700	4			yes					-1	-1	-1	-1	
15	12	972b7d0b58d5ddb1	4			yes					-1	-1	-1	-1	
16	11	62a56330d191a537	5			yes					17	18	-1	-1	19	
17	16	6c4f0b27bc8fc4dc	4			yes					-1	-1	-1	-1	
18	16	e0f26628699531ff	4			yes					-1	-1	-1	-1	
19	16	a605919c02fa2b4e	4			yes					-1	-1	-1	-1	
20	11	25e9bf54e7df51b5	5			yes					21	22	-1	-1	-1	
21	20	2b03d7438ac1305e	4			yes					-1	-1	-1	-1	
22	20	a7beba4c5fdbc57d	4			yes					-1	-1	-1	-1	
23	2	febd296525e622ef	4			yes					-1	-1	24	28	
24	23	03476d0321057266	5			yes					25	26	27	-1	-1	
25	24	0dad05144c1b138d	4			yes					-1	-1	-1	-1	
26	24	8110681b9901e6ae	4			yes					-1	-1	-1	-1	
27	24	4f3f9e4cfc037b5f	4			yes					-1	-1	-1	-1	
28	23	04cffe56c5705920	5			yes					29	30	31	-1	-1	
29	28	0a259641a86e38cb	4			yes					-1	-1	-1	-1	
30	28	8698fb4e7d74cde8	4			yes					-1	-1	-1	-1	
31	28	48b70d1918765019	4			yes					-1	-1	-1	-1	
32	2	8af8106fb9509476	4			yes					-1	-1	-1	33	
33	32	92a303520987d067	6			yes					34	35	36	37	-1	38	
34	33	9c496b456499b18c	5			yes					-1	-1	-1	-1	-1	
35	33	10f4064ab18344af	5			yes					-1	-1	-1	-1	-1	
36	33	dedbf01dd481d95e	5			yes					-1	-1	-1	-1	-1	
37	33	f42fdeee46c36e21	5			yes					-1	-1	-1	-1	-1	
38	33	f9c05ce035276cd3	5			yes					-1	-1	-1	-1	-1	
39	2	c2246a1d26cbed5c	4			yes					-1	-1	-1	-1	
40	1	62aff99a89e2202b	4			yes					41	44	48	56	
41	40	374b094c54a9f3fb	3			yes					-1	42	43	
42	41	35fa080576f4fae5	4			yes					-1	-1	-1	-1	
43	41	8023b3f1044a33a1	5			yes					-1	-1	-1	-1	-1	
44	40	dad07cef87b3be39	5			yes					45	46	-1	-1	47	
45	44	d43a14f8eaaddfd2	4			yes					-1	-1	-1	-1	
46	44	c9440c759fccb634	4			yes					-1	-1	-1	-1	
47	44	1e708e4354d83040	4			yes					-1	-1	-1	-1	
48	40	68ae834799c005bf	3			yes					-1	49	50	
49	48	1f530b2afc6c1cde	4			yes					-1	-1	-1	-1	
50	48	73a7b9916f5df5ac	6			yes					51	52	53	54	-1	55	
51	50	7d4dd18602439447	5			yes					-1	-1	-1	-1	-1	
52	50	6033c90b7722fda1	5			yes					-1	-1	-1	-1	-1	
53	50	4f18859f74fa459b	5			yes					-1	-1	-1	-1	-1	
54	50	152b642d20194bea	5			yes					-1	-1	-1	-1	-1	
55	50	18c4e62353fd4918	5			yes					-1	-1	-1	-1	-1	
56	40	2072f935065b7c95	3			yes					-1	57	-1	
57	56	d3d8906730566fe4	5			yes					-1	-1	-1	-1	-1	
58	1	2f5ccea52f7f9a75	4			yes					59	62	67	69	
59	58	7ab83e73f23449a5	3			yes					60	-1	61	
60	59	908b23cde33bddf0	4			yes					-1	-1	-1	-1	
61	59	dc15263dd0fd5d14	5			yes					-1	-1	-1	-1	-1	
62	58	d8b560debdfae2a8	3			yes					-1	63	64	
63	62	df5894aecfdc2ff1	4			yes					-1	-1	-1	-1	
64	62	42d21ff5ee7c0f6b	5			yes					65	66	-1	-1	-1	
65	64	4c3877e283626e80	4			yes					-1	-1	-1	-1	
66	64	51466f6ff6030766	4			yes					-1	-1	-1	-1	
67	58	e0d05e02c077f7b3	3			yes					-1	-1	68	
68	67	696305ffbc3e0170	5			yes					-1	-1	-1	-1	-1	
69	58	6d81ce0aa0c6c6cb	3			yes					-1	-1	-1	
70	1	0ad51aa08b2dbc9d	4			yes					71	74	78	79	
71	70	5f31ea7656666f4d	3			yes					72	73	-1	
72	71	6bd75a0c827c3b86	5			yes					-1	-1	-1	-1	-1	
73	71	5f4fabf1f1e1ae56	5			yes					-1	-1	-1	-1	-1	
74	70	fd3cb4db19a8c440	3			yes					-1	75	-1	
75	74	af700f32de274845	5			yes					76	77	-1	-1	-1	
76	75	a19a6725b33929ae	4			yes					-1	-1	-1	-1	
77	75	bce47fa8c6584048	4			yes					-1	-1	-1	-1	
78	70	7491597707b92f90	3			yes					-1	-1	-1	
79	70	dc491d7ac35a3800	3			yes					-1	-1	-1	
80	1	f72bdff77447ad77	5			yes					81	86	96	101	102	
81	80	a2cf2f21a90c7ea7	4			yes					82	83	85	-1	
82	81	6840782588709aa7	4			yes					-1	-1	-1	-1	
83	81	8ec46409a0292817	5			yes					-1	-1	-1	-1	84	
84	83	5264bb038794c44b	4			yes					-1	-1	-1	-1	
85	81	53fcd53578b51571	5			yes					-1	-1	-1	-1	-1	
86	80	00c2718ce6c2d5aa	4			yes					-1	87	91	93	
87	86	a75027512215fb5d	5			yes					88	89	-1	-1	90	
88	87	a9ba4f464f0b9ab6	4			yes					-1	-1	-1	-1	
89	87	b4c457cb3a6af350	4			yes					-1	-1	-1	-1	
90	87	06e80889f8ae4174	4			yes					-1	-1	-1	-1	
91	86	967ecbc6783a0da2	5			yes					-1	-1	-1	-1	92	
92	91	37c6e41ea281b78b	4			yes					-1	-1	-1	-1	
93	86	21a1c9dc41fd6549	3			yes					-1	94	95	
94	93	cb4016ad9c201ed0	5			yes					-1	-1	-1	-1	-1	
95	93	fa6efa3ac60fe82f	5			yes					-1	-1	-1	-1	-1	
96	80	896f9c20f8d33e7a	4			yes					-1	-1	97	99	
97	96	3586111e1be36dfe	6			yes					-1	-1	-1	-1	-1	98	
98	97	e926ce143c5e81a2	5			yes					-1	-1	-1	-1	-1	
99	96	a80c24705fec8e99	3			yes					-1	-1	100	
100	99	2a6c85e86acb5f86	5			yes					-1	-1	-1	-1	-1	
101	80	fd2aa52a646588e3	4			yes					-1	-1	-1	-1	
102	80	d64867a7d3781d94	4			yes					-1	-1	-1	-1	
103	0	fa42f1aef7db7807	5			yes					-1	104	129	140	150	
104	103	af9476554683086b	5			yes					105	115	118	125	128	
105	104	0329e6c05771de07	4			yes					106	107	111	113	
106	105	e04d7bf4ace012b9	4			yes					-1	-1	-1	-1	
107	105	8b71b3387c88f72c	5			yes					-1	108	109	-1	110	
108	107	6236330ffb4191b0	4			yes					-1	-1	-1	-1	
109	107	bc6b99981bb66c2a	4			yes					-1	-1	-1	-1	
110	107	4fd14194afe37955	4			yes					-1	-1	-1	-1	
111	105	5157619f8ea36c7c	5			yes					-1	-1	-1	-1	112	
112	111	95f793335dc8e205	4			yes					-1	-1	-1	-1	
113	105	a81d41a73643e671	5			yes					-1	114	-1	-1	-1	
114	113	415ac190b18a80ed	4			yes					-1	-1	-1	-1	
115	104	9a25a93002fd3c4b	4			yes					-1	116	-1	117	
116	115	e1079e946e283860	4			yes					-1	-1	-1	-1	
117	115	d8f8a99f8d4460f5	3			yes					-1	-1	-1	
118	104	d1d03582ca179b66	4			yes					-1	-1	119	121	
119	118	f68ae12b96774751	5			yes					120	-1	-1	-1	-1	
120	119	7d6aca558abaaa83	4			yes					-1	-1	-1	-1	
121	118	f102727e72026c17	5			yes					122	123	124	-1	-1	
122	121	7ae259006ecf81c5	4			yes					-1	-1	-1	-1	
123	121	73557766ca06f8df	4			yes					-1	-1	-1	-1	
124	121	cdbd4e7069a5dc20	4			yes					-1	-1	-1	-1	
125	104	a5950c8856a12dff	4			yes					-1	-1	-1	126	
126	125	676e8f7abef5e550	6			yes					-1	-1	-1	-1	-1	127	
127	126	0c0dd0c8825559e4	5			yes					-1	-1	-1	-1	-1	
128	104	ed4976fac93a54d5	4			yes					-1	-1	-1	-1	
129	103	5f7a2f7d54177da7	4			yes					130	135	137	139	
130	129	f3c7bfe845e5abcb	3			yes					131	132	133	
131	130	cae7a983cb1ea96c	4			yes					-1	-1	-1	-1	
132	130	fe58baed8b7ac7a3	4			yes					-1	-1	-1	-1	
133	130	7b4d37d3cdc9ab0b	5			yes					-1	-1	-1	-1	134	
134	133	b6e529f7a947f4af	4			yes					-1	-1	-1	-1	
135	129	21ec009d7143e714	3			yes					-1	-1	136	
136	135	0510a4e7d811da1c	5			yes					-1	-1	-1	-1	-1	
137	129	90f6bfdabb1f1061	3			yes					-1	-1	138	
138	137	7daa33146d96118c	5			yes					-1	-1	-1	-1	-1	
139	129	1da72fd2dbae2119	3			yes					-1	-1	-1	
140	103	7af3fb78f0455b4f	4			yes					141	146	148	149	
141	140	d64e6bede1b78d23	3			yes					142	143	-1	
142	141	76f87b30c90b87c1	5			yes					-1	-1	-1	-1	-1	
143	141	4a82db568435d8b6	5			yes					-1	-1	-1	-1	145	
144	143	77e3fc2083343c42	4			no					-1	-2	-1	-2	
145	143	8e2229fa575e56cf	4			yes					-1	-1	-1	-1	
146	140	0465d498d511c1fc	3			yes					-1	147	-1	
147	146	5100ea4cd87cfc99	5			yes					-1	-1	-1	-1	-1	
148	140	04b7b8af7cd1c842	3			yes					-1	-1	-1	
149	140	ac6ffca2b832dfd2	3			yes					-1	-1	-1	
150	103	870d3e2f0f2f4aa5	5			yes					151	161	165	170	171	
151	150	2bb0aeba1edd9cc9	4			yes					152	153	155	157	
152	151	b639e987b005bfb3	4			yes					-1	-1	-1	-1	
153	151	3ad7a9d1e3fd3a5f	5			yes					-1	-1	-1	-1	154	
154	153	e67776dbc440d603	4			yes					-1	-1	-1	-1	
155	151	f938bba42fe8b5c5	5			yes					-1	-1	-1	-1	156	
156	155	259864ae08555999	4			yes					-1	-1	-1	-1	
157	151	0ad316eab9e22c2a	3			yes					-1	158	160	
158	157	98d79c930674fd8b	5			yes					-1	-1	-1	-1	159	
159	158	f3b4c3213ad4413f	4			yes					-1	-1	-1	-1	
160	157	e83983ab1af3921f	5			yes					-1	-1	-1	-1	-1	
161	150	f99b11cf2a7bd016	4			yes					-1	162	-1	-1	
162	161	0099f316eddc568b	5			yes					-1	-1	-1	-1	163	
163	162	dc392c1cca61bad7	4			yes					-1	-1	-1	-1	
164	161	b22e3cc39787c921	5			no					-1	-1	-1	-1	-2	
165	150	f9497df883bbd9a8	4			yes					-1	-1	166	168	
166	165	214f27f5ca4b7d02	6			yes					-1	-1	-1	-1	-1	167	
167	166	fdeff8ffedf6915e	5			yes					-1	-1	-1	-1	-1	
168	165	d82ac5a82484694b	3			yes					-1	-1	169	
169	168	3ea5b303bb634f7a	5			yes					-1	-1	-1	-1	-1	
170	150	8d0c44f21f0d6f31	4			yes					-1	-1	-1	-1	
171	150	a66e867fa810fa46	4			yes					-1	-1	-1	-1	
172	0	cf0534b7ea5c1775	5			yes					-1	-1	173	201	209	
173	172	ecc900108947a338	5			yes					174	185	193	195	200	
174	173	4074908598b57554	4			yes					175	179	180	182	
175	174	d7b67ed725734d7e	5			yes					-1	176	177	-1	178	
176	175	cc1c680cd1d7aa28	4			yes					-1	-1	-1	-1	
177	175	122befa1e59e7b12	4			yes					-1	-1	-1	-1	
178	175	13168c7bf618c307	4			yes					-1	-1	-1	-1	
179	174	e2ae1f3728ef9c1a	4			yes					-1	-1	-1	-1	
180	174	bb6a1982250124a6	5			yes					-1	-1	-1	181	-1	
181	180	114b60f79b49bb5b	4			yes					-1	-1	-1	-1	
182	174	a63c32caad3b0c8a	5			yes					-1	183	184	-1	-1	
183	182	2d084adbbecc6c0f	4			yes					-1	-1	-1	-1	
184	182	c3b8d3ab839672ae	4			yes					-1	-1	-1	-1	
185	173	aea32191673218cb	4			yes					-1	186	187	190	
186	185	e36e85c80f0ec769	4			yes					-1	-1	-1	-1	
187	185	edddacb7401f5ed0	5			yes					-1	-1	-1	189	-1	
188	187	663d87c95cd2b302	4			no					-1	-2	-2	-1	
189	187	47fcd5c2fe57c12d	4			yes					-1	-1	-1	-1	
190	185	f08b87ffc82576fc	5			yes					191	-1	192	-1	-1	
191	190	7b6bac81d4e89b2e	4			yes					-1	-1	-1	-1	
192	190	950f669ee68808d8	4			yes					-1	-1	-1	-1	
193	173	a60bcb66601c14b5	4			yes					-1	-1	-1	194	
194	193	e4d6cbc9efa5480b	3			yes					-1	-1	-1	
195	173	e6c87acd996586ac	4			yes					-1	-1	-1	196	
196	195	55bcb6329127f1bf	6			yes					-1	-1	-1	-1	-1	199	
197	196	de5c9d4c8dea1c6d	5			no					-1	-1	-1	-1	-2	
198	196	4628c6a88958f9b2	5			no					-1	-1	-1	-1	-2	
199	196	3edfe980ad874d0b	5			yes					-1	-1	-1	-1	-1	
200	173	ae1400bf06feff86	4			yes					-1	-1	-1	-1	
201	172	47dcc5f07cc263d3	4			yes					202	205	207	208	
202	201	eb6155656d30b5bf	3			yes					203	204	-1	
203	202	5f75c59a150341f5	5			yes					-1	-1	-1	-1	-1	
204	202	9ec3828e60a17936	5			yes					-1	-1	-1	-1	-1	
205	201	05b6e47192b7d820	3			yes					-1	206	-1	
206	205	e21b641abf81b263	5			yes					-1	-1	-1	-1	-1	
207	201	384bb6ceb7f0e902	3			yes					-1	-1	-1	
208	201	9140c22a34b5e74e	3			yes					-1	-1	-1	
209	172	ba2200a783a87239	5			yes					210	222	229	230	231	
210	209	169f9032925aa455	4			yes					211	215	217	219	
211	210	11bfef69a30af104	5			yes					-1	212	213	-1	214	
212	211	0a15f9b257ae1652	4			yes					-1	-1	-1	-1	
213	211	773332d5ec4e4f42	4			yes					-1	-1	-1	-1	
214	211	b007c0b179b14b2d	4			yes					-1	-1	-1	-1	
215	210	16801a61da0c97ce	5			yes					-1	-1	-1	-1	216	
216	215	ca20c56bfdb17b92	4			yes					-1	-1	-1	-1	
217	210	1c2640c8fb0633ec	5			yes					-1	-1	-1	-1	218	
218	217	c0869fc2dcbbdfb0	4			yes					-1	-1	-1	-1	
219	210	37fc2862356514b6	3			yes					220	-1	221	
220	219	7dafde951d3f1489	5			yes					-1	-1	-1	-1	-1	
221	219	3d3c771d1c71e5e7	5			yes					-1	-1	-1	-1	-1	
222	209	f84821266dddc9ca	4			yes					-1	223	225	227	
223	222	c865cee04348f633	5			yes					-1	-1	-1	-1	224	
224	223	14c511ea64f51a6f	4			yes					-1	-1	-1	-1	
225	222	4a91f5fd9e18499a	5			yes					-1	-1	-1	-1	226	
226	225	96312af7b9a5a5c6	4			yes					-1	-1	-1	-1	
227	222	d92b9976cae27929	3			yes					-1	-1	228	
228	227	6b8bc228796f9f91	5			yes					-1	-1	-1	-1	-1	
229	209	c5b57399489af8e8	4			yes					-1	-1	-1	-1	
230	209	b0237a7a938a57ad	4			yes					-1	-1	-1	-1	
231	209	9b41b8f72497c2da	4			yes					-1	-1	-1	-1	
232	0	35fc23b95fba402d	5			yes					-1	-1	-1	233	250	
233	232	077e44620ae9bc25	5			yes					234	240	244	247	248	
234	233	abc3d4f71b1b6a49	4			yes					235	236	-1	239	
235	234	61dd16d110077e7d	5			yes					-1	-1	-1	-1	-1	
236	234	44b15dfc01f7b16f	5			yes					-1	-1	-1	-1	238	
237	236	79d07a8a06f6559b	4			no					-1	-1	-1	-2	
238	236	8011af50d29c3f16	4			yes					-1	-1	-1	-1	
239	234	2a152b9a302f39aa	5			yes					-1	-1	-1	-1	-1	
240	233	451465e3e49c07d6	4			yes					-1	241	-1	242	
241	240	00f7a195178d5813	5			yes					-1	-1	-1	-1	-1	
242	240	984394c454d3f542	6			yes					-1	-1	-1	-1	-1	243	
243	242	71e48dab0a63e9d3	5			yes					-1	-1	-1	-1	-1	
244	233	f097ea19986cc4f8	4			yes					-1	-1	-1	245	
245	244	ade9407c8b1da133	6			yes					-1	-1	-1	-1	-1	246	
246	245	444e5913d5adbda2	5			yes					-1	-1	-1	-1	-1	
247	233	bbee1535e4081f16	4			yes					-1	-1	-1	-1	
248	233	a5ae4e3883e3b671	4			yes					-1	-1	-1	249	
249	248	193e1f6f6d021542	3			yes					-1	-1	-1	
250	232	f7d137982535c867	5			yes					251	261	268	270	271	
251	250	5b6ca70d34c71e0b	4			yes					252	256	-1	258	
252	251	2f173c22a60ece8c	5			yes					-1	253	254	-1	255	
253	252	a904b578d8079e78	4			yes					-1	-1	-1	-1	
254	252	ea8aad5466e3f8e0	4			yes					-1	-1	-1	-1	
255	252	8eaf13fa7cb574a5	4			yes					-1	-1	-1	-1	
256	251	9b36e0150439693a	5			yes					-1	-1	-1	-1	257	
257	256	47963f1f23848566	4			yes					-1	-1	-1	-1	
258	251	7a0f1f5d93f8aee8	3			yes					259	260	-1	
259	258	43070dde183b2b01	5			yes					-1	-1	-1	-1	-1	
260	258	c585fece0e2cc333	4			yes					-1	-1	-1	-1	
261	250	b5bb1619cb407394	4			yes					-1	262	-1	266	
262	261	4e3d8b66a184e8e2	5			yes					263	-1	264	-1	265	
263	262	c5dda018bd490530	4			yes					-1	-1	-1	-1	
264	262	0d965179ace391bf	4			yes					-1	-1	-1	-1	
265	262	ef85a4be7b3f52cb	4			yes					-1	-1	-1	-1	
266	261	94d8ae496c7fc377	3			yes					-1	267	-1	
267	266	222dba9a1fb10d6f	5			yes					-1	-1	-1	-1	-1	
268	250	003899e3b7b0b0ba	4			yes					-1	-1	-1	269	
269	268	215b21b3108f0059	3			yes					-1	-1	-1	
270	250	385da73fca3da5a1	4			yes					-1	-1	-1	-1	
271	250	d6b28fc8820a7884	4			yes					-1	-1	-1	-1	
272	0	2d079c84aa0da0df	5			yes					-1	-1	-1	-1	273	
273	272	cbc3b1d0d62f7c0d	6			yes					274	285	294	301	304	306	
274	273	677e2145c7ddaa61	5			yes					275	277	278	279	281	
275	274	19d9aa2795c3e667	6			yes					-1	-1	-1	-1	-1	276	
276	275	c579752db27e0a3b	5			yes					-1	-1	-1	-1	-1	
277	274	52971a00b1799637	5			yes					-1	-1	-1	-1	-1	
278	274	91faaa452b6d62d1	5			yes					-1	-1	-1	-1	-1	
279	274	749cdc9c08f8a296	4			yes					-1	-1	-1	280	
280	279	cbc7cc2df0645023	3			yes					-1	-1	-1	
281	274	d82531f43f4158d4	4			yes					282	283	284	-1	
282	281	4b0e320d8ac7436c	6			yes					-1	-1	-1	-1	-1	-1	
283	281	eee45d6dcabe6022	5			yes					-1	-1	-1	-1	-1	
284	281	2d89ed2850aa94c4	5			yes					-1	-1	-1	-1	-1	
285	273	89a99051385ac7fe	5			yes					-1	286	288	289	291	
286	285	4879db4fe4a6613b	6			yes					-1	-1	-1	-1	-1	287	
287	286	94d90445c31b8d67	5			yes					-1	-1	-1	-1	-1	
288	285	02b704d4424eaf7c	5			yes					-1	-1	-1	-1	-1	
289	285	9a4b6d88f77fcf09	4			yes					-1	-1	-1	290	
290	289	25107d390fe33dbc	3			yes					-1	-1	-1	
291	285	36f280e0c0c6354b	4			yes					-1	292	293	-1	
292	291	1aae4365fba2c430	6			yes					-1	-1	-1	-1	-1	-1	
293	291	bec443b939895969	5			yes					-1	-1	-1	-1	-1	
294	273	3c2a1fab44aa04d0	5			yes					-1	-1	295	297	299	
295	294	f16fbc67a599d44c	6			yes					-1	-1	-1	-1	-1	296	
296	295	2dcf636d82243810	5			yes					-1	-1	-1	-1	-1	
297	294	2fc8e2728b8f0c27	4			yes					-1	-1	-1	298	
298	297	9093f2c37313fe92	3			yes					-1	-1	-1	
299	294	83710f1abc36f665	4			yes					-1	-1	300	-1	
300	299	a3b8244dba9d7147	6			yes					-1	-1	-1	-1	-1	-1	
301	273	b587f2075abbef00	5			yes					-1	-1	-1	302	303	
302	301	a6650fde959ee7f7	4			yes					-1	-1	-1	-1	
303	301	0adce2b6a2271db5	4			yes					-1	-1	-1	-1	
304	273	d8214c09190a74fa	5			yes					-1	-1	-1	-1	305	
305	304	677a5cb8e196864f	4			yes					-1	-1	-1	-1	
306	273	7498a1612eb38eb8	5			yes					-1	-1	-1	-1	-1	
307	0	cdc0595ed97e1b0b	5			yes					-1	-1	-1	-1	-1	
