Number of nodes
370
ID	PID	Hash_Value			File_Number	Fully_Enumerated	Children
0	-1	5a58425cdb573082	6			yes					1	44	82	122	156	265	
1	0	ce9e01f997c838b2	5			yes					2	14	34	40	43	
2	1	846a23ad6c4d79d2	4			yes					3	5	7	11	
3	2	eae0f6521e195cc3	4			yes					-1	-1	-1	4	
4	3	588eb955fa9c31d7	3			yes					-1	-1	-1	
5	2	220fef086821117d	4			yes					-1	6	-1	-1	
6	5	ef031d3cb2218df9	3			yes					-1	-1	-1	
7	2	380a118fd0d68c79	5			yes					-1	8	9	-1	10	
8	7	f506e3bb0ad610fd	4			yes					-1	-1	-1	-1	
9	7	5c68a4db89066514	4			yes					-1	-1	-1	-1	
10	7	4055bc3f179caa40	4			yes					-1	-1	-1	-1	
11	2	9507c0dd37ecfb41	5			yes					-1	12	13	-1	-1	
12	11	580b32e9edec67c5	4			yes					-1	-1	-1	-1	
13	11	f16575896e3c122c	4			yes					-1	-1	-1	-1	
14	1	fa99f5e34c3360d7	4			yes					-1	15	26	32	
15	14	d7a6a048eacf97c8	3			yes					16	17	21	
16	15	7fc6dbaae7a5e16b	4			yes					-1	-1	-1	-1	
17	15	512f8983ef3072fc	5			yes					18	19	-1	-1	20	
18	17	075cf48218ae001e	4			yes					-1	-1	-1	-1	
19	17	bc0df19268302203	4			yes					-1	-1	-1	-1	
20	17	29702433287a54c5	4			yes					-1	-1	-1	-1	
21	15	fc2258d1080a05c4	5			yes					22	23	-1	24	25	
22	21	aa5125d0ff947726	4			yes					-1	-1	-1	-1	
23	21	110020c08f0a553b	4			yes					-1	-1	-1	-1	
24	21	4a901600c78220ca	4			yes					-1	-1	-1	-1	
25	21	62a31c76e67ad3bc	4			yes					-1	-1	-1	-1	
26	14	df5c086fd63c99ba	3			yes					27	-1	28	
27	26	b3247f70c11c4301	4			yes					-1	-1	-1	-1	
28	26	f846a66b5984bd60	5			yes					29	30	-1	-1	31	
29	28	ae35db6aae1acf82	4			yes					-1	-1	-1	-1	
30	28	1564de7ade84ed9f	4			yes					-1	-1	-1	-1	
31	28	8972c28c5f48497d	4			yes					-1	-1	-1	-1	
32	14	420e8a73c7764f12	3			yes					33	-1	-1	
33	32	c60ffdf214ece7af	4			yes					-1	-1	-1	-1	
34	1	e3a154523134cfad	4			yes					-1	-1	35	38	
35	34	c664a9deab3b36c0	3			yes					36	-1	37	
36	35	5e3b4065a4db53dc	4			yes					-1	-1	-1	-1	
37	35	43b2f77dfc672eb1	5			yes					-1	-1	-1	-1	-1	
38	34	5b362bc2ba71e068	3			yes					39	-1	-1	
39	38	dafcf76716d754c9	4			yes					-1	-1	-1	-1	
40	1	eb5bfc750dc7c1df	4			yes					-1	-1	-1	41	
41	40	53cc83e58682ee1a	3			yes					42	-1	-1	
42	41	03b5e4bc93110892	5			yes					-1	-1	-1	-1	-1	
43	1	76097e691c8d1777	4			yes					-1	-1	-1	-1	
44	0	17eb0e1648abb1ec	5			yes					45	60	70	78	81	
45	44	15860df41745ccf8	4			yes					46	48	54	58	
46	45	3ee148754954d032	4			yes					-1	-1	-1	47	
47	46	8c8f0772add1bd26	3			yes					-1	-1	-1	
48	45	38b9585fb1b93be7	3			yes					49	51	52	
49	48	0eb98f6b60a3fb47	4			yes					-1	-1	-1	50	
50	49	28c64c2a5823a590	3			yes					-1	-1	-1	
51	48	70c95c778bd77ad2	4			yes					-1	-1	-1	-1	
52	48	27e657e8686fc228	5			yes					-1	-1	-1	-1	53	
53	52	750900c8be438340	4			yes					-1	-1	-1	-1	
54	45	3043f0788d4a3595	3			yes					55	-1	56	
55	54	0bf70be10ff5e8be	4			yes					-1	-1	-1	-1	
56	54	4ef65856beb3082e	5			yes					-1	-1	-1	-1	57	
57	56	adabf5c270312632	4			yes					-1	-1	-1	-1	
58	45	ad1172649c00e33d	3			yes					59	-1	-1	
59	58	120e43d543a16b5e	4			yes					-1	-1	-1	-1	
60	44	b200d455e8585ca3	4			yes					-1	61	63	67	
61	60	549ca74bcd6f1f2c	4			yes					62	-1	-1	-1	
62	61	9979ed718975d4c4	3			yes					-1	-1	-1	
63	60	4e9959cc75988228	5			yes					64	-1	65	-1	66	
64	63	837c13f6318249c0	4			yes					-1	-1	-1	-1	
65	63	2afbec982c486b45	4			yes					-1	-1	-1	-1	
66	63	36c6f47cb2d2a411	4			yes					-1	-1	-1	-1	
67	60	e394889e92a2f510	5			yes					68	-1	69	-1	-1	
68	67	2e71c2a4d6b83ef8	4			yes					-1	-1	-1	-1	
69	67	87f63dcacb721c7d	4			yes					-1	-1	-1	-1	
70	44	3ad45bbdee5746f3	4			yes					-1	-1	71	76	
71	70	1f11a6317458bf9e	3			yes					-1	72	73	
72	71	28a8082601955d8d	4			yes					-1	-1	-1	-1	
73	71	c45db0738efc20cc	5			yes					74	75	-1	-1	-1	
74	73	09b8fa49cae6eb24	4			yes					-1	-1	-1	-1	
75	73	3506b857c8e3c744	4			yes					-1	-1	-1	-1	
76	70	8243242d65126936	3			yes					-1	77	-1	
77	76	ac6fbf24b3995a98	4			yes					-1	-1	-1	-1	
78	44	322ef39ad2a44881	4			yes					-1	-1	-1	79	
79	78	8ab98c0a59e16744	3			yes					-1	80	-1	
80	79	7526acff365f06c3	5			yes					-1	-1	-1	-1	-1	
81	44	af7c7186c3ee9e29	4			yes					-1	-1	-1	-1	
82	0	25e3cf4d01e2978b	5			yes					83	101	111	117	121	
83	82	278eccaf5e0cea9f	4			yes					84	92	94	99	
84	83	3c57ae86cc4c59d4	3			yes					-1	85	88	
85	84	3293fa7f3722c855	5			yes					-1	-1	86	-1	87	
86	85	56f14f2b6ef22138	4			yes					-1	-1	-1	-1	
87	85	4acc57cff068ee6c	4			yes					-1	-1	-1	-1	
88	84	9f9e2b2dd018bf6d	5			yes					-1	-1	89	-1	91	
89	88	fbfc9e7989c85600	4			yes					-1	-1	-1	-1	
90	88	292c65fc1f909a63	4			no					-1	-1	-2	-1	
91	88	011f6f8a3e686915	4			yes					-1	-1	-1	-1	
92	83	7be23dd3fa303026	4			yes					-1	-1	-1	93	
93	92	c98c72d41eb55d32	3			yes					-1	-1	-1	
94	83	024b3123c40313f2	3			yes					-1	95	96	
95	94	e0924092cd7cb0d1	4			yes					-1	-1	-1	-1	
96	94	935ae63bc3944554	5			yes					-1	-1	97	-1	98	
97	96	f738536f9a44ac39	4			yes					-1	-1	-1	-1	
98	96	70074baf0d166b48	4			yes					-1	-1	-1	-1	
99	83	9f19b33fd549c55a	3			yes					-1	100	-1	
100	99	570d3673f0c58b4a	4			yes					-1	-1	-1	-1	
101	82	3e3aad6493a224c0	4			yes					-1	102	104	109	
102	101	7cea5c8415a10aed	4			yes					103	-1	-1	-1	
103	102	b10f16be51bbc105	3			yes					-1	-1	-1	
104	101	1bff50e809adddad	3			yes					-1	105	106	
105	104	0f5ca999a0591777	4			yes					-1	-1	-1	-1	
106	104	914d74d1cf28966a	5			yes					107	-1	-1	-1	108	
107	106	5ca83eeb8b325d82	4			yes					-1	-1	-1	-1	
108	106	e0791036c9e46277	4			yes					-1	-1	-1	-1	
109	101	86add2f418e70b05	3			yes					-1	110	-1	
110	109	7580726110dc8e0c	4			yes					-1	-1	-1	-1	
111	82	84e6e3d7dce418f7	4			yes					-1	-1	112	115	
112	111	cab9beb85cb4cbf6	5			yes					-1	113	-1	-1	114	
113	112	279bc6a9dbb49b09	4			yes					-1	-1	-1	-1	
114	112	b2e613089bfeedcf	4			yes					-1	-1	-1	-1	
115	111	67b46feabb8ebcce	5			yes					-1	116	-1	-1	-1	
116	115	8a9617fb3c8eec31	4			yes					-1	-1	-1	-1	
117	82	002632c19bed6ee6	4			yes					-1	-1	-1	118	
118	117	b8b14d5110a84123	3			yes					-1	-1	119	
119	118	f1064b8b1f734f1d	5			yes					-1	-1	-1	-1	-1	
120	119	125be61fd1f16101	4			no					-1	-2	-1	-1	
121	82	9d74b0dd8aa7b84e	4			yes					-1	-1	-1	-1	
122	0	d8f08efc1d427bfb	5			yes					123	138	147	153	155	
123	122	da9d8d1e42ac06ef	4			yes					124	132	135	136	
124	123	c144ef37d0ecb5a4	3			yes					125	127	128	
125	124	2ec151678800bed0	4			yes					-1	126	-1	-1	
126	125	e00fec4545b8bc5a	3			yes					-1	-1	-1	
127	124	eb06d69043d4adca	4			yes					-1	-1	-1	-1	
128	124	34bfb68cbb723057	5			yes					-1	129	-1	-1	131	
129	128	f9b344b86172acd3	4			yes					-1	-1	-1	-1	
130	128	820df85d74fa1559	4			no					-1	-2	-2	-2	
131	128	aa3ef22b5502e62f	4			yes					-1	-1	-1	-1	
132	123	ee9a790499575e8a	3			yes					-1	133	134	
133	132	ddbe4b3ee939621a	4			yes					-1	-1	-1	-1	
134	132	f5ea96a6405ed9ac	4			yes					-1	-1	-1	-1	
135	123	fdd59bd5b6de84ef	4			yes					-1	-1	-1	-1	
136	123	620af28ec9e9292a	3			yes					-1	-1	137	
137	136	2083862f8e056cbe	4			yes					-1	-1	-1	-1	
138	122	c329ecd58f02c8b0	4			yes					-1	139	143	145	
139	138	f72e18cf54f990d5	3			yes					-1	140	141	
140	139	9d959ed3e69aa39b	4			yes					-1	-1	-1	-1	
141	139	422cfecf1e3c3e06	5			yes					142	-1	-1	-1	-1	
142	141	8fc9b4f55a26f5ee	4			yes					-1	-1	-1	-1	
143	138	b2b150d7e73ee98d	5			yes					-1	-1	-1	-1	144	
144	143	851f16da3c0c5020	4			yes					-1	-1	-1	-1	
145	138	7bbe93450447e775	3			yes					-1	-1	146	
146	145	81dfce8bd0ec4452	4			yes					-1	-1	-1	-1	
147	122	ecf77ae6c6b9239e	4			yes					-1	-1	148	151	
148	147	093a2af1eebea568	5			yes					-1	-1	-1	-1	150	
149	148	e41852e069bef597	4			no					-1	-1	-1	-2	
150	148	d67c3630d31f3e6a	4			yes					-1	-1	-1	-1	
151	147	546005764dfc0c5b	3			yes					-1	-1	152	
152	151	283acaf071573c82	5			yes					-1	-1	-1	-1	-1	
153	122	9524ea419d10b9ff	4			yes					-1	-1	-1	154	
154	153	02cd748a2dd1a352	5			yes					-1	-1	-1	-1	-1	
155	122	6067f16c9607543e	4			yes					-1	-1	-1	-1	
156	0	327bb403fe29de52	5			yes					157	168	179	191	217	
157	156	f614e8c8d0c2b730	4			yes					158	161	167	-1	
158	157	bce0ca9c2b47f650	3			yes					159	160	-1	
159	158	b3b2dae10ea2d580	5			yes					-1	-1	-1	-1	-1	
160	158	b08b0838a5f910d8	5			yes					-1	-1	-1	-1	-1	
161	157	c2131cd20b39ef55	3			yes					-1	162	166	
162	161	2950128eda15ba68	5			yes					163	164	-1	165	-1	
163	162	7f236f8f2d8bc88a	4			yes					-1	-1	-1	-1	
164	162	c4726a9f5d15ea97	4			yes					-1	-1	-1	-1	
165	162	5f8761d6d4eaf92d	4			yes					-1	-1	-1	-1	
166	161	8750d733413803a5	5			yes					-1	-1	-1	-1	-1	
167	157	db2bbd63763e402f	3			yes					-1	-1	-1	
168	156	2f61e7270fa13e6e	4			yes					169	176	178	-1	
169	168	2d0ce4c5504f437a	3			yes					170	171	175	
170	169	f5877bea94cd7994	4			yes					-1	-1	-1	-1	
171	169	571c4396247a58ab	5			yes					172	173	-1	-1	174	
172	171	fb09b216bd397042	4			yes					-1	-1	-1	-1	
173	171	c4b060de23a32f83	4			yes					-1	-1	-1	-1	
174	171	bf990d47a5ec74f0	4			yes					-1	-1	-1	-1	
175	169	20628cfc4095919c	5			yes					-1	-1	-1	-1	-1	
176	168	8a8a3d64af52d321	3			yes					-1	177	-1	
177	176	c618407b00b71e89	5			yes					-1	-1	-1	-1	-1	
178	168	025eb28ca95dc971	3			yes					-1	-1	-1	
179	156	1d69267c46e81809	4			yes					180	187	190	-1	
180	179	1f04259e1906651d	3			yes					181	185	186	
181	180	4aec6172020700c1	5			yes					-1	182	183	184	-1	
182	181	8d7978b63ff3d869	4			yes					-1	-1	-1	-1	
183	181	2e8ed4265bd7e9ac	4			yes					-1	-1	-1	-1	
184	181	3c3b122a0cf84384	4			yes					-1	-1	-1	-1	
185	180	37cee9ff9f777ec8	4			yes					-1	-1	-1	-1	
186	180	fdce32913db2dce6	5			yes					-1	-1	-1	-1	-1	
187	179	06b04455d4a8ab42	3			yes					-1	188	189	
188	187	61d40ed812e75dc5	5			yes					-1	-1	-1	-1	-1	
189	187	2d72ce3fcaf5ffaa	5			yes					-1	-1	-1	-1	-1	
190	179	bc6c0ae69bee9775	3			yes					-1	-1	-1	
191	156	20696e6cdb01c778	5			yes					192	202	211	215	216	
192	191	22046d8e84efba6c	4			yes					193	197	200	201	
193	192	e1cdfcd3696d8ffb	5			yes					-1	194	195	196	-1	
194	193	2cc10ee7b36d137f	4			yes					-1	-1	-1	-1	
195	193	24173fd6bc23ad80	4			yes					-1	-1	-1	-1	
196	193	971a8f8b6792ccbe	4			yes					-1	-1	-1	-1	
197	192	4c8d198eb4dc5d23	5			yes					-1	-1	198	-1	199	
198	197	116f2af4857c0457	4			yes					-1	-1	-1	-1	
199	197	a408575f354a7178	4			yes					-1	-1	-1	-1	
200	192	f3e53f3d061ce8b4	4			yes					-1	-1	-1	-1	
201	192	4bdde07a39898768	5			yes					-1	-1	-1	-1	-1	
202	191	3bb00c4549417433	4			yes					-1	203	208	209	
203	202	975eb490cc2381aa	5			yes					204	-1	205	206	207	
204	203	5abbfeaa88394a42	4			yes					-1	-1	-1	-1	
205	203	52847795196da3d1	4			yes					-1	-1	-1	-1	
206	203	e189c7c8c2dcc2ef	4			yes					-1	-1	-1	-1	
207	203	1cc887e1313b8e35	4			yes					-1	-1	-1	-1	
208	202	cc4eab21c04b2b8c	5			yes					-1	-1	-1	-1	-1	
209	202	211ee8fe388c6400	5			yes					-1	-1	-1	-1	-1	
210	209	ecfba2c47c96afe8	4			no					-1	-2	-2	-2	
211	191	146e9a7600fa9f1d	4			yes					-1	-1	212	213	
212	211	57a562c4719c956e	5			yes					-1	-1	-1	-1	-1	
213	211	21374ed18af5428d	6			yes					-1	-1	-1	-1	-1	214	
214	213	1dff5e4077fc592b	5			yes					-1	-1	-1	-1	-1	
215	191	1770de9c60685ae7	4			yes					-1	-1	-1	-1	
216	191	1aaa2521ad3c0ba5	4			yes					-1	-1	-1	-1	
217	156	9039be43b337f793	6			yes					218	234	249	259	262	264	
218	217	9254bda1ecd98a87	5			yes					219	223	226	228	229	
219	218	1786292b6af834e3	6			yes					-1	-1	-1	-1	221	222	
220	219	da8adb1fb0f8a867	5			no					-1	-1	-1	-2	-2	
221	219	8438f86fd49ffbe6	5			yes					-1	-1	-1	-1	-1	
222	219	585d68b7a68c8477	5			yes					-1	-1	-1	-1	-1	
223	218	326f3bc39d7354df	5			yes					-1	-1	224	-1	225	
224	223	0a8324ab9850338b	4			yes					-1	-1	-1	-1	
225	223	7db47a5f5107e44b	4			yes					-1	-1	-1	-1	
226	218	da5a46dcb392dd4f	5			yes					-1	-1	-1	-1	227	
227	226	958107407fe66ddb	4			yes					-1	-1	-1	-1	
228	218	8a421afefbc7521c	4			yes					-1	-1	-1	-1	
229	218	1af764c7f859c4aa	4			yes					230	232	233	-1	
230	229	73db79da42ec94a0	6			yes					-1	-1	-1	-1	231	-1	
231	230	e065a89efc8b5ba5	5			yes					-1	-1	-1	-1	-1	
232	229	56326b32b567f49c	5			yes					-1	-1	-1	-1	-1	
233	229	be07162d9b867d0c	5			yes					-1	-1	-1	-1	-1	
234	217	8be0dc6a217744d8	5			yes					-1	235	241	244	245	
235	234	61156168cfb63ab2	6			yes					236	-1	237	-1	239	240	
236	235	acf02b528bacf15a	5			yes					-1	-1	-1	-1	-1	
237	235	0577d43c9666d3df	5			yes					-1	-1	-1	-1	-1	
238	235	17c21230c14979f7	5			no					-1	-1	-1	-2	-2	
239	235	f2abb02c71d1f5b7	5			yes					-1	-1	-1	-1	-1	
240	235	2ece20f403c28a26	5			yes					-1	-1	-1	-1	-1	
241	234	157e2bd4ad356648	5			yes					242	-1	-1	-1	243	
242	241	d89b61eee92fada0	4			yes					-1	-1	-1	-1	
243	241	5aa56a486141d6dc	4			yes					-1	-1	-1	-1	
244	234	93f67b3536699c43	4			yes					-1	-1	-1	-1	
245	234	0343050c35f70af5	4			yes					-1	246	248	-1	
246	245	05483199e7a29af1	6			yes					-1	-1	-1	-1	247	-1	
247	246	96f6e0dd59c555f4	5			yes					-1	-1	-1	-1	-1	
248	245	71237b258521c60b	5			yes					-1	-1	-1	-1	-1	
249	217	a43e4a5968ccaff6	5			yes					-1	-1	250	256	257	
250	249	e535861ce69a736c	6			yes					251	252	-1	253	254	255	
251	250	28d0cc26a280b884	5			yes					-1	-1	-1	-1	-1	
252	250	0817fe0d619a2393	5			yes					-1	-1	-1	-1	-1	
253	250	93e2f544e8653029	5			yes					-1	-1	-1	-1	-1	
254	250	768b575858fdbc69	5			yes					-1	-1	-1	-1	-1	
255	250	aaeec7802aeec3f8	5			yes					-1	-1	-1	-1	-1	
256	249	bc28ed067fd2776d	4			yes					-1	-1	-1	-1	
257	249	2c9d933f7c4ce1db	4			yes					-1	-1	258	-1	
258	257	8168d6edce8ed32f	6			yes					-1	-1	-1	-1	-1	-1	
259	217	bd06ebe815cb008c	5			yes					-1	-1	-1	260	261	
260	259	a5104cb702d5d817	4			yes					-1	-1	-1	-1	
261	259	35a5328e014b4ea1	4			yes					-1	-1	-1	-1	
262	217	882f191ca4292f08	5			yes					-1	-1	-1	-1	263	
263	262	008cc07ab0a96125	4			yes					-1	-1	-1	-1	
264	217	189a6725a7b7b9be	5			yes					-1	-1	-1	-1	-1	
265	0	4c4a09281541d615	5			yes					266	293	316	340	-1	
266	265	7a843ef137ca3aa8	5			yes					267	272	285	292	-1	
267	266	30701ca5cc4f7bc8	4			yes					268	270	271	-1	
268	267	c03e49de09219aed	5			yes					-1	-1	-1	-1	269	
269	268	7ef728284b9d5698	4			yes					-1	-1	-1	-1	
270	267	d902cbfeb0586fb5	5			yes					-1	-1	-1	-1	-1	
271	267	df6c58ecd17c57b8	5			yes					-1	-1	-1	-1	-1	
272	266	4e83caebec3162cd	4			yes					-1	273	281	-1	
273	272	fa13ecfd15c77886	6			yes					274	276	-1	278	279	280	
274	273	ac6091fce2590a64	5			yes					-1	-1	-1	-1	275	
275	274	12a9f00aa0e5c611	4			yes					-1	-1	-1	-1	
276	273	173194ec92c72879	5			yes					-1	-1	-1	-1	277	
277	276	a9f8f51ad07be40c	4			yes					-1	-1	-1	-1	
278	273	4ca1a22cda4f5d88	5			yes					-1	-1	-1	-1	-1	
279	273	dc6a7d80a4c61fc9	5			yes					-1	-1	-1	-1	-1	
280	273	44da8d0b577bb4f3	5			yes					-1	-1	-1	-1	-1	
281	272	5ee0611127bbf85b	5			yes					282	283	-1	-1	284	
282	281	08931c10d0258ab9	4			yes					-1	-1	-1	-1	
283	281	b3c21900a0bba8a4	4			yes					-1	-1	-1	-1	
284	281	113b208debcf48cf	4			yes					-1	-1	-1	-1	
285	266	57bb6b5a9136cdb7	4			yes					-1	-1	286	-1	
286	285	0facebb8fb5e582c	6			yes					287	288	289	-1	290	291	
287	286	59df96b90cc02ace	5			yes					-1	-1	-1	-1	-1	
288	286	e28e93a97c5e08d3	5			yes					-1	-1	-1	-1	-1	
289	286	c2a0198c215ec4a8	5			yes					-1	-1	-1	-1	-1	
290	286	11fe44893200adf0	5			yes					-1	-1	-1	-1	-1	
291	286	b1658a4eb9e29459	5			yes					-1	-1	-1	-1	-1	
292	266	5f41c37dadc5c3c5	4			yes					-1	-1	-1	-1	
293	265	a3f1311ee8a9b3f6	5			yes					294	304	308	315	-1	
294	293	a19c32fcb747cee2	4			yes					295	297	302	-1	
295	294	143ff7f95e6c161c	5			yes					-1	-1	-1	-1	296	
296	295	aaf6960f1cd0da69	4			yes					-1	-1	-1	-1	
297	294	96bd6ffaa6fc1e53	5			yes					298	299	-1	300	301	
298	297	3aa89e7a3fbf36ba	4			yes					-1	-1	-1	-1	
299	297	05114cb2a125697b	4			yes					-1	-1	-1	-1	
300	297	fb7780435597e540	4			yes					-1	-1	-1	-1	
301	297	d9662e666a88aec7	4			yes					-1	-1	-1	-1	
302	294	922fe406fcde5704	5			yes					-1	-1	-1	-1	303	
303	302	ddf4a59a30aae790	4			yes					-1	-1	-1	-1	
304	293	061aeb5d485a5eb9	4			yes					-1	305	307	-1	
305	304	af9183bd151661e4	5			yes					-1	-1	-1	-1	306	
306	305	e04ac221d962d170	4			yes					-1	-1	-1	-1	
307	304	a9ff10af743259e9	5			yes					-1	-1	-1	-1	-1	
308	293	8ece64b54e5544e9	4			yes					-1	-1	309	-1	
309	308	8843acb689c55651	6			yes					310	311	312	-1	313	314	
310	309	45a6e68ccddf9db9	5			yes					-1	-1	-1	-1	-1	
311	309	7918a492cfdab1d9	5			yes					-1	-1	-1	-1	-1	
312	309	454f5e8253c5cad5	5			yes					-1	-1	-1	-1	-1	
313	309	96110387409ba38d	5			yes					-1	-1	-1	-1	-1	
314	309	368acd40cb799a24	5			yes					-1	-1	-1	-1	-1	
315	293	8634cc9272a64a9b	4			yes					-1	-1	-1	-1	
316	265	91f9f045a1e09591	5			yes					317	331	337	339	-1	
317	316	9394f3a7fe0ee885	4			yes					318	326	328	-1	
318	317	99af9f01cdd5c22f	6			yes					-1	319	321	323	324	325	
319	318	5e3a86c5f0211a87	5			yes					-1	-1	-1	-1	320	
320	319	e0f3e733b29dd6f2	4			yes					-1	-1	-1	-1	
321	318	fdcd2a5594052b42	5			yes					-1	-1	-1	-1	322	
322	321	43044ba3d6b9e737	4			yes					-1	-1	-1	-1	
323	318	2f1dd1d0025de721	5			yes					-1	-1	-1	-1	-1	
324	318	bfd60e7c7cd4a560	5			yes					-1	-1	-1	-1	-1	
325	318	2766fef78f690e5a	5			yes					-1	-1	-1	-1	-1	
326	317	513c825fed08f608	5			yes					-1	-1	-1	-1	327	
327	326	eff5e3a9afb43a7d	4			yes					-1	-1	-1	-1	
328	317	4f835a6b81f91a7e	5			yes					-1	-1	329	-1	330	
329	328	2be1ef3fd829f313	4			yes					-1	-1	-1	-1	
330	328	00581bf74d8daaea	4			yes					-1	-1	-1	-1	
331	316	8a20926c33a026da	4			yes					-1	332	334	-1	
332	331	ef5137c0124e5fb6	5			yes					-1	-1	-1	-1	333	
333	332	5198563650f293c3	4			yes					-1	-1	-1	-1	
334	331	7de9bd9ac94b46c6	5			yes					335	-1	-1	-1	336	
335	334	b00cf7a08d518d2e	4			yes					-1	-1	-1	-1	
336	334	3232fc06053ff652	4			yes					-1	-1	-1	-1	
337	316	30fcdcdf7ce61aed	4			yes					-1	-1	338	-1	
338	337	2ddff7db5d1e1037	5			yes					-1	-1	-1	-1	-1	
339	316	b43c0dc93bef6cfc	4			yes					-1	-1	-1	-1	
340	265	6ceab1f4bd4079e1	5			yes					341	354	367	369	-1	
341	340	6e87b216e2ae04f5	4			yes					342	350	352	-1	
342	341	328e02a0a6bf4d15	6			yes					-1	343	345	347	348	349	
343	342	ff82f0947cbfd191	5			yes					-1	-1	-1	-1	344	
344	343	414b91623e031de4	4			yes					-1	-1	-1	-1	
345	342	f754c1a573f16f6e	5			yes					-1	-1	-1	-1	346	
346	345	499da053314da31b	4			yes					-1	-1	-1	-1	
347	342	843c4c716937681b	5			yes					-1	-1	-1	-1	-1	
348	342	14f793dd17be2a5a	5			yes					-1	-1	-1	-1	-1	
349	342	8c476356e4038160	5			yes					-1	-1	-1	-1	-1	
350	341	a7e56616067acb3f	5			yes					-1	-1	-1	-1	351	
351	350	192c07e044c6074a	4			yes					-1	-1	-1	-1	
352	341	5dc1a1d95051a96c	5			yes					-1	-1	-1	-1	353	
353	352	e308c02f12ed6519	4			yes					-1	-1	-1	-1	
354	340	7733d3dd2f00caaa	4			yes					-1	355	365	-1	
355	354	441d4ae303f14344	6			yes					356	-1	358	360	361	363	
356	355	89f800d947eb88ac	5			yes					-1	-1	-1	-1	357	
357	356	3731612f055744d9	4			yes					-1	-1	-1	-1	
358	355	81c789e6d6bf613f	5			yes					-1	-1	-1	-1	359	
359	358	3f0ee8109403ad4a	4			yes					-1	-1	-1	-1	
360	355	f2af0432cc79664a	5			yes					-1	-1	-1	-1	-1	
361	355	6264db9eb2f0240b	5			yes					-1	-1	-1	-1	362	
362	361	dcadba68f04ce87e	4			yes					-1	-1	-1	-1	
363	355	fad42b15414d8f31	5			yes					-1	-1	-1	364	-1	
364	363	4c6665c48ec5aa3f	4			yes					-1	-1	-1	-1	
365	354	07570bad8a607fd0	5			yes					-1	-1	-1	-1	366	
366	365	b99e6a5bc8dcb3a5	4			yes					-1	-1	-1	-1	
367	340	58ed45ee66bb2184	4			yes					-1	-1	368	-1	
368	367	5323a57b017d1ccb	5			yes					-1	-1	-1	-1	-1	
369	340	213ed5493d12bbe5	4			yes					-1	-1	-1	-1	
