Number of nodes
169
ID	PID	Hash_Value			File_Number	Fully_Enumerated	Children
0	-1	75fba9f31f794f66	7			no					1	-2	-2	-2	-2	-2	-2	
1	0	61c4e83ddf0582ac	6			no					95	-2	-2	-2	-2	-2	
2	1	533bfdd2e353c495	5			no					145	-2	-2	-2	-2	
3	2	3f432d318d6315a3	5			no					112	-2	-2	-2	-2	
4	3	a4c63d2c8bc3d1d7	4			no					5	126	-2	-2	
5	4	3b5fb8b4b81a6378	5			yes					6	10	16	20	24	
6	5	f8ea071fc5fffa18	4			yes					7	-1	-1	8	
7	6	ad07e6d451b295c0	3			yes					-1	-1	-1	
8	6	7e35216e992c2ef6	3			yes					-1	-1	-1	
9	8	1b8be83af543f696	5			no					-1	-2	-1	-2	-2	
10	5	6eb2597f2c570ca0	4			yes					-1	11	12	13	
11	10	b3084d03db5c85c9	4			yes					-1	-1	-1	-1	
12	10	3b6f31faee5b47e4	4			yes					-1	-1	-1	-1	
13	10	e86d7f0e7084d84e	3			yes					-1	14	15	
14	13	dda8ae9e13af9947	4			yes					-1	-1	-1	-1	
15	13	306be4d56d70a154	4			yes					-1	-1	-1	-1	
16	5	bdd648888d1ab5fe	5			yes					17	18	19	-1	-1	
17	16	d25db2e192ec5ab8	4			yes					-1	-1	-1	-1	
18	16	30ba52bac595b175	4			yes					-1	-1	-1	-1	
19	16	4995693e9a4167a9	4			yes					-1	-1	-1	-1	
20	5	21f65982b0167f8a	5			yes					21	22	-1	23	-1	
21	20	4e7da3ebafe090cc	4			yes					-1	-1	-1	-1	
22	20	ac9a43b0f8997b01	4			yes					-1	-1	-1	-1	
23	20	46076dae53e13ad3	4			yes					-1	-1	-1	-1	
24	5	bd809ec5e4c9b796	4			yes					-1	-1	25	29	
25	24	d376ab1545e9a970	5			yes					26	27	28	-1	-1	
26	25	bcfd517c5a1f4636	4			yes					-1	-1	-1	-1	
27	25	5e1ab1270d66adfb	4			yes					-1	-1	-1	-1	
28	25	27358aa352b27b27	4			yes					-1	-1	-1	-1	
29	24	2af28cad333d993a	5			yes					30	31	-1	32	-1	
30	29	457976c42ccb767c	4			yes					-1	-1	-1	-1	
31	29	a79e969f7bb29db1	4			yes					-1	-1	-1	-1	
32	29	4d03b881d0cadc63	4			yes					-1	-1	-1	-1	
33	4	885beaf035392bef	5			yes					34	41	48	55	56	
34	33	4bee555b48dcb28f	4			yes					35	-1	-1	40	
35	34	b8c2e3323b7a31a1	3			yes					-1	-1	-1	
36	34	62c034558ea67d37	5			yes					-1	-1	-1	-1	37	
37	36	79ab6d39b1eb16ff	4			yes					-1	-1	-1	-1	
38	34	35248c3f6c80f508	6			no					-1	-2	-1	-1	-2	-2	
39	34	82d08e937f86e9c7	7			no					-1	-1	-2	-1	-1	-2	-2	
40	34	dc7deefb31095ad2	3			yes					-1	-1	-1	
41	33	7b775c99469fa8c1	4			yes					-1	42	-1	46	
42	41	eedad55330c02850	4			yes					-1	-1	-1	43	
43	42	c0880229ff424547	3			yes					-1	-1	-1	
44	41	9e7ec9762656ed2f	7			no					-1	-2	-1	-2	-1	-2	-2	
45	41	207208f6db96701d	5			no					-1	-2	-1	-2	-2	
46	41	ece4e7393f4a409c	3			yes					-1	47	-1	
47	46	560725a4d746944f	4			yes					-1	-1	-1	-1	
48	33	94dea04c1c495dd5	4			yes					-1	-1	-1	49	
49	48	a754bc1b21f7ef1e	5			yes					-1	50	-1	-1	51	
50	49	a4aabc9e5deb3287	4			yes					-1	-1	-1	-1	
51	49	d0e8a4d3e1f249f5	4			yes					-1	-1	-1	-1	
52	4	641816d5cb397d36	6			no					53	-2	-2	-2	-2	-2	
53	52	14713071486cb6d0	5			no					-1	77	-1	84	121	
54	53	f2f286f9044abe86	7			no					-1	-2	-2	-2	-2	-2	-2	
55	33	bb8ff8de5ee68429	4			yes					-1	-1	-1	-1	
56	33	1fc851504cecc3b2	4			yes					-1	-1	-1	-1	
57	4	504ac57469e317ec	7			no					58	107	-2	-2	-2	-2	-2	
58	57	d23a8517fdd43430	6			yes					-1	-1	69	-1	81	89	
59	58	3e178626d3f3479d	5			no					-1	-1	-1	-1	-2	
60	2	4fad28adef0c4d39	6			no					61	-2	-2	-2	-2	-2	
61	60	a61c16394a94ffe1	5			no					62	-2	-2	-2	-2	
62	61	0d005ff1e74e65d2	4			no					104	-2	-2	-2	
63	62	4c5309161e8b3bd4	5			no					64	115	-2	-2	-2	
64	63	7ee0114760cd67cc	4			yes					-1	-1	-1	-1	
65	53	f8f03a9fd4d9e77d	4			no					-1	-1	66	-2	
66	65	16abeaf27f2124ac	3			no					-1	-1	-2	
67	53	6fda6424c15a40b1	7			yes					-1	-1	-1	-1	-1	-1	76	
68	53	747cfb1bf1af4436	6			yes					-1	-1	-1	-1	-1	72	
69	58	5f52d65d544734ff	5			yes					-1	-1	-1	-1	79	
70	62	1bb2382e62a6804c	5			no					71	106	137	-2	-2	
71	70	1458c735b6f69cb0	4			yes					-1	-1	-1	80	
72	68	81f9c0aaf07b93b1	5			yes					-1	-1	-1	-1	-1	
73	4	c2dfd7f3952506db	7			no					74	-2	-2	-2	-2	-2	-2	
74	73	12116cbe468a3208	6			no					75	140	-2	-2	-2	-2	
75	74	18b6bb4d9466bad9	5			yes					-1	78	-1	-1	-1	
76	67	7092bee9fef6bcea	6			yes					-1	-1	-1	-1	-1	-1	
77	53	b9eb2ec0de0353a0	6			yes					-1	-1	-1	-1	-1	82	
78	75	6b7623000f231d0a	4			yes					-1	-1	-1	-1	
79	69	444ae5a6583f2b5d	4			yes					-1	-1	-1	-1	
80	71	2cd25405a8a08189	3			yes					-1	-1	-1	
81	58	502d5993bc591f64	5			yes					-1	-1	-1	-1	83	
82	77	a6a3f40de1afaffb	5			yes					-1	-1	-1	-1	-1	
83	81	4b356a68b02100c6	4			yes					-1	-1	-1	-1	
84	53	fa2ae01ce3947501	4			yes					-1	-1	-1	85	
85	84	4a901fc311debf37	3			yes					-1	-1	-1	
86	53	a4cbcfaeba267ce6	4			yes					-1	-1	-1	-1	
87	86	1fd9861568f7e55e	7			no					-1	-1	-1	-1	-1	-1	-2	
88	63	7d01036204cd6af3	4			yes					-1	-1	-1	-1	
89	58	c922b6ecf1ac2b92	5			yes					-1	-1	-1	-1	-1	
90	86	82f164c8ade71b69	7			yes					-1	-1	-1	-1	-1	-1	-1	
91	86	54c02e2cb2be0878	6			yes					-1	-1	-1	-1	-1	-1	
92	86	48d803c141328c31	6			yes					-1	-1	-1	-1	-1	-1	
93	63	ba0f2873b0741a85	6			no					-1	-1	-1	-1	-1	155	
94	86	9210989e90c7f1e9	8			yes					-1	-1	102	-1	-1	-1	-1	117	
95	1	4eef685eacc0c923	6			no					96	-2	-2	-2	-2	-2	
96	95	ef8a785bf73aaf85	5			no					97	-2	-2	-2	-2	
97	96	0ed1e9d334b51e02	5			no					98	-2	-2	-2	-2	
98	97	de6c21fa5975f4ed	4			no					141	-2	-2	-2	
99	98	726e1431baeec0bf	5			no					100	-2	-2	-2	-2	
100	99	d831b8e19eadedfd	4			no					101	-2	-2	-2	
101	100	1bcf6637662efd7a	3			no					-1	-1	-2	
102	94	ee95f8183f8f1782	7			yes					-1	-1	-1	-1	-1	-1	-1	
103	86	8333520622d6aff1	8			no					-1	-1	-1	-1	-1	-1	-1	139	
104	62	aa6ca4b373f64e97	6			no					105	156	-2	-2	-2	-2	
105	104	97ecada55b87e648	5			yes					-1	-1	-1	-1	154	
106	70	50a49911033edfd6	4			yes					-1	-1	-1	116	
107	57	bc67c64547c46441	6			no					-1	135	-2	-2	-2	-2	
108	107	ad6063490189dad2	8			yes					-1	-1	-1	-1	-1	-1	-1	132	
109	107	8c46e4026b6c93b0	5			no					-1	122	-1	165	168	
110	105	5cd756b69d1ab225	4			no					-1	-1	-1	-2	
111	109	0fc9dfe70acb03a7	7			yes					-1	-1	-1	-1	-1	-1	119	
112	3	8982955a446b6a4c	7			no					113	-2	-2	-2	-2	-2	-2	
113	112	0bf2d539d05c4990	6			no					114	-2	-2	-2	-2	-2	
114	113	e7dfd608fe7b3a3d	5			no					-1	-2	-1	-1	-2	
115	63	99ebcc2a8f574225	5			no					-1	-1	-1	-1	159	
116	106	682e0a211d68c2ef	3			yes					-1	-1	-1	
117	94	fab67cbde652c282	7			yes					-1	-1	-1	-1	-1	-1	-1	
118	109	87dceae411010700	5			yes					-1	-1	-1	-1	131	
119	111	b45e3a720ea58451	6			yes					-1	-1	-1	-1	-1	-1	
120	70	05da33105a76f330	4			no					-1	-1	-1	123	
121	53	17434595b82529b6	9			no					-1	-1	-2	-2	-2	-2	-1	-2	-2	
122	109	8bcac8920d5026e4	5			yes					-1	-1	-1	-1	144	
123	120	3d50a0204420ee09	3			no					133	-2	-2	
124	123	8652b50fb7f4eb80	6			yes					-1	-1	-1	-1	-1	130	
125	74	3d34c8d6d34159e8	8			no					-1	-1	-2	-1	-1	-1	-1	-2	
126	4	57cbd6c7dc1c54cd	7			no					127	-2	-2	-2	-2	-2	-2	
127	126	a4c38ce149de2034	6			no					128	-2	-2	-2	-2	-2	
128	127	3dddf15f69dca6b6	5			yes					-1	-1	-1	-1	-1	
129	128	70d99163064a80c8	4			no					-1	-1	-1	-2	
130	124	de30c737f1d86477	5			yes					-1	-1	-1	-1	-1	
131	118	989430292eadfb5b	4			yes					-1	-1	-1	-1	
132	108	16f786dc05e75d24	7			yes					-1	-1	-1	-1	-1	-1	-1	
133	123	edc9fc63c424c9ee	7			no					-1	-1	-1	-1	-1	-1	158	
134	105	26a359f3482f5c5a	7			no					-1	-1	-1	-2	-1	-1	-1	
135	107	129ea6c9a216aa39	9			no					-1	-1	-1	-1	-1	-2	-1	-1	-2	
136	74	6da5c4fb877481bb	8			no					-1	-1	-1	-1	-1	-1	-1	160	
137	70	4979c49ea2968a3a	8			no					138	-2	-2	-2	-2	-2	-2	-2	
138	137	c3a6505fac4002a7	7			no					-1	-1	-1	-1	-1	-1	-2	
139	103	17a6e1ba12ae3ebe	7			yes					-1	-1	-1	-1	-1	-1	-1	
140	74	746d3d5b317eb028	4			no					-1	-1	-1	-2	
141	98	51a127065843a9ad	5			no					142	-2	-2	-2	-2	
142	141	115895abf46f02c7	4			no					-1	143	-1	-2	
143	142	c72f24eafb213b7a	3			yes					-1	-1	-1	
144	122	305d2d07093ea112	4			yes					-1	-1	-1	-1	
145	2	1c49adf5247f7848	6			no					146	-2	-2	-2	-2	-2	
146	145	9f6c4b891a52185a	5			no					147	-2	-2	-2	-2	
147	146	c67e4b8283d055a3	4			no					161	-2	-2	-2	
148	147	5a67bbd8d907fa73	5			no					149	-2	-2	-2	-2	
149	148	81e8c219ffb05570	4			no					-1	-2	-2	-2	
150	147	5ec6514d3941ad36	7			no					151	-2	-2	-2	-2	-2	-2	
151	150	98b38e6cf23c1f12	6			no					152	-2	-2	-2	-2	-2	
152	151	25049458f39eff06	5			no					153	-2	-2	-2	-2	
153	152	0b90ee72be8d887e	4			no					-1	-2	-2	-2	
154	105	b2778279f07db3bb	6			yes					-1	-1	-1	-1	-1	-1	
155	93	a547f2be8fd8e6de	5			no					-1	-2	-1	-1	-2	
156	104	af65bc3a73e823c8	5			no					157	-1	-2	-2	-2	
157	156	92e5b52c5b998b17	4			yes					-1	-1	-1	-1	
158	133	de2c799bd722379f	6			yes					-1	-1	-1	-1	-1	-1	
159	115	86a316e7b0fbbe7e	4			no					-1	-1	-1	-2	
160	136	53b4bbf1c521ca17	7			no					-1	-2	-2	-1	-2	-2	-2	
161	147	70b031aecc24aef5	6			no					162	-2	-2	-2	-2	-2	
162	161	9500b32b268fd3d7	5			no					163	-2	-2	-2	-2	
163	162	07aa66879db2c84a	4			no					-1	-2	-2	-2	
164	109	fab194eede3e97b3	4			no					-1	-2	-2	-2	
165	109	df3e088036706add	7			yes					-1	-1	-1	-1	-1	-1	-1	
166	109	975ed7f967148c12	4			no					-1	167	-1	-2	
167	166	3196e8c212262966	7			no					-1	-1	-1	-1	-1	-1	-2	
168	109	933f546c1964f013	8			no					-1	-1	-1	-2	-1	-1	-1	-2	
