Number of nodes
533
ID	PID	Hash_Value			File_Number	Fully_Enumerated	Children
0	-1	513d1e5e2c117b4d	6			yes					1	166	296	402	482	532	
1	0	ec3bc825095fa552	5			yes					2	56	88	109	126	
2	1	f37dca8130df0d42	5			yes					3	16	34	44	55	
3	2	3e6e7adc076d5bae	4			yes					4	5	8	13	
4	3	7232bfdcf0b2041a	4			yes					-1	-1	-1	-1	
5	3	7bbab4c1f252373c	5			yes					-1	6	-1	-1	7	
6	5	369e9c597d342f34	4			yes					-1	-1	-1	-1	
7	5	44c576ce96710504	4			yes					-1	-1	-1	-1	
8	3	150272843ae700ff	3			yes					9	10	11	
9	8	fa507e1c2b78ef55	4			yes					-1	-1	-1	-1	
10	8	2ee2c02a0dc5ab65	4			yes					-1	-1	-1	-1	
11	8	bbb0a95da077899d	5			yes					-1	-1	-1	-1	12	
12	11	3ff5eaf2d636bc49	4			yes					-1	-1	-1	-1	
13	3	396119c27b45f3f7	3			yes					14	15	-1	
14	13	a0396881a16a86e5	4			yes					-1	-1	-1	-1	
15	13	8edae62d602ae7e3	4			yes					-1	-1	-1	-1	
16	2	a3b4dcc556b4f422	4			yes					-1	17	24	29	
17	16	9abfe085a372f0d0	5			yes					18	20	21	22	23	
18	17	9b811ac5cc5ad6d9	4			yes					19	-1	-1	-1	
19	18	34281a1fda57a97f	3			yes					-1	-1	-1	
20	17	3516e05fb57f8f76	4			yes					-1	-1	-1	-1	
21	17	c296c7ee51c35183	4			yes					-1	-1	-1	-1	
22	17	78f452c3aeb744ce	4			yes					-1	-1	-1	-1	
23	17	14f56fb786514ce2	4			yes					-1	-1	-1	-1	
24	16	da73fc659943956d	5			yes					25	26	-1	27	28	
25	24	db4d0625f66bb364	4			yes					-1	-1	-1	-1	
26	24	75dafcbf8f4eeacb	4			yes					-1	-1	-1	-1	
27	24	f194bc96b5430fb5	4			yes					-1	-1	-1	-1	
28	24	704214c4973abb71	4			yes					-1	-1	-1	-1	
29	16	801aeaf81351fcdd	5			yes					30	31	32	33	-1	
30	29	812410b87c79dad4	4			yes					-1	-1	-1	-1	
31	29	2fb3ea22055c837b	4			yes					-1	-1	-1	-1	
32	29	75284455d14e84db	4			yes					-1	-1	-1	-1	
33	29	ea95b532b53916f0	4			yes					-1	-1	-1	-1	
34	2	b1b9cd5f107b5c84	4			yes					-1	-1	35	40	
35	34	0ec14253bffed15d	5			yes					36	37	38	-1	39	
36	35	0fffb813d0d6f754	4			yes					-1	-1	-1	-1	
37	35	a1684289a9f3aefb	4			yes					-1	-1	-1	-1	
38	35	43e56acb3098c955	4			yes					-1	-1	-1	-1	
39	35	6b58547169989ab8	4			yes					-1	-1	-1	-1	
40	34	aef96454d2119ddb	5			yes					41	42	43	-1	-1	
41	40	afc79e14bd39bbd2	4			yes					-1	-1	-1	-1	
42	40	0150648ec41ce27d	4			yes					-1	-1	-1	-1	
43	40	e3dd4ccc5d7785d3	4			yes					-1	-1	-1	-1	
44	2	d811c2d90d555613	4			yes					-1	-1	-1	45	
45	44	9b932b24124cf3a5	6			yes					46	48	50	52	-1	54	
46	45	9aadd1647d64d5ac	5			yes					-1	-1	-1	-1	47	
47	46	1ee892cb0b25e078	4			yes					-1	-1	-1	-1	
48	45	343a2bfe04418c03	5			yes					-1	-1	-1	-1	49	
49	48	b07f68517200b9d7	4			yes					-1	-1	-1	-1	
50	45	d6b703bc9d2aebad	5			yes					-1	-1	-1	-1	51	
51	50	52f24013eb6bde79	4			yes					-1	-1	-1	-1	
52	45	35d09f419c0a33a0	5			yes					-1	-1	-1	-1	53	
53	52	b195dceeea4b0674	4			yes					-1	-1	-1	-1	
54	45	1fd6688b640dc671	5			yes					-1	-1	-1	-1	-1	
55	2	f472a99f4cf7a51b	4			yes					-1	-1	-1	-1	
56	1	0046711765ee4b3e	4			yes					57	67	76	87	
57	56	766f51d810b2a225	3			yes					58	59	63	
58	57	ba9c62fc11498ae8	4			yes					-1	-1	-1	-1	
59	57	b856aa3d522428f3	5			yes					-1	60	61	-1	62	
60	59	c771eea860e6ef0f	4			yes					-1	-1	-1	-1	
61	59	16151e58dc62e8f6	4			yes					-1	-1	-1	-1	
62	59	2cf5aa91a7d4c7f2	4			yes					-1	-1	-1	-1	
63	57	25bb0a27c380d734	5			yes					-1	64	65	-1	66	
64	63	5a9c4eb2f14210c8	4			yes					-1	-1	-1	-1	
65	63	8bf8be424dc61731	4			yes					-1	-1	-1	-1	
66	63	bd9b3a557a5f9070	4			yes					-1	-1	-1	-1	
67	56	5a4a4b8934fe1a13	3			yes					-1	68	72	
68	67	80b9b1c64f4fd2c3	5			yes					69	70	-1	-1	71	
69	68	81874b862067f4ca	4			yes					-1	-1	-1	-1	
70	68	be91ff05b8278bc7	4			yes					-1	-1	-1	-1	
71	68	141ab16ababf3dc2	4			yes					-1	-1	-1	-1	
72	67	1d5411dcdeeb2d04	5			yes					73	74	-1	-1	-1	
73	72	1c6aeb9cb1c30b0d	4			yes					-1	-1	-1	-1	
74	72	237c5f1f29837400	4			yes					-1	-1	-1	-1	
75	72	857421ae67346a40	4			yes					-1	-1	-1	-1	
76	56	2b2a794f5864106f	3			yes					-1	-1	77	
77	76	381109304e8d0af3	6			yes					78	80	82	84	-1	86	
78	77	392ff37021a52cfa	5			yes					-1	-1	-1	-1	79	
79	78	bd6ab0df57e4192e	4			yes					-1	-1	-1	-1	
80	77	063947f3b9e553f7	5			yes					-1	-1	-1	-1	81	
81	80	827c045ccfa46623	4			yes					-1	-1	-1	-1	
82	77	47364da57c4fcd0f	5			yes					-1	-1	-1	-1	83	
83	82	c3730e0a0a0ef8db	4			yes					-1	-1	-1	-1	
84	77	9652bd55c0cbcaf6	5			yes					-1	-1	-1	-1	85	
85	84	1217fefab68aff22	4			yes					-1	-1	-1	-1	
86	77	bc544a9f38cc3f27	5			yes					-1	-1	-1	-1	-1	
87	56	0749120919c6e367	3			yes					-1	-1	-1	
88	1	8087fc6bd45d7f45	4			yes					89	96	106	108	
89	88	f6aedca4a101965e	3			yes					90	92	93	
90	89	35e7de2d81da1486	5			yes					-1	-1	-1	-1	91	
91	90	bc06b816b4c892ab	4			yes					-1	-1	-1	-1	
92	89	8ac5c314c4e58b3e	4			yes					-1	-1	-1	-1	
93	89	7f520ae8d58f9718	5			yes					-1	94	95	-1	-1	
94	93	327622705ae98f10	4			yes					-1	-1	-1	-1	
95	93	b9fbd24ff062c8c5	4			yes					-1	-1	-1	-1	
96	88	d04eea2fb2368625	3			yes					-1	97	101	
97	96	f5d96f410a225a9a	5			yes					98	99	-1	-1	100	
98	97	f4e79501650a7c93	4			yes					-1	-1	-1	-1	
99	97	cbf12182fd4a039e	4			yes					-1	-1	-1	-1	
100	97	8fd29b4003d15155	4			yes					-1	-1	-1	-1	
101	96	7342803f815bd3f7	5			yes					102	103	104	105	-1	
102	101	727c7a7fee73f5fe	4			yes					-1	-1	-1	-1	
103	101	4d6acefc76338af3	4			yes					-1	-1	-1	-1	
104	101	01cd79e0b420e049	4			yes					-1	-1	-1	-1	
105	101	a9bd34a47ada8107	4			yes					-1	-1	-1	-1	
106	88	21ef55956f1fb822	3			yes					-1	-1	107	
107	106	cfe916790b5d0319	5			yes					-1	-1	-1	-1	-1	
108	88	87889f75a875d71c	3			yes					-1	-1	-1	
109	1	845d4faef4b503df	4			yes					110	116	123	125	
110	109	f2746f6181e9eac4	3			yes					111	114	-1	
111	110	a4413734d790e20f	5			yes					-1	-1	-1	113	-1	
112	111	0b05030c8d9f7fab	4			no					-1	-2	-2	-2	
113	111	5a886d44762d7a07	4			yes					-1	-1	-1	-1	
114	110	85a996ea47bc0be6	5			yes					-1	-1	-1	115	-1	
115	114	7b60cc9ae60193ee	4			yes					-1	-1	-1	-1	
116	109	d49459ea92defabf	3			yes					-1	117	122	
117	116	88f826303cc07201	5			yes					118	119	-1	120	121	
118	117	89c6dc7053e85408	4			yes					-1	-1	-1	-1	
119	117	b6d068f3cba82b05	4			yes					-1	-1	-1	-1	
120	117	d85f251d57f01e4c	4			yes					-1	-1	-1	-1	
121	117	379890c501c1b213	4			yes					-1	-1	-1	-1	
122	116	6ffafd275a6e59b2	5			yes					-1	-1	-1	-1	-1	
123	109	c6994870d4115219	3			yes					-1	-1	124	
124	123	470573d6e36698cd	5			yes					-1	-1	-1	-1	-1	
125	109	64243155339341bd	3			yes					-1	-1	-1	
126	1	be84f777f90965af	5			yes					127	134	152	164	165	
127	126	c8add7b88c558cb4	4			yes					128	130	133	-1	
128	127	fab8e3d60d3fcb66	5			yes					-1	-1	-1	-1	129	
129	128	c5f21290468b089e	4			yes					-1	-1	-1	-1	
130	127	e692a7b62f4b7e69	5			yes					-1	131	-1	-1	132	
131	130	abb68f2ea02d6661	4			yes					-1	-1	-1	-1	
132	130	d9d856f064ffbd91	4			yes					-1	-1	-1	-1	
133	127	d5c7668b6f2405c3	5			yes					-1	-1	-1	-1	-1	
134	126	ee4de1339f629ccf	4			yes					-1	135	144	151	
135	134	57345ad6d05fabcb	6			yes					136	138	-1	140	142	143	
136	135	560aa096bf778dc2	5			yes					-1	-1	-1	-1	137	
137	136	363f2bbb423c381c	4			yes					-1	-1	-1	-1	
138	135	691c14152737f2cf	5			yes					-1	-1	-1	-1	139	
139	138	09299f38da7c4711	4			yes					-1	-1	-1	-1	
140	135	b57fe890dd9a1fd5	5			yes					-1	-1	-1	-1	141	
141	140	d54a63bd20d1aa0b	4			yes					-1	-1	-1	-1	
142	135	e541aa839a7fdf9e	5			yes					-1	-1	-1	-1	-1	
143	135	3701d1fb2d141e15	5			yes					-1	-1	-1	-1	-1	
144	134	733381b13297eaf5	6			yes					145	147	-1	149	-1	150	
145	144	720d7bf15dbfccfc	5			yes					-1	-1	-1	-1	146	
146	145	1238f0dca0f47922	4			yes					-1	-1	-1	-1	
147	144	4d1bcf72c5ffb3f1	5			yes					-1	-1	-1	-1	148	
148	147	2d2e445f38b4062f	4			yes					-1	-1	-1	-1	
149	144	58d4c1421e97702d	5			yes					-1	-1	-1	-1	-1	
150	144	13060a9ccfdc5f2b	5			yes					-1	-1	-1	-1	-1	
151	134	1f812f496872e38c	3			yes					-1	-1	-1	
152	126	fc40f0a9d9ad3469	4			yes					-1	-1	153	163	
153	152	d9c00b91b92304c4	6			yes					154	156	158	-1	160	162	
154	153	d8fef1d1d60b22cd	5			yes					-1	-1	-1	-1	155	
155	154	b8cb7afc2b409713	4			yes					-1	-1	-1	-1	
156	153	e7e845524e4b5dc0	5			yes					-1	-1	-1	-1	157	
157	156	87ddce7fb300e81e	4			yes					-1	-1	-1	-1	
158	153	94e4230936451ccc	5			yes					-1	-1	-1	-1	159	
159	158	f4d1a824cb0ea912	4			yes					-1	-1	-1	-1	
160	153	9aec914575b609c4	5			yes					-1	-1	-1	-1	161	
161	160	fad91a6888fdbc1a	4			yes					-1	-1	-1	-1	
162	153	b9f580bc4468b11a	5			yes					-1	-1	-1	-1	-1	
163	152	0d8c3ed32ebd4b2a	3			yes					-1	-1	-1	
164	126	95e8ff2fc4833efe	4			yes					-1	-1	-1	-1	
165	126	4f48390d0e191aec	4			yes					-1	-1	-1	-1	
166	0	73a75c05bffd6655	5			yes					-1	167	220	241	257	
167	166	c767dc0ab653a65c	5			yes					168	188	198	208	219	
168	167	622cc972bbd5658b	4			yes					169	170	177	183	
169	168	31dd9b907cfb60a5	4			yes					-1	-1	-1	-1	
170	168	490132fdd2bfd8f4	5			yes					171	172	174	175	176	
171	170	b77051306939bf68	4			yes					-1	-1	-1	-1	
172	170	aa5d846e74c0ac91	4			yes					-1	173	-1	-1	
173	172	4ee8805197c93b99	3			yes					-1	-1	-1	
174	170	adb436c231b64ffc	4			yes					-1	-1	-1	-1	
175	170	c9c77f2c7de716bd	4			yes					-1	-1	-1	-1	
176	170	795e9cb051a84ab8	4			yes					-1	-1	-1	-1	
177	168	64377e8ac8a7d51f	5			yes					178	179	180	181	182	
178	177	9a461d477321b283	4			yes					-1	-1	-1	-1	
179	177	876bc8196ed8a17a	4			yes					-1	-1	-1	-1	
180	177	81f9fd1c5d826390	4			yes					-1	-1	-1	-1	
181	177	9d7a40ea5ebaee93	4			yes					-1	-1	-1	-1	
182	177	01ae68a81ec19efa	4			yes					-1	-1	-1	-1	
183	168	965be1923717dc24	5			yes					184	185	186	187	-1	
184	183	682a825f8c91bbb8	4			yes					-1	-1	-1	-1	
185	183	750757019168a841	4			yes					-1	-1	-1	-1	
186	183	73956204a2326aab	4			yes					-1	-1	-1	-1	
187	183	36f50a079c9991bb	4			yes					-1	-1	-1	-1	
188	167	cbec79e06c806119	4			yes					-1	189	192	195	
189	188	5421077cecbd62e3	5			yes					190	-1	-1	-1	191	
190	189	bf706e633658731c	4			yes					-1	-1	-1	-1	
191	189	6b5ec573889e50db	4			yes					-1	-1	-1	-1	
192	188	e08071b8510a3a48	3			yes					193	194	-1	
193	192	4a00799a61b5a88b	4			yes					-1	-1	-1	-1	
194	192	01797397132afeba	4			yes					-1	-1	-1	-1	
195	188	cce31afe10a8c940	3			yes					196	197	-1	
196	195	b75b4cbc85405d41	4			yes					-1	-1	-1	-1	
197	195	a14155907ec5b23c	4			yes					-1	-1	-1	-1	
198	167	85a3dbd496f7f79a	4			yes					-1	-1	199	204	
199	198	d6adbd01b797395f	5			yes					200	201	202	-1	203	
200	199	3dfcd41e6d7228a0	4			yes					-1	-1	-1	-1	
201	199	7904bddba19a46f9	4			yes					-1	-1	-1	-1	
202	199	a98af9948555fea3	4			yes					-1	-1	-1	-1	
203	199	b334ab2361f172ba	4			yes					-1	-1	-1	-1	
204	198	76959b06da7875d9	5			yes					205	206	207	-1	-1	
205	204	9dc4f219009d6426	4			yes					-1	-1	-1	-1	
206	204	d93c9bdccc750a7f	4			yes					-1	-1	-1	-1	
207	204	09b2df93e8bab225	4			yes					-1	-1	-1	-1	
208	167	ec0bd4528bd9fd0d	4			yes					-1	-1	-1	209	
209	208	43ffd4761a251ba7	6			yes					210	212	214	216	-1	218	
210	209	a8aebd69c0c00a58	5			yes					-1	-1	-1	-1	211	
211	210	2cebfec6b6813f8c	4			yes					-1	-1	-1	-1	
212	209	ec56d4ac0c286401	5			yes					-1	-1	-1	-1	213	
213	212	681397037a6951d5	4			yes					-1	-1	-1	-1	
214	209	3cd890e328e7dc5b	5			yes					-1	-1	-1	-1	215	
215	214	b89dd34c5ea6e98f	4			yes					-1	-1	-1	-1	
216	209	edbc60139463dba2	5			yes					-1	-1	-1	-1	217	
217	216	69f923bce222ee76	4			yes					-1	-1	-1	-1	
218	209	c7ba97d96c642e73	5			yes					-1	-1	-1	-1	-1	
219	167	c068bf14ca7b0e05	4			yes					-1	-1	-1	-1	
220	166	f0fdfe3f70125a4d	4			yes					221	232	238	240	
221	220	55b6eb477d94999a	3			yes					222	225	227	
222	221	f6c646440e514c70	5			yes					-1	223	-1	-1	224	
223	222	bbc1d6da7035c4fd	4			yes					-1	-1	-1	-1	
224	222	7f27207f3b43ca5d	4			yes					-1	-1	-1	-1	
225	221	4523ec9ee0a43bc1	5			yes					-1	-1	-1	-1	226	
226	225	3f28189fe957300e	4			yes					-1	-1	-1	-1	
227	221	ae1c4c5da5986081	5			yes					228	229	230	231	-1	
228	227	506d2f901e1e071d	4			yes					-1	-1	-1	-1	
229	227	f287da068c3091ab	4			yes					-1	-1	-1	-1	
230	227	9c3138f5be4e09f2	4			yes					-1	-1	-1	-1	
231	227	74e3f8c65e193271	4			yes					-1	-1	-1	-1	
232	220	032cdf98caecace9	3			yes					-1	233	234	
233	232	a55e70a9da0adee1	4			yes					-1	-1	-1	-1	
234	232	50c9b955cb60c2c7	5			yes					235	-1	236	-1	237	
235	234	bb98d04a1185d338	4			yes					-1	-1	-1	-1	
236	234	966061f2ee8d9d1a	4			yes					-1	-1	-1	-1	
237	234	c8e9892772bf8583	4			yes					-1	-1	-1	-1	
238	220	519557c1cb509d2a	3			yes					-1	-1	239	
239	238	b407cb3f5ff5124d	5			yes					-1	-1	-1	-1	-1	
240	220	f7f29d210c3af214	3			yes					-1	-1	-1	
241	166	f4274dfa50fa26d7	4			yes					242	251	254	256	
242	241	516c58825d7ce500	3			yes					243	245	250	
243	242	9db3b72f180208f1	5			yes					-1	-1	-1	244	-1	
244	243	637aed5fb9bf90f9	4			yes					-1	-1	-1	-1	
245	242	2391dcd4a8ab58c3	5			yes					246	247	-1	248	249	
246	245	dde0bf19132d3f5f	4			yes					-1	-1	-1	-1	
247	245	7f0a4a8f8103a9e9	4			yes					-1	-1	-1	-1	
248	245	dd5886a40916c0cb	4			yes					-1	-1	-1	-1	
249	245	addb53e68d88e4f1	4			yes					-1	-1	-1	-1	
250	242	6f1bf84e9d096df0	5			yes					-1	-1	-1	-1	-1	
251	241	07f66c5dea04d073	3			yes					-1	252	-1	
252	251	aa32255759535e39	5			yes					-1	-1	-1	253	-1	
253	252	54fb7f27f8eec631	4			yes					-1	-1	-1	-1	
254	241	b6e34a24705e7711	3			yes					-1	-1	255	
255	254	3cebae90b7ce8999	5			yes					-1	-1	-1	-1	-1	
256	241	145e330197dc64b5	3			yes					-1	-1	-1	
257	166	cefef5235d4640a7	5			yes					258	277	282	294	295	
258	257	6bb5e05b50c08370	4			yes					259	261	271	274	
259	258	cfad8ce1678f9513	5			yes					-1	-1	-1	-1	260	
260	259	af9807cc9ac420cd	4			yes					-1	-1	-1	-1	
261	258	ef059882645017a1	6			yes					262	264	-1	266	268	270	
262	261	1174fb4fdfd6703d	5			yes					-1	-1	-1	-1	263	
263	262	71417062229dc5e3	4			yes					-1	-1	-1	-1	
264	261	b39e0ed94df8e68b	5			yes					-1	-1	-1	-1	265	
265	264	d3ab85f4b0b35355	4			yes					-1	-1	-1	-1	
266	261	7c3c9bd6b63c5f46	5			yes					-1	-1	-1	-1	267	
267	266	1c0910fb4b77ea98	4			yes					-1	-1	-1	-1	
268	261	5d7068d72e7063f4	5			yes					-1	-1	-1	-1	269	
269	268	3d45e3fad33bd62a	4			yes					-1	-1	-1	-1	
270	261	8f3013af991ba27f	5			yes					-1	-1	-1	-1	-1	
271	258	541e2c58843bb1a0	5			yes					-1	272	-1	-1	273	
272	271	0885ba03ad93408a	4			yes					-1	-1	-1	-1	
273	271	6b54dd1ecf8f7258	4			yes					-1	-1	-1	-1	
274	258	9a792e21a7d0fc33	3			yes					-1	275	276	
275	274	a565d3886ae4916e	5			yes					-1	-1	-1	-1	-1	
276	274	08c15396e2bed29e	5			yes					-1	-1	-1	-1	-1	
277	257	3d2fd484e7b8b603	4			yes					-1	278	281	-1	
278	277	c909140b31a42bb6	5			yes					279	-1	-1	-1	280	
279	278	22587d14eb413a49	4			yes					-1	-1	-1	-1	
280	278	f643e54d7a10e84e	4			yes					-1	-1	-1	-1	
281	277	fa5cd53671cb501c	5			yes					-1	-1	-1	-1	-1	
282	257	8c3af2fd7de21161	4			yes					-1	-1	283	293	
283	282	a22ed6d7ed8b1590	6			yes					284	286	288	-1	290	292	
284	283	497fbfc8376e046f	5			yes					-1	-1	-1	-1	285	
285	284	294a34e5ca25b1b1	4			yes					-1	-1	-1	-1	
286	283	0d87d60dfb866a36	5			yes					-1	-1	-1	-1	287	
287	286	6db25d2006cddfe8	4			yes					-1	-1	-1	-1	
288	283	ef0afe4f62ed0d98	5			yes					-1	-1	-1	-1	289	
289	288	8f3f75629fa6b846	4			yes					-1	-1	-1	-1	
290	283	e1024c03211e1890	5			yes					-1	-1	-1	-1	291	
291	290	8137c72edc55ad4e	4			yes					-1	-1	-1	-1	
292	283	c21b5dfa10c0a04e	5			yes					-1	-1	-1	-1	-1	
293	282	7df63c878af26e22	3			yes					-1	-1	-1	
294	257	e592fd7b60cc1bf6	4			yes					-1	-1	-1	-1	
295	257	3f323b59aa563fe4	4			yes					-1	-1	-1	-1	
296	0	58537211b60113af	5			yes					-1	-1	297	350	364	
297	296	ecd516c047495d29	5			yes					298	317	331	338	349	
298	297	499e03b84acf9efe	4			yes					299	306	307	312	
299	298	5b3bd9a5f4d7b39a	5			yes					300	301	303	304	305	
300	299	d58fa1463fc9900d	4			yes					-1	-1	-1	-1	
301	299	241c9d30c6157466	4			yes					-1	302	-1	-1	
302	301	e2b54597e3f82bbb	3			yes					-1	-1	-1	
303	299	9d920102d13aec47	4			yes					-1	-1	-1	-1	
304	299	b9706be3f9120784	4			yes					-1	-1	-1	-1	
305	299	d5715697d1f40fa8	4			yes					-1	-1	-1	-1	
306	298	70abd8c1181153e5	4			yes					-1	-1	-1	-1	
307	298	473861659d49a366	5			yes					-1	308	309	310	311	
308	307	3e782f3a6d9ed88d	4			yes					-1	-1	-1	-1	
309	307	06f4eb942b0ae7c7	4			yes					-1	-1	-1	-1	
310	307	f09a67082312d20a	4			yes					-1	-1	-1	-1	
311	307	ed0989c493308d7a	4			yes					-1	-1	-1	-1	
312	298	647042ca010b6352	5			yes					313	314	315	316	-1	
313	312	065709cd6af4a00e	4			yes					-1	-1	-1	-1	
314	312	1d300c95f1dc18b9	4			yes					-1	-1	-1	-1	
315	312	25bcc83bb74827f3	4			yes					-1	-1	-1	-1	
316	312	be8ff651fa8a31a2	4			yes					-1	-1	-1	-1	
317	297	4eea0f405354d181	4			yes					-1	318	320	326	
318	317	b6b7469aaa04fc2d	4			yes					319	-1	-1	-1	
319	318	5de62f8570e1edd2	3			yes					-1	-1	-1	
320	317	85cd4cb190176035	5			yes					321	322	323	324	325	
321	320	6e9c25ae4af271ca	4			yes					-1	-1	-1	-1	
322	320	b70e0d22dc840a2e	4			yes					-1	-1	-1	-1	
323	320	c401c64026542494	4			yes					-1	-1	-1	-1	
324	320	326f4adc2e4c1159	4			yes					-1	-1	-1	-1	
325	320	2ffca4109e6e4e29	4			yes					-1	-1	-1	-1	
326	317	a6856f1e0c55a001	5			yes					327	328	329	330	-1	
327	326	4dd40601d6b0b1fe	4			yes					-1	-1	-1	-1	
328	326	94462e8d40c6ca1a	4			yes					-1	-1	-1	-1	
329	326	e749e5efba16e4a0	4			yes					-1	-1	-1	-1	
330	326	7c7adb85f7d4f2f1	4			yes					-1	-1	-1	-1	
331	297	2b1767be5839bc77	4			yes					-1	-1	332	335	
332	331	007b6fe665b3e726	3			yes					333	334	-1	
333	332	c8566753e185167f	4			yes					-1	-1	-1	-1	
334	332	0e4af9085390b9b7	4			yes					-1	-1	-1	-1	
335	331	2c1804a02411142e	3			yes					336	337	-1	
336	335	3c819fc9540dcabe	4			yes					-1	-1	-1	-1	
337	335	fa9d0192e6186576	4			yes					-1	-1	-1	-1	
338	297	c7b91e987ac30678	4			yes					-1	-1	-1	339	
339	338	ba94f6ad50eba2dd	6			yes					340	342	344	346	-1	348	
340	339	51c59fb28a0eb322	5			yes					-1	-1	-1	-1	341	
341	340	d580dc1dfc4f86f6	4			yes					-1	-1	-1	-1	
342	339	84bcb86ea783fbd9	5			yes					-1	-1	-1	-1	343	
343	342	00f9fbc1d1c2ce0d	4			yes					-1	-1	-1	-1	
344	339	c5b3b23862296521	5			yes					-1	-1	-1	-1	345	
345	344	41f6f197146850f5	4			yes					-1	-1	-1	-1	
346	339	7c3d2e0a7506fd00	5			yes					-1	-1	-1	-1	347	
347	346	f8786da50347c8d4	4			yes					-1	-1	-1	-1	
348	339	3ed1b50226aa9709	5			yes					-1	-1	-1	-1	-1	
349	297	ebda75de3b61f570	4			yes					-1	-1	-1	-1	
350	296	bd01489d8fad5c30	4			yes					351	359	362	363	
351	350	184a5de5822b9fe7	3			yes					352	357	358	
352	351	b0173dcb21ab8831	5			yes					-1	353	354	355	356	
353	352	cf30795e13694fcd	4			yes					-1	-1	-1	-1	
354	352	1e5489aeafed4834	4			yes					-1	-1	-1	-1	
355	352	e0b03ee64a9be47c	4			yes					-1	-1	-1	-1	
356	352	0f778b3e1caa4823	4			yes					-1	-1	-1	-1	
357	351	e9b4e2d6ba3272ca	4			yes					-1	-1	-1	-1	
358	351	ba38d110f38b1163	5			yes					-1	-1	-1	-1	-1	
359	350	1f3e511d9bb0d098	3			yes					-1	360	361	
360	359	2fa87c8d0827dd02	4			yes					-1	-1	-1	-1	
361	359	78cdfcc4fed5d230	5			yes					-1	-1	-1	-1	-1	
362	350	e70d7203debd0d1d	3			yes					-1	-1	-1	
363	350	5d783666488b1e52	3			yes					-1	-1	-1	
364	296	87d8f04482113a40	5			yes					365	385	397	400	401	
365	364	2293e53c8f97f997	4			yes					366	375	377	384	
366	365	6fdb412dcd3451fb	6			yes					-1	367	369	371	373	374	
367	366	10fc05b8fff69607	5			yes					-1	-1	-1	-1	368	
368	367	70c98e9502bd23d9	4			yes					-1	-1	-1	-1	
369	366	c198f548437291fe	5			yes					-1	-1	-1	-1	370	
370	369	a1ad7e65be392420	4			yes					-1	-1	-1	-1	
371	366	8d90f36bc0f1e5e5	5			yes					-1	-1	-1	-1	372	
372	371	eda578463dba503b	4			yes					-1	-1	-1	-1	
373	366	ddaeb178871425ae	5			yes					-1	-1	-1	-1	-1	
374	366	0feeca00307fe425	5			yes					-1	-1	-1	-1	-1	
375	365	b4f04ca953b909b5	5			yes					-1	-1	-1	-1	376	
376	375	8bbabdef180dca4d	4			yes					-1	-1	-1	-1	
377	365	24fda957a9ce8d6a	6			yes					-1	378	380	-1	381	383	
378	377	5dbde7085919f681	5			yes					-1	-1	-1	-1	379	
379	378	3d886c25a452435f	4			yes					-1	-1	-1	-1	
380	377	c1332ac13ceb3be5	5			yes					-1	-1	-1	-1	-1	
381	377	67d13383655b806a	5			yes					-1	-1	-1	-1	382	
382	381	07e4b8ae981035b4	4			yes					-1	-1	-1	-1	
383	377	44c8227a548538b4	5			yes					-1	-1	-1	-1	-1	
384	365	d35f2b46788786d4	3			yes					-1	-1	-1	
385	364	25e7e9c4960cb6e8	4			yes					-1	386	389	396	
386	385	72ecd2f2e1aca67d	5			yes					387	-1	-1	-1	388	
387	386	99bdbbed3b49b782	4			yes					-1	-1	-1	-1	
388	386	4da623b4aa186585	4			yes					-1	-1	-1	-1	
389	385	e6088483a4904e39	6			yes					390	-1	392	-1	393	395	
390	389	0d59ed9c7e755fc6	5			yes					-1	-1	-1	-1	391	
391	390	6d6c66b1833eea18	4			yes					-1	-1	-1	-1	
392	389	03c6071531b5f8b6	5			yes					-1	-1	-1	-1	-1	
393	389	a5241e5768054339	5			yes					-1	-1	-1	-1	394	
394	393	c511957a954ef6e7	4			yes					-1	-1	-1	-1	
395	389	863d0fae59dbfbe7	5			yes					-1	-1	-1	-1	-1	
396	385	d42b27be611cc9ab	3			yes					-1	-1	-1	
397	364	ddd4cadad3016b6d	4			yes					-1	-1	398	-1	
398	397	354482227a2617f1	5			yes					-1	-1	-1	-1	399	
399	398	0a0e73643192d409	4			yes					-1	-1	-1	-1	
400	364	acb4f81cbf9b6111	4			yes					-1	-1	-1	-1	
401	364	76143e3e75014503	4			yes					-1	-1	-1	-1	
402	0	105a34a684e00827	5			yes					-1	-1	-1	403	444	
403	402	b1d1c961d7dbc2bc	5			yes					404	421	434	441	443	
404	403	149adc19da5d016b	4			yes					405	410	414	417	
405	404	eafe3d0437a4c81d	5			yes					-1	406	407	408	409	
406	405	a7da159cb8c2d015	4			yes					-1	-1	-1	-1	
407	405	2c57e5a3124997c0	4			yes					-1	-1	-1	-1	
408	405	ba593e295c94a450	4			yes					-1	-1	-1	-1	
409	405	559e8bf10aa5080f	4			yes					-1	-1	-1	-1	
410	404	6efa813998cea446	5			yes					-1	-1	411	412	413	
411	410	3a14df9554153163	4			yes					-1	-1	-1	-1	
412	410	9033db4939733c4e	4			yes					-1	-1	-1	-1	
413	410	e0b00e0bbded1874	4			yes					-1	-1	-1	-1	
414	404	5f605774a126bd6a	3			yes					415	416	-1	
415	414	ab9959bea1f5380f	4			yes					-1	-1	-1	-1	
416	414	1116e240d1636f16	4			yes					-1	-1	-1	-1	
417	404	ed4de78054aea59c	6			yes					-1	-1	418	419	-1	420	
418	417	1fb37cc8bc0f622e	5			yes					-1	-1	-1	-1	-1	
419	417	b9a3b92c987530b9	5			yes					-1	-1	-1	-1	-1	
420	417	688c1ebb7e7a54f8	5			yes					-1	-1	-1	-1	-1	
421	403	13eed0e1c3c64e14	4			yes					-1	422	427	429	
422	421	c5658eb9294b9dc2	5			yes					423	-1	424	425	426	
423	422	2e34e7a6f3ae8c3d	4			yes					-1	-1	-1	-1	
424	422	03cc561e0ca6c21f	4			yes					-1	-1	-1	-1	
425	422	95c28d94427bf18f	4			yes					-1	-1	-1	-1	
426	422	7a05384c144a5dd0	4			yes					-1	-1	-1	-1	
427	421	58145b8cb8bdf215	3			yes					-1	428	-1	
428	427	8402ea03bf1a6dd0	4			yes					-1	-1	-1	-1	
429	421	3c735aef8222380c	6			yes					430	-1	431	432	-1	433	
430	429	d72233f058c729f3	5			yes					-1	-1	-1	-1	-1	
431	429	65edb371a3ba729e	5			yes					-1	-1	-1	-1	-1	
432	429	689d04434ef9ad29	5			yes					-1	-1	-1	-1	-1	
433	429	b9b2a3d4a8f6c968	5			yes					-1	-1	-1	-1	-1	
434	403	e118df25b1b03bdc	4			yes					-1	-1	435	436	
435	434	aae25448cacb87dd	3			yes					-1	-1	-1	
436	434	e1edee786e2489e6	6			yes					437	438	-1	439	-1	440	
437	436	0abc8767b4c19819	5			yes					-1	-1	-1	-1	-1	
438	436	dfc5a0bb994cd0e2	5			yes					-1	-1	-1	-1	-1	
439	436	b503b0d4a2ff1cc3	5			yes					-1	-1	-1	-1	-1	
440	436	642c174344f07882	5			yes					-1	-1	-1	-1	-1	
441	403	fa2b420caca07ebd	4			yes					-1	-1	-1	442	
442	441	57bd1abc7ff0b61f	3			yes					-1	-1	-1	
443	403	1c4791d1048b0a1e	4			yes					-1	-1	-1	-1	
444	402	07197d3833a20e3b	5			yes					445	464	477	480	481	
445	444	a25268403e24cdec	4			yes					446	456	460	462	
446	445	353241e2db3b11d7	6			yes					-1	447	449	451	453	455	
447	446	7816697a545d09df	5			yes					-1	-1	-1	-1	448	
448	447	1823e257a916bc01	4			yes					-1	-1	-1	-1	
449	446	f39b9945fed64e0a	5			yes					-1	-1	-1	-1	450	
450	449	93ae1268039dfbd4	4			yes					-1	-1	-1	-1	
451	446	d779f3a4d6fea5c9	5			yes					-1	-1	-1	-1	452	
452	451	b74c78892bb51017	4			yes					-1	-1	-1	-1	
453	446	8747b1b7911b6582	5			yes					-1	-1	-1	-1	454	
454	453	e7723a9a6c50d05c	4			yes					-1	-1	-1	-1	
455	446	5507cacf2670a409	5			yes					-1	-1	-1	-1	-1	
456	445	204f9a6c3e6a8733	5			yes					-1	-1	457	458	459	
457	456	fab02ef7c5ebd5c3	4			yes					-1	-1	-1	-1	
458	456	af224f0a60be8451	4			yes					-1	-1	-1	-1	
459	456	1f056b2a75de44cb	4			yes					-1	-1	-1	-1	
460	445	61752b35198a910c	5			yes					-1	-1	-1	-1	-1	
461	460	5e3fda73523e52f4	4			no					-1	-1	-1	-2	
462	445	539ea63ac934b2af	3			yes					-1	463	-1	
463	462	744cc7b4fceb8a1d	4			yes					-1	-1	-1	-1	
464	444	a52664b827bf8293	4			yes					-1	465	474	476	
465	464	1aa9f25fc5d44408	6			yes					466	-1	468	470	472	473	
466	465	f1f89b401f3155f7	5			yes					-1	-1	-1	-1	467	
467	466	91cd106de27ae029	4			yes					-1	-1	-1	-1	
468	465	dc002af8e0391bd5	5			yes					-1	-1	-1	-1	469	
469	468	bc35a1d51d72ae0b	4			yes					-1	-1	-1	-1	
470	465	f8e24019c811f016	5			yes					-1	-1	-1	-1	471	
471	470	98d7cb34355a45c8	4			yes					-1	-1	-1	-1	
472	465	a8dc020a8ff4305d	5			yes					-1	-1	-1	-1	-1	
473	465	7a9c7972389ff1d6	5			yes					-1	-1	-1	-1	-1	
474	464	666e2ca0ebedbed4	5			yes					-1	-1	-1	-1	475	
475	474	5924dde6a0597d2c	4			yes					-1	-1	-1	-1	
476	464	54eaaac2d0affdd0	3			yes					-1	-1	-1	
477	444	57d06b7c55c9f75b	4			yes					-1	-1	478	479	
478	477	ff1ce84d2bc86918	5			yes					-1	-1	-1	-1	-1	
479	477	a61ca506a2d98818	3			yes					-1	-1	-1	
480	444	a671d4c688e0c95c	4			yes					-1	-1	-1	-1	
481	444	f6d5b342c4b27178	4			yes					-1	-1	-1	-1	
482	0	3552af2044dbeec1	5			yes					-1	-1	-1	-1	483	
483	482	dcd1e8b210347d1c	6			yes					484	506	518	526	529	531	
484	483	799afdca1db2becb	5			yes					485	494	501	503	505	
485	484	dba5e44a09af3263	4			yes					486	489	-1	492	
486	485	f84bc37e45d89fb6	6			yes					-1	-1	-1	487	-1	488	
487	486	0682990ee46507be	5			yes					-1	-1	-1	-1	-1	
488	486	987e4853b8932a68	5			yes					-1	-1	-1	-1	-1	
489	485	d9a362a0d5f4765f	6			yes					-1	-1	-1	490	-1	491	
490	489	276a38d07449ee57	5			yes					-1	-1	-1	-1	-1	
491	489	b996e98d28bfc381	5			yes					-1	-1	-1	-1	-1	
492	485	4c76cac078b2a620	6			yes					-1	-1	-1	-1	-1	493	
493	492	34468495ffb6dd17	5			yes					-1	-1	-1	-1	-1	
494	484	2953eb8e7bd947ab	4			yes					-1	495	-1	498	
495	494	5a313b3bb477e709	5			yes					-1	-1	-1	-1	497	
496	495	5303589deacfadc9	4			no					-1	-1	-2	-2	
497	495	657bca7dffc324f1	4			yes					-1	-1	-1	-1	
498	494	79dc94246ca0f098	6			yes					-1	-1	499	-1	-1	500	
499	498	120195e3ffec54e2	5			yes					-1	-1	-1	-1	-1	
500	498	01ecda71eba48baf	5			yes					-1	-1	-1	-1	-1	
501	484	3b5efa143d16ef0d	4			yes					-1	-1	-1	502	
502	501	65230e66f7a11e7a	5			yes					-1	-1	-1	-1	-1	
503	484	32ee69fea91055b4	4			yes					-1	-1	-1	504	
504	503	b032081a52d2240e	3			yes					-1	-1	-1	
505	484	fb469c2ee670cf71	4			yes					-1	-1	-1	-1	
506	483	7eeef1320429f1b4	5			yes					-1	507	513	515	517	
507	506	2e27e776624208d4	4			yes					-1	508	-1	511	
508	507	f638d11dcb1b2380	6			yes					-1	-1	-1	509	-1	510	
509	508	08f18b6d6aa6bb88	5			yes					-1	-1	-1	-1	-1	
510	508	960d5a303650965e	5			yes					-1	-1	-1	-1	-1	
511	507	63ed797d665df3ff	6			yes					-1	-1	-1	-1	-1	512	
512	511	1bdd3728e15988c8	5			yes					-1	-1	-1	-1	-1	
513	506	3c2af6ec248da072	4			yes					-1	-1	-1	514	
514	513	197d39ef78de1d54	5			yes					-1	-1	-1	-1	-1	
515	506	359a6506b08b1acb	4			yes					-1	-1	-1	516	
516	515	b74604e24b496b71	3			yes					-1	-1	-1	
517	506	fc3290d6ffeb800e	4			yes					-1	-1	-1	-1	
518	483	8c18fef6765f847c	5			yes					-1	-1	519	523	525	
519	518	cedcf92856fbd5ba	4			yes					-1	-1	-1	520	
520	519	acf52e696db0b412	6			yes					-1	-1	-1	-1	521	522	
521	520	a5c74dcf3308fed2	5			yes					-1	-1	-1	-1	-1	
522	520	d4c5603ceab4cf25	5			yes					-1	-1	-1	-1	-1	
523	518	c76c6ac2c2fd6f03	4			yes					-1	-1	-1	524	
524	523	45b00b26393f1eb9	3			yes					-1	-1	-1	
525	518	0ec49f128d9df5c6	4			yes					-1	-1	-1	-1	
526	483	9e15ef6c30902cda	5			yes					-1	-1	-1	527	528	
527	526	d5617b588432c7a5	4			yes					-1	-1	-1	-1	
528	526	1cc98e88cb525d60	4			yes					-1	-1	-1	-1	
529	483	97a57c86a4969663	5			yes					-1	-1	-1	-1	530	
530	529	15791d625f54e7d9	4			yes					-1	-1	-1	-1	
531	483	5e0d8956ebf60ca6	5			yes					-1	-1	-1	-1	-1	
532	0	b3fa63e9ec894d03	5			yes					-1	-1	-1	-1	-1	
