Number of nodes
181
ID	PID	Hash_Value			File_Number	Fully_Enumerated	Children
0	-1	49a9673bcb965b58	6			yes					1	25	45	68	91	135	
1	0	57226878faa61690	5			yes					2	8	18	22	24	
2	1	5e2dcfdf03cf7bb7	4			yes					3	4	-1	5	
3	2	dc1940d91ba6fe2b	4			yes					-1	-1	-1	-1	
4	2	868c52e47a31352c	4			yes					-1	-1	-1	-1	
5	2	354b4ecbe125e659	3			yes					6	7	-1	
6	5	be92bdf52ffb0983	4			yes					-1	-1	-1	-1	
7	5	289a8653329cb5cf	4			yes					-1	-1	-1	-1	
8	1	3f01c59b11804f41	4			yes					-1	9	13	14	
9	8	eb7a16b157011181	5			yes					10	11	-1	-1	12	
10	9	362fc4cc4723738b	4			yes					-1	-1	-1	-1	
11	9	50a117cefd144eea	4			yes					-1	-1	-1	-1	
12	9	34a91da4e3ef5def	4			yes					-1	-1	-1	-1	
13	8	985093c5c0fa0c0b	4			yes					-1	-1	-1	-1	
14	8	5467448ff36ad2af	3			yes					-1	15	17	
15	14	3f31b3f5abef210f	5			yes					-1	-1	-1	-1	-1	
16	15	e2646188bbcd4305	4			no					-1	-1	-1	-2	
17	14	7a92d0299a0e1200	4			yes					-1	-1	-1	-1	
18	1	988c5129fc2a75c5	4			yes					-1	-1	19	20	
19	18	076dfffa7debafa7	5			yes					-1	-1	-1	-1	-1	
20	18	f3ead03d1ec0e82b	3			yes					-1	-1	21	
21	20	f2807e9982052ca0	5			yes					-1	-1	-1	-1	-1	
22	1	c5e4b201f629ca4d	4			yes					-1	-1	-1	23	
23	22	ae82331514c357a3	3			yes					-1	-1	-1	
24	1	3c44e96c184c8b7e	4			yes					-1	-1	-1	-1	
25	0	fc8218637a639da1	5			yes					26	34	38	42	44	
26	25	e15d6b0b738b9853	4			yes					27	28	29	30	
27	26	264638f6abd82cac	4			yes					-1	-1	-1	-1	
28	26	6c4a0c74c9e2d2ed	4			yes					-1	-1	-1	-1	
29	26	efd9d674c6e5711b	4			yes					-1	-1	-1	-1	
30	26	8a3bea1f916105bd	3			yes					31	32	33	
31	30	f20d9db257361c22	4			yes					-1	-1	-1	-1	
32	30	c25cd8c3814f520e	4			yes					-1	-1	-1	-1	
33	30	699b4bfdf67892b1	4			yes					-1	-1	-1	-1	
34	25	2bd11154e1012794	4			yes					-1	35	-1	36	
35	34	5e4d9a3024c9c7cb	4			yes					-1	-1	-1	-1	
36	34	40b7904003ebba7a	3			yes					-1	37	-1	
37	36	f05b4e876c644728	4			yes					-1	-1	-1	-1	
38	25	332c21327ceffef4	4			yes					-1	-1	39	40	
39	38	2f8179f63a821d56	5			yes					-1	-1	-1	-1	-1	
40	38	584aa0269e05631a	3			yes					-1	-1	41	
41	40	da6cf895c56c9e51	5			yes					-1	-1	-1	-1	-1	
42	25	6e44c21a76ec417c	4			yes					-1	-1	-1	43	
43	42	0522430e9406dc92	3			yes					-1	-1	-1	
44	25	97e499779889004f	4			yes					-1	-1	-1	-1	
45	0	e6c2f128e54c15f2	5			yes					46	57	63	65	67	
46	45	fb1d8240eca41000	4			yes					47	51	52	53	
47	46	93999a29157f2f39	5			yes					-1	48	49	-1	50	
48	47	548161382c285d25	4			yes					-1	-1	-1	-1	
49	47	b4a811408ba1fadd	4			yes					-1	-1	-1	-1	
50	47	4c4a913ca1916357	4			yes					-1	-1	-1	-1	
51	46	b4be4c78b6703ef5	4			yes					-1	-1	-1	-1	
52	46	1660e33f95346455	4			yes					-1	-1	-1	-1	
53	46	907b03540e4e8dee	3			yes					54	55	56	
54	53	47d23f6de9911fb7	5			yes					-1	-1	-1	-1	-1	
55	53	1bf1a28199bfcb2b	4			yes					-1	-1	-1	-1	
56	53	90227eb6a5a987ff	4			yes					-1	-1	-1	-1	
57	45	664cca392b134dfd	4			yes					-1	58	59	60	
58	57	542c835b9045a51f	4			yes					-1	-1	-1	-1	
59	57	147473886eae083e	4			yes					-1	-1	-1	-1	
60	57	0d2a4b2dc9f9d013	3			yes					-1	61	62	
61	60	83a818d0286298d5	4			yes					-1	-1	-1	-1	
62	60	044ce786e553b422	4			yes					-1	-1	-1	-1	
63	45	64f1131429d21cce	4			yes					-1	-1	-1	64	
64	63	0f979200cb388120	3			yes					-1	-1	-1	
65	45	74042b51e9c3c92f	4			yes					-1	-1	-1	66	
66	65	1f62aa450b2954c1	3			yes					-1	-1	-1	
67	45	8da4703c07a6881c	4			yes					-1	-1	-1	-1	
68	0	9dc0d908c2efe10e	5			yes					69	78	86	88	90	
69	68	801faa60cb07e4fc	4			yes					70	74	-1	75	
70	69	e007a542014b92d5	5			yes					-1	71	72	-1	73	
71	70	b339d64f1127d384	4			yes					-1	-1	-1	-1	
72	70	208e995ca29ac990	4			yes					-1	-1	-1	-1	
73	70	3fd4ae57b5a5debb	4			yes					-1	-1	-1	-1	
74	69	0d3d9e39d2df2db8	4			yes					-1	-1	-1	-1	
75	69	eb792b7429ed7912	3			yes					76	77	-1	
76	75	344c0006fda5a25b	5			yes					-1	-1	-1	-1	-1	
77	75	0f625b3d59caec1e	4			yes					-1	-1	-1	-1	
78	68	1d4ee2190cb0b901	4			yes					-1	79	-1	83	
79	78	38c66d965fb36032	5			yes					80	-1	81	-1	82	
80	79	675c3b62143c08bd	4			yes					-1	-1	-1	-1	
81	79	f84f5188fc623b77	4			yes					-1	-1	-1	-1	
82	79	e7156683eb5d2c5c	4			yes					-1	-1	-1	-1	
83	78	7628630dee5a24ef	3			yes					-1	84	-1	
84	83	ec8dc8d2a35d50bc	5			yes					-1	-1	-1	-1	-1	
85	84	b3179e26e8d23833	4			no					-1	-1	-1	-2	
86	68	f5e374eb29c9b8df	4			yes					-1	-1	-1	87	
87	86	9e85f5ffcb232531	3			yes					-1	-1	-1	
88	68	9e14648ece7b99c2	4			yes					-1	-1	-1	89	
89	88	f273c10e863fee09	5			yes					-1	-1	-1	-1	-1	
90	68	f6a6581c20057ce0	4			yes					-1	-1	-1	-1	
91	0	250dfb619c1c3454	5			yes					92	97	103	108	122	
92	91	64dacc7341297227	4			yes					93	94	96	-1	
93	92	812b2f0ad64437ba	5			yes					-1	-1	-1	-1	-1	
94	92	0cf96190aa0f2bf6	3			yes					-1	95	-1	
95	94	6dee2b8ebd013a4f	5			yes					-1	-1	-1	-1	-1	
96	92	ab74f52247a51172	3			yes					-1	-1	-1	
97	91	cf7abc68c1ecf916	4			yes					98	101	102	-1	
98	97	d2a5cf00c804fce4	3			yes					-1	99	-1	
99	98	b91ef4968cc3317b	5			yes					-1	-1	-1	-1	100	
100	99	66cdff83382d7d15	4			yes					-1	-1	-1	-1	
101	97	59eae7de88bcc55d	5			yes					-1	-1	-1	-1	-1	
102	97	00d48539c7609a43	3			yes					-1	-1	-1	
103	91	d53a55235ec37145	4			yes					104	106	107	-1	
104	103	c8e5264b572b74b7	3			yes					105	-1	-1	
105	104	150da716ff7f04f7	5			yes					-1	-1	-1	-1	-1	
106	103	55b46e32909c294a	3			yes					-1	-1	-1	
107	103	ef21af07e6ac30ca	5			yes					-1	-1	-1	-1	-1	
108	91	043ffdec78ccfbec	5			yes					109	114	117	120	121	
109	108	19e08e847124fe1e	4			yes					110	111	-1	113	
110	109	6693987deb4bb91b	5			yes					-1	-1	-1	-1	-1	
111	109	a62853f9096ceaf0	5			yes					-1	-1	-1	-1	112	
112	111	79fb58ecbd82a69e	4			yes					-1	-1	-1	-1	
113	109	9b2187b65c8a6a14	5			yes					-1	-1	-1	-1	-1	
114	108	84b1c6fdb693a3e3	4			yes					-1	115	-1	116	
115	114	be5250a9b5b34bfc	5			yes					-1	-1	-1	-1	-1	
116	114	b6c9833cb154fddb	5			yes					-1	-1	-1	-1	-1	
117	108	6c1c500f93eaa23d	4			yes					-1	-1	-1	118	
118	117	f0368983252696e3	6			yes					-1	-1	-1	-1	-1	119	
119	118	e6ef6b168a21f586	5			yes					-1	-1	-1	-1	-1	
120	108	d8dfa993b9b74012	4			yes					-1	-1	-1	-1	
121	108	2992b1e5edeabfd2	4			yes					-1	-1	-1	-1	
122	91	46b35b8e0e334cda	5			yes					123	128	131	133	134	
123	122	5b6c28e607db4928	4			yes					124	125	126	127	
124	123	ed33dd7bc448be82	5			yes					-1	-1	-1	-1	-1	
125	123	6c663d63cffa75c8	5			yes					-1	-1	-1	-1	-1	
126	123	b4735d303aae1448	5			yes					-1	-1	-1	-1	-1	
127	123	2703afa323f5628b	3			yes					-1	-1	-1	
128	122	c63d609fc06c14d5	4			yes					-1	129	130	-1	
129	128	35f215af9ab04c65	5			yes					-1	-1	-1	-1	-1	
130	128	c1274d6aefc21350	5			yes					-1	-1	-1	-1	-1	
131	122	2e90f66de515150b	4			yes					-1	-1	132	-1	
132	131	83395d76f4a0b9f2	5			yes					-1	-1	-1	-1	-1	
133	122	891d62df08bf2f8f	4			yes					-1	-1	-1	-1	
134	122	3adcdccb2a1d6779	4			yes					-1	-1	-1	-1	
135	0	6bc70322a69bbd72	5			yes					136	148	158	169	-1	
136	135	e7a5756d0580cc44	5			yes					137	140	145	147	-1	
137	136	eeaad2cafce9a163	4			yes					138	139	-1	-1	
138	137	8899ab0733e714a1	4			yes					-1	-1	-1	-1	
139	137	849b8994c4182d77	4			yes					-1	-1	-1	-1	
140	136	8f86d88eeea69595	4			yes					-1	141	144	-1	
141	140	c3d7e5d586c57a3b	5			yes					142	143	-1	-1	-1	
142	141	1e8237a896e71831	4			yes					-1	-1	-1	-1	
143	141	780ce4aa2cd02550	4			yes					-1	-1	-1	-1	
144	140	d3e573f1ac34252f	4			yes					-1	-1	-1	-1	
145	136	280b4c3c030caf11	4			yes					-1	-1	146	-1	
146	145	7234ef719b82aee4	5			yes					-1	-1	-1	-1	-1	
147	136	7563af14090f1099	4			yes					-1	-1	-1	-1	
148	135	4c05057685454775	5			yes					149	153	155	157	-1	
149	148	51da761e8cad4287	4			yes					150	151	152	-1	
150	149	0eebcb927a1c4716	4			yes					-1	-1	-1	-1	
151	149	6e5dd70477cbcab6	4			yes					-1	-1	-1	-1	
152	149	3d54f5c0bef2db12	4			yes					-1	-1	-1	-1	
153	148	9b560c411e27fd40	4			yes					-1	154	-1	-1	
154	153	5c5a41409ae0df90	4			yes					-1	-1	-1	-1	
155	148	83ab3c2783c92420	4			yes					-1	-1	156	-1	
156	155	5ad8697ddceb1c15	5			yes					-1	-1	-1	-1	-1	
157	148	dec3df0f89ca9ba8	4			yes					-1	-1	-1	-1	
158	135	5645ec3d1a6acf26	5			yes					159	164	167	168	-1	
159	158	4b9a9f551382cad4	4			yes					160	162	163	-1	
160	159	bb34694dc4bb4483	5			yes					-1	161	-1	-1	-1	
161	160	7c2c925cfdec369f	4			yes					-1	-1	-1	-1	
162	159	4d1d732ab1a6d884	4			yes					-1	-1	-1	-1	
163	159	c4edc08bed23ce5c	4			yes					-1	-1	-1	-1	
164	158	d6cbd72cd4359729	4			yes					-1	165	166	-1	
165	164	ab0350964ef60a35	4			yes					-1	-1	-1	-1	
166	164	70ececfa4c8cf3e9	4			yes					-1	-1	-1	-1	
167	158	d4760e01d6f4c61a	4			yes					-1	-1	-1	-1	
168	158	c483364416e513fb	4			yes					-1	-1	-1	-1	
169	135	2d47c41d3dc93bda	5			yes					170	175	179	180	-1	
170	169	3098b77534213e28	4			yes					171	174	-1	-1	
171	170	c8aa5626d08ff96f	5			yes					-1	172	173	-1	-1	
172	171	9b94252bc0e3b83e	4			yes					-1	-1	-1	-1	
173	171	08236a38735ea22a	4			yes					-1	-1	-1	-1	
174	170	38c9291b47c580a0	4			yes					-1	-1	-1	-1	
175	169	adc9ff0cf39663d5	4			yes					-1	176	-1	-1	
176	175	106b9ef28e770b88	5			yes					177	-1	178	-1	-1	
177	176	4ff1c806c5f86307	4			yes					-1	-1	-1	-1	
178	176	d0e2a2ec2da650cd	4			yes					-1	-1	-1	-1	
179	169	456469fed6ef620b	4			yes					-1	-1	-1	-1	
180	169	2e93799b315d4316	4			yes					-1	-1	-1	-1	
