Number of nodes
476
ID	PID	Hash_Value			File_Number	Fully_Enumerated	Children
0	-1	d593ad0b4d2728e7	6			yes					1	150	279	363	432	475	
1	0	2d28c0c35464981e	5			yes					2	58	84	104	119	
2	1	c2079d7c8df0afd2	5			yes					3	12	33	46	57	
3	2	774bacaa7d2ff78b	4			yes					4	5	7	8	
4	3	fbdbd3b3ed995615	4			yes					-1	-1	-1	-1	
5	3	c0bf3513a74baf11	4			yes					-1	6	-1	-1	
6	5	d1c97b00c6c8fdcc	3			yes					-1	-1	-1	
7	3	05772867249a6003	4			yes					-1	-1	-1	-1	
8	3	db1734a21b8fa8ef	3			yes					9	10	11	
9	8	e91f98ad037a830b	4			yes					-1	-1	-1	-1	
10	8	b9e789c27e83f210	4			yes					-1	-1	-1	-1	
11	8	d9a248dd271d60b6	5			yes					-1	-1	-1	-1	-1	
12	2	90b76d4ad98d4b7c	4			yes					-1	13	20	26	
13	12	268c4c58c09a4f6f	5			yes					14	16	17	18	19	
14	13	4b8be67c5f3ce741	4			yes					15	-1	-1	-1	
15	14	65011e58293e7bcf	3			yes					-1	-1	-1	
16	13	0806b47cb698d3e1	4			yes					-1	-1	-1	-1	
17	13	030d8be9c9e29642	4			yes					-1	-1	-1	-1	
18	13	2f940518c573a6a7	4			yes					-1	-1	-1	-1	
19	13	6f14dcf1e5350445	4			yes					-1	-1	-1	-1	
20	12	5e6901dd3b4ee4c9	5			yes					21	22	23	24	25	
21	20	336eabf9a4e84ce7	4			yes					-1	-1	-1	-1	
22	20	70e3f9f94d4c7847	4			yes					-1	-1	-1	-1	
23	20	5f795e35a4c939e0	4			yes					-1	-1	-1	-1	
24	20	416501173ec3992a	4			yes					-1	-1	-1	-1	
25	20	5d910d2273ae946a	4			yes					-1	-1	-1	-1	
26	12	65780b9014e73cfd	5			yes					27	29	30	31	32	
27	26	087fa1b48b4194d3	4			yes					28	-1	-1	-1	
28	27	26f55990fd43085d	3			yes					-1	-1	-1	
29	26	4bf2f3b462e5a073	4			yes					-1	-1	-1	-1	
30	26	646854788b60e1d4	4			yes					-1	-1	-1	-1	
31	26	6cfef81a1c0de5ea	4			yes					-1	-1	-1	-1	
32	26	4b1bfe627ec9309e	4			yes					-1	-1	-1	-1	
33	2	6b1328e5d05af156	4			yes					-1	-1	34	40	
34	33	702b4652f231fca0	5			yes					35	36	37	38	39	
35	34	1d2cec766d97548e	4			yes					-1	-1	-1	-1	
36	34	5ea1be768433602e	4			yes					-1	-1	-1	-1	
37	34	c5ca688d97119c5d	4			yes					-1	-1	-1	-1	
38	34	03f1728a90ca46f4	4			yes					-1	-1	-1	-1	
39	34	85b64807ee7fee09	4			yes					-1	-1	-1	-1	
40	33	a574471758380b92	5			yes					41	43	44	-1	45	
41	40	c873ed33c79ea3bc	4			yes					42	-1	-1	-1	
42	41	e6f91517b19c3f32	3			yes					-1	-1	-1	
43	40	8bfebf332e3a971c	4			yes					-1	-1	-1	-1	
44	40	109569c83d186b6f	4			yes					-1	-1	-1	-1	
45	40	03de68d3ac0ac533	4			yes					-1	-1	-1	-1	
46	2	e2b4ec719fa8bd17	4			yes					-1	-1	-1	47	
47	46	c531860801a69934	6			yes					48	50	52	54	-1	56	
48	47	a8362c2c9e00311a	5			yes					-1	-1	-1	-1	49	
49	48	252aa9d90fe8af1c	4			yes					-1	-1	-1	-1	
50	47	ebbb7e2c77a405ba	5			yes					-1	-1	-1	-1	51	
51	50	66a7fbd9e64c9bbc	4			yes					-1	-1	-1	-1	
52	47	70d0a8d76486f9c9	5			yes					-1	-1	-1	-1	53	
53	52	fdcc2d22f56e67cf	4			yes					-1	-1	-1	-1	
54	47	79862e627e37056a	5			yes					-1	-1	-1	-1	55	
55	54	f49aab97efdf9b6c	4			yes					-1	-1	-1	-1	
56	47	482d03fd904e0732	5			yes					-1	-1	-1	-1	-1	
57	2	6e5b0574eb50f0b6	4			yes					-1	-1	-1	-1	
58	1	eac8cc36ade20861	4			yes					59	66	72	83	
59	58	6553ff7c8d158e31	3			yes					60	61	62	
60	59	ff6a742090916c12	4			yes					-1	-1	-1	-1	
61	59	1e782a1dc47d9e25	4			yes					-1	-1	-1	-1	
62	59	53da914475e6d3ec	5			yes					-1	63	64	-1	65	
63	62	59a3dd2df4827f17	4			yes					-1	-1	-1	-1	
64	62	ef6d392e0a774fb2	4			yes					-1	-1	-1	-1	
65	62	ba90b90114804d70	4			yes					-1	-1	-1	-1	
66	58	0374da4f540fcbf1	3			yes					-1	67	69	
67	66	c255a7f92b47084b	5			yes					-1	-1	-1	-1	68	
68	67	5217689dba974067	4			yes					-1	-1	-1	-1	
69	66	84744f310777f4d4	5			yes					70	71	-1	-1	-1	
70	69	e973e51598d15cfa	4			yes					-1	-1	-1	-1	
71	69	262edfb164dd50f0	4			yes					-1	-1	-1	-1	
72	58	ca7bbd3bbfba1aa4	3			yes					-1	-1	73	
73	72	6eacb97f9bac6b31	6			yes					74	76	78	80	-1	82	
74	73	03ab135b040ac31f	5			yes					-1	-1	-1	-1	75	
75	74	8eb796ae95e25d19	4			yes					-1	-1	-1	-1	
76	73	ccf629fff806cf15	5			yes					-1	-1	-1	-1	77	
77	76	41eaac0a69ee5113	4			yes					-1	-1	-1	-1	
78	73	fc00c073712ec163	5			yes					-1	-1	-1	-1	79	
79	78	711c4586e0c65f65	4			yes					-1	-1	-1	-1	
80	73	d21b1115e43df76f	5			yes					-1	-1	-1	-1	81	
81	80	5f0794e075d56969	4			yes					-1	-1	-1	-1	
82	73	e3b03c8a0a44f537	5			yes					-1	-1	-1	-1	-1	
83	58	4694543ecb425705	3			yes					-1	-1	-1	
84	1	48c91f88db02aa4a	4			yes					85	92	101	103	
85	84	c7522cc2fbf52c1a	3			yes					86	87	88	
86	85	d83657bdc2e8eec8	4			yes					-1	-1	-1	-1	
87	85	0ba328009164090d	4			yes					-1	-1	-1	-1	
88	85	87b349af35dbe733	5			yes					-1	89	90	-1	91	
89	88	96c507bc5458b5ee	4			yes					-1	-1	-1	-1	
90	88	f4623b54ea90b194	4			yes					-1	-1	-1	-1	
91	88	6ef961ea54bd79af	4			yes					-1	-1	-1	-1	
92	84	1a79efbe8f7f4ee4	3			yes					-1	93	95	
93	92	0eeafb0ec2237298	5			yes					-1	-1	-1	-1	94	
94	93	3b2e2c9459141435	4			yes					-1	-1	-1	-1	
95	92	6d1a6734007f06c0	5			yes					96	97	98	99	100	
96	95	001dcd109fd9aeee	4			yes					-1	-1	-1	-1	
97	95	cf40f7b463d5a2e4	4			yes					-1	-1	-1	-1	
98	95	10aa9195cb924dbd	4			yes					-1	-1	-1	-1	
99	95	f6495e31d250cae9	4			yes					-1	-1	-1	-1	
100	95	29bef500e5ce8b5e	4			yes					-1	-1	-1	-1	
101	84	71775b74122a3d9a	3			yes					-1	-1	102	
102	101	0f0f2908e874237b	5			yes					-1	-1	-1	-1	-1	
103	84	e4958780bda2f52e	3			yes					-1	-1	-1	
104	1	dfc7f5b47932e2d3	4			yes					105	109	116	118	
105	104	505cc6fe59c56483	3			yes					106	107	-1	
106	105	4fc279df8b3ed41a	5			yes					-1	-1	-1	-1	-1	
107	105	367dca999d6ee334	5			yes					-1	-1	-1	-1	-1	
108	107	d0e3be086f85af13	4			no					-1	-2	-2	-2	
109	104	8d7705822d4f067d	3			yes					-1	110	115	
110	109	ccf361b6a17ea53a	5			yes					111	112	-1	113	114	
111	110	a1f4cb923ed80d14	4			yes					-1	-1	-1	-1	
112	110	6ea9f136c2d4011e	4			yes					-1	-1	-1	-1	
113	110	886ce55e8a1e1b7f	4			yes					-1	-1	-1	-1	
114	110	ae4379fdde146b62	4			yes					-1	-1	-1	-1	
115	109	56c3d89a16d3a08b	5			yes					-1	-1	-1	-1	-1	
116	104	76d3402d2498bc57	3			yes					-1	-1	117	
117	116	2cb20d19e53f1166	5			yes					-1	-1	-1	-1	-1	
118	104	743f76e529203c7a	3			yes					-1	-1	-1	
119	1	37f7e38f542509a0	5			yes					120	127	141	148	149	
120	119	b86cd0c574d28ff0	4			yes					121	123	125	-1	
121	120	190cb4b93231ef16	5			yes					-1	-1	-1	-1	122	
122	121	c3488b940e62595b	4			yes					-1	-1	-1	-1	
123	120	3f4fc3f7eb813552	5			yes					-1	-1	-1	-1	124	
124	123	e50bfcdad7d2831f	4			yes					-1	-1	-1	-1	
125	120	19e4e4fe48684f78	5			yes					-1	-1	-1	-1	126	
126	125	c3a0dbd3743bf935	4			yes					-1	-1	-1	-1	
127	119	654713b90058ed0e	4			yes					-1	128	133	137	
128	127	f67825b996e44cbe	5			yes					129	130	-1	131	132	
129	128	9b7f8f9d0942e490	4			yes					-1	-1	-1	-1	
130	128	5422b539f54ee89a	4			yes					-1	-1	-1	-1	
131	128	ff606cf9930da576	4			yes					-1	-1	-1	-1	
132	128	e3c4b455f09d3cef	4			yes					-1	-1	-1	-1	
133	127	4b45a58ea35a4e18	5			yes					134	135	-1	-1	136	
134	133	26420faa3cfce636	4			yes					-1	-1	-1	-1	
135	133	e91f350ec0f0ea3c	4			yes					-1	-1	-1	-1	
136	133	d14165866606acc0	4			yes					-1	-1	-1	-1	
137	127	063cf7de6f05ca11	3			yes					-1	138	-1	
138	137	8f1e0d0953132ce8	5			yes					139	140	-1	-1	-1	
139	138	e219a72dccb584c6	4			yes					-1	-1	-1	-1	
140	138	2d449d8930b988cc	4			yes					-1	-1	-1	-1	
141	119	9ee35616098f5724	4			yes					-1	-1	142	147	
142	141	e7378483a45a42b4	5			yes					143	144	145	-1	146	
143	142	8a302ea73bfcea9a	4			yes					-1	-1	-1	-1	
144	142	456d1403c7f0e690	4			yes					-1	-1	-1	-1	
145	142	52d6aa5cc17a2249	4			yes					-1	-1	-1	-1	
146	142	096620a3fbd7d6a3	4			yes					-1	-1	-1	-1	
147	141	fd98b27166d2703b	3			yes					-1	-1	-1	
148	119	17449282467d1b65	4			yes					-1	-1	-1	-1	
149	119	548c07e83b782ebf	4			yes					-1	-1	-1	-1	
150	0	a0cda114362d126e	5			yes					-1	151	207	226	242	
151	150	f90045a224a80757	5			yes					152	173	185	195	206	
152	151	7d0bef5930c24740	4			yes					153	157	162	167	
153	152	b6f503a214fd9663	5			yes					-1	-1	154	155	156	
154	153	e285e0ab17c0a4f2	4			yes					-1	-1	-1	-1	
155	153	4122a2b9353414b4	4			yes					-1	-1	-1	-1	
156	153	9d2433548a5b408e	4			yes					-1	-1	-1	-1	
157	152	c233839b8d052b0b	5			yes					158	159	-1	160	161	
158	157	932809b060fc5cbb	4			yes					-1	-1	-1	-1	
159	157	d3d041947ac898e1	4			yes					-1	-1	-1	-1	
160	157	3210bbfbaac21dde	4			yes					-1	-1	-1	-1	
161	157	e9e2b36d13a3fde6	4			yes					-1	-1	-1	-1	
162	152	7e657d910faaf052	5			yes					163	164	165	-1	166	
163	162	2f7ef7bae25387e2	4			yes					-1	-1	-1	-1	
164	162	6f86bf9ef86743b8	4			yes					-1	-1	-1	-1	
165	162	883436a51b310e9b	4			yes					-1	-1	-1	-1	
166	162	7d9d716e474a80f1	4			yes					-1	-1	-1	-1	
167	152	b37a9257f1a181aa	5			yes					168	169	170	171	172	
168	167	e261187c1c58f61a	4			yes					-1	-1	-1	-1	
169	167	a2995058066c3240	4			yes					-1	-1	-1	-1	
170	167	452bd963e53a7f63	4			yes					-1	-1	-1	-1	
171	167	48555beb235d2c41	4			yes					-1	-1	-1	-1	
172	167	4d86caacdc539778	4			yes					-1	-1	-1	-1	
173	151	64f9dd647509c0ed	4			yes					-1	174	176	179	
174	173	074c9133b1362ae3	4			yes					175	-1	-1	-1	
175	174	459effb6b44cd306	3			yes					-1	-1	-1	
176	173	753bdd5d25943b92	4			yes					177	-1	178	-1	
177	176	37e9b3d820eec277	3			yes					-1	-1	-1	
178	176	c98c75375a05a7cc	3			yes					-1	-1	-1	
179	173	c8a5456c13a99f89	3			yes					180	182	183	
180	179	746e1b11eb3dde12	5			yes					-1	-1	181	-1	-1	
181	180	201ef818e800ec83	4			yes					-1	-1	-1	-1	
182	179	da242292d32f3fc0	4			yes					-1	-1	-1	-1	
183	179	a9eebde726133b27	5			yes					-1	-1	-1	-1	184	
184	183	24f23812b7fba521	4			yes					-1	-1	-1	-1	
185	151	951ddb383133ca0c	4			yes					-1	-1	186	191	
186	185	5d88c03ab5fa1248	5			yes					187	188	189	-1	190	
187	186	1f5aaebfb080ebad	4			yes					-1	-1	-1	-1	
188	186	7302381ec3f88ec6	4			yes					-1	-1	-1	-1	
189	186	35ec82653ba6b45e	4			yes					-1	-1	-1	-1	
190	186	a815ce6fa9b400e1	4			yes					-1	-1	-1	-1	
191	185	b360108bc454867e	5			yes					192	193	194	-1	-1	
192	191	f1b27e0ec12e7f9b	4			yes					-1	-1	-1	-1	
193	191	9deae8afb2561af0	4			yes					-1	-1	-1	-1	
194	191	db0452d44a082068	4			yes					-1	-1	-1	-1	
195	151	d9b334af36f01592	4			yes					-1	-1	-1	196	
196	195	cda9157a14d80250	6			yes					197	199	201	203	-1	205	
197	196	8f7b7bff11a2fbb5	5			yes					-1	-1	-1	-1	198	
198	197	0267fe0a804a65b3	4			yes					-1	-1	-1	-1	
199	196	e323ed5e62da9ede	5			yes					-1	-1	-1	-1	200	
200	199	6e3f68abf33200d8	4			yes					-1	-1	-1	-1	
201	196	5f056c76fe5aa802	5			yes					-1	-1	-1	-1	202	
202	201	d219e9836fb23604	4			yes					-1	-1	-1	-1	
203	196	711ebd106b499e0e	5			yes					-1	-1	-1	-1	204	
204	203	fc0238e5faa10008	4			yes					-1	-1	-1	-1	
205	196	40b5908f85309c56	5			yes					-1	-1	-1	-1	-1	
206	151	555cddaa42085833	4			yes					-1	-1	-1	-1	
207	150	b26a83ded5fd23c8	4			yes					208	217	223	225	
208	207	36612925c19763df	3			yes					209	210	211	
209	208	d85364a08e5d57b7	4			yes					-1	-1	-1	-1	
210	208	d851d52d71086bf7	4			yes					-1	-1	-1	-1	
211	208	f47debb305239b94	5			yes					212	213	214	215	216	
212	211	a5666198e8daec24	4			yes					-1	-1	-1	-1	
213	211	05b356c36fc79b0e	4			yes					-1	-1	-1	-1	
214	211	7f229c6ab083369d	4			yes					-1	-1	-1	-1	
215	211	6f2ed2b6d70c57bd	4			yes					-1	-1	-1	-1	
216	211	b0d97987e092160a	4			yes					-1	-1	-1	-1	
217	207	11e9760fbbe288a3	3			yes					-1	218	219	
218	217	28ec507a46cc4594	4			yes					-1	-1	-1	-1	
219	217	5e35bd5eb49cc300	5			yes					220	-1	221	-1	222	
220	219	1ce7d3dbb1e63ae5	4			yes					-1	-1	-1	-1	
221	219	9e0e2deda225998b	4			yes					-1	-1	-1	-1	
222	219	b77f951bd5fa5d9c	4			yes					-1	-1	-1	-1	
223	207	8bd4c7221cd5b418	3			yes					-1	-1	224	
224	223	ac0a850d67004a1a	5			yes					-1	-1	-1	-1	-1	
225	207	1e361bd6b35d7cac	3			yes					-1	-1	-1	
226	150	256469e277cd6b51	4			yes					227	236	239	241	
227	226	a16fc31963a72b46	3			yes					228	230	235	
228	227	cb3b1a0b03a94024	5			yes					-1	-1	-1	-1	-1	
229	228	2da56e9af1420c03	4			no					-1	-1	-2	-2	
230	227	70aad06739cc4daa	5			yes					231	232	-1	233	234	
231	230	21b15a4cd4353a1a	4			yes					-1	-1	-1	-1	
232	230	81646d1753284d30	4			yes					-1	-1	-1	-1	
233	230	9634a4f6cb27018d	4			yes					-1	-1	-1	-1	
234	230	5b7be091a76a9b47	4			yes					-1	-1	-1	-1	
235	227	d4aaee7a46b89d72	5			yes					-1	-1	-1	-1	-1	
236	226	86e79c3319d2c03a	3			yes					-1	237	-1	
237	236	db526a85501322ef	5			yes					-1	-1	-1	238	-1	
238	237	3dcc1e14a2f86ec8	4			yes					-1	-1	-1	-1	
239	226	8c70dc7b2a6735d5	3			yes					-1	-1	240	
240	239	8fb7a11c6a4b7807	5			yes					-1	-1	-1	-1	-1	
241	226	8e9ceab327dfb5f8	3			yes					-1	-1	-1	
242	150	cd547fd95ada8022	5			yes					243	261	270	277	278	
243	242	495fd5224eb0c035	4			yes					244	246	251	255	
244	243	3307a9c69aab9917	5			yes					-1	-1	-1	-1	245	
245	244	e94396eba6f82f5a	4			yes					-1	-1	-1	-1	
246	243	108d512431991472	5			yes					247	248	-1	249	250	
247	246	4196db0fdc6063c2	4			yes					-1	-1	-1	-1	
248	246	e143ec545b7d14e8	4			yes					-1	-1	-1	-1	
249	246	0df5c7f4fb7d0a54	4			yes					-1	-1	-1	-1	
250	246	aaaa06d03757eed4	4			yes					-1	-1	-1	-1	
251	243	2efa6790fe199558	5			yes					-1	252	-1	-1	254	
252	251	df34dae094fd95c2	4			yes					-1	-1	-1	-1	
253	251	42831544a8e093c6	4			no					-1	-2	-1	-2	
254	251	f4be58bdc24a2315	4			yes					-1	-1	-1	-1	
255	243	2a24314521ede72a	3			yes					256	257	259	
256	255	30ac39959f0689ee	4			yes					-1	-1	-1	-1	
257	255	43e02e9556317048	5			yes					-1	-1	-1	258	-1	
258	257	5e98b8459cd56e6e	4			yes					-1	-1	-1	-1	
259	255	039664a2dd399264	5			yes					-1	-1	-1	-1	260	
260	259	8e8ae1574cd10c62	4			yes					-1	-1	-1	-1	
261	242	6ed78a0834c52b49	4			yes					-1	262	266	268	
262	261	62544d502f81508c	5			yes					263	-1	-1	264	265	
263	262	208623d52afba969	4			yes					-1	-1	-1	-1	
264	262	09daf8de5552e276	4			yes					-1	-1	-1	-1	
265	262	d8731aa4294faa2a	4			yes					-1	-1	-1	-1	
266	261	8585c9a76858dcfd	5			yes					-1	-1	-1	-1	267	
267	266	5fc1f68a540b6ab0	4			yes					-1	-1	-1	-1	
268	261	0dac6e6f5b980c56	3			yes					-1	269	-1	
269	268	313932e1482934b6	5			yes					-1	-1	-1	-1	-1	
270	242	6440ca400770dea6	4			yes					-1	-1	271	276	
271	270	443228862b2e2bd5	5			yes					272	273	274	-1	275	
272	271	06e046032e54d230	4			yes					-1	-1	-1	-1	
273	271	6ab8d0a25d2cb75b	4			yes					-1	-1	-1	-1	
274	271	f1d306594e0e4b28	4			yes					-1	-1	-1	-1	
275	271	aa638ca674a3bfc2	4			yes					-1	-1	-1	-1	
276	270	073b2e27682df9b9	3			yes					-1	-1	-1	
277	242	ede70ed4488292e7	4			yes					-1	-1	-1	-1	
278	242	ae2f9bbe3587a73d	4			yes					-1	-1	-1	-1	
279	0	dc39ce15ba9bef68	5			yes					-1	-1	280	323	337	
280	279	3d93c00897e17cc9	5			yes					281	298	310	315	322	
281	280	b9986af3838b3cde	4			yes					282	288	289	294	
282	281	5bdde980bb7d6306	5			yes					283	284	285	286	287	
283	282	ffddf3a36a1dc102	4			yes					-1	-1	-1	-1	
284	282	0bd7f935b144a099	4			yes					-1	-1	-1	-1	
285	282	280c9b7b643635a1	4			yes					-1	-1	-1	-1	
286	282	ac0a489b9ab4e1d1	4			yes					-1	-1	-1	-1	
287	282	700cd97625dbb5eb	4			yes					-1	-1	-1	-1	
288	281	3d347cc0ea3fd1f1	4			yes					-1	-1	-1	-1	
289	281	7e2c82f08217bfd0	5			yes					-1	290	291	292	293	
290	289	231c95a59b0b9f9b	4			yes					-1	-1	-1	-1	
291	289	3f6b3809d37e5055	4			yes					-1	-1	-1	-1	
292	289	c98cbd504160f3cc	4			yes					-1	-1	-1	-1	
293	289	8bb18ca59e59ad79	4			yes					-1	-1	-1	-1	
294	281	e3e618346ab0a0d2	5			yes					-1	295	296	297	-1	
295	294	bed60f6173ac8099	4			yes					-1	-1	-1	-1	
296	294	a2a1a2cd3bd94f57	4			yes					-1	-1	-1	-1	
297	294	78b52131b89f6cfb	4			yes					-1	-1	-1	-1	
298	280	3c148115d5416a2f	4			yes					-1	299	300	305	
299	298	5d8144e283a66192	4			yes					-1	-1	-1	-1	
300	298	6c6a5d90a32d0704	5			yes					301	-1	302	303	304	
301	300	2eb83315a657fee1	4			yes					-1	-1	-1	-1	
302	300	2d2de769f244e881	4			yes					-1	-1	-1	-1	
303	300	dbca6230605a4b18	4			yes					-1	-1	-1	-1	
304	300	99f753c5bf6315ad	4			yes					-1	-1	-1	-1	
305	298	f1a0c7544b8a1806	5			yes					306	307	308	309	-1	
306	305	b372a9d14ef0e1e3	4			yes					-1	-1	-1	-1	
307	305	dc627f4d638d57d7	4			yes					-1	-1	-1	-1	
308	305	b0e77dad1ae3f783	4			yes					-1	-1	-1	-1	
309	305	6af3fe5199a5d42f	4			yes					-1	-1	-1	-1	
310	280	096302e322321b50	4			yes					-1	-1	311	312	
311	310	ed806358b19b5980	5			yes					-1	-1	-1	-1	-1	
312	310	a53f9aeb44924434	3			yes					313	314	-1	
313	312	7633ec5ba885e393	4			yes					-1	-1	-1	-1	
314	312	eccb6a57f8f3e8f7	5			yes					-1	-1	-1	-1	-1	
315	280	1d20b10585b96e0c	4			yes					-1	-1	-1	316	
316	315	8e1fa74fa1aaf003	6			yes					317	318	319	320	-1	321	
317	316	cccdc9caa4d009e6	5			yes					-1	-1	-1	-1	-1	
318	316	2c4537cfc2005427	5			yes					-1	-1	-1	-1	-1	
319	316	1cb3de434b285a51	5			yes					-1	-1	-1	-1	-1	
320	316	fdced5b47ee1a6a4	5			yes					-1	-1	-1	-1	-1	
321	316	030322ba30426e05	5			yes					-1	-1	-1	-1	-1	
322	280	91cf5800f14123ad	4			yes					-1	-1	-1	-1	
323	279	c7c87eceff354bc8	4			yes					324	332	335	336	
324	323	43c3d435eb5f0bdf	3			yes					325	330	331	
325	324	5b0f98d943257aa3	5			yes					-1	326	327	328	329	
326	325	0b05886c491cb93c	4			yes					-1	-1	-1	-1	
327	325	e7b830b33cb4e6fd	4			yes					-1	-1	-1	-1	
328	325	2a0dbab7dba2339d	4			yes					-1	-1	-1	-1	
329	325	39bf80923c4fb4fb	4			yes					-1	-1	-1	-1	
330	324	6c5b4a2ac6a03421	5			yes					-1	-1	-1	-1	-1	
331	324	c7b18daa21ec4600	5			yes					-1	-1	-1	-1	-1	
332	323	c64f3fd3bd955d2e	3			yes					-1	333	334	
333	332	2ed5ee145f2bc8d1	5			yes					-1	-1	-1	-1	-1	
334	332	d5f752ca00d6fed4	5			yes					-1	-1	-1	-1	-1	
335	323	2e7468b706d88858	3			yes					-1	-1	-1	
336	323	6c30fd9faf279561	3			yes					-1	-1	-1	
337	279	2ff868f5d222a0bb	5			yes					338	351	358	361	362	
338	337	abf3c20ec648e0ac	4			yes					339	344	346	349	
339	338	054d541383cf85b4	5			yes					-1	340	341	342	343	
340	339	554744a689f6462b	4			yes					-1	-1	-1	-1	
341	339	b9fafc79fc5e19ea	4			yes					-1	-1	-1	-1	
342	339	f29af508a2060763	4			yes					-1	-1	-1	-1	
343	339	bf6a03e785017f12	4			yes					-1	-1	-1	-1	
344	338	123297a157477723	5			yes					-1	-1	-1	-1	345	
345	344	c876a88c6b14c16e	4			yes					-1	-1	-1	-1	
346	338	da37f0be9465a893	5			yes					-1	347	-1	-1	348	
347	346	8707e7eb8d7988d8	4			yes					-1	-1	-1	-1	
348	346	403330b651394a4b	4			yes					-1	-1	-1	-1	
349	338	c8882669a915c7b3	3			yes					350	-1	-1	
350	349	56202ba2e467e18e	5			yes					-1	-1	-1	-1	-1	
351	337	2e7f29e89082b65d	4			yes					-1	352	354	357	
352	351	ec04dba64fa3d3f5	5			yes					-1	-1	-1	-1	353	
353	352	3640e48b73f065b8	4			yes					-1	-1	-1	-1	
354	351	c8712fdeb55f1047	5			yes					355	-1	-1	-1	356	
355	354	8aa3415bb025e9a2	4			yes					-1	-1	-1	-1	
356	354	5275efd67003f29f	4			yes					-1	-1	-1	-1	
357	351	4d04cd8fffdf9142	3			yes					-1	-1	-1	
358	337	c6447e8c2bcf632b	4			yes					-1	-1	359	-1	
359	358	b800e833cddc0f99	5			yes					-1	-1	-1	-1	360	
360	359	6244d71ef18fb9d4	4			yes					-1	-1	-1	-1	
361	337	0f4b19f8c07ab27e	4			yes					-1	-1	-1	-1	
362	337	4c838c92bd7f87a4	4			yes					-1	-1	-1	-1	
363	0	f1a4dadbc266464f	5			yes					-1	-1	-1	364	402	
364	363	316cab16808431d5	5			yes					365	378	391	399	401	
365	364	b56701ed94ee71c2	4			yes					366	371	375	376	
366	365	205af9a1b39f7e1d	5			yes					-1	367	368	369	370	
367	366	c46352fde9c673c5	4			yes					-1	-1	-1	-1	
368	366	538b8b5a6cd428ba	4			yes					-1	-1	-1	-1	
369	366	5158dbcf2b183723	4			yes					-1	-1	-1	-1	
370	366	42eae1eaccf5b045	4			yes					-1	-1	-1	-1	
371	365	b330d95da176127d	5			yes					-1	-1	372	373	374	
372	371	c457c68c72b00314	4			yes					-1	-1	-1	-1	
373	371	55aeadcc539d5e5a	4			yes					-1	-1	-1	-1	
374	371	98e1e9ab3fd0c490	4			yes					-1	-1	-1	-1	
375	365	9cd3ecfac580da68	4			yes					-1	-1	-1	-1	
376	365	ab9b94cf001ac3f8	5			yes					-1	-1	-1	377	-1	
377	376	da99b6a1989d8ac6	4			yes					-1	-1	-1	-1	
378	364	30ebea0bc2242733	4			yes					-1	379	384	385	
379	378	fd398db56601eb38	5			yes					380	-1	381	382	383	
380	379	bfebe330637b12dd	4			yes					-1	-1	-1	-1	
381	379	849782fbc061e896	4			yes					-1	-1	-1	-1	
382	379	8c3bafdbfe86a206	4			yes					-1	-1	-1	-1	
383	379	9f8995fe196b2560	4			yes					-1	-1	-1	-1	
384	378	b8426b3a2c5c551a	4			yes					-1	-1	-1	-1	
385	378	7277d276417610be	6			yes					386	-1	387	388	389	390	
386	385	30a5bcf3440ce95b	5			yes					-1	-1	-1	-1	-1	
387	385	5042b05ceb7b9f5d	5			yes					-1	-1	-1	-1	-1	
388	385	0510cda792b001d7	5			yes					-1	-1	-1	-1	-1	
389	385	cb7d76f46266ece5	5			yes					-1	-1	-1	-1	-1	
390	385	1803b8e48b090808	5			yes					-1	-1	-1	-1	-1	
391	364	63dc5b20d4f9d57b	4			yes					-1	-1	392	393	
392	391	357b1cd7bf16e855	5			yes					-1	-1	-1	-1	-1	
393	391	3921d9659794e338	6			yes					394	395	-1	396	397	398	
394	393	7bf3b7e092ee1add	5			yes					-1	-1	-1	-1	-1	
395	393	9b7b49e5f43e471c	5			yes					-1	-1	-1	-1	-1	
396	393	4e46c6b44452f251	5			yes					-1	-1	-1	-1	-1	
397	393	802b7de7b4841f63	5			yes					-1	-1	-1	-1	-1	
398	393	5355b3f75debfb8e	5			yes					-1	-1	-1	-1	-1	
399	364	745f24584fef35c2	4			yes					-1	-1	-1	400	
400	399	d73c1bd002b7b25f	3			yes					-1	-1	-1	
401	364	920f949ecddcb648	4			yes					-1	-1	-1	-1	
402	363	8df9bb4ba4c20290	5			yes					403	417	427	430	431	
403	402	09f211b0b0a84287	4			yes					404	409	412	414	
404	403	7e18356b7375810a	5			yes					-1	405	406	407	408	
405	404	9a219e37292c8cd2	4			yes					-1	-1	-1	-1	
406	404	0dc94790ac3ed7ad	4			yes					-1	-1	-1	-1	
407	404	89cf947052bc03dd	4			yes					-1	-1	-1	-1	
408	404	c43f629f75bb7bac	4			yes					-1	-1	-1	-1	
409	403	c7c5840ee39fdd5b	5			yes					-1	-1	-1	410	411	
410	409	480f84c3f081e3ba	4			yes					-1	-1	-1	-1	
411	409	1d81bb23dfcc6b16	4			yes					-1	-1	-1	-1	
412	403	7d2f36d6dd87eae1	5			yes					-1	-1	-1	-1	413	
413	412	a76b09fbe1d45cac	4			yes					-1	-1	-1	-1	
414	403	6a89f5d7dff56598	3			yes					415	416	-1	
415	414	2d754ada14dde530	5			yes					-1	-1	-1	-1	-1	
416	414	d6ef29da2963d869	4			yes					-1	-1	-1	-1	
417	402	8c7efa56e6621476	4			yes					-1	418	423	425	
418	417	a37b417fa6eb142f	5			yes					419	-1	420	421	422	
419	418	e1a92ffaa391edca	4			yes					-1	-1	-1	-1	
420	418	dad54e31008b1781	4			yes					-1	-1	-1	-1	
421	418	54ace064872296f8	4			yes					-1	-1	-1	-1	
422	418	195c168ba025ee89	4			yes					-1	-1	-1	-1	
423	417	02cc5b45823bb7b6	5			yes					-1	-1	-1	-1	424	
424	423	d8886468be6801fb	4			yes					-1	-1	-1	-1	
425	417	ef051e31893f3369	3			yes					-1	426	-1	
426	425	f0163ecec1437015	5			yes					-1	-1	-1	-1	-1	
427	402	df494b7df0bfe63e	4			yes					-1	-1	428	429	
428	427	dda37676920151e3	5			yes					-1	-1	-1	-1	-1	
429	427	bc32af1a9fe2c121	3			yes					-1	-1	-1	
430	402	b447ffb76dea9540	4			yes					-1	-1	-1	-1	
431	402	ee825f2ccb9f258f	4			yes					-1	-1	-1	-1	
432	0	1d40f062aa7e433e	5			yes					-1	-1	-1	-1	433	
433	432	67e73dee26a10da1	6			yes					434	450	461	469	472	474	
434	433	e3ec971532cb4db6	5			yes					435	440	445	447	449	
435	434	e26bd608706b5b50	4			yes					436	437	-1	438	
436	435	5acd7d099bc16c6f	5			yes					-1	-1	-1	-1	-1	
437	435	0d4daeee2400cd7c	5			yes					-1	-1	-1	-1	-1	
438	435	5a458ed1112df82b	6			yes					-1	-1	-1	-1	-1	439	
439	438	9f7f6e24b6151927	5			yes					-1	-1	-1	-1	-1	
440	434	b15c672366b6a918	4			yes					-1	441	-1	442	
441	440	7776fd6185fc0d4d	5			yes					-1	-1	-1	-1	-1	
442	440	85a3749e60b2f787	6			yes					-1	-1	443	-1	-1	444	
443	442	f7bf65e65d250ccb	5			yes					-1	-1	-1	-1	-1	
444	442	4099946bc78a168b	5			yes					-1	-1	-1	-1	-1	
445	434	4af8228c6f611332	4			yes					-1	-1	-1	446	
446	445	0b2f9597276f725f	5			yes					-1	-1	-1	-1	-1	
447	434	1e4a783fd18f2c74	4			yes					-1	-1	-1	448	
448	447	fa2304b24b77accc	3			yes					-1	-1	-1	
449	434	0785eb98a833cd0e	4			yes					-1	-1	-1	-1	
450	433	66607cf364011b47	5			yes					-1	451	456	458	460	
451	450	34d08cc5307cffe9	4			yes					-1	452	-1	453	
452	451	bf238916c743e49a	5			yes					-1	-1	-1	-1	-1	
453	451	ec2e3d46a51ce20f	6			yes					-1	-1	-1	-1	454	455	
454	453	fedd68197f268194	5			yes					-1	-1	-1	-1	-1	
455	453	2914ddb302240303	5			yes					-1	-1	-1	-1	-1	
456	450	cf74c96a39ab45c3	4			yes					-1	-1	-1	457	
457	456	1733fa2284e75fe3	5			yes					-1	-1	-1	-1	-1	
458	450	9bc693d987457a85	4			yes					-1	-1	-1	459	
459	458	7fafef541dbdfa3d	3			yes					-1	-1	-1	
460	450	8209007efef99bff	4			yes					-1	-1	-1	-1	
461	433	3557cdd872dce90f	5			yes					-1	-1	462	466	468	
462	461	9c4378412f76b78b	4			yes					-1	-1	-1	463	
463	462	565f08f639cab83e	6			yes					-1	-1	-1	-1	-1	465	
464	463	44ac5da9e3f0dba5	5			no					-1	-2	-1	-1	-2	
465	463	9365e8039ef25932	5			yes					-1	-1	-1	-1	-1	
466	461	c8f122f2919888cd	4			yes					-1	-1	-1	467	
467	466	2c985e7f0b600875	3			yes					-1	-1	-1	
468	461	d13eb155e82469b7	4			yes					-1	-1	-1	-1	
469	433	cef388777b0b5325	5			yes					-1	-1	-1	470	471	
470	469	3355675d984f32e7	4			yes					-1	-1	-1	-1	
471	469	2a9af4fae1f3d39d	4			yes					-1	-1	-1	-1	
472	433	9a41d2c4c5e56c63	5			yes					-1	-1	-1	-1	473	
473	472	7e28ae495f1decdb	4			yes					-1	-1	-1	-1	
474	433	838e4163bc598d19	5			yes					-1	-1	-1	-1	-1	
475	0	68ab2870fded488e	5			yes					-1	-1	-1	-1	-1	
