Number of nodes
173
ID	PID	Hash_Value			File_Number	Fully_Enumerated	Children
0	-1	d9c757f26614e515	6			yes					1	24	45	66	87	129	
1	0	ef96437dc169d541	5			yes					2	7	16	21	23	
2	1	3ed86d72e9331bff	4			yes					3	4	5	6	
3	2	381bd911270e9545	4			yes					-1	-1	-1	-1	
4	2	fe07ba8c7adfafbd	4			yes					-1	-1	-1	-1	
5	2	4e82b1d52d7f9c30	3			yes					-1	-1	-1	
6	2	7d129552c26060aa	4			yes					-1	-1	-1	-1	
7	1	daa89c65493c73cb	4			yes					-1	8	11	12	
8	7	e56114c2e7b43909	4			yes					9	10	-1	-1	
9	8	ea3ad6f7a11972f9	3			yes					-1	-1	-1	
10	8	87f0d1f576774559	3			yes					-1	-1	-1	
11	7	8662c969f0c52ec6	4			yes					-1	-1	-1	-1	
12	7	3621d3db16d7fa97	3			yes					-1	13	15	
13	12	3c765f92be9dfa1d	5			yes					-1	-1	-1	-1	14	
14	13	2e90895d5c2e119a	4			yes					-1	-1	-1	-1	
15	12	dbb66e74ebe1d93b	4			yes					-1	-1	-1	-1	
16	1	fb85d8ca692895c2	4			yes					-1	-1	17	19	
17	16	e31f0a0949011cdc	5			yes					-1	-1	-1	-1	18	
18	17	8ec9b01c91933a35	4			yes					-1	-1	-1	-1	
19	16	170c977436c31c9e	3			yes					-1	-1	20	
20	19	9be0f6f051813bdd	5			yes					-1	-1	-1	-1	-1	
21	1	1cea251e57a5a1eb	4			yes					-1	-1	-1	22	
22	21	f0636aa0084e28b7	3			yes					-1	-1	-1	
23	1	031f0cc39e825c1d	4			yes					-1	-1	-1	-1	
24	0	862fe52463f1165c	5			yes					25	33	37	42	44	
25	24	e9c0047fd598898d	4			yes					26	27	29	30	
26	25	7e67c78aae6a96ff	4			yes					-1	-1	-1	-1	
27	25	2658ce2ec1642aa6	4			yes					-1	28	-1	-1	
28	27	d7b46f3028f594ad	3			yes					-1	-1	-1	
29	25	51c5d7ae2430b5f5	4			yes					-1	-1	-1	-1	
30	25	05494bc18a7300d1	3			yes					-1	31	32	
31	30	e29f3edc524b02a0	4			yes					-1	-1	-1	-1	
32	30	0c1170b33f144208	4			yes					-1	-1	-1	-1	
33	24	64095331d70f22a4	4			yes					-1	34	35	36	
34	33	1296940a6a83d67e	4			yes					-1	-1	-1	-1	
35	33	11d63ea991669a5e	4			yes					-1	-1	-1	-1	
36	33	a7086afa2b1fa417	4			yes					-1	-1	-1	-1	
37	24	923c7e93cbb056df	4			yes					-1	-1	38	40	
38	37	85636bbf141fd710	5			yes					-1	-1	-1	-1	39	
39	38	e8b5d1aacc8df1f9	4			yes					-1	-1	-1	-1	
40	37	7eb5312d945bdf83	3			yes					-1	-1	41	
41	40	fd9c97460c9ff011	5			yes					-1	-1	-1	-1	-1	
42	24	75538347f53d62f6	4			yes					-1	-1	-1	43	
43	42	99daccf9aad6ebaa	3			yes					-1	-1	-1	
44	24	6aa6aa9a3c1a9f00	4			yes					-1	-1	-1	-1	
45	0	3e952a2576a73f06	5			yes					46	54	59	63	65	
46	45	517acb7ec0cea0d7	4			yes					47	49	50	51	
47	46	08231d6e90edbb92	4			yes					-1	-1	-1	48	
48	47	65f5a77b487f9d7b	3			yes					-1	-1	-1	
49	46	68ea2912c1d71987	3			yes					-1	-1	-1	
50	46	a8a94d1b7af9a76f	4			yes					-1	-1	-1	-1	
51	46	bdf384c09f25298b	3			yes					52	-1	53	
52	51	70dce197886d9c93	4			yes					-1	-1	-1	-1	
53	51	f57dea0661dd5092	4			yes					-1	-1	-1	-1	
54	45	a18b02181f11ad6e	4			yes					-1	55	56	57	
55	54	c0823681fff0d4b2	4			yes					-1	-1	-1	-1	
56	54	9775707cc01e936f	4			yes					-1	-1	-1	-1	
57	54	4d024da640fa2432	3			yes					-1	-1	58	
58	57	caa1d761db3a6492	4			yes					-1	-1	-1	-1	
59	45	ef04e0bb16f8f04f	4			yes					-1	-1	-1	61	
60	59	0a8ef4db9cf04101	4			yes					-1	-1	-1	-1	
61	59	f048ee858af25f5e	5			yes					-1	-1	-1	-1	62	
62	61	e2ae384a6841b4d9	4			yes					-1	-1	-1	-1	
63	45	cde94c46e06b4bac	4			yes					-1	-1	-1	64	
64	63	216003f8bf80c2f0	3			yes					-1	-1	-1	
65	45	d21c659b294cb65a	4			yes					-1	-1	-1	-1	
66	0	3ac67a850eaeecb5	5			yes					67	75	80	83	86	
67	66	55299bdeb8c77364	4			yes					68	70	-1	72	
68	67	4c11b7e5b1504026	4			yes					-1	69	-1	-1	
69	68	3b6715fa5b9690e1	3			yes					-1	-1	-1	
70	67	390d5d0b15098e29	4			yes					-1	-1	-1	71	
71	70	54dbe71ecd9ba8c0	3			yes					-1	-1	-1	
72	67	b9a0d460e72cfa38	3			yes					73	74	-1	
73	72	28b30683d72b7add	4			yes					-1	-1	-1	-1	
74	72	41f2a1f20d89a928	4			yes					-1	-1	-1	-1	
75	66	a5d852b867187edd	4			yes					-1	76	-1	78	
76	75	b3acbc279eca1e26	4			yes					77	-1	-1	-1	
77	76	70c9cf05ec08f095	3			yes					-1	-1	-1	
78	75	49511d0638f3f781	3			yes					-1	79	-1	
79	78	d70e0d41f8b124dd	4			yes					-1	-1	-1	-1	
80	66	0ff8a59d86fb4a3f	4			yes					-1	-1	81	82	
81	80	2cf4288f26bf091a	4			yes					-1	-1	-1	-1	
82	80	e371ea23d910c363	3			yes					-1	-1	-1	
83	66	294659c00861226f	4			yes					-1	-1	-1	-1	
84	83	d7db8a59b698cae9	4			no					-1	-2	-1	-2	
85	83	12bc76efd2b34d72	5			no					-1	-2	-2	-1	-2	
86	66	d64f353b514565e9	4			yes					-1	-1	-1	-1	
87	0	c5a8ad39e505ead3	5			yes					88	93	98	103	115	
88	87	f6469a726781174c	4			yes					89	90	92	-1	
89	88	aa7ea5b4292cf02e	4			yes					-1	-1	-1	-1	
90	88	c378456aefd4b1c6	3			yes					-1	91	-1	
91	90	b28e5dab5e841019	4			yes					-1	-1	-1	-1	
92	88	e25501c5cfc057cf	3			yes					-1	-1	-1	
93	87	9fff3c2bc519d451	4			yes					94	96	97	-1	
94	93	f010dd7073704b80	3			yes					-1	95	-1	
95	94	f65506e2304d1486	4			yes					-1	-1	-1	-1	
96	93	52d8675cf102f5a3	4			yes					-1	-1	-1	-1	
97	93	8beca79c6d5894d2	3			yes					-1	-1	-1	
98	87	2745f32ad04ffd0b	4			yes					99	101	102	-1	
99	98	48aa1271662662da	3			yes					100	-1	-1	
100	99	8b9f2e0ced355239	4			yes					-1	-1	-1	-1	
101	98	b85bdb17b9f96f63	3			yes					-1	-1	-1	
102	98	7eb0ecbc6aebb55a	4			yes					-1	-1	-1	-1	
103	87	89b8fb326b9f52bf	5			yes					104	108	111	113	114	
104	103	e6571a69ddf6cd6e	4			yes					105	106	-1	107	
105	104	a1c86792a2c82a4a	4			yes					-1	-1	-1	-1	
106	104	bab16e6968d16782	4			yes					-1	-1	-1	-1	
107	104	4342aac1c0924f9e	5			yes					-1	-1	-1	-1	-1	
108	103	16a6d30f0229c0d7	4			yes					-1	109	-1	110	
109	108	5e756c508d52744a	4			yes					-1	-1	-1	-1	
110	108	d6c3ab02ff5ec285	5			yes					-1	-1	-1	-1	-1	
111	103	bc86242ae3caf435	4			yes					-1	-1	-1	112	
112	111	76fbb2b1525be02b	5			yes					-1	-1	-1	-1	-1	
113	103	d73c2ae5dce3ea98	4			yes					-1	-1	-1	-1	
114	103	9b4bc7a9e0f61314	4			yes					-1	-1	-1	-1	
115	87	be4c2f7a44b52dc3	5			yes					116	120	124	127	128	
116	115	d1a3ce21f2dcb212	4			yes					117	118	119	-1	
117	116	8264e6a9d718541a	4			yes					-1	-1	-1	-1	
118	116	1999821fb924d3e5	4			yes					-1	-1	-1	-1	
119	116	3cbe92b4499fa42e	4			yes					-1	-1	-1	-1	
120	115	215207472d03bfab	4			yes					-1	121	123	-1	
121	120	6b68062cc0c2d145	5			yes					-1	-1	-1	-1	122	
122	121	a7ceaea39e3ff5c4	4			yes					-1	-1	-1	-1	
123	120	e018838d3cd3132f	4			yes					-1	-1	-1	-1	
124	115	8b72f062cce08b49	4			yes					-1	-1	125	-1	
125	124	47008dcc5b2b91bc	5			yes					-1	-1	-1	-1	126	
126	125	8ba6254305d6b53d	4			yes					-1	-1	-1	-1	
127	115	aa5fb4cdecf46d40	4			yes					-1	-1	-1	-1	
128	115	d1dc8dc9ffcbebb0	4			yes					-1	-1	-1	-1	
129	0	ce07b565703f889c	5			yes					130	142	153	165	-1	
130	129	27347862003a1d33	5			yes					131	134	139	141	-1	
131	130	f67a566d2860d38d	4			yes					132	133	-1	-1	
132	131	14365393d094452b	4			yes					-1	-1	-1	-1	
133	131	d22a300e8d457fd3	4			yes					-1	-1	-1	-1	
134	130	120aa77a886fbbb9	4			yes					-1	135	137	-1	
135	134	1595171cabe3eb88	5			yes					-1	-1	-1	-1	136	
136	135	d933bf93f51ecf09	4			yes					-1	-1	-1	-1	
137	134	362820ab9195a5e1	5			yes					-1	-1	-1	-1	138	
138	137	fa8e8824cf688160	4			yes					-1	-1	-1	-1	
139	130	3327e3d5a87b5db0	4			yes					-1	-1	140	-1	
140	139	cf32808bbe9bccb2	5			yes					-1	-1	-1	-1	-1	
141	130	d4481e0196f66999	4			yes					-1	-1	-1	-1	
142	129	4e8dde3ba2a2de2e	5			yes					143	148	150	152	-1	
143	142	21623f6014cb41ff	4			yes					144	145	146	-1	
144	143	524a4d0859f04691	4			yes					-1	-1	-1	-1	
145	143	43b7c5b0b8eca301	4			yes					-1	-1	-1	-1	
146	143	e18f3e6c45603ed2	5			yes					-1	-1	-1	-1	147	
147	146	2d2996e31b9d1a53	4			yes					-1	-1	-1	-1	
148	142	acab682e165cead6	4			yes					-1	149	-1	-1	
149	148	3ebb1e889d190610	4			yes					-1	-1	-1	-1	
150	142	5a9e458c0ae39ead	4			yes					-1	-1	151	-1	
151	150	a94ee13de385077e	5			yes					-1	-1	-1	-1	-1	
152	142	bdf1b858346eaa84	4			yes					-1	-1	-1	-1	
153	129	f637113ab7f4f774	5			yes					154	159	163	164	-1	
154	153	99d8f061019d68a5	4			yes					155	156	157	-1	
155	154	240e97ec67776bfc	4			yes					-1	-1	-1	-1	
156	154	981e2acc8d80cb06	4			yes					-1	-1	-1	-1	
157	154	18e3a4d91ba92c48	5			yes					-1	-1	-1	-1	158	
158	157	d4450c56455408c9	4			yes					-1	-1	-1	-1	
159	153	69293907de42651c	4			yes					-1	160	161	-1	
160	159	ecafbc03086a04dc	4			yes					-1	-1	-1	-1	
161	159	273f99bea14e1848	5			yes					-1	-1	-1	-1	162	
162	161	eb993131ffb33cc9	4			yes					-1	-1	-1	-1	
163	153	27a6dba4d7ab383d	4			yes					-1	-1	-1	-1	
164	153	054b7759213883de	4			yes					-1	-1	-1	-1	
165	129	f264419acffd24c7	5			yes					166	169	171	172	-1	
166	165	9d8ba0c17994bb16	4			yes					167	168	-1	-1	
167	166	824463fe8cbfa45c	4			yes					-1	-1	-1	-1	
168	166	1520d789e2935e47	4			yes					-1	-1	-1	-1	
169	165	6d7a69a7a64bb6af	4			yes					-1	170	-1	-1	
170	169	7df9683ca325fa5c	4			yes					-1	-1	-1	-1	
171	165	c75a9e8247a8824d	4			yes					-1	-1	-1	-1	
172	165	e1e462dfc932ea1d	4			yes					-1	-1	-1	-1	
