Number of nodes
528
ID	PID	Hash_Value			File_Number	Fully_Enumerated	Children
0	-1	de75201e74367f6c	6			yes					1	181	298	395	446	527	
1	0	699fb37ebd03c82e	5			yes					2	102	118	142	156	
2	1	402565686141538e	5			yes					3	17	59	88	101	
3	2	5508f9ccf23d07ee	4			yes					4	10	14	16	
4	3	e5b7df264e276aaf	3			yes					5	7	9	
5	4	e2332f77d160d9ba	5			yes					-1	-1	-1	-1	6	
6	5	99ba5f5a0f8bd50c	4			yes					-1	-1	-1	-1	
7	4	2f83a75d33b01fc2	5			yes					-1	-1	-1	-1	8	
8	7	0a30b731dfb4527a	4			yes					-1	-1	-1	-1	
9	4	0107513ffa1a5c44	5			yes					-1	-1	-1	-1	-1	
10	3	6436e602fb01260a	3			yes					-1	11	13	
11	10	aee3ebd097914564	5			yes					-1	-1	-1	-1	12	
12	11	90fa557fa79f8a35	4			yes					-1	-1	-1	-1	
13	10	b5a3db1bf94300f5	5			yes					-1	-1	-1	-1	-1	
14	3	4e4fdb137828b485	3			yes					-1	-1	15	
15	14	97566fc0a1613ad9	5			yes					-1	-1	-1	-1	-1	
16	3	9ac61bfb3f33ffce	3			yes					-1	-1	-1	
17	2	f09a4382dd5b3ecf	4			yes					-1	18	33	46	
18	17	2f1759cf7c3fc63d	6			yes					19	23	26	28	30	32	
19	18	e3d620ce929fa863	5			yes					20	-1	21	-1	22	
20	19	69043a7fbeb251c1	4			yes					-1	-1	-1	-1	
21	19	44054c8c4dbf2024	4			yes					-1	-1	-1	-1	
22	19	985f50e34c74a4d5	4			yes					-1	-1	-1	-1	
23	18	a5c5437e50123f9f	5			yes					-1	-1	24	-1	25	
24	23	02162f3c8f32b7d8	4			yes					-1	-1	-1	-1	
25	23	de4c33538ef93329	4			yes					-1	-1	-1	-1	
26	18	269b27ed7799ecf3	5			yes					-1	-1	-1	-1	27	
27	26	5d1257c0a972e045	4			yes					-1	-1	-1	-1	
28	18	88c4358da31f4e7a	5			yes					-1	-1	-1	-1	29	
29	28	f34d45a07df442cc	4			yes					-1	-1	-1	-1	
30	18	93c501fdc8e039c3	5			yes					-1	-1	-1	-1	31	
31	30	e84c71d0160b3575	4			yes					-1	-1	-1	-1	
32	18	549e29e2a2d4ca8b	5			yes					-1	-1	-1	-1	-1	
33	17	e2a7d1e59eef0045	6			yes					34	38	41	42	44	45	
34	33	2e66a8e4704f6e1b	5			yes					35	-1	36	-1	37	
35	34	a4b4b2555c6297b9	4			yes					-1	-1	-1	-1	
36	34	4ffddf659add7e26	4			yes					-1	-1	-1	-1	
37	34	0bd5b8889c4b23a3	4			yes					-1	-1	-1	-1	
38	33	6875cb54b2c2f9e7	5			yes					-1	-1	39	-1	40	
39	38	09eebcd55850e9da	4			yes					-1	-1	-1	-1	
40	38	4dc6db385ec6b45f	4			yes					-1	-1	-1	-1	
41	33	ef85b24934f0a818	5			yes					-1	-1	-1	-1	-1	
42	33	833ca664747d1078	5			yes					-1	-1	-1	-1	43	
43	42	a68fb60898795dc0	4			yes					-1	-1	-1	-1	
44	33	2aaa779d82002f9c	4			yes					-1	-1	-1	-1	
45	33	c714c18972eb4dfd	5			yes					-1	-1	-1	-1	-1	
46	17	cc232787574543c3	6			yes					47	51	54	55	56	58	
47	46	00e25e86b9e52d9d	5			yes					48	-1	-1	49	50	
48	47	8a30443795c8d43f	4			yes					-1	-1	-1	-1	
49	47	6b1c165a4ef4c468	4			yes					-1	-1	-1	-1	
50	47	6213df4ce420938a	4			yes					-1	-1	-1	-1	
51	46	46f13d367b68ba61	5			yes					-1	-1	-1	52	53	
52	51	2d0f75ea8c795394	4			yes					-1	-1	-1	-1	
53	51	2400bcfc26ad0476	4			yes					-1	-1	-1	-1	
54	46	c101442bfd5aeb9e	5			yes					-1	-1	-1	-1	-1	
55	46	423ec90ac2466843	5			yes					-1	-1	-1	-1	-1	
56	46	a7dd6f5ba054aa36	5			yes					-1	-1	-1	-1	57	
57	56	c52cee91fd911421	4			yes					-1	-1	-1	-1	
58	46	aed2a64d0a80fdd4	5			yes					-1	-1	-1	-1	-1	
59	2	711b7aa6687d726a	4			yes					-1	-1	60	72	
60	59	63c79d683ace5ae3	6			yes					61	65	68	-1	70	71	
61	60	af06e469d46e34bd	5			yes					62	63	-1	-1	64	
62	61	25d4fed8f843cd1f	4			yes					-1	-1	-1	-1	
63	61	48efda8799fcd0be	4			yes					-1	-1	-1	-1	
64	61	911f5ac6e460fbec	4			yes					-1	-1	-1	-1	
65	60	e91587d916e3a341	5			yes					-1	66	-1	-1	67	
66	65	0efcb9375b714742	4			yes					-1	-1	-1	-1	
67	65	d70c397626ed6c10	4			yes					-1	-1	-1	-1	
68	60	842ea386775cbee0	5			yes					-1	-1	-1	-1	69	
69	68	ba371d29475271b1	4			yes					-1	-1	-1	-1	
70	60	5a9a639abb4ea478	4			yes					-1	-1	-1	-1	
71	60	5dde23c70ac095b2	5			yes					-1	-1	-1	-1	-1	
72	59	7887ada3541c1f72	6			yes					73	78	82	-1	85	87	
73	72	b446d4a2babc712c	5			yes					74	75	-1	76	77	
74	73	3e94ce139691888e	4			yes					-1	-1	-1	-1	
75	73	53afea4cf72e952f	4			yes					-1	-1	-1	-1	
76	73	b1f9ae2daa82d36c	4			yes					-1	-1	-1	-1	
77	73	d6b75568e779cf3b	4			yes					-1	-1	-1	-1	
78	72	f255b7127831e6d0	5			yes					-1	79	-1	80	81	
79	78	15bc89fc35a302d3	4			yes					-1	-1	-1	-1	
80	78	f7eacd9d680f4490	4			yes					-1	-1	-1	-1	
81	78	90a436d825f458c7	4			yes					-1	-1	-1	-1	
82	72	9f6e934d198efb71	5			yes					-1	-1	-1	83	84	
83	82	9ad1e9c209b05931	4			yes					-1	-1	-1	-1	
84	82	fd9f1287444b4566	4			yes					-1	-1	-1	-1	
85	72	7d38d72c4422bd32	5			yes					-1	-1	-1	-1	86	
86	85	1fc956e619e70325	4			yes					-1	-1	-1	-1	
87	72	1a762c6909d9a165	5			yes					-1	-1	-1	-1	-1	
88	2	5b6247b7eb54e0e5	4			yes					-1	-1	-1	89	
89	88	94aca580265a18c5	3			yes					-1	90	98	
90	89	464706c0fd0ffbd6	6			yes					91	93	-1	95	-1	97	
91	90	8a867fc113af9588	5			yes					-1	-1	-1	-1	92	
92	91	ea96a56d87429e6c	4			yes					-1	-1	-1	-1	
93	90	cc951c71d1220274	5			yes					-1	-1	-1	-1	94	
94	93	ac85c6dd45cf0990	4			yes					-1	-1	-1	-1	
95	90	27dc7141179debeb	5			yes					-1	-1	-1	-1	96	
96	95	47ccabed8370e00f	4			yes					-1	-1	-1	-1	
97	90	2657dc6c69e2f032	5			yes					-1	-1	-1	-1	-1	
98	89	9e1f371742f07ae2	5			yes					99	100	-1	-1	-1	
99	98	52de4e16ac5014bc	4			yes					-1	-1	-1	-1	
100	98	14cd2da66edd8340	4			yes					-1	-1	-1	-1	
101	2	8feb875fac4fabae	4			yes					-1	-1	-1	-1	
102	1	d0b88aefc65ed115	4			yes					103	109	114	117	
103	102	951e0004ce9e0c86	3			yes					104	105	106	
104	103	7481a85d23dec0c3	4			yes					-1	-1	-1	-1	
105	103	31c91971c97c1752	5			yes					-1	-1	-1	-1	-1	
106	103	d6c39341dd5702f0	5			yes					-1	107	-1	-1	-1	
107	106	e6325250c2dcad48	4			yes					-1	-1	-1	-1	
108	106	9f878ef5b58410cf	4			no					-1	-2	-2	-2	
109	102	f4ad83030d42bbec	3			yes					-1	110	111	
110	109	37fb15ccf0ac81e3	5			yes					-1	-1	-1	-1	-1	
111	109	1afbf8604a393cd6	5			yes					112	113	-1	-1	-1	
112	111	d63a8161a4995288	4			yes					-1	-1	-1	-1	
113	111	6638430898b5ebc5	4			yes					-1	-1	-1	-1	
114	102	ae7d61300ed24f4a	3			yes					-1	115	116	
115	114	9eb766c84f1af16a	5			yes					-1	-1	-1	-1	-1	
116	114	61b38307c3dcb76a	2			yes					-1	-1	
117	102	1f7668d80b502935	3			yes					-1	-1	-1	
118	1	62cb868e5bc04d1e	4			yes					119	125	139	141	
119	118	276d0c655300908d	3			yes					120	122	123	
120	119	418745d5198a90c5	5			yes					-1	-1	-1	-1	121	
121	120	ca8c8ceffb71ded2	4			yes					-1	-1	-1	-1	
122	119	3548bcabcdea1cbd	5			yes					-1	-1	-1	-1	-1	
123	119	1429098c13114918	5			yes					-1	124	-1	-1	-1	
124	123	f3c037625e83ad1b	4			yes					-1	-1	-1	-1	
125	118	d274a064e7da205f	3			yes					-1	126	130	
126	125	a0febf121e807cfa	5			yes					127	128	-1	-1	129	
127	126	6c3fc613f02012a4	4			yes					-1	-1	-1	-1	
128	126	dc3d047acc0cabe9	4			yes					-1	-1	-1	-1	
129	126	fcb17cae3498e649	4			yes					-1	-1	-1	-1	
130	125	54ac7754bbcd83da	6			yes					131	133	135	136	137	138	
131	130	986d0e55556ded84	5			yes					-1	-1	-1	-1	132	
132	131	64dafb17e30e760c	4			yes					-1	-1	-1	-1	
133	130	286fcc3c694154c9	5			yes					-1	-1	-1	-1	134	
134	133	d4d8397edf22cf41	4			yes					-1	-1	-1	-1	
135	130	d39235d62c49513e	5			yes					-1	-1	-1	-1	-1	
136	130	0668208c93e53882	5			yes					-1	-1	-1	-1	-1	
137	130	994f227135e34b79	5			yes					-1	-1	-1	-1	-1	
138	130	a81b82160dae1852	5			yes					-1	-1	-1	-1	-1	
139	118	3ad74e3679d448f2	3			yes					-1	-1	140	
140	139	d6c4059b0fdaab6b	5			yes					-1	-1	-1	-1	-1	
141	118	ad0564b996ceb53e	3			yes					-1	-1	-1	
142	1	6c80c715a16245b7	4			yes					143	148	153	155	
143	142	29264dfea9a29824	3			yes					144	146	-1	
144	143	08313ae8514fd924	5			yes					-1	-1	-1	145	-1	
145	144	7e30d53865f1aec0	4			yes					-1	-1	-1	-1	
146	143	d7e6ab1022ab3fe2	5			yes					-1	-1	-1	147	-1	
147	146	a1e744c016154806	4			yes					-1	-1	-1	-1	
148	142	dc3fe1ff1d7828f6	3			yes					-1	149	151	
149	148	ed01fe3114440912	2			yes					150	-1	
150	149	9eb00b1f95105d7f	5			yes					-1	-1	-1	-1	-1	
151	148	2e80d213461f90ce	6			yes					-1	-1	-1	-1	-1	152	
152	151	07c265da63dab570	5			yes					-1	-1	-1	-1	-1	
153	142	5dbed8dba85e6453	3			yes					-1	-1	154	
154	153	680e96cebc515453	5			yes					-1	-1	-1	-1	-1	
155	142	c427b3cfbde69136	3			yes					-1	-1	-1	
156	1	da465599370b1afc	5			yes					157	163	175	179	180	
157	156	9fe0df723fcbc76f	4			yes					158	160	162	-1	
158	157	3364612e02ec5b75	5			yes					-1	-1	-1	-1	159	
159	158	1d7964e8aa443684	4			yes					-1	-1	-1	-1	
160	157	c4f4d1f8235cbc74	5			yes					-1	-1	-1	-1	161	
161	160	eae9d43e8bf4d185	4			yes					-1	-1	-1	-1	
162	157	218d9f6d621e1fa7	5			yes					-1	-1	-1	-1	-1	
163	156	6af973738b1177bd	4			yes					-1	164	170	174	
164	163	5bc76cbd822d5659	3			yes					165	167	169	
165	164	d5b8241a8fe470f7	5			yes					-1	-1	-1	-1	166	
166	165	fa254af08364577a	4			yes					-1	-1	-1	-1	
167	164	8626e393b0ec87db	5			yes					-1	-1	-1	-1	168	
168	167	a83be6551844ea2a	4			yes					-1	-1	-1	-1	
169	164	cd8b57188378d33f	5			yes					-1	-1	-1	-1	-1	
170	163	71be51ac0104c4d6	3			yes					171	-1	172	
171	170	0b1d7c3a43faec95	5			yes					-1	-1	-1	-1	-1	
172	170	b056a71903aed567	6			yes					-1	-1	-1	-1	-1	173	
173	172	d0467db59743de83	5			yes					-1	-1	-1	-1	-1	
174	163	6fdfb7fa8be94f1c	3			yes					-1	-1	-1	
175	156	eb784a573e373b18	4			yes					-1	-1	176	178	
176	175	f03f6888b4228873	3			yes					177	-1	-1	
177	176	44ad9cf117a35da4	5			yes					-1	-1	-1	-1	-1	
178	175	ee5e8ede3ecf03b9	3			yes					-1	-1	-1	
179	156	c1017746bd1ea997	4			yes					-1	-1	-1	-1	
180	156	df60911037f3225d	4			yes					-1	-1	-1	-1	
181	0	7d0f2971753dca65	5			yes					-1	182	242	262	275	
182	181	e45c9caa5df85625	5			yes					183	208	217	236	241	
183	182	59788504629f1edf	4			yes					-1	184	193	200	
184	183	a488f61c8f4a68f7	6			yes					185	186	188	190	191	192	
185	184	5b44fde1bbb751af	5			yes					-1	-1	-1	-1	-1	
186	184	86eba664c1f39946	5			yes					-1	-1	-1	-1	187	
187	186	fd62d6491f1895f0	4			yes					-1	-1	-1	-1	
188	184	bd271fd8cf50b3e6	5			yes					-1	-1	-1	-1	189	
189	188	c6ae6ff511bbbf50	4			yes					-1	-1	-1	-1	
190	184	035b9a5e506ae0b0	5			yes					-1	-1	-1	-1	-1	
191	184	185aae2e3b959709	5			yes					-1	-1	-1	-1	-1	
192	184	df01863151a16441	5			yes					-1	-1	-1	-1	-1	
193	183	07bb52794eb9b3c6	6			yes					194	195	197	198	-1	199	
194	193	f87759847a448a9e	5			yes					-1	-1	-1	-1	-1	
195	193	25d8020100004277	5			yes					-1	-1	-1	-1	196	
196	195	1bc1bcae300e8d26	4			yes					-1	-1	-1	-1	
197	193	8e18d9c13f173c80	5			yes					-1	-1	-1	-1	-1	
198	193	6d512ecf8a6ab934	5			yes					-1	-1	-1	-1	-1	
199	193	39a2ecd67eb77c97	5			yes					-1	-1	-1	-1	-1	
200	183	e2a6ed9e411b1afe	6			yes					201	202	204	205	206	207	
201	200	1d6ae66375e623a6	5			yes					-1	-1	-1	-1	-1	
202	200	c0c5bde60fa2eb4f	5			yes					-1	-1	-1	-1	203	
203	202	3c7248a4b9c170c7	4			yes					-1	-1	-1	-1	
204	200	6b05662630b595b8	5			yes					-1	-1	-1	-1	-1	
205	200	93c6e83263fbe40a	5			yes					-1	-1	-1	-1	-1	
206	200	d9db20d39f6922d3	5			yes					-1	-1	-1	-1	-1	
207	200	1e1118dcf7788176	5			yes					-1	-1	-1	-1	-1	
208	182	5893c68871402255	4			yes					-1	209	213	215	
209	208	69add946787c03b1	3			yes					210	211	212	
210	209	63b5be271ddc7f1d	5			yes					-1	-1	-1	-1	-1	
211	209	312b23558784b310	5			yes					-1	-1	-1	-1	-1	
212	209	9e65b32128b8e643	5			yes					-1	-1	-1	-1	-1	
213	208	43d4e457fb55913e	3			yes					214	-1	-1	
214	213	e3db555139d8d3c6	5			yes					-1	-1	-1	-1	-1	
215	208	975d24bfbc4eda75	3			yes					216	-1	-1	
216	215	30df8730545344eb	5			yes					-1	-1	-1	-1	-1	
217	182	d562836454c477c1	4			yes					-1	-1	218	227	
218	217	92b55756452797a7	6			yes					219	221	223	225	-1	226	
219	218	cfbe8d75f68bcd30	5			yes					-1	-1	-1	-1	220	
220	219	f1a733dac6850261	4			yes					-1	-1	-1	-1	
221	218	18674de7690a6e05	5			yes					-1	-1	-1	-1	222	
222	221	267ef3485904a154	4			yes					-1	-1	-1	-1	
223	218	a24496475aac381f	5			yes					-1	-1	-1	-1	224	
224	223	9c5d28e86aa2f74e	4			yes					-1	-1	-1	-1	
225	218	de75ff71018af216	5			yes					-1	-1	-1	-1	-1	
226	218	acace9f9752958f6	5			yes					-1	-1	-1	-1	-1	
227	217	3dfbc722ea1bc2f4	6			yes					228	230	232	-1	234	235	
228	227	60f01d0159b79863	5			yes					-1	-1	-1	-1	229	
229	228	9c47e843efd403eb	4			yes					-1	-1	-1	-1	
230	227	b729dd93c6363b56	5			yes					-1	-1	-1	-1	231	
231	230	4b9e28d17055a0de	4			yes					-1	-1	-1	-1	
232	227	0d0a0633f5906d4c	5			yes					-1	-1	-1	-1	233	
233	232	f1bdf37143f3f6c4	4			yes					-1	-1	-1	-1	
234	227	5403c9d587c4a3cd	5			yes					-1	-1	-1	-1	-1	
235	227	c14c32605c78597c	5			yes					-1	-1	-1	-1	-1	
236	182	ff1bbe75d7ede54e	4			yes					-1	-1	-1	237	
237	236	30d55c421ae31d6e	3			yes					238	-1	239	
238	237	fa63f806368793c7	5			yes					-1	-1	-1	-1	-1	
239	237	6f6dfd293d19b7a6	5			yes					-1	240	-1	-1	-1	
240	239	e5bfe79811344e04	4			yes					-1	-1	-1	-1	
241	182	2b927e9d90f6ae05	4			yes					-1	-1	-1	-1	
242	181	f77fc5924395c05f	4			yes					243	255	259	261	
243	242	4a5bdc3c7cf288a5	3			yes					244	246	247	
244	243	47a7fd0c85468521	5			yes					-1	-1	-1	-1	245	
245	244	ccac343667bdcb36	4			yes					-1	-1	-1	-1	
246	243	178142526a99ad08	5			yes					-1	-1	-1	-1	-1	
247	243	1b6333430dcbbf3c	6			yes					248	249	250	252	253	254	
248	247	e4af38be39368664	5			yes					-1	-1	-1	-1	-1	
249	247	da1de08e312609b4	5			yes					-1	-1	-1	-1	-1	
250	247	5d222f8f187567a3	5			yes					-1	-1	-1	-1	251	
251	250	a195dacdae16fc2b	4			yes					-1	-1	-1	-1	
252	247	49a7649b25e30464	5			yes					-1	-1	-1	-1	-1	
253	247	d680666683e5779f	5			yes					-1	-1	-1	-1	-1	
254	247	e7d4c601bba824b4	5			yes					-1	-1	-1	-1	-1	
255	242	92bdee28d1bbfa1d	3			yes					-1	-1	256	
256	255	c7e16f3931ee2df8	5			yes					257	-1	258	-1	-1	
257	256	9aeab51a8242776f	4			yes					-1	-1	-1	-1	
258	256	e66c59e85c109943	4			yes					-1	-1	-1	-1	
259	242	1728d02360478a98	3			yes					-1	-1	260	
260	259	d26ef8078fd802dc	5			yes					-1	-1	-1	-1	-1	
261	242	38b127a58e9b387f	3			yes					-1	-1	-1	
262	181	02782d2ece9ed3e1	4			yes					263	270	272	274	
263	262	bf5c3480f1f99b1b	3			yes					264	267	269	
264	263	29dcb0eef9e2afbe	6			yes					-1	-1	265	-1	-1	266	
265	264	e825f3ce64eb1201	5			yes					-1	-1	-1	-1	-1	
266	264	1e8d212965281f84	5			yes					-1	-1	-1	-1	-1	
267	263	cd655f608eaaeec3	2			yes					268	-1	
268	267	4c81e2b53b977b0d	5			yes					-1	-1	-1	-1	-1	
269	263	edca84407bbd3967	5			yes					-1	-1	-1	-1	-1	
270	262	67ba06945cb0e9a3	3			yes					-1	271	-1	
271	270	cacb9181bf6f6115	5			yes					-1	-1	-1	-1	-1	
272	262	704146ceb1cda639	3			yes					-1	273	-1	
273	272	cb143ee3a4e6c6b3	5			yes					-1	-1	-1	-1	-1	
274	262	aadf59f4d21a0760	3			yes					-1	-1	-1	
275	181	b4bebfa258f78caa	5			yes					276	288	292	296	297	
276	275	099aa60c6790c450	4			yes					277	281	285	287	
277	276	6a51c4feac428bb3	6			yes					-1	-1	278	-1	-1	280	
278	277	aba887de314b360c	5			yes					-1	-1	-1	-1	279	
279	278	8435e9343dcb1181	4			yes					-1	-1	-1	-1	
280	277	45ccaa14a0c2ac3e	5			yes					-1	-1	-1	-1	-1	
281	276	7ba3cdec18c3b188	3			yes					282	283	284	
282	281	46760c98eea44baf	5			yes					-1	-1	-1	-1	-1	
283	281	639c3214866f1848	5			yes					-1	-1	-1	-1	-1	
284	281	4b78e076fde5f8e1	5			yes					-1	-1	-1	-1	-1	
285	276	12dd84d3ed85773b	3			yes					286	-1	-1	
286	285	b72007a18ed526d7	5			yes					-1	-1	-1	-1	-1	
287	276	0cbc62856768fcf1	3			yes					-1	-1	-1	
288	275	d17c9418cad9b6e8	4			yes					-1	289	290	291	
289	288	a7cb09a45c76766e	5			yes					-1	-1	-1	-1	-1	
290	288	72400dd0ac44ba4c	5			yes					-1	-1	-1	-1	-1	
291	288	d45a5091ca218e49	3			yes					-1	-1	-1	
292	275	c687d44227a4f972	4			yes					-1	293	294	295	
293	292	cf164b2e0b747f1f	5			yes					-1	-1	-1	-1	-1	
294	292	ddc0f69dadb14a19	3			yes					-1	-1	-1	
295	292	c3a110cb275cc1d3	3			yes					-1	-1	-1	
296	275	aff99d7dd2e23fc1	4			yes					-1	-1	-1	-1	
297	275	b1987b2b580fb40b	4			yes					-1	-1	-1	-1	
298	0	04ab10a8f030131c	5			yes					-1	-1	299	354	372	
299	298	22baf3a12eb9cae4	5			yes					300	326	344	349	353	
300	299	9f9eea0f11de821e	4			yes					301	307	311	318	
301	300	42d4390754cff1ea	5			yes					302	303	304	305	306	
302	301	3b64f57930d128b6	4			yes					-1	-1	-1	-1	
303	301	2933271ff62497c8	4			yes					-1	-1	-1	-1	
304	301	63590fd639314551	4			yes					-1	-1	-1	-1	
305	301	57d551581bcb264c	4			yes					-1	-1	-1	-1	
306	301	26db8ce8e40fdc63	4			yes					-1	-1	-1	-1	
307	300	9642ba2bc9521df5	3			yes					308	309	310	
308	307	2374d714bf7c4483	5			yes					-1	-1	-1	-1	-1	
309	307	52ab51c334a88275	5			yes					-1	-1	-1	-1	-1	
310	307	cb9be9116092e0d2	5			yes					-1	-1	-1	-1	-1	
311	300	ecab0acfe8076121	6			yes					-1	312	314	316	-1	317	
312	311	4bcdc378442b050c	5			yes					-1	-1	-1	-1	313	
313	312	75d47dd77425ca5d	4			yes					-1	-1	-1	-1	
314	311	f889353ef5e361cc	5			yes					-1	-1	-1	-1	315	
315	314	c6908b91c5edae9d	4			yes					-1	-1	-1	-1	
316	311	58ae70acc1a7bbc7	5			yes					-1	-1	-1	-1	-1	
317	311	d2b2b460d809ae70	5			yes					-1	-1	-1	-1	-1	
318	300	026379e15042ad2f	6			yes					-1	319	321	323	324	325	
319	318	a505b056fc6ec902	5			yes					-1	-1	-1	-1	320	
320	319	59b245144a0d528a	4			yes					-1	-1	-1	-1	
321	318	164146104da6adc2	5			yes					-1	-1	-1	-1	322	
322	321	eaf6b352fbc5364a	4			yes					-1	-1	-1	-1	
323	318	50a72e39786a1677	5			yes					-1	-1	-1	-1	-1	
324	318	cf802cc4de6c658c	5			yes					-1	-1	-1	-1	-1	
325	318	fed48ca3e62136a7	5			yes					-1	-1	-1	-1	-1	
326	299	60718962a0f09c5a	4			yes					-1	-1	327	335	
327	326	6d4d90bf308e95fd	6			yes					328	330	331	333	-1	334	
328	327	30464a9c8322cf6a	5			yes					-1	-1	-1	-1	329	
329	328	0e5ff433b32c003b	4			yes					-1	-1	-1	-1	
330	327	c471614306687e07	5			yes					-1	-1	-1	-1	-1	
331	327	796faf4e2d6a9510	5			yes					-1	-1	-1	-1	332	
332	331	477611e11d645a41	4			yes					-1	-1	-1	-1	
333	327	d948eadc192e4f1b	5			yes					-1	-1	-1	-1	-1	
334	327	53542e1000805aac	5			yes					-1	-1	-1	-1	-1	
335	326	8385e39188cb59f3	6			yes					336	338	339	341	342	343	
336	335	de8e39b23b670364	5			yes					-1	-1	-1	-1	337	
337	336	2239ccf08d0498ec	4			yes					-1	-1	-1	-1	
338	335	2ab9126dbe2db209	5			yes					-1	-1	-1	-1	-1	
339	335	97a7dc60952f591e	5			yes					-1	-1	-1	-1	340	
340	339	6b102922234cc296	4			yes					-1	-1	-1	-1	
341	335	d141b449a0e3e2ab	5			yes					-1	-1	-1	-1	-1	
342	335	4e66b6b406e59150	5			yes					-1	-1	-1	-1	-1	
343	335	7f3216d33ea8c27b	5			yes					-1	-1	-1	-1	-1	
344	299	2b66a385f635550f	4			yes					-1	-1	345	347	
345	344	3021815a7c20e664	3			yes					-1	346	-1	
346	345	c5f7abdcf367d77f	5			yes					-1	-1	-1	-1	-1	
347	344	e4a841b23b3bad2f	3			yes					-1	348	-1	
348	347	c59ac11f412790c3	5			yes					-1	-1	-1	-1	-1	
349	299	39fdd17ea4ac798f	4			yes					-1	-1	-1	350	
350	349	f633334969a281af	3			yes					351	352	-1	
351	350	1173a0b090394120	5			yes					-1	-1	-1	-1	-1	
352	350	90953ac048b0b5fc	5			yes					-1	-1	-1	-1	-1	
353	299	ed741196e3b732c4	4			yes					-1	-1	-1	-1	
354	298	adad52eeedbbc960	5			yes					355	363	368	370	371	
355	354	10894b40d2dc819a	4			yes					356	359	-1	361	
356	355	524231835c95d724	3			yes					357	-1	358	
357	356	d3ed973eccfb7f7f	5			yes					-1	-1	-1	-1	-1	
358	356	505e887b66d48d82	2			yes					-1	-1	
359	355	a58628d21b6d41e4	5			yes					-1	-1	-1	360	-1	
360	359	d387c7022fd33600	4			yes					-1	-1	-1	-1	
361	355	1295f2b8e89ddb3c	3			yes					-1	362	-1	
362	361	5a229b57dead5275	6			yes					-1	-1	-1	-1	-1	-1	
363	354	ef66282d63f29fde	4			yes					-1	364	-1	366	
364	363	ea513b03b0bb0559	5			yes					-1	-1	-1	365	-1	
365	364	9c50d4d3840572bd	4			yes					-1	-1	-1	-1	
366	363	ed7a91d559b3c578	3			yes					-1	367	-1	
367	366	15f58886757b16c8	6			yes					-1	-1	-1	-1	-1	-1	
368	354	89b85b0226a7a399	4			yes					-1	-1	-1	369	
369	368	8ba4e2fa1ce6f93f	3			yes					-1	-1	-1	
370	354	dbfa6a817a3274bd	3			yes					-1	-1	-1	
371	354	afb1eb16d7fa93c6	4			yes					-1	-1	-1	-1	
372	298	a01945d7b246d243	5			yes					373	383	389	392	394	
373	372	1d3d5c798d219ab9	4			yes					374	379	381	382	
374	373	5ff626ba0368cc07	3			yes					375	377	378	
375	374	bf878faf6ca7159a	5			yes					-1	-1	-1	-1	376	
376	375	901ae14560273217	4			yes					-1	-1	-1	-1	
377	374	dfe731c9521636e8	5			yes					-1	-1	-1	-1	-1	
378	374	7f52953e6bfb9a4d	5			yes					-1	-1	-1	-1	-1	
379	373	ed342de7c39326d5	6			yes					-1	-1	-1	-1	-1	380	
380	379	c2a9430dcf130158	5			yes					-1	-1	-1	-1	-1	
381	373	63f8b7a645ad04e6	3			yes					-1	-1	-1	
382	373	181b98f08dd9a218	3			yes					-1	-1	-1	
383	372	e2d23f143c0f84fd	4			yes					-1	384	387	388	
384	383	6d310b101b13c671	6			yes					-1	-1	-1	385	-1	386	
385	384	442ca10aa8a1dd05	5			yes					-1	-1	-1	-1	-1	
386	384	42ac65fa1793e1fc	5			yes					-1	-1	-1	-1	-1	
387	383	9c17d4cbf4831aa2	3			yes					-1	-1	-1	
388	383	e7f4fb9d3cf7bc5c	3			yes					-1	-1	-1	
389	372	840c4c3b795ab8ba	4			yes					-1	-1	390	391	
390	389	50d580c7b9019b44	5			yes					-1	-1	-1	-1	-1	
391	389	812a88b279a2801b	3			yes					-1	-1	-1	
392	372	dedcae087aca4c1c	4			yes					-1	-1	393	-1	
393	392	48c2eb2d3fd07ca4	5			yes					-1	-1	-1	-1	-1	
394	372	a53f815eb2beeae2	4			yes					-1	-1	-1	-1	
395	0	778131ac0e437b96	5			yes					-1	-1	-1	396	421	
396	395	1c4c4d7c26c6bc7b	5			yes					397	409	415	418	420	
397	396	a16854d219a1f481	4			yes					398	404	407	408	
398	397	e3a32e1197e8a23f	3			yes					399	402	403	
399	398	56d75339deb4e8a6	5			yes					-1	-1	400	401	-1	
400	399	4452feb3ad4dcde8	4			yes					-1	-1	-1	-1	
401	399	20d6bce9ea0a9f42	4			yes					-1	-1	-1	-1	
402	398	812331112f6a17e3	5			yes					-1	-1	-1	-1	-1	
403	398	3c7e0ffa37bfbd25	5			yes					-1	-1	-1	-1	-1	
404	397	11d77238a5bb99c0	3			yes					-1	405	406	
405	404	9a595cdfad5e6b40	5			yes					-1	-1	-1	-1	-1	
406	404	2d7ae83244d6582c	6			yes					-1	-1	-1	-1	-1	-1	
407	397	ec9aeff1d9fa80eb	3			yes					-1	-1	-1	
408	397	bf86e70af2084f95	3			yes					-1	-1	-1	
409	396	5e8737bfa88feac5	4			yes					-1	410	413	414	
410	409	ee38115514958784	3			yes					-1	411	412	
411	410	12a656b63aa8a8b3	5			yes					-1	-1	-1	-1	-1	
412	410	5ba1aa098b22d385	5			yes					-1	-1	-1	-1	-1	
413	409	13758c9c68d49eaf	3			yes					-1	-1	-1	
414	409	40698467432651d1	3			yes					-1	-1	-1	
415	396	acf36b969adcd13a	4			yes					-1	-1	416	417	
416	415	e101d0b55a87a550	3			yes					-1	-1	-1	
417	415	b21dd84e71756a2e	3			yes					-1	-1	-1	
418	396	51bef65fe69dc811	4			yes					-1	-1	-1	419	
419	418	4f5045870d347305	3			yes					-1	-1	-1	
420	396	02a2fea4cd6f076f	4			yes					-1	-1	-1	-1	
421	395	126a49b62fd84e48	5			yes					422	434	441	444	445	
422	421	af4e501810bf06b2	4			yes					423	428	432	433	
423	422	ed852adb9ef6500c	3			yes					424	426	427	
424	423	14e7a7d8a496395b	5			yes					-1	-1	-1	-1	425	
425	424	3afaa21e0c3e54aa	4			yes					-1	-1	-1	-1	
426	423	59fd728d9986c8f5	5			yes					-1	-1	-1	-1	-1	
427	423	edaffb2a626987f7	5			yes					-1	-1	-1	-1	-1	
428	422	1ff176f2aca56bf3	3			yes					-1	429	430	
429	428	3b216f908e6cb388	5			yes					-1	-1	-1	-1	-1	
430	428	4c0c4af51b62baa3	6			yes					-1	-1	-1	-1	-1	431	
431	430	b0bbbfb7ad01212b	5			yes					-1	-1	-1	-1	-1	
432	422	065eba0d9029b01a	5			yes					-1	-1	-1	-1	-1	
433	422	aa68949110473e13	3			yes					-1	-1	-1	
434	421	50a13375a19118f6	4			yes					-1	435	438	440	
435	434	e01e159f1d8b75b7	3			yes					-1	436	437	
436	435	ca78152a8c4477a5	5			yes					-1	-1	-1	-1	-1	
437	435	8a705ed9def4e957	5			yes					-1	-1	-1	-1	-1	
438	434	5e25998a5e4c31ad	6			yes					-1	-1	-1	-1	-1	439	
439	438	71b8f76052cc1620	5			yes					-1	-1	-1	-1	-1	
440	434	5587f7fca1692057	3			yes					-1	-1	-1	
441	421	a2d56f5c93c22309	4			yes					-1	-1	442	443	
442	441	17ec40b1ede0b312	5			yes					-1	-1	-1	-1	-1	
443	441	a7f3abd5933a1ba8	3			yes					-1	-1	-1	
444	421	4a76810e0dcc4ba4	4			yes					-1	-1	-1	-1	
445	421	174c8d3f2f2076e9	4			yes					-1	-1	-1	-1	
446	0	74179b843b2707e9	5			yes					-1	-1	-1	-1	447	
447	446	67babb0b364d6ac1	4			yes					448	469	483	502	
448	447	a3f1717461d80505	5			yes					449	455	464	467	468	
449	448	e657fb9f6918d896	4			yes					450	452	-1	454	
450	449	5d673767d1468853	6			yes					-1	-1	-1	-1	-1	451	
451	450	72fa598dddc6afde	5			yes					-1	-1	-1	-1	-1	
452	449	82b0a69fa2a26e95	6			yes					-1	-1	-1	-1	-1	453	
453	452	ad2dc875ae224918	5			yes					-1	-1	-1	-1	-1	
454	449	aaba22ae9676df44	6			yes					-1	-1	-1	-1	-1	-1	
455	448	134e579eddc26844	4			yes					-1	456	461	462	
456	455	0fec6860690fe892	6			yes					457	458	-1	-1	459	460	
457	456	c32d116187af86cc	5			yes					-1	-1	-1	-1	-1	
458	456	732fd308bb833f81	5			yes					-1	-1	-1	-1	-1	
459	456	2a16082a1ae0166e	5			yes					-1	-1	-1	-1	-1	
460	456	21f16da6c1a78563	5			yes					-1	-1	-1	-1	-1	
461	455	75adcaf76cd29d40	6			yes					-1	-1	-1	-1	-1	-1	
462	455	b5173517a4b43559	3			yes					-1	463	-1	
463	462	b04ed6f245b125c3	6			yes					-1	-1	-1	-1	-1	-1	
464	448	92cf6eba68e424e1	4			yes					-1	-1	465	466	
465	464	8734851f7f8836eb	6			yes					-1	-1	-1	-1	-1	-1	
466	464	34960c33119279fc	3			yes					-1	-1	-1	
467	448	627ed146c490cc2b	4			yes					-1	-1	-1	-1	
468	448	05a813fd18ae5818	4			yes					-1	-1	-1	-1	
469	447	cd099b4f0e249353	5			yes					470	476	478	481	482	
470	469	702d82e13143dba9	4			yes					471	472	473	474	
471	470	83b504f056032b65	6			yes					-1	-1	-1	-1	-1	-1	
472	470	abd74d424aeae1c4	6			yes					-1	-1	-1	-1	-1	-1	
473	470	02f09791b8645bdf	6			yes					-1	-1	-1	-1	-1	-1	
474	470	d674e068483586b4	3			yes					-1	475	-1	
475	474	1475f3d066542c95	6			yes					-1	-1	-1	-1	-1	-1	
476	469	a8cbb0f59c0aa911	4			yes					-1	-1	-1	477	
477	476	f977b013582c7aaf	6			yes					-1	-1	-1	-1	-1	-1	
478	469	bf30f0af7177e68b	4			yes					-1	-1	-1	480	
479	478	9e42336c24ef97c4	6			no					-1	-1	-1	-2	-1	-2	
480	478	196992260801bb96	3			yes					-1	-1	-1	
481	469	0c863b7dab6c5a7d	4			yes					-1	-1	-1	-1	
482	469	6b50f9c67752ce4e	4			yes					-1	-1	-1	-1	
483	447	8f0ffc47aec0756e	5			yes					484	494	498	500	501	
484	483	322be5e991a73d94	4			yes					485	490	-1	492	
485	484	96afdfe32baaa6cf	6			yes					-1	-1	486	487	488	489	
486	485	dfebc2574379b4f0	5			yes					-1	-1	-1	-1	-1	
487	485	50f4aa5e75613e4c	5			yes					-1	-1	-1	-1	-1	
488	485	b355bfa958455833	5			yes					-1	-1	-1	-1	-1	
489	485	b8b2da258302cb3e	5			yes					-1	-1	-1	-1	-1	
490	484	f0d0255d9b641093	6			yes					-1	-1	-1	-1	-1	491	
491	490	df4d4bb797e4371e	5			yes					-1	-1	-1	-1	-1	
492	484	94728760e8d16089	3			yes					493	-1	-1	
493	492	290d617107146b9e	6			yes					-1	-1	-1	-1	-1	-1	
494	483	cdc48684208923d0	4			yes					-1	495	-1	497	
495	494	bf07368c30b2542e	6			yes					-1	-1	-1	-1	-1	496	
496	495	909a58663c3273a3	5			yes					-1	-1	-1	-1	-1	
497	494	6b9de40d59ff7ecd	3			yes					-1	-1	-1	
498	483	ab1af5ab65dc1f97	4			yes					-1	-1	-1	499	
499	498	dd6eaf0d7bdaf9cc	6			yes					-1	-1	-1	-1	-1	-1	
500	483	7da30808034429a0	4			yes					-1	-1	-1	-1	
501	483	29569eced7b62873	4			yes					-1	-1	-1	-1	
502	447	020b33db9ad9dfb3	5			yes					503	516	523	525	-1	
503	502	bf2f2a75a5be9749	4			yes					504	509	-1	-1	
504	503	0452b1f72238bb75	6			yes					-1	-1	-1	506	507	508	
505	504	24378b2a0a5bb87f	5			no					-1	-1	-2	-2	-2	
506	504	c209c44a7cf323f6	5			yes					-1	-1	-1	-1	-1	
507	504	21a8d1bd51d74589	5			yes					-1	-1	-1	-1	-1	
508	504	2a4fb4318a90d684	5			yes					-1	-1	-1	-1	-1	
509	503	7a4147707c897c84	7			yes					-1	510	-1	512	513	514	515	
510	509	a82f97d0c5d43e2a	6			yes					-1	-1	-1	-1	-1	-1	
511	509	550452823f3c4d66	6			no					-1	-1	-1	-1	-1	-2	
512	509	68c4eafa0f7059ca	6			yes					-1	-1	-1	-1	-1	-1	
513	509	0c40a8a048370b60	6			yes					-1	-1	-1	-1	-1	-1	
514	509	648591fa40c027f7	6			yes					-1	-1	-1	-1	-1	-1	
515	509	55dc299a70095b09	6			yes					-1	-1	-1	-1	-1	-1	
516	502	40c049181490890d	4			yes					-1	517	522	-1	
517	516	638d14049ea5d5d5	6			yes					518	-1	-1	519	520	521	
518	517	3e86ce272d098f42	5			yes					-1	-1	-1	-1	-1	
519	517	a5d661b9c06e4d56	5			yes					-1	-1	-1	-1	-1	
520	517	4677744eed4a2b29	5			yes					-1	-1	-1	-1	-1	
521	517	4d9011c2360db824	5			yes					-1	-1	-1	-1	-1	
522	516	1dcf5fc319787a79	6			yes					-1	-1	-1	-1	-1	-1	
523	502	b2b4153126c3b2f2	4			yes					-1	-1	-1	-1	
524	523	6c7cab7e887e025d	6			no					-1	-2	-1	-1	-1	-2	
525	502	4ff988f85a82abd9	4			yes					-1	-1	-1	-1	
526	525	7dce51c2f5b70155	6			no					-1	-1	-2	-1	-2	-2	
527	0	cdd80091795c1244	5			yes					-1	-1	-1	-1	-1	
