Number of nodes
384
ID	PID	Hash_Value			File_Number	Fully_Enumerated	Children
0	-1	4fa57000d846ca3f	6			yes					1	52	90	128	167	277	
1	0	719bda9cc3183216	5			yes					2	17	37	47	51	
2	1	a8266487f55ac4fb	4			yes					3	6	8	12	
3	2	2c6fce09678577ce	4			yes					-1	-1	4	5	
4	3	ca9cef7182757ea7	3			yes					-1	-1	-1	
5	3	61ce4162fc8a23d3	3			yes					-1	-1	-1	
6	2	4134f0f53c188f85	4			yes					-1	7	-1	-1	
7	6	66adef33ab25f30f	3			yes					-1	-1	-1	
8	2	fa9b5b2922ab9d27	5			yes					-1	9	10	-1	11	
9	8	dd0244efb596e1ad	4			yes					-1	-1	-1	-1	
10	8	88a44ab3db0baaeb	4			yes					-1	-1	-1	-1	
11	8	5c42b7d51bb15c0c	4			yes					-1	-1	-1	-1	
12	2	761aea154d6a7c0a	5			yes					-1	13	14	15	16	
13	12	5183f5d3da570080	4			yes					-1	-1	-1	-1	
14	12	0425fb8fb4ca4bc6	4			yes					-1	-1	-1	-1	
15	12	17537f87e02dd6a9	4			yes					-1	-1	-1	-1	
16	12	5dbeab184527c546	4			yes					-1	-1	-1	-1	
17	1	6b8311618f473116	4			yes					-1	18	29	35	
18	17	3cbe2b051d0756a8	3			yes					19	20	24	
19	18	0b90c9fcbc8cdaa5	4			yes					-1	-1	-1	-1	
20	18	479460174f01ecad	5			yes					21	22	-1	-1	23	
21	20	fe420c0b96175946	4			yes					-1	-1	-1	-1	
22	20	3193ea6c1fe44791	4			yes					-1	-1	-1	-1	
23	20	e14d8ceb761b2d86	4			yes					-1	-1	-1	-1	
24	18	cb15d12b20c00d80	5			yes					25	26	-1	27	28	
25	24	72c3bd37f9d6b86b	4			yes					-1	-1	-1	-1	
26	24	bd125b507025a6bc	4			yes					-1	-1	-1	-1	
27	24	aa5c44b98d87a723	4			yes					-1	-1	-1	-1	
28	24	e0b19026288db4cc	4			yes					-1	-1	-1	-1	
29	17	91410402bc23199d	3			yes					30	-1	31	
30	29	1b2f4078dee18439	4			yes					-1	-1	-1	-1	
31	29	f12740da39aa8942	5			yes					32	33	-1	-1	34	
32	31	48f12cc6e0bc3ca9	4			yes					-1	-1	-1	-1	
33	31	8720caa1694f227e	4			yes					-1	-1	-1	-1	
34	31	2445f016b818be5a	4			yes					-1	-1	-1	-1	
35	17	7442911c9766b9d8	3			yes					36	-1	-1	
36	35	4a6a006ff4c79a9f	4			yes					-1	-1	-1	-1	
37	1	26a6e0f8515855a8	4			yes					-1	-1	38	45	
38	37	dc64f59b623c7d23	3			yes					39	-1	40	
39	38	9f5a2e3d43671d47	4			yes					-1	-1	-1	-1	
40	38	4c7926eddfee9eb7	5			yes					41	42	43	-1	44	
41	40	f5af4af106f82b5c	4			yes					-1	-1	-1	-1	
42	40	3a7eac968f0b358b	4			yes					-1	-1	-1	-1	
43	40	6be0392b48d3e23d	4			yes					-1	-1	-1	-1	
44	40	d5d0d7da3b4e5051	4			yes					-1	-1	-1	-1	
45	37	396760854979dd66	3			yes					46	-1	-1	
46	45	a2c721f78b9b1327	4			yes					-1	-1	-1	-1	
47	1	8b59cffff07c1a9d	4			yes					-1	-1	-1	48	
48	47	94984f82e85d9253	3			yes					49	-1	-1	
49	48	9cbc9a6cae0d6e6f	5			yes					-1	-1	-1	-1	50	
50	49	667ddc83e3d817b8	4			yes					-1	-1	-1	-1	
51	1	6e5a5ae1db39bad8	4			yes					-1	-1	-1	-1	
52	0	63c8a9c4149865b1	5			yes					53	71	80	86	89	
53	52	5d211ab6cfc42c72	4			yes					54	58	65	69	
54	53	9696dc3f3dcf610f	4			yes					-1	55	-1	57	
55	54	d3575fc8fa6139a6	3			yes					-1	-1	-1	
56	54	bd6f364e90d30dbf	3			no					-1	-2	-2	
57	54	db375354a6c03512	3			yes					-1	-1	-1	
58	53	0a1c20d25d844bcc	3			yes					59	61	63	
59	58	c7819a9bc530060f	4			yes					-1	-1	60	-1	
60	59	46dc668d887208f5	3			yes					-1	-1	-1	
61	58	157d5df5b337cf2c	4			yes					62	-1	-1	-1	
62	61	df60925a7aea891e	3			yes					-1	-1	-1	
63	58	fda6beef1a479b5e	5			yes					-1	-1	-1	-1	64	
64	63	89a7a893802540fc	4			yes					-1	-1	-1	-1	
65	53	a7e30fd5fca004f9	3			yes					66	-1	67	
66	65	3169a9a3666920c2	4			yes					-1	-1	-1	-1	
67	65	739459f66196f737	5			yes					-1	-1	-1	-1	68	
68	67	89551f192c438ee0	4			yes					-1	-1	-1	-1	
69	53	42e09acbd7e5a4bc	3			yes					70	-1	-1	
70	69	f0931259ae8d8c5e	4			yes					-1	-1	-1	-1	
71	52	8cd71c0862598e38	4			yes					-1	72	74	77	
72	71	085736ec78c94e3c	4			yes					73	-1	-1	-1	
73	72	6b1a3a40b2e9197b	3			yes					-1	-1	-1	
74	71	b3f89d30667a5c9e	5			yes					-1	-1	-1	-1	76	
75	74	d0b5919cac5a0bd9	4			no					-1	-1	-1	-2	
76	74	152171cc5f609db5	4			yes					-1	-1	-1	-1	
77	71	3f792c0c09bbbdb3	5			yes					78	-1	79	-1	-1	
78	77	5c3420a0c39beaf4	4			yes					-1	-1	-1	-1	
79	77	4d463d96f01b8a7f	4			yes					-1	-1	-1	-1	
80	52	34f593a086d8020f	4			yes					-1	-1	81	84	
81	80	ce3786c3b5bc2a84	3			yes					-1	82	83	
82	81	d639e82407b6dcfe	4			yes					-1	-1	-1	-1	
83	81	82f619f71c79535c	5			yes					-1	-1	-1	-1	-1	
84	80	2b3413dd9ef98ac1	3			yes					-1	85	-1	
85	84	eba4e7eecf4ad29e	4			yes					-1	-1	-1	-1	
86	52	990abca727fc4d3a	4			yes					-1	-1	-1	87	
87	86	86cb3cda3fddc5f4	3			yes					-1	88	-1	
88	87	d5df5c75eadcafd6	5			yes					-1	-1	-1	-1	-1	
89	52	7c0929b90cb9ed7f	4			yes					-1	-1	-1	-1	
90	0	8a27174d1af91268	5			yes					91	109	118	124	127	
91	90	b4cea43fc1a55bab	4			yes					92	100	102	107	
92	91	ced9f0b1c98e8fc2	3			yes					-1	93	96	
93	92	4846c7edec8ced1d	5			yes					-1	-1	94	-1	95	
94	93	3a79d677152cdad1	4			yes					-1	-1	-1	-1	
95	93	ee9f2b11d5962c36	4			yes					-1	-1	-1	-1	
96	92	c4c776d1834d0c30	5			yes					-1	-1	97	98	99	
97	96	b6f8674b7aed3bfc	4			yes					-1	-1	-1	-1	
98	96	a58ee3432e0aa693	4			yes					-1	-1	-1	-1	
99	96	ef6337dc8b00b57c	4			yes					-1	-1	-1	-1	
100	91	f4e5604340ebe457	4			yes					-1	-1	-1	101	
101	100	b944ef28dbe4b04a	3			yes					-1	-1	-1	
102	91	4e0cb15cf2c17320	3			yes					-1	103	104	
103	102	2a42b1fa8b99a19c	4			yes					-1	-1	-1	-1	
104	102	8d95cfab227feea3	5			yes					-1	-1	-1	-1	106	
105	104	ffaade31dbdfd96f	4			no					-1	-2	-1	-2	
106	104	775489446faa9774	4			yes					-1	-1	-1	-1	
107	91	ab0f2442d984d365	3			yes					-1	108	-1	
108	107	92e0ae25d3a90906	4			yes					-1	-1	-1	-1	
109	90	f03043c312d2c601	4			yes					-1	110	112	116	
110	109	c2dd232ac2ad6e78	4			yes					111	-1	-1	-1	
111	110	a1902f86088d393f	3			yes					-1	-1	-1	
112	109	0af256a021b6ee8a	3			yes					-1	113	114	
113	112	cafb9dd7d587d292	4			yes					-1	-1	-1	-1	
114	112	3804e9017d8228ff	5			yes					-1	-1	-1	-1	115	
115	114	ed6659cdfc301fe7	4			yes					-1	-1	-1	-1	
116	109	eff1c3be0af34ecf	3			yes					-1	117	-1	
117	116	a6e71f2200205ed0	4			yes					-1	-1	-1	-1	
118	90	a1fd72e2f8323def	4			yes					-1	-1	119	122	
119	118	9d0f00a75c370e01	5			yes					-1	120	-1	-1	121	
120	119	eb088adc0cd2a53d	4			yes					-1	-1	-1	-1	
121	119	3bd6ec5b652dcf2a	4			yes					-1	-1	-1	-1	
122	118	118eb19b33f6ef2c	5			yes					-1	123	-1	-1	-1	
123	122	67893be063134410	4			yes					-1	-1	-1	-1	
124	90	70e5022e299d3ae3	4			yes					-1	-1	-1	125	
125	124	6f24825331bcb22d	3			yes					-1	-1	126	
126	125	fb28c1e2d091fd49	5			yes					-1	-1	-1	-1	-1	
127	90	95e6973002d89aa6	4			yes					-1	-1	-1	-1	
128	0	fdfe94efa01cfb93	5			yes					129	144	156	164	166	
129	128	c317279d7b40b250	4			yes					130	138	141	142	
130	129	b9007313736b6639	3			yes					131	133	134	
131	130	e25cfe2bce8bf1fb	4			yes					-1	132	-1	-1	
132	131	67f884c53b788c43	3			yes					-1	-1	-1	
133	130	cc83b3a331bb3939	4			yes					-1	-1	-1	-1	
134	130	76eb8d8b48fd4d2f	5			yes					-1	135	-1	-1	137	
135	134	5172924ddfc031a5	4			yes					-1	-1	-1	-1	
136	134	17a21819e5bae78c	4			no					-1	-2	-2	-2	
137	134	5d4fcc8640b0f463	4			yes					-1	-1	-1	-1	
138	129	d90fec60371fb150	3			yes					-1	139	140	
139	138	d977fddbbe3fde47	4			yes					-1	-1	-1	-1	
140	138	fb14d0a64fd514c4	4			yes					-1	-1	-1	-1	
141	129	b51ad595f86da01f	4			yes					-1	-1	-1	-1	
142	129	dcd6a7e063613a9e	3			yes					-1	-1	143	
143	142	9e659827ee633e77	4			yes					-1	-1	-1	-1	
144	128	87e9c061a8372ffa	4			yes					-1	145	150	153	
145	144	9df10b9ce4682cfa	3			yes					-1	146	147	
146	145	85e075ba756af880	4			yes					-1	-1	-1	-1	
147	145	3f884b920c2c8c96	5			yes					148	-1	-1	-1	149	
148	147	5cc5473ec60cdbd1	4			yes					-1	-1	-1	-1	
149	147	142c0a9f046135da	4			yes					-1	-1	-1	-1	
150	144	5979ca0140b5eb19	5			yes					-1	-1	-1	-1	152	
151	150	3a34c6ad8a95bc5e	4			no					-1	-1	-1	-2	
152	150	307d59431aa8f330	4			yes					-1	-1	-1	-1	
153	144	9828401cb016a734	3			yes					-1	-1	154	
154	153	90bf795684eea168	5			yes					-1	-1	-1	-1	155	
155	154	e4be6f2a1e8c7aca	4			yes					-1	-1	-1	-1	
156	128	e7e65f12ec43f893	4			yes					-1	-1	157	161	
157	156	0c0ab7b787e6fa61	5			yes					158	159	-1	-1	160	
158	157	6f47bb1b4dc6ad26	4			yes					-1	-1	-1	-1	
159	157	7a0d3dccd703515d	4			yes					-1	-1	-1	-1	
160	157	554e27b75abf4695	4			yes					-1	-1	-1	-1	
161	156	f827df6ff462705d	3			yes					-1	-1	162	
162	161	5832be0a3f918e46	5			yes					-1	-1	-1	-1	163	
163	162	2c33a876a5f355e4	4			yes					-1	-1	-1	-1	
164	128	4127ac7c87091664	4			yes					-1	-1	-1	165	
165	164	9be748103b8d7f89	5			yes					-1	-1	-1	-1	-1	
166	128	e23f1492b83d735d	4			yes					-1	-1	-1	-1	
167	0	3abffc248602cea0	5			yes					168	179	190	202	232	
168	167	fa94d3a2f896d43c	4			yes					169	172	178	-1	
169	168	23296db9ced422d1	3			yes					170	171	-1	
170	169	f6a0351df99c9aad	5			yes					-1	-1	-1	-1	-1	
171	169	000724bc7b7894a7	5			yes					-1	-1	-1	-1	-1	
172	168	e08c185fb4c9d73c	3			yes					-1	173	177	
173	172	7d1a095caf62a525	5			yes					174	175	-1	176	-1	
174	173	c4cc6540767410ce	4			yes					-1	-1	-1	-1	
175	173	0b1d8327ff870e19	4			yes					-1	-1	-1	-1	
176	173	0afbf04fd3b8e9c8	4			yes					-1	-1	-1	-1	
177	172	85ebca7fb350b49c	5			yes					-1	-1	-1	-1	-1	
178	168	ada9e9c66ad6b382	3			yes					-1	-1	-1	
179	167	e8c7a0fa2f16839b	4			yes					180	187	189	-1	
180	179	d62e1388f44aca58	3			yes					181	182	186	
181	180	79b2643c220d5922	4			yes					-1	-1	-1	-1	
182	180	a7be8af518377651	5			yes					-1	183	-1	184	185	
183	182	b277c70a253b1eb4	4			yes					-1	-1	-1	-1	
184	182	dbb55773bb513f78	4			yes					-1	-1	-1	-1	
185	182	ea1f059e8338224c	4			yes					-1	-1	-1	-1	
186	180	55d8dbae0345f3a1	5			yes					-1	-1	-1	-1	-1	
187	179	07d8153659d76812	3			yes					-1	188	-1	
188	187	4964e2a53fa9551e	5			yes					-1	-1	-1	-1	-1	
189	179	bffa9a9ebd56e425	3			yes					-1	-1	-1	
190	167	01281e732177f442	4			yes					191	198	201	-1	
191	190	3fc1ad01fa2bbd81	3			yes					192	196	197	
192	191	72c8aea60cefa495	5			yes					-1	193	194	195	-1	
193	192	e78c2da455f5a825	4			yes					-1	-1	-1	-1	
194	192	00f7bf3cf54f9359	4			yes					-1	-1	-1	-1	
195	192	052957b57035e878	4			yes					-1	-1	-1	-1	
196	191	ec480e54f9877fa6	4			yes					-1	-1	-1	-1	
197	191	abd94df340acea35	5			yes					-1	-1	-1	-1	-1	
198	190	7b3f4afd295c202b	3			yes					-1	199	200	
199	198	cc788f0c985f6422	5			yes					-1	-1	-1	-1	-1	
200	198	8889e52d215dc8fd	5			yes					-1	-1	-1	-1	-1	
201	190	2af27bdcc3bcdbc5	3			yes					-1	-1	-1	
202	167	9c0f5b45f74ab777	5			yes					203	214	223	230	231	
203	202	a2e6e8372c16feb4	4			yes					204	208	212	213	
204	203	c0e455fcc75fe58a	5			yes					-1	205	206	207	-1	
205	204	e77d4a3a50629900	4			yes					-1	-1	-1	-1	
206	204	b22a23f83b68e363	4			yes					-1	-1	-1	-1	
207	204	b705acefbb85a967	4			yes					-1	-1	-1	-1	
208	203	81195a44b6a7b3d6	5			yes					-1	-1	209	210	211	
209	208	cba03e96ba7fa8c1	4			yes					-1	-1	-1	-1	
210	208	fd1287c215c1faff	4			yes					-1	-1	-1	-1	
211	208	ccb8d52f2da8e7cb	4			yes					-1	-1	-1	-1	
212	203	cf33ebd6d5664f5f	4			yes					-1	-1	-1	-1	
213	203	f09b2a6458e6ff1d	5			yes					-1	-1	-1	-1	-1	
214	202	e6180fcbff61631e	4			yes					-1	215	219	220	
215	214	898793e5838e2433	5			yes					216	-1	217	218	-1	
216	215	eaca9f4949ae7374	4			yes					-1	-1	-1	-1	
217	215	fb49e5e17fb922da	4			yes					-1	-1	-1	-1	
218	215	fe666af6ff5468de	4			yes					-1	-1	-1	-1	
219	214	8ff64e44ca70067c	5			yes					-1	-1	-1	-1	-1	
220	214	cee9d8f1458069cb	6			yes					-1	-1	-1	-1	-1	222	
221	220	ada4d45d8fa03e8c	5			no					-1	-2	-2	-2	-2	
222	220	80f2ff1f328fbcd6	5			yes					-1	-1	-1	-1	-1	
223	202	861790b8bb15b477	4			yes					-1	-1	224	225	
224	223	2fe7ef9606b33c32	5			yes					-1	-1	-1	-1	-1	
225	223	751d83eb5bef0e85	6			yes					226	227	-1	-1	-1	229	
226	225	16508f4791cf59c2	5			yes					-1	-1	-1	-1	-1	
227	225	031a09900b0aa5b9	5			yes					-1	-1	-1	-1	-1	
228	225	3fa4e73957371592	5			no					-1	-2	-1	-1	-2	
229	225	3b06a4052ce0db98	5			yes					-1	-1	-1	-1	-1	
230	202	c258d8a89344f27e	4			yes					-1	-1	-1	-1	
231	202	00b1afecfb26dba3	4			yes					-1	-1	-1	-1	
232	167	5b815848f930091f	6			yes					233	249	262	271	274	276	
233	232	6568eb3a226c40dc	5			yes					234	239	242	244	245	
234	233	9f6602ed77045c1a	6			yes					-1	235	236	-1	-1	238	
235	234	b8ff1d2be0392090	5			yes					-1	-1	-1	-1	-1	
236	234	ed5913778ea46bd6	5			yes					-1	-1	-1	-1	-1	
237	234	e887fbfe0bde10f7	5			no					-1	-1	-2	-1	-2	
238	234	219bdd85231485be	5			yes					-1	-1	-1	-1	-1	
239	233	e859132beb812f9b	5			yes					-1	-1	240	-1	241	
240	239	4cc2f17b0c21fbc2	4			yes					-1	-1	-1	-1	
241	239	a8fa505095794a39	4			yes					-1	-1	-1	-1	
242	233	7636769a5078349a	5			yes					-1	-1	-1	-1	243	
243	242	369535e12e805138	4			yes					-1	-1	-1	-1	
244	233	9a5709e9dc1d203a	4			yes					-1	-1	-1	-1	
245	233	c80d47c42845d031	4			yes					246	247	248	-1	
246	245	3b70305674cd3486	6			yes					-1	-1	-1	-1	-1	-1	
247	245	0a3a343715916bb2	5			yes					-1	-1	-1	-1	-1	
248	245	94555186ae6870b3	5			yes					-1	-1	-1	-1	-1	
249	232	21960cc6f11bdd76	5			yes					-1	250	255	258	259	
250	249	d605c4f433d59da3	6			yes					251	-1	252	253	-1	254	
251	250	b548c858f9f5cae4	5			yes					-1	-1	-1	-1	-1	
252	250	a43ad56eca75aa6f	5			yes					-1	-1	-1	-1	-1	
253	250	a1e43de74f0fd14e	5			yes					-1	-1	-1	-1	-1	
254	250	68f81b9c67c54407	5			yes					-1	-1	-1	-1	-1	
255	249	734f52bb5557e16c	5			yes					256	-1	-1	-1	257	
256	255	10025e179f77b62b	4			yes					-1	-1	-1	-1	
257	255	33ec11c02baf84ce	4			yes					-1	-1	-1	-1	
258	249	dea9ee150f6abd90	4			yes					-1	-1	-1	-1	
259	249	8cf3a038fb324d9b	4			yes					-1	260	261	-1	
260	259	7213f64f301cf53f	6			yes					-1	-1	-1	-1	-1	-1	
261	259	912c75a7ab47a545	5			yes					-1	-1	-1	-1	-1	
262	232	419993b5b56f0a1f	5			yes					-1	-1	263	268	269	
263	262	f8f259630998cf3c	6			yes					264	265	-1	266	-1	267	
264	263	9bbf55cfc3b8987b	5			yes					-1	-1	-1	-1	-1	
265	263	8ef5d318597d6400	5			yes					-1	-1	-1	-1	-1	
266	263	8f13a070754283d1	5			yes					-1	-1	-1	-1	-1	
267	263	460f860b5d881698	5			yes					-1	-1	-1	-1	-1	
268	262	bea671664b1e6af9	4			yes					-1	-1	-1	-1	
269	262	ecfc3f4bbf469af2	4			yes					-1	-1	270	-1	
270	269	5ce46bd80a51a7a0	6			yes					-1	-1	-1	-1	-1	-1	
271	232	0cbc622c6b706ea1	5			yes					-1	-1	-1	272	273	
272	271	f38380ff95010e47	4			yes					-1	-1	-1	-1	
273	271	a1d9ced26159fe4c	4			yes					-1	-1	-1	-1	
274	232	a4beba9b074169f9	5			yes					-1	-1	-1	-1	275	
275	274	09db16650d68f914	4			yes					-1	-1	-1	-1	
276	232	f6e4f4b6f31999f2	5			yes					-1	-1	-1	-1	-1	
277	0	e3301027700a0382	5			yes					278	308	331	355	-1	
278	277	3faf3807839aa365	5			yes					279	284	298	307	-1	
279	278	e612861cb5d85588	4			yes					280	282	283	-1	
280	279	db9a61fe75e1a488	5			yes					-1	-1	-1	-1	281	
281	280	6567be9621f17d2c	4			yes					-1	-1	-1	-1	
282	279	b49e6905ad645b76	5			yes					-1	-1	-1	-1	-1	
283	279	c3b63e6ae44a2094	5			yes					-1	-1	-1	-1	-1	
284	278	25b7f3facfc5a065	4			yes					-1	285	294	-1	
285	284	5ae5b0baa1e63397	6			yes					286	288	-1	290	291	292	
286	285	e333dca678f0867c	5			yes					-1	-1	-1	-1	287	
287	286	5dce03ce2ce05fd8	4			yes					-1	-1	-1	-1	
288	285	2ce23ac1f10398ab	5			yes					-1	-1	-1	-1	289	
289	288	921fe5a9a513410f	4			yes					-1	-1	-1	-1	
290	285	3bac25280ca19934	5			yes					-1	-1	-1	-1	-1	
291	285	5e4c4f4e7c9d6d68	5			yes					-1	-1	-1	-1	-1	
292	285	e4186fd2f5f6ea33	5			yes					-1	-1	-1	293	-1	
293	292	8551fa4058b14090	4			yes					-1	-1	-1	-1	
294	284	5725e91a81f12706	5			yes					295	296	-1	-1	297	
295	294	eef3850658e792ed	4			yes					-1	-1	-1	-1	
296	294	21226361d1148c3a	4			yes					-1	-1	-1	-1	
297	294	1786aa61ff0942a4	4			yes					-1	-1	-1	-1	
298	278	6892026311dac4db	4			yes					-1	-1	299	-1	
299	298	37e0efb589c2e444	6			yes					300	301	302	-1	304	305	
300	299	8e3683a950d451af	5			yes					-1	-1	-1	-1	-1	
301	299	41e765ced9274f78	5			yes					-1	-1	-1	-1	-1	
302	299	1079f0731eff98ce	5			yes					-1	-1	-1	-1	-1	
303	302	ae842f1b4aef416a	4			no					-1	-2	-1	-1	
304	299	6b2d08b26f5e89f5	5			yes					-1	-1	-1	-1	-1	
305	299	891d30ddddd23de0	5			yes					306	-1	-1	-1	-1	
306	305	30cb5cc104c4880b	4			yes					-1	-1	-1	-1	
307	278	c56d2d64b0fe8bee	4			yes					-1	-1	-1	-1	
308	277	2dfc4b5f541af4c2	5			yes					309	319	322	330	-1	
309	308	1315f82d8f46bd01	4			yes					310	312	317	-1	
310	309	616373c82fabb249	5			yes					-1	-1	-1	-1	311	
311	310	df9eaca07bbb6bed	4			yes					-1	-1	-1	-1	
312	309	8be20ee025aef14c	5			yes					313	314	-1	315	316	
313	312	41ffc14fec73b77e	4			yes					-1	-1	-1	-1	
314	312	9e2b431f18a299a9	4			yes					-1	-1	-1	-1	
315	312	f28a904a38bf2643	4			yes					-1	-1	-1	-1	
316	312	cb414d9b5b5694ee	4			yes					-1	-1	-1	-1	
317	309	2c9efdf02bd1b9cc	5			yes					-1	-1	-1	-1	318	
318	317	6c3dbe8b5529dc6e	4			yes					-1	-1	-1	-1	
319	308	c2e3fe9322db1f4b	4			yes					-1	320	321	-1	
320	319	fdfdaf1ce9b59acf	5			yes					-1	-1	-1	-1	-1	
321	319	8ad5f873a09be12d	5			yes					-1	-1	-1	-1	-1	
322	308	7ac1713bc65a937c	4			yes					-1	-1	323	-1	
323	322	f96fd0af4a5529af	6			yes					324	326	327	-1	328	329	
324	323	9a22dc0380757ee8	5			yes					-1	-1	-1	-1	-1	
325	324	24df036bd465a74c	4			no					-1	-2	-1	-1	
326	323	9b7c057eca11add4	5			yes					-1	-1	-1	-1	-1	
327	323	def6cf69dd685525	5			yes					-1	-1	-1	-1	-1	
328	323	a5a237a8acc9441e	5			yes					-1	-1	-1	-1	-1	
329	323	47920fc71e45f00b	5			yes					-1	-1	-1	-1	-1	
330	308	d73e5e3c677edc49	4			yes					-1	-1	-1	-1	
331	277	c413f5d65a7b831b	5			yes					332	346	352	354	-1	
332	331	fafa46a48127cad8	4			yes					333	341	343	-1	
333	332	55371740026b3227	6			yes					-1	334	336	338	339	340	
334	333	c07394425b713e97	5			yes					-1	-1	-1	-1	335	
335	334	7e8e4b2a0f61e733	4			yes					-1	-1	-1	-1	
336	333	270806dafbcb05eb	5			yes					-1	-1	-1	-1	337	
337	336	99f5d9b2afdbdc4f	4			yes					-1	-1	-1	-1	
338	333	347e82d2af2c9884	5			yes					-1	-1	-1	-1	-1	
339	333	519ee8b4df106cd8	5			yes					-1	-1	-1	-1	-1	
340	333	ebcac828567beb83	5			yes					-1	-1	-1	-1	-1	
341	332	0310cfb4528f3711	5			yes					-1	-1	-1	-1	342	
342	341	bded10dc069feeb5	4			yes					-1	-1	-1	-1	
343	332	d29f6bad6838a058	5			yes					-1	-1	344	-1	345	
344	343	a0a07a3791989794	4			yes					-1	-1	-1	-1	
345	343	923c28d616c0c5fa	4			yes					-1	-1	-1	-1	
346	331	be04a15852505772	4			yes					-1	347	349	-1	
347	346	06b9805d5af91287	5			yes					-1	-1	-1	-1	348	
348	347	b8445f350ee9cb23	4			yes					-1	-1	-1	-1	
349	346	fa82838c1a4e1335	5			yes					350	-1	-1	-1	351	
350	349	99cf8f20d06e4472	4			yes					-1	-1	-1	-1	
351	349	ba21c0f764b67697	4			yes					-1	-1	-1	-1	
352	331	efc99079b8b0ac9c	4			yes					-1	-1	353	-1	
353	352	a42265e49ad6b3b2	5			yes					-1	-1	-1	-1	-1	
354	331	3ed1e0b5691fab90	4			yes					-1	-1	-1	-1	
355	277	b3ca7674e09e6ae0	5			yes					356	369	381	383	-1	
356	355	8d23c5063bc22323	4			yes					357	365	367	-1	
357	356	e71bec1ac9db7338	6			yes					-1	358	360	362	363	364	
358	357	c082f3dc5ee60fb2	5			yes					-1	-1	-1	-1	359	
359	358	7e7f2cb40af6d616	4			yes					-1	-1	-1	-1	
360	357	95d59a1e35ec75d1	5			yes					-1	-1	-1	-1	361	
361	360	2b28457661fcac75	4			yes					-1	-1	-1	-1	
362	357	86527988649cd99b	5			yes					-1	-1	-1	-1	-1	
363	357	e3b213ee14a02dc7	5			yes					-1	-1	-1	-1	-1	
364	357	59e633729dcbaa9c	5			yes					-1	-1	-1	-1	-1	
365	356	c580a5e384eafc78	5			yes					-1	-1	-1	-1	366	
366	365	7b7d7a8bd0fa25dc	4			yes					-1	-1	-1	-1	
367	356	e201fea0cc61ab04	5			yes					-1	-1	-1	-1	368	
368	367	5cfc21c8987172a0	4			yes					-1	-1	-1	-1	
369	355	c9dd22fae8b5be89	4			yes					-1	370	379	-1	
370	369	ae782a038d0ab281	6			yes					371	-1	373	375	377	378	
371	370	cd3526af472ae5c6	5			yes					-1	-1	-1	-1	372	
372	371	73c8f9c7133a3c62	4			yes					-1	-1	-1	-1	
373	370	dcb65c07713db468	5			yes					-1	-1	-1	-1	374	
374	373	624b836f252d6dcc	4			yes					-1	-1	-1	-1	
375	370	cf31bf91204d1822	5			yes					-1	-1	-1	-1	376	
376	375	71cc60f9745dc186	4			yes					-1	-1	-1	-1	
377	370	aad1d5f75071ec7e	5			yes					-1	-1	-1	-1	-1	
378	370	1085f56bd91a6b25	5			yes					-1	-1	-1	-1	-1	
379	369	c11157b8e3ca41ff	5			yes					-1	-1	-1	-1	380	
380	379	7fec88d0b7da985b	4			yes					-1	-1	-1	-1	
381	355	a9d2bd89acc169e0	4			yes					-1	-1	382	-1	
382	381	b99fec738aac5f1a	5			yes					-1	-1	-1	-1	-1	
383	355	0f134ee7c78b8717	4			yes					-1	-1	-1	-1	
