Number of nodes
520
ID	PID	Hash_Value			File_Number	Fully_Enumerated	Children
0	-1	d4aa3334aa476ee2	6			yes					1	161	288	393	474	519	
1	0	d8d3eade7dfec695	5			yes					2	56	83	104	120	
2	1	3291d4e0ae3bdc78	5			yes					3	16	34	44	55	
3	2	7a2ea724b09fecc7	4			yes					4	5	8	13	
4	3	9edd59cc0941c97c	4			yes					-1	-1	-1	-1	
5	3	2360e072039c53f0	5			yes					-1	6	-1	-1	7	
6	5	0903568f1b17279f	4			yes					-1	-1	-1	-1	
7	5	85a357e11c790c98	4			yes					-1	-1	-1	-1	
8	3	e0be7c79cf0e8271	3			yes					9	10	11	
9	8	356d9fe74d5b0417	4			yes					-1	-1	-1	-1	
10	8	ceb09f7fc5315244	4			yes					-1	-1	-1	-1	
11	8	15efb0c77cc0aac1	5			yes					-1	-1	-1	-1	12	
12	11	898e94b0f2716d37	4			yes					-1	-1	-1	-1	
13	3	3784c71f5a7e61ff	3			yes					14	15	-1	
14	13	732b22901ad76199	4			yes					-1	-1	-1	-1	
15	13	dd9aae93a039e0d2	4			yes					-1	-1	-1	-1	
16	2	f6ac3ab3cbfd0cfb	4			yes					-1	17	24	29	
17	16	fb9eb3d1ecd04f62	5			yes					18	20	21	22	23	
18	17	e390492619ebed7a	4			yes					19	-1	-1	-1	
19	18	c6fe0cc30987a4a7	3			yes					-1	-1	-1	
20	17	def0f634fcbc06bf	4			yes					-1	-1	-1	-1	
21	17	90df4421e9cbca7c	4			yes					-1	-1	-1	-1	
22	17	3d68684466687a87	4			yes					-1	-1	-1	-1	
23	17	90d793776af45b3e	4			yes					-1	-1	-1	-1	
24	16	6284fb97735a9152	5			yes					25	26	-1	27	28	
25	24	7a8a01608661334a	4			yes					-1	-1	-1	-1	
26	24	47eabe726336d88f	4			yes					-1	-1	-1	-1	
27	24	1b88ab40d91bf2d4	4			yes					-1	-1	-1	-1	
28	24	5b0624ba9a84298f	4			yes					-1	-1	-1	-1	
29	16	24c246e024d6f4dc	5			yes					30	31	-1	33	-1	
30	29	3cccbc17d1ed56c4	4			yes					-1	-1	-1	-1	
31	29	01ac030534babd01	4			yes					-1	-1	-1	-1	
32	29	3ba88d9ff1445510	4			no					-1	-2	-1	-1	
33	29	9ee7e87522633729	4			yes					-1	-1	-1	-1	
34	2	5bb826f1ee1203b2	4			yes					-1	-1	35	40	
35	34	9959fb0ffb30c701	5			yes					36	37	38	-1	39	
36	35	815701f80e0b6519	4			yes					-1	-1	-1	-1	
37	35	bc37beeaeb5c8edc	4			yes					-1	-1	-1	-1	
38	35	b33a4df2e3bbb36e	4			yes					-1	-1	-1	-1	
39	35	a0db242212ee7fdc	4			yes					-1	-1	-1	-1	
40	34	8a73cae39e387597	5			yes					41	42	43	-1	-1	
41	40	927d30146b03d78f	4			yes					-1	-1	-1	-1	
42	40	af1d8f068e543c4a	4			yes					-1	-1	-1	-1	
43	40	a0107c1e86b301f8	4			yes					-1	-1	-1	-1	
44	2	a8010fbdd1aab2ce	4			yes					-1	-1	-1	45	
45	44	4206d4b742c13f84	6			yes					46	48	50	52	-1	54	
46	45	5a082e40b7fa9d9c	5			yes					-1	-1	-1	-1	47	
47	46	c6690a37394b5a6a	4			yes					-1	-1	-1	-1	
48	45	6768915252ad7659	5			yes					-1	-1	-1	-1	49	
49	48	fb09b525dc1cb1af	4			yes					-1	-1	-1	-1	
50	45	6865624a5a4a4beb	5			yes					-1	-1	-1	-1	51	
51	50	f404463dd4fb8c1d	4			yes					-1	-1	-1	-1	
52	45	23e5943c7189b010	5			yes					-1	-1	-1	-1	53	
53	52	bf84b04bff3877e6	4			yes					-1	-1	-1	-1	
54	45	de67f0c0cc70f872	5			yes					-1	-1	-1	-1	-1	
55	2	7f3bb4db44da5140	4			yes					-1	-1	-1	-1	
56	1	b0680ec133cc4ed8	4			yes					57	64	71	82	
57	56	452d9906f2428af2	3			yes					58	59	61	
58	57	ac77d7a1d2d1da27	4			yes					-1	-1	-1	-1	
59	57	e0d183e323f34dce	5			yes					-1	-1	-1	-1	60	
60	59	ea988f136f8c631e	4			yes					-1	-1	-1	-1	
61	57	eb23d93d182fbbff	5			yes					-1	62	63	-1	-1	
62	61	43baeb01b21ca462	4			yes					-1	-1	-1	-1	
63	61	8ac099b62b67346b	4			yes					-1	-1	-1	-1	
64	56	227f2ca154fe27a4	3			yes					-1	65	68	
65	64	5cd1d754ad5dd911	5			yes					-1	66	-1	-1	67	
66	65	306d273191fe8441	4			yes					-1	-1	-1	-1	
67	65	5698dba4e122f7c1	4			yes					-1	-1	-1	-1	
68	64	57238d8a96812f20	5			yes					69	70	-1	-1	-1	
69	68	4f2d777d63ba8d38	4			yes					-1	-1	-1	-1	
70	68	3b9f7defaa227270	4			yes					-1	-1	-1	-1	
71	56	2af8d59c4c5d206e	3			yes					-1	-1	72	
72	71	892ee5f6dcb640fb	6			yes					73	75	77	79	-1	81	
73	72	91201f01298de2e3	5			yes					-1	-1	-1	-1	74	
74	73	0d413b76a73c2515	4			yes					-1	-1	-1	-1	
75	72	e5921593e0151dab	5			yes					-1	-1	-1	-1	76	
76	75	79f331e46ea4da5d	4			yes					-1	-1	-1	-1	
77	72	21b7d7ca76855f66	5			yes					-1	-1	-1	-1	78	
78	77	bdd6f3bdf8349890	4			yes					-1	-1	-1	-1	
79	72	e8cda57deffecf6f	5			yes					-1	-1	-1	-1	80	
80	79	74ac810a614f0899	4			yes					-1	-1	-1	-1	
81	72	154fc1815207870d	5			yes					-1	-1	-1	-1	-1	
82	56	fdc26efad92dc3e0	3			yes					-1	-1	-1	
83	1	e65d849d2b208b11	4			yes					84	91	101	103	
84	83	1318135aeaae4f3b	3			yes					85	87	88	
85	84	a50d22a9d3c651c8	5			yes					-1	-1	-1	-1	86	
86	85	58a7a4455d3aadb2	4			yes					-1	-1	-1	-1	
87	84	ced2eae00455e7a0	4			yes					-1	-1	-1	-1	
88	84	9e77a48a287bf745	5			yes					-1	89	90	-1	-1	
89	88	b414127730f0832a	4			yes					-1	-1	-1	-1	
90	88	083a1d7799df5f99	4			yes					-1	-1	-1	-1	
91	83	22606ace4ee65b92	3			yes					-1	92	96	
92	91	9f095620d6911b39	5			yes					-1	-1	-1	-1	95	
93	92	8707acd723aab921	4			no					-1	-1	-1	-2	
94	92	f3b5a645ea324669	4			no					-1	-1	-1	-2	
95	92	297687ec444a4562	4			yes					-1	-1	-1	-1	
96	91	46167efd289c405c	5			yes					97	98	99	100	-1	
97	96	5e18840adda7e244	4			yes					-1	-1	-1	-1	
98	96	2aaa8e98143f1d0c	4			yes					-1	-1	-1	-1	
99	96	5b35d0e3db109ea9	4			yes					-1	-1	-1	-1	
100	96	faeb1b6c2e048b19	4			yes					-1	-1	-1	-1	
101	83	7cd219af4ea99991	3			yes					-1	-1	102	
102	101	03210c44a8edbb31	5			yes					-1	-1	-1	-1	-1	
103	83	abf7e4a6c1c10629	3			yes					-1	-1	-1	
104	1	8ed5bcf49eaaf1ed	4			yes					105	110	117	119	
105	104	7b902b335f2435c7	3			yes					106	108	-1	
106	105	07cb78d99feea116	5			yes					-1	-1	-1	107	-1	
107	106	4ee9b261806f6b88	4			yes					-1	-1	-1	-1	
108	105	e55c59d473a2b3b8	5			yes					-1	-1	-1	109	-1	
109	108	ac7e936c6c237926	4			yes					-1	-1	-1	-1	
110	104	4ae852a7fb6c216e	3			yes					-1	111	116	
111	110	12089e31d987b1c0	5			yes					112	113	-1	114	115	
112	111	0a0664c62cbc13d8	4			yes					-1	-1	-1	-1	
113	111	7eb46e54e524ec90	4			yes					-1	-1	-1	-1	
114	111	82b67995616a7a2b	4			yes					-1	-1	-1	-1	
115	111	8f4d1ac6746eb1bd	4			yes					-1	-1	-1	-1	
116	110	c9d6240b5bfe3573	5			yes					-1	-1	-1	-1	-1	
117	104	e7fc4ee5de832e27	3			yes					-1	-1	118	
118	117	320b2493d3946320	5			yes					-1	-1	-1	-1	-1	
119	104	58518b85e461cb63	3			yes					-1	-1	-1	
120	1	208c3401402b81e4	5			yes					121	127	147	159	160	
121	120	d5c9a3c681a545ce	4			yes					122	124	126	-1	
122	121	d5d0fd84f1cd0808	5			yes					-1	-1	-1	-1	123	
123	122	66caf37d1aa490b4	4			yes					-1	-1	-1	-1	
124	121	ad55e41e874f12bb	5			yes					-1	-1	-1	-1	125	
125	124	1e4feae76c268a07	4			yes					-1	-1	-1	-1	
126	121	e34256ed3fa5b9f3	5			yes					-1	-1	-1	-1	-1	
127	120	e4b1da5225ed5167	4			yes					-1	128	138	146	
128	127	8e5a7ae617f5eac4	6			yes					129	131	-1	133	135	137	
129	128	96548011e2ce48dc	5			yes					-1	-1	-1	-1	130	
130	129	9204006cf840dda3	4			yes					-1	-1	-1	-1	
131	128	e2e68a832b56b794	5			yes					-1	-1	-1	-1	132	
132	131	e6b60afe31d822eb	4			yes					-1	-1	-1	-1	
133	128	48aca1739d4ddf21	5			yes					-1	-1	-1	-1	134	
134	133	4cfc210e87c34a5e	4			yes					-1	-1	-1	-1	
135	128	dd55a68a5cb5dacc	5			yes					-1	-1	-1	-1	136	
136	135	d90526f7463b4fb3	4			yes					-1	-1	-1	-1	
137	128	8a0afa9b0d7b7fbb	5			yes					-1	-1	-1	-1	-1	
138	127	78593bef29fcea6b	6			yes					139	141	-1	-1	143	145	
139	138	6057c118dcc74873	5			yes					-1	-1	-1	-1	140	
140	139	64074165c649dd0c	4			yes					-1	-1	-1	-1	
141	138	14e5cb8a155fb73b	5			yes					-1	-1	-1	-1	142	
142	141	10b54bf70fd12244	4			yes					-1	-1	-1	-1	
143	138	16841147acc5a87d	5			yes					-1	-1	-1	-1	144	
144	143	12d4913ab64b3d02	4			yes					-1	-1	-1	-1	
145	138	7c09bb9233727f14	5			yes					-1	-1	-1	-1	-1	
146	127	06fcbe8bfe367556	3			yes					-1	-1	-1	
147	120	49a5c61000025e2e	4			yes					-1	-1	148	158	
148	147	83843b77a196bc38	6			yes					149	151	153	-1	155	157	
149	148	9b8ac18054ad1e20	5			yes					-1	-1	-1	-1	150	
150	149	9fda41fd4e238b5f	4			yes					-1	-1	-1	-1	
151	148	ef38cb129d35e168	5			yes					-1	-1	-1	-1	152	
152	151	eb684b6f87bb7417	4			yes					-1	-1	-1	-1	
153	148	a9e78d8ab91dc857	5			yes					-1	-1	-1	-1	154	
154	153	adb70df7a3935d28	4			yes					-1	-1	-1	-1	
155	148	ed5911df24affe2e	5			yes					-1	-1	-1	-1	156	
156	155	e90991a23e216b51	4			yes					-1	-1	-1	-1	
157	148	87d4bb0abb182947	5			yes					-1	-1	-1	-1	-1	
158	147	abe8a2c9dbd97a1f	3			yes					-1	-1	-1	
159	120	ba1cef5c3fbaef52	4			yes					-1	-1	-1	-1	
160	120	c2c150d89bf0a5d5	4			yes					-1	-1	-1	-1	
161	0	3b2fd022c674e454	5			yes					-1	162	214	234	250	
162	161	30d385090699b541	5			yes					163	182	192	202	213	
163	162	db0630f0db09324d	4			yes					164	165	171	177	
164	163	60dd4e7d15aaa707	4			yes					-1	-1	-1	-1	
165	163	1d3a2e2103b50ae2	5			yes					166	167	168	169	170	
166	165	f567b9e9a1922bd8	4			yes					-1	-1	-1	-1	
167	165	1a586c116e1ef3f2	4			yes					-1	-1	-1	-1	
168	165	8e23f220a645e73b	4			yes					-1	-1	-1	-1	
169	165	176f295fec5821af	4			yes					-1	-1	-1	-1	
170	165	76730e8785911ebe	4			yes					-1	-1	-1	-1	
171	163	b2e76b8abd4f0c80	5			yes					172	173	174	175	176	
172	171	5abafc421f682dba	4			yes					-1	-1	-1	-1	
173	171	b58529bad0e4f590	4			yes					-1	-1	-1	-1	
174	171	7680a42d4ff33f42	4			yes					-1	-1	-1	-1	
175	171	12dac572d4ee5335	4			yes					-1	-1	-1	-1	
176	171	8b65b4a75491b45d	4			yes					-1	-1	-1	-1	
177	163	6d954a5086ef6cf3	5			yes					178	179	180	181	-1	
178	177	85c8dd9824c84dc9	4			yes					-1	-1	-1	-1	
179	177	6af70860eb4495e3	4			yes					-1	-1	-1	-1	
180	177	a9f285f774535f31	4			yes					-1	-1	-1	-1	
181	177	0a0649eb25eb99a4	4			yes					-1	-1	-1	-1	
182	162	55c6fc8e08c9bb48	4			yes					-1	183	186	189	
183	182	0d67ce709d46742f	5			yes					184	-1	-1	-1	185	
184	183	9b1d6f3d40826e20	4			yes					-1	-1	-1	-1	
185	183	aba479e382a32b47	4			yes					-1	-1	-1	-1	
186	182	cf5627d37758d5fe	3			yes					187	188	-1	
187	186	5c139372ddf0f43c	4			yes					-1	-1	-1	-1	
188	186	e0b7b17d5beb759b	4			yes					-1	-1	-1	-1	
189	182	186c9cb5e2283670	3			yes					190	191	-1	
190	189	be466b5505694065	4			yes					-1	-1	-1	-1	
191	189	f39d80913ee3c70d	4			yes					-1	-1	-1	-1	
192	162	59fa771846b06a8b	4			yes					-1	-1	193	198	
193	192	95d72474617714e4	5			yes					194	195	196	-1	197	
194	193	03ad8539bcb30eeb	4			yes					-1	-1	-1	-1	
195	193	b0b96191711b5d39	4			yes					-1	-1	-1	-1	
196	193	3d4e1648cb440b79	4			yes					-1	-1	-1	-1	
197	193	ac55fb5988a9ac39	4			yes					-1	-1	-1	-1	
198	192	86fd1598047fa672	5			yes					199	200	201	-1	-1	
199	198	1087b4d5d9bbbc7d	4			yes					-1	-1	-1	-1	
200	198	a393507d1413efaf	4			yes					-1	-1	-1	-1	
201	198	2e6427a4ae4cb9ef	4			yes					-1	-1	-1	-1	
202	162	aa435e547908dbf7	4			yes					-1	-1	-1	203	
203	202	4e880bccd886ec61	6			yes					204	206	208	210	-1	212	
204	203	d8f2aa810542f66e	5			yes					-1	-1	-1	-1	205	
205	204	44938ef68bf33198	4			yes					-1	-1	-1	-1	
206	203	6be64e29c8eaa5bc	5			yes					-1	-1	-1	-1	207	
207	206	f7876a5e465b624a	4			yes					-1	-1	-1	-1	
208	203	e61139f072b5f3fc	5			yes					-1	-1	-1	-1	209	
209	208	7a701d87fc04340a	4			yes					-1	-1	-1	-1	
210	203	2f6b4b47ebce63f5	5			yes					-1	-1	-1	-1	211	
211	210	b30a6f30657fa403	4			yes					-1	-1	-1	-1	
212	203	d2e92fbb56372b97	5			yes					-1	-1	-1	-1	-1	
213	162	7d79e532ec783879	4			yes					-1	-1	-1	-1	
214	161	f6e02ff6ca132040	4			yes					215	226	231	233	
215	214	1d359a0f1783a74c	3			yes					216	219	221	
216	215	8bf29790730bcb4e	5			yes					-1	217	-1	-1	218	
217	216	b488287005d19855	4			yes					-1	-1	-1	-1	
218	216	7658117cfdf73734	4			yes					-1	-1	-1	-1	
219	215	40aa8e892b285696	5			yes					-1	-1	-1	-1	220	
220	219	f6d55f45b9f308cd	4			yes					-1	-1	-1	-1	
221	215	2ef5aa8483a24997	5			yes					222	223	224	225	-1	
222	221	c6a83d4c218568ad	4			yes					-1	-1	-1	-1	
223	221	1865cbe7bf0f4d7f	4			yes					-1	-1	-1	-1	
224	221	f14a2cda8c024433	4			yes					-1	-1	-1	-1	
225	221	9208cf15853a82d2	4			yes					-1	-1	-1	-1	
226	214	3cf048f052f818b4	3			yes					-1	227	228	
227	226	e0d5c4e29a8fc07f	4			yes					-1	-1	-1	-1	
228	226	b0708a88b6a1d09a	5			yes					229	-1	230	-1	-1	
229	228	260a2bc56b65ca95	4			yes					-1	-1	-1	-1	
230	228	263d337507057846	4			yes					-1	-1	-1	-1	
231	214	6c6fb2c4af9a32c0	3			yes					-1	-1	232	
232	231	c487e27eacdd17ab	5			yes					-1	-1	-1	-1	-1	
233	214	bb4a4fcd20f2ad78	3			yes					-1	-1	-1	
234	161	9e68179f7f995abc	4			yes					235	244	247	249	
235	234	75bda266a209ddb0	3			yes					236	238	243	
236	235	135ac36f45e2aec7	5			yes					-1	-1	-1	237	-1	
237	236	5a7809d75a636459	4			yes					-1	-1	-1	-1	
238	235	be70390ec8f817ec	5			yes					239	240	-1	241	242	
239	238	562daec66adf36d6	4			yes					-1	-1	-1	-1	
240	238	88e0586df4551304	4			yes					-1	-1	-1	-1	
241	238	f752f3b6d779dd72	4			yes					-1	-1	-1	-1	
242	238	d53919a84edc03b0	4			yes					-1	-1	-1	-1	
243	235	c41a98b0003e30fe	5			yes					-1	-1	-1	-1	-1	
244	234	54787099e7726248	3			yes					-1	245	-1	
245	244	cb5b77d6ed789467	5			yes					-1	-1	-1	246	-1	
246	245	8279bd6ef2f95ef9	4			yes					-1	-1	-1	-1	
247	234	f741e58e3fb08576	3			yes					-1	-1	248	
248	247	f5adcaa9d7a4cfba	5			yes					-1	-1	-1	-1	-1	
249	234	48ec20ee05526032	3			yes					-1	-1	-1	
250	161	30319f6aa1182ab5	5			yes					251	270	274	286	287	
251	250	dbe42a937c88adb9	4			yes					252	254	264	267	
252	251	a9c7b13454ef618c	5			yes					-1	-1	-1	-1	253	
253	252	ad9731494e61f4f3	4			yes					-1	-1	-1	-1	
254	251	5b7f56abab44a564	6			yes					255	257	-1	259	261	263	
255	254	b322c1630963845e	5			yes					-1	-1	-1	-1	256	
256	255	b772411e13ed1121	4			yes					-1	-1	-1	-1	
257	254	6def37c897e9a18c	5			yes					-1	-1	-1	-1	258	
258	257	69bfb7b58d6734f3	4			yes					-1	-1	-1	-1	
259	254	6ed42ff22a3e2d1e	5			yes					-1	-1	-1	-1	260	
260	259	6a84af8f30b0b861	4			yes					-1	-1	-1	-1	
261	254	08708ac7e004956c	5			yes					-1	-1	-1	-1	262	
262	261	0c200abafa8a0013	4			yes					-1	-1	-1	-1	
263	254	5f2fd6d6b1ca301b	5			yes					-1	-1	-1	-1	-1	
264	251	0f82b09961281cb9	5			yes					-1	-1	-1	-1	266	
265	264	3912d1fa5d851851	4			no					-1	-2	-1	-2	
266	264	bc98be608a418405	4			yes					-1	-1	-1	-1	
267	251	39a94e4aa7538988	3			yes					-1	268	269	
268	267	8206a1c72a306080	5			yes					-1	-1	-1	-1	-1	
269	267	4a43c1001886a418	5			yes					-1	-1	-1	-1	-1	
270	250	fa21f86c39f31241	4			yes					-1	271	273	-1	
271	270	8352ca1c19953564	5			yes					-1	-1	-1	-1	272	
272	271	3048c4e5f2fcadd8	4			yes					-1	-1	-1	-1	
273	270	cd4578efa17f9e2c	5			yes					-1	-1	-1	-1	-1	
274	250	59186d7be131f57f	4			yes					-1	-1	275	285	
275	274	4422d54da5a610a2	6			yes					276	278	280	-1	282	284	
276	275	d258740078620aad	5			yes					-1	-1	-1	-1	277	
277	276	d608f47d62ec9fd2	4			yes					-1	-1	-1	-1	
278	275	614c90a8b5ca597f	5			yes					-1	-1	-1	-1	279	
279	278	651c10d5af44cc00	4			yes					-1	-1	-1	-1	
280	275	6e4163b0bd2d64cd	5			yes					-1	-1	-1	-1	281	
281	280	6a11e3cda7a3f1b2	4			yes					-1	-1	-1	-1	
282	275	2affffe5209f52b4	5			yes					-1	-1	-1	-1	283	
283	282	2eaf7f983a11c7cb	4			yes					-1	-1	-1	-1	
284	275	40725530bf2885dd	5			yes					-1	-1	-1	-1	-1	
285	274	bb5509a23aead14e	3			yes					-1	-1	-1	
286	250	aaa14437de894403	4			yes					-1	-1	-1	-1	
287	250	d27cfbb37ac30e84	4			yes					-1	-1	-1	-1	
288	0	0129a5282f03b355	5			yes					-1	-1	289	341	356	
289	288	54fe7b6d17047da4	5			yes					290	309	322	329	340	
290	289	bf2bce94ca94faa8	4			yes					291	298	299	304	
291	290	f9e2ab90cc5de878	5			yes					292	293	295	296	297	
292	291	936b70f2170b96f8	4			yes					-1	-1	-1	-1	
293	291	517b99ac666ef7e5	4			yes					-1	294	-1	-1	
294	293	c7362051d7ca5f39	3			yes					-1	-1	-1	
295	291	6faf126d7df940a4	4			yes					-1	-1	-1	-1	
296	291	3f14700546e5dd9d	4			yes					-1	-1	-1	-1	
297	291	92ab8b364a79fc24	4			yes					-1	-1	-1	-1	
298	290	93092772c1047cc6	4			yes					-1	-1	-1	-1	
299	290	b450247b3d4c2236	5			yes					-1	300	301	302	303	
300	299	0cf5a0e75c73f962	4			yes					-1	-1	-1	-1	
301	299	a9e1e1a98d824d01	4			yes					-1	-1	-1	-1	
302	299	c17f2285ed98f62f	4			yes					-1	-1	-1	-1	
303	299	466ecb40545cc851	4			yes					-1	-1	-1	-1	
304	290	1cc617cf96007da9	5			yes					305	306	307	308	-1	
305	304	8a939b3fc379d582	4			yes					-1	-1	-1	-1	
306	304	a4639353f73fa6fd	4			yes					-1	-1	-1	-1	
307	304	0177d21d26ce129e	4			yes					-1	-1	-1	-1	
308	304	a03b725e9098b6ec	4			yes					-1	-1	-1	-1	
309	289	d240adc0ad1fb9e5	4			yes					-1	310	311	317	
310	309	29e8bbeb9509c0fc	4			yes					-1	-1	-1	-1	
311	309	97adf2df640394f3	5			yes					312	313	314	315	316	
312	311	01d75392b9c78efc	4			yes					-1	-1	-1	-1	
313	311	0cda8d5ad4ce4b46	4			yes					-1	-1	-1	-1	
314	311	8a1c370dd4cdfbc4	4			yes					-1	-1	-1	-1	
315	311	e282f421b4d740ea	4			yes					-1	-1	-1	-1	
316	311	65931de40d137e94	4			yes					-1	-1	-1	-1	
317	309	3f3bc16bcf4fcb6c	5			yes					318	319	320	321	-1	
318	317	a9416026128bd163	4			yes					-1	-1	-1	-1	
319	317	a44cbeee7f8214d9	4			yes					-1	-1	-1	-1	
320	317	228a04b97f81a45b	4			yes					-1	-1	-1	-1	
321	317	83c6a4fac9d70029	4			yes					-1	-1	-1	-1	
322	289	ba51d832f2fba0c3	4			yes					-1	-1	323	326	
323	322	20c1036f8d6ace75	3			yes					324	325	-1	
324	323	7970d5e5dda3f2fb	4			yes					-1	-1	-1	-1	
325	323	c391497c89ae4ec1	4			yes					-1	-1	-1	-1	
326	322	f7fbb809181a2dfb	3			yes					327	328	-1	
327	326	192b8ef399fd0cbc	4			yes					-1	-1	-1	-1	
328	326	a3ca126acdf0b086	4			yes					-1	-1	-1	-1	
329	289	ce6ea03068951312	4			yes					-1	-1	-1	330	
330	329	f0f4473a76a5dfa4	6			yes					331	333	335	337	-1	339	
331	330	668ee677ab61c5ab	5			yes					-1	-1	-1	-1	332	
332	331	faefc20025d0025d	4			yes					-1	-1	-1	-1	
333	330	9c48b75f4a0682f4	5			yes					-1	-1	-1	-1	334	
334	333	00299328c4b74502	4			yes					-1	-1	-1	-1	
335	330	586d7506dc96c039	5			yes					-1	-1	-1	-1	336	
336	335	c40c5171522707cf	4			yes					-1	-1	-1	-1	
337	330	66b9fec7c7017778	5			yes					-1	-1	-1	-1	338	
338	337	fad8dab049b0b08e	4			yes					-1	-1	-1	-1	
339	330	6c95634df8141852	5			yes					-1	-1	-1	-1	-1	
340	289	19541b56fde5f09c	4			yes					-1	-1	-1	-1	
341	288	29f876457a7210bf	4			yes					342	351	354	355	
342	341	c22dc3bca7e297b3	3			yes					343	348	350	
343	342	ae08ca865729251f	5			yes					-1	344	345	346	347	
344	343	0691f8bafd1a3a82	4			yes					-1	-1	-1	-1	
345	343	cfeb8a0d6461aa8b	4			yes					-1	-1	-1	-1	
346	343	3eb62d22efc4eef4	4			yes					-1	-1	-1	-1	
347	343	334d4e71fac02562	4			yes					-1	-1	-1	-1	
348	342	90abb39838fd4558	5			yes					-1	-1	-1	349	-1	
349	348	d9897920277c8fc6	4			yes					-1	-1	-1	-1	
350	342	91a8dc0242ee1779	5			yes					-1	-1	-1	-1	-1	
351	341	af46a0e8c069d4fe	3			yes					-1	352	353	
352	351	2a4a2f016cf0f962	5			yes					-1	-1	-1	-1	-1	
353	351	b2550aa61ba1a1bc	5			yes					-1	-1	-1	-1	-1	
354	341	bbef54251d4079c3	3			yes					-1	-1	-1	
355	341	ff7c413400b92a31	3			yes					-1	-1	-1	
356	288	87a1feb0a4f360b6	5			yes					357	378	389	391	392	
357	356	6c744b497963e7ba	4			yes					358	368	370	377	
358	357	325a2e51995b7e1b	6			yes					-1	359	361	363	365	367	
359	358	9ac31c6d33686186	5			yes					-1	-1	-1	-1	360	
360	359	9e939c1029e6f4f9	4			yes					-1	-1	-1	-1	
361	358	53b96edaaa13f18f	5			yes					-1	-1	-1	-1	362	
362	361	57e9eea7b09d64f0	4			yes					-1	-1	-1	-1	
363	358	f4acf5c413e34bfe	5			yes					-1	-1	-1	-1	364	
364	363	f0fc75b9096dde81	4			yes					-1	-1	-1	-1	
365	358	6155f23dd21b4e13	5			yes					-1	-1	-1	-1	366	
366	365	65057240c895db6c	4			yes					-1	-1	-1	-1	
367	358	360aae2c83d5eb64	5			yes					-1	-1	-1	-1	-1	
368	357	e849711f0f1d285d	5			yes					-1	-1	-1	-1	369	
369	368	5b537fe6e474b0e1	4			yes					-1	-1	-1	-1	
370	357	2027c3e630ecc861	6			yes					-1	371	373	-1	374	376	
371	370	9882477a51d31335	5			yes					-1	-1	-1	-1	372	
372	371	9cd2c7074b5d864a	4			yes					-1	-1	-1	-1	
373	370	e4400c41c250fba3	5			yes					-1	-1	-1	-1	-1	
374	370	4efae94eb5d58a77	5			yes					-1	-1	-1	-1	375	
375	374	4aaa6933af5b1f08	4			yes					-1	-1	-1	-1	
376	370	2477439b2a625d1e	5			yes					-1	-1	-1	-1	-1	
377	357	8e392f90a2b8c38b	3			yes					-1	-1	-1	
378	356	011f281d1ee8a4f7	4			yes					-1	379	381	388	
379	378	52a8ed865b109467	5			yes					-1	-1	-1	-1	380	
380	379	e1b2e37fb0790cdb	4			yes					-1	-1	-1	-1	
381	378	03da154269a37ea4	6			yes					382	-1	384	-1	385	387	
382	381	95a0b40fb46764ab	5			yes					-1	-1	-1	-1	383	
383	382	91f03472aee9f1d4	4			yes					-1	-1	-1	-1	
384	381	c7bddae59b1f4d66	5			yes					-1	-1	-1	-1	-1	
385	381	6d073feaec9a3cb2	5			yes					-1	-1	-1	-1	386	
386	385	6957bf97f614a9cd	4			yes					-1	-1	-1	-1	
387	381	078a953f732debdb	5			yes					-1	-1	-1	-1	-1	
388	378	e3524cc4c53380c6	3			yes					-1	-1	-1	
389	356	15b6dcd0c3c109ca	4			yes					-1	-1	390	-1	
390	389	53ccdd212b4cfec9	5			yes					-1	-1	-1	-1	-1	
391	356	1d3125eddb620e00	4			yes					-1	-1	-1	-1	
392	356	65ec9a697f284487	4			yes					-1	-1	-1	-1	
393	0	ed9ff1a952d05881	5			yes					-1	-1	-1	394	438	
394	393	a28799c2b6f17974	5			yes					395	413	427	435	437	
395	394	49522c3b6b61fe78	4			yes					396	401	405	408	
396	395	db5cb731677d69a5	5			yes					-1	397	398	399	400	
397	396	f13f01cc7ff61dca	4			yes					-1	-1	-1	-1	
398	396	4d110eccd6d9c179	4			yes					-1	-1	-1	-1	
399	396	4be25095df90a24e	4			yes					-1	-1	-1	-1	
400	396	461933c6ca9469d8	4			yes					-1	-1	-1	-1	
401	395	5dcc351d5c73ad12	5			yes					-1	-1	402	403	404	
402	401	867f88db86c0ddd0	4			yes					-1	-1	-1	-1	
403	401	14eeffa543f2678c	4			yes					-1	-1	-1	-1	
404	401	368515bbda57b94e	4			yes					-1	-1	-1	-1	
405	395	6cfc4f96df132917	3			yes					406	407	-1	
406	405	dcb258fc347dcf33	4			yes					-1	-1	-1	-1	
407	405	e8316b55a576e1d9	4			yes					-1	-1	-1	-1	
408	395	eac1443308bf2779	6			yes					-1	-1	409	410	411	412	
409	408	be3b0975bbe7c583	5			yes					-1	-1	-1	-1	-1	
410	408	3172f9f5d20c57bb	5			yes					-1	-1	-1	-1	-1	
411	408	992f2051021a32bd	5			yes					-1	-1	-1	-1	-1	
412	408	92d25d3ed139755a	5			yes					-1	-1	-1	-1	-1	
413	394	24394f6f0ceabd35	4			yes					-1	414	419	421	
414	413	f55b9933f9a74e7a	5			yes					415	-1	416	417	418	
415	414	6321387e24635475	4			yes					-1	-1	-1	-1	
416	414	631620ce4803e6a6	4			yes					-1	-1	-1	-1	
417	414	65e57e97414a8591	4			yes					-1	-1	-1	-1	
418	414	681e1dc4544e4e07	4			yes					-1	-1	-1	-1	
419	413	01972cc2b8986a5a	3			yes					-1	420	-1	
420	419	f2b576feaaa7e8ec	4			yes					-1	-1	-1	-1	
421	413	4fdd8b73d2b6ae31	6			yes					422	-1	423	424	425	-1	
422	421	d9a72a3e0f72b43e	5			yes					-1	-1	-1	-1	-1	
423	421	d783eee278f022a7	5			yes					-1	-1	-1	-1	-1	
424	421	946e36b50805def3	5			yes					-1	-1	-1	-1	-1	
425	421	3c33ef11d813bbf5	5			yes					-1	-1	-1	-1	-1	
426	421	37ce927e0b30fc12	5			no					-1	-1	-2	-1	-2	
427	394	66ba7791d337a9f7	4			yes					-1	-1	428	429	
428	427	4314143c67457e98	3			yes					-1	-1	-1	
429	427	37ab3f9f1b7bae8f	6			yes					430	431	-1	432	433	434	
430	429	a1d19ed2c6bfb480	5			yes					-1	-1	-1	-1	-1	
431	429	5b17cffa27d8f3df	5			yes					-1	-1	-1	-1	-1	
432	429	ec188259c1c8de4d	5			yes					-1	-1	-1	-1	-1	
433	429	44455bfd11debb4b	5			yes					-1	-1	-1	-1	-1	
434	429	4fb82692c2fdfcac	5			yes					-1	-1	-1	-1	-1	
435	394	8729fa6f0283ae1b	4			yes					-1	-1	-1	436	
436	435	a9568d07024d93ce	3			yes					-1	-1	-1	
437	394	8cf8eeaab63f44a1	4			yes					-1	-1	-1	-1	
438	393	d19474ecbc1fa57f	5			yes					439	456	469	472	473	
439	438	3a41c115618f2273	4			yes					440	450	453	454	
440	439	470e53e6a90f32a1	6			yes					-1	441	443	445	447	449	
441	440	6d6de51bb18446ce	5			yes					-1	-1	-1	-1	442	
442	441	693d6566ab0ad3b1	4			yes					-1	-1	-1	-1	
443	440	d143ea1b18ab9a7d	5			yes					-1	-1	-1	-1	444	
444	443	d5136a6602250f02	4			yes					-1	-1	-1	-1	
445	440	81f8887323b70744	5			yes					-1	-1	-1	-1	446	
446	445	85a8080e3939923b	4			yes					-1	-1	-1	-1	
447	440	14018f8ae24f02a9	5			yes					-1	-1	-1	-1	448	
448	447	10510ff7f8c197d6	4			yes					-1	-1	-1	-1	
449	440	435ed39bb381a7de	5			yes					-1	-1	-1	-1	-1	
450	439	695c65cd71de4da5	5			yes					-1	-1	-1	451	452	
451	450	abf309adf29450eb	4			yes					-1	-1	-1	-1	
452	450	da466b349ab7d519	4			yes					-1	-1	-1	-1	
453	439	6e0a99bdecbaa60a	5			yes					-1	-1	-1	-1	-1	
454	439	d80ca5ccba540642	3			yes					-1	455	-1	
455	454	8b93b8b40ded62f3	4			yes					-1	-1	-1	-1	
456	438	572aa2410604613e	4			yes					-1	457	467	468	
457	456	69097de437d5157e	6			yes					458	-1	460	462	464	466	
458	457	ff73dca9ea110f71	5			yes					-1	-1	-1	-1	459	
459	458	fb235cd4f09f9a0e	4			yes					-1	-1	-1	-1	
460	457	ff44c4198671bda2	5			yes					-1	-1	-1	-1	461	
461	460	fb1444649cff28dd	4			yes					-1	-1	-1	-1	
462	457	afffa671bd6d209b	5			yes					-1	-1	-1	-1	463	
463	462	abaf260ca7e3b5e4	4			yes					-1	-1	-1	-1	
464	457	3a06a1887c952576	5			yes					-1	-1	-1	-1	465	
465	464	3e5621f5661bb009	4			yes					-1	-1	-1	-1	
466	457	6d59fd992d5b8001	5			yes					-1	-1	-1	-1	-1	
467	456	534aa635aa4f9ec5	5			yes					-1	-1	-1	-1	-1	
468	456	b567c698dddf450f	3			yes					-1	-1	-1	
469	438	15a99abfd9d975fc	4			yes					-1	-1	470	471	
470	469	8b97b543db624cb7	5			yes					-1	-1	-1	-1	-1	
471	469	f7e4fe66020251cd	3			yes					-1	-1	-1	
472	438	4b1be9ded996b7ff	4			yes					-1	-1	-1	-1	
473	438	33d9103567c4814e	4			yes					-1	-1	-1	-1	
474	0	dbd8447542e1f452	5			yes					-1	-1	-1	-1	475	
475	474	6040a1b4f0bbd42c	6			yes					476	495	506	513	516	518	
476	475	8b95144d2d2b5320	5			yes					477	484	490	492	494	
477	476	0d2bc2e097309761	4			yes					478	480	-1	482	
478	477	3bdd046e4804103d	6			yes					-1	-1	-1	-1	-1	479	
479	478	3f8d8413528a8542	5			yes					-1	-1	-1	-1	-1	
480	477	d94a2563a4480293	6			yes					-1	-1	-1	-1	-1	481	
481	480	dd1aa51ebec697ec	5			yes					-1	-1	-1	-1	-1	
482	477	cbce6922770db613	6			yes					-1	-1	-1	-1	-1	483	
483	482	ccd76239c6ac568b	5			yes					-1	-1	-1	-1	-1	
484	476	4fa8fa1e48ed83a3	4			yes					-1	485	-1	487	
485	484	f92145319645bb29	5			yes					-1	-1	-1	-1	486	
486	485	4a3b4bc87d2c2395	4			yes					-1	-1	-1	-1	
487	484	e6554277f51dd543	6			yes					-1	-1	488	-1	-1	489	
488	487	e04558873889119f	5			yes					-1	-1	-1	-1	-1	
489	487	e14c496c44bc35db	5			yes					-1	-1	-1	-1	-1	
490	476	e2bce65c6d028cea	4			yes					-1	-1	-1	491	
491	490	e32938b2330ec2cd	5			yes					-1	-1	-1	-1	-1	
492	476	99ee5b8177caaa4b	4			yes					-1	-1	-1	493	
493	492	2baacaef9ff4cb08	3			yes					-1	-1	-1	
494	476	39d18523c5153263	4			yes					-1	-1	-1	-1	
495	475	e6fe77194aa0106d	5			yes					-1	496	501	503	505	
496	495	22c3994a2f66c0ee	4			yes					-1	497	-1	499	
497	496	f74d0b613a92254c	6			yes					-1	-1	-1	-1	-1	498	
498	497	f31d8b1c201cb033	5			yes					-1	-1	-1	-1	-1	
499	496	e5c94720e9d791cc	6			yes					-1	-1	-1	-1	-1	500	
500	499	e2d04c3b58767154	5			yes					-1	-1	-1	-1	-1	
501	495	8fd785080a89cfa7	4			yes					-1	-1	-1	502	
502	501	d4b1b6880d59a309	5			yes					-1	-1	-1	-1	-1	
503	495	f48538d51041e906	4			yes					-1	-1	-1	504	
504	503	46c1a9bbf87f8845	3			yes					-1	-1	-1	
505	495	54bae677a29e712e	4			yes					-1	-1	-1	-1	
506	475	a47d4fe7957d04af	5			yes					-1	-1	507	510	512	
507	506	cd54bdf6d554db65	4			yes					-1	-1	-1	508	
508	507	7b40e2ee63e4f129	6			yes					-1	-1	-1	-1	-1	509	
509	508	7c59e9f5d24511b1	5			yes					-1	-1	-1	-1	-1	
510	506	b606002bcf9cfdc4	4			yes					-1	-1	-1	511	
511	510	0442914527a29c87	3			yes					-1	-1	-1	
512	506	1639de897d4365ec	4			yes					-1	-1	-1	-1	
513	475	096953a5b0920be6	5			yes					-1	-1	-1	514	515	
514	513	1b121c69ea73f28d	4			yes					-1	-1	-1	-1	
515	513	bb2dc2cb58ac6aa5	4			yes					-1	-1	-1	-1	
516	475	723bee78aa5a2d47	5			yes					-1	-1	-1	-1	517	
517	516	c07f7f1642644c04	4			yes					-1	-1	-1	-1	
518	475	d20430da1885b56f	5			yes					-1	-1	-1	-1	-1	
519	0	0038193c2eff53a5	5			yes					-1	-1	-1	-1	-1	
