Number of nodes
168
ID	PID	Hash_Value			File_Number	Fully_Enumerated	Children
0	-1	1123161ae4ef1a79	6			yes					1	23	43	63	81	124	
1	0	4a2c2b28d568046c	5			yes					2	6	15	20	22	
2	1	371f52d3c88d5bca	4			yes					3	4	-1	5	
3	2	0b5e1ca2d5922a55	4			yes					-1	-1	-1	-1	
4	2	179623c93bab9223	4			yes					-1	-1	-1	-1	
5	2	8d7f01fbf3d31ef8	4			yes					-1	-1	-1	-1	
6	1	6c9d279bee5765df	4			yes					-1	7	10	11	
7	6	955f52fe0c5c9c41	4			yes					8	9	-1	-1	
8	7	719f0a61642abd6f	3			yes					-1	-1	-1	
9	7	93646fc4c1db7808	3			yes					-1	-1	-1	
10	6	879ef91cabc2ce48	4			yes					-1	-1	-1	-1	
11	6	96a0151283d82141	3			yes					-1	12	14	
12	11	b41372aabab214c0	5			yes					-1	-1	-1	-1	13	
13	12	c2f4caf014521780	4			yes					-1	-1	-1	-1	
14	11	a61b6f16541f03fa	4			yes					-1	-1	-1	-1	
15	1	c4a61f192729ede3	4			yes					-1	-1	16	18	
16	15	4fd73d40f7d8ee23	5			yes					-1	-1	-1	-1	17	
17	16	96fff6bda66f9018	4			yes					-1	-1	-1	-1	
18	15	3e9b2d904aa6a97d	3			yes					-1	-1	19	
19	18	5cc1cd1bf2f2b0e2	5			yes					-1	-1	-1	-1	-1	
20	1	2f3573f0b9149304	4			yes					-1	-1	-1	21	
21	20	d5084179d49bd79a	3			yes					-1	-1	-1	
22	1	b01119a1b8e740f2	4			yes					-1	-1	-1	-1	
23	0	a67f6a12464d7336	5			yes					24	32	35	40	42	
24	23	a07b13504967cf0b	4			yes					25	26	28	29	
25	24	c240fe136b733553	4			yes					-1	-1	-1	-1	
26	24	91615b9f76f30279	4			yes					-1	27	-1	-1	
27	26	69f5eba9867619a2	3			yes					-1	-1	-1	
28	24	38afbdf24bf0e854	4			yes					-1	-1	-1	-1	
29	24	5a4621d924e88b95	3			yes					-1	30	31	
30	29	4792120ef39a9db0	4			yes					-1	-1	-1	-1	
31	29	d35bbda331f985a6	4			yes					-1	-1	-1	-1	
32	23	17aa2722fc988644	4			yes					-1	33	-1	34	
33	32	ecf222b6f2ac19e8	4			yes					-1	-1	-1	-1	
34	32	ee0805b6a6db2cde	4			yes					-1	-1	-1	-1	
35	23	28f55e23b40c9ab9	4			yes					-1	-1	36	38	
36	35	c3c120e0ff2cf3f4	5			yes					-1	-1	-1	-1	37	
37	36	1ae9eb1dae9b8dcf	4			yes					-1	-1	-1	-1	
38	35	d2c86caad983de27	3			yes					-1	-1	39	
39	38	d0d7d0bbfa06ad35	5			yes					-1	-1	-1	-1	-1	
40	23	c36632ca2a31e45e	4			yes					-1	-1	-1	41	
41	40	395b004347bea0c0	3			yes					-1	-1	-1	
42	23	5c42589b2bc237a8	4			yes					-1	-1	-1	-1	
43	0	ec1b3a663a0d5349	5			yes					44	52	57	60	62	
44	43	ea1f43243527ef74	4			yes					45	47	48	49	
45	44	ca55daa5fe3cf61e	4			yes					-1	-1	-1	46	
46	45	137d1158af8b8825	3			yes					-1	-1	-1	
47	44	9de341b35622bc1d	3			yes					-1	-1	-1	
48	44	895441fe065fc642	4			yes					-1	-1	-1	-1	
49	44	102271ad58a8abea	3			yes					50	-1	51	
50	49	d9432afefb16a8df	4			yes					-1	-1	-1	-1	
51	49	62a041af7c56abb0	4			yes					-1	-1	-1	-1	
52	43	fc5e80144da2b2fd	4			yes					-1	53	54	55	
53	52	65c74561ef6425e7	4			yes					-1	-1	-1	-1	
54	52	468fa0a5397fa397	4			yes					-1	-1	-1	-1	
55	52	0663b29d202df663	3			yes					-1	-1	56	
56	55	ad7ba0f44376ce65	4			yes					-1	-1	-1	-1	
57	43	8965a96179768e7f	4			yes					-1	-1	-1	58	
58	57	d07ae445213adb7a	5			yes					-1	-1	-1	-1	59	
59	58	a69d5c1f8fdad83a	4			yes					-1	-1	-1	-1	
60	43	890262be5671c421	4			yes					-1	-1	-1	61	
61	60	733f50373bfe80bf	3			yes					-1	-1	-1	
62	43	162608ef578217d7	4			yes					-1	-1	-1	-1	
63	0	83d063414e5ff544	5			yes					64	72	77	79	80	
64	63	85d41a0341754979	4			yes					65	67	-1	69	
65	64	d1bac4ff8c7644c6	4			yes					-1	66	-1	-1	
66	65	78d5c77d960460d3	3			yes					-1	-1	-1	
67	64	ca4b2c6ca145466a	4			yes					-1	-1	-1	68	
68	67	1363e791f0f23851	3			yes					-1	-1	-1	
69	64	7fe9288a2cfa0de7	3			yes					70	71	-1	
70	69	95cd9ab30cedfdd3	4			yes					-1	-1	-1	-1	
71	69	d95ddc37a46f18ab	4			yes					-1	-1	-1	-1	
72	63	9395d93339f014f0	4			yes					-1	73	-1	75	
73	72	1034618526283065	4			yes					74	-1	-1	-1	
74	73	909daff5d5d6def1	3			yes					-1	-1	-1	
75	72	69a8ebba547f506e	3			yes					-1	76	-1	
76	75	54433fc9a6b38970	4			yes					-1	-1	-1	-1	
77	63	a5616ff2756094f7	4			yes					-1	-1	-1	78	
78	77	5f5c5d7b18efd069	3			yes					-1	-1	-1	
79	63	cacdfd0a2e3578a4	4			yes					-1	-1	-1	-1	
80	63	79ed51c823d0b1da	4			yes					-1	-1	-1	-1	
81	0	7427c39296996cad	5			yes					82	87	92	97	109	
82	81	fb4cd7f232bd8c72	4			yes					83	84	86	-1	
83	82	f511985ca526f5ea	4			yes					-1	-1	-1	-1	
84	82	ddfddb410982edc1	3			yes					-1	85	-1	
85	84	8930033b156bd460	4			yes					-1	-1	-1	-1	
86	82	75c6e3c3c0fc65fd	3			yes					-1	-1	-1	
87	81	171f96c8a198fb28	4			yes					88	90	91	-1	
88	87	111bef8aaeb24715	3			yes					-1	89	-1	
89	88	5c48a3a830c99f76	4			yes					-1	-1	-1	-1	
90	87	5f2b116fcabcba18	4			yes					-1	-1	-1	-1	
91	87	9995a2f953d912a7	3			yes					-1	-1	-1	
92	81	5d7bc6bcddd8db57	4			yes					93	95	96	-1	
93	92	5b7fbffed2f2676a	3			yes					94	-1	-1	
94	93	c4020d7c91e77de5	4			yes					-1	-1	-1	-1	
95	92	4d3e7cceaa773ae3	3			yes					-1	-1	-1	
96	92	ed5995d48ee31bda	4			yes					-1	-1	-1	-1	
97	81	1780d21b2899fd01	5			yes					98	102	105	107	108	
98	97	1184ab5927b3413c	4			yes					99	100	-1	101	
99	98	2cd68aecfe13e5e1	4			yes					-1	-1	-1	-1	
100	98	c41cfbb5ce9ecd91	4			yes					-1	-1	-1	-1	
101	98	0a1548a45e71e027	5			yes					-1	-1	-1	-1	-1	
102	97	07c568695f361cb5	4			yes					-1	103	-1	104	
103	102	ed582f96544d9142	4			yes					-1	-1	-1	-1	
104	102	480a0efabbfc9b93	5			yes					-1	-1	-1	-1	-1	
105	97	3131dea813a69cb2	4			yes					-1	-1	-1	106	
106	105	2b60559e1a6c097f	5			yes					-1	-1	-1	-1	-1	
107	97	2e8090a327cacd4c	4			yes					-1	-1	-1	-1	
108	97	09f08d3b4ce90c77	4			yes					-1	-1	-1	-1	
109	81	61ab96cdcd273ec0	5			yes					110	115	119	122	123	
110	109	67afef8fc20d82fd	4			yes					111	112	113	-1	
111	110	2ffbe93f7d5ba5bc	4			yes					-1	-1	-1	-1	
112	110	5e6534e68d9550df	4			yes					-1	-1	-1	-1	
113	110	d3f51d5d8dc3717a	5			yes					-1	-1	-1	-1	114	
114	113	1b22d2252b171233	4			yes					-1	-1	-1	-1	
115	109	71ee2cbfba88df74	4			yes					-1	116	118	-1	
116	115	a23740d77d76add8	5			yes					-1	-1	-1	-1	117	
117	116	6ae08fafdba2ce91	4			yes					-1	-1	-1	-1	
118	115	091aad04da377bbd	4			yes					-1	-1	-1	-1	
119	109	471a9a7ef6185f73	4			yes					-1	-1	120	-1	
120	119	1045c46c39290c1a	5			yes					-1	-1	-1	-1	121	
121	120	d8920b149ffd6f53	4			yes					-1	-1	-1	-1	
122	109	ef21a2fc3f66d74f	4			yes					-1	-1	-1	-1	
123	109	be7afbb2b1fbd5b5	4			yes					-1	-1	-1	-1	
124	0	2793c1617e01602b	5			yes					125	137	148	160	-1	
125	124	4e67f0de879fe8c5	5			yes					126	129	134	136	-1	
126	125	335489259a7ab763	4			yes					127	128	-1	-1	
127	126	f754cec08a68c7f0	4			yes					-1	-1	-1	-1	
128	126	eb9cf1ab64517f86	4			yes					-1	-1	-1	-1	
129	125	68d6fc6dbca08976	4			yes					-1	130	132	-1	
130	129	d4a1bb4b48fb3945	5			yes					-1	-1	-1	-1	131	
131	130	1c767433ee2f5a0c	4			yes					-1	-1	-1	-1	
132	129	4e0397e5a72aeaa0	5			yes					-1	-1	-1	-1	133	
133	132	86d4589d01fe89e9	4			yes					-1	-1	-1	-1	
134	125	c0edc4ef75de014a	4			yes					-1	-1	135	-1	
135	134	b3ddef22a8220386	5			yes					-1	-1	-1	-1	-1	
136	125	2b7ea806ebe37fad	4			yes					-1	-1	-1	-1	
137	124	a234b1e414ba9f9f	5			yes					138	142	145	147	-1	
138	137	a430c8a61b9023a2	4			yes					-1	139	140	-1	
139	138	e85527825e5689a0	4			yes					-1	-1	-1	-1	
140	138	38e5ddba4de18343	5			yes					-1	-1	-1	-1	141	
141	140	f03212c2eb35e00a	4			yes					-1	-1	-1	-1	
142	137	13e1fcd4ae6f6aed	4			yes					143	-1	-1	-1	
143	142	3e4a2c713489d8f6	4			yes					-1	-1	-1	-1	
144	142	10f8f0d4ad56f44d	4			yes					-1	-1	-1	-1	
145	137	2cbe85d5e6fb7610	4			yes					-1	-1	146	-1	
146	145	3fcbf282a0d61e51	5			yes					-1	-1	-1	-1	-1	
147	137	c72de93c78c608f7	4			yes					-1	-1	-1	-1	
148	124	e850e19068fabfe0	5			yes					149	153	157	159	-1	
149	148	ee5498d267d003dd	4			yes					150	-1	151	-1	
150	149	365f08c7a1c61bbb	4			yes					-1	-1	-1	-1	
151	149	891e21b6004ead55	5			yes					-1	-1	-1	-1	152	
152	151	41c9eecea69ace1c	4			yes					-1	-1	-1	-1	
153	148	f8155be21f555e54	4			yes					-1	154	155	-1	
154	153	99cd9703b09ec842	4			yes					-1	-1	-1	-1	
155	153	46c5c0ed3f6ec880	5			yes					-1	-1	-1	-1	156	
156	155	8e120f9599baabc9	4			yes					-1	-1	-1	-1	
157	148	8d2e72972b8162d6	4			yes					158	-1	-1	-1	
158	157	0406c2b6ef7d4c06	4			yes					-1	-1	-1	-1	
159	148	8d49b94804862888	4			yes					-1	-1	-1	-1	
160	124	879bb8b71ca819ed	5			yes					161	164	166	167	-1	
161	160	819fc1f51382a5d0	4			yes					162	163	-1	-1	
162	161	68d4ba3a1c9678e3	4			yes					-1	-1	-1	-1	
163	161	3641fe0efebfabcf	4			yes					-1	-1	-1	-1	
164	160	97de02c56b07f859	4			yes					-1	165	-1	-1	
165	164	a95a1f40b6c80c40	4			yes					-1	-1	-1	-1	
166	160	a12ab4042797785e	4			yes					-1	-1	-1	-1	
167	160	ce8626fc7cc2940d	4			yes					-1	-1	-1	-1	
