Number of nodes
768
ID	PID	Hash_Value			File_Number	Fully_Enumerated	Children
0	-1	8fdb2e12d961cef4	7			no					1	-2	-2	-2	-2	-2	-2	
1	0	a11d1ab16b384801	6			no					2	-2	-2	-2	-2	-2	
2	1	9de4d70399840516	5			no					3	-2	-2	-2	-2	
3	2	50fe84a1cc10f6f3	4			no					4	-2	-2	-2	
4	3	adf8579c1c70db3d	3			no					5	-2	-2	
5	4	67a4b63f7dcebc0f	4			no					6	-2	-2	-2	
6	5	b609eda6ce6750ed	3			no					7	-2	-2	
7	6	31412d5954e2776f	5			no					8	-2	-2	-2	-2	
8	7	6b39ec392e78e2e5	4			no					9	-2	-2	-2	
9	8	812cdad333c264f7	3			no					10	-2	-2	
10	9	84a902a36e6116ab	4			no					11	305	530	-2	
11	10	801eed8deb888d31	6			yes					12	54	110	165	229	304	
12	11	984ae428a4856de4	5			yes					13	21	26	34	46	
13	12	ea6ec0f84028f59e	4			yes					-1	-1	14	17	
14	13	6d55139d88b78e52	5			yes					-1	-1	15	-1	16	
15	14	10dd6118f09a2f60	4			yes					-1	-1	-1	-1	
16	14	67a64ea145e7bfbb	4			yes					-1	-1	-1	-1	
17	13	cbcfbcd7847199ed	6			yes					-1	-1	18	-1	19	20	
18	17	b647ce52fc5c38df	5			yes					-1	-1	-1	-1	-1	
19	17	e442f89e32e42577	5			yes					-1	-1	-1	-1	-1	
20	17	482b0ae8f3720321	5			yes					-1	-1	-1	-1	-1	
21	12	638b6d028aa95593	4			yes					-1	-1	22	24	
22	21	1f9a4d544629926c	4			yes					-1	-1	-1	23	
23	22	156910688b79a385	3			yes					-1	-1	-1	
24	21	cd3b485358a25995	3			yes					-1	-1	25	
25	24	96dea5f803da6df9	4			yes					-1	-1	-1	-1	
26	12	cf7ac11ebf546ef0	4			yes					-1	-1	27	31	
27	26	28de20dfdd19be07	6			yes					-1	-1	28	29	-1	30	
28	27	dc1d575ee613a7b9	5			yes					-1	-1	-1	-1	-1	
29	27	7d2fe850bf0c2bfa	5			yes					-1	-1	-1	-1	-1	
30	27	c1e3385f10169ee8	5			yes					-1	-1	-1	-1	-1	
31	26	e3e80189f29318b4	6			yes					-1	-1	32	-1	-1	33	
32	31	172b7608c999010a	5			yes					-1	-1	-1	-1	-1	
33	31	50368f06da0f6f5f	5			yes					-1	-1	-1	-1	-1	
34	12	7822c23e38b79657	6			yes					-1	36	38	42	44	45	
35	34	3a4fb598b83764da	5			no					-1	-2	-2	-2	-2	
36	34	96ee529c2fb0492d	5			yes					-1	37	-1	-1	-1	
37	36	622d251d14ba5093	4			yes					-1	-1	-1	-1	
38	34	8ce1b5bf03bd8fe9	5			yes					-1	-1	39	40	41	
39	38	f169c73a7b902edb	4			yes					-1	-1	-1	-1	
40	38	dbdac8bd22fabd2c	4			yes					-1	-1	-1	-1	
41	38	8612e883ceedbe00	4			yes					-1	-1	-1	-1	
42	34	05aab0bb409a3765	5			yes					-1	-1	-1	-1	43	
43	42	0f59ed878dca068c	4			yes					-1	-1	-1	-1	
44	34	2f19bf3c19f0a492	5			yes					-1	-1	-1	-1	-1	
45	34	72d19f02f5e7a7be	5			yes					-1	-1	-1	-1	-1	
46	12	36fac179768e61e2	4			yes					-1	-1	-1	47	
47	46	f1662a927d4469c2	6			yes					48	49	50	52	53	-1	
48	47	b30b5d34fdc49b4f	5			yes					-1	-1	-1	-1	-1	
49	47	1faaba306a43b6b8	5			yes					-1	-1	-1	-1	-1	
50	47	05a55d13464e707c	5			yes					-1	-1	51	-1	-1	
51	50	782d2f963e63d14e	4			yes					-1	-1	-1	-1	
52	47	8cee58170569c8f0	5			yes					-1	-1	-1	-1	-1	
53	47	a65d57905c035b07	5			yes					-1	-1	-1	-1	-1	
54	11	f23ac95d0f25154b	5			yes					-1	55	71	87	100	
55	54	09fb407721092d3c	4			yes					-1	56	58	63	
56	55	2318316b780883f4	5			yes					-1	-1	-1	-1	57	
57	56	8c322b71b70038f9	4			yes					-1	-1	-1	-1	
58	55	3966b186c5da6f71	5			yes					59	60	61	-1	62	
59	58	c29051bb18d9f33d	4			yes					-1	-1	-1	-1	
60	58	25d91bc97472f229	4			yes					-1	-1	-1	-1	
61	58	39a4949fb878c11a	4			yes					-1	-1	-1	-1	
62	58	3395ecba088a5e98	4			yes					-1	-1	-1	-1	
63	55	a74b6526f302213a	3			yes					-1	64	68	
64	63	a1ecb4a00b770181	6			yes					65	-1	-1	-1	66	67	
65	64	5a1a549dd6749dcd	5			yes					-1	-1	-1	-1	-1	
66	64	445890ab9b4e3d98	5			yes					-1	-1	-1	-1	-1	
67	64	69860f7a273904e0	5			yes					-1	-1	-1	-1	-1	
68	63	b022592a802990e4	5			yes					69	70	-1	-1	-1	
69	68	4bd4b9175d2a0ca8	4			yes					-1	-1	-1	-1	
70	68	ac9df36531810dbc	4			yes					-1	-1	-1	-1	
71	54	a50aec6b14f4165f	4			yes					-1	-1	72	78	
72	71	83bd089b5fa02f76	6			yes					73	74	-1	75	76	77	
73	72	784be8a682a3b33a	5			yes					-1	-1	-1	-1	-1	
74	72	9f02a2d4ee08b22e	5			yes					-1	-1	-1	-1	-1	
75	72	d64cc0143db5ba8b	5			yes					-1	-1	-1	-1	-1	
76	72	4fcd68ce812e102a	5			yes					-1	-1	-1	-1	-1	
77	72	6a80101b92af0f99	5			yes					-1	-1	-1	-1	-1	
78	71	488b29cd702a89c5	6			yes					79	81	-1	83	85	86	
79	78	b37dc9f0ad291589	5			yes					-1	-1	-1	-1	80	
80	79	00a3477f85b56262	4			yes					-1	-1	-1	-1	
81	78	54348382c182149d	5			yes					-1	-1	-1	-1	82	
82	81	e7ea0d0de91e6376	4			yes					-1	-1	-1	-1	
83	78	1d7ae142123f1c38	5			yes					-1	-1	-1	-1	84	
84	83	aea46fcd3aa36bd3	4			yes					-1	-1	-1	-1	
85	78	152efec164bd472e	5			yes					-1	-1	-1	-1	-1	
86	78	fb55a74258b6fe2e	5			yes					-1	-1	-1	-1	-1	
87	54	d341ea7aba0e0726	6			yes					88	92	95	96	98	99	
88	87	28b70a47670d9b6a	5			yes					89	-1	90	-1	91	
89	88	3408a008d6a50632	4			yes					-1	-1	-1	-1	
90	88	553f78c21f203a58	4			yes					-1	-1	-1	-1	
91	88	2244577baa5daa83	4			yes					-1	-1	-1	-1	
92	87	cffe40350ba69a7e	5			yes					-1	-1	93	-1	94	
93	92	b27632b0738b3b4c	4			yes					-1	-1	-1	-1	
94	92	c50d1d09c6f6ab97	4			yes					-1	-1	-1	-1	
95	87	c70918c9f891a30a	5			yes					-1	-1	-1	-1	-1	
96	87	aec998ffc223a614	5			yes					-1	-1	-1	-1	97	
97	96	a43ac5c30f7397fd	4			yes					-1	-1	-1	-1	
98	87	847a97789b4935e3	5			yes					-1	-1	-1	-1	-1	
99	87	d9b2b746775e36cf	5			yes					-1	-1	-1	-1	-1	
100	54	5c8aec0cdd2e194d	4			yes					-1	-1	-1	101	
101	100	5a0502d6fffdf8b3	6			yes					102	104	106	107	108	-1	
102	101	a1f3e2eb22fe64ff	5			yes					-1	-1	103	-1	-1	
103	102	dc7b906e5ad3c5cd	4			yes					-1	-1	-1	-1	
104	101	46baa8994e5565eb	5			yes					-1	-1	105	-1	-1	
105	104	3b32da1c3678c4d9	4			yes					-1	-1	-1	-1	
106	101	4e4df065bd625c9f	5			yes					-1	-1	-1	-1	-1	
107	101	278d705387d05981	5			yes					-1	-1	-1	-1	-1	
108	101	0d3e7fd4debaca76	5			yes					-1	-1	-1	-1	-1	
109	108	e7576839528bc9b6	6			no					-1	-2	-1	-2	-1	-2	
110	11	7bdf64a7c5a4b546	5			yes					-1	-1	111	138	155	
111	110	2cef4191de75b652	4			yes					-1	-1	112	119	
112	111	dce8f83a15bb85c9	6			yes					113	114	115	116	117	118	
113	112	271e1807c8b81985	5			yes					-1	-1	-1	-1	-1	
114	112	c0575275a4131891	5			yes					-1	-1	-1	-1	-1	
115	112	ed882d7b81592e25	5			yes					-1	-1	-1	-1	-1	
116	112	36c108504190dbc6	5			yes					-1	-1	-1	-1	-1	
117	112	8e1b3509341288f9	5			yes					-1	-1	-1	-1	-1	
118	112	6ef3a26a8dcbf9c7	5			yes					-1	-1	-1	-1	-1	
119	111	0c43f77b0804e80d	7			yes					120	125	130	134	-1	136	137	
120	119	f7b51746d5077441	6			yes					-1	121	122	-1	-1	124	
121	120	c6d5c20741e5dfad	5			yes					-1	-1	-1	-1	-1	
122	120	1d9ce72c812c2a4e	5			yes					-1	-1	-1	-1	123	
123	122	baa4fa746a01819f	4			yes					-1	-1	-1	-1	
124	120	508d0a1e3e2adf90	5			yes					-1	-1	-1	-1	-1	
125	119	10fc5d34b9ac7555	6			yes					-1	126	127	-1	-1	129	
126	125	219c88752d4edeb9	5			yes					-1	-1	-1	-1	-1	
127	125	fad5ad5eed872b5a	5			yes					-1	-1	-1	-1	128	
128	127	5dedb00606aa808b	4			yes					-1	-1	-1	-1	
129	125	b7c4406c5281de84	5			yes					-1	-1	-1	-1	-1	
130	119	3d23223a9ce643e1	6			yes					-1	-1	131	-1	-1	133	
131	130	d70ad250c8cd1dee	5			yes					-1	-1	-1	-1	132	
132	131	7032cf0823e0b63f	4			yes					-1	-1	-1	-1	
133	130	9a1b3f6277cbe830	5			yes					-1	-1	-1	-1	-1	
134	119	e66a07115c2fb602	6			yes					-1	-1	-1	-1	-1	135	
135	134	41521a49b7021dd3	5			yes					-1	-1	-1	-1	-1	
136	119	c9cbbf3266e65216	6			yes					-1	-1	-1	-1	-1	-1	
137	119	ab7bea23e32943dc	6			yes					-1	-1	-1	-1	-1	-1	
138	110	8f3bc5097dcc4b6c	6			yes					139	144	148	151	153	154	
139	138	74cd2534a0cfd720	5			yes					140	141	142	-1	143	
140	139	68728f7b11674a78	4			yes					-1	-1	-1	-1	
141	139	45adf075342d7ccc	4			yes					-1	-1	-1	-1	
142	139	9ee4d55ef4e4892f	4			yes					-1	-1	-1	-1	
143	139	7e3e78086d9fe6c9	4			yes					-1	-1	-1	-1	
144	138	93846f46cc64d634	5			yes					-1	145	146	-1	147	
145	144	a2e4ba0758867dd8	4			yes					-1	-1	-1	-1	
146	144	79ad9f2c984f883b	4			yes					-1	-1	-1	-1	
147	144	9977327a0134e7dd	4			yes					-1	-1	-1	-1	
148	138	be5b1048e92ee080	5			yes					-1	-1	149	-1	150	
149	148	5472e022bd05be8f	4			yes					-1	-1	-1	-1	
150	148	b4a84d74247ed169	4			yes					-1	-1	-1	-1	
151	138	6512356329e71563	5			yes					-1	-1	-1	-1	152	
152	151	6fe1685fe4b7248a	4			yes					-1	-1	-1	-1	
153	138	36f332656132c51e	5			yes					-1	-1	-1	-1	-1	
154	138	85c89835b09c7a85	5			yes					-1	-1	-1	-1	-1	
155	110	d56f41f617afb940	4			yes					-1	-1	-1	156	
156	155	067f2da5383fb4f9	6			yes					157	160	162	164	-1	-1	
157	156	fd89cd98e53c28b5	5			yes					158	-1	159	-1	-1	
158	157	e13667d75494b5ed	4			yes					-1	-1	-1	-1	
159	157	17a03df2b11776ba	4			yes					-1	-1	-1	-1	
160	156	1ac087ea899729a1	5			yes					-1	-1	161	-1	-1	
161	160	f0e97780ddbc77ae	4			yes					-1	-1	-1	-1	
162	156	371ff8e4acdd1f15	5			yes					-1	-1	163	-1	-1	
163	162	dd36088ef8f6411a	4			yes					-1	-1	-1	-1	
164	156	ec56ddcf6c14eaf6	5			yes					-1	-1	-1	-1	-1	
165	11	d72ec8bbf0598e25	5			yes					-1	-1	-1	166	212	
166	165	b87fa882e6fc6707	8			yes					167	177	186	194	201	206	209	211	
167	166	438948bf3bfffb4b	7			yes					168	169	170	172	174	175	176	
168	167	5f36e2f08a576613	6			yes					-1	-1	-1	-1	-1	-1	
169	167	72e99dfeaf1d50a7	6			yes					-1	-1	-1	-1	-1	-1	
170	167	a9a0b8d56fd4a544	6			yes					-1	-1	-1	-1	-1	171	
171	170	409da055a2db85ab	5			yes					-1	-1	-1	-1	-1	
172	167	b74a3f3e00f5e2f5	6			yes					-1	-1	-1	-1	-1	173	
173	172	5e7727becdfac21a	5			yes					-1	-1	-1	-1	-1	
174	167	1678803059ea6eb6	6			yes					-1	-1	-1	-1	-1	-1	
175	167	8ff928eae571c417	6			yes					-1	-1	-1	-1	-1	-1	
176	167	aab4503ff6f0dba4	6			yes					-1	-1	-1	-1	-1	-1	
177	166	a4c002cd5754fa5f	7			yes					-1	178	179	181	183	184	185	
178	177	95a0d78cc3b651b3	6			yes					-1	-1	-1	-1	-1	-1	
179	177	4ee9f2a7037fa450	6			yes					-1	-1	-1	-1	-1	180	
180	179	a7d4ea27ce7084bf	5			yes					-1	-1	-1	-1	-1	
181	177	5003754c6c5ee3e1	6			yes					-1	-1	-1	-1	-1	182	
182	181	b93e6dcca151c30e	5			yes					-1	-1	-1	-1	-1	
183	177	f131ca4235416fa2	6			yes					-1	-1	-1	-1	-1	-1	
184	177	68b0629889dac503	6			yes					-1	-1	-1	-1	-1	-1	
185	177	4dfd1a4d9a5bdab0	6			yes					-1	-1	-1	-1	-1	-1	
186	166	891f7dc3721ecceb	7			yes					-1	-1	187	189	191	192	193	
187	186	63368da9263592e4	6			yes					-1	-1	-1	-1	-1	188	
188	187	4e7eddf6b0d5c5d7	7			yes					-1	-1	-1	-1	-1	-1	-1	
189	186	7ddc0a424914d555	6			yes					-1	-1	-1	-1	-1	-1	
190	189	34590fe33fcddc55	7			yes					-1	-1	-1	-1	-1	-1	-1	
191	186	dceeb54c100b5916	6			yes					-1	-1	-1	-1	-1	-1	
192	186	456f1d96ac90f3b7	6			yes					-1	-1	-1	-1	-1	-1	
193	186	60226543bf11ec04	6			yes					-1	-1	-1	-1	-1	-1	
194	166	525658e8b2d73908	7			yes					-1	-1	-1	195	197	198	200	
195	194	a6952f6989dd20b6	6			yes					-1	-1	-1	-1	-1	196	
196	195	4fa837e944d20059	5			yes					-1	-1	-1	-1	-1	
197	194	07a79067d0c2acf5	6			yes					-1	-1	-1	-1	-1	-1	
198	194	9e2638bd6c590654	6			yes					-1	-1	-1	-1	-1	199	
199	198	771b203da15626bb	5			yes					-1	-1	-1	-1	-1	
200	194	bb6b40687fd819e7	6			yes					-1	-1	-1	-1	-1	-1	
201	166	4cbcdf03ddf67eb9	7			yes					-1	-1	-1	-1	202	203	205	
202	201	194d178cbfe3eb44	6			yes					-1	-1	-1	-1	-1	-1	
203	201	80ccbf56037841e5	6			yes					-1	-1	-1	-1	-1	204	
204	203	69f1a7d6ce77610a	5			yes					-1	-1	-1	-1	-1	
205	201	a581c78310f95e56	6			yes					-1	-1	-1	-1	-1	-1	
206	166	ed8e600d84e9f2fa	7			yes					-1	-1	-1	-1	-1	207	208	
207	206	21fe00585a67cda6	6			yes					-1	-1	-1	-1	-1	-1	
208	206	04b3788d49e6d215	6			yes					-1	-1	-1	-1	-1	-1	
209	166	740fc8d73872585b	7			yes					-1	-1	-1	-1	-1	-1	210	
210	209	9d32d057f57d78b4	6			yes					-1	-1	-1	-1	-1	-1	
211	166	5142b0022bf347e8	7			yes					-1	-1	-1	-1	-1	-1	-1	
212	165	799eedea22528223	4			yes					-1	-1	-1	213	
213	212	bdf31a8c3a7851c3	7			yes					214	217	220	223	226	228	-1	
214	213	4605fab1e77bcd8f	6			yes					-1	-1	215	216	-1	-1	
215	214	ac2c0adbb3509380	5			yes					-1	-1	-1	-1	-1	
216	214	b2c68d30dc71d431	5			yes					-1	-1	-1	-1	-1	
217	213	a14cb0c38bd0cc9b	6			yes					-1	-1	218	219	-1	-1	
218	217	4b6540a9dffb9294	5			yes					-1	-1	-1	-1	-1	
219	217	558fc742b0dad525	5			yes					-1	-1	-1	-1	-1	
220	213	8c93cfcdae9afa2f	6			yes					-1	-1	221	222	-1	-1	
221	220	66ba3fa7fab1a420	5			yes					-1	-1	-1	-1	-1	
222	220	7850b84c9590e391	5			yes					-1	-1	-1	-1	-1	
223	213	57daeae66e530fcc	6			yes					-1	-1	-1	224	225	-1	
224	223	a3199d6755591672	5			yes					-1	-1	-1	-1	-1	
225	223	022b22690c469a31	5			yes					-1	-1	-1	-1	-1	
226	213	49306d0d0172487d	6			yes					-1	-1	-1	-1	227	-1	
227	226	1cc1a5826367dd80	5			yes					-1	-1	-1	-1	-1	
228	213	e802d203586dc43e	6			yes					-1	-1	-1	-1	-1	-1	
229	11	6831a4384c564fca	5			yes					-1	-1	-1	-1	230	
230	229	61c7a2cf46a1b0c2	8			yes					231	252	268	279	291	298	301	303	
231	230	9a3142f29ba22c8e	7			yes					232	236	239	243	246	247	248	
232	231	868ee8bd2a0ab1d6	6			yes					-1	233	234	235	-1	-1	
233	232	6ca718d77e21efd9	5			yes					-1	-1	-1	-1	-1	
234	232	724d9f3c1100a868	5			yes					-1	-1	-1	-1	-1	
235	232	fb069a38522710e4	5			yes					-1	-1	-1	-1	-1	
236	231	ab5197b30f408762	6			yes					-1	237	238	-1	-1	-1	
237	236	417867d95b6bd96d	5			yes					-1	-1	-1	-1	-1	
238	236	5f92e032344a9edc	5			yes					-1	-1	-1	-1	-1	
239	231	7018b298cf897281	6			yes					-1	-1	240	241	-1	242	
240	239	84dbc519f4836b3f	5			yes					-1	-1	-1	-1	-1	
241	239	0d90c01db7a4d3b3	5			yes					-1	-1	-1	-1	-1	
242	239	f3af0708472abcfd	5			yes					-1	-1	-1	-1	-1	
243	231	6ef23573a0a83530	6			yes					-1	-1	-1	244	-1	245	
244	243	137a47f6d8859402	5			yes					-1	-1	-1	-1	-1	
245	243	ed4580e3280bfb4c	5			yes					-1	-1	-1	-1	-1	
246	231	e7b93077e38f8dbc	6			yes					-1	-1	-1	-1	-1	-1	
247	231	cd0a3ff0bae51e4b	6			yes					-1	-1	-1	-1	-1	-1	
248	231	1986f7621301e2f2	6			yes					249	250	-1	-1	251	-1	
249	248	05395d2da2a97faa	5			yes					-1	-1	-1	-1	-1	
250	248	28e6222387e3491e	5			yes					-1	-1	-1	-1	-1	
251	248	640e85e76b2c43c0	5			yes					-1	-1	-1	-1	-1	
252	230	7d780880f7092d9a	7			yes					-1	253	256	260	263	264	265	
253	252	4c18ddc163eb8676	6			yes					-1	254	255	-1	-1	-1	
254	253	a6312dab37c0d879	5			yes					-1	-1	-1	-1	-1	
255	253	b8dbaa4058e19fc8	5			yes					-1	-1	-1	-1	-1	
256	252	9751f8eaa3227395	6			yes					-1	-1	257	258	-1	259	
257	256	63928f6b98286a2b	5			yes					-1	-1	-1	-1	-1	
258	256	ead98a6fdb0fd2a7	5			yes					-1	-1	-1	-1	-1	
259	256	14e64d7a2b81bde9	5			yes					-1	-1	-1	-1	-1	
260	252	89bb7f01cc033424	6			yes					-1	-1	-1	261	-1	262	
261	260	f4330d84b42e9516	5			yes					-1	-1	-1	-1	-1	
262	260	0a0cca9144a0fa58	5			yes					-1	-1	-1	-1	-1	
263	252	00f07a058f248ca8	6			yes					-1	-1	-1	-1	-1	-1	
264	252	2a437582d64e1f5f	6			yes					-1	-1	-1	-1	-1	-1	
265	252	fecfbd107faae3e6	6			yes					-1	266	-1	-1	267	-1	
266	265	cfaf6851eb48480a	5			yes					-1	-1	-1	-1	-1	
267	265	8347cf95078742d4	5			yes					-1	-1	-1	-1	-1	
268	230	50a7778ed2431b2e	7			yes					-1	-1	269	272	275	276	277	
269	268	ba8e87e486684521	6			yes					-1	-1	-1	270	-1	271	
270	269	c706f561fe45e413	5			yes					-1	-1	-1	-1	-1	
271	269	393932740ecb8b5d	5			yes					-1	-1	-1	-1	-1	
272	268	a464000fe9490290	6			yes					-1	-1	-1	273	-1	274	
273	272	d9ec728a9164a3a2	5			yes					-1	-1	-1	-1	-1	
274	272	27d3b59f61eaccec	5			yes					-1	-1	-1	-1	-1	
275	268	2d2f050baa6eba1c	6			yes					-1	-1	-1	-1	-1	-1	
276	268	079c0a8cf30429eb	6			yes					-1	-1	-1	-1	-1	-1	
277	268	d310c21e5ae0d552	6			yes					-1	-1	-1	-1	278	-1	
278	277	ae98b09b22cd7460	5			yes					-1	-1	-1	-1	-1	
279	230	8bee52a5128aeecd	7			yes					-1	-1	-1	280	284	287	289	
280	279	7f2d25242980f773	6			yes					-1	-1	-1	281	282	283	
281	280	02a557a151ad5641	5			yes					-1	-1	-1	-1	-1	
282	280	19a09cd474134062	6			yes					-1	-1	-1	-1	-1	-1	
283	280	fc9a90b4a123390f	5			yes					-1	-1	-1	-1	-1	
284	279	f66620206aa74fff	6			yes					-1	-1	-1	-1	285	286	
285	284	44dacff1b61c81f8	6			yes					-1	-1	-1	-1	-1	-1	
286	284	75d195b0e2048183	5			yes					-1	-1	-1	-1	-1	
287	279	dcd52fa733cddc08	6			yes					-1	-1	-1	-1	-1	-1	
288	287	2bdaa5f890220e10	6			no					-1	-2	-1	-2	-1	-2	
289	279	0859e7359a2920b1	6			yes					-1	-1	-1	-1	-1	290	
290	289	5f629a37bb6e1274	5			yes					-1	-1	-1	-1	-1	
291	230	9504d54e7daba97c	7			yes					-1	-1	-1	-1	292	295	296	
292	291	e88ca7cb0586084e	6			yes					-1	-1	-1	-1	293	294	
293	292	9eb0176b06614d88	7			yes					-1	-1	-1	-1	-1	-1	-1	
294	292	6b3b125b8d25c632	5			yes					-1	-1	-1	-1	-1	
295	291	c23fa84c5cec9bb9	6			yes					-1	-1	-1	-1	-1	-1	
296	291	16b360def5086700	6			yes					-1	-1	-1	-1	-1	297	
297	296	41881ddcd44f55c5	5			yes					-1	-1	-1	-1	-1	
298	230	1c4fd04a3e8c11f0	7			yes					-1	-1	-1	-1	-1	299	300	
299	298	4b74ad481fcb2335	6			yes					-1	-1	-1	-1	-1	-1	
300	298	9ff865dab62fdf8c	6			yes					-1	-1	-1	-1	-1	-1	
301	230	36fcdfcd67e68207	7			yes					-1	-1	-1	-1	-1	-1	302	
302	301	b54b6a5def454c7b	6			yes					-1	-1	-1	-1	-1	-1	
303	230	e270175fce027ebe	7			yes					-1	-1	-1	-1	-1	-1	-1	
304	11	2eaec8dc39838137	5			yes					-1	-1	-1	-1	-1	
305	10	14e23643decaa3ad	6			yes					306	388	420	453	492	529	
306	305	b3954d4a9b18781b	5			yes					307	322	330	362	379	
307	306	3b4784ea269c3910	4			yes					-1	308	310	315	
308	307	5d361e5ee77f18a0	5			yes					-1	-1	-1	-1	309	
309	308	6a44002cd23cfc10	4			yes					-1	-1	-1	-1	
310	307	6739d60f9b01ca0b	5			yes					311	312	313	-1	314	
311	310	60fc4247b7adc875	4			yes					-1	-1	-1	-1	
312	310	46c00171dd77fdef	4			yes					-1	-1	-1	-1	
313	310	5ff7dd301628ee58	4			yes					-1	-1	-1	-1	
314	310	6dca8b335651fbe2	4			yes					-1	-1	-1	-1	
315	307	95f7a1bbf4973516	3			yes					-1	316	320	
316	315	5db7d614857627b9	6			yes					-1	-1	317	-1	318	319	
317	316	6579dd2b085f03ea	5			yes					-1	-1	-1	-1	-1	
318	316	a22ebbf6fe72f971	5			yes					-1	-1	-1	-1	-1	
319	316	95dd6dcea93822d8	5			yes					-1	-1	-1	-1	-1	
320	315	ee7d3ea3def2359e	5			yes					-1	-1	321	-1	-1	
321	320	d6b3359c53db11cd	4			yes					-1	-1	-1	-1	
322	306	997d8072d3808ce2	4			yes					-1	-1	323	326	
323	322	16462b39d5ab629f	5			yes					-1	324	-1	-1	325	
324	323	6e3c678d593a2410	4			yes					-1	-1	-1	-1	
325	323	1cb5760518fb5376	4			yes					-1	-1	-1	-1	
326	322	b0dc8473d96d7520	6			yes					-1	327	-1	-1	328	329	
327	326	c8a6c8c755fc33af	5			yes					-1	-1	-1	-1	-1	
328	326	9f51c03a6ff8c9ba	5			yes					-1	-1	-1	-1	-1	
329	326	3338324cae6eefec	5			yes					-1	-1	-1	-1	-1	
330	306	e4a5687c80c97b0f	4			yes					-1	-1	331	338	
331	330	c67e9ac75a78bb0d	6			yes					332	333	335	336	-1	337	
332	331	7bc6d1a0cd3180b6	5			yes					-1	-1	-1	-1	-1	
333	331	be04d673d6e9fd82	5			yes					-1	-1	-1	-1	334	
334	333	5739cef31be6dd6d	4			yes					-1	-1	-1	-1	
335	331	21349801bf3d0add	5			yes					-1	-1	-1	-1	-1	
336	331	feb091f8d7519f5e	5			yes					-1	-1	-1	-1	-1	
337	331	2f43824797779be2	5			yes					-1	-1	-1	-1	-1	
338	330	590390371131dec7	7			yes					339	341	351	355	-1	359	361	
339	338	e4bbdb508678e57c	6			yes					-1	-1	-1	-1	340	-1	
340	339	1b22b6b2fd7c3bb4	5			yes					-1	-1	-1	-1	-1	
341	338	2179dc839da09848	6			yes					-1	342	345	-1	348	350	
342	341	c633de4578e52998	5			yes					-1	-1	-1	343	344	
343	342	39aab3a703e1f750	4			yes					-1	-1	-1	-1	
344	342	0e59659f54ab2cf9	4			yes					-1	-1	-1	-1	
345	341	19b7d7bc1089bc1b	5			yes					-1	-1	-1	346	347	
346	345	e62eba5e6b8d62d3	4			yes					-1	-1	-1	-1	
347	345	d1dd6c663cc7b97a	4			yes					-1	-1	-1	-1	
348	341	dee0b161e6a44680	5			yes					-1	-1	-1	-1	349	
349	348	168a0abbcaea43e1	4			yes					-1	-1	-1	-1	
350	341	e9136759b1ee9d29	5			yes					-1	-1	-1	-1	-1	
351	338	be4992f1f4746f17	6			yes					-1	-1	-1	-1	352	354	
352	351	41d0ff138f70b1df	5			yes					-1	-1	-1	-1	353	
353	352	89ba44c9a33eb4be	4			yes					-1	-1	-1	-1	
354	351	7623292bd83a6a76	5			yes					-1	-1	-1	-1	-1	
355	338	61cd9b089c18fa94	6			yes					-1	-1	-1	-1	356	358	
356	355	9e54f6eae71c245c	5			yes					-1	-1	-1	-1	357	
357	356	563e4d30cb52213d	4			yes					-1	-1	-1	-1	
358	355	a9a720d2b056fff5	5			yes					-1	-1	-1	-1	-1	
359	338	a69afdd56a35000f	6			yes					-1	-1	-1	-1	-1	360	
360	359	6ef0460f467b056e	5			yes					-1	-1	-1	-1	-1	
361	338	91692bed3d7fdba6	6			yes					-1	-1	-1	-1	-1	-1	
362	306	638d902c0f463375	6			yes					363	368	372	375	377	378	
363	362	de35db4b980f08ce	5			yes					364	365	366	-1	367	
364	363	a64f97ff149e4e41	4			yes					-1	-1	-1	-1	
365	363	397fd98d7d4ab91e	4			yes					-1	-1	-1	-1	
366	363	e6fbd07415262c9d	4			yes					-1	-1	-1	-1	
367	363	d4c68677555f3927	4			yes					-1	-1	-1	-1	
368	362	1bf7dc9883d775fa	5			yes					-1	369	370	-1	371	
369	368	fcbdde5e6692c42a	4			yes					-1	-1	-1	-1	
370	368	2339d7a70efe51a9	4			yes					-1	-1	-1	-1	
371	368	110481a44e874413	4			yes					-1	-1	-1	-1	
372	362	84c792eaea0382a5	5			yes					-1	-1	373	-1	374	
373	372	bc0999d5672aa6f6	4			yes					-1	-1	-1	-1	
374	372	8e34cfd62753b34c	4			yes					-1	-1	-1	-1	
375	362	5b439b13826f1726	5			yes					-1	-1	-1	-1	376	
376	375	51b0c62f4f3f26cf	4			yes					-1	-1	-1	-1	
377	362	10b55316bee4d95e	5			yes					-1	-1	-1	-1	-1	
378	362	697ecd10c216029c	5			yes					-1	-1	-1	-1	-1	
379	306	1d25681b4913741d	4			yes					-1	-1	-1	380	
380	379	eac978804ab5cce0	6			yes					381	382	385	386	387	-1	
381	380	577133e7ddfcf75b	5			yes					-1	-1	-1	-1	-1	
382	380	92b33434c6248a6f	5			yes					-1	383	384	-1	-1	
383	382	75f936f223613bbf	4			yes					-1	-1	-1	-1	
384	382	aa7d3f0b4b0dae3c	4			yes					-1	-1	-1	-1	
385	380	0d837a46aff07d30	5			yes					-1	-1	-1	-1	-1	
386	380	d20773bfc79ce8b3	5			yes					-1	-1	-1	-1	-1	
387	380	ae436175ed9c42e6	7			yes					-1	-1	-1	-1	-1	-1	-1	
388	305	9c30ffe3634ee2a6	5			yes					-1	389	393	407	415	
389	388	b6d832db2bd6165f	4			yes					-1	-1	390	391	
390	389	2de4c4feb079c8cb	4			yes					-1	-1	-1	-1	
391	389	455f76df7b665c7d	5			yes					-1	-1	-1	-1	392	
392	391	8e0386780e34cad9	4			yes					-1	-1	-1	-1	
393	388	cb00dad5789fe1b2	4			yes					-1	-1	394	397	
394	393	71780342521f1897	6			yes					-1	-1	395	-1	-1	396	
395	394	cd9b1509c6b0a9fc	5			yes					-1	-1	-1	-1	-1	
396	394	98451bc29f103878	5			yes					-1	-1	-1	-1	-1	
397	393	ba4e22147d95be24	6			yes					398	400	401	403	405	406	
398	397	8746bd804c4f333d	5			yes					-1	-1	-1	-1	399	
399	398	3498330f64d344d6	4			yes					-1	-1	-1	-1	
400	397	952496053e4cae2e	5			yes					-1	-1	-1	-1	-1	
401	397	06ad345fe93a0f4f	5			yes					-1	-1	-1	-1	402	
402	401	b573bad0c1a678a4	4			yes					-1	-1	-1	-1	
403	397	40fa644ddaa79578	5			yes					-1	-1	-1	-1	404	
404	403	f324eac2f23be293	4			yes					-1	-1	-1	-1	
405	397	e7ebf518690270cf	5			yes					-1	-1	-1	-1	-1	
406	397	0990ac9b5509c9cf	5			yes					-1	-1	-1	-1	-1	
407	388	2d2038323f763e0f	5			yes					408	409	411	412	413	
408	407	1028a7a60eacb316	4			yes					-1	-1	-1	-1	
409	407	024a8c237caf2e05	4			yes					-1	410	-1	-1	
410	409	bea99a68e8009f6e	3			yes					-1	-1	-1	
411	407	91c32e79abd98f64	4			yes					-1	-1	-1	-1	
412	407	99d393470ae9e03a	4			yes					-1	-1	-1	-1	
413	407	1a7296bbd333f24d	4			yes					-1	-1	414	-1	
414	413	a69180f0479c4326	3			yes					-1	-1	-1	
415	388	3280dab2b145eea0	4			yes					-1	-1	-1	416	
416	415	ebb1441a0af8b841	5			yes					417	418	419	-1	-1	
417	416	d6b9db8e3b223558	4			yes					-1	-1	-1	-1	
418	416	c4dbf00b4921a84b	4			yes					-1	-1	-1	-1	
419	416	575252519e57092a	4			yes					-1	-1	-1	-1	
420	305	3e0afb7b96525754	5			yes					-1	-1	421	434	445	
421	420	693ade4d8d835440	4			yes					-1	-1	422	426	
422	421	485d9bab53474b00	6			yes					-1	423	424	-1	-1	425	
423	422	6cf3936b89572a5c	5			yes					-1	-1	-1	-1	-1	
424	422	3027d71fdfd60d8f	5			yes					-1	-1	-1	-1	-1	
425	422	a160832b9e486bef	5			yes					-1	-1	-1	-1	-1	
426	421	a429787cc97323b9	7			yes					-1	427	429	-1	-1	431	433	
427	426	808770bc136342e5	6			yes					-1	-1	-1	-1	428	-1	
428	427	33549f91670c5f3d	5			yes					-1	-1	-1	-1	-1	
429	426	dc5334c845e26536	6			yes					-1	-1	-1	-1	430	-1	
430	429	6f80dbe5318d78ee	5			yes					-1	-1	-1	-1	-1	
431	426	17fa9751bd1c3e61	6			yes					-1	-1	-1	-1	-1	432	
432	431	df902c8b91523b00	5			yes					-1	-1	-1	-1	-1	
433	426	6c43c3a6e53d26d8	6			yes					-1	-1	-1	-1	-1	-1	
434	420	b258f70aa928b561	6			yes					435	438	441	-1	443	444	
435	434	8f50689e98f23878	5			yes					436	437	-1	-1	-1	
436	435	abfe605e42e25924	4			yes					-1	-1	-1	-1	
437	435	f72a242a14637ef7	4			yes					-1	-1	-1	-1	
438	434	96f6ffca7338d43d	5			yes					-1	439	-1	-1	440	
439	438	ee8cb37effa992b2	4			yes					-1	-1	-1	-1	
440	438	9c05a2f6be68e5d4	4			yes					-1	-1	-1	-1	
441	434	ca22bbbe25b9f3ee	5			yes					-1	-1	-1	-1	442	
442	441	c0d1e682e8e9c207	4			yes					-1	-1	-1	-1	
443	434	a6cf09eb18629906	5			yes					-1	-1	-1	-1	-1	
444	434	b8abaa3664788488	5			yes					-1	-1	-1	-1	-1	
445	420	90bade2a44595b52	4			yes					-1	-1	-1	446	
446	445	3b1c1fa6ecdb4af4	6			yes					447	448	450	451	452	-1	
447	446	06148032dd01c7ed	5			yes					-1	-1	-1	-1	-1	
448	446	1fb2176636cb2ba8	5			yes					-1	449	-1	-1	-1	
449	448	67c85bd2ba5a6d27	4			yes					-1	-1	-1	-1	
450	446	43665312604a0c7b	5			yes					-1	-1	-1	-1	-1	
451	446	f6fc90915eb248d1	5			yes					-1	-1	-1	-1	-1	
452	446	2f8be1475d916693	5			yes					-1	-1	-1	-1	-1	
453	305	43d21375c51ba0b9	5			yes					-1	-1	-1	454	478	
454	453	626046f426fb6cf3	7			yes					455	458	465	470	473	475	477	
455	454	5f68d9601721e1ea	6			yes					-1	456	-1	-1	-1	457	
456	455	271295d49bb0a765	5			yes					-1	-1	-1	-1	-1	
457	455	b655c1e0da2ec105	5			yes					-1	-1	-1	-1	-1	
458	454	46ce4e34fceb0daf	6			yes					-1	459	461	462	463	464	
459	458	3eb40280707a4b20	5			yes					-1	-1	-1	-1	460	
460	459	d7891a00bd756bcf	4			yes					-1	-1	-1	-1	
461	458	a1844cf219aebc7f	5			yes					-1	-1	-1	-1	-1	
462	458	7e00450b71c229fc	5			yes					-1	-1	-1	-1	-1	
463	458	73cbc25918287efa	5			yes					-1	-1	-1	-1	-1	
464	458	aff356b431e42d40	5			yes					-1	-1	-1	-1	-1	
465	454	1a1a0a40aa6a2a7c	6			yes					-1	-1	466	467	468	469	
466	465	fd5008864f2f9bac	5			yes					-1	-1	-1	-1	-1	
467	465	22d4017f27430e2f	5			yes					-1	-1	-1	-1	-1	
468	465	2f1f862d4ea95929	5			yes					-1	-1	-1	-1	-1	
469	465	f32712c067650a93	5			yes					-1	-1	-1	-1	-1	
470	454	852a4432c3bedd23	6			yes					-1	-1	-1	471	-1	472	
471	470	bde44f0d4e97f970	5			yes					-1	-1	-1	-1	-1	
472	470	6c175cb20eb1fdcc	5			yes					-1	-1	-1	-1	-1	
473	454	5aae4dcbabd248a0	6			yes					-1	-1	-1	-1	-1	474	
474	473	b393554b66dd684f	5			yes					-1	-1	-1	-1	-1	
475	454	5765ca99c2381fa6	6			yes					-1	-1	-1	-1	-1	476	
476	475	be58d2190f373f49	5			yes					-1	-1	-1	-1	-1	
477	454	8b5d5e74ebf44c1c	6			yes					-1	-1	-1	-1	-1	-1	
478	453	ed6236241710acbf	4			yes					-1	-1	-1	479	
479	478	4337e5aec7ba497d	7			yes					480	481	485	489	490	491	-1	
480	479	7e3f7a3af660c464	6			yes					-1	-1	-1	-1	-1	-1	
481	479	6799ed6e1daa2821	6			yes					-1	482	483	484	-1	-1	
482	481	1fe3a1da913b6eae	5			yes					-1	-1	-1	-1	-1	
483	481	80d3efa8f8ef99f1	5			yes					-1	-1	-1	-1	-1	
484	481	5f57e65190830c72	5			yes					-1	-1	-1	-1	-1	
485	479	3b4da91a4b2b0ff2	6			yes					-1	-1	487	488	-1	-1	
486	485	fbc4804746752cdb	7			no					-1	-2	-2	-2	-2	-2	-2	
487	485	dc07abdcae6ebe22	5			yes					-1	-1	-1	-1	-1	
488	485	0383a225c6022ba1	5			yes					-1	-1	-1	-1	-1	
489	479	a47de76822fff8ad	6			yes					-1	-1	-1	-1	-1	-1	
490	479	7bf9ee914a936d2e	6			yes					-1	-1	-1	-1	-1	-1	
491	479	763269c323793a28	6			yes					-1	-1	-1	-1	-1	-1	
492	305	fccd7ff679146156	5			yes					-1	-1	-1	-1	493	
493	492	4ed7a4b336361b1e	7			yes					494	501	513	521	525	527	528	
494	493	73df3b2707ec9607	6			yes					-1	495	497	498	-1	499	
495	494	0ba577938b7dd088	5			yes					496	-1	-1	-1	-1	
496	495	5e4cd0aafd931d05	6			yes					-1	-1	-1	-1	-1	-1	
497	494	949539e1e2a927d7	5			yes					-1	-1	-1	-1	-1	
498	494	4b1130188ac5b254	5			yes					-1	-1	-1	-1	-1	
499	494	f0688eb78f4f587b	5			yes					-1	500	-1	-1	-1	
500	499	8812c20303de1ef4	4			yes					-1	-1	-1	-1	
501	493	6a79ac73ec267a42	6			yes					-1	502	506	509	511	512	
502	501	1203e0c760b73ccd	5			yes					-1	503	504	-1	505	
503	502	f549e20185f28d1d	4			yes					-1	-1	-1	-1	
504	502	2acdebf8ed9e189e	4			yes					-1	-1	-1	-1	
505	502	91b45557e814f2b1	4			yes					-1	-1	-1	-1	
506	501	8d33aeb50963cb92	5			yes					-1	-1	507	-1	508	
507	506	b5fda58a844aefc1	4			yes					-1	-1	-1	-1	
508	506	0e841b2581c005ee	4			yes					-1	-1	-1	-1	
509	501	52b7a74c610f5e11	5			yes					-1	-1	-1	-1	510	
510	509	d10012dce9ac906d	4			yes					-1	-1	-1	-1	
511	501	19416f495d849069	5			yes					-1	-1	-1	-1	-1	
512	501	e9ce19e36485b43e	5			yes					-1	-1	-1	-1	-1	
513	493	36ade807baa75d91	6			yes					-1	-1	514	517	519	520	
514	513	d1e7eac15fe2ec41	5			yes					-1	-1	515	-1	516	
515	514	e929e1fed2cbc812	4			yes					-1	-1	-1	-1	
516	514	52505f51d741223d	4			yes					-1	-1	-1	-1	
517	513	0e63e338378e79c2	5			yes					-1	-1	-1	-1	518	
518	517	8dd456a8bf2db7be	4			yes					-1	-1	-1	-1	
519	513	45952b3d0b05b7ba	5			yes					-1	-1	-1	-1	-1	
520	513	b51a5d97320493ed	5			yes					-1	-1	-1	-1	-1	
521	493	a99da675d373aace	6			yes					-1	-1	-1	522	-1	524	
522	521	9153ad4a5e5a8e9d	5			yes					-1	-1	-1	-1	523	
523	522	12e418dad6f940e1	4			yes					-1	-1	-1	-1	
524	521	2a2a13e55bd064b2	5			yes					-1	-1	-1	-1	-1	
525	493	7619af8cbb1f3f4d	6			yes					-1	-1	-1	-1	-1	526	
526	525	f5ae1a1c33bcf131	5			yes					-1	-1	-1	-1	-1	
527	493	3def67898794f135	6			yes					-1	-1	-1	-1	-1	-1	
528	493	cd601123be95d562	6			yes					-1	-1	-1	-1	-1	-1	
529	305	ba5213120cc1afab	5			yes					-1	-1	-1	-1	-1	
530	10	629a3a566cbcc3ec	6			no					531	623	697	767	-2	-2	
531	530	c5ed415f296e185a	5			yes					532	547	565	581	592	
532	531	91484b84cf806091	6			yes					533	535	538	542	544	546	
533	532	968ddfcce32c62ef	5			yes					-1	534	-1	-1	-1	
534	533	624ea84dd8267b51	4			yes					-1	-1	-1	-1	
535	532	fde4cefddf92cc7d	5			yes					-1	536	-1	537	-1	
536	535	0927b97ce498d5c3	4			yes					-1	-1	-1	-1	
537	535	38251b029adb3d3b	4			yes					-1	-1	-1	-1	
538	532	658b3c05f48a792f	5			yes					-1	-1	539	540	541	
539	538	79a9ed24d3cdeb91	4			yes					-1	-1	-1	-1	
540	538	a04ae9fab1c38869	4			yes					-1	-1	-1	-1	
541	538	b28a15ef5eb0cd6a	4			yes					-1	-1	-1	-1	
542	532	8d6a9aa5e8c7f22f	5			yes					-1	-1	-1	543	-1	
543	542	48ab4f5aad8e0369	4			yes					-1	-1	-1	-1	
544	532	54899e7b8ac991d7	5			yes					-1	-1	-1	-1	545	
545	544	8388b79120f32592	4			yes					-1	-1	-1	-1	
546	532	4649626e65bad4d4	5			yes					-1	-1	-1	-1	-1	
547	531	c4581c674fe17448	6			yes					548	552	557	560	562	564	
548	547	79e05700d8a84ff3	5			yes					549	-1	550	551	-1	
549	548	019a1bb45439097c	4			yes					-1	-1	-1	-1	
550	548	65c28621ffefdd4d	4			yes					-1	-1	-1	-1	
551	548	bc2182ff9de1beb5	4			yes					-1	-1	-1	-1	
552	547	bc2250d3c37032c7	5			yes					-1	553	554	555	556	
553	552	b35a66535f7dec06	4			yes					-1	-1	-1	-1	
554	552	a00081f2e437a079	4			yes					-1	-1	-1	-1	
555	552	79e3852c8639c381	4			yes					-1	-1	-1	-1	
556	552	6b237939694a8682	4			yes					-1	-1	-1	-1	
557	547	cb202ae7d3ecaa89	5			yes					-1	-1	558	559	-1	
558	557	d702fbc6f4ab3837	4			yes					-1	-1	-1	-1	
559	557	0ee1ff1896a55bcf	4			yes					-1	-1	-1	-1	
560	547	d87acd4668a6e6f6	5			yes					-1	-1	-1	561	-1	
561	560	1dbb18b92def17b0	4			yes					-1	-1	-1	-1	
562	547	0199c9980aa8850e	5			yes					-1	-1	-1	-1	563	
563	562	d698e072a092314b	4			yes					-1	-1	-1	-1	
564	547	1359358de5dbc00d	5			yes					-1	-1	-1	-1	-1	
565	531	2a8dfe83df09146d	6			yes					566	569	574	576	578	580	
566	565	9735b5e448402fd6	5			yes					567	-1	-1	568	-1	
567	566	ef4ff950c4d16959	4			yes					-1	-1	-1	-1	
568	566	52f4601b0d09de90	4			yes					-1	-1	-1	-1	
569	565	52f7b237539852e2	5			yes					-1	570	571	572	573	
570	569	bc3b2295449f8d98	4			yes					-1	-1	-1	-1	
571	569	41b427d06f3da1c2	4			yes					-1	-1	-1	-1	
572	569	973667c816d1a3a4	4			yes					-1	-1	-1	-1	
573	569	85f69bddf9a2e6a7	4			yes					-1	-1	-1	-1	
574	565	c4416e21c80ecb17	5			yes					-1	-1	-1	575	-1	
575	574	0180bbde8d473a51	4			yes					-1	-1	-1	-1	
576	565	39ce6b64e3ace74d	5			yes					-1	-1	-1	577	-1	
577	576	fc0fbe9ba6e5160b	4			yes					-1	-1	-1	-1	
578	565	ef4c2b7c9a40e52b	5			yes					-1	-1	-1	-1	579	
579	578	384d0296307a516e	4			yes					-1	-1	-1	-1	
580	565	fd8cd7697533a028	5			yes					-1	-1	-1	-1	-1	
581	531	c8156f1947176a5b	6			yes					582	583	587	589	591	-1	
582	581	75ad247ed05e51e0	5			yes					-1	-1	-1	-1	-1	
583	581	b06f23adcb862cd4	5			yes					-1	584	585	586	-1	
584	583	5ea3b30fdc81f3ae	4			yes					-1	-1	-1	-1	
585	583	44ac542cf08c356a	4			yes					-1	-1	-1	-1	
586	583	e59eeb22a993b929	4			yes					-1	-1	-1	-1	
587	581	26d9ffbb5010b521	5			yes					-1	-1	588	-1	-1	
588	587	d21a883a6b1aac9f	4			yes					-1	-1	-1	-1	
589	581	3cd618987c1d73e5	5			yes					-1	-1	-1	590	-1	
590	589	6927d0171e08e618	4			yes					-1	-1	-1	-1	
591	581	9de4a7962502ffa6	5			yes					-1	-1	-1	-1	-1	
592	531	7752ec5f88e30b04	7			yes					593	599	608	612	617	620	622	
593	592	caeaa7381faa30bf	6			yes					594	-1	595	596	597	598	
594	593	b290eb8c933b7630	5			yes					-1	-1	-1	-1	-1	
595	593	3e29d0b924a02901	5			yes					-1	-1	-1	-1	-1	
596	593	d6c8761938eda201	5			yes					-1	-1	-1	-1	-1	
597	593	0f2b72c75ae3c1f9	5			yes					-1	-1	-1	-1	-1	
598	593	bb96af49c292e3b3	5			yes					-1	-1	-1	-1	-1	
599	592	0f28a0eb04724d8b	6			yes					-1	600	601	604	605	607	
600	599	e1e43049137592f1	5			yes					-1	-1	-1	-1	-1	
601	599	fbebd76a3f785435	5			yes					-1	-1	-1	602	603	
602	601	3e2a02957a31a573	4			yes					-1	-1	-1	-1	
603	601	8a97df1be2408739	4			yes					-1	-1	-1	-1	
604	599	130a71ca2335df35	5			yes					-1	-1	-1	-1	-1	
605	599	cae97514413bbccd	5			yes					-1	-1	-1	-1	606	
606	605	bb957d659c036fc1	4			yes					-1	-1	-1	-1	
607	599	7e54a89ad94a9e87	5			yes					-1	-1	-1	-1	-1	
608	592	999e7cfd9fe4d47e	6			yes					-1	-1	609	-1	610	611	
609	608	6d5d0b7ca4eecdc0	5			yes					-1	-1	-1	-1	-1	
610	608	5c5fa902daad2538	5			yes					-1	-1	-1	-1	-1	
611	608	e8e2748c42dc0772	5			yes					-1	-1	-1	-1	-1	
612	592	83919bdeb3e912ba	6			yes					-1	-1	-1	613	614	616	
613	612	9fb34aff94ae8004	5			yes					-1	-1	-1	-1	-1	
614	612	46504e21f6a0e3fc	5			yes					-1	-1	-1	-1	615	
615	614	372c46502b9830f0	4			yes					-1	-1	-1	-1	
616	612	f2ed93af6ed1c1b6	5			yes					-1	-1	-1	-1	-1	
617	592	6b703d7eafa499ba	6			yes					-1	-1	-1	-1	618	619	
618	617	aeb1e881eaed68fc	5			yes					-1	-1	-1	-1	-1	
619	617	1a0c350f729c4ab6	5			yes					-1	-1	-1	-1	-1	
620	592	b29339a0cdaafa42	6			yes					-1	-1	-1	-1	-1	621	
621	620	c3ef31d11092294e	5			yes					-1	-1	-1	-1	-1	
622	592	062ee42e55dbd808	6			yes					-1	-1	-1	-1	-1	-1	
623	530	ea48f3f6d13882e7	5			yes					-1	624	638	655	666	
624	623	194336dac204e4fe	6			yes					625	628	629	633	635	637	
625	624	244ba94ef3de69e7	5			yes					-1	626	-1	627	-1	
626	625	3dcb86a08171e9d3	4			yes					-1	-1	-1	-1	
627	625	e18a7cb1b69798a1	4			yes					-1	-1	-1	-1	
628	624	2a6a9d4e8b41da90	5			yes					-1	-1	-1	-1	-1	
629	624	00c31934b0ab64ca	5			yes					-1	-1	630	631	632	
630	629	1ce1c81597ecf674	4			yes					-1	-1	-1	-1	
631	629	c502cccbf5e2958c	4			yes					-1	-1	-1	-1	
632	629	d7c230de1a91d08f	4			yes					-1	-1	-1	-1	
633	624	0561e7fbe5437640	5			yes					-1	-1	-1	634	-1	
634	633	c0a03204a00a8706	4			yes					-1	-1	-1	-1	
635	624	dc82e325874d15b8	5			yes					-1	-1	-1	-1	636	
636	635	0b83cacf2d77a1fd	4			yes					-1	-1	-1	-1	
637	624	ce421f30683e50bb	5			yes					-1	-1	-1	-1	-1	
638	623	c0c13aa2cd3eee9c	6			yes					639	643	646	650	652	654	
639	638	fdc9a536fce46385	5			yes					-1	640	641	642	-1	
640	639	17e0555ca8cf3d8a	4			yes					-1	-1	-1	-1	
641	639	ee8a30d1c04190a5	4			yes					-1	-1	-1	-1	
642	639	380870c9b9ad92c3	4			yes					-1	-1	-1	-1	
643	638	d6a2060cb6276535	5			yes					-1	644	-1	645	-1	
644	643	3c8bf666e20c3b3a	4			yes					-1	-1	-1	-1	
645	643	1363d3f3f36e9473	4			yes					-1	-1	-1	-1	
646	638	2ae8cac89915b093	5			yes					-1	-1	647	648	649	
647	646	39ab5f2fa5b043b3	4			yes					-1	-1	-1	-1	
648	646	ef291f37dc5c41d5	4			yes					-1	-1	-1	-1	
649	646	fde9e322332f04d6	4			yes					-1	-1	-1	-1	
650	638	d382af45f19b1dbc	5			yes					-1	-1	-1	651	-1	
651	650	16437abab4d2ecfa	4			yes					-1	-1	-1	-1	
652	638	0500ef5d88771fda	5			yes					-1	-1	-1	-1	653	
653	652	d201c6b7224dab9f	4			yes					-1	-1	-1	-1	
654	638	17c0134867045ad9	5			yes					-1	-1	-1	-1	-1	
655	623	2259ab38552090aa	6			yes					656	659	660	663	665	-1	
656	655	1f5134ac64fa1db3	5			yes					-1	657	658	-1	-1	
657	656	f578c4c630d143bc	4			yes					-1	-1	-1	-1	
658	656	eb92432d5ff0040d	4			yes					-1	-1	-1	-1	
659	655	343a97962e391b03	5			yes					-1	-1	-1	-1	-1	
660	655	c8705b52010bcea5	5			yes					-1	-1	661	662	-1	
661	660	3cb32cd33a01d71b	4			yes					-1	-1	-1	-1	
662	660	9d8193dd631e5b58	4			yes					-1	-1	-1	-1	
663	655	d69adcb96e2a8914	5			yes					-1	-1	-1	664	-1	
664	663	836b14360c3f1ce9	4			yes					-1	-1	-1	-1	
665	655	77a863b737350557	5			yes					-1	-1	-1	-1	-1	
666	623	9d1e287e9ad4f1f5	7			yes					667	672	678	686	691	694	696	
667	666	a016b7eaab0e7cec	6			yes					-1	668	669	-1	670	671	
668	667	4a3f4780ff2522e3	5			yes					-1	-1	-1	-1	-1	
669	667	54d5c06b90046552	5			yes					-1	-1	-1	-1	-1	
670	667	65d76215ee478daa	5			yes					-1	-1	-1	-1	-1	
671	667	d16abf9b7636afe0	5			yes					-1	-1	-1	-1	-1	
672	666	8b7d14d0e1cd7a5c	6			yes					-1	673	674	675	676	677	
673	672	6154e4bab5e62453	5			yes					-1	-1	-1	-1	-1	
674	672	7fbe6351dac763e2	5			yes					-1	-1	-1	-1	-1	
675	672	975fc5f1c68ae8e2	5			yes					-1	-1	-1	-1	-1	
676	672	4ebcc12fa4848b1a	5			yes					-1	-1	-1	-1	-1	
677	672	fa011ca13cf5a950	5			yes					-1	-1	-1	-1	-1	
678	666	7737d814ceffaffa	6			yes					-1	-1	679	682	683	685	
679	678	83f4af95f5f5b644	5			yes					-1	-1	-1	680	681	
680	679	46357a6ab0bc4702	4			yes					-1	-1	-1	-1	
681	679	f288a7e428cd6548	4			yes					-1	-1	-1	-1	
682	678	6b150935e9b83d44	5			yes					-1	-1	-1	-1	-1	
683	678	b2f60deb8bb65ebc	5			yes					-1	-1	-1	-1	684	
684	683	c38a059a568e8db0	4			yes					-1	-1	-1	-1	
685	678	064bd06513c77cf6	5			yes					-1	-1	-1	-1	-1	
686	666	69dd5fffa1dee84b	6			yes					-1	-1	-1	687	688	690	
687	686	75ff8ede86997af5	5			yes					-1	-1	-1	-1	-1	
688	686	ac1c8a00e497190d	5			yes					-1	-1	-1	-1	689	
689	688	dd60827139afca01	4			yes					-1	-1	-1	-1	
690	686	18a1578e7ce63b47	5			yes					-1	-1	-1	-1	-1	
691	666	813cf95fbd93634b	6			yes					-1	-1	-1	-1	692	693	
692	691	44fd2ca0f8da920d	5			yes					-1	-1	-1	-1	-1	
693	691	f040f12e60abb047	5			yes					-1	-1	-1	-1	-1	
694	666	58dffd81df9d00b3	6			yes					-1	-1	-1	-1	-1	695	
695	694	29a3f5f002a5d3bf	5			yes					-1	-1	-1	-1	-1	
696	666	ec62200f47ec22f9	6			yes					-1	-1	-1	-1	-1	-1	
697	530	10be1e8688115b96	5			yes					-1	-1	698	725	736	
698	697	02a1323f1d1fa6f9	7			yes					699	704	712	717	719	722	724	
699	698	3fa9adab2cc52be0	6			yes					700	701	-1	702	703	-1	
700	699	1b07a56bf6d54abc	5			yes					-1	-1	-1	-1	-1	
701	699	47d3e11fa0546d6f	5			yes					-1	-1	-1	-1	-1	
702	699	c6829b930139f4bd	5			yes					-1	-1	-1	-1	-1	
703	699	ca074627a3b2bc97	5			yes					-1	-1	-1	-1	-1	
704	698	260f3affc70fc7a5	6			yes					-1	705	707	708	710	711	
705	704	5e75764b4b9e812a	5			yes					-1	-1	-1	706	-1	
706	705	abdb9dc7c4e9165d	4			yes					-1	-1	-1	-1	
707	704	befd77307f766cc3	5			yes					-1	-1	-1	-1	-1	
708	704	df240cc7eaf318f8	5			yes					-1	709	-1	-1	-1	
709	708	a75e407366625e77	4			yes					-1	-1	-1	-1	
710	704	d3a1d173487850d2	5			yes					-1	-1	-1	-1	-1	
711	704	d105435ba7b928da	5			yes					-1	-1	-1	-1	-1	
712	698	7adb7e8b918ee076	6			yes					-1	-1	713	714	715	716	
713	712	e229334429f74b10	5			yes					-1	-1	-1	-1	-1	
714	712	83f048b3bc723f2b	5			yes					-1	-1	-1	-1	-1	
715	712	8f7595071ef97701	5			yes					-1	-1	-1	-1	-1	
716	712	8dd1072ff1380f09	5			yes					-1	-1	-1	-1	-1	
717	698	9a537ff0a5660d9f	6			yes					-1	-1	-1	-1	-1	718	
718	717	6d590654c5d0e2e0	5			yes					-1	-1	-1	-1	-1	
719	698	fb8a040730e379a4	6			yes					-1	-1	-1	-1	720	721	
720	719	0e24ef8bbf94eed3	5			yes					-1	-1	-1	-1	-1	
721	719	0c807da3505596db	5			yes					-1	-1	-1	-1	-1	
722	698	f70fd9b39268318e	6			yes					-1	-1	-1	-1	-1	723	
723	722	0005a017f2dedef1	5			yes					-1	-1	-1	-1	-1	
724	698	f5ab4b9b7da94986	6			yes					-1	-1	-1	-1	-1	-1	
725	697	797c62898b94a5a0	6			yes					726	729	732	734	735	-1	
726	725	4474fd1dba4e28b9	5			yes					727	728	-1	-1	-1	
727	726	60daf5dd605e49e5	4			yes					-1	-1	-1	-1	
728	726	3c0eb1a936df6e36	4			yes					-1	-1	-1	-1	
729	725	5dd26a495184c4fc	5			yes					-1	730	-1	731	-1	
730	729	25a826fddd158273	4			yes					-1	-1	-1	-1	
731	729	0823a2c633915101	4			yes					-1	-1	-1	-1	
732	725	01062e3d0705e32f	5			yes					-1	-1	-1	733	-1	
733	732	54f7e6b2651076d2	4			yes					-1	-1	-1	-1	
734	725	7604540917997b61	5			yes					-1	-1	-1	-1	-1	
735	725	2c8daa06e981305d	5			yes					-1	-1	-1	-1	-1	
736	697	c63be1cf4460c4ff	7			yes					737	742	751	757	761	764	766	
737	736	fb337e5b75ba49e6	6			yes					738	739	-1	-1	740	741	
738	737	df9d769bafaa28ba	5			yes					-1	-1	-1	-1	-1	
739	737	834932eff92b0f69	5			yes					-1	-1	-1	-1	-1	
740	737	3ef2aba430f3b8a0	5			yes					-1	-1	-1	-1	-1	
741	737	8a4f762aa8829aea	5			yes					-1	-1	-1	-1	-1	
742	736	e295e90f9e70a5a3	6			yes					-1	743	746	747	748	750	
743	742	9aefa5bb12e1e32c	5			yes					-1	-1	-1	744	745	
744	743	5f2e704457a8126a	4			yes					-1	-1	-1	-1	
745	743	eb93adcacfd93020	4			yes					-1	-1	-1	-1	
746	742	ededdf8f027d7b62	5			yes					-1	-1	-1	-1	-1	
747	742	feb7382eb937371d	5			yes					-1	-1	-1	-1	-1	
748	742	27543cf0db3954e5	5			yes					-1	-1	-1	-1	749	
749	748	56283481060187e9	4			yes					-1	-1	-1	-1	
750	742	93e9e17e434876af	5			yes					-1	-1	-1	-1	-1	
751	736	be41ad7bc8f18270	6			yes					-1	-1	752	753	754	756	
752	751	b1399bfb54fc5cb1	5			yes					-1	-1	-1	-1	-1	
753	751	a2637c5aefb610ce	5			yes					-1	-1	-1	-1	-1	
754	751	7b8078848db87336	5			yes					-1	-1	-1	-1	755	
755	754	0afc70f55080a03a	4			yes					-1	-1	-1	-1	
756	751	cf3da50a15c9517c	5			yes					-1	-1	-1	-1	-1	
757	736	c943d74fd86d1a3e	6			yes					-1	-1	-1	758	759	760	
758	757	d561066eff2a8880	5			yes					-1	-1	-1	-1	-1	
759	757	0c8202b09d24eb78	5			yes					-1	-1	-1	-1	-1	
760	757	b83fdf3e0555c932	5			yes					-1	-1	-1	-1	-1	
761	736	da1930ee63275641	6			yes					-1	-1	-1	-1	762	763	
762	761	1fd8e511266ea707	5			yes					-1	-1	-1	-1	-1	
763	761	ab65389fbe1f854d	5			yes					-1	-1	-1	-1	-1	
764	736	03fa3430012935b9	6			yes					-1	-1	-1	-1	-1	765	
765	764	72863c41dc11e6b5	5			yes					-1	-1	-1	-1	-1	
766	736	b747e9be995817f3	6			yes					-1	-1	-1	-1	-1	-1	
767	530	995bb37c4290fb9b	5			no					-1	-1	-1	-2	-2	
