Number of nodes
236
ID	PID	Hash_Value			File_Number	Fully_Enumerated	Children
0	-1	6a8a0eaebdcb521f	5			yes					1	51	95	135	174	
1	0	3c2c9e14aa100a01	5			yes					2	17	37	46	50	
2	1	1e2c6280ab2690a1	4			yes					3	6	8	12	
3	2	459bdff6064bd9b7	4			yes					-1	-1	-1	5	
4	3	0a26fd0ff95690b1	3			no					-1	-2	-2	
5	3	55e7d39ab6dd5828	3			yes					-1	-1	-1	
6	2	24d925865a3e68f4	4			yes					-1	7	-1	-1	
7	6	4d51904b07c9320a	3			yes					-1	-1	-1	
8	2	07f07f386691161a	5			yes					-1	9	10	-1	11	
9	8	6e78caf53b664ce4	4			yes					-1	-1	-1	-1	
10	8	db775aef6885cd29	4			yes					-1	-1	-1	-1	
11	8	b6a85b5eaa492a65	4			yes					-1	-1	-1	-1	
12	2	14eba3a8f751e3b3	5			yes					-1	13	14	15	16	
13	12	7d631665aaa6b94d	4			yes					-1	-1	-1	-1	
14	12	c86c867ff9453880	4			yes					-1	-1	-1	-1	
15	12	ea7517b15a49b74a	4			yes					-1	-1	-1	-1	
16	12	fbfd475098171e70	4			yes					-1	-1	-1	-1	
17	1	c3e9bfe2e083df52	4			yes					-1	18	29	35	
18	17	2301267cd7a0e731	3			yes					19	20	24	
19	18	8c1ef2b1b21e052b	4			yes					-1	-1	-1	-1	
20	18	253aa0796161e00f	5			yes					21	22	-1	-1	23	
21	20	d58c9038d41fce44	4			yes					-1	-1	-1	-1	
22	20	20b595a72f9c69d1	4			yes					-1	-1	-1	-1	
23	20	9462841fadb9dc70	4			yes					-1	-1	-1	-1	
24	18	36217ce9f0a115a6	5			yes					25	26	-1	27	28	
25	24	c6974ca845df3bed	4			yes					-1	-1	-1	-1	
26	24	33ae4937be5c9c78	4			yes					-1	-1	-1	-1	
27	24	c8bfc8f05db9415f	4			yes					-1	-1	-1	-1	
28	24	d93798119fe7e865	4			yes					-1	-1	-1	-1	
29	17	0dac65b5c10e6fdf	3			yes					30	-1	31	
30	29	e5b944c0cc5c38ef	4			yes					-1	-1	-1	-1	
31	29	01b4558ef08769c7	5			yes					32	33	-1	-1	34	
32	31	f10265cf45f9478c	4			yes					-1	-1	-1	-1	
33	31	043b6050be7ae019	4			yes					-1	-1	-1	-1	
34	31	0e7a314e01b83a68	4			yes					-1	-1	-1	-1	
35	17	0cadbf5d1798124e	3			yes					36	-1	-1	
36	35	baf13762d99ba5eb	4			yes					-1	-1	-1	-1	
37	1	dcc4078a9d333262	4			yes					-1	-1	38	44	
38	37	1281ddddbcbe82ef	3			yes					39	-1	40	
39	38	167b10922197b85a	4			yes					-1	-1	-1	-1	
40	38	ad3a63eda2505bd6	5			yes					41	42	43	-1	-1	
41	40	5d8c53ac172e759d	4			yes					-1	-1	-1	-1	
42	40	a8b55633ecadd208	4			yes					-1	-1	-1	-1	
43	40	c4b2d620ffa70128	4			yes					-1	-1	-1	-1	
44	37	138007356a28ff7e	3			yes					45	-1	-1	
45	44	fbdd3b95d95b0bc4	4			yes					-1	-1	-1	-1	
46	1	f26944438b9dba8c	4			yes					-1	-1	-1	47	
47	46	3d2d44fc7c867790	3			yes					48	-1	-1	
48	47	80a768eec8b09c2c	5			yes					-1	-1	-1	-1	49	
49	48	5a226cfb179af92f	4			yes					-1	-1	-1	-1	
50	1	f3689eab5d0bc71d	4			yes					-1	-1	-1	-1	
51	0	d4705d5444d36ae0	5			yes					52	70	81	90	94	
52	51	cef95d8e61210f7f	4			yes					53	57	64	68	
53	52	0bf476cf230d8bad	4			yes					-1	54	55	56	
54	53	6d287a8968149be1	3			yes					-1	-1	-1	
55	53	5e1b0ab6caf8967f	3			yes					-1	-1	-1	
56	53	1b887aa3939b0a32	3			yes					-1	-1	-1	
57	52	2e11c4105602371c	3			yes					58	60	62	
58	57	bea632313e896db0	4			yes					-1	-1	59	-1	
59	58	934870a018eacaad	3			yes					-1	-1	-1	
60	57	ca702859491e5dd3	4			yes					61	-1	-1	-1	
61	60	cc25f55d10debc3f	3			yes					-1	-1	-1	
62	57	e80d6c1e68b59139	5			yes					-1	-1	-1	-1	63	
63	62	3288680bb79ff43a	4			yes					-1	-1	-1	-1	
64	52	00bc87d940acbff2	3			yes					65	-1	66	
65	64	e65be45252db802f	4			yes					-1	-1	-1	-1	
66	64	6ce16ac94785c966	5			yes					-1	-1	-1	-1	67	
67	66	b6646edc98afac65	4			yes					-1	-1	-1	-1	
68	52	01bd5d31963ac263	3			yes					69	-1	-1	
69	68	f49e9e5bfcddf7f1	4			yes					-1	-1	-1	-1	
70	51	fb6043acc447206d	4			yes					-1	71	75	78	
71	70	5a298668eadbc86e	4			yes					72	-1	-1	-1	
72	71	39aa5f4d5ff15a6d	3			yes					-1	-1	-1	
73	70	7900dcd6d674b680	5			yes					74	-1	76	-1	77	
74	73	1a8305f3635e2483	4			yes					-1	-1	-1	-1	
75	70	5e52679042ed83d5	5			yes					-1	-1	-1	-1	-1	
76	73	a587f901d8606db3	4			yes					-1	-1	-1	-1	
77	73	c858f8b01aac8aff	4			yes					-1	-1	-1	-1	
78	70	6a1b004647b44329	5			yes					79	-1	80	-1	-1	
79	78	0998d963f29ed12a	4			yes					-1	-1	-1	-1	
80	78	b69c259149a0981a	4			yes					-1	-1	-1	-1	
81	51	3498c4ca73f05283	4			yes					-1	-1	82	88	
82	81	fadd1e9d527de20e	3			yes					-1	83	84	
83	82	688bb37c917218c0	4			yes					-1	-1	-1	-1	
84	82	00f85e5fb497ae3c	5			yes					85	86	87	-1	-1	
85	84	637b877a01bd3c3f	4			yes					-1	-1	-1	-1	
86	84	3b80bf57ecf96e40	4			yes					-1	-1	-1	-1	
87	84	6970eb92e960f4c2	4			yes					-1	-1	-1	-1	
88	81	fbdcc47584eb9f9f	3			yes					-1	89	-1	
89	88	852d987b69beab5e	4			yes					-1	-1	-1	-1	
90	51	1a358703655eda6d	4			yes					-1	-1	-1	91	
91	90	d57187bc92451771	3			yes					-1	92	-1	
92	91	fe57cb0078553cb6	5			yes					-1	-1	-1	-1	93	
93	92	24d2cf15a77f59b5	4			yes					-1	-1	-1	-1	
94	51	1b345debb3c8a7fc	4			yes					-1	-1	-1	-1	
95	0	597ed757e67ad01b	5			yes					96	114	124	130	134	
96	95	43f7d78dc388b584	4			yes					97	105	107	112	
97	96	70a0de8c1d19ab48	3			yes					-1	98	101	
98	97	5bb59d2d3439b09a	5			yes					-1	-1	99	-1	100	
99	98	8732b8fa3a2d6ba9	4			yes					-1	-1	-1	-1	
100	98	eaedb94bf8e18ce5	4			yes					-1	-1	-1	-1	
101	97	48ae41bda5f94533	5			yes					-1	-1	102	103	104	
102	101	9429646aabed9e00	4			yes					-1	-1	-1	-1	
103	101	b630f5a408e111ca	4			yes					-1	-1	-1	-1	
104	101	a7b8a545cabfb8f0	4			yes					-1	-1	-1	-1	
105	96	4d1afdcb1cb5f671	4			yes					-1	-1	-1	106	
106	105	5d66f1a7ac2377ee	3			yes					-1	-1	-1	
107	96	8db20ddae2050509	3			yes					-1	108	109	
108	107	2885228e2872ab17	4			yes					-1	-1	-1	-1	
109	107	9042c970371ac37d	5			yes					-1	-1	110	-1	111	
110	109	4cc5eca7390e184e	4			yes					-1	-1	-1	-1	
111	109	4ac7cd65e830a67e	4			yes					-1	-1	-1	-1	
112	96	8cb3d73234937898	3			yes					-1	113	-1	
113	112	b270155fc3658a2d	4			yes					-1	-1	-1	-1	
114	95	6a29de5638ebced7	4			yes					-1	115	117	122	
115	114	0f740cd961a64fb8	4			yes					116	-1	-1	-1	
116	115	6cf7d5fcd48cddbb	3			yes					-1	-1	-1	
117	114	a46c040119667e5a	3			yes					-1	118	119	
118	117	b30fb0e0363a95c2	4			yes					-1	-1	-1	-1	
119	117	d2084ce559e347b5	5			yes					120	-1	-1	-1	121	
120	119	b18b95c0ecc9d5b6	4			yes					-1	-1	-1	-1	
121	119	ddc62825a8dc141a	4			yes					-1	-1	-1	-1	
122	114	a56ddee9cff003cb	3			yes					-1	123	-1	
123	122	d6b27b40197d49cf	4			yes					-1	-1	-1	-1	
124	95	28dfd3332df506c2	4			yes					-1	-1	125	128	
125	124	b60f491d61355c47	5			yes					-1	126	-1	-1	127	
126	125	b3807cc32fc8d599	4			yes					-1	-1	-1	-1	
127	125	07576d7baded6038	4			yes					-1	-1	-1	-1	
128	124	a514958df0f5a9ee	5			yes					-1	129	-1	-1	-1	
129	128	a09ba053be082030	4			yes					-1	-1	-1	-1	
130	95	973b0d00c7f76096	4			yes					-1	-1	-1	131	
131	130	587f0dbf30ecad8a	3			yes					-1	-1	132	
132	131	31585ecbcf14d671	5			yes					-1	-1	-1	-1	133	
133	132	ebdd5ade103eb372	4			yes					-1	-1	-1	-1	
134	95	963ad7e811611d07	4			yes					-1	-1	-1	-1	
135	0	f1b55eb37d375f4d	5			yes					136	151	163	171	173	
136	135	eb3c5e6958c53ad2	4			yes					137	145	148	149	
137	136	d86b57688654241e	3			yes					138	140	141	
138	137	c6a8e4b7fed418f2	4			yes					-1	139	-1	-1	
139	138	21d36931c7f34e1d	3			yes					-1	-1	-1	
140	137	66419446e1c29a59	4			yes					-1	-1	-1	-1	
141	137	88854cf5b1dec6b6	5			yes					-1	142	-1	143	144	
142	141	e10df938ec299c48	4			yes					-1	-1	-1	-1	
143	141	761bf8ec1cc6924f	4			yes					-1	-1	-1	-1	
144	141	6793a80dde983b75	4			yes					-1	-1	-1	-1	
145	136	14f97f9f1256ef81	3			yes					-1	146	147	
146	145	e28e6cc18843ff77	4			yes					-1	-1	-1	-1	
147	145	cd93abc24a10edc4	4			yes					-1	-1	-1	-1	
148	136	3ae5397e67098cfc	4			yes					-1	-1	-1	-1	
149	136	24785ed6afdef7ce	3			yes					-1	-1	150	
150	149	ef7f5e50a087b680	4			yes					-1	-1	-1	-1	
151	135	c2e257b2a3a64181	4			yes					-1	152	158	161	
152	151	3d277644e93594d2	3			yes					-1	153	154	
153	152	18b137a851273ac3	4			yes					-1	-1	-1	-1	
154	152	f675ef1b013b662c	5			yes					155	-1	-1	156	157	
155	154	95f6363eb411f42f	4			yes					-1	-1	-1	-1	
156	154	08eb5b02ac2332d5	4			yes					-1	-1	-1	-1	
157	154	19630be36e7d9bef	4			yes					-1	-1	-1	-1	
158	151	9213a2f4b05bdcb2	5			yes					159	-1	-1	-1	160	
159	158	f1907bd105714eb1	4			yes					-1	-1	-1	-1	
160	158	86cb9f74736c5ad3	4			yes					-1	-1	-1	-1	
161	151	0da6570d54bd8c9d	3			yes					-1	-1	162	
162	161	7c3e62f820c85275	4			yes					-1	-1	-1	-1	
163	135	0e707f4537a48a1e	4			yes					-1	-1	164	168	
164	163	ed478e5b92737ada	5			yes					165	166	-1	-1	167	
165	164	8ec4577e2759e8d9	4			yes					-1	-1	-1	-1	
166	164	e8c8bb85dc8ef304	4			yes					-1	-1	-1	-1	
167	164	467570a07b0d2fd8	4			yes					-1	-1	-1	-1	
168	163	c1347ffac0bf4702	3			yes					-1	-1	169	
169	168	82e9ec204073b9cb	5			yes					-1	-1	-1	-1	170	
170	169	2aa2783a4781ae41	4			yes					-1	-1	-1	-1	
171	135	195f289246eb631c	4			yes					-1	-1	-1	172	
172	171	65bb7cc0bb7770bc	5			yes					-1	-1	-1	-1	-1	
173	135	3ef15e0c8a2c9251	4			yes					-1	-1	-1	-1	
174	0	06ecf4f3be5a3c0d	6			yes					175	201	220	230	233	235	
175	174	1c65f4299ba85992	5			yes					176	182	190	196	197	
176	175	9376d3d72e263229	6			yes					-1	177	178	179	180	181	
177	176	fafe661a73d168d7	5			yes					-1	-1	-1	-1	-1	
178	176	4ff1f6002032e91a	5			yes					-1	-1	-1	-1	-1	
179	176	b265eeb3fd2b6c84	5			yes					-1	-1	-1	-1	-1	
180	176	f36f0a744edcb21b	5			yes					-1	-1	-1	-1	-1	
181	176	4469178e86f89416	5			yes					-1	-1	-1	-1	-1	
182	175	edb67b9ce33ec983	6			yes					-1	-1	183	185	187	189	
183	182	a6ad0bb771705bcf	5			yes					-1	-1	-1	-1	184	
184	183	e6916fb906b1cd2f	4			yes					-1	-1	-1	-1	
185	182	4c97bc4e3e13b197	5			yes					-1	-1	-1	-1	186	
186	185	0cabd84049d22777	4			yes					-1	-1	-1	-1	
187	182	aef0a5cd647e60df	5			yes					-1	-1	-1	-1	188	
188	187	eeccc1c313bff63f	4			yes					-1	-1	-1	-1	
189	182	ad8a1f9294ff5f63	5			yes					-1	-1	-1	-1	-1	
190	175	b7c34f104d270789	6			yes					-1	-1	-1	191	193	195	
191	190	16e288c2900a7f9d	5			yes					-1	-1	-1	-1	192	
192	191	56deeccce7cbe97d	4			yes					-1	-1	-1	-1	
193	190	f4859141ca67aed5	5			yes					-1	-1	-1	-1	194	
194	193	b4b9f54fbda63835	4			yes					-1	-1	-1	-1	
195	190	f7ff2b1e3ae69169	5			yes					-1	-1	-1	-1	-1	
196	175	857d658bea05d8b6	4			yes					-1	-1	-1	-1	
197	175	b56220cbd28c72d8	4			yes					198	199	200	-1	
198	197	d4343115d84c86be	6			yes					-1	-1	-1	-1	-1	-1	
199	197	366f24f7624380c3	5			yes					-1	-1	-1	-1	-1	
200	197	6c1a107bcc5a4ec9	5			yes					-1	-1	-1	-1	-1	
201	174	35bbfdf260cb22c1	5			yes					-1	202	208	216	217	
202	201	ed8670399ec392b3	6			yes					203	-1	204	205	206	207	
203	202	8e05a91c2be900b0	5			yes					-1	-1	-1	-1	-1	
204	202	310155ee90d74980	5			yes					-1	-1	-1	-1	-1	
205	202	cc954d5d4dcecc1e	5			yes					-1	-1	-1	-1	-1	
206	202	8d9fa99afe391281	5			yes					-1	-1	-1	-1	-1	
207	202	3a99b460361d348c	5			yes					-1	-1	-1	-1	-1	
208	201	ba7610f5ddeda707	6			yes					209	-1	-1	211	213	215	
209	208	d9f5c9d068c73504	5			yes					-1	-1	-1	-1	210	
210	209	99c9adde1f06a3e4	4			yes					-1	-1	-1	-1	
211	208	1b57d72700c0df13	5			yes					-1	-1	-1	-1	212	
212	211	5b6bb329770149f3	4			yes					-1	-1	-1	-1	
213	208	f930cea45aad0e5b	5			yes					-1	-1	-1	-1	214	
214	213	b90caaaa2d6c98bb	4			yes					-1	-1	-1	-1	
215	208	fa4a74fbaa2c31e7	5			yes					-1	-1	-1	-1	-1	
216	201	aca36c501166a3e5	4			yes					-1	-1	-1	-1	
217	201	9cbc291029ef098b	4			yes					-1	218	219	-1	
218	217	aac492fb68a92624	6			yes					-1	-1	-1	-1	-1	-1	
219	217	61af4f9e5c90ee47	5			yes					-1	-1	-1	-1	-1	
220	174	f929d505f4c9e95e	5			yes					-1	-1	221	227	228	
221	220	2289e5f229827874	6			yes					222	223	-1	224	225	226	
222	221	410a3cd79ca8ea77	5			yes					-1	-1	-1	-1	-1	
223	221	2706d02c677ff1aa	5			yes					-1	-1	-1	-1	-1	
224	221	039ad896fa8f26d9	5			yes					-1	-1	-1	-1	-1	
225	221	42903c514978f846	5			yes					-1	-1	-1	-1	-1	
226	221	f59621ab815cde4b	5			yes					-1	-1	-1	-1	-1	
227	220	603144a78564687a	4			yes					-1	-1	-1	-1	
228	220	502e01e7bdedc214	4			yes					-1	-1	229	-1	
229	228	65cb0730dfe8cce3	6			yes					-1	-1	-1	-1	-1	-1	
230	174	e6046d6d8979046e	5			yes					-1	-1	-1	231	232	
231	230	7f1cfccff8d4854a	4			yes					-1	-1	-1	-1	
232	230	4f03b98fc05d2f24	4			yes					-1	-1	-1	-1	
233	174	9ff46551cff7bd29	5			yes					-1	-1	-1	-1	234	
234	233	36f3b1b386d39663	4			yes					-1	-1	-1	-1	
235	174	afeb2011f77e1747	5			yes					-1	-1	-1	-1	-1	
