Number of nodes
404
ID	PID	Hash_Value			File_Number	Fully_Enumerated	Children
0	-1	c69d286e9ae43154	6			yes					1	45	83	120	158	291	
1	0	8baabee329ef4cd5	5			yes					2	13	33	41	44	
2	1	b7a8a0645e2b05b3	4			yes					3	5	7	10	
3	2	22ef0ce1d17dea4e	4			yes					-1	-1	-1	4	
4	3	853e8e8fa1a3086d	3			yes					-1	-1	-1	
5	2	9010b725f7e2be89	4			yes					-1	6	-1	-1	
6	5	6486702d6425033b	3			yes					-1	-1	-1	
7	2	4e12b02e3d44073a	5			yes					-1	8	-1	-1	9	
8	7	ba847726ae83ba88	4			yes					-1	-1	-1	-1	
9	7	9f8393e773f6d310	4			yes					-1	-1	-1	-1	
10	2	bd42ad387cd18df0	5			yes					-1	11	12	-1	-1	
11	10	49d46a30ef163042	4			yes					-1	-1	-1	-1	
12	10	b538b40a311b0dd4	4			yes					-1	-1	-1	-1	
13	1	1f5c3dfa4f7ac48c	4			yes					-1	14	25	31	
14	13	514bbacdcdb42fcb	3			yes					15	16	20	
15	14	69c70d56f02510f2	4			yes					-1	-1	-1	-1	
16	14	ae1a605486f146a1	5			yes					17	18	-1	-1	19	
17	16	718db65644f97c8f	4			yes					-1	-1	-1	-1	
18	16	f258f717122b5a49	4			yes					-1	-1	-1	-1	
19	16	7f8b439dc843928b	4			yes					-1	-1	-1	-1	
20	14	5d4a7d42c764cc6b	5			yes					21	22	-1	23	24	
21	20	82ddab40056cf645	4			yes					-1	-1	-1	-1	
22	20	0108ea0153bed083	4			yes					-1	-1	-1	-1	
23	20	0c6dbd7b74f56471	4			yes					-1	-1	-1	-1	
24	20	8d93069aa6f6673a	4			yes					-1	-1	-1	-1	
25	13	ab6c36a04e0a6e14	3			yes					26	-1	27	
26	25	d49d8632dd3dc345	4			yes					-1	-1	-1	-1	
27	25	b72d736c663072a7	5			yes					-1	-1	-1	-1	30	
28	27	68baa56ea4384889	4			no					-1	-1	-1	-2	
29	27	eb6fe42ff2ea6e4f	4			no					-1	-1	-1	-2	
30	27	cc17a05cf53d50d7	4			yes					-1	-1	-1	-1	
31	13	c62592eaf47a08b9	3			yes					32	-1	-1	
32	31	55e7f557c031a33c	4			yes					-1	-1	-1	-1	
33	1	c5bd39d4ab21a792	4			yes					-1	-1	34	39	
34	33	718d328eaa510d0a	3			yes					35	-1	36	
35	34	4cd0f579fb4a2222	4			yes					-1	-1	-1	-1	
36	34	47a12bcc647a8aae	5			yes					37	-1	-1	-1	-1	
37	36	9836fdcea672b080	4			yes					-1	-1	-1	-1	
38	36	b337ecc4f7bd371c	4			no					-1	-2	-1	-1	
39	33	1cc496c410216ba7	3			yes					40	-1	-1	
40	39	112b7fd48179d806	4			yes					-1	-1	-1	-1	
41	1	3f9ab5b9289fe64d	4			yes					-1	-1	-1	42	
42	41	e6e31aa9939f2a78	3			yes					43	-1	-1	
43	42	c3df9d9e3c96b8c2	5			yes					-1	-1	-1	-1	-1	
44	1	52d311f392ef80e0	4			yes					-1	-1	-1	-1	
45	0	474c41618e2c41f3	5			yes					46	61	71	79	82	
46	45	4a5b469e9fd9d0ae	4			yes					47	49	55	59	
47	46	7ef060978b58b003	4			yes					-1	-1	-1	48	
48	47	d921e2f9fb865220	3			yes					-1	-1	-1	
49	46	044cc1a91d173be9	3			yes					50	52	53	
50	49	ddc038c26bf339d0	4			yes					-1	-1	-1	51	
51	50	2a5607cddbd6effc	3			yes					-1	-1	-1	
52	49	0f5b9a240c35de6b	4			yes					-1	-1	-1	-1	
53	49	e4c59d85e79012bb	5			yes					-1	-1	-1	-1	54	
54	53	ab10eede1964bd14	4			yes					-1	-1	-1	-1	
55	46	fe6b4dc49ea97a36	3			yes					56	-1	57	
56	55	dd4795f756c56cdb	4			yes					-1	-1	-1	-1	
57	55	7a3ea70f1567b63c	5			yes					-1	-1	-1	-1	58	
58	57	b7659a8b118415fe	4			yes					-1	-1	-1	-1	
59	46	9322e98e24d91c9b	3			yes					60	-1	-1	
60	59	09f899219a14f971	4			yes					-1	-1	-1	-1	
61	45	2e492482294b1cb7	4			yes					-1	62	64	68	
62	61	e1cc3500e3fbc359	4			yes					63	-1	-1	-1	
63	62	46f5cb766ef1c6c2	3			yes					-1	-1	-1	
64	61	3fce320b295d7aea	5			yes					65	-1	66	-1	67	
65	64	98f7cc7da4577f71	4			yes					-1	-1	-1	-1	
66	64	37b42b396497face	4			yes					-1	-1	-1	-1	
67	64	ee5f11c267efaec0	4			yes					-1	-1	-1	-1	
68	61	cc9e2f1d68c8f020	5			yes					69	-1	70	-1	-1	
69	68	6ba7d16be5c2f5bb	4			yes					-1	-1	-1	-1	
70	68	c4e4362f25027004	4			yes					-1	-1	-1	-1	
71	45	095bc6560ce2aab4	4			yes					-1	-1	72	77	
72	71	bd6bcd0c0d92002c	3			yes					-1	73	74	
73	72	3d0c775cef535ff2	4			yes					-1	-1	-1	-1	
74	72	fa62a0abd2ec5a77	5			yes					75	76	-1	-1	-1	
75	74	5d5b5edd5fe65fec	4			yes					-1	-1	-1	-1	
76	74	634d94fbbfa2a9f3	4			yes					-1	-1	-1	-1	
77	71	d0226946b7e26681	3			yes					-1	78	-1	
78	77	60f7fdf19560a5d6	4			yes					-1	-1	-1	-1	
79	45	f37c4a3b8f5ceb6b	4			yes					-1	-1	-1	80	
80	79	2a05e52b345c275e	3			yes					-1	81	-1	
81	80	b2031fbb288fc512	5			yes					-1	-1	-1	-1	-1	
82	45	9e35ee71352c8dc6	4			yes					-1	-1	-1	-1	
83	0	a451fa8d42887a6c	5			yes					84	101	110	116	119	
84	83	a946fd72537deb31	4			yes					85	92	94	99	
85	84	9df8cedf14e2ff20	3			yes					-1	86	89	
86	85	ef4b5fa15883aadc	5			yes					-1	-1	87	-1	88	
87	86	e731469315492af8	4			yes					-1	-1	-1	-1	
88	86	3eda7c6816317ef6	4			yes					-1	-1	-1	-1	
89	85	1c1b42b719162016	5			yes					-1	-1	90	91	-1	
90	89	14615b8554dca032	4			yes					-1	-1	-1	-1	
91	89	4d3c828eaa87880c	4			yes					-1	-1	-1	-1	
92	84	8cf1c2e5acbf0c7f	4			yes					-1	-1	-1	93	
93	92	2b20408bdc61ee5c	3			yes					-1	-1	-1	
94	84	1d76f628520d41a9	3			yes					-1	95	96	
95	94	a45d328615c7973c	4			yes					-1	-1	-1	-1	
96	94	c7133487f881a989	5			yes					-1	-1	-1	-1	98	
97	96	7857dbfe4676004c	4			no					-1	-2	-1	-2	
98	96	bc29e7b76b8c8bf9	4			yes					-1	-1	-1	-1	
99	84	703f5262e87d2704	3			yes					-1	100	-1	
100	99	fbf93b53bdf3450d	4			yes					-1	-1	-1	-1	
101	83	90efc92005176e7d	4			yes					-1	102	104	108	
102	101	89c974f41dad8b31	4			yes					103	-1	-1	-1	
103	102	2ef08a8290a78eaa	3			yes					-1	-1	-1	
104	101	24dfc27a0467c4e5	3			yes					-1	105	106	
105	104	0778c703e217ee1a	4			yes					-1	-1	-1	-1	
106	104	03114afcb76cbb78	5			yes					-1	-1	-1	-1	107	
107	106	782b99cc24619908	4			yes					-1	-1	-1	-1	
108	101	49966630be17a248	3			yes					-1	109	-1	
109	108	b38c517dd13c77cd	4			yes					-1	-1	-1	-1	
110	83	54e09018ec1ae3e1	4			yes					-1	-1	111	114	
111	110	d6b44820c9f37914	5			yes					-1	112	-1	-1	113	
112	111	8af6df635d2965fc	4			yes					-1	-1	-1	-1	
113	111	07256be98741ad3e	4			yes					-1	-1	-1	-1	
114	110	25e455368866f3de	5			yes					-1	115	-1	-1	-1	
115	114	79a6c2751cbcef36	4			yes					-1	-1	-1	-1	
116	83	1061f1d743f8d0f4	4			yes					-1	-1	-1	117	
117	116	c9185ec7f8f81cc1	3			yes					-1	-1	118	
118	117	5b796590c821c6ec	5			yes					-1	-1	-1	-1	-1	
119	83	7d28559df988b659	4			yes					-1	-1	-1	-1	
120	0	6a8780b1d222b290	5			yes					121	135	148	155	157	
121	120	6790874ec3d723cd	4			yes					122	129	132	133	
122	121	532eb4e3844837dc	3			yes					123	125	126	
123	122	7c05802af4e5cdd4	4			yes					-1	124	-1	-1	
124	123	9b5b0d1822de171c	3			yes					-1	-1	-1	
125	122	c3601b03c556e7d6	4			yes					-1	-1	-1	-1	
126	122	5cb7da49f0523357	5			yes					-1	127	-1	-1	-1	
127	126	a8211d4163958ee5	4			yes					-1	-1	-1	-1	
128	126	0d901a7043c39b4d	4			no					-1	-2	-2	-2	
129	121	f3660457a542ab94	3			yes					-1	130	131	
130	129	651ebc380f1de1fd	4			yes					-1	-1	-1	-1	
131	129	728d6c6bd8b82116	4			yes					-1	-1	-1	-1	
132	121	a7faa23ce9c5ab5e	4			yes					-1	-1	-1	-1	
133	121	bee9285e78d7eff8	3			yes					-1	-1	134	
134	133	49dd8a1ec8ef3667	4			yes					-1	-1	-1	-1	
135	120	5e39b31c95bda681	4			yes					-1	136	142	145	
136	135	cacf3005f3282ed8	3			yes					-1	137	138	
137	136	b2bc9926d14f9a06	4			yes					-1	-1	-1	-1	
138	136	2d6b586ce44b4e87	5			yes					139	-1	-1	140	141	
139	138	8a52a61a69414b1c	4			yes					-1	-1	-1	-1	
140	138	7c4c985557dae69d	4			yes					-1	-1	-1	-1	
141	138	fdb223b485d9e5d6	4			yes					-1	-1	-1	-1	
142	135	805b7f1873da3b73	5			yes					143	-1	-1	-1	144	
143	142	2762816efed03ee8	4			yes					-1	-1	-1	-1	
144	142	33e80f84090a1ffc	4			yes					-1	-1	-1	-1	
145	135	87401c0c2ebd6ab4	3			yes					-1	-1	146	
146	145	7c508af6b3364c34	5			yes					-1	-1	-1	-1	147	
147	146	3385f9ad4dc2e39b	4			yes					-1	-1	-1	-1	
148	120	fe7103a8b4b73ac9	4			yes					-1	-1	149	153	
149	148	5bfbc6dc319d8e5e	5			yes					150	151	-1	-1	152	
150	149	fcc238aabc978bc5	4			yes					-1	-1	-1	-1	
151	149	07b9519fa54792b6	4			yes					-1	-1	-1	-1	
152	149	c7813a8fbdb61776	4			yes					-1	-1	-1	-1	
153	148	2708acb80fb7f6fc	3			yes					-1	-1	154	
154	153	0821171bf8b7022d	5			yes					-1	-1	-1	-1	-1	
155	120	7426185b8bffc120	4			yes					-1	-1	-1	156	
156	155	166c92f78d73d0b1	5			yes					-1	-1	-1	-1	-1	
157	120	b3fe2fa169227ea5	4			yes					-1	-1	-1	-1	
158	0	1b51e167db9c366f	5			yes					159	171	184	196	228	
159	158	d0693585ebe70147	4			yes					160	163	170	-1	
160	159	ec6b2b029c234821	3			yes					161	162	-1	
161	160	25f3c9260e142873	4			yes					-1	-1	-1	-1	
162	160	ef1665c2a4953cdb	5			yes					-1	-1	-1	-1	-1	
163	159	449fb69c8d72891e	3			yes					-1	164	169	
164	163	b660b4a98e375be1	5			yes					165	166	-1	167	-1	
165	164	69f762ab4c3f61cf	4			yes					-1	-1	-1	-1	
166	164	ea2223ea1aed4709	4			yes					-1	-1	-1	-1	
167	164	726293575c8928e9	4			yes					-1	-1	-1	-1	
168	164	18b6e15dc7d9bc28	4			no					-1	-2	-1	-1	
169	163	8bf5fc6b5af5fb83	5			yes					-1	-1	-1	-1	-1	
170	159	9e7eb2b26929ea00	3			yes					-1	-1	-1	
171	158	1c8fca074c240c61	4			yes					172	180	183	-1	
172	171	1198cdf85dd19d3c	3			yes					173	174	179	
173	172	a07e000264077ff5	4			yes					-1	-1	-1	-1	
174	172	e55c61868cfbadd4	5			yes					175	176	-1	177	178	
175	174	7b821472d9427a0e	4			yes					-1	-1	-1	-1	
176	174	1dcabdd0ac946247	4			yes					-1	-1	-1	-1	
177	174	5c4e495a845daffd	4			yes					-1	-1	-1	-1	
178	174	428de3e8fc254ff7	4			yes					-1	-1	-1	-1	
179	172	d214609953d64e63	5			yes					-1	-1	-1	-1	-1	
180	171	758aafe4eb435125	3			yes					-1	181	-1	
181	180	9ecae7e7b08c410b	5			yes					-1	-1	-1	182	-1	
182	181	27d8cf3bb82a4322	4			yes					-1	-1	-1	-1	
183	171	52984d30ceeae726	3			yes					-1	-1	-1	
184	158	ff9271eb808037fe	4			yes					185	192	195	-1	
185	184	f28576149175a6a3	3			yes					186	190	191	
186	185	f7318b5c5045b79c	5			yes					-1	187	188	189	-1	
187	186	a2fea3dba645a7c8	4			yes					-1	-1	-1	-1	
188	186	ff4b926e1d8f37b8	4			yes					-1	-1	-1	-1	
189	186	3333aca282fbc494	4			yes					-1	-1	-1	-1	
190	185	1841855f2759fe44	4			yes					-1	-1	-1	-1	
191	185	b89dbdfc10e8eee8	5			yes					-1	-1	-1	-1	-1	
192	184	cb2c4246c71f23ef	3			yes					-1	193	194	
193	192	6bcfd5d4e80450a7	4			yes					-1	-1	-1	-1	
194	192	7c9fc3875f05fc19	5			yes					-1	-1	-1	-1	-1	
195	184	0f231b7e2e12ae73	3			yes					-1	-1	-1	
196	158	b309a4a39dcd4ca5	5			yes					197	211	219	226	227	
197	196	be1ea35c8c38ddf8	4			yes					198	203	207	208	
198	197	b79d13a2b901a4dd	5			yes					-1	199	200	201	202	
199	198	430bd4aa2ac6196f	4			yes					-1	-1	-1	-1	
200	198	5e127de178489a5e	4			yes					-1	-1	-1	-1	
201	198	739f345c6bbfd7d5	4			yes					-1	-1	-1	-1	
202	198	194b4656f0ef4314	4			yes					-1	-1	-1	-1	
203	197	e05290edbc46784b	5			yes					-1	-1	204	205	206	
204	203	122eadc3ed11ed46	4			yes					-1	-1	-1	-1	
205	203	5940b831b4e07a62	4			yes					-1	-1	-1	-1	
206	203	47831283cc989a68	4			yes					-1	-1	-1	-1	
207	197	87fab35ff7abc454	4			yes					-1	-1	-1	-1	
208	197	1d1126bf59b2c31d	5			yes					-1	-1	209	-1	-1	
209	208	f49e48fc98fbfd9e	4			yes					-1	-1	-1	-1	
210	208	d91301418b0cb015	4			no					-1	-2	-2	-2	
211	196	87b7970eda5258b4	4			yes					-1	212	216	217	
212	211	c6419187ad18d90d	5			yes					213	-1	214	215	-1	
213	212	61786ff12012dc96	4			yes					-1	-1	-1	-1	
214	212	2fceffc46c51e78e	4			yes					-1	-1	-1	-1	
215	212	0243b6797fa6aa05	4			yes					-1	-1	-1	-1	
216	211	283a766fc5b988ab	5			yes					-1	-1	-1	-1	-1	
217	211	84cd5d38f757bbbf	5			yes					218	-1	-1	-1	-1	
218	217	23f4a34e7a5dbe24	4			yes					-1	-1	-1	-1	
219	196	27ff27bafb58c4fc	4			yes					-1	-1	220	221	
220	219	13be90bc761859b2	5			yes					-1	-1	-1	-1	-1	
221	219	98dc06d0b35a7009	6			yes					222	223	-1	224	225	-1	
222	221	3fe5f8a63e507592	5			yes					-1	-1	-1	-1	-1	
223	221	c49e919327806ce1	5			yes					-1	-1	-1	-1	-1	
224	221	6aa03bfee20de504	5			yes					-1	-1	-1	-1	-1	
225	221	8a117aef0821a1dc	5			yes					-1	-1	-1	-1	-1	
226	196	46f1e11a06da1060	4			yes					-1	-1	-1	-1	
227	196	58a7f2f2abe851d0	4			yes					-1	-1	-1	-1	
228	158	a4f84cee729271cf	6			yes					229	255	274	285	288	290	
229	228	a9ef4b116367e092	5			yes					230	236	242	247	248	
230	229	2938df8adc133d43	6			yes					-1	231	232	-1	234	235	
231	230	ddae18824fd480f1	5			yes					-1	-1	-1	-1	-1	
232	230	2142c6b891d9bd67	5			yes					-1	-1	-1	-1	-1	
233	230	ed3af8740ead4e4b	5			no					-1	-1	-1	-2	-2	
234	230	0ca4abcd341153fb	5			yes					-1	-1	-1	-1	-1	
235	230	dd224560946e930b	5			yes					-1	-1	-1	-1	-1	
236	229	831d25ac3e37a593	6			yes					-1	-1	237	238	240	241	
237	236	b979c31f3242180a	5			yes					-1	-1	-1	-1	-1	
238	236	3a0f0d703691a7ba	5			yes					-1	-1	-1	-1	239	
239	238	4b6650006194c2ab	4			yes					-1	-1	-1	-1	
240	236	04e88d03044fdec5	5			yes					-1	-1	-1	-1	-1	
241	236	f27478dc6932c082	5			yes					-1	-1	-1	-1	-1	
242	229	dac1ab4c95a58c37	6			yes					-1	-1	-1	243	245	246	
243	242	63d383909d038e1e	5			yes					-1	-1	-1	-1	244	
244	243	12badee0ca06eb0f	4			yes					-1	-1	-1	-1	
245	242	5d3403e3afddf761	5			yes					-1	-1	-1	-1	-1	
246	242	aba8f63cc2a0e926	5			yes					-1	-1	-1	-1	-1	
247	229	9e544768d4be4c02	4			yes					-1	-1	-1	-1	
248	229	d9e43bfa141ddb9f	4			yes					249	251	253	-1	
249	248	2450ef76edfdcd20	6			yes					-1	-1	-1	-1	250	-1	
250	249	01cc9b3105ffa398	5			yes					-1	-1	-1	-1	-1	
251	248	08b6b53cbd019287	6			yes					-1	-1	-1	252	-1	-1	
252	251	b1a49de0b5a790ae	5			yes					-1	-1	-1	-1	-1	
253	248	516a3bdc1693bb23	6			yes					-1	-1	-1	254	-1	-1	
254	253	e87813001e35b90a	5			yes					-1	-1	-1	-1	-1	
255	228	90467f43350d65de	5			yes					-1	256	262	268	269	
256	255	58e45dafc80a4093	6			yes					257	-1	258	259	260	261	
257	256	ffdda3d945004508	5			yes					-1	-1	-1	-1	-1	
258	256	509e449d85c0c0b7	5			yes					-1	-1	-1	-1	-1	
259	256	9ce67a511ab4339b	5			yes					-1	-1	-1	-1	-1	
260	256	7d7829e820082e2b	5			yes					-1	-1	-1	-1	-1	
261	256	acfec7458077eedb	5			yes					-1	-1	-1	-1	-1	
262	255	76b299aa6ad97b3a	6			yes					263	-1	-1	264	266	267	
263	262	d18b67dce7d37ea1	5			yes					-1	-1	-1	-1	-1	
264	262	cfa0b176627f7913	5			yes					-1	-1	-1	-1	265	
265	264	bec9ec06357a1c02	4			yes					-1	-1	-1	-1	
266	262	f147310550a1006c	5			yes					-1	-1	-1	-1	-1	
267	262	07dbc4da3ddc1e2b	5			yes					-1	-1	-1	-1	-1	
268	255	a7fd733a82d4c94e	4			yes					-1	-1	-1	-1	
269	255	e04d0fa842775ed3	4			yes					-1	270	272	-1	
270	269	558c6d53f9e4b0f0	6			yes					-1	-1	-1	-1	271	-1	
271	270	7010191411e6de48	5			yes					-1	-1	-1	-1	-1	
272	269	fd19093ae9ef4c2e	6			yes					-1	-1	-1	273	-1	-1	
273	272	440b21e6e1494e07	5			yes					-1	-1	-1	-1	-1	
274	228	300ecff71407f996	5			yes					-1	-1	275	281	282	
275	274	b19e278428a4436d	6			yes					276	277	-1	278	279	280	
276	275	16a7d9f2a5ae46f6	5			yes					-1	-1	-1	-1	-1	
277	275	eddcb0c7bc7e5f85	5			yes					-1	-1	-1	-1	-1	
278	275	759c007afa1a3065	5			yes					-1	-1	-1	-1	-1	
279	275	940253c3c0a62dd5	5			yes					-1	-1	-1	-1	-1	
280	275	4584bd6e60d9ed25	5			yes					-1	-1	-1	-1	-1	
281	274	07b5c38ea3de5506	4			yes					-1	-1	-1	-1	
282	274	4005bf1c637dc29b	4			yes					-1	-1	283	-1	
283	282	bcf61778194ab30e	6			yes					-1	-1	-1	-1	284	-1	
284	283	996a633ff148ddb6	5			yes					-1	-1	-1	-1	-1	
285	228	eaefcbd9f05c9a88	5			yes					-1	-1	-1	286	287	
286	285	dd54c7a047853618	4			yes					-1	-1	-1	-1	
287	285	9ae4bb328726a185	4			yes					-1	-1	-1	-1	
288	228	93434097c54bdd5f	5			yes					-1	-1	-1	-1	289	
289	288	e348307cb231e652	4			yes					-1	-1	-1	-1	
290	228	d4f33c0505e84ac2	5			yes					-1	-1	-1	-1	-1	
291	0	d867c605a42acec2	5			yes					292	323	348	374	-1	
292	291	b95a48a9a2fd84f6	5			yes					293	299	313	322	-1	
293	292	8558562ed539cd90	4			yes					294	296	298	-1	
294	293	73a27b50ccde162a	5			yes					-1	-1	-1	-1	295	
295	294	02cb26209bdb733b	4			yes					-1	-1	-1	-1	
296	293	696838e42165c12e	5			yes					-1	-1	-1	-1	297	
297	296	180165947660a43f	4			yes					-1	-1	-1	-1	
298	293	090ec41e3bfcdc8e	5			yes					-1	-1	-1	-1	-1	
299	292	2daccbb0c4680caf	4			yes					-1	300	309	-1	
300	299	7b0ff345cb8b797d	6			yes					301	303	-1	305	307	308	
301	300	a498254709834353	5			yes					-1	-1	-1	-1	302	
302	301	d5f178375e862642	4			yes					-1	-1	-1	-1	
303	300	274d64065f516595	5			yes					-1	-1	-1	-1	304	
304	303	5624397608540084	4			yes					-1	-1	-1	-1	
305	300	2a28337c781ad167	5			yes					-1	-1	-1	-1	306	
306	305	5b416e0c2f1fb476	4			yes					-1	-1	-1	-1	
307	300	fcfa5beaf1f3022b	5			yes					-1	-1	-1	-1	-1	
308	300	0a66ae359c8e1c6c	5			yes					-1	-1	-1	-1	-1	
309	299	8099b54d936b7a81	5			yes					310	311	-1	-1	312	
310	309	5f0e634f516340af	4			yes					-1	-1	-1	-1	
311	309	dcdb220e07b16669	4			yes					-1	-1	-1	-1	
312	309	74832fa7db16d4c9	4			yes					-1	-1	-1	-1	
313	292	f74dcf9e20336fb1	4			yes					-1	-1	314	-1	
314	313	2f2c7c5191a38782	6			yes					315	316	317	-1	318	319	
315	314	f0bbaa5353abbdac	5			yes					-1	-1	-1	-1	-1	
316	314	736eeb1205799b6a	5			yes					-1	-1	-1	-1	-1	
317	314	dbbabb5902643a30	5			yes					-1	-1	-1	-1	-1	
318	314	72346a84148489d4	5			yes					-1	-1	-1	-1	-1	
319	314	5e452121c6a6e293	5			yes					320	-1	321	-1	-1	
320	319	81d2f72304aed8bd	4			yes					-1	-1	-1	-1	
321	319	aad3e62955615f21	4			yes					-1	-1	-1	-1	
322	292	0d6a43f3a38d2e6e	4			yes					-1	-1	-1	-1	
323	291	75bcb72b053e89d0	5			yes					324	334	338	347	-1	
324	323	78abb0d414cb188d	4			yes					325	327	332	-1	
325	324	2fbd172696fb4c67	5			yes					-1	-1	-1	-1	326	
326	325	5ed44a56c1fe2976	4			yes					-1	-1	-1	-1	
327	324	a2a57778f9107f08	5			yes					328	329	-1	330	331	
328	327	3c7b028caca9a8d2	4			yes					-1	-1	-1	-1	
329	327	5a33ab2ed97fb09b	4			yes					-1	-1	-1	-1	
330	327	4f8f0dcab74304f8	4			yes					-1	-1	-1	-1	
331	327	56bfed92b16dd140	4			yes					-1	-1	-1	-1	
332	324	b0effe8f120dd270	5			yes					-1	-1	-1	-1	333	
333	332	44f564655a707c38	4			yes					-1	-1	-1	-1	
334	323	1cb9d2c8a259d494	4			yes					-1	335	337	-1	
335	334	18b4bac1357cbcfe	5			yes					-1	-1	-1	-1	336	
336	335	69dde7b16279d9ef	4			yes					-1	-1	-1	-1	
337	334	78d2463b2fe5a15e	5			yes					-1	-1	-1	-1	-1	
338	323	3bab301c87f06297	4			yes					-1	-1	339	-1	
339	338	92eff7362735575b	6			yes					340	342	344	-1	345	346	
340	339	35d60940aa3f52c0	5			yes					-1	-1	-1	-1	-1	
341	340	44bf5430fd3a37d1	4			no					-1	-2	-1	-1	
342	339	0bc0c3664a7ba4df	5			yes					-1	-1	-1	-1	343	
343	342	7aa99e161d7ec1ce	4			yes					-1	-1	-1	-1	
344	339	6679303eb4f2eae9	5			yes					-1	-1	-1	-1	-1	
345	339	cff7e1e3a212590d	5			yes					-1	-1	-1	-1	-1	
346	339	e386aa467030324a	5			yes					-1	-1	-1	-1	-1	
347	323	c18cbc71044e2348	4			yes					-1	-1	-1	-1	
348	291	96a10cc7c99ab24f	5			yes					349	365	371	373	-1	
349	348	9bb60b38d86f2312	4			yes					350	360	362	-1	
350	349	3a5eccb015f99500	6			yes					-1	351	353	355	357	359	
351	350	6f91e437e3f98554	5			yes					-1	-1	-1	-1	352	
352	351	1ef8b947b4fce045	4			yes					-1	-1	-1	-1	
353	350	3224d58258331524	5			yes					-1	-1	-1	-1	354	
354	353	434d88f20f367035	4			yes					-1	-1	-1	-1	
355	350	6b790c89a6683d1a	5			yes					-1	-1	-1	-1	356	
356	355	1a1051f9f16d580b	4			yes					-1	-1	-1	-1	
357	350	bdab641f2f81ee56	5			yes					-1	-1	-1	-1	358	
358	357	ccc2396f78848b47	4			yes					-1	-1	-1	-1	
359	350	4b3791c042fcf011	5			yes					-1	-1	-1	-1	-1	
360	349	ddbcb554b11cf01b	5			yes					-1	-1	-1	-1	361	
361	360	acd5e824e619950a	4			yes					-1	-1	-1	-1	
362	349	b38610aae4bcd2f2	5			yes					-1	363	-1	-1	364	
363	362	0cc2ffd35a4b7b37	4			yes					-1	-1	-1	-1	
364	362	479c8a40acc17cba	4			yes					-1	-1	-1	-1	
365	348	a21f3f6a8e05a65e	4			yes					-1	366	368	-1	
366	365	42d15462e6865b11	5			yes					-1	-1	-1	-1	367	
367	366	33b80912b1833e00	4			yes					-1	-1	-1	-1	
368	365	77846ed1ab51c003	5			yes					369	-1	-1	-1	370	
369	368	d0bd90a7265bc598	4			yes					-1	-1	-1	-1	
370	368	839ef43be32c6e4b	4			yes					-1	-1	-1	-1	
371	348	6610665267082bc2	4			yes					-1	-1	372	-1	
372	371	91a83c10cf4ba2a0	5			yes					-1	-1	-1	-1	-1	
373	348	2291079dc8ea18d7	4			yes					-1	-1	-1	-1	
374	291	587776fb59307ab3	5			yes					375	389	401	403	-1	
375	374	5560710448c5ebee	4			yes					376	385	387	-1	
376	375	7af2544efcbd8641	6			yes					-1	377	379	381	382	384	
377	376	8e6493466f7a3bf3	5			yes					-1	-1	-1	-1	378	
378	377	ff0dce36387f5ee2	4			yes					-1	-1	-1	-1	
379	376	937d3a0d3df4b8c2	5			yes					-1	-1	-1	-1	380	
380	379	e214677d6af1ddd3	4			yes					-1	-1	-1	-1	
381	376	2bd594774f2c2e5b	5			yes					-1	-1	-1	-1	-1	
382	376	fd07fce1c6c5fd17	5			yes					-1	-1	-1	-1	383	
383	382	8c6ea19191c09806	4			yes					-1	-1	-1	-1	
384	376	0b9b093eabb8e350	5			yes					-1	-1	-1	-1	-1	
385	375	4f72577d49ece3d8	5			yes					-1	-1	-1	-1	386	
386	385	3e1b0a0d1ee986c9	4			yes					-1	-1	-1	-1	
387	375	18496d681d2bf4ae	5			yes					-1	-1	-1	-1	388	
388	387	692030184a2e91bf	4			yes					-1	-1	-1	-1	
389	374	6cc945561eaf6ea2	4			yes					-1	390	399	-1	
390	389	0b2ed66be8a4fb91	6			yes					391	-1	393	395	397	398	
391	390	ac17281d65aefe0a	5			yes					-1	-1	-1	-1	392	
392	391	dd7e756d32ab9b1b	4			yes					-1	-1	-1	-1	
393	390	e2a1b82829edc512	5			yes					-1	-1	-1	-1	394	
394	393	93c8e5587ee8a003	4			yes					-1	-1	-1	-1	
395	390	5a0916525b35538b	5			yes					-1	-1	-1	-1	396	
396	395	2b604b220c30369a	4			yes					-1	-1	-1	-1	
397	390	8cdb7ec4d2dc80c7	5			yes					-1	-1	-1	-1	-1	
398	390	7a478b1bbfa19e80	5			yes					-1	-1	-1	-1	-1	
399	389	d28560d8a65c57fa	5			yes					-1	-1	-1	-1	400	
400	399	a3ec3da8f15932eb	4			yes					-1	-1	-1	-1	
401	374	cc81f5e23fa5f2ea	4			yes					-1	-1	402	-1	
402	401	52d8ad201a9c93b5	5			yes					-1	-1	-1	-1	-1	
403	374	46d6ee1100ed0903	4			yes					-1	-1	-1	-1	
