Number of nodes
402
ID	PID	Hash_Value			File_Number	Fully_Enumerated	Children
0	-1	47147a4db94a66c5	6			yes					1	53	93	131	167	294	
1	0	138d862b04e1cd69	5			yes					2	17	38	48	52	
2	1	f165937383888dad	4			yes					3	6	8	12	
3	2	3f4db647bcd72c7f	4			yes					-1	-1	4	5	
4	3	a01e9eb4e61bf7b3	3			yes					-1	-1	-1	
5	3	fa543658e08df363	3			yes					-1	-1	-1	
6	2	eb802147dda8b5bb	4			yes					-1	7	-1	-1	
7	6	9847af6ed12f4a52	3			yes					-1	-1	-1	
8	2	3189ea43543e6788	5			yes					-1	9	10	-1	11	
9	8	424e646a58b99861	4			yes					-1	-1	-1	-1	
10	8	a98b2febf5c89930	4			yes					-1	-1	-1	-1	
11	8	62ee4d0da6e3a938	4			yes					-1	-1	-1	-1	
12	2	202b46ba5765d234	5			yes					-1	13	14	15	16	
13	12	53ecc8935be22ddd	4			yes					-1	-1	-1	-1	
14	12	b8298312f6932c8c	4			yes					-1	-1	-1	-1	
15	12	9f77f54867a504ba	4			yes					-1	-1	-1	-1	
16	12	8be4b4fbb0c59b34	4			yes					-1	-1	-1	-1	
17	1	7f4b31888df9af0f	4			yes					-1	18	29	36	
18	17	3286f020cd57d9ec	3			yes					19	20	24	
19	18	3d9be1b04aef0096	4			yes					-1	-1	-1	-1	
20	18	e1ae2e11f985a6de	5			yes					21	22	-1	-1	23	
21	20	5d5da6707a380345	4			yes					-1	-1	-1	-1	
22	20	2161fbfe5c87ca46	4			yes					-1	-1	-1	-1	
23	20	b2c9895f0b58686e	4			yes					-1	-1	-1	-1	
24	18	f00c82e8fade1362	5			yes					25	26	-1	27	28	
25	24	4cff0a897963b6f9	4			yes					-1	-1	-1	-1	
26	24	30c357075fdc7ffa	4			yes					-1	-1	-1	-1	
27	24	4f50311aca1ec5ec	4			yes					-1	-1	-1	-1	
28	24	5bc370a91d7e5a62	4			yes					-1	-1	-1	-1	
29	17	7ef6ce41bd58f7c8	3			yes					30	-1	32	
30	29	d07b07da50f31925	4			yes					-1	-1	-1	31	
31	30	8f0985c5d2d79fd2	3			yes					-1	-1	-1	
32	29	70904195c4cf8605	5			yes					33	34	-1	-1	35	
33	32	cc63c9f44772239e	4			yes					-1	-1	-1	-1	
34	32	b05f947a61cdea9d	4			yes					-1	-1	-1	-1	
35	32	cf49b035f49761ba	4			yes					-1	-1	-1	-1	
36	17	ae982b39f7666ee0	3			yes					37	-1	-1	
37	36	519bc419072dba63	4			yes					-1	-1	-1	-1	
38	1	5e404783444fbb8a	4			yes					-1	-1	39	46	
39	38	5ffdb84a74eee34d	3			yes					40	-1	41	
40	39	e36b66dd2b1ade38	4			yes					-1	-1	-1	-1	
41	39	96ec86ac65c9e570	5			yes					42	43	44	-1	45	
42	41	2a1f0ecde67440eb	4			yes					-1	-1	-1	-1	
43	41	56235343c0cb89e8	4			yes					-1	-1	-1	-1	
44	41	e52b0885694e1a99	4			yes					-1	-1	-1	-1	
45	41	b21d27e95dc38ec3	4			yes					-1	-1	-1	-1	
46	38	8f935d323ed07a65	3			yes					47	-1	-1	
47	46	9efdac89306ae3bc	4			yes					-1	-1	-1	-1	
48	1	123079e2344095ae	4			yes					-1	-1	-1	49	
49	48	c3e363534edf5441	3			yes					50	-1	-1	
50	49	5c593dfdaa787d75	5			yes					-1	-1	-1	-1	51	
51	50	c8e64baa1481c92d	4			yes					-1	-1	-1	-1	
52	1	c25e9c9a7e7e0c86	4			yes					-1	-1	-1	-1	
53	0	78816bf9af456034	5			yes					54	72	82	89	92	
54	53	e9e9ad2309974049	4			yes					55	59	66	70	
55	54	bda0d39eb472f48f	4			yes					-1	56	57	58	
56	55	22139b9034f5362b	3			yes					-1	-1	-1	
57	55	fd486c1253a31efc	3			yes					-1	-1	-1	
58	55	78b95381e8282b93	3			yes					-1	-1	-1	
59	54	a4246c8b493936aa	3			yes					60	62	64	
60	59	00dc646d7458a0bc	4			yes					-1	-1	-1	61	
61	60	edf6e395cd981e1b	3			yes					-1	-1	-1	
62	59	859b080f4be832f2	4			yes					63	-1	-1	-1	
63	62	9ea209326a475795	3			yes					-1	-1	-1	
64	59	149253dc6fec6e78	5			yes					-1	-1	-1	-1	65	
65	64	bca5325e4bbab7a4	4			yes					-1	-1	-1	-1	
66	54	e85452ea3936188e	3			yes					67	-1	68	
67	66	657d81bb647ccd29	4			yes					-1	-1	-1	-1	
68	66	3ae2371961e39d72	5			yes					-1	-1	-1	-1	69	
69	68	ae5d414edf1a292a	4			yes					-1	-1	-1	-1	
70	54	383ab792730881a6	3			yes					71	-1	-1	
71	70	d376a1c00f886293	4			yes					-1	-1	-1	-1	
72	53	0ccbe20aac42cfb6	4			yes					-1	73	75	79	
73	72	2cf32504eb4977f9	4			yes					74	-1	-1	-1	
74	73	c6711d5279b56aba	3			yes					-1	-1	-1	
75	72	f6faee0062dfa5ca	5			yes					76	-1	77	-1	78	
76	75	1c78d656f023b889	4			yes					-1	-1	-1	-1	
77	75	6ef82ba8c3295b72	4			yes					-1	-1	-1	-1	
78	75	a59d494e90026b7a	4			yes					-1	-1	-1	-1	
79	72	e75842f961841076	5			yes					80	-1	81	-1	-1	
80	79	0dda7aaff3780d35	4			yes					-1	-1	-1	-1	
81	79	7f5a8751c072eece	4			yes					-1	-1	-1	-1	
82	53	354caa51efeb16d7	4			yes					-1	-1	83	87	
83	82	34f15598df4a4e10	3			yes					-1	84	85	
84	83	2418629e1dfb1c7a	4			yes					-1	-1	-1	-1	
85	83	2695c76f83cb386d	5			yes					-1	-1	86	-1	-1	
86	85	555249468f4cc784	4			yes					-1	-1	-1	-1	
87	82	e49fb0e09574d738	3			yes					-1	88	-1	
88	87	598ea8ca068b21fe	4			yes					-1	-1	-1	-1	
89	53	793c94309fe438f3	4			yes					-1	-1	-1	90	
90	89	a8ef8e81e57bf91c	3			yes					-1	91	-1	
91	90	9b2a39be9c99bf37	5			yes					-1	-1	-1	-1	-1	
92	53	a9527148d5daa1db	4			yes					-1	-1	-1	-1	
93	0	46825f73aa653638	5			yes					94	112	121	127	130	
94	93	d7ea99a90cb71645	4			yes					95	103	105	110	
95	94	0861d3971e28d13b	3			yes					-1	96	99	
96	95	18e6f35aa37215bd	5			yes					-1	-1	97	-1	98	
97	96	80e436f20284eb05	4			yes					-1	-1	-1	-1	
98	96	4b81541451afdb0d	4			yes					-1	-1	-1	-1	
99	95	09445fa3a029a001	5			yes					-1	-1	100	101	102	
100	99	91469a0b01df5eb9	4			yes					-1	-1	-1	-1	
101	99	b618ec5190e9768f	4			yes					-1	-1	-1	-1	
102	99	a28bade24789e901	4			yes					-1	-1	-1	-1	
103	94	fb1aab6e06535913	4			yes					-1	-1	-1	104	
104	103	3e032b715a09860f	3			yes					-1	-1	-1	
105	94	d65766603c164e82	3			yes					-1	106	107	
106	105	265a408c775ed029	4			yes					-1	-1	-1	-1	
107	105	fcbfbdf4fce10bc4	5			yes					-1	-1	-1	-1	109	
108	107	64bd785c5d17f57c	4			no					-1	-2	-1	-2	
109	107	6800cba34218bf9c	4			yes					-1	-1	-1	-1	
110	94	063983187628d7aa	3			yes					-1	111	-1	
111	110	95ccd930bda9cf0f	4			yes					-1	-1	-1	-1	
112	93	9909154db8faf146	4			yes					-1	113	115	119	
113	112	512f8864bd14c11d	4			yes					114	-1	-1	-1	
114	113	bbadb0322fe8dc5e	3			yes					-1	-1	-1	
115	112	98b4ea84885ba981	3			yes					-1	116	117	
116	115	77a94935f6136f9e	4			yes					-1	-1	-1	-1	
117	115	65a16d99f754abe6	5			yes					-1	-1	-1	-1	118	
118	117	da789c39c70c4c59	4			yes					-1	-1	-1	-1	
119	112	48da0ffcc26530a9	3			yes					-1	120	-1	
120	119	749cc93981d15b14	4			yes					-1	-1	-1	-1	
121	93	9e8d699cfe737e2b	4			yes					-1	-1	122	125	
122	121	b7df9e26e8c41e06	5			yes					-1	123	-1	-1	124	
123	122	77104bc94dc6729e	4			yes					-1	-1	-1	-1	
124	122	e4b839681a19d0b6	4			yes					-1	-1	-1	-1	
125	121	a67d32dfeb9fabba	5			yes					-1	126	-1	-1	-1	
126	125	66b2e7304e9dc722	4			yes					-1	-1	-1	-1	
127	93	473fa0ba9ac46eff	4			yes					-1	-1	-1	128	
128	127	96ecba0be05baf10	3			yes					-1	-1	129	
129	128	da0f4998168204fb	5			yes					-1	-1	-1	-1	-1	
130	93	975145c2d0faf7d7	4			yes					-1	-1	-1	-1	
131	0	04d25757632a1d84	5			yes					132	147	158	164	166	
132	131	95ba918dc5f83df9	4			yes					133	141	144	145	
133	132	4a31dbb3d767fa87	3			yes					134	136	137	
134	133	c96cb163bb08f1b8	4			yes					-1	135	-1	-1	
135	134	7ff696277ed1d1a9	3			yes					-1	-1	-1	
136	133	59cf94bc3e8a4311	4			yes					-1	-1	-1	-1	
137	133	545f3383404840f0	5			yes					-1	138	-1	139	140	
138	137	2798bdaa4ccfbf19	4			yes					-1	-1	-1	-1	
139	137	eb0380717088967e	4			yes					-1	-1	-1	-1	
140	137	ff90c1c2a7e809f0	4			yes					-1	-1	-1	-1	
141	132	f97c262e4ce05f9f	3			yes					-1	142	143	
142	141	5160337143f9f1c7	4			yes					-1	-1	-1	-1	
143	141	891fb682100a6737	4			yes					-1	-1	-1	-1	
144	132	023fb8f42a3084f8	4			yes					-1	-1	-1	-1	
145	132	44698b3cbf67fc16	3			yes					-1	-1	146	
146	145	2f582f886a3d1242	4			yes					-1	-1	-1	-1	
147	131	db591d6971b5dafa	4			yes					-1	148	153	156	
148	147	b79faacaf8adb89c	3			yes					-1	149	150	
149	148	9ebc90ff086b8153	4			yes					-1	-1	-1	-1	
150	148	932c37c076a982b2	5			yes					151	-1	-1	152	-1	
151	150	79ae0f96e4559ff1	4			yes					-1	-1	-1	-1	
152	150	2c7084324669543c	4			yes					-1	-1	-1	-1	
153	147	533adb5bd3477bf5	5			yes					154	-1	-1	-1	155	
154	153	b9b8e30d41bb66b6	4			yes					-1	-1	-1	-1	
155	153	fd3512aadb4014c3	4			yes					-1	-1	-1	-1	
156	147	0a8a07d80b2a1b15	3			yes					-1	-1	157	
157	156	27df01f1d235f4d6	4			yes					-1	-1	-1	-1	
158	131	6814e0f4ea327fe2	4			yes					-1	-1	159	162	
159	158	8e7b7986372858e5	5			yes					-1	160	-1	-1	161	
160	159	4eb4ac69922a347d	4			yes					-1	-1	-1	-1	
161	159	a69ec05ef7fafd87	4			yes					-1	-1	-1	-1	
162	158	b9c7fa4590adbe0d	3			yes					-1	-1	163	
163	162	e1c3263441b93ab0	5			yes					-1	-1	-1	-1	-1	
164	131	f3f621f647ca448a	4			yes					-1	-1	-1	165	
165	164	8198a2f1640de89b	5			yes					-1	-1	-1	-1	-1	
166	131	d5014de619b5dc6b	4			yes					-1	-1	-1	-1	
167	0	bf766609c8271dec	5			yes					168	179	192	204	232	
168	167	69b817742afca9be	4			yes					169	172	178	-1	
169	168	8b50022cad95e97a	3			yes					170	171	-1	
170	169	24cbebcebad42bf8	4			yes					-1	-1	-1	-1	
171	169	5353ef238aa4887c	5			yes					-1	-1	-1	-1	-1	
172	168	057ea0d7a3e4cbd8	3			yes					-1	173	177	
173	172	b9df008f13504912	5			yes					174	175	-1	176	-1	
174	173	052c88ee90edec89	4			yes					-1	-1	-1	-1	
175	173	7910d560b652258a	4			yes					-1	-1	-1	-1	
176	173	c6fb8bd8f3471197	4			yes					-1	-1	-1	-1	
177	172	f8c6134c281cc80e	5			yes					-1	-1	-1	-1	-1	
178	168	2475d6dc6a52df5d	3			yes					-1	-1	-1	
179	167	02b4faa6815804e3	4			yes					180	188	191	-1	
180	179	93dc3c7c278a249e	3			yes					181	182	187	
181	180	faf814c61166a718	4			yes					-1	-1	-1	-1	
182	180	fefecfd57453ba7b	5			yes					183	184	-1	185	186	
183	182	e5c7cee855fcdf1c	4			yes					-1	-1	-1	-1	
184	182	e05687c30a00b28a	4			yes					-1	-1	-1	-1	
185	182	270b3bf6b52e7298	4			yes					-1	-1	-1	-1	
186	182	3be74fca28096567	4			yes					-1	-1	-1	-1	
187	180	a6ee547495a0ef78	5			yes					-1	-1	-1	-1	-1	
188	179	76fe7355825fab61	3			yes					-1	189	-1	
189	188	9420eb60bc454a3e	5			yes					-1	-1	-1	190	-1	
190	189	4dd51f437d3882dd	4			yes					-1	-1	-1	-1	
191	179	4f793b0ec1f67200	3			yes					-1	-1	-1	
192	167	3cb7ce2c847852ef	4			yes					193	200	203	-1	
193	192	addf08f622aa7292	3			yes					194	198	199	
194	193	4097ddc449a7fa71	5			yes					-1	195	196	197	-1	
195	194	1a3f4af4b26c77ad	4			yes					-1	-1	-1	-1	
196	194	d895186ce85104c9	4			yes					-1	-1	-1	-1	
197	194	3fb35693a9b0a2f4	4			yes					-1	-1	-1	-1	
198	193	0ea007f5b21a6e1d	4			yes					-1	-1	-1	-1	
199	193	60b3de9908a279ce	5			yes					-1	-1	-1	-1	-1	
200	192	e33c841296e79591	3			yes					-1	201	202	
201	200	c1a6919c146121dd	5			yes					-1	-1	-1	-1	-1	
202	200	bdd59d5c1823ae62	5			yes					-1	-1	-1	-1	-1	
203	192	e4b8f8c3d06e1afc	3			yes					-1	-1	-1	
204	167	29e104e3856eb21e	5			yes					205	216	224	230	231	
205	204	b889c23923bc9263	4			yes					206	210	214	215	
206	205	1d8cb1e4a9c61a80	5			yes					-1	207	208	209	-1	
207	206	6e4b3fcda541e569	4			yes					-1	-1	-1	-1	
208	206	f1fa01751f1d76fc	4			yes					-1	-1	-1	-1	
209	206	62a83ab349d14205	4			yes					-1	-1	-1	-1	
210	205	e5d7f2ec6a9d62b9	5			yes					-1	-1	211	212	213	
211	210	28f68ee971ebc112	4			yes					-1	-1	-1	-1	
212	210	3c2206cfabe0aa5a	4			yes					-1	-1	-1	-1	
213	210	20ce72f336c7bda5	4			yes					-1	-1	-1	-1	
214	205	84f954956d3b7df5	4			yes					-1	-1	-1	-1	
215	205	e0dd7a492eabe984	5			yes					-1	-1	-1	-1	-1	
216	204	f66a4edd97f17560	4			yes					-1	217	221	222	
217	216	daffb5a79f27d8c2	5			yes					218	-1	219	220	-1	
218	217	307d8df10ddbc581	4			yes					-1	-1	-1	-1	
219	217	3689053629fcb4be	4			yes					-1	-1	-1	-1	
220	217	a5db3ef07f308047	4			yes					-1	-1	-1	-1	
221	216	a513f58c4c9c70e4	5			yes					-1	-1	-1	-1	-1	
222	216	2412724eb71b8b3e	6			yes					-1	-1	-1	-1	-1	223	
223	222	9d43a109ec811962	5			yes					-1	-1	-1	-1	-1	
224	204	4527b3400c76d078	4			yes					-1	-1	225	226	
225	224	8272c4338442fda9	5			yes					-1	-1	-1	-1	-1	
226	224	bb3df611d29751c4	6			yes					227	228	-1	-1	-1	229	
227	226	51bfce47406b4c87	5			yes					-1	-1	-1	-1	-1	
228	226	7bf223fe77953d5c	5			yes					-1	-1	-1	-1	-1	
229	226	026c2556890dc398	5			yes					-1	-1	-1	-1	-1	
230	204	08cdf0366809d2da	4			yes					-1	-1	-1	-1	
231	204	0309cf92d032e5a1	4			yes					-1	-1	-1	-1	
232	167	ddf68a0f610a5030	6			yes					233	259	277	288	291	293	
233	232	4c9e4cd5c7d8704d	5			yes					234	240	246	251	252	
234	233	6d31f33234e5c3e8	6			yes					-1	235	236	237	238	239	
235	234	1ef67d1b38623c01	5			yes					-1	-1	-1	-1	-1	
236	234	f533369a95133d50	5			yes					-1	-1	-1	-1	-1	
237	234	12157865d4f29b6d	5			yes					-1	-1	-1	-1	-1	
238	234	02521d4c6d38bfc4	5			yes					-1	-1	-1	-1	-1	
239	234	24ff622039cf6913	5			yes					-1	-1	-1	-1	-1	
240	233	21305dd611caae55	6			yes					-1	-1	241	242	244	245	
241	240	16201cef38c393ca	5			yes					-1	-1	-1	-1	-1	
242	240	f8c5a9f5d0b766b6	5			yes					-1	-1	-1	-1	243	
243	242	dd655de450ade02a	4			yes					-1	-1	-1	-1	
244	240	4223c9b8d9235eec	5			yes					-1	-1	-1	-1	-1	
245	240	0490a9c791d028c9	5			yes					-1	-1	-1	-1	-1	
246	233	8b09230b8ab7e6ac	6			yes					-1	-1	-1	247	248	249	
247	246	52fcd7284bca2e4f	5			yes					-1	-1	-1	-1	-1	
248	246	e81ab765425e1615	5			yes					-1	-1	-1	-1	-1	
249	246	aea9d71a0aad6030	5			yes					-1	-1	-1	250	-1	
250	249	775c2339cbd0a8d3	4			yes					-1	-1	-1	-1	
251	233	c28af2bb9737abc2	4			yes					-1	-1	-1	-1	
252	233	7094825b8bc60874	4			yes					253	255	257	-1	
253	252	a420d5f9382fdbed	6			yes					-1	-1	-1	-1	254	-1	
254	253	cb433b8761f2a7c1	5			yes					-1	-1	-1	-1	-1	
255	252	b62f4b444b9e359c	6			yes					-1	-1	-1	256	-1	-1	
256	255	6fdabf678ae3fd7f	5			yes					-1	-1	-1	-1	-1	
257	252	1c163599d0e37d65	6			yes					-1	-1	-1	258	-1	-1	
258	257	c5e3c1ba119eb586	5			yes					-1	-1	-1	-1	-1	
259	232	027dc0317395974e	5			yes					-1	260	266	272	273	
260	259	aa42f771020401aa	6			yes					261	-1	262	-1	264	265	
261	260	40c0cf2790f81ce9	5			yes					-1	-1	-1	-1	-1	
262	260	324032d9a3f2ff12	5			yes					-1	-1	-1	-1	-1	
263	260	d5667c26e213592f	5			no					-1	-1	-1	-1	-2	
264	260	c521190f5bd97d86	5			yes					-1	-1	-1	-1	-1	
265	260	e38c66630f2eab51	5			yes					-1	-1	-1	-1	-1	
266	259	32670b6c945450c8	6			yes					267	-1	-1	268	270	271	
267	266	d8e5333a06a84d8b	5			yes					-1	-1	-1	-1	-1	
268	266	eb92ff4f5529982b	5			yes					-1	-1	-1	-1	269	
269	268	ce320b5ed5331eb7	4			yes					-1	-1	-1	-1	
270	266	51749f025cbda071	5			yes					-1	-1	-1	-1	-1	
271	266	17c7ff7d144ed654	5			yes					-1	-1	-1	-1	-1	
272	259	8c697e5f237a4cc1	4			yes					-1	-1	-1	-1	
273	259	3e770ebf3f8bef77	4			yes					-1	274	276	-1	
274	273	6353d1ba0ece19af	6			yes					-1	-1	-1	-1	275	-1	
275	274	0c303fc457136583	5			yes					-1	-1	-1	-1	-1	
276	273	a5781dfece00cb01	6			yes					-1	-1	-1	-1	-1	-1	
277	232	b1303dace8123256	5			yes					-1	-1	278	284	285	
278	277	eb678757881fba66	6			yes					279	280	-1	-1	282	283	
279	278	01e5bf011ae3a725	5			yes					-1	-1	-1	-1	-1	
280	278	2ba852b82d1dd6fe	5			yes					-1	-1	-1	-1	-1	
281	278	94430c006808e2e3	5			no					-1	-1	-1	-2	-2	
282	278	84046929d1c2c64a	5			yes					-1	-1	-1	-1	-1	
283	278	a2a916458535109d	5			yes					-1	-1	-1	-1	-1	
284	277	3f2483c2b8fde9d9	4			yes					-1	-1	-1	-1	
285	277	8d3af322a40c4a6f	4			yes					-1	-1	286	-1	
286	285	2276a19c84d5a263	6			yes					-1	-1	-1	-1	287	-1	
287	286	4d154fe2dd08de4f	5			yes					-1	-1	-1	-1	-1	
288	232	903b4ba721a426d3	5			yes					-1	-1	-1	289	290	
289	288	1e2ff5c9714bfd5c	4			yes					-1	-1	-1	-1	
290	288	ac3185296dba5eea	4			yes					-1	-1	-1	-1	
291	232	53e2346131e58bbf	5			yes					-1	-1	-1	-1	292	
292	291	6fe8faef7dfbf386	4			yes					-1	-1	-1	-1	
293	232	e1fc44812d142809	5			yes					-1	-1	-1	-1	-1	
294	0	d45d950a9b7998b4	5			yes					295	323	346	371	-1	
295	294	a2dfeb1035f0a28f	5			yes					296	301	315	322	-1	
296	295	4037fe48b299e24b	4			yes					297	299	300	-1	
297	296	bce75627a87e8546	5			yes					-1	-1	-1	-1	298	
298	297	9947a236286403da	4			yes					-1	-1	-1	-1	
299	296	84eb982c57c1caed	5			yes					-1	-1	-1	-1	-1	
300	296	b30d1157d6975ece	5			yes					-1	-1	-1	-1	-1	
301	295	ce195cb3bce8c0e9	4			yes					-1	302	311	-1	
302	301	1d7010d6558d2c47	6			yes					303	305	-1	307	309	310	
303	302	a18398b7d63089dc	5			yes					-1	-1	-1	-1	304	
304	303	84236ca6562a0f40	4			yes					-1	-1	-1	-1	
305	302	ddbfc539f08f40df	5			yes					-1	-1	-1	-1	306	
306	305	f81f31287095c643	4			yes					-1	-1	-1	-1	
307	302	a22ca324654dfac9	5			yes					-1	-1	-1	-1	308	
308	307	878c5735e5577c55	4			yes					-1	-1	-1	-1	
309	302	7e6384b89d64dcfe	5			yes					-1	-1	-1	-1	-1	
310	302	38d0e4c7d597aadb	5			yes					-1	-1	-1	-1	-1	
311	301	0418c429726961ff	5			yes					312	313	-1	-1	314	
312	311	b8eb4c48f1d4c464	4			yes					-1	-1	-1	-1	
313	311	c4d711c6d76b0d67	4			yes					-1	-1	-1	-1	
314	311	4dd6553b7f43cb04	4			yes					-1	-1	-1	-1	
315	295	ef122ab8755ed46c	4			yes					-1	-1	316	-1	
316	315	15eb36e83119c250	6			yes					317	318	319	-1	320	321	
317	316	a918be89b2a467cb	5			yes					-1	-1	-1	-1	-1	
318	316	d524e307941baec8	5			yes					-1	-1	-1	-1	-1	
319	316	662cb8c13d9e3db9	5			yes					-1	-1	-1	-1	-1	
320	316	97bdd3f8ddd9085f	5			yes					-1	-1	-1	-1	-1	
321	316	304bc2f9b10344cc	5			yes					-1	-1	-1	-1	-1	
322	295	a36214d90551fa48	4			yes					-1	-1	-1	-1	
323	294	c9d306c29e540fd2	5			yes					324	334	338	345	-1	
324	323	58bbc01838862faf	4			yes					325	327	332	-1	
325	324	3e0a33fea0db5db6	5			yes					-1	-1	-1	-1	326	
326	325	1baac7ef20c1db2a	4			yes					-1	-1	-1	-1	
327	324	d0c4ae2eef733cc8	5			yes					328	329	-1	330	331	
328	327	cbfdaf13cedc59af	4			yes					-1	-1	-1	-1	
329	327	ce6ce63891203439	4			yes					-1	-1	-1	-1	
330	327	7b0b005f4b189a43	4			yes					-1	-1	-1	-1	
331	327	990a3f3ce2599633	4			yes					-1	-1	-1	-1	
332	324	d5b61bb31d0cbec9	5			yes					-1	-1	-1	-1	333	
333	332	9c788aa110261432	4			yes					-1	-1	-1	-1	
334	323	bd998f319d53a050	4			yes					-1	335	337	-1	
335	334	43989c6f612008af	5			yes					-1	-1	-1	-1	336	
336	335	0a560d7d6c0aa254	4			yes					-1	-1	-1	-1	
337	334	747e1514e0769c8c	5			yes					-1	-1	-1	-1	-1	
338	323	841ec76adefa7931	4			yes					-1	-1	339	-1	
339	338	a592772bd71b1f4d	6			yes					340	341	342	-1	343	344	
340	339	4f104f7d45e7020e	5			yes					-1	-1	-1	-1	-1	
341	339	83555330855a1610	5			yes					-1	-1	-1	-1	-1	
342	339	d655f902db9ce0a4	5			yes					-1	-1	-1	-1	-1	
343	339	27c4923b3bdbd542	5			yes					-1	-1	-1	-1	-1	
344	339	8032833a570199d1	5			yes					-1	-1	-1	-1	-1	
345	323	c86ef90baef55715	4			yes					-1	-1	-1	-1	
346	294	f7d032489b7459de	5			yes					347	362	368	370	-1	
347	346	66b8f4923da679a3	4			yes					348	357	359	-1	
348	347	e438cd9d0f7a9f24	6			yes					-1	349	351	353	355	356	
349	348	be905aadf4b112f8	5			yes					-1	-1	-1	-1	350	
350	349	9b30aebc74ab9464	4			yes					-1	-1	-1	-1	
351	348	7c3a0835ae8c619c	5			yes					-1	-1	-1	-1	352	
352	351	599afc242e96e700	4			yes					-1	-1	-1	-1	
353	348	5b647e6f3fba49aa	5			yes					-1	-1	-1	-1	-1	
354	353	7ec48a7ebfa0cf36	4			no					-1	-2	-2	-2	
355	348	872b59f3c7936f9d	5			yes					-1	-1	-1	-1	-1	
356	348	c198398c8f6019b8	5			yes					-1	-1	-1	-1	-1	
357	347	78b04b0e12faf02a	5			yes					-1	-1	-1	-1	358	
358	357	5d10bf1f92e076b6	4			yes					-1	-1	-1	-1	
359	347	13eb915e800e287f	5			yes					-1	-1	360	-1	361	
360	359	8be954f621f8d6c7	4			yes					-1	-1	-1	-1	
361	359	5a25004c8d248284	4			yes					-1	-1	-1	-1	
362	346	285b787689eb9ea0	4			yes					-1	363	365	-1	
363	362	ff96902acd9d3e60	5			yes					-1	-1	-1	-1	364	
364	363	da36643b4d87b8fc	4			yes					-1	-1	-1	-1	
365	362	17a3952bd6876827	5			yes					366	-1	-1	-1	367	
366	365	fd21ad7d447b7564	4			yes					-1	-1	-1	-1	
367	365	5e6d0439dbadc2dc	4			yes					-1	-1	-1	-1	
368	346	2fdf04a7cf6211cd	4			yes					-1	-1	369	-1	
369	368	355b65326a6d2740	5			yes					-1	-1	-1	-1	-1	
370	346	f66dcd81abd50119	4			yes					-1	-1	-1	-1	
371	294	b5803a6c523b7262	5			yes					372	386	399	401	-1	
372	371	24e8fcb6f4e9521f	4			yes					373	382	384	-1	
373	372	b923a1bdef1b7fd5	6			yes					-1	374	376	378	380	381	
374	373	cae42f94e39c803c	5			yes					-1	-1	-1	-1	375	
375	374	ef44db85638606a0	4			yes					-1	-1	-1	-1	
376	373	5555112c59c013a9	5			yes					-1	-1	-1	-1	377	
377	376	70f5e53dd9da9535	4			yes					-1	-1	-1	-1	
378	373	067f124fdfdba95b	5			yes					-1	-1	-1	-1	379	
379	378	23dfe65e5fc12fc7	4			yes					-1	-1	-1	-1	
380	373	da3035d327f28f6c	5			yes					-1	-1	-1	-1	-1	
381	373	9c8355ac6f01f949	5			yes					-1	-1	-1	-1	-1	
382	372	5b310499fe2ecb64	5			yes					-1	-1	-1	-1	383	
383	382	7e91f0887e344df8	4			yes					-1	-1	-1	-1	
384	372	25ede89a252b2cad	5			yes					-1	-1	-1	-1	385	
385	384	004d1c8ba531aa31	4			yes					-1	-1	-1	-1	
386	371	6a0b705240a4b51c	4			yes					-1	387	397	-1	
387	386	7e50a5fed9fabd97	6			yes					388	-1	390	392	394	396	
388	387	94d29da84b06a0d4	5			yes					-1	-1	-1	-1	389	
389	388	b17269b9cb1c2648	4			yes					-1	-1	-1	-1	
390	387	9226156f6f21d1eb	5			yes					-1	-1	-1	-1	391	
391	390	b786e17eef3b5777	4			yes					-1	-1	-1	-1	
392	387	c10c160ce93a6b19	5			yes					-1	-1	-1	-1	393	
393	392	e4ace21d6920ed85	4			yes					-1	-1	-1	-1	
394	387	1d43319011134d2e	5			yes					-1	-1	-1	-1	395	
395	394	38e3c5819109cbb2	4			yes					-1	-1	-1	-1	
396	387	5bf051ef59e03b0b	5			yes					-1	-1	-1	-1	-1	
397	386	4344296bd1c6dcf7	5			yes					-1	-1	-1	-1	398	
398	397	66e4dd7a51dc5a6b	4			yes					-1	-1	-1	-1	
399	371	d9468dcfdb231004	4			yes					-1	-1	400	-1	
400	399	435bf0061cc1a737	5			yes					-1	-1	-1	-1	-1	
401	371	42a44ccd76db2b6c	4			yes					-1	-1	-1	-1	
