Number of nodes
538
ID	PID	Hash_Value			File_Number	Fully_Enumerated	Children
0	-1	113e08ba209339e4	6			yes					1	180	308	409	458	537	
1	0	b1553610295687c1	5			yes					2	103	121	141	159	
2	1	e768d76eb7213e25	5			yes					3	17	58	89	102	
3	2	417d1a20234d2875	4			yes					4	10	14	16	
4	3	19da465e47f9b41e	3			yes					5	7	9	
5	4	55d2804c92fc1364	5			yes					-1	-1	-1	-1	6	
6	5	01fa6b75ce1c6e60	4			yes					-1	-1	-1	-1	
7	4	a99358e6977a4c81	5			yes					-1	-1	-1	-1	-1	
8	7	b982f569af8b1493	4			no					-1	-2	-2	-1	
9	4	ed74c19a2a9cbc8a	5			yes					-1	-1	-1	-1	-1	
10	3	b08f4518be564e21	3			yes					-1	11	13	
11	10	35be6569606c9c84	5			yes					-1	-1	-1	-1	12	
12	11	93b876395d88ba6f	4			yes					-1	-1	-1	-1	
13	10	69bfb3d7b3f54f4b	5			yes					-1	-1	-1	-1	-1	
14	3	f92bd0d52da4fd1f	3			yes					-1	-1	15	
15	14	505a2da387489751	5			yes					-1	-1	-1	-1	-1	
16	3	1103c9b3f7462f55	3			yes					-1	-1	-1	
17	2	bfcf8b10d395a24e	4			yes					-1	18	32	45	
18	17	08f5bc8128a06665	6			yes					19	23	26	28	30	31	
19	18	9e8bfb9772fcc236	5			yes					20	-1	21	-1	22	
20	19	083cbc0bac7c2ec0	4			yes					-1	-1	-1	-1	
21	19	507e6977a1ea578e	4			yes					-1	-1	-1	-1	
22	19	caa310ae2e1cbf32	4			yes					-1	-1	-1	-1	
23	18	9e42fb1df6208a93	5			yes					-1	-1	24	-1	25	
24	23	50b769fd25361f2b	4			yes					-1	-1	-1	-1	
25	23	ca6a1024aac0f797	4			yes					-1	-1	-1	-1	
26	18	119b9b9df9f95987	5			yes					-1	-1	-1	-1	27	
27	26	45b370a4a5192483	4			yes					-1	-1	-1	-1	
28	18	c6002e61fbb6f3dd	5			yes					-1	-1	-1	-1	29	
29	28	9228c558a7568ed9	4			yes					-1	-1	-1	-1	
30	18	d752b5768693e2ff	4			yes					-1	-1	-1	-1	
31	18	5cdd57b874401b61	5			yes					-1	-1	-1	-1	-1	
32	17	f4b4642b2d263980	6			yes					33	37	40	41	43	44	
33	32	62ca233d777a9dd3	5			yes					34	-1	35	-1	36	
34	33	f47d64a1a9fa7125	4			yes					-1	-1	-1	-1	
35	33	ba943d6b4e4bff90	4			yes					-1	-1	-1	-1	
36	33	72db8eb24f8bc5c1	4			yes					-1	-1	-1	-1	
37	32	620323b7f3a6d576	5			yes					-1	-1	38	-1	39	
38	37	ba5d3de1ca97b735	4			yes					-1	-1	-1	-1	
39	37	72128e38cb578d64	4			yes					-1	-1	-1	-1	
40	32	626e406c05de4e54	5			yes					-1	-1	-1	-1	-1	
41	32	2cea7a7d14175bc3	5			yes					-1	-1	-1	-1	42	
42	41	3cfbd7f22ce603d1	4			yes					-1	-1	-1	-1	
43	32	4e4d3a9b95155d32	4			yes					-1	-1	-1	-1	
44	32	e4a5c9a415d76192	5			yes					-1	-1	-1	-1	-1	
45	17	b053fd5790c0c98b	6			yes					46	50	53	54	55	57	
46	45	262dba41ca9c6dd8	5			yes					47	-1	-1	48	49	
47	46	b09afddd141c812e	4			yes					-1	-1	-1	-1	
48	46	c1369b48764df25e	4			yes					-1	-1	-1	-1	
49	46	235e3bf1e6282e65	4			yes					-1	-1	-1	-1	
50	45	26e4bacb4e40257d	5			yes					-1	-1	-1	51	52	
51	50	c1ff9bc2f291bafb	4			yes					-1	-1	-1	-1	
52	50	23973b7b62f466c0	4			yes					-1	-1	-1	-1	
53	45	2689d910b838be5f	5			yes					-1	-1	-1	-1	-1	
54	45	747b84743c41e34a	5			yes					-1	-1	-1	-1	-1	
55	45	5748dc5e2c11560d	5			yes					-1	-1	-1	-1	56	
56	55	523b5dee00a515b0	4			yes					-1	-1	-1	-1	
57	45	b5207ce7bc748a36	5			yes					-1	-1	-1	-1	-1	
58	2	169a88562a3a5871	4			yes					-1	-1	59	72	
59	58	689959a4da30e985	6			yes					60	64	67	69	70	71	
60	59	fee71eb2806c4dd6	5			yes					61	62	-1	-1	63	
61	60	6850592e5eeca120	4			yes					-1	-1	-1	-1	
62	60	4db34a7aa57f1a86	4			yes					-1	-1	-1	-1	
63	60	58e10de2bd886b3d	4			yes					-1	-1	-1	-1	
64	59	fe2e1e3804b00573	5			yes					-1	65	-1	-1	66	
65	64	4d7a4af021a35223	4			yes					-1	-1	-1	-1	
66	64	58280d6839542398	4			yes					-1	-1	-1	-1	
67	59	dbcd0d6cff23bed5	5			yes					-1	-1	-1	-1	68	
68	67	7dcb1e3cc2c7983e	4			yes					-1	-1	-1	-1	
69	59	85d63659b36917aa	5			yes					-1	-1	-1	-1	-1	
70	59	5ed23bbfc896e1da	4			yes					-1	-1	-1	-1	
71	59	ce9f4af4e7d4cf6e	5			yes					-1	-1	-1	-1	-1	
72	58	34988f1a09a93a4a	6			yes					73	78	82	85	86	88	
73	72	a2e6c80c53f59e19	5			yes					74	75	-1	76	77	
74	73	34518f908d7572ef	4			yes					-1	-1	-1	-1	
75	73	11b29cc476e6c949	4			yes					-1	-1	-1	-1	
76	73	51328319a9aa1f4d	4			yes					-1	-1	-1	-1	
77	73	a79549bc7f41dda4	4			yes					-1	-1	-1	-1	
78	72	a22fc886d729d6bc	5			yes					-1	79	-1	80	81	
79	78	117b9c4ef23a81ec	4			yes					-1	-1	-1	-1	
80	78	51fb83932d7657e8	4			yes					-1	-1	-1	-1	
81	78	a75c4936fb9d9501	4			yes					-1	-1	-1	-1	
82	72	87ccdbd22cba6d1a	5			yes					-1	-1	-1	83	84	
83	82	741890c7d6e5ec4e	4			yes					-1	-1	-1	-1	
84	82	82bf5a62000e2ea7	4			yes					-1	-1	-1	-1	
85	72	453a9ee77724dd1c	5			yes					-1	-1	-1	-1	-1	
86	72	c74cc40ff3f6bb1e	5			yes					-1	-1	-1	-1	87	
87	86	c23f45bfdf42f8a3	4			yes					-1	-1	-1	-1	
88	72	31eb0eaa251d79f7	5			yes					-1	-1	-1	-1	-1	
89	2	5f3e1d9bb9c8eb4f	4			yes					-1	-1	-1	90	
90	89	0f40ce086dc3ec6f	3			yes					-1	91	99	
91	90	592e10454b936ea5	6			yes					92	94	-1	96	-1	98	
92	91	cf50575311cfcaf6	5			yes					-1	-1	-1	-1	93	
93	92	6229ea044f0de068	4			yes					-1	-1	-1	-1	
94	91	cf9957d995138253	5			yes					-1	-1	-1	-1	95	
95	94	62e0ea8ecbd1a8cd	4			yes					-1	-1	-1	-1	
96	91	81700e1372a20ce6	5			yes					-1	-1	-1	-1	97	
97	96	2c09b3442c602678	4			yes					-1	-1	-1	-1	
98	91	f457ad121551443b	5			yes					-1	-1	-1	-1	-1	
99	90	4e9989fef7fafbda	5			yes					100	101	-1	-1	-1	
100	99	d8e7cee8ada65f89	4			yes					-1	-1	-1	-1	
101	99	d82ece62297a172c	4			yes					-1	-1	-1	-1	
102	2	b71604fd632a3905	4			yes					-1	-1	-1	-1	
103	1	a09159dc74496670	4			yes					104	113	117	120	
104	103	45ada7d3b91b4fe1	3			yes					105	106	110	
105	104	6b6bd8c8317d0f25	4			yes					-1	-1	-1	-1	
106	104	e7940fbd63d77c63	5			yes					-1	107	108	-1	109	
107	106	5f18b6b84ab9c933	4			yes					-1	-1	-1	-1	
108	106	4ea45477270840dc	4			yes					-1	-1	-1	-1	
109	106	920db36e79a8bcaf	4			yes					-1	-1	-1	-1	
110	104	91d9eb3f28df8654	5			yes					-1	111	112	-1	-1	
111	110	2955523a01b13304	4			yes					-1	-1	-1	-1	
112	110	38e9b0f56c00baeb	4			yes					-1	-1	-1	-1	
113	103	0d14e76917b0fbdb	3			yes					114	115	116	
114	113	22d9ff76810ac2e6	4			yes					-1	-1	-1	-1	
115	113	d93e3acd68592d0a	5			yes					-1	-1	-1	-1	-1	
116	113	af73de4f2351d73d	5			yes					-1	-1	-1	-1	-1	
117	103	18c793297aa0b31a	3			yes					-1	-1	118	
118	117	48b940baaeabb43a	2			yes					119	-1	
119	118	de004070f5a8a4fd	5			yes					-1	-1	-1	-1	-1	
120	103	f0ef8a4fa0426150	3			yes					-1	-1	-1	
121	1	e7142052ff443824	4			yes					122	129	138	140	
122	121	0228de5d321611b5	3			yes					123	125	126	
123	122	323b5297d8ef178c	5			yes					-1	-1	-1	-1	124	
124	123	ff24383f7d7a5dd2	4			yes					-1	-1	-1	-1	
125	122	1962a6c3fefffc96	5			yes					-1	-1	-1	-1	-1	
126	122	85d57c12bab13df7	5			yes					-1	127	128	-1	-1	
127	126	368128da9fa26aa7	4			yes					-1	-1	-1	-1	
128	126	33315d38607d58eb	4			yes					-1	-1	-1	-1	
129	121	fab7abf9b156ccbe	3			yes					130	132	133	
130	129	d05edc42b9f1d935	5			yes					-1	-1	-1	-1	131	
131	130	1d41b6ea1c64936b	4			yes					-1	-1	-1	-1	
132	129	5f1c62f392360d6a	5			yes					-1	-1	-1	-1	-1	
133	129	781b87fad99047a7	6			yes					134	135	-1	-1	136	137	
134	133	ee65c0ec83cce3f4	5			yes					-1	-1	-1	-1	-1	
135	133	a4f257835924fde9	5			yes					-1	-1	-1	-1	-1	
136	133	f7ec9722dc0d7870	5			yes					-1	-1	-1	-1	-1	
137	133	7d68064af524041a	5			yes					-1	-1	-1	-1	-1	
138	121	a8e1a637574bda2b	3			yes					-1	-1	139	
139	138	035c7bb632458af6	5			yes					-1	-1	-1	-1	-1	
140	121	b76af3c12b4f3f04	3			yes					-1	-1	-1	
141	1	91a7eeb309b2290d	5			yes					142	148	154	157	158	
142	141	749b10bcc4e0009c	4			yes					143	144	-1	146	
143	142	e85d4bbea454c1cd	5			yes					-1	-1	-1	-1	-1	
144	142	2a605e6cc8952b77	5			yes					-1	-1	-1	145	-1	
145	144	d826f43b63264cc6	4			yes					-1	-1	-1	-1	
146	142	bbd317faf133bcc5	3			yes					-1	147	-1	
147	146	030a24db7483b97a	6			yes					-1	-1	-1	-1	-1	-1	
148	141	8c04651847a0dd97	4			yes					149	150	-1	153	
149	148	945f0035c81601ff	5			yes					-1	-1	-1	-1	-1	
150	148	7df63a20dabbbbc3	3			yes					151	-1	152	
151	150	6c2bc942bff8bd3f	5			yes					-1	-1	-1	-1	-1	
152	150	b2be3d66ef68079a	2			yes					-1	-1	
153	148	434c625e727361ce	3			yes					-1	-1	-1	
154	141	6055b18b94a94f59	4			yes					-1	-1	155	156	
155	154	05a77c812e16388d	5			yes					-1	-1	-1	-1	-1	
156	154	af1db6cda17af300	3			yes					-1	-1	-1	
157	141	096d2a9c1e5bbb5f	3			yes					-1	-1	-1	
158	141	5eefe9f53c619554	4			yes					-1	-1	-1	-1	
159	1	364a3be0891e4265	5			yes					160	166	174	178	179	
160	159	d376c5ef444c6bf4	4			yes					161	162	164	165	
161	160	ae3d69e4e0cc6a2a	5			yes					-1	-1	-1	-1	-1	
162	160	fccef045e75bd20b	5			yes					-1	-1	-1	-1	163	
163	162	73a16114d63a4a61	4			yes					-1	-1	-1	-1	
164	160	61b5a515d7169eb9	5			yes					-1	-1	-1	-1	-1	
165	160	54071e66dde047a4	3			yes					-1	-1	-1	
166	159	2be9b04bc70cb6ff	4			yes					167	168	172	173	
167	166	07239ddadb6f5266	5			yes					-1	-1	-1	-1	-1	
168	166	da1bef735a17d0ab	3			yes					169	170	171	
169	168	6db41b770cf167ae	5			yes					-1	-1	-1	-1	-1	
170	168	90f6e85eba639cb2	5			yes					-1	-1	-1	-1	-1	
171	168	972861e90db96529	5			yes					-1	-1	-1	-1	-1	
172	166	93bf7abec9e56395	3			yes					-1	-1	-1	
173	166	ac986bc25ea09aaf	3			yes					-1	-1	-1	
174	159	c7b864d814052431	4			yes					-1	-1	175	177	
175	174	7feeae2d1aecf15b	3			yes					176	-1	-1	
176	175	30c8f718cc2a433a	5			yes					-1	-1	-1	-1	-1	
177	174	40c9bf518da90861	3			yes					-1	-1	-1	
178	159	8e1cf11587f7970f	4			yes					-1	-1	-1	-1	
179	159	b13be06910b26e35	4			yes					-1	-1	-1	-1	
180	0	9a7b6337f06f042a	5			yes					-1	181	241	262	283	
181	180	803eb1835870c403	5			yes					182	207	216	231	240	
182	181	a523045c235e621b	4			yes					-1	183	193	200	
183	182	c93aa29e4b1f0b1b	6			yes					184	185	188	190	191	192	
184	183	46515dd3a030856c	5			yes					-1	-1	-1	-1	-1	
185	183	dd39931744baa8e3	5			yes					-1	186	-1	-1	187	
186	185	c205e313dcd98782	4			yes					-1	-1	-1	-1	
187	185	b77ccbcc5e86cf80	4			yes					-1	-1	-1	-1	
188	183	d606d29ad37c247a	5			yes					-1	-1	-1	-1	189	
189	188	bc438a41c9404319	4			yes					-1	-1	-1	-1	
190	183	9ffa33c83bc71eaa	5			yes					-1	-1	-1	-1	-1	
191	183	d2942f960c31175f	4			yes					-1	-1	-1	-1	
192	183	a37ffa4551236c78	5			yes					-1	-1	-1	-1	-1	
193	182	f330616abdbb2548	6			yes					194	195	196	197	-1	199	
194	193	7c5b9e275694ab3f	5			yes					-1	-1	-1	-1	-1	
195	193	e73350e3b21e86b0	5			yes					-1	-1	-1	-1	-1	
196	193	48ded2020011b39e	5			yes					-1	-1	-1	-1	-1	
197	193	9a7f231ce113dfeb	5			yes					-1	-1	-1	-1	198	
198	197	8a6e8e93d9e287f9	4			yes					-1	-1	-1	-1	
199	193	e321cce5854a7d5a	5			yes					-1	-1	-1	-1	-1	
200	182	a377f96b776ce138	6			yes					201	202	203	204	205	206	
201	200	2c1c06269c436f4f	5			yes					-1	-1	-1	-1	-1	
202	200	b774c8e278c942c0	5			yes					-1	-1	-1	-1	-1	
203	200	18994a03cac677ee	5			yes					-1	-1	-1	-1	-1	
204	200	6527b7f4a71e6334	5			yes					-1	-1	-1	-1	-1	
205	200	e3a5b283a5e67ae8	5			yes					-1	-1	-1	-1	-1	
206	200	a60478db5bd8a285	5			yes					-1	-1	-1	-1	-1	
207	181	3cc7f3813cd71206	4			yes					-1	208	212	214	
208	207	cd35acb9a1cc7452	3			yes					209	210	211	
209	208	260bd4447862e638	4			yes					-1	-1	-1	-1	
210	208	2e07a6650494b584	5			yes					-1	-1	-1	-1	-1	
211	208	720670dbd70d664b	5			yes					-1	-1	-1	-1	-1	
212	207	84913974323ec76c	3			yes					213	-1	-1	
213	212	6b7a0dca49ec88e2	5			yes					-1	-1	-1	-1	-1	
214	207	6cb92012e8dc1526	3			yes					215	-1	-1	
215	214	8718c531391d7f70	5			yes					-1	-1	-1	-1	-1	
216	181	71cceebbc56ba257	4			yes					-1	-1	217	225	
217	216	ebc93710c26e24f1	6			yes					218	220	222	-1	-1	224	
218	217	f53ff37f8c11afd6	5			yes					-1	-1	-1	-1	219	
219	218	5339e02fb1f5893d	4			yes					-1	-1	-1	-1	
220	217	7d7e708c1ceec807	5			yes					-1	-1	-1	-1	221	
221	220	db7863dc210aeeec	4			yes					-1	-1	-1	-1	
222	217	53458e15eb0091a1	5			yes					-1	-1	-1	-1	223	
223	222	f5439d45d6e4b74a	4			yes					-1	-1	-1	-1	
224	217	4dcf2440ff8a021a	5			yes					-1	-1	-1	-1	-1	
225	216	b7c8e1ae11f7f73e	6			yes					226	227	228	-1	229	230	
226	225	a93e25c15f887c19	5			yes					-1	-1	-1	-1	-1	
227	225	217fa632cf771bc8	5			yes					-1	-1	-1	-1	-1	
228	225	0f4458ab3899426e	5			yes					-1	-1	-1	-1	-1	
229	225	441caabbeba8766a	5			yes					-1	-1	-1	-1	-1	
230	225	b2bb601e3d43b483	5			yes					-1	-1	-1	-1	-1	
231	181	38687b7656991169	4			yes					-1	-1	-1	232	
232	231	6816a8e582921649	3			yes					233	-1	238	
233	232	5eaa1504db0e726d	6			yes					-1	-1	-1	235	-1	236	
234	233	4aa9248dd4abd195	5			no					-1	-2	-2	-1	-2	
235	233	37e5577287a688ce	5			yes					-1	-1	-1	-1	-1	
236	233	f3d3a85385cc58f3	5			yes					-1	-1	-1	-1	-1	
237	236	9a9cea25d964a250	4			no					-1	-2	-2	-1	
238	232	cdc9e74aefa436ae	5			yes					-1	239	-1	-1	-1	
239	238	5b7ea0d63124da58	4			yes					-1	-1	-1	-1	
240	181	d04062108c7bc323	4			yes					-1	-1	-1	-1	
241	180	c7dbf761533691f7	4			yes					242	255	259	261	
242	241	e2c642be281837ef	3			yes					243	246	248	
243	242	3aea82e123b08fe1	5			yes					-1	244	-1	-1	245	
244	243	d860a8b398041f76	4			yes					-1	-1	-1	-1	
245	243	f7f5e8498625c5bf	4			yes					-1	-1	-1	-1	
246	242	ec139ef91b2061e2	5			yes					-1	-1	-1	-1	247	
247	246	f7c48f1597195cda	4			yes					-1	-1	-1	-1	
248	242	36c12b899876804a	6			yes					249	250	251	252	253	254	
249	248	b9aad4c473590e3d	5			yes					-1	-1	-1	-1	-1	
250	248	494a2947e1094ec0	5			yes					-1	-1	-1	-1	-1	
251	248	129344a05e1804f7	5			yes					-1	-1	-1	-1	-1	
252	248	5e3603c27d17b82a	5			yes					-1	-1	-1	-1	-1	
253	248	b9363b519debbf9d	5			yes					-1	-1	-1	-1	-1	
254	248	33b2aa39b4c2c3f7	5			yes					-1	-1	-1	-1	-1	
255	241	3a96e029072a4337	3			yes					-1	256	257	
256	255	8759e5d1e49a043a	5			yes					-1	-1	-1	-1	-1	
257	255	1bee3f00a0d4c55b	5			yes					258	-1	-1	-1	-1	
258	257	0518fb6feeab4e7c	4			yes					-1	-1	-1	-1	
259	241	882e7104fb3973f8	3			yes					-1	-1	260	
260	259	c0ea0db0ff8a66d5	5			yes					-1	-1	-1	-1	-1	
261	241	97a524f2873d96d7	3			yes					-1	-1	-1	
262	180	b1683980a5c080de	5			yes					263	273	278	281	282	
263	262	94758c5fdeee26c6	4			yes					264	267	270	271	
264	263	c801a2f8be4b2c25	5			yes					-1	-1	-1	266	-1	
265	264	0e12326e29c16d53	4			no					-1	-2	-2	-2	
266	264	3a4708af15f84b94	4			yes					-1	-1	-1	-1	
267	263	6587d36743f54092	3			yes					268	-1	269	
268	267	94e683857565bcb0	5			yes					-1	-1	-1	-1	-1	
269	267	aacfd4217626fccb	2			yes					-1	-1	
270	263	779140ae8fdf0718	6			yes					-1	-1	-1	-1	-1	-1	
271	263	5b3d8b19eb3d9a9f	3			yes					272	-1	-1	
272	271	e16bd84f025dbe28	6			yes					-1	-1	-1	-1	-1	-1	
273	262	4c252ec8f1dc521e	4			yes					-1	274	-1	276	
274	273	b45b1d7ed2f0d3db	5			yes					-1	-1	-1	275	-1	
275	274	461db7297943b46a	4			yes					-1	-1	-1	-1	
276	273	836d298ec40fee47	3			yes					-1	277	-1	
277	276	9d3167c96ee641d6	6			yes					-1	-1	-1	-1	-1	-1	
278	262	409a66b838dbe68a	4			yes					-1	-1	279	280	
279	278	c6110a87e3d9d4ae	5			yes					-1	-1	-1	-1	-1	
280	278	8fd261fe0d085ad3	3			yes					-1	-1	-1	
281	262	29a2fdafb229128c	3			yes					-1	-1	-1	
282	262	7e203ec690133c87	4			yes					-1	-1	-1	-1	
283	180	1685ecd3256cebb6	5			yes					284	298	302	306	307	
284	283	3398590c5e424dae	4			yes					285	287	293	297	
285	284	cc5358c691d3f1a1	5			yes					-1	-1	-1	-1	286	
286	285	433cc997a0b269cb	4			yes					-1	-1	-1	-1	
287	284	c26a0634c3592bfa	3			yes					288	290	292	
288	287	c3b67a21a3657f59	5			yes					-1	-1	-1	-1	289	
289	288	777bb802f03d797a	4			yes					-1	-1	-1	-1	
290	287	23f914543375f03a	5			yes					-1	-1	-1	-1	291	
291	290	ac96850502146850	4			yes					-1	-1	-1	-1	
292	287	24279de384af09a1	5			yes					-1	-1	-1	-1	-1	
293	284	8bce93f950ab98c4	3			yes					294	-1	295	
294	293	eb8e1fa59b3786f0	5			yes					-1	-1	-1	-1	-1	
295	293	331b5814a15b92ac	6			yes					-1	-1	-1	-1	-1	296	
296	295	9e62e543ff99b832	5			yes					-1	-1	-1	-1	-1	
297	284	b4e98285c7ee61fe	3			yes					-1	-1	-1	
298	283	ebc8fb9b71703976	4			yes					-1	299	301	-1	
299	298	62f5b357fd3e2aa7	5			yes					-1	-1	-1	-1	300	
300	299	ed9a2206cc5fb2cd	4			yes					-1	-1	-1	-1	
301	298	ff8ee607cd736615	5			yes					-1	-1	-1	-1	-1	
302	283	e777b3ebb8778de2	4			yes					-1	-1	303	305	
303	302	5f21791eb69e5888	3			yes					-1	304	-1	
304	303	aef3b40ad64fbb96	5			yes					-1	-1	-1	-1	-1	
305	302	6006686221dba1b2	3			yes					-1	-1	-1	
306	283	aed326262b853edc	4			yes					-1	-1	-1	-1	
307	283	91f4375abcc0c7e6	4			yes					-1	-1	-1	-1	
308	0	2340eff2460d2908	5			yes					-1	-1	309	362	382	
309	308	e05a81d7a02c12f9	5			yes					310	333	348	353	361	
310	309	c5473408db02b4e1	4			yes					311	317	321	327	
311	310	4dc429065a379e3e	5			yes					312	313	315	316	-1	
312	311	102a154164b7a39a	4			yes					-1	-1	-1	-1	
313	311	f548900373592b6e	4			yes					-1	314	-1	-1	
314	313	43acb129a9954e72	3			yes					-1	-1	-1	
315	311	fb20082c80fbfb22	4			yes					-1	-1	-1	-1	
316	311	d1024c59dd74a63c	4			yes					-1	-1	-1	-1	
317	310	6d93fb1bed52629a	3			yes					318	319	320	
318	317	ece3277216b514f0	4			yes					-1	-1	-1	-1	
319	317	fbc01000833bb1a7	5			yes					-1	-1	-1	-1	-1	
320	317	55d0091fc8a5baa9	5			yes					-1	-1	-1	-1	-1	
321	310	7877baa401cea461	6			yes					-1	322	323	324	-1	326	
322	321	e7ffde8a0fd9bbbd	5			yes					-1	-1	-1	-1	-1	
323	321	f55f9eaad02dfe1d	5			yes					-1	-1	-1	-1	-1	
324	321	7711b72d41637087	5			yes					-1	-1	-1	-1	325	
325	324	67001aa279922895	4			yes					-1	-1	-1	-1	
326	321	6866172b393ffc73	5			yes					-1	-1	-1	-1	-1	
327	310	2f9b50be3518503f	6			yes					-1	328	329	330	331	332	
328	327	b01334903b0f4fe3	5			yes					-1	-1	-1	-1	-1	
329	327	a2b374b0e4fb0a43	5			yes					-1	-1	-1	-1	-1	
330	327	476c78f5d079685f	5			yes					-1	-1	-1	-1	-1	
331	327	a06c406630856fe8	5			yes					-1	-1	-1	-1	-1	
332	327	2ae8d10e19ac1382	5			yes					-1	-1	-1	-1	-1	
333	309	65e163aa979ca229	4			yes					-1	-1	334	341	
334	333	3abf3dd1dc59041e	6			yes					335	336	337	338	-1	340	
335	334	2449f9be92268f39	5			yes					-1	-1	-1	-1	-1	
336	334	2641b3586702610f	5			yes					-1	-1	-1	-1	-1	
337	334	b79719df0dba5e62	5			yes					-1	-1	-1	-1	-1	
338	334	35d930589cf4d0f8	5			yes					-1	-1	-1	-1	339	
339	338	25c89dd7a40588ea	4			yes					-1	-1	-1	-1	
340	334	2aae905ee4a85c0c	5			yes					-1	-1	-1	-1	-1	
341	333	6d53d7cbe88ff040	6			yes					342	343	344	345	346	347	
342	341	73a513a4a6f07b67	5			yes					-1	-1	-1	-1	-1	
343	341	71ad594253d49551	5			yes					-1	-1	-1	-1	-1	
344	341	e07bf3c5396caa3c	5			yes					-1	-1	-1	-1	-1	
345	341	05a4ff800deec820	5			yes					-1	-1	-1	-1	-1	
346	341	e2a4c713ed12cf97	5			yes					-1	-1	-1	-1	-1	
347	341	6820567bc43bb3fd	5			yes					-1	-1	-1	-1	-1	
348	309	488e4ec4967cc482	4			yes					-1	-1	349	351	
349	348	f0d88431989511e8	3			yes					-1	350	-1	
350	349	54e77f630c36dcd7	5			yes					-1	-1	-1	-1	-1	
351	348	18f09d574277c3a2	3			yes					-1	352	-1	
352	351	faf7667c47a8d7d9	5			yes					-1	-1	-1	-1	-1	
353	309	580c4b22aec5c793	4			yes					-1	-1	-1	354	
354	353	087298b17acec0b3	3			yes					355	358	-1	
355	354	d5edceca677bf344	6			yes					-1	-1	-1	356	-1	357	
356	355	da8bc34327d627a2	5			yes					-1	-1	-1	-1	-1	
357	355	7894739d39b9d9da	5			yes					-1	-1	-1	-1	-1	
358	354	972549bfbaec533b	6			yes					-1	-1	-1	359	-1	360	
359	358	98434436fa4187dd	5			yes					-1	-1	-1	-1	-1	
360	358	3a5cf4e8e42e79a5	5			yes					-1	-1	-1	-1	-1	
361	309	b0245244742715d9	4			yes					-1	-1	-1	-1	
362	308	026168f709427168	5			yes					363	372	378	380	381	
363	362	277cdd28726cd770	4			yes					364	367	369	370	
364	363	a2c73f5545dc67a0	3			yes					365	-1	366	
365	364	5e0e70b31bb24e78	5			yes					-1	-1	-1	-1	-1	
366	364	6d8f3813700fdbf9	2			yes					-1	-1	
367	363	65e5ebc25a1e9213	5			yes					-1	-1	-1	368	-1	
368	367	97a34195f1adf5a2	4			yes					-1	-1	-1	-1	
369	363	c1880ee939b3841f	6			yes					-1	-1	-1	-1	-1	-1	
370	363	e834da6e47bf6b29	3			yes					-1	371	-1	
371	370	4c8f9175e608001e	6			yes					-1	-1	-1	-1	-1	-1	
372	362	87da8a8a3ef2c1b8	4			yes					-1	373	375	376	
373	372	cac284a1d513ff63	5			yes					-1	-1	-1	374	-1	
374	373	38842ef67ea098d2	4			yes					-1	-1	-1	-1	
375	372	8340899ce4242460	6			yes					-1	-1	-1	-1	-1	-1	
376	372	48928dcc0b217de1	3			yes					-1	377	-1	
377	376	e3a8fe1669056d6e	6			yes					-1	-1	-1	-1	-1	-1	
378	362	386c938d5b77849a	4			yes					-1	-1	-1	379	
379	378	f72494cb6ea438c3	3			yes					-1	-1	-1	
380	362	9aabacd81eabe33a	3			yes					-1	-1	-1	
381	362	cd296fb13c91cd31	4			yes					-1	-1	-1	-1	
382	308	a58cbda489ee1a00	5			yes					383	397	405	407	408	
383	382	8091087bf2c0bc18	4			yes					384	390	392	396	
384	383	052aea06c5700cc8	3			yes					385	387	389	
385	384	095e8917cdb28d91	5			yes					-1	-1	-1	-1	386	
386	385	bd934b349eea8bb2	4			yes					-1	-1	-1	-1	
387	384	efefc8c6a5f6ad15	5			yes					-1	-1	-1	-1	-1	
388	387	608059979497357f	4			no					-1	-2	-2	-2	
389	384	145b6b21564257f8	5			yes					-1	-1	-1	-1	-1	
390	383	2cb9b91ff01f2d5d	6			yes					-1	-1	-1	-1	-1	391	
391	390	98747b3ca3472b7e	5			yes					-1	-1	-1	-1	-1	
392	383	38c7c28efc296972	3			yes					-1	393	394	
393	392	7b34026f51e0bfb5	5			yes					-1	-1	-1	-1	-1	
394	392	85021653173711ab	6			yes					-1	-1	-1	-1	-1	395	
395	394	287bab0449f53b35	5			yes					-1	-1	-1	-1	-1	
396	383	07e0d3f26b6c9048	3			yes					-1	-1	-1	
397	382	20375fd9be5eaad0	4			yes					-1	398	400	404	
398	397	839ed67c7f12402d	6			yes					-1	-1	-1	-1	-1	399	
399	398	3753145f2c4a460e	5			yes					-1	-1	-1	-1	-1	
400	397	9861952cb0b77fba	3			yes					-1	401	402	
401	400	d4136d0cdeedd2c5	5			yes					-1	-1	-1	-1	-1	
402	400	c7ca9126caa0b1d4	6			yes					-1	-1	-1	-1	-1	403	
403	402	6ab32c7194629b4a	5			yes					-1	-1	-1	-1	-1	
404	397	a746845027f28680	3			yes					-1	-1	-1	
405	382	9f8146dedbdbeff2	4			yes					-1	-1	406	-1	
406	405	ac213a58ce61ea0c	5			yes					-1	-1	-1	-1	-1	
407	382	1dda77518707cf6a	4			yes					-1	-1	-1	-1	
408	382	22fd662d10423650	4			yes					-1	-1	-1	-1	
409	0	8eddf9696a214df9	5			yes					-1	-1	-1	410	435	
410	409	0721eaf9c99428b5	5			yes					411	423	429	432	434	
411	410	223c5f26b2ba8ead	4			yes					412	418	421	422	
412	411	a787bd5b850a3e7d	3			yes					413	416	417	
413	412	746b2cad2cb57ea5	5			yes					-1	-1	414	415	-1	
414	413	5c338c6e5a4562df	4			yes					-1	-1	-1	-1	
415	413	862d86fa87061914	4			yes					-1	-1	-1	-1	
416	412	9ee18cff9f813fc6	5			yes					-1	-1	-1	-1	-1	
417	412	8c1b70ac8933a4c5	5			yes					-1	-1	-1	-1	-1	
418	411	7a9b0358d60e12c6	3			yes					-1	419	420	
419	418	0141780d6fa8dd57	5			yes					-1	-1	-1	-1	-1	
420	418	6cec7f48f9b3ffb9	5			yes					-1	-1	-1	-1	-1	
421	411	72121c1f7d86dda0	3			yes					-1	-1	-1	
422	411	8d32fd3a9c387fb6	3			yes					-1	-1	-1	
423	410	829a0884fe249865	4			yes					-1	424	427	428	
424	423	da3d54fa9a90040e	3			yes					-1	425	426	
425	424	ae66176ee0a5b027	5			yes					-1	-1	-1	-1	-1	
426	424	c3cb102b76be92c9	5			yes					-1	-1	-1	-1	-1	
427	423	d2b44bbd3118cb68	3			yes					-1	-1	-1	
428	423	2d94aa98d0a6697e	3			yes					-1	-1	-1	
429	410	5f86b687ad20b4de	4			yes					-1	-1	430	431	
430	429	0fa8f5be621ce7d3	3			yes					-1	-1	-1	
431	429	f088149b83a245c5	3			yes					-1	-1	-1	
432	410	570fa9c006a87bb8	4			yes					-1	-1	-1	433	
433	432	f8010bdc282a8aa3	3			yes					-1	-1	-1	
434	410	a82f48e5e716d9ae	4			yes					-1	-1	-1	-1	
435	409	30855630198944fc	5			yes					436	447	453	456	457	
436	435	1598e3ef62a7e2e4	4			yes					437	442	445	446	
437	436	9023019255175234	3			yes					438	440	441	
438	437	808a15f21e0e012b	5			yes					-1	-1	-1	-1	439	
439	438	0fe584a32f6f9941	4			yes					-1	-1	-1	-1	
440	437	ca91021c54cb8fd4	5			yes					-1	-1	-1	-1	-1	
441	437	0057fc0cc42cec5b	5			yes					-1	-1	-1	-1	-1	
442	436	4d3fbf9106137e8f	3			yes					-1	443	444	
443	442	18f689e205280c9e	5			yes					-1	-1	-1	-1	-1	
444	442	e0a0f3e8b4acb727	5			yes					-1	-1	-1	-1	-1	
445	436	151f5b2ca888bb10	5			yes					-1	-1	-1	-1	-1	
446	436	92e93866fb0bceb4	3			yes					-1	-1	-1	
447	435	b53eb44d2e39f42c	4			yes					-1	448	451	452	
448	447	ed99e8334a8d6847	3			yes					-1	449	450	
449	448	b7d1e6818a2561ee	5			yes					-1	-1	-1	-1	-1	
450	448	4f879c8b3ba1da57	5			yes					-1	-1	-1	-1	-1	
451	447	b84733d2f0567934	5			yes					-1	-1	-1	-1	-1	
452	447	324f6fc4b795d87c	3			yes					-1	-1	-1	
453	435	68220a4e7d3dd897	4			yes					-1	-1	454	455	
454	453	87a2b6305ca61d20	5			yes					-1	-1	-1	-1	-1	
455	453	ef53d1c7e491f4c7	3			yes					-1	-1	-1	
456	435	7f70d055b186a6f3	4			yes					-1	-1	-1	-1	
457	435	b7f48db9802568ac	4			yes					-1	-1	-1	-1	
458	0	e9859ddae7bb3ce8	5			yes					-1	-1	-1	-1	459	
459	458	86b343bcf515e71a	4			yes					460	474	492	514	
460	459	0fc10e4a36a8b3b1	5			yes					461	465	469	472	473	
461	460	eafdf045fbfa9a20	4			yes					-1	462	-1	464	
462	461	bd14f34c82848dc7	6			yes					-1	-1	-1	-1	-1	463	
463	462	09d9316fd1dc8be4	5			yes					-1	-1	-1	-1	-1	
464	461	7166c1e1acce717d	6			yes					-1	-1	-1	-1	-1	-1	
465	460	126285e178ba472b	4			yes					-1	466	-1	467	
466	465	fe8e1614372635c5	6			yes					-1	-1	-1	-1	-1	-1	
467	465	29773bbc795bbe5f	3			yes					-1	468	-1	
468	467	9b6b048f1e0891ae	6			yes					-1	-1	-1	-1	-1	-1	
469	460	fe335172abb3d5e5	4			yes					-1	-1	470	471	
470	469	9da3283444c1ada0	6			yes					-1	-1	-1	-1	-1	-1	
471	469	c526ef2faa522c91	3			yes					-1	-1	-1	
472	460	327894c11fba422b	4			yes					-1	-1	-1	-1	
473	460	34d4b01737494ac5	4			yes					-1	-1	-1	-1	
474	459	2f0ed9799ada1a62	5			yes					475	483	487	490	491	
475	474	0a136ca6e1f4bc7a	4			yes					476	477	480	481	
476	475	5f750fd8f45a8a95	6			yes					-1	-1	-1	-1	-1	-1	
477	475	4d81ea1ebe30594d	6			yes					-1	-1	-1	-1	478	479	
478	477	048baa3d26acd9df	5			yes					-1	-1	-1	-1	-1	
479	477	c2ee7b4f8f51c127	5			yes					-1	-1	-1	-1	-1	
480	475	3faa444505f74d8f	6			yes					-1	-1	-1	-1	-1	-1	
481	475	3106d2fbe015450e	3			yes					-1	482	-1	
482	481	2864f885971efd26	6			yes					-1	-1	-1	-1	-1	-1	
483	474	d243ce31cec6c8a2	4			yes					-1	484	-1	486	
484	483	232fb05e98e1756b	6			yes					-1	-1	-1	-1	-1	485	
485	484	97e2727dcbb97348	5			yes					-1	-1	-1	-1	-1	
486	483	ef5d82f3b6ab89d1	6			yes					-1	-1	-1	-1	-1	-1	
487	474	defc864107c17c36	4			yes					-1	-1	488	489	
488	487	5e155e32890e4183	6			yes					-1	-1	-1	-1	-1	-1	
489	487	e5e9381c06208542	3			yes					-1	-1	-1	
490	474	12b743f2b3c8ebf8	4			yes					-1	-1	-1	-1	
491	474	141b67249b3be316	4			yes					-1	-1	-1	-1	
492	459	9c07880e3658ebd4	5			yes					493	505	510	512	513	
493	492	b91a3dd14d764dcc	4			yes					494	500	502	503	
494	493	9ad9bea9f700e6ba	6			yes					-1	495	496	497	498	499	
495	494	225507acde6e53ea	5			yes					-1	-1	-1	-1	-1	
496	494	33e9e563b3dfda05	5			yes					-1	-1	-1	-1	-1	
497	494	8a370ffafaccacb3	5			yes					-1	-1	-1	-1	-1	
498	494	d3d3fe8a6f9c6628	5			yes					-1	-1	-1	-1	-1	
499	494	15b62ff8c6617ed0	5			yes					-1	-1	-1	-1	-1	
500	493	f29146e2100f34a3	6			yes					-1	-1	-1	-1	-1	501	
501	500	465c84c143573280	5			yes					-1	-1	-1	-1	-1	
502	493	89b30a02b39bce88	6			yes					-1	-1	-1	-1	-1	-1	
503	493	820f838c4c97b4b8	3			yes					504	-1	-1	
504	503	ff3cac32de2e42d1	6			yes					-1	-1	-1	-1	-1	-1	
505	492	19bc6a7301e85b04	4			yes					-1	506	508	509	
506	505	5db629819f0259d3	6			yes					-1	-1	-1	-1	-1	507	
507	506	e97beba2cc5a5ff0	5			yes					-1	-1	-1	-1	-1	
508	505	cb7b8d776e0c6ef7	6			yes					-1	-1	-1	-1	-1	-1	
509	505	22a9d42e0009a270	3			yes					-1	-1	-1	
510	492	a60a7374646d1e26	4			yes					-1	-1	-1	511	
511	510	bcf25eacb5b905c8	6			yes					-1	-1	-1	-1	-1	-1	
512	492	a1be12851f4a1a4e	4			yes					-1	-1	-1	-1	
513	492	a712365337b912a0	4			yes					-1	-1	-1	-1	
514	459	204c079499269eb3	5			yes					515	527	534	536	-1	
515	514	0551b24be20838ab	4			yes					516	522	-1	-1	
516	515	8ed52984656e5d19	6			yes					-1	517	518	519	520	521	
517	516	3d817d4c407d0a49	5			yes					-1	-1	-1	-1	-1	
518	516	383108aebfa23805	5			yes					-1	-1	-1	-1	-1	
519	516	9e3b98d768a21710	5			yes					-1	-1	-1	-1	-1	
520	516	c7df69a7fdf2dd8b	5			yes					-1	-1	-1	-1	-1	
521	516	01bab8d5540fc573	5			yes					-1	-1	-1	-1	-1	
522	515	6e22266015ee0665	6			yes					-1	-1	-1	523	524	525	
523	522	7ecc973318224c6c	5			yes					-1	-1	-1	-1	-1	
524	522	272866438d7286f7	5			yes					-1	-1	-1	-1	-1	
525	522	e14db731248f9e0f	5			yes					-1	-1	-1	-1	-1	
526	515	cd7358282eb3cd5d	6			no					-1	-1	-2	-1	-2	-2	
527	514	a5f7e5e9ae962e63	4			yes					-1	528	533	-1	
528	527	c10549039ae36b15	6			yes					529	-1	-1	530	531	532	
529	528	dff38d6cd49ce032	5			yes					-1	-1	-1	-1	-1	
530	528	d1ebf850972f211c	5			yes					-1	-1	-1	-1	-1	
531	528	880f0920027feb87	5			yes					-1	-1	-1	-1	-1	
532	528	4e6ad852ab82f37f	5			yes					-1	-1	-1	-1	-1	
533	527	602b30d6766d0f79	6			yes					-1	-1	-1	-1	-1	-1	
534	514	78eb5beafd9202d8	4			yes					-1	-1	-1	-1	
535	534	5fceb534da9d6b6d	6			yes					-1	-1	-1	-1	-1	-1	
536	514	706244ad561acdbe	4			yes					-1	-1	-1	-1	
537	0	7e08d6dc323de216	5			yes					-1	-1	-1	-1	-1	
