Number of nodes
425
ID	PID	Hash_Value			File_Number	Fully_Enumerated	Children
0	-1	dbb44dfb162166f6	6			yes					1	129	230	313	382	424	
1	0	6e0493effb75cbbd	5			yes					2	48	69	85	99	
2	1	964894187d82a33e	5			yes					3	15	30	40	47	
3	2	fc506eed667ee7ef	4			yes					4	5	7	10	
4	3	e81668ce0b0d1ff3	4			yes					-1	-1	-1	-1	
5	3	0ec6f28add997dab	4			yes					-1	6	-1	-1	
6	5	6a093aa4b3646450	3			yes					-1	-1	-1	
7	3	e45299be2995dedd	4			yes					-1	8	9	-1	
8	7	809d51904768c726	3			yes					-1	-1	-1	
9	7	9f57d5add98ebcd2	3			yes					-1	-1	-1	
10	3	e4c4144c797fb44d	3			yes					11	12	13	
11	10	817e28d199150ec7	4			yes					-1	-1	-1	-1	
12	10	715a207e32252bb0	4			yes					-1	-1	-1	-1	
13	10	81d798206090bbae	5			yes					-1	-1	-1	-1	14	
14	13	6fb3bd844f4fa753	4			yes					-1	-1	-1	-1	
15	2	7868122e758309d1	4			yes					-1	16	22	26	
16	15	ae151a23eba7b189	5			yes					17	19	-1	20	21	
17	16	82097479d66efa53	4			yes					18	-1	-1	-1	
18	17	f6fb29cdd08b85fe	3			yes					-1	-1	-1	
19	16	dae74797ed42ce24	4			yes					-1	-1	-1	-1	
20	16	a2c24e53e974f283	4			yes					-1	-1	-1	-1	
21	16	9b3542928d3e514a	4			yes					-1	-1	-1	-1	
22	15	91f0ef46698cdabf	5			yes					23	24	-1	-1	25	
23	22	bdec811c54459165	4			yes					-1	-1	-1	-1	
24	22	e502b2f26f69a512	4			yes					-1	-1	-1	-1	
25	22	40729d7e6650a3e6	4			yes					-1	-1	-1	-1	
26	15	4944f2c47a861f65	5			yes					27	28	-1	-1	29	
27	26	65589c9e474f54bf	4			yes					-1	-1	-1	-1	
28	26	3db6af707c6360c8	4			yes					-1	-1	-1	-1	
29	26	38f3aa16738293e5	4			yes					-1	-1	-1	-1	
30	2	7acae101700d8008	4			yes					-1	-1	31	36	
31	30	c12c96a9b4b15f59	5			yes					32	33	34	-1	35	
32	31	ed30f8f389781483	4			yes					-1	-1	-1	-1	
33	31	b5decb1db25420f4	4			yes					-1	-1	-1	-1	
34	31	e7f820c6d1c0cfe2	4			yes					-1	-1	-1	-1	
35	31	526145994109d0ba	4			yes					-1	-1	-1	-1	
36	30	babea69b0cebe662	5			yes					37	38	39	-1	-1	
37	36	96a2c8c13122adb8	4			yes					-1	-1	-1	-1	
38	36	ce4cfb2f0a0e99cf	4			yes					-1	-1	-1	-1	
39	36	9c6a10f4699a76d9	4			yes					-1	-1	-1	-1	
40	2	702e737b01739eaa	4			yes					-1	-1	-1	41	
41	40	4a331ec55e5e767c	6			yes					42	43	44	45	-1	46	
42	41	662f709f63973da6	5			yes					-1	-1	-1	-1	-1	
43	41	3ec1437158bb09d1	5			yes					-1	-1	-1	-1	-1	
44	41	6ce7a8aa3b2fe6c7	5			yes					-1	-1	-1	-1	-1	
45	41	313652d6ae451473	5			yes					-1	-1	-1	-1	-1	
46	41	a4573b6171816a81	5			yes					-1	-1	-1	-1	-1	
47	2	8edceeb96283f09c	4			yes					-1	-1	-1	-1	
48	1	c3b0029e97920251	4			yes					49	55	61	68	
49	48	33819b353727416b	3			yes					50	51	52	
50	49	856fa96820893fb6	4			yes					-1	-1	-1	-1	
51	49	b87c425b0ae5e5a5	4			yes					-1	-1	-1	-1	
52	49	cc294e8f7c0c88c8	5			yes					-1	-1	53	-1	54	
53	52	b72c029c8c17eac7	4			yes					-1	-1	-1	-1	
54	52	18fa9ed285324264	4			yes					-1	-1	-1	-1	
55	48	0ec30469c3452d0c	3			yes					-1	56	58	
56	55	48942090a6f4a232	5			yes					-1	-1	-1	-1	57	
57	56	5893f5ebe435d32e	4			yes					-1	-1	-1	-1	
58	55	691d0a5e030e9564	5			yes					59	60	-1	-1	-1	
59	58	450164043ec7debe	4			yes					-1	-1	-1	-1	
60	58	89f81cf6dfde1328	4			yes					-1	-1	-1	-1	
61	48	25d6e5fdeb633fc5	3			yes					-1	-1	62	
62	61	3f13cbb4e896f338	6			yes					63	64	65	66	-1	67	
63	62	130fa5eed55fb8e2	5			yes					-1	-1	-1	-1	-1	
64	62	dff6dd1c34467574	5			yes					-1	-1	-1	-1	-1	
65	62	f8f0e3b6e11a1f26	5			yes					-1	-1	-1	-1	-1	
66	62	441687a7188d9137	5			yes					-1	-1	-1	-1	-1	
67	62	d177ee10c749efc5	5			yes					-1	-1	-1	-1	-1	
68	48	db24783f889351f3	3			yes					-1	-1	-1	
69	1	958c98538aaf8e8a	4			yes					70	74	82	84	
70	69	65bd01f82a1acdb0	3			yes					71	-1	72	
71	70	9d3a6c8bceca087c	4			yes					-1	-1	-1	-1	
72	70	3189c060da821e2b	5			yes					-1	-1	-1	-1	73	
73	72	e55a103d23bcd487	4			yes					-1	-1	-1	-1	
74	69	7bac1e6582ae2465	3			yes					-1	75	77	
75	74	174c9e9959d363e9	5			yes					-1	-1	-1	-1	76	
76	75	f87737603a0bafad	4			yes					-1	-1	-1	-1	
77	74	a6ef4ed7eddd27c2	5			yes					78	79	80	81	-1	
78	77	8af3208dd0146c18	4			yes					-1	-1	-1	-1	
79	77	460a587f310da18e	4			yes					-1	-1	-1	-1	
80	77	339d2e61785d4d06	4			yes					-1	-1	-1	-1	
81	77	c855275eae19e354	4			yes					-1	-1	-1	-1	
82	69	0685653cb7b5ba77	3			yes					-1	-1	83	
83	82	261f592341348b07	5			yes					-1	-1	-1	-1	-1	
84	69	8d18e2f295aedd28	3			yes					-1	-1	-1	
85	1	78358651c65d0f9c	4			yes					86	89	96	98	
86	85	88041ffa66e84ca6	3			yes					87	88	-1	
87	86	8ca19887781161e7	5			yes					-1	-1	-1	-1	-1	
88	86	9fda93737f19e1e2	5			yes					-1	-1	-1	-1	-1	
89	85	96150067ce5ca573	3			yes					-1	90	95	
90	89	2a4f1a15bec47ffe	5			yes					91	92	-1	93	94	
91	90	0653744f830d3424	4			yes					-1	-1	-1	-1	
92	90	caaa0cbd6214f9b2	4			yes					-1	-1	-1	-1	
93	90	c7327522a430b844	4			yes					-1	-1	-1	-1	
94	90	ee8832c94f2c2c1b	4			yes					-1	-1	-1	-1	
95	89	e9b76945352bab27	5			yes					-1	-1	-1	-1	-1	
96	85	94b7f348cbd22caa	3			yes					-1	-1	97	
97	96	1e46c753d843be46	5			yes					-1	-1	-1	-1	-1	
98	85	f2936a84a53bcae3	3			yes					-1	-1	-1	
99	1	67245f7303a784a0	5			yes					100	107	119	127	128	
100	99	9715c6d8a312c79a	4			yes					101	103	105	-1	
101	100	b79aac5892b88fba	5			yes					-1	-1	-1	-1	102	
102	101	92f3047dc59ca36a	4			yes					-1	-1	-1	-1	
103	100	5f74d87c51c64057	5			yes					-1	-1	-1	-1	104	
104	103	7a1d705906e26c87	4			yes					-1	-1	-1	-1	
105	100	0111dafdd8697351	5			yes					-1	-1	-1	-1	106	
106	105	247872d88f4d5f81	4			yes					-1	-1	-1	-1	
107	99	8904d9450ba62e4f	4			yes					-1	108	113	117	
108	107	748c514006e4cdd6	5			yes					109	110	-1	111	112	
109	108	58903f1a3b2d860c	4			yes					-1	-1	-1	-1	
110	108	946947e8da344b9a	4			yes					-1	-1	-1	-1	
111	108	785b053004378edc	4			yes					-1	-1	-1	-1	
112	108	0f22098e570ba8ab	4			yes					-1	-1	-1	-1	
113	107	55ece1e63512d47e	5			yes					114	115	-1	-1	116	
114	113	79f08fbc08db9fa4	4			yes					-1	-1	-1	-1	
115	113	b509f74ee9c25232	4			yes					-1	-1	-1	-1	
116	113	d465d662bc655a07	4			yes					-1	-1	-1	-1	
117	107	fad50bd1d1cb5d98	3			yes					-1	118	-1	
118	117	dbf1d9d3ae356207	5			yes					-1	-1	-1	-1	-1	
119	99	8ba62a6a0e28a796	4			yes					-1	-1	120	126	
120	119	47d4aa37e4f525e4	6			yes					121	122	123	-1	124	125	
121	120	6bc8c46dd93c6e3e	5			yes					-1	-1	-1	-1	-1	
122	120	a731bc9f3825a3a8	5			yes					-1	-1	-1	-1	-1	
123	120	61001c588184b55f	5			yes					-1	-1	-1	-1	-1	
124	120	e31fa6a0cc18058b	5			yes					-1	-1	-1	-1	-1	
125	120	62bd0212b3d10934	5			yes					-1	-1	-1	-1	-1	
126	119	f877f8fed445d441	3			yes					-1	-1	-1	
127	99	8142b8107f56b934	4			yes					-1	-1	-1	-1	
128	99	14f58de7d9caf777	4			yes					-1	-1	-1	-1	
129	0	1284460fe1674656	5			yes					-1	130	172	188	201	
130	129	ae218e0582298894	5			yes					131	148	154	164	171	
131	130	42af2eb22daa9515	4			yes					132	133	139	143	
132	131	20889100f422c949	4			yes					-1	-1	-1	-1	
133	131	09ab518a52526257	5			yes					134	135	136	137	138	
134	133	432763e7a9f49c4b	4			yes					-1	-1	-1	-1	
135	133	4d4ea8d85b411e76	4			yes					-1	-1	-1	-1	
136	133	379ec7fe96ff21f4	4			yes					-1	-1	-1	-1	
137	133	057c05fa5081215d	4			yes					-1	-1	-1	-1	
138	133	3c8b093b34cb8294	4			yes					-1	-1	-1	-1	
139	131	090e1d73b4994b0b	5			yes					-1	140	141	-1	142	
140	139	4debe421bd8a372a	4			yes					-1	-1	-1	-1	
141	139	67f5e2fdc0ec423a	4			yes					-1	-1	-1	-1	
142	139	d88c6f4bbb453252	4			yes					-1	-1	-1	-1	
143	131	5f42133704a687cd	5			yes					144	145	146	-1	147	
144	143	15ce215aff0079d1	4			yes					-1	-1	-1	-1	
145	143	1ba7ea650db5fbec	4			yes					-1	-1	-1	-1	
146	143	31b9ecb970d38efc	4			yes					-1	-1	-1	-1	
147	143	9b1923fda077108d	4			yes					-1	-1	-1	-1	
148	130	fefe486cc1fc5081	4			yes					-1	149	150	151	
149	148	3fbb0e3290d6ef86	5			yes					-1	-1	-1	-1	-1	
150	148	7083e1dfb4aad079	4			yes					-1	-1	-1	-1	
151	148	e66a32cddefd0323	3			yes					152	153	-1	
152	151	94d3411f54d3965d	4			yes					-1	-1	-1	-1	
153	151	de4886de0f71c5e9	5			yes					-1	-1	-1	-1	-1	
154	130	42a3fb1c8fa6aba2	4			yes					-1	-1	155	160	
155	154	517cc3468d662414	5			yes					156	157	158	-1	159	
156	155	0c07669ee5856826	4			yes					-1	-1	-1	-1	
157	155	258e9ef28b835bb9	4			yes					-1	-1	-1	-1	
158	155	969feb4484eac80a	4			yes					-1	-1	-1	-1	
159	155	c231107678deabf7	4			yes					-1	-1	-1	-1	
160	154	2aeef374353c9d2f	5			yes					161	162	163	-1	-1	
161	160	779556ac5ddfd11d	4			yes					-1	-1	-1	-1	
162	160	5e1caec033d9e282	4			yes					-1	-1	-1	-1	
163	160	ed0ddb763cb07131	4			yes					-1	-1	-1	-1	
164	130	48476966fed8b500	4			yes					-1	-1	-1	165	
165	164	da634b2a67890d31	6			yes					166	167	168	169	-1	170	
166	165	8718eef20f6a4103	5			yes					-1	-1	-1	-1	-1	
167	165	ae91169e616c729c	5			yes					-1	-1	-1	-1	-1	
168	165	1d8063286e05e12f	5			yes					-1	-1	-1	-1	-1	
169	165	a166073997926f3e	5			yes					-1	-1	-1	-1	-1	
170	165	34076e8e485611cc	5			yes					-1	-1	-1	-1	-1	
171	130	b6b5f4a49d28db36	4			yes					-1	-1	-1	-1	
172	129	29fd430365d5b82a	4			yes					173	181	185	187	
173	172	c573e3b4ca56a5ab	3			yes					174	175	176	
174	173	606d55aa24202219	4			yes					-1	-1	-1	-1	
175	173	7aacbc998923b9bb	4			yes					-1	-1	-1	-1	
176	173	cdd6a4ad0e5d1936	5			yes					177	178	179	180	-1	
177	176	875a96c0f5fbe72a	4			yes					-1	-1	-1	-1	
178	176	d3be8161bb336e78	4			yes					-1	-1	-1	-1	
179	176	ab804132d78c09c2	4			yes					-1	-1	-1	-1	
180	176	a36ccd244d99dda0	4			yes					-1	-1	-1	-1	
181	172	671327798d987ade	3			yes					-1	-1	182	
182	181	812979d426be110a	5			yes					183	-1	-1	-1	184	
183	182	dc52dc0c4e5d5d38	4			yes					-1	-1	-1	-1	
184	182	55faa989df80dba6	4			yes					-1	-1	-1	-1	
185	172	baf4be6c58cf8cd7	3			yes					-1	-1	186	
186	185	c36fd9bdce2b750e	5			yes					-1	-1	-1	-1	-1	
187	172	316939a27ad4eb88	3			yes					-1	-1	-1	
188	129	c4445d012927393c	4			yes					189	196	198	200	
189	188	28cafdb686a424bd	3			yes					190	191	195	
190	189	362c39774c2e701d	5			yes					-1	-1	-1	-1	-1	
191	189	7ef123ec393258a1	5			yes					-1	192	-1	193	194	
192	191	609906208c5c2fef	4			yes					-1	-1	-1	-1	
193	191	dfd8d4393a7caaa0	4			yes					-1	-1	-1	-1	
194	191	4bd17b5d5fabb862	4			yes					-1	-1	-1	-1	
195	189	91a57c26079ee804	5			yes					-1	-1	-1	-1	-1	
196	188	8aaa397bc16afbc8	3			yes					-1	197	-1	
197	196	7fbfd13e523b3470	5			yes					-1	-1	-1	-1	-1	
198	188	28c6281824a81a0a	3			yes					-1	-1	199	
199	198	fb3647cd575c404f	5			yes					-1	-1	-1	-1	-1	
200	188	4ee2b1d44a41fc43	3			yes					-1	-1	-1	
201	129	db558423ecddb200	5			yes					202	216	220	228	229	
202	201	37db2494435eaf81	4			yes					203	205	210	212	
203	202	f7b5a278e0687b39	5			yes					-1	-1	-1	-1	204	
204	203	d2dc0a5db74c57e9	4			yes					-1	-1	-1	-1	
205	202	0eee67db5b04e363	5			yes					206	207	-1	208	209	
206	205	446255b6a0a21d7f	4			yes					-1	-1	-1	-1	
207	205	10864217ee6a942d	4			yes					-1	-1	-1	-1	
208	205	a3005482ce57216c	4			yes					-1	-1	-1	-1	
209	205	75403f150aeb861e	4			yes					-1	-1	-1	-1	
210	202	2cdb0e12b3851e13	5			yes					-1	-1	-1	-1	211	
211	210	09b2a637e4a132c3	4			yes					-1	-1	-1	-1	
212	202	440af6009933dc56	3			yes					-1	213	214	
213	212	a193ef48f3d54cb2	5			yes					-1	-1	-1	-1	-1	
214	212	8a0b4575ea875176	5			yes					-1	-1	-1	-1	215	
215	214	646f60d1c5584d8b	4			yes					-1	-1	-1	-1	
216	201	95bbe059049070f4	4			yes					-1	217	218	-1	
217	216	71350e4da7a06a38	5			yes					-1	-1	-1	-1	-1	
218	216	95c0a29c45567df5	5			yes					-1	-1	-1	-1	219	
219	218	b0a90ab912725125	4			yes					-1	-1	-1	-1	
220	201	37d7f13ae1529136	4			yes					-1	-1	221	227	
221	220	a2a42aa96beadbed	6			yes					222	223	224	-1	225	226	
222	221	ffdf8f71030997df	5			yes					-1	-1	-1	-1	-1	
223	221	d656771d6d0fa440	5			yes					-1	-1	-1	-1	-1	
224	221	84709cc60e9b4b56	5			yes					-1	-1	-1	-1	-1	
225	221	066f263e4307fb82	5			yes					-1	-1	-1	-1	-1	
226	221	87cd828c3ccef73d	5			yes					-1	-1	-1	-1	-1	
227	220	440623ae3b3fe2e1	3			yes					-1	-1	-1	
228	201	3d336340902c8f94	4			yes					-1	-1	-1	-1	
229	201	a88456b736b0c1d7	4			yes					-1	-1	-1	-1	
230	0	3329553534dd077e	5			yes					-1	-1	231	273	287	
231	230	aa529ee794b085ff	5			yes					232	248	260	265	272	
232	231	46dc3e503b33987e	4			yes					233	238	239	244	
233	232	ff4f41077a7e4fc8	5			yes					-1	234	235	236	237	
234	233	c753173969874b51	4			yes					-1	-1	-1	-1	
235	233	25c4581e0f9b805c	4			yes					-1	-1	-1	-1	
236	233	75404b474cb43dc5	4			yes					-1	-1	-1	-1	
237	233	ca6f19b61ce7af0b	4			yes					-1	-1	-1	-1	
238	232	24483db17730ad73	4			yes					-1	-1	-1	-1	
239	232	b5646db5667d1e41	5			yes					-1	240	241	242	243	
240	239	2e33efbe508ac478	4			yes					-1	-1	-1	-1	
241	239	0128bc847fef2341	4			yes					-1	-1	-1	-1	
242	239	9c38ecfec0d2aac4	4			yes					-1	-1	-1	-1	
243	239	2629be8593c591a2	4			yes					-1	-1	-1	-1	
244	232	f011695dac2ea5b7	5			yes					-1	245	246	247	-1	
245	244	6b46eb569ad97f8e	4			yes					-1	-1	-1	-1	
246	244	445db86cb5bc98b7	4			yes					-1	-1	-1	-1	
247	244	9eab00d4efea6121	4			yes					-1	-1	-1	-1	
248	231	c51ae2cc219da1a3	4			yes					-1	249	250	255	
249	248	459c91b2108676a5	4			yes					-1	-1	-1	-1	
250	248	89b21649409a6b4c	5			yes					251	-1	252	253	254	
251	250	d4c9b3912879277e	4			yes					-1	-1	-1	-1	
252	250	3dfec7785908564c	4			yes					-1	-1	-1	-1	
253	250	a0ee9702e635dfc9	4			yes					-1	-1	-1	-1	
254	250	1affc579b522e4af	4			yes					-1	-1	-1	-1	
255	248	ccc712a18ac9d0ba	5			yes					256	257	258	259	-1	
256	255	91bcb779e22a9c88	4			yes					-1	-1	-1	-1	
257	255	1653227ae835f1a2	4			yes					-1	-1	-1	-1	
258	255	788bc390935bedba	4			yes					-1	-1	-1	-1	
259	255	a27d7b28c90d142c	4			yes					-1	-1	-1	-1	
260	231	7d34415e795e57eb	4			yes					-1	-1	261	262	
261	260	39f3eb12f3dea5da	5			yes					-1	-1	-1	-1	-1	
262	260	65a03bff665f0449	3			yes					263	264	-1	
263	262	b2f3a9e79a784f21	4			yes					-1	-1	-1	-1	
264	262	a1b24455de43ccb7	5			yes					-1	-1	-1	-1	-1	
265	231	4c347984e841b86b	4			yes					-1	-1	-1	266	
266	265	effa553c3842594b	6			yes					267	268	269	270	-1	271	
267	266	b281f0e450a11579	5			yes					-1	-1	-1	-1	-1	
268	266	0f1f4394e492df07	5			yes					-1	-1	-1	-1	-1	
269	266	28197d3e31ceb555	5			yes					-1	-1	-1	-1	-1	
270	266	35714c254da796df	5			yes					-1	-1	-1	-1	-1	
271	266	019e7098179d45b6	5			yes					-1	-1	-1	-1	-1	
272	231	b2c6e4468bb1d65d	4			yes					-1	-1	-1	-1	
273	230	c41336be2d1fd3ff	4			yes					274	282	285	286	
274	273	289d9609829cce7e	3			yes					275	280	281	
275	274	82fcf754eb4082e5	5			yes					-1	276	277	278	279	
276	275	bae0a16af8b9867c	4			yes					-1	-1	-1	-1	
277	275	f9f9bb471b5be0ea	4			yes					-1	-1	-1	-1	
278	275	25296e205e3b2378	4			yes					-1	-1	-1	-1	
279	275	463bdf881aa8d100	4			yes					-1	-1	-1	-1	
280	274	5126b73c9b3b2a05	5			yes					-1	-1	-1	-1	-1	
281	274	500ef5acec465968	5			yes					-1	-1	-1	-1	-1	
282	273	ab5b4a959832f7a3	3			yes					-1	283	284	
283	282	6d659c760aba9bed	5			yes					-1	-1	-1	-1	-1	
284	282	6cd88e50caa12c65	5			yes					-1	-1	-1	-1	-1	
285	273	0960304979c8fca2	3			yes					-1	-1	-1	
286	273	4eb5da6b4e791680	3			yes					-1	-1	-1	
287	230	db02ef9ce8e558c3	5			yes					288	301	308	311	312	
288	287	378c4f2b47664542	4			yes					289	294	296	299	
289	288	104f1472c8f667ed	5			yes					-1	290	291	292	293	
290	289	2853424cdb0f6374	4			yes					-1	-1	-1	-1	
291	289	6b4a586138ed05e2	4			yes					-1	-1	-1	-1	
292	289	9a401e32fe3c15e0	4			yes					-1	-1	-1	-1	
293	289	6be14cbc99190290	4			yes					-1	-1	-1	-1	
294	288	59d24b3a0b60a831	5			yes					-1	-1	-1	-1	295	
295	294	7cbbe31f5c4484e1	4			yes					-1	-1	-1	-1	
296	288	ec557d0fec7f2631	5			yes					-1	297	-1	-1	298	
297	296	7702ff04da88fc08	4			yes					-1	-1	-1	-1	
298	296	6ddc4a8b6508a848	4			yes					-1	-1	-1	-1	
299	288	445d9dbf9d0b3695	3			yes					300	-1	-1	
300	299	bf329ce16027c83c	5			yes					-1	-1	-1	-1	-1	
301	287	b44a93b75dc87c9f	4			yes					-1	302	304	307	
302	301	e4f7fb39ba42218b	5			yes					-1	-1	-1	-1	303	
303	302	c19e531ced660d5b	4			yes					-1	-1	-1	-1	
304	301	d08306f3ca98533c	5			yes					305	-1	-1	-1	306	
305	304	8df8a32ba27b1f0e	4			yes					-1	-1	-1	-1	
306	304	510a317743efdd45	4			yes					-1	-1	-1	-1	
307	301	c79b412387a50f48	3			yes					-1	-1	-1	
308	287	1671e96bbc32779e	4			yes					-1	-1	309	-1	
309	308	2d7f23d3335f8c76	5			yes					-1	-1	-1	-1	310	
310	309	08168bf6647ba0a6	4			yes					-1	-1	-1	-1	
311	287	3d6408ff94146557	4			yes					-1	-1	-1	-1	
312	287	a8d33d0832882b14	4			yes					-1	-1	-1	-1	
313	0	8aa9b92b39768307	5			yes					-1	-1	-1	314	351	
314	313	7a28c544de7dfa67	5			yes					315	327	340	348	350	
315	314	96a665f371fee7e6	4			yes					316	321	325	326	
316	315	1a9916570cfc666b	5			yes					-1	317	318	319	320	
317	316	1b6ef4607d472be7	4			yes					-1	-1	-1	-1	
318	316	c0120f4e7919a9ff	4			yes					-1	-1	-1	-1	
319	316	bd4c8f23b987c7f6	4			yes					-1	-1	-1	-1	
320	316	de5e3e8bfd14358e	4			yes					-1	-1	-1	-1	
321	315	743ecb7d75e58449	5			yes					-1	-1	322	323	324	
322	321	2e02314b3fe235d7	4			yes					-1	-1	-1	-1	
323	321	d5173ca876ab7648	4			yes					-1	-1	-1	-1	
324	321	411e93cc137c648a	4			yes					-1	-1	-1	-1	
325	315	1b11f26ed76994b5	4			yes					-1	-1	-1	-1	
326	315	a17939e599180533	5			yes					-1	-1	-1	-1	-1	
327	314	1560b96f6b50de3b	4			yes					-1	328	333	334	
328	327	13c1b7636a4cdc39	5			yes					329	-1	330	331	332	
329	328	4eba12bb02af900b	4			yes					-1	-1	-1	-1	
330	328	ccde410ed3b04f62	4			yes					-1	-1	-1	-1	
331	328	b4142e17df377da4	4			yes					-1	-1	-1	-1	
332	328	d7069fbf9ba48fdc	4			yes					-1	-1	-1	-1	
333	327	8e82b9e3ea5b7abf	4			yes					-1	-1	-1	-1	
334	327	148f0d6831a4b4c7	6			yes					335	-1	336	337	338	339	
335	334	49f4a8b05947f8f5	5			yes					-1	-1	-1	-1	-1	
336	334	ad941461776ef998	5			yes					-1	-1	-1	-1	-1	
337	334	4eb3f75e7ba30559	5			yes					-1	-1	-1	-1	-1	
338	334	85e0084e9052d5c7	5			yes					-1	-1	-1	-1	-1	
339	334	025e77e828c32ffd	5			yes					-1	-1	-1	-1	-1	
340	314	94084372d67c5088	4			yes					-1	-1	341	342	
341	340	5847be068ce7e484	5			yes					-1	-1	-1	-1	-1	
342	340	f56e5656d325eb1e	6			yes					343	344	-1	345	346	347	
343	342	a815f38ebbc6a72c	5			yes					-1	-1	-1	-1	-1	
344	342	158b40fe0ff56d52	5			yes					-1	-1	-1	-1	-1	
345	342	af52ac6099225a80	5			yes					-1	-1	-1	-1	-1	
346	342	6401537072d38a1e	5			yes					-1	-1	-1	-1	-1	
347	342	e3bf2cd6ca427024	5			yes					-1	-1	-1	-1	-1	
348	314	cbfc5b4e801d29f3	4			yes					-1	-1	-1	349	
349	348	6de65aaa12af9332	3			yes					-1	-1	-1	
350	314	dc32c4a04ccf40a6	4			yes					-1	-1	-1	-1	
351	313	8d3e7551f5d8d418	5			yes					352	366	376	380	381	
352	351	61b0d5e65a5bc999	4			yes					353	358	361	363	
353	352	882af5712f4a8363	5			yes					-1	354	355	356	357	
354	353	89dd17465ef1ceef	4			yes					-1	-1	-1	-1	
355	353	52a1ec685aaf4cf7	4			yes					-1	-1	-1	-1	
356	353	0225ff311980f16e	4			yes					-1	-1	-1	-1	
357	353	f384adbf7ea5e61e	4			yes					-1	-1	-1	-1	
358	352	d978f6fb0deed33e	5			yes					-1	-1	-1	359	360	
359	358	f1d85f834ed5cf53	4			yes					-1	-1	-1	-1	
360	358	fc115ede5acaffee	4			yes					-1	-1	-1	-1	
361	352	9379dd64a8b0b266	5			yes					-1	-1	-1	-1	362	
362	361	b6107541ff949eb6	4			yes					-1	-1	-1	-1	
363	352	126107728036ba4e	3			yes					364	365	-1	
364	363	27577de2879b2cb2	5			yes					-1	-1	-1	-1	-1	
365	363	456fc8bcc371a785	4			yes					-1	-1	-1	-1	
366	351	e276097a40f5f044	4			yes					-1	367	372	374	
367	366	8172544549fa3931	5			yes					368	-1	369	370	371	
368	367	dc09f19d21197503	4			yes					-1	-1	-1	-1	
369	367	5e6da228f006aa6a	4			yes					-1	-1	-1	-1	
370	367	0b7d5e057f304b3c	4			yes					-1	-1	-1	-1	
371	367	fadc0c8b18155c4c	4			yes					-1	-1	-1	-1	
372	366	3d37f1c55946c5c2	5			yes					-1	-1	-1	-1	373	
373	372	185e59e00e62e912	4			yes					-1	-1	-1	-1	
374	366	91a7dbee9a988393	3			yes					-1	375	-1	
375	374	2e0fdcd6e12b96e0	5			yes					-1	-1	-1	-1	-1	
376	351	631ef367fdd97ef7	4			yes					-1	-1	377	379	
377	376	77a0da1c0c5e822b	5			yes					-1	-1	-1	-1	378	
378	377	52c972395b7aaefb	4			yes					-1	-1	-1	-1	
379	376	10cf21f327b40d20	3			yes					-1	-1	-1	
380	351	1e37883ec8c2e0e5	4			yes					-1	-1	-1	-1	
381	351	feefa7c52fb5a7cf	4			yes					-1	-1	-1	-1	
382	0	48831dd597cc4aba	5			yes					-1	-1	-1	-1	383	
383	382	a225d8b092e50443	6			yes					384	401	411	418	421	423	
384	383	4eab78073d6619c2	5			yes					385	390	396	398	400	
385	384	21e3042c884b3d9e	4			yes					386	387	-1	388	
386	385	78a239087b58f5a3	5			yes					-1	-1	-1	-1	-1	
387	385	c78a2e8e157656c5	5			yes					-1	-1	-1	-1	-1	
388	385	490369753f60fe51	6			yes					-1	-1	-1	-1	-1	389	
389	388	fc07359dae14fa72	5			yes					-1	-1	-1	-1	-1	
390	384	a08bfe313567b32d	4			yes					-1	391	-1	393	
391	390	1b531e2e3dae8bad	5			yes					-1	-1	-1	-1	392	
392	391	3e3ab60b6a8aa77d	4			yes					-1	-1	-1	-1	
393	390	9d62a0937fd88890	6			yes					-1	-1	394	-1	-1	395	
394	393	2fb860dbc6dd20b9	5			yes					-1	-1	-1	-1	-1	
395	393	2866fc7beeac8cb3	5			yes					-1	-1	-1	-1	-1	
396	384	a2290d1e30e93af4	4			yes					-1	-1	-1	397	
397	396	cdd46ea999b46cc2	5			yes					-1	-1	-1	-1	-1	
398	384	0b5541b2f03c126c	4			yes					-1	-1	-1	399	
399	398	6dea8f04b0a3ad85	3			yes					-1	-1	-1	
400	384	2814b6b17df9a62b	4			yes					-1	-1	-1	-1	
401	383	cd6da49b27c8201f	5			yes					-1	402	406	408	410	
402	401	234d22ad2fc98af0	4			yes					-1	403	-1	404	
403	402	23eb9c093dcc1e53	5			yes					-1	-1	-1	-1	-1	
404	402	cb869eb91359652e	6			yes					-1	-1	-1	-1	-1	405	
405	404	7e82c251822d610d	5			yes					-1	-1	-1	-1	-1	
406	401	21efd1822a470329	4			yes					-1	-1	-1	407	
407	406	957554d3fe2ccb30	5			yes					-1	-1	-1	-1	-1	
408	401	88939d2eea922bb1	4			yes					-1	-1	-1	409	
409	408	ee2c5398aa0d9458	3			yes					-1	-1	-1	
410	401	abd26a2d67579ff6	4			yes					-1	-1	-1	-1	
411	383	4c055e869ae4aeac	5			yes					-1	-1	412	415	417	
412	411	a0872b9f976b8d9a	4			yes					-1	-1	-1	413	
413	412	a93cfbbf5d8c4db7	6			yes					-1	-1	-1	-1	-1	414	
414	413	1c38a757ccf84994	5			yes					-1	-1	-1	-1	-1	
415	411	09fb673357bea502	4			yes					-1	-1	-1	416	
416	415	6f44a98517211aeb	3			yes					-1	-1	-1	
417	411	2aba9030da7b1145	4			yes					-1	-1	-1	-1	
418	383	4ea7ada99f6a2775	5			yes					-1	-1	-1	419	420	
419	418	0b59941c52302cdb	4			yes					-1	-1	-1	-1	
420	418	2818631fdff5989c	4			yes					-1	-1	-1	-1	
421	383	e7dbe1055fbf0fed	5			yes					-1	-1	-1	-1	422	
422	421	81642fb31f20b004	4			yes					-1	-1	-1	-1	
423	383	c49a1606d27abbaa	5			yes					-1	-1	-1	-1	-1	
424	0	563769d0965425de	5			yes					-1	-1	-1	-1	-1	
