Number of nodes
149
ID	PID	Hash_Value			File_Number	Fully_Enumerated	Children
0	-1	059ec536a4cf079a	6			yes					1	22	42	64	81	99	
1	0	e42145d1848e340f	5			yes					2	7	14	19	21	
2	1	448dc9d3d8537ab7	4			yes					3	4	-1	5	
3	2	c7c3ec83d95fe063	4			yes					-1	-1	-1	-1	
4	2	8957551a9f2c4703	4			yes					-1	-1	-1	-1	
5	2	69c0acc63b41bc9d	5			yes					-1	-1	-1	-1	6	
6	5	64560222c5588348	4			yes					-1	-1	-1	-1	
7	1	1f4f23c8b3200c1d	4			yes					-1	8	9	10	
8	7	68f3426b324f58b7	5			yes					-1	-1	-1	-1	-1	
9	7	169597b2f18edcfa	4			yes					-1	-1	-1	-1	
10	7	ddf29c38380d76fe	3			yes					-1	12	13	
11	10	24d77aee981e0e2b	4			no					-1	-1	-1	-2	
12	10	62f3d66ffca33e1e	5			yes					-1	-1	-1	-1	-1	
13	10	24461083dd990329	4			yes					-1	-1	-1	-1	
14	1	02ca121362991c5d	4			yes					-1	-1	15	16	
15	14	ccc281f4a2344e18	5			yes					-1	-1	-1	-1	-1	
16	14	c077ade3e9b466be	3			yes					-1	-1	18	
17	16	8ea05cdecd2a2d56	4			no					-1	-2	-1	-2	
18	16	2731e12dfcebe38c	5			yes					-1	-1	-1	-1	-1	
19	1	7f9402290649241b	4			yes					-1	-1	-1	20	
20	19	bd29bdd98d645ef8	3			yes					-1	-1	-1	
21	1	269cfa210fa34eec	4			yes					-1	-1	-1	-1	
22	0	32ced4c1502695ff	5			yes					23	31	35	39	41	
23	22	bc21351f2a0b82e0	4			yes					24	26	27	28	
24	23	de71b7fe7d706e90	5			yes					-1	-1	-1	-1	25	
25	24	46c396fcf03b22e7	4			yes					-1	-1	-1	-1	
26	23	a7c023a9b2974e5e	4			yes					-1	-1	-1	-1	
27	23	5964ff91b470dca1	4			yes					-1	-1	-1	-1	
28	23	7e9c8aefa126f803	3			yes					-1	29	30	
29	28	a0372a6de091240b	4			yes					-1	-1	-1	-1	
30	28	e864319384349a97	4			yes					-1	-1	-1	-1	
31	22	310c4e1495d055ba	4			yes					-1	32	-1	33	
32	31	72df0f64cd80d8d2	4			yes					-1	-1	-1	-1	
33	31	caf4e5f0ee46614b	5			yes					-1	-1	-1	-1	34	
34	33	c7624b14105f5e9e	4			yes					-1	-1	-1	-1	
35	22	d4258303b631bdad	4			yes					-1	-1	36	37	
36	35	ec29e42d8a950c56	5			yes					-1	-1	-1	-1	-1	
37	35	16983cf33d1cc74e	3			yes					-1	-1	38	
38	37	07da84f4d44aa1c2	5			yes					-1	-1	-1	-1	-1	
39	22	a97b9339d2e185eb	4			yes					-1	-1	-1	40	
40	39	6bc62cc959ccff08	3			yes					-1	-1	-1	
41	22	f0736b31db0bef1c	4			yes					-1	-1	-1	-1	
42	0	9380ec7aff7f3335	5			yes					43	52	59	61	63	
43	42	1d6f0da48552242a	4			yes					44	46	47	48	
44	43	1c56cfde2cc1d935	5			yes					-1	-1	-1	-1	45	
45	44	84e4eedca18a9542	4			yes					-1	-1	-1	-1	
46	43	18e6417e91505fe5	4			yes					-1	-1	-1	-1	
47	43	bb3a5d4a574c7672	4			yes					-1	-1	-1	-1	
48	43	dfd2b2540e7f5ec9	3			yes					49	-1	51	
49	48	897240385f93aa97	5			yes					-1	-1	-1	-1	-1	
50	48	7362f1775ceca333	4			no					-1	-1	-1	-2	
51	48	0a3a934867083044	4			yes					-1	-1	-1	-1	
52	42	0a4afb09fe469f6f	4			yes					-1	53	55	56	
53	52	6ac063616ad4b2d1	5			yes					-1	-1	-1	-1	54	
54	53	f2724263e79ffea6	4			yes					-1	-1	-1	-1	
55	52	0581ba30f3a3b2fd	4			yes					-1	-1	-1	-1	
56	52	c8f744f9756be58c	3			yes					-1	57	58	
57	56	ffe4ec871986c173	5			yes					-1	-1	-1	-1	-1	
58	56	b4817432c3e7f4cb	4			yes					-1	-1	-1	-1	
59	42	4e2d0ea572fed1b2	4			yes					-1	-1	-1	60	
60	59	ce9b43501a252644	5			yes					-1	-1	-1	-1	-1	
61	42	0835ab827db82321	4			yes					-1	-1	-1	62	
62	61	ca881472f69559c2	3			yes					-1	-1	-1	
63	42	513d538a745249d6	4			yes					-1	-1	-1	-1	
64	0	8144bd7eb4f51172	5			yes					65	72	76	78	79	
65	64	0fab5ca0ced8066d	4			yes					66	68	-1	69	
66	65	14df2997570e1ab2	5			yes					-1	-1	-1	-1	67	
67	66	8c6d0895da4556c5	4			yes					-1	-1	-1	-1	
68	65	980c9bf2d66988a1	4			yes					-1	-1	-1	-1	
69	65	cd16e35045f57c8e	3			yes					70	71	-1	
70	69	81fba671245c6910	5			yes					-1	-1	-1	-1	-1	
71	69	bad0a1db8de175a0	4			yes					-1	-1	-1	-1	
72	64	188eaa0db5ccbd28	4			yes					-1	73	-1	74	
73	72	9c79d6f97de2a045	5			yes					-1	-1	-1	-1	-1	
74	72	da3315fd3ee1c7cb	3			yes					-1	75	-1	
75	74	bea5ecd0266a5d44	5			yes					-1	-1	-1	-1	-1	
76	64	7a2adb67835b2960	4			yes					-1	-1	-1	77	
77	76	b897649708765383	3			yes					-1	-1	-1	
78	64	23db1d49a2bbf6a7	5			yes					-1	-1	-1	-1	-1	
79	64	43f9028e3fd86b91	4			yes					-1	-1	-1	80	
80	79	868a455189a5c2d4	5			yes					-1	-1	-1	-1	-1	
81	0	a554690d4c24e8ae	5			yes					82	89	94	97	98	
82	81	2bbb88d33609ffb1	4			yes					83	85	87	-1	
83	82	85fc9a82d6b387e9	5			yes					-1	-1	-1	-1	-1	
84	83	dffe4bf82e925ceb	4			no					-1	-1	-2	-2	
85	82	f1fbe4b23403f121	4			yes					-1	-1	-1	86	
86	85	abf935c8cc222a23	3			yes					-1	-1	-1	
87	82	304332ebd053a114	5			yes					-1	-1	-1	-1	88	
88	87	f816d532e9f2bd16	4			yes					-1	-1	-1	-1	
89	81	3c9e7e7e4d1d44f4	4			yes					-1	90	92	-1	
90	89	8b2cae30cb0d1b30	5			yes					-1	-1	-1	-1	91	
91	90	d12e7f4a332cc032	4			yes					-1	-1	-1	-1	
92	89	7b46d31c9d69ba27	5			yes					-1	-1	-1	-1	93	
93	92	b31334c5a4c8a625	4			yes					-1	-1	-1	-1	
94	81	5e3a0f147b8ad0bc	4			yes					-1	-1	95	-1	
95	94	1c85b905910510f5	6			yes					-1	-1	-1	-1	-1	96	
96	95	d4d05edca8a40cf7	5			yes					-1	-1	-1	-1	-1	
97	81	43bf3ecfaa33c0fc	4			yes					-1	-1	-1	-1	
98	81	0aa0c776aaadab05	4			yes					-1	-1	-1	-1	
99	0	23f365c3fc60652c	5			yes					100	110	120	130	138	
100	99	ae019ccb17f6f303	5			yes					101	104	107	109	-1	
101	100	0ead10c94b2bbdbb	4			yes					102	-1	-1	-1	
102	101	0299a06d3ae60e99	4			yes					-1	-1	-1	-1	
103	101	6533615585e7bb6f	4			yes					-1	-1	-1	-1	
104	100	556ffad22058cb11	4			yes					-1	105	106	-1	
105	104	566a08f538bdb625	5			yes					-1	-1	-1	-1	-1	
106	104	1711d84d44181cf8	4			yes					-1	-1	-1	-1	
107	100	48eacb09f1e1db51	4			yes					-1	-1	108	-1	
108	107	2a06fe084c6cea19	5			yes					-1	-1	-1	-1	-1	
109	100	35b4db339531e317	4			yes					-1	-1	-1	-1	
110	99	78ee0ddbc35e52f3	5			yes					111	115	117	119	-1	
111	110	f601ec05b97345ec	4			yes					112	113	114	-1	
112	111	f831ab93243eef17	5			yes					-1	-1	-1	-1	-1	
113	111	4ba417e6a85cb232	4			yes					-1	-1	-1	-1	
114	111	04afe3b5ac8d165c	4			yes					-1	-1	-1	-1	
115	110	7b2c970e06a892b6	4			yes					-1	116	-1	-1	
116	115	be4a174c50dcd586	4			yes					-1	-1	-1	-1	
117	110	9e055a1925497aa1	4			yes					-1	-1	118	-1	
118	117	0aed9bd164cda857	5			yes					-1	-1	-1	-1	-1	
119	110	e35b4a23419942e7	4			yes					-1	-1	-1	-1	
120	99	d9a035606c07f439	5			yes					121	125	128	129	-1	
121	120	574fd4be162ae326	4			yes					122	123	124	-1	
122	121	3a16d3b3758f58b2	5			yes					-1	-1	-1	-1	-1	
123	121	7cad2403b2099546	4			yes					-1	-1	-1	-1	
124	121	e6f1416e4fb1bc8f	4			yes					-1	-1	-1	-1	
125	120	406a22136d3e5863	4			yes					-1	126	127	-1	
126	125	4c807f0c339a3356	5			yes					-1	-1	-1	-1	-1	
127	125	584aa614eb5e7800	4			yes					-1	-1	-1	-1	
128	120	040dd7bfe18616be	4			yes					-1	-1	-1	-1	
129	120	42157298eec0e42d	4			yes					-1	-1	-1	-1	
130	99	cb646464278dd67e	5			yes					131	134	136	137	-1	
131	130	458b85ba5da0c161	4			yes					132	133	-1	-1	
132	131	329f35fa0e409b35	5			yes					-1	-1	-1	-1	-1	
133	131	5dd7185304dd5fe6	4			yes					-1	-1	-1	-1	
134	130	52ae731726b47a24	4			yes					-1	135	-1	-1	
135	134	59a25558af567702	5			yes					-1	-1	-1	-1	-1	
136	130	300a027d1023ee6c	4			yes					-1	-1	-1	-1	
137	130	e68bed38778c48ce	5			yes					-1	-1	-1	-1	-1	
138	99	b193606aff0424a5	5			yes					139	143	146	148	-1	
139	138	3f7c81b4852933ba	4			yes					140	141	142	-1	
140	139	78a6c394ffc80216	5			yes					-1	-1	-1	-1	-1	
141	139	0ca1bda41d7874de	4			yes					-1	-1	-1	-1	
142	139	46e4e85d3df770e6	5			yes					-1	-1	-1	-1	-1	
143	138	28597719fe3d88ff	4			yes					-1	144	145	-1	
144	143	7676f726e2769ecf	5			yes					-1	-1	-1	-1	-1	
145	143	0de109aa70cd6bd5	5			yes					-1	-1	-1	-1	-1	
146	138	4afd0673c8aa1cb7	4			yes					-1	-1	147	-1	
147	146	6a2263b37ca1c107	6			yes					-1	-1	-1	-1	-1	-1	
148	138	577837a819130cf7	4			yes					-1	-1	-1	-1	
