Number of nodes
376
ID	PID	Hash_Value			File_Number	Fully_Enumerated	Children
0	-1	09602115882640ef	6			yes					1	123	224	282	334	375	
1	0	e1048a5b5ee7ddb1	5			yes					2	30	56	72	87	
2	1	2ff91a2f2ebf3d14	4			yes					3	8	18	29	
3	2	5cbfd81be1c96cb8	3			yes					4	6	7	
4	3	e72e6dfeee750a6a	4			yes					-1	-1	-1	5	
5	4	924efe783c27956b	3			yes					-1	-1	-1	
6	3	87fc767c01c68738	4			yes					-1	-1	-1	-1	
7	3	da1c955d75af0335	4			yes					-1	-1	-1	-1	
8	2	4f8c238a36c0bcd7	3			yes					-1	9	14	
9	8	66ba253b9d83d0ef	5			yes					10	11	12	-1	13	
10	9	699f069276e06630	4			yes					-1	-1	-1	-1	
11	9	a4f8e660d98a4194	4			yes					-1	-1	-1	-1	
12	9	4b28ad9f29924637	4			yes					-1	-1	-1	-1	
13	9	7fd53ca97775ddcb	4			yes					-1	-1	-1	-1	
14	8	54ea8e74e4978d8e	5			yes					15	16	17	-1	-1	
15	14	5bcfaddd0ff43b51	4			yes					-1	-1	-1	-1	
16	14	96a84d2fa09e1cf5	4			yes					-1	-1	-1	-1	
17	14	797806d050861b56	4			yes					-1	-1	-1	-1	
18	2	aba84a544d8256c7	3			yes					-1	-1	19	
19	18	c22b77f7bfd84e88	6			yes					20	22	24	26	-1	28	
20	19	cd0e545e54bbf857	5			yes					-1	-1	-1	-1	21	
21	20	5bd4bd5b262ddcdb	4			yes					-1	-1	-1	-1	
22	19	0069b4acfbd1dff3	5			yes					-1	-1	-1	-1	23	
23	22	96b35da98947fb7f	4			yes					-1	-1	-1	-1	
24	19	d2d14199b7207384	5			yes					-1	-1	-1	-1	25	
25	24	440ba89cc5b65708	4			yes					-1	-1	-1	-1	
26	19	0081f07bb11438af	5			yes					-1	-1	-1	-1	27	
27	26	965b197ec3821c23	4			yes					-1	-1	-1	-1	
28	19	54f19ef2cd4e6a04	5			yes					-1	-1	-1	-1	-1	
29	2	9762abeab434bbbc	3			yes					-1	-1	-1	
30	1	483d3800c2e67690	4			yes					31	37	44	55	
31	30	f58aa01a6d0f9bd5	3			yes					32	34	36	
32	31	608e18da0892bd54	4			yes					-1	-1	-1	33	
33	32	dbccc89d38e9f0ed	3			yes					-1	-1	-1	
34	31	ecb925b14f4ec1ba	4			yes					-1	-1	-1	35	
35	34	0550b81159bdf94e	3			yes					-1	-1	-1	
36	31	1640041052257d2d	4			yes					-1	-1	-1	-1	
37	30	817d79a4565f003e	3			yes					-1	38	41	
38	37	57c87e50b98ad1b6	5			yes					39	-1	-1	-1	40	
39	38	58ed5df952e96769	4			yes					-1	-1	-1	-1	
40	38	3ee95ebc5e339196	4			yes					-1	-1	-1	-1	
41	37	eada87820fbb33ce	5			yes					42	-1	-1	43	-1	
42	41	e5ffa42be4d88511	4			yes					-1	-1	-1	-1	
43	41	1e13bf243884f748	4			yes					-1	-1	-1	-1	
44	30	cc6c687ba1db1d43	3			yes					-1	-1	45	
45	44	0dbe57bb977ca9fe	6			yes					46	48	50	52	-1	54	
46	45	029b74127c1f1f21	5			yes					-1	-1	-1	-1	47	
47	46	94419d170e893bad	4			yes					-1	-1	-1	-1	
48	45	7c989318fee276d4	5			yes					-1	-1	-1	-1	49	
49	48	ea427a1d8c745258	4			yes					-1	-1	-1	-1	
50	45	61b546619ab73dd5	5			yes					-1	-1	-1	-1	51	
51	50	f76faf64e8211959	4			yes					-1	-1	-1	-1	
52	45	cf14d03799b0dfd9	5			yes					-1	-1	-1	-1	53	
53	52	59ce3932eb26fb55	4			yes					-1	-1	-1	-1	
54	45	9b64bebee5ea8d72	5			yes					-1	-1	-1	-1	-1	
55	30	f0a689c5586df038	3			yes					-1	-1	-1	
56	1	5c8958576345c174	4			yes					57	61	69	71	
57	56	e13ec04dccac2c31	3			yes					58	-1	59	
58	57	70affda7fb42ee4c	4			yes					-1	-1	-1	-1	
59	57	c5f3119f7acefbd7	5			yes					-1	60	-1	-1	-1	
60	59	dac69b60b969f776	4			yes					-1	-1	-1	-1	
61	56	cdd761c3b42b2946	3			yes					-1	62	64	
62	61	240110ca54ebc28e	5			yes					-1	-1	-1	-1	63	
63	62	5440d1ba95701694	4			yes					-1	-1	-1	-1	
64	61	693bb15b094570a3	5			yes					65	66	-1	67	68	
65	64	661e92f2e226c67c	4			yes					-1	-1	-1	-1	
66	64	181d75f860dbaf89	4			yes					-1	-1	-1	-1	
67	64	ea3cefd5d67368b2	4			yes					-1	-1	-1	-1	
68	64	1a9f49fda773c86d	4			yes					-1	-1	-1	-1	
69	56	9472104be20c83df	3			yes					-1	-1	70	
70	69	db55fd3527a3012b	5			yes					-1	-1	-1	-1	-1	
71	56	e412e992f9ce47dc	3			yes					-1	-1	-1	
72	1	1793cce34cbf59ae	4			yes					73	77	84	86	
73	72	aa2454f9e356b4eb	3			yes					74	75	-1	
74	73	a902199aa4c95465	4			yes					-1	-1	-1	-1	
75	73	c7cacb3e6f40f86a	4			yes					-1	76	-1	-1	
76	75	d8ff41c1ace7f4cb	3			yes					-1	-1	-1	
77	72	86cdf5779bd1b19c	3			yes					-1	78	83	
78	77	b89eaaa6721090a1	5			yes					79	80	-1	81	82	
79	78	b7bb890f9973267e	4			yes					-1	-1	-1	-1	
80	78	c9b86e051b8e4f8b	4			yes					-1	-1	-1	-1	
81	78	2f05e4821f541fcf	4			yes					-1	-1	-1	-1	
82	78	433e9ede1a1b3c08	4			yes					-1	-1	-1	-1	
83	77	c7bafe7233e6fba2	5			yes					-1	-1	-1	-1	-1	
84	72	07a688250bd886b6	3			yes					-1	-1	85	
85	84	c04bd31b7a0dc677	5			yes					-1	-1	-1	-1	-1	
86	72	3cdce5483fe0da6f	3			yes					-1	-1	-1	
87	1	755cab417097c5c2	5			yes					88	96	113	121	122	
88	87	c8eb335bdf7e2887	4			yes					89	91	94	95	
89	88	9bdda34d248777b9	5			yes					-1	-1	-1	-1	90	
90	89	8cb3af78c80ba9bd	4			yes					-1	-1	-1	-1	
91	88	82e640208802e31c	5			yes					-1	92	-1	-1	93	
92	91	9dd3cadf4ba5efbd	4			yes					-1	-1	-1	-1	
93	91	95884c15648e3d18	4			yes					-1	-1	-1	-1	
94	88	6f097fbda6fedf89	5			yes					-1	-1	-1	-1	-1	
95	88	053a2d29f3345cf9	3			yes					-1	-1	-1	
96	87	e40292d5a7f92df0	4			yes					-1	97	107	111	
97	96	0f3b7b829ceeaeef	6			yes					98	100	-1	102	104	106	
98	97	001e582b778d1830	5			yes					-1	-1	-1	-1	99	
99	98	1770541e9b01c634	4			yes					-1	-1	-1	-1	
100	97	7e1dbf21f57071c5	5			yes					-1	-1	-1	-1	101	
101	100	6973b31419fcafc1	4			yes					-1	-1	-1	-1	
102	97	fbf24324abd16a69	5			yes					-1	-1	-1	-1	103	
103	102	ec9c4f11475db46d	4			yes					-1	-1	-1	-1	
104	97	8e1073114d015504	5			yes					-1	-1	-1	-1	105	
105	104	997e7f24a18d8b00	4			yes					-1	-1	-1	-1	
106	97	185577b7706270eb	5			yes					-1	-1	-1	-1	-1	
107	96	4838339badfe729e	5			yes					108	109	-1	-1	110	
108	107	471d1032469dc441	4			yes					-1	-1	-1	-1	
109	107	391ef738c460adb4	4			yes					-1	-1	-1	-1	
110	107	3fa8227d31a8962b	4			yes					-1	-1	-1	-1	
111	96	29d38ca78bb3598e	3			yes					-1	-1	112	
112	111	5c493e6d1ad0b0f6	5			yes					-1	-1	-1	-1	-1	
113	87	6569ef8737f01ada	4			yes					-1	-1	114	120	
114	113	cc5ae3eb1741b5be	6			yes					115	116	117	-1	118	119	
115	114	c37fc042fc220361	5			yes					-1	-1	-1	-1	-1	
116	114	bd7c27487edf6a94	5			yes					-1	-1	-1	-1	-1	
117	114	dca0d5851fb988b2	5			yes					-1	-1	-1	-1	-1	
118	114	c982c47c0bd4db19	5			yes					-1	-1	-1	-1	-1	
119	114	db34efdefbcd6bba	5			yes					-1	-1	-1	-1	-1	
120	113	a8b8f1f51bba6ea4	3			yes					-1	-1	-1	
121	87	f10dfb3a13aaae11	4			yes					-1	-1	-1	-1	
122	87	b88db5335cddb1bc	4			yes					-1	-1	-1	-1	
123	0	ee87d176088fbd5e	5			yes					-1	124	166	182	195	
124	123	6dee89a4974a264f	5			yes					125	142	148	158	165	
125	124	62212468da9a7ad0	4			yes					126	127	133	138	
126	125	89ba1a70c4e44d4d	4			yes					-1	-1	-1	-1	
127	125	f8ec6d68eb046a93	5			yes					128	129	-1	131	132	
128	127	da1c32df029967b4	4			yes					-1	-1	-1	-1	
129	127	80fc229643471444	4			yes					-1	-1	130	-1	
130	129	b150cfdc7d1ee137	3			yes					-1	-1	-1	
131	127	c9408022d55d9fe0	4			yes					-1	-1	-1	-1	
132	127	034c5910830fc63a	4			yes					-1	-1	-1	-1	
133	125	67c243af1e87e054	5			yes					134	135	136	-1	137	
134	133	45321c18f71aed73	4			yes					-1	-1	-1	-1	
135	133	1fd20c51b6c49e83	4			yes					-1	-1	-1	-1	
136	133	2b2430093a9a0903	4			yes					-1	-1	-1	-1	
137	133	8e2bde0f0874d8a0	4			yes					-1	-1	-1	-1	
138	125	9d3b620e03ec5cc3	5			yes					139	140	141	-1	-1	
139	138	bfcb3db9ea7151e4	4			yes					-1	-1	-1	-1	
140	138	e52b2df0abaf2214	4			yes					-1	-1	-1	-1	
141	138	d1dd11a827f1b594	4			yes					-1	-1	-1	-1	
142	124	233008b4f3016efc	4			yes					-1	143	144	145	
143	142	620fbe3098bc2ca0	4			yes					-1	-1	-1	-1	
144	142	5e70aa63d9f0bc61	5			yes					-1	-1	-1	-1	-1	
145	142	9babb971698ae854	3			yes					146	147	-1	
146	145	01bed6ae02d9592a	4			yes					-1	-1	-1	-1	
147	145	dbe9b141c9d84cad	4			yes					-1	-1	-1	-1	
148	124	7ddbcd62d02df957	4			yes					-1	-1	149	154	
149	148	e9945403981aa89e	5			yes					150	151	152	-1	153	
150	149	0733d23ece695990	4			yes					-1	-1	-1	-1	
151	149	2bd69758dc1339e5	4			yes					-1	-1	-1	-1	
152	149	859f45d995d13cb5	4			yes					-1	-1	-1	-1	
153	149	f0fb4d9172eca5ba	4			yes					-1	-1	-1	-1	
154	148	02acedf8cc073bd5	5			yes					155	156	157	-1	-1	
155	154	ec0b6bc59a74cadb	4			yes					-1	-1	-1	-1	
156	154	c0ee2ea3880eaaae	4			yes					-1	-1	-1	-1	
157	154	6ea7fc22c1ccaffe	4			yes					-1	-1	-1	-1	
158	124	e9bfd9dff4774d9c	4			yes					-1	-1	-1	159	
159	158	5f58f5d707fba07e	6			yes					160	161	162	163	-1	164	
160	159	b1ff73ea51885170	5			yes					-1	-1	-1	-1	-1	
161	159	9d1a368c43f23105	5			yes					-1	-1	-1	-1	-1	
162	159	3353e40d0a303455	5			yes					-1	-1	-1	-1	-1	
163	159	9df2725b0937d659	5			yes					-1	-1	-1	-1	-1	
164	159	c9821cd2756d84f2	5			yes					-1	-1	-1	-1	-1	
165	124	d57538610dc1a0e7	4			yes					-1	-1	-1	-1	
166	123	8a3b40fa44be3ccf	4			yes					167	176	178	181	
167	166	85f4ed36096e6050	3			yes					168	169	170	
168	167	3bddbb9a52141143	4			yes					-1	-1	-1	-1	
169	167	0bfcbe2b2bcc5d8a	4			yes					-1	-1	-1	-1	
170	167	077f3ecf76660f89	5			yes					171	172	173	174	175	
171	170	258f61789ffb02ae	4			yes					-1	-1	-1	-1	
172	170	a1ab0e4bce19efd4	4			yes					-1	-1	-1	-1	
173	170	7487c91b20e24da5	4			yes					-1	-1	-1	-1	
174	170	84786041a9501798	4			yes					-1	-1	-1	-1	
175	170	74dbc669d850b747	4			yes					-1	-1	-1	-1	
176	166	7faf54155612989c	3			yes					-1	-1	177	
177	176	1446cd0848037570	4			yes					-1	-1	-1	-1	
178	166	42c008e6c5f77e64	3			yes					-1	-1	180	
179	178	fa2a45592862db26	4			no					-1	-1	-1	-2	
180	178	89b35f59b72408ab	5			yes					-1	-1	-1	-1	-1	
181	166	32a0f13fde35ba67	3			yes					-1	-1	-1	
182	123	c121d44e6b44a415	4			yes					183	190	192	194	
183	182	ceee79822694f88a	3			yes					184	185	189	
184	183	9c950cef0d08d8d1	4			yes					-1	-1	-1	-1	
185	183	562df4e41b84fd90	5			yes					-1	186	-1	187	188	
186	185	f0f9c460a3fb1dcd	4			yes					-1	-1	-1	-1	
187	185	c1b6bac076c072fe	4			yes					-1	-1	-1	-1	
188	185	ad8dc09c738f5139	4			yes					-1	-1	-1	-1	
189	183	354308dc9b632591	5			yes					-1	-1	-1	-1	-1	
190	182	34b5c0a179e80046	3			yes					-1	191	-1	
191	190	62666530c83acb7c	4			yes					-1	-1	-1	-1	
192	182	d11490882c237b0d	3			yes					-1	-1	193	
193	192	92ad7177ea8acff7	5			yes					-1	-1	-1	-1	-1	
194	182	ea6efde5181b27d4	3			yes					-1	-1	-1	
195	123	a3eeb3ec576c3879	5			yes					196	209	213	222	223	
196	195	ac211e201abc64e6	4			yes					197	199	204	206	
197	196	e45f2aae918cc40b	5			yes					-1	-1	-1	-1	198	
198	197	f331269b7d001a0f	4			yes					-1	-1	-1	-1	
199	196	1a2f5144f6c6f08c	5			yes					200	201	-1	202	203	
200	199	38df0ef31f5bfdab	4			yes					-1	-1	-1	-1	
201	199	bcfb61c04eb910d1	4			yes					-1	-1	-1	-1	
202	199	d04cfd8843b6bada	4			yes					-1	-1	-1	-1	
203	199	6dbf40a26a901439	4			yes					-1	-1	-1	-1	
204	196	9894f5d930176b99	5			yes					-1	-1	-1	-1	205	
205	204	ef04e43fac418f2c	4			yes					-1	-1	-1	-1	
206	196	61f0005236f61098	3			yes					-1	207	208	
207	206	180e301fde77e475	4			yes					-1	-1	-1	-1	
208	206	c6da1578b75bd34a	5			yes					-1	-1	-1	-1	-1	
209	195	567aa70345c09c2a	4			yes					-1	210	212	-1	
210	209	38709d77e7ad4782	5			yes					-1	-1	-1	-1	211	
211	210	2f1e91420b219986	4			yes					-1	-1	-1	-1	
212	209	9e65f8a9bfb9324c	5			yes					-1	-1	-1	-1	-1	
213	195	b3dbf72a100be761	4			yes					-1	-1	214	221	
214	213	9ebc418787c6bc3e	6			yes					215	216	217	-1	218	219	
215	214	701bc7bad1b54d30	5			yes					-1	-1	-1	-1	-1	
216	214	5cfe82dcc3cf2d45	5			yes					-1	-1	-1	-1	-1	
217	214	8e4677e98f3e8132	5			yes					-1	-1	-1	-1	-1	
218	214	9b6466109b53d299	5			yes					-1	-1	-1	-1	-1	
219	214	89d24db26b4a623a	5			yes					-1	-1	-1	-1	-1	
220	219	6775cb8f3d399334	4			no					-1	-2	-1	-1	
221	213	7e0ae9583c41931f	3			yes					-1	-1	-1	
222	195	27bfe397345153aa	4			yes					-1	-1	-1	-1	
223	195	6e3fad9e7b264c07	4			yes					-1	-1	-1	-1	
224	0	609550817c0f3aaa	5			yes					-1	-1	225	255	263	
225	224	1396d7e8e92e17e4	5			yes					226	237	248	251	254	
226	225	1c597a24a4fe4b7b	4			yes					227	229	230	233	
227	226	097189f2f2e3c554	4			yes					-1	228	-1	-1	
228	227	9b7d562ec9fb7644	3			yes					-1	-1	-1	
229	226	bcc159216d122fcc	4			yes					-1	-1	-1	-1	
230	226	290648d365f27bd4	5			yes					-1	-1	231	-1	232	
231	230	7d3af0798d3095a1	4			yes					-1	-1	-1	-1	
232	230	64d5d8c29f42fbf1	4			yes					-1	-1	-1	-1	
233	226	d57f4b1d398549f5	5			yes					-1	-1	234	-1	236	
234	233	8143f3b7d147a780	4			yes					-1	-1	-1	-1	
235	233	56781593e6b351e4	4			no					-1	-2	-2	-2	
236	233	a6dbb3bb97b3f13b	4			yes					-1	-1	-1	-1	
237	225	1ede7c75895b3f3b	4			yes					-1	238	239	243	
238	237	a987f808a945675d	4			yes					-1	-1	-1	-1	
239	237	32cc49c8c09eec3c	5			yes					240	-1	241	-1	242	
240	239	dc6bcff596ed1d32	4			yes					-1	-1	-1	-1	
241	239	66f0f162285c0249	4			yes					-1	-1	-1	-1	
242	239	7f1fd9d93a2e6c19	4			yes					-1	-1	-1	-1	
243	237	ceb54a069ce9de1d	5			yes					244	-1	245	246	247	
244	243	2012cc3bca9a2f13	4			yes					-1	-1	-1	-1	
245	243	9a89f2ac742b3068	4			yes					-1	-1	-1	-1	
246	243	4db2148843dfc60c	4			yes					-1	-1	-1	-1	
247	243	bd11b2a032df66d3	4			yes					-1	-1	-1	-1	
248	225	3e4de7efd413993b	4			yes					-1	-1	249	250	
249	248	b64adbc4049a9667	5			yes					-1	-1	-1	-1	-1	
250	248	86d6562a4e981f93	3			yes					-1	-1	-1	
251	225	97c787938a137c37	4			yes					-1	-1	-1	252	
252	251	7aaacd09cc62767d	6			yes					-1	-1	-1	-1	-1	253	
253	252	ec70240cbef452f1	5			yes					-1	-1	-1	-1	-1	
254	225	ab0d662d73a5914c	4			yes					-1	-1	-1	-1	
255	224	e0886e5eca43812f	4			yes					256	259	261	262	
256	255	ef47c3928793ddb0	3			yes					257	258	-1	
257	256	d2f79848baa35dd3	4			yes					-1	-1	-1	-1	
258	256	f680025d6aeae1c1	4			yes					-1	-1	-1	-1	
259	255	edc0c5c3aa36a9f0	3			yes					-1	260	-1	
260	259	2e1c1288f7fc2ab7	4			yes					-1	-1	-1	-1	
261	255	29c82ffa5efaf781	3			yes					-1	-1	-1	
262	255	cbc747f5b91c02ee	3			yes					-1	-1	-1	
263	224	824709fcf66b1d43	5			yes					264	272	278	280	281	
264	263	8d88a430bbbb41dc	4			yes					265	267	269	271	
265	264	11c2fcb0005479cd	5			yes					-1	-1	-1	-1	266	
266	265	06acf085ecd8a7c9	4			yes					-1	-1	-1	-1	
267	264	d12469ff387aa68a	5			yes					-1	-1	-1	-1	268	
268	267	c64a65cad4f6788e	4			yes					-1	-1	-1	-1	
269	264	7f85253fe5b56dab	5			yes					-1	-1	-1	-1	270	
270	269	081534d979e3891e	4			yes					-1	-1	-1	-1	
271	264	4059ba4297f135a2	3			yes					-1	-1	-1	
272	263	8f0fa261961e359c	4			yes					-1	273	275	277	
273	272	3d51475faa9ddb20	5			yes					-1	-1	-1	-1	274	
274	273	2a3f4b6a46110524	4			yes					-1	-1	-1	-1	
275	272	644f242440d9fa43	5			yes					-1	-1	-1	-1	276	
276	275	13df35c2dc8f1ef6	4			yes					-1	-1	-1	-1	
277	272	42debc13ba5441e2	3			yes					-1	-1	-1	
278	263	4b07485862d26bed	4			yes					-1	-1	279	-1	
279	278	5a78b905d3b10550	5			yes					-1	-1	-1	-1	-1	
280	263	0616598795567690	4			yes					-1	-1	-1	-1	
281	263	4f96178eda21693d	4			yes					-1	-1	-1	-1	
282	0	d8b03b4c3fa1b7af	5			yes					-1	-1	-1	283	307	
283	282	59072f9edcc64521	5			yes					284	294	301	304	306	
284	283	56c88252911619be	4			yes					285	289	292	293	
285	284	27c0a1557c0d2e26	5			yes					-1	286	287	288	-1	
286	285	38f52baabfaa2287	4			yes					-1	-1	-1	-1	
287	285	73fc19ff94cfc053	4			yes					-1	-1	-1	-1	
288	285	377b6ad343ff636d	4			yes					-1	-1	-1	-1	
289	284	4922d751ce614ca5	5			yes					-1	-1	290	291	-1	
290	289	636c5f1c5cde4c47	4			yes					-1	-1	-1	-1	
291	289	deb99975a325c3cb	4			yes					-1	-1	-1	-1	
292	284	4a34273edbf14f93	3			yes					-1	-1	-1	
293	284	9c640da5c908310f	5			yes					-1	-1	-1	-1	-1	
294	283	544f8403bcb36dfe	4			yes					-1	295	299	300	
295	294	162347910c026177	5			yes					296	-1	297	298	-1	
296	295	f884c1ac5a719079	4			yes					-1	-1	-1	-1	
297	295	3c6dcfdc9ebd6195	4			yes					-1	-1	-1	-1	
298	295	81b809b56146ee19	4			yes					-1	-1	-1	-1	
299	294	48b3216ff6543bd3	3			yes					-1	-1	-1	
300	294	b122261f38156d53	5			yes					-1	-1	-1	-1	-1	
301	283	c859160a0ba8ad13	4			yes					-1	-1	302	303	
302	301	d4a5b366414ffb3e	3			yes					-1	-1	-1	
303	301	6a2654ca58392d38	5			yes					-1	-1	-1	-1	-1	
304	283	45fb8af29621130c	4			yes					-1	-1	-1	305	
305	304	93d93fc5facb9c72	3			yes					-1	-1	-1	
306	283	8f259aa9b02cca5f	4			yes					-1	-1	-1	-1	
307	282	96f369ab57c8aaa7	5			yes					308	322	328	331	333	
308	307	993cc4671a18f638	4			yes					309	317	319	320	
309	308	2012ed9fe99b66f6	6			yes					-1	310	312	-1	314	315	
310	309	3f2767602a3c6a57	5			yes					-1	-1	-1	-1	311	
311	310	28496b55c6b0b453	4			yes					-1	-1	-1	-1	
312	309	742e553501598883	5			yes					-1	-1	-1	-1	-1	
313	312	63405900edd55687	4			yes					-1	-1	-1	-1	
314	309	a139e50c38749d1d	5			yes					-1	-1	-1	-1	-1	
315	309	377ce1aa0517b8f2	5			yes					-1	-1	-1	-1	-1	
316	315	b657e939d4f84319	4			no					-1	-2	-2	-2	
317	308	892a6ea752cc662b	5			yes					-1	-1	-1	-1	318	
318	317	9e446292be40b82f	4			yes					-1	-1	-1	-1	
319	308	89790214085ff9ed	5			yes					-1	-1	-1	-1	-1	
320	308	54edda1536528246	3			yes					-1	321	-1	
321	320	4b475dc88a6058a2	4			yes					-1	-1	-1	-1	
322	307	9bbbc23637bd8278	4			yes					-1	323	-1	327	
323	322	d62bfe6790af4bf9	5			yes					324	-1	-1	-1	326	
324	323	388c785ac6dcbaf7	4			yes					-1	-1	-1	325	
325	324	2fe2746f2a5064f3	3			yes					-1	-1	-1	
326	323	c145f2527c2395fd	4			yes					-1	-1	-1	-1	
327	322	566adc441bf7f606	3			yes					-1	-1	-1	
328	307	07ad503f80a64295	4			yes					-1	-1	329	330	
329	328	cee887541e80e983	5			yes					-1	-1	-1	-1	-1	
330	328	ca7c4e4dacec36eb	3			yes					-1	-1	-1	
331	307	5e0821b7d681e80c	4			yes					-1	332	-1	-1	
332	331	3685430ff7dd4a93	5			yes					-1	-1	-1	-1	-1	
333	307	5b2277d97b82ded9	4			yes					-1	-1	-1	-1	
334	0	2af2cbc009c6443d	5			yes					-1	-1	-1	-1	335	
335	334	bd9bc3a36f9121a6	6			yes					336	350	362	369	372	374	
336	335	b2546e6f22417d39	5			yes					337	341	343	345	347	
337	336	bf1cc5f2423455e6	4			yes					338	339	-1	340	
338	337	64c2b0695109d26b	5			yes					-1	-1	-1	-1	-1	
339	337	0a0a62cd9a807e64	5			yes					-1	-1	-1	-1	-1	
340	337	2d8c8128bb027e76	6			yes					-1	-1	-1	-1	-1	-1	
341	336	2cd1754597d80647	6			yes					-1	-1	-1	-1	-1	342	
342	341	3bbf79707b54d843	5			yes					-1	-1	-1	-1	-1	
343	336	8a6cdeee0ade7e7f	5			yes					-1	-1	-1	-1	-1	
344	343	fdfccf0896889aca	4			no					-1	-2	-1	-2	
345	336	18f7dc1cb68a87c2	4			yes					-1	-1	-1	346	
346	345	8c23d6cff07c1ff5	3			yes					-1	-1	-1	
347	336	268064bc64b7e50e	4			yes					-1	348	349	-1	
348	347	61cf9bb87812bbd6	6			yes					-1	-1	-1	-1	-1	-1	
349	347	db766846de1f3073	5			yes					-1	-1	-1	-1	-1	
350	335	b0d3683e0fe40979	5			yes					-1	351	354	356	358	
351	350	8dfab0947684ddbf	6			yes					-1	-1	352	-1	-1	353	
352	351	aa23ae78417aa033	5			yes					-1	-1	-1	-1	-1	
353	351	fa6aa172ead2390a	5			yes					-1	-1	-1	-1	-1	
354	350	43bec160aa14b875	6			yes					-1	-1	-1	-1	-1	355	
355	354	54d0cd5546986671	5			yes					-1	-1	-1	-1	-1	
356	350	1a70da4d9b2ff382	4			yes					-1	-1	-1	357	
357	356	8ea4d09eddd96bb5	3			yes					-1	-1	-1	
358	350	240762ed4912914e	4			yes					-1	359	361	-1	
359	358	dce0063ca24593b3	6			yes					-1	-1	-1	-1	-1	-1	
360	359	fb3918d095bbee3f	5			no					-1	-1	-1	-1	-2	
361	358	0ea02f9d45de05e4	6			yes					-1	-1	-1	-1	-1	-1	
362	335	2cc5fa37b8ffc994	5			yes					-1	-1	363	365	367	
363	362	34f93fec9a685e36	6			yes					-1	-1	-1	-1	-1	364	
364	363	239733d976e48032	5			yes					-1	-1	-1	-1	-1	
365	362	866648442c34336f	4			yes					-1	-1	-1	366	
366	365	12b242976ac2ab58	3			yes					-1	-1	-1	
367	362	b811f0e4fe0951a3	4			yes					-1	-1	368	-1	
368	367	79e7d11175a2e3a7	6			yes					-1	-1	-1	-1	-1	-1	
369	335	adae876528f6febe	5			yes					-1	-1	-1	370	371	
370	369	070d3516bc3d0445	4			yes					-1	-1	-1	-1	
371	369	397a8db66e006689	4			yes					-1	-1	-1	-1	
372	335	173871d0fb5adb5d	5			yes					-1	-1	-1	-1	373	
373	372	83ec7b03bdac436a	4			yes					-1	-1	-1	-1	
374	335	294fc9702967b991	5			yes					-1	-1	-1	-1	-1	
375	0	9434da359426e938	5			yes					-1	-1	-1	-1	-1	
