Number of nodes
1083
ID	PID	Hash_Value			File_Number	Fully_Enumerated	Children
0	-1	d90a3f32d3b14e28	6			yes					1	285	746	-1	-1	-1	
1	0	f5a0b7bca2c97b34	4			yes					2	67	124	-1	
2	1	1da363056a577d80	5			yes					3	13	27	40	-1	
3	2	62b04e7cc7e03b65	4			yes					4	5	8	-1	
4	3	c2fb66a83f699eef	4			yes					-1	-1	-1	-1	
5	3	f91fe2ede79a832f	4			yes					-1	6	-1	7	
6	5	2505e355ae7b5086	3			yes					-1	-1	-1	
7	5	ffc51ae2ec1d8eee	3			yes					-1	-1	-1	
8	3	b817e63f274f33e6	5			yes					-1	9	10	11	12	
9	8	36ee7daa5c5a0d46	5			yes					-1	-1	-1	-1	-1	
10	8	3829381a8b20be00	5			yes					-1	-1	-1	-1	-1	
11	8	5aa3e344940ca49c	4			yes					-1	-1	-1	-1	
12	8	66726ac47106cd05	4			yes					-1	-1	-1	-1	
13	2	3be0b7a00c6664b3	4			yes					-1	14	19	-1	
14	13	7996523b816684eb	5			yes					15	16	17	-1	18	
15	14	7111d495059f820c	4			yes					-1	-1	-1	-1	
16	14	53db00624d332f15	4			yes					-1	-1	-1	-1	
17	14	ab8939f71a49fa04	4			yes					-1	-1	-1	-1	
18	14	82b32e42d9ce9264	4			yes					-1	-1	-1	-1	
19	13	a496ae8598979cbc	6			yes					20	22	-1	-1	-1	24	
20	19	0f224a777ec34001	5			yes					-1	-1	-1	-1	21	
21	20	aaf9c52ecfbebdb2	4			yes					-1	-1	-1	-1	
22	19	29e495fab275576a	6			yes					-1	-1	-1	-1	-1	23	
23	22	8c3f1aa30308aad9	5			yes					-1	-1	-1	-1	-1	
24	19	7af3227ecede625f	5			yes					25	26	-1	-1	-1	
25	24	047c0a00b2da780f	5			yes					-1	-1	-1	-1	-1	
26	24	22bad58d7e6c6f64	6			yes					-1	-1	-1	-1	-1	-1	
27	2	8e47bf2356e8ae08	4			yes					-1	-1	28	-1	
28	27	dd04c10c6702374c	5			yes					29	32	35	-1	36	
29	28	74e5e3f62df9443d	6			yes					-1	30	-1	-1	-1	31	
30	29	072df4b96715a9e5	5			yes					-1	-1	-1	-1	-1	
31	29	d13e6caf9c84b98e	5			yes					-1	-1	-1	-1	-1	
32	28	b54f35b8a7172ae1	6			yes					33	-1	-1	-1	-1	34	
33	32	644b72827c3ef722	5			yes					-1	-1	-1	-1	-1	
34	32	1094bae1166ad752	5			yes					-1	-1	-1	-1	-1	
35	28	11adf6664231f0ab	5			yes					-1	-1	-1	-1	-1	
36	28	03614df7314bc9af	4			yes					37	38	39	-1	
37	36	7fbba381e1e07c33	6			yes					-1	-1	-1	-1	-1	-1	
38	36	be1175cf6b0e12ef	6			yes					-1	-1	-1	-1	-1	-1	
39	36	1af3b6118e28c8a5	5			yes					-1	-1	-1	-1	-1	
40	2	330427e80362ddb5	6			yes					41	50	56	58	63	65	
41	40	3b83a146879bdb52	5			yes					42	44	45	-1	47	
42	41	00c2799413e6594b	5			yes					-1	-1	-1	-1	43	
43	42	a519f6cda29ba4f8	4			yes					-1	-1	-1	-1	
44	41	1b4316acf0680813	4			yes					-1	-1	-1	-1	
45	41	26c27db7e630d927	5			yes					-1	-1	-1	-1	46	
46	45	8319f2ee574d2494	4			yes					-1	-1	-1	-1	
47	41	e5e62dbdd1d225b1	4			yes					48	-1	49	-1	
48	47	0b9c39e3dfff6145	5			yes					-1	-1	-1	-1	-1	
49	47	2d9c3dc02a29e129	5			yes					-1	-1	-1	-1	-1	
50	40	194975b1cf37764b	5			yes					-1	51	52	-1	54	
51	50	5632ffe8bb3c71e4	5			yes					-1	-1	-1	-1	-1	
52	50	e768abf96cdeb7fb	5			yes					-1	-1	-1	-1	53	
53	52	42b324a0dda34a48	4			yes					-1	-1	-1	-1	
54	50	c72cf94a997e88a8	4			yes					-1	-1	55	-1	
55	54	ec36eb8ea0c78ff5	5			yes					-1	-1	-1	-1	-1	
56	40	f9fcb3425fb10d23	5			yes					-1	-1	-1	-1	57	
57	56	5c273c1beeccf090	4			yes					-1	-1	-1	-1	
58	40	c5a288c9c91579f6	5			yes					-1	-1	59	-1	60	
59	58	dda5e228e22cf295	5			yes					-1	-1	-1	-1	-1	
60	58	cf23982e85f0e419	6			yes					-1	-1	61	-1	-1	62	
61	60	bceb8f61cf1c09c1	5			yes					-1	-1	-1	-1	-1	
62	60	61a65700f89421a4	5			yes					-1	-1	-1	-1	-1	
63	40	d1b02293b0214acf	5			yes					-1	-1	-1	-1	64	
64	63	0fd5ae68e668b42c	4			yes					-1	-1	-1	-1	
65	40	ed61ab13552b2356	5			yes					-1	-1	66	-1	-1	
66	65	f2a2f33593a8352d	5			yes					-1	-1	-1	-1	-1	
67	1	0938ff69fcf075ce	5			yes					68	88	100	110	120	
68	67	ea3ff6717d930af6	4			yes					69	74	75	80	
69	68	19ff5cff38c590b7	5			yes					70	71	72	-1	73	
70	69	dc191c4354846304	4			yes					-1	-1	-1	-1	
71	69	f27a24008e25c70c	4			yes					-1	-1	-1	-1	
72	69	baf58e4e8a2ac53c	4			yes					-1	-1	-1	-1	
73	69	f30c5aec0717ddc6	4			yes					-1	-1	-1	-1	
74	68	7b37716edf33f9ec	4			yes					-1	-1	-1	-1	
75	68	846dde3594101e65	5			yes					-1	76	77	-1	79	
76	75	5c351d876834bafc	4			yes					-1	-1	-1	-1	
77	75	27670c8426ff4bee	4			yes					-1	-1	-1	-1	
78	75	82fbaa1f6491b7c8	4			no					-1	-1	-1	-2	
79	75	aebb2bac1a5e6993	4			yes					-1	-1	-1	-1	
80	68	3ce99dc933f6d0e8	5			yes					81	82	85	-1	87	
81	80	ef96d34c97e2e1c4	4			yes					-1	-1	-1	-1	
82	80	e4b15e7bcfd27471	4			yes					-1	83	-1	84	
83	82	47bb8cca7d3d21fa	3			yes					-1	-1	-1	
84	82	0e102c2a79a248e2	3			yes					-1	-1	-1	
85	80	9fe34f7881198563	4			yes					-1	-1	-1	86	
86	85	75423d293769b9f0	3			yes					-1	-1	-1	
87	80	d648ef988586ec7b	4			yes					-1	-1	-1	-1	
88	67	4d6755b4b64d4dca	4			yes					-1	89	91	94	
89	88	5be4e9e377bcb3ed	5			yes					90	-1	-1	-1	-1	
90	89	29d5f404ca1c5cab	4			yes					-1	-1	-1	-1	
91	88	088e8afddf486067	5			yes					-1	-1	92	-1	93	
92	91	ab84584c6da735ec	4			yes					-1	-1	-1	-1	
93	91	22587f6451061791	4			yes					-1	-1	-1	-1	
94	88	b00ac90178aeaeea	5			yes					95	96	97	-1	99	
95	94	c23bd4e6c50e41ac	4			yes					-1	-1	-1	-1	
96	94	45ff0d19d666aa1b	4			yes					-1	-1	-1	-1	
97	94	13001bb0ca41fb61	4			yes					-1	-1	-1	98	
98	97	f9a169e17c31c7f2	3			yes					-1	-1	-1	
99	94	5aabbb50cede9279	4			yes					-1	-1	-1	-1	
100	67	e96e6f2d8426fea0	4			yes					-1	-1	101	102	
101	100	6fe095847f8c5e57	4			yes					-1	-1	-1	-1	
102	100	2ab7cc660982e600	5			yes					103	105	107	108	109	
103	102	5886d181b4220946	4			yes					-1	-1	-1	104	
104	103	0d8e5f26cb269842	3			yes					-1	-1	-1	
105	102	03a9052b6d2f0eca	4			yes					-1	-1	-1	106	
106	105	56a18b8c122b9fce	3			yes					-1	-1	-1	
107	102	c5b28b21682b5132	4			yes					-1	-1	-1	-1	
108	102	e1221d4ac7a021ba	4			yes					-1	-1	-1	-1	
109	102	7fbf42c176867704	4			yes					-1	-1	-1	-1	
110	67	0c3d441ae90928c5	6			yes					111	112	113	116	118	119	
111	110	7e0c59fd54a9c783	5			yes					-1	-1	-1	-1	-1	
112	110	25238d578da4c00f	5			yes					-1	-1	-1	-1	-1	
113	110	d46587a8152d8c5c	5			yes					-1	-1	114	-1	115	
114	113	776f5519a7c2d9d7	4			yes					-1	-1	-1	-1	
115	113	feb372319b63fbaa	4			yes					-1	-1	-1	-1	
116	110	af3796ab5be67d4e	5			yes					-1	-1	-1	-1	117	
117	116	85e16332d5a80ab8	4			yes					-1	-1	-1	-1	
118	110	0aab303019888168	5			yes					-1	-1	-1	-1	-1	
119	110	26ebb18367475f33	5			yes					-1	-1	-1	-1	-1	
120	67	fbb5f88b6627aa0b	4			yes					-1	-1	-1	121	
121	120	73e33f241843ce37	6			yes					-1	-1	122	123	-1	-1	
122	121	abbbfc96e4676aae	5			yes					-1	-1	-1	-1	-1	
123	121	d0e9ed95aaac9bbc	5			yes					-1	-1	-1	-1	-1	
124	1	024bb433998c2ce7	6			yes					125	148	171	195	212	235	
125	124	63488a8a8a1b8704	5			yes					126	131	140	145	147	
126	125	b037c40f2e0fb628	4			yes					127	128	-1	129	
127	126	568513aeedd34751	4			yes					-1	-1	-1	-1	
128	126	84b33000bb370ce8	4			yes					-1	-1	-1	-1	
129	126	c25c87604636719a	5			yes					-1	-1	-1	-1	130	
130	129	e8aa0ade9f98b57c	4			yes					-1	-1	-1	-1	
131	125	bf528b32c3fa54ad	4			yes					-1	132	134	136	
132	131	0e94597fba0fe458	5			yes					133	-1	-1	-1	-1	
133	132	3744ec8bdf8b1658	4			yes					-1	-1	-1	-1	
134	131	c80c57b7fe7bbb51	5			yes					-1	-1	-1	-1	135	
135	134	8619261fe197fc54	4			yes					-1	-1	-1	-1	
136	131	afda6bd84c8aa79a	3			yes					-1	138	139	
137	136	10a7435e8206d233	4			no					-1	-1	-1	-2	
138	136	ad4e99540c075bee	5			yes					-1	-1	-1	-1	-1	
139	136	f8d63979df61279c	4			yes					-1	-1	-1	-1	
140	125	95ee25ab406c2347	4			yes					-1	-1	141	142	
141	140	7f8a5da4d55b660d	5			yes					-1	-1	-1	-1	-1	
142	140	8566c541cf1cd070	3			yes					-1	-1	144	
143	142	e658acb7f6a48db7	4			no					-1	-2	-1	-2	
144	142	d2ee8bab3c51a1df	5			yes					-1	-1	-1	-1	-1	
145	125	e94b00f6a8f2b5f1	4			yes					-1	-1	-1	146	
146	145	f9c3e01c278246c6	3			yes					-1	-1	-1	
147	125	73c06a60056b7433	4			yes					-1	-1	-1	-1	
148	124	a6e2b083a36088be	5			yes					149	158	163	168	170	
149	148	d4d3ad641ec067f8	4			yes					150	151	152	154	
150	149	717e207410a01937	4			yes					-1	-1	-1	-1	
151	149	31f830fe51ad9e5c	4			yes					-1	-1	-1	-1	
152	149	d3f0bd7332789e38	5			yes					-1	-1	-1	-1	153	
153	152	9de5ccdb2d94d93d	4			yes					-1	-1	-1	-1	
154	149	c45b4d8e91b094cf	3			yes					155	156	157	
155	154	74636f6dba865d7d	4			yes					-1	-1	-1	-1	
156	154	5313ac491c3e1f03	4			yes					-1	-1	-1	-1	
157	154	265b661ab9ece478	4			yes					-1	-1	-1	-1	
158	148	1e1cd850da4e8ac7	4			yes					-1	159	-1	161	
159	158	d55e7a6b7c018526	5			yes					-1	-1	-1	-1	160	
160	159	9b4b0bc363edc223	4			yes					-1	-1	-1	-1	
161	158	864fc089b760e4f9	5			yes					-1	-1	-1	-1	162	
162	161	acb94d376ece201f	4			yes					-1	-1	-1	-1	
163	148	50441fa269172cfd	4			yes					-1	-1	164	165	
164	163	4978cd9b424e2bed	5			yes					-1	-1	-1	-1	-1	
165	163	40ccff48e667dfca	3			yes					-1	166	167	
166	165	7c379fd210ac7205	4			yes					-1	-1	-1	-1	
167	165	e41c1b94ab44ec3f	5			yes					-1	-1	-1	-1	-1	
168	148	2ce13aff8189ba4b	4			yes					-1	-1	-1	169	
169	168	3c69da150ef9497c	3			yes					-1	-1	-1	
170	148	b66a50692c107b89	4			yes					-1	-1	-1	-1	
171	124	0a471d39dfd5689f	5			yes					172	182	190	192	194	
172	171	787600de627587d9	4			yes					173	175	176	178	
173	172	d2b5d1e6f40d0091	5			yes					-1	-1	-1	-1	174	
174	173	c30263e122fb676b	4			yes					-1	-1	-1	-1	
175	172	3c1390742ed0d646	4			yes					-1	-1	-1	-1	
176	172	4597497d5e708c5e	5			yes					-1	-1	-1	-1	177	
177	176	0b8238d5419ccb5b	4			yes					-1	-1	-1	-1	
178	172	68fee034ed0574ee	3			yes					179	180	181	
179	178	e9f4ee5ffb55a38d	5			yes					-1	-1	-1	-1	-1	
180	178	da956c59fe44850e	4			yes					-1	-1	-1	-1	
181	178	b03c9214d5e4f61e	4			yes					-1	-1	-1	-1	
182	171	2359d474bb788055	4			yes					-1	183	185	187	
183	182	d8fecbdd5058c990	5			yes					-1	-1	-1	-1	184	
184	183	c94979da86aeae6a	4			yes					-1	-1	-1	-1	
185	182	c28595d0892d8c82	5			yes					-1	-1	-1	-1	186	
186	185	8c90e47896c1cb87	4			yes					-1	-1	-1	-1	
187	182	33d1349e34087362	3			yes					-1	-1	189	
188	187	e3bff4645f006a8c	5			no					-1	-1	-1	-1	-2	
189	187	372e4eb902b9f6c2	4			yes					-1	-1	-1	-1	
190	171	c1a4be3c7494c64e	4			yes					-1	-1	-1	191	
191	190	49c14258d3db9b39	5			yes					-1	-1	-1	-1	-1	
192	171	80449745fd3c5a6a	4			yes					-1	-1	-1	193	
193	192	90cc77af724ca95d	3			yes					-1	-1	-1	
194	171	1acffdd350a59ba8	4			yes					-1	-1	-1	-1	
195	124	0d795a9e208d5e68	5			yes					196	203	207	209	210	
196	195	7f4847799d2db12e	4			yes					197	199	-1	200	
197	196	61c5278f03aac380	5			yes					-1	-1	-1	-1	198	
198	197	70729588d55ca47a	4			yes					-1	-1	-1	-1	
199	196	e58a43dd530c8933	4			yes					-1	-1	-1	-1	
200	196	6fc0a793125d4219	3			yes					201	202	-1	
201	200	5a8418360cf2609c	5			yes					-1	-1	-1	-1	-1	
202	200	f99c7c258fd8564b	4			yes					-1	-1	-1	-1	
203	195	246793d34420b6a2	4			yes					-1	204	-1	205	
204	203	459c62d2ef72944c	5			yes					-1	-1	-1	-1	-1	
205	203	34ef7339cb504595	3			yes					-1	206	-1	
206	205	598a5d2a33a64b34	5			yes					-1	-1	-1	-1	-1	
207	195	d1635b26696c8dc1	4			yes					-1	-1	-1	208	
208	207	c1ebbbcce61c7ef6	3			yes					-1	-1	-1	
209	195	340c82bc9f6bebc9	5			yes					-1	-1	-1	-1	-1	
210	195	1df1ba74affdad5f	4			yes					-1	-1	-1	211	
211	210	28a64a0160481d8d	5			yes					-1	-1	-1	-1	-1	
212	124	af55adf524a15941	6			yes					213	220	226	230	232	234	
213	212	dd64b0129901b607	5			yes					214	215	217	-1	219	
214	213	a544a0199283ecdc	5			yes					-1	-1	-1	-1	-1	
215	213	912fd91ec5689a56	4			yes					-1	-1	-1	216	
216	215	b47c73258e0a0722	3			yes					-1	-1	-1	
217	213	6cbd871dda479033	5			yes					-1	-1	-1	-1	218	
218	217	7d0a351a0cb1f7c9	4			yes					-1	-1	-1	-1	
219	213	51decd6cd03b2644	4			yes					-1	-1	-1	-1	
220	212	864b64b8400cb18b	5			yes					-1	221	223	-1	225	
221	220	f7b5b5589bbc5fc5	5			yes					-1	-1	-1	-1	222	
222	221	d2e61f63d0dec2b1	4			yes					-1	-1	-1	-1	
223	220	0f7dfa3433f94cbc	5			yes					-1	-1	-1	-1	224	
224	223	1eca4833e50f2b46	4			yes					-1	-1	-1	-1	
225	220	0af119c6093621c8	4			yes					-1	-1	-1	-1	
226	212	734fac4d6d408ae8	5			yes					-1	-1	227	-1	229	
227	226	0b4c2fa2cdf47ead	6			yes					-1	-1	-1	-1	-1	228	
228	227	1afb9da51b021957	5			yes					-1	-1	-1	-1	-1	
229	226	fff5d133247a1aab	4			yes					-1	-1	-1	-1	
230	212	59f302d4eed6fd02	5			yes					-1	-1	-1	-1	231	
231	230	d5497faaa7ec6d41	4			yes					-1	-1	-1	-1	
232	212	fd29074d13a1e025	5			yes					-1	-1	-1	-1	233	
233	232	71937a335a9b7066	4			yes					-1	-1	-1	-1	
234	212	23efd08b6d9bc902	5			yes					-1	-1	-1	-1	-1	
235	124	4c0a51c86b8b3927	5			yes					236	246	256	266	274	
236	235	1f606d1eb8b4656e	5			yes					237	239	242	245	-1	
237	236	cc1f239b1ca05442	4			yes					238	-1	-1	-1	
238	237	a775d16684bd537d	4			yes					-1	-1	-1	-1	
239	236	c37a6ca6f155b6c7	4			yes					-1	240	241	-1	
240	239	33e2fa1b72c0a0a3	5			yes					-1	-1	-1	-1	-1	
241	239	7c8ca9434cd25db4	4			yes					-1	-1	-1	-1	
242	236	e9c6c23f72c3c12d	4			yes					243	-1	244	-1	
243	242	b59bfa7f2e0b1981	4			yes					-1	-1	-1	-1	
244	242	95cb08f10b0fc9d1	5			yes					-1	-1	-1	-1	-1	
245	236	9563e7629a5d579b	4			yes					-1	-1	-1	-1	
246	235	daca571791cf6ad4	5			yes					247	251	253	255	-1	
247	246	a8fb4af02c6f8592	4			yes					248	249	250	-1	
248	247	c60ccbc3b8dba87b	4			yes					-1	-1	-1	-1	
249	247	00d0fa81c4918b35	4			yes					-1	-1	-1	-1	
250	247	903d7c54744ad4a6	4			yes					-1	-1	-1	-1	
251	246	62343fc4e8e168ad	4			yes					-1	252	-1	-1	
252	251	880fa9573bfa59e5	4			yes					-1	-1	-1	-1	
253	246	2c6cf8365bb8ce97	4			yes					-1	-1	254	-1	
254	253	a33998ce9c1a8431	5			yes					-1	-1	-1	-1	-1	
255	246	50c9dd6bb3265821	4			yes					-1	-1	-1	-1	
256	235	766ffaaded7a8af5	5			yes					257	260	263	265	-1	
257	256	045ee74a50da65b3	4			yes					258	-1	259	-1	
258	257	cc8a0e521e713ed1	5			yes					-1	-1	-1	-1	-1	
259	257	065a885a1842c6c0	4			yes					-1	-1	-1	-1	
260	256	5f7133e089d7623f	4			yes					-1	261	262	-1	
261	260	c6c11469ba24f7d0	5			yes					-1	-1	-1	-1	-1	
262	260	814854f7cf1fc61c	4			yes					-1	-1	-1	-1	
263	256	bd8c59a8463b2424	4			yes					264	-1	-1	-1	
264	263	dfb1aef8dc29fc1e	4			yes					-1	-1	-1	-1	
265	256	fc6c70d1cf93b800	4			yes					-1	-1	-1	-1	
266	235	7151bd0a1222bc02	5			yes					267	270	272	273	-1	
267	266	0360a0edaf825344	4			yes					268	269	-1	-1	
268	267	7ffaf83be9d6fdc0	5			yes					-1	-1	-1	-1	-1	
269	267	4f5877c1a3af2b3f	4			yes					-1	-1	-1	-1	
270	266	584f7447768f54c8	4			yes					-1	271	-1	-1	
271	270	ef4e56ce1fd13640	5			yes					-1	-1	-1	-1	-1	
272	266	ad4bbcb25bc36fab	4			yes					-1	-1	-1	-1	
273	266	ca7d6cf4dc0928be	5			yes					-1	-1	-1	-1	-1	
274	235	831eccf2d1306ac1	5			yes					275	279	282	284	-1	
275	274	f12fd1156c908587	4			yes					276	277	278	-1	
276	275	378be9acebfb8ea7	5			yes					-1	-1	-1	-1	-1	
277	275	03e090abbc10f82d	4			yes					-1	-1	-1	-1	
278	275	728258a9303bae73	5			yes					-1	-1	-1	-1	-1	
279	274	aa0005bfb59d820b	4			yes					-1	280	281	-1	
280	279	657afcede2c43dbe	5			yes					-1	-1	-1	-1	-1	
281	279	11422580d98572fc	5			yes					-1	-1	-1	-1	-1	
282	274	5f04cd4a98d1b968	4			yes					-1	-1	283	-1	
283	282	1573f016278840ed	6			yes					-1	-1	-1	-1	-1	-1	
284	274	75b863d31b47ce82	4			yes					-1	-1	-1	-1	
285	0	82c283e50a412ef4	4			yes					286	394	478	527	
286	285	07bf5771bd4ed9c0	5			yes					287	296	335	365	384	
287	286	35f87a22efafd785	5			yes					288	289	291	293	295	
288	287	f1e8cd0df8dfa6c5	4			yes					-1	-1	-1	-1	
289	287	0beba99ba5633cd5	4			yes					-1	-1	-1	290	
290	289	5db0776f30950387	5			yes					-1	-1	-1	-1	-1	
291	287	c35ed50325d873c6	4			yes					-1	-1	-1	292	
292	291	1d7670251865e80d	5			yes					-1	-1	-1	-1	-1	
293	287	c295ec27c7085649	4			yes					-1	-1	-1	294	
294	293	7517c4c225d43366	5			yes					-1	-1	-1	-1	-1	
295	287	fbc85db2bf6cbf9f	4			yes					-1	-1	-1	-1	
296	286	f3876e69e9dca67a	4			yes					297	301	313	317	
297	296	617aa87f86052b13	4			yes					298	-1	-1	299	
298	297	a56a1f5091755a53	3			yes					-1	-1	-1	
299	297	af4a8fefd6c64309	3			yes					-1	-1	300	
300	299	8864fcb50a7ab5a7	5			yes					-1	-1	-1	-1	-1	
301	296	7933075a4b5e2f4d	5			yes					302	305	308	310	312	
302	301	1f05b2a12117c9f4	4			yes					-1	-1	-1	303	
303	302	c1d2f5b62d6ba162	5			yes					-1	-1	-1	-1	304	
304	303	6cb85f7c148d62fd	4			yes					-1	-1	-1	-1	
305	301	502dce172ff3c787	4			yes					-1	-1	-1	306	
306	305	37eda5076748732e	5			yes					-1	-1	-1	-1	307	
307	306	9a870fcd5eaeb0b1	4			yes					-1	-1	-1	-1	
308	301	104a5564e45a719b	4			yes					-1	-1	-1	309	
309	308	5b93361b5e88f2d5	5			yes					-1	-1	-1	-1	-1	
310	301	e8610918f12338bf	4			yes					-1	-1	-1	311	
311	310	c2e82162db2752d4	5			yes					-1	-1	-1	-1	-1	
312	301	b70320ca1b9d4757	4			yes					-1	-1	-1	-1	
313	296	f8d87e1e0388880b	4			yes					314	315	-1	316	
314	313	9eeecbe569c16eb2	3			yes					-1	-1	-1	
315	313	d1c6b753672560c1	3			yes					-1	-1	-1	
316	313	84cbdfb3a5a5a0a2	3			yes					-1	-1	-1	
317	296	9e81942cc52bd1ee	5			yes					318	326	331	332	333	
318	317	f8b721d7af623757	4			yes					319	-1	321	322	
319	318	9895a85ebc679833	5			yes					-1	-1	-1	-1	320	
320	319	6409c67654ad72cb	4			yes					-1	-1	-1	-1	
321	318	b7f66312fda99aa6	4			yes					-1	-1	-1	-1	
322	318	1590fc4de74bc7d7	3			yes					323	-1	324	
323	322	c9636cbc6d4bb154	5			yes					-1	-1	-1	-1	-1	
324	322	0cae947fa0187d5c	5			yes					-1	-1	-1	-1	325	
325	324	188b4c9d191f7496	4			yes					-1	-1	-1	-1	
326	317	b79f5d61a1863924	4			yes					-1	-1	327	328	
327	326	9f6984073bb1c08a	4			yes					-1	-1	-1	-1	
328	326	5ab880fbe9afc9a4	3			yes					-1	-1	329	
329	328	2431736a66002770	5			yes					-1	-1	-1	-1	330	
330	329	3014ab88df072eba	4			yes					-1	-1	-1	-1	
331	317	c2c64377c837b416	5			yes					-1	-1	-1	-1	-1	
332	317	69ec0229ed8c5022	4			yes					-1	-1	-1	-1	
333	317	73a649b68d02216e	4			yes					-1	-1	334	-1	
334	333	93308795191b9d71	5			yes					-1	-1	-1	-1	-1	
335	286	945b8b5781f10a48	4			yes					336	-1	340	346	
336	335	5bdd60991bec6d42	4			yes					337	-1	-1	338	
337	336	9fcdd7b60c9c1c02	3			yes					-1	-1	-1	
338	336	95ed47094b2f0558	3			yes					-1	339	-1	
339	338	81924c4a40693bec	5			yes					-1	-1	-1	-1	-1	
340	335	7c5efca12398c918	5			yes					341	342	343	344	345	
341	340	1a68495a49d12fa1	4			yes					-1	-1	-1	-1	
342	340	554035ec473521d2	4			yes					-1	-1	-1	-1	
343	340	a044fd196a791ab1	4			yes					-1	-1	-1	-1	
344	340	98e9dc110fcb4404	4			yes					-1	-1	-1	-1	
345	340	77855dbe6b5650c6	4			yes					-1	-1	-1	-1	
346	335	11fb830b19bfb212	5			yes					347	355	360	362	363	
347	346	77cd36f073f654ab	4			yes					348	350	-1	352	
348	347	2be55e374bc05b22	5			yes					-1	-1	-1	-1	349	
349	348	d779301fa30ab1da	4			yes					-1	-1	-1	-1	
350	347	93e8a04c3daad760	4			yes					-1	-1	-1	351	
351	350	6f74ce64d5603d98	3			yes					-1	-1	-1	
352	347	9aeaeb6a3bdfa42b	3			yes					353	354	-1	
353	352	7a139ad59aec7245	5			yes					-1	-1	-1	-1	-1	
354	352	c21e64aeec86fe07	4			yes					-1	-1	-1	-1	
355	346	38e54a467d125ad8	4			yes					-1	356	-1	358	
356	355	9c73bafb909190ef	5			yes					-1	-1	-1	-1	357	
357	356	60efd4d3785b7a17	4			yes					-1	-1	-1	-1	
358	355	d5c297dc353baa58	3			yes					-1	359	-1	
359	358	cd857e1941bdb988	5			yes					-1	-1	-1	-1	-1	
360	346	cde182b3505e61bb	4			yes					-1	-1	-1	361	
361	360	20c65f291877913b	3			yes					-1	-1	-1	
362	346	e99b733789c37bb4	5			yes					-1	-1	-1	-1	-1	
363	346	fcdc5e9151964292	4			yes					-1	-1	-1	-1	
364	363	872b71b9710d477d	5			no					-1	-2	-2	-1	-2	
365	286	2ffc9cc5e51beab6	4			yes					366	-1	-1	368	
366	365	70b66a1a31e616fa	4			yes					367	-1	-1	-1	
367	366	b4a6dd35269667ba	3			yes					-1	-1	-1	
368	365	971964ee06d9633e	5			yes					-1	369	376	380	383	
369	368	be07ada362748bf4	4			yes					370	372	374	375	
370	369	bdd117ae08004ba3	5			yes					-1	-1	-1	-1	371	
371	370	414d7986e0caa15b	4			yes					-1	-1	-1	-1	
372	369	40ad3957107aa24a	5			yes					-1	-1	-1	-1	373	
373	372	bc31577ff8b048b2	4			yes					-1	-1	-1	-1	
374	369	258bef2421bece0b	4			yes					-1	-1	-1	-1	
375	369	3150786b0dc925c4	4			yes					-1	-1	-1	-1	
376	368	4b0365564f38b097	4			yes					377	-1	379	-1	
377	376	7c924a8164c5ec8f	4			yes					-1	-1	-1	378	
378	377	800e24a98c0f0677	3			yes					-1	-1	-1	
379	376	21ba3ab2dfb3fc1a	5			yes					-1	-1	-1	-1	-1	
380	368	61bfcbcfccaec77d	4			yes					381	-1	-1	-1	
381	380	e9c6a9b5d9454874	4			yes					-1	-1	-1	-1	
382	380	14685693764700ed	5			no					-1	-1	-2	-1	-2	
383	368	6594d22f8d727999	4			yes					-1	-1	-1	-1	
384	286	1370d0ee5a568bd0	4			yes					385	-1	-1	-1	
385	384	16ef8028f7454f1f	5			yes					386	387	390	392	-1	
386	385	d2ff3707e0353e5f	4			yes					-1	-1	-1	-1	
387	385	0c46b38de1b92ae0	5			yes					-1	388	-1	-1	389	
388	387	4ed819008ec73910	4			yes					-1	-1	-1	-1	
389	387	f0dadda50973c018	4			yes					-1	-1	-1	-1	
390	385	ec0711c4a1fc16a9	5			yes					-1	391	-1	-1	-1	
391	390	ae99bb49ce820559	4			yes					-1	-1	-1	-1	
392	385	72dd35c40d995fde	5			yes					-1	393	-1	-1	-1	
393	392	30439f4962e74c2e	4			yes					-1	-1	-1	-1	
394	285	7ffeba3937097f7f	5			yes					395	407	427	452	467	
395	394	bfc79500eb72d37a	5			yes					396	398	402	404	406	
396	395	594427edce0284d6	4			yes					397	-1	-1	-1	
397	396	3e051f8f9123dd2e	3			yes					-1	-1	-1	
398	395	d886ad62b4538a82	4			yes					-1	-1	399	401	
399	398	2feb3b679cf40b4e	3			yes					-1	-1	400	
400	399	13c3bf56d2038d41	5			yes					-1	-1	-1	-1	-1	
401	398	16b68af2e490e298	3			yes					-1	-1	-1	
402	395	b89f3b1a0235e782	4			yes					-1	-1	-1	403	
403	402	77ea3b4c64fa0908	5			yes					-1	-1	-1	-1	-1	
404	395	48aa0305c3d552b6	4			yes					-1	-1	-1	405	
405	404	59ddfd6ce4d948c6	5			yes					-1	-1	-1	-1	-1	
406	395	71f7b290bbb1bb60	4			yes					-1	-1	-1	-1	
407	394	1ecf600da196d534	4			yes					408	414	416	419	
408	407	d01c90d120929a2f	5			yes					409	410	411	412	413	
409	408	15fad06d4cd3699c	4			yes					-1	-1	-1	-1	
410	408	0a1d5e08de52be26	4			yes					-1	-1	-1	-1	
411	408	26ba3ff0eae53e6c	4			yes					-1	-1	-1	-1	
412	408	277106d408351be3	4			yes					-1	-1	-1	-1	
413	408	1e2cb7417051f235	4			yes					-1	-1	-1	-1	
414	407	50ca27e0aba465ab	4			yes					-1	-1	-1	415	
415	414	9efa0070fb670db1	3			yes					-1	-1	-1	
416	407	032af793ec270d93	4			yes					417	-1	418	-1	
417	416	dac9278b1cc58fb3	3			yes					-1	-1	-1	
418	416	f58c58b22650a9d0	3			yes					-1	-1	-1	
419	407	65731da12a845476	5			yes					420	421	422	424	426	
420	419	bc90cdb9da66d656	4			yes					-1	-1	-1	-1	
421	419	350f34a65a1b572f	4			yes					-1	-1	-1	-1	
422	419	93d5b280e0f3f035	4			yes					-1	-1	-1	423	
423	422	7ef26f1aa8da00b5	3			yes					-1	-1	-1	
424	419	921e8ba40223d5ba	4			yes					-1	-1	-1	425	
425	424	7f39563e4a0a253a	3			yes					-1	-1	-1	
426	419	8854c03b62ada4f6	4			yes					-1	-1	-1	-1	
427	394	5a2c65278be9bc11	4			yes					428	-1	433	436	
428	427	88afdbaec5b89fcc	5			yes					-1	429	-1	-1	431	
429	428	efeee3cc9a99c634	4			yes					-1	-1	-1	430	
430	429	06ecffcfd80620e6	6			yes					-1	-1	-1	-1	-1	-1	
431	428	469ffc3e957bf7d6	4			yes					-1	-1	-1	432	
432	431	9eae3754463419e9	5			yes					-1	-1	-1	-1	-1	
433	427	6cf4e99eb6ecbf1e	5			yes					-1	434	435	-1	-1	
434	433	f281a963ce638b3f	4			yes					-1	-1	-1	-1	
435	433	0bb5d1fce9cde6e6	4			yes					-1	-1	-1	-1	
436	427	0aad03ac704fe6fb	6			yes					437	438	441	444	448	450	
437	436	0464111f9fb94a56	5			yes					-1	-1	-1	-1	-1	
438	436	94d8435108c0d2da	5			yes					-1	439	-1	-1	440	
439	438	f3997b3357e18b22	4			yes					-1	-1	-1	-1	
440	438	79ff9ecb40e9225a	4			yes					-1	-1	-1	-1	
441	436	6dec3bce2f6ebf03	5			yes					-1	-1	-1	-1	443	
442	441	652ba3a465c058b5	5			no					-1	-2	-2	-2	-2	
443	441	80cbe65467474f83	4			yes					-1	-1	-1	-1	
444	436	3a9de318b7c29eb5	5			yes					-1	445	446	-1	447	
445	444	a4e8a3e5cf4daa94	4			yes					-1	-1	-1	-1	
446	444	5ddcdb7ae8e3c74d	4			yes					-1	-1	-1	-1	
447	444	d7ba3e82ffeb6e35	4			yes					-1	-1	-1	-1	
448	436	fdc095a958e86737	5			yes					-1	-1	-1	-1	449	
449	448	10e7483310c197b7	4			yes					-1	-1	-1	-1	
450	436	e78ade363866167b	5			yes					-1	-1	-1	-1	-1	
451	450	5592d5fd4e956331	5			no					-1	-1	-1	-1	-2	
452	394	57bd718d6f5c4c09	4			yes					453	-1	-1	456	
453	452	fa898538353b1205	4			yes					454	455	-1	-1	
454	453	1c0a37d5104b45a9	3			yes					-1	-1	-1	
455	453	9dc8bd5a6a1a4bfd	3			yes					-1	-1	-1	
456	452	d502b05cb5a0c1a6	5			yes					457	460	463	465	466	
457	456	0ce1604445424386	4			yes					458	459	-1	-1	
458	457	bb06a95eb63dca70	5			yes					-1	-1	-1	-1	-1	
459	457	97decd06d48ab2ef	5			yes					-1	-1	-1	-1	-1	
460	456	4b77f0a1cd2ff587	4			yes					-1	461	-1	462	
461	460	2c36c8c3920eac7f	3			yes					-1	-1	-1	
462	460	b9fa46604684ef20	3			yes					-1	-1	-1	
463	456	b243883eea81985e	4			yes					-1	-1	-1	464	
464	463	40ce3eff612a82f9	3			yes					-1	-1	-1	
465	456	d25a1e465ce7f55e	4			yes					-1	-1	-1	-1	
466	456	278f069d3e0bdb01	4			yes					-1	-1	-1	-1	
467	394	6b313da6d0112d6f	4			yes					468	-1	-1	-1	
468	467	9cd06f0af3984be0	5			yes					469	470	473	474	-1	
469	468	7a53dde7d6e81c4c	4			yes					-1	-1	-1	-1	
470	468	fb915768acb91218	4			yes					-1	471	472	-1	
471	470	fecdb23b7e26c95f	5			yes					-1	-1	-1	-1	-1	
472	470	14094e50fa4ee1f9	5			yes					-1	-1	-1	-1	-1	
473	468	1213736a6cc51d29	5			yes					-1	-1	-1	-1	-1	
474	468	6bbdf90fdb3fca2c	4			yes					-1	-1	475	476	
475	474	ded87250339fe82f	5			yes					-1	-1	-1	-1	-1	
476	474	df299cca8dc553a3	6			yes					-1	-1	-1	-1	-1	477	
477	476	cb0c442834c25a69	5			yes					-1	-1	-1	-1	-1	
478	285	7dc4e68c3a9d418b	5			yes					479	488	506	515	522	
479	478	b9f59c89dd44e9ee	5			yes					480	481	484	486	487	
480	479	6a8ad20c7950d8c2	4			yes					-1	-1	-1	-1	
481	479	65ef9d3194a53a47	4			yes					-1	482	483	-1	
482	481	ad17e71c9f011d01	3			yes					-1	-1	-1	
483	481	ab4a12549b7fd62d	3			yes					-1	-1	-1	
484	479	710de6a4d6e0cea8	4			yes					-1	-1	485	-1	
485	484	bfa869c1d93a22c2	3			yes					-1	-1	-1	
486	479	775013ecd29e0584	4			yes					-1	-1	-1	-1	
487	479	0938ba75e98b29a9	4			yes					-1	-1	-1	-1	
488	478	399b4c517020798f	4			yes					489	493	499	502	
489	488	e5f8f8061fb3a1bd	5			yes					490	-1	491	492	-1	
490	489	201eb8ba73f2520e	4			yes					-1	-1	-1	-1	
491	489	2d00822b141786fb	4			yes					-1	-1	-1	-1	
492	489	2b5d776310694dd7	4			yes					-1	-1	-1	-1	
493	488	11808e6ae26b6e50	5			yes					494	495	496	497	498	
494	493	c8635e721289ec70	4			yes					-1	-1	-1	-1	
495	493	e5521e2e17088a80	4			yes					-1	-1	-1	-1	
496	493	5359e9c53e944add	4			yes					-1	-1	-1	-1	
497	493	df25010fedb1823a	4			yes					-1	-1	-1	-1	
498	493	a14da896d6a4ae17	4			yes					-1	-1	-1	-1	
499	488	4ef39f4100431868	4			yes					500	-1	-1	501	
500	499	97104f59f0a19a48	3			yes					-1	-1	-1	
501	499	80c3b8d150807072	3			yes					-1	-1	-1	
502	488	fcb444ef52b48d82	5			yes					-1	-1	503	505	-1	
503	502	344c3ec25910aac4	4			yes					-1	-1	504	-1	
504	503	fae9b1a756ca46ae	3			yes					-1	-1	-1	
505	502	3211cb8a5d6e61e8	4			yes					-1	-1	-1	-1	
506	478	89fcdf946e0f3e31	4			yes					507	-1	509	513	
507	506	00ac6700d244106a	4			yes					-1	-1	508	-1	
508	507	ce09e865dd9efc00	3			yes					-1	-1	-1	
509	506	700dbe300f56d0cf	5			yes					510	511	-1	-1	512	
510	509	a9ee6e28ffb452ef	4			yes					-1	-1	-1	-1	
511	509	5913777d6bfb3805	4			yes					-1	-1	-1	-1	
512	509	be3d99a05f95b8d5	4			yes					-1	-1	-1	-1	
513	506	08171f4009d64d1c	5			yes					-1	-1	-1	514	-1	
514	513	c6b29025060ca176	4			yes					-1	-1	-1	-1	
515	478	b160de28c95598c3	4			yes					516	-1	-1	520	
516	515	208b68b7647a7ab4	4			yes					-1	517	518	519	
517	516	fc91690f2d9ba91d	3			yes					-1	-1	-1	
518	516	c15568adbd368a9f	3			yes					-1	-1	-1	
519	516	eebb4f2734b912ae	3			yes					-1	-1	-1	
520	515	ac446113861be73b	5			yes					-1	-1	-1	-1	521	
521	520	da1d7a7f664e4471	4			yes					-1	-1	-1	-1	
522	478	7b5258594fdce9ca	4			yes					523	-1	-1	-1	
523	522	92ccb319368def5e	5			yes					-1	524	525	526	-1	
524	523	5ec484caeea5ac1a	5			yes					-1	-1	-1	-1	-1	
525	523	5a34c9343d29c818	4			yes					-1	-1	-1	-1	
526	523	5c693c7c39570334	4			yes					-1	-1	-1	-1	
527	285	4716d738284f6fae	6			yes					528	600	657	702	734	745	
528	527	408724008a741892	5			yes					529	556	566	575	587	
529	528	0f62a2232cffadc2	5			yes					530	532	538	547	554	
530	529	ca84e29f40be5e71	4			yes					-1	-1	-1	531	
531	530	9745522aa1937cea	3			yes					-1	-1	-1	
532	529	57fdd9eb6331ea62	6			yes					-1	-1	-1	-1	533	535	
533	532	35e38b9a6d8714f2	5			yes					-1	-1	-1	-1	534	
534	533	7bf6fa32726b53f7	4			yes					-1	-1	-1	-1	
535	532	19e8a8437cddad67	5			yes					536	-1	-1	-1	-1	
536	535	20381db719595f67	4			yes					-1	-1	-1	-1	
537	535	edfaa9b184f68693	4			no					-1	-1	-1	-2	
538	529	f9c40d02e6880981	4			yes					-1	539	541	545	
539	538	a15ad2eba1b46e2b	6			yes					-1	-1	-1	-1	-1	540	
540	539	ef4fa343be58292e	5			yes					-1	-1	-1	-1	-1	
541	538	d0706045556dd4ff	6			yes					-1	542	-1	-1	-1	544	
542	541	63194b8efd9cba0d	5			yes					-1	-1	-1	-1	543	
543	542	2d0c3a26e270fd08	4			yes					-1	-1	-1	-1	
544	541	9e6511ed4a8193fa	5			yes					-1	-1	-1	-1	-1	
545	538	70339f86ef03709f	5			yes					-1	546	-1	-1	-1	
546	545	c35ab44d47f21e6d	4			yes					-1	-1	-1	-1	
547	529	f80f342604582c0e	4			yes					-1	548	-1	550	
548	547	2e3b55a55d12a62e	5			yes					-1	-1	-1	-1	549	
549	548	602e240d42fee12b	4			yes					-1	-1	-1	-1	
550	547	a4c02d0aa74e20b6	6			yes					-1	551	-1	-1	-1	553	
551	550	17a906c10fbf4e44	5			yes					-1	-1	-1	-1	552	
552	551	038cde23b6b8478e	4			yes					-1	-1	-1	-1	
553	550	b0e5f5e81e49297c	5			yes					-1	-1	-1	-1	-1	
554	529	52a31296cdd28f59	4			yes					-1	555	-1	-1	
555	554	d69c50f84b8d9068	5			yes					-1	-1	-1	-1	-1	
556	528	b230cb30c6df3caa	4			yes					557	559	561	564	
557	556	b54865c0af089ebf	6			yes					-1	-1	-1	-1	-1	558	
558	557	fb5d1468b0e4d9ba	5			yes					-1	-1	-1	-1	-1	
559	556	d4d7d3be7bb14649	6			yes					-1	-1	-1	-1	-1	560	
560	559	9ac2a216645d014c	5			yes					-1	-1	-1	-1	-1	
561	556	455d5d35ee78bd66	3			yes					-1	-1	562	
562	561	b032e71d1326d7aa	6			yes					-1	-1	-1	-1	-1	563	
563	562	a4173fffaa21de60	5			yes					-1	-1	-1	-1	-1	
564	556	eff17b8527f21e31	3			yes					565	-1	-1	
565	564	3429ecd387b4e4b5	5			yes					-1	-1	-1	-1	-1	
566	528	3d4adc171a4b5f56	4			yes					567	569	572	574	
567	566	639f885583455bba	6			yes					-1	-1	-1	-1	-1	568	
568	567	2d8af9fd9ca91cbf	5			yes					-1	-1	-1	-1	-1	
569	566	e150ddaf53aa8cff	3			yes					-1	-1	570	
570	569	0f69a052c62c54c5	5			yes					-1	-1	-1	-1	571	
571	570	a2030a98ffca975a	4			yes					-1	-1	-1	-1	
572	566	24313d8b7ce9f120	6			yes					-1	-1	-1	-1	-1	573	
573	572	6a244c236305b625	5			yes					-1	-1	-1	-1	-1	
574	566	608b6ca2fb667dcd	3			yes					-1	-1	-1	
575	528	1c66fbe65323b01b	5			yes					576	578	583	585	586	
576	575	f5abc1ccc0854b3b	6			yes					-1	-1	-1	-1	-1	577	
577	576	bbbeb064df690c3e	5			yes					-1	-1	-1	-1	-1	
578	575	c07cfa5e1ac263b2	4			yes					-1	579	-1	582	
579	578	48ff97ea16400f5d	6			yes					-1	-1	-1	-1	-1	580	
580	579	06eae64209ac4858	5			yes					-1	-1	-1	-1	-1	
581	578	f216a823aef1ce4e	5			no					-1	-1	-1	-1	-2	
582	578	4cc6872053f8f3f1	3			yes					-1	-1	-1	
583	575	eac054c799541458	4			yes					-1	-1	-1	584	
584	583	667a29b9d06e841b	3			yes					-1	-1	-1	
585	575	75799d626eb8d685	4			yes					-1	-1	-1	-1	
586	575	90dc86981a192058	4			yes					-1	-1	-1	-1	
587	528	e389ab83470c378a	5			yes					588	589	595	598	599	
588	587	30f6e506e31806a6	4			yes					-1	-1	-1	-1	
589	587	3f93aa3b0eede423	4			yes					-1	590	592	593	
590	589	c93faaa42caeef54	5			yes					-1	-1	-1	-1	591	
591	590	35a3c48cc46405ac	4			yes					-1	-1	-1	-1	
592	589	6ddbc121469d010b	4			yes					-1	-1	-1	-1	
593	589	d2b477a146c414a3	3			yes					-1	594	-1	
594	593	98c96e46fd82c633	5			yes					-1	-1	-1	-1	-1	
595	587	152f04a28d7b93c9	4			yes					-1	-1	596	597	
596	595	6e423b9e027e7ffb	5			yes					-1	-1	-1	-1	-1	
597	595	f808d938c5526349	3			yes					-1	-1	-1	
598	587	14e43d866fabb646	4			yes					-1	-1	-1	-1	
599	587	0eae76190f25c70a	4			yes					-1	-1	-1	-1	
600	527	03497de562f257aa	5			yes					-1	601	617	624	636	
601	600	79650053741c2c39	5			yes					602	609	611	612	616	
602	601	a086d04b84feae19	4			yes					-1	603	605	607	
603	602	21d6476c4bb47644	5			yes					-1	-1	-1	-1	604	
604	603	6fc336c454583141	4			yes					-1	-1	-1	-1	
605	602	41142defae742c52	5			yes					-1	-1	-1	-1	606	
606	605	0f015c47b1986b57	4			yes					-1	-1	-1	-1	
607	602	b9b328b2b8eb1a14	5			yes					-1	-1	-1	-1	608	
608	607	14d98278810dd98b	4			yes					-1	-1	-1	-1	
609	601	8db79017817fc8e9	4			yes					-1	-1	-1	610	
610	609	d07620a26052ea72	3			yes					-1	-1	-1	
611	601	879d66eccc0bc5a7	4			yes					-1	-1	-1	-1	
612	601	8e0896565cbbadf5	4			yes					-1	-1	-1	613	
613	612	d3c926e3bd968f6e	3			yes					614	-1	-1	
614	613	74fa4dbe4e4984d9	5			yes					-1	-1	-1	-1	615	
615	614	60df955cf74e8d13	4			yes					-1	-1	-1	-1	
616	601	24a4b0e695310ea2	4			yes					-1	-1	-1	-1	
617	600	53322be17e723d8a	4			yes					618	621	622	623	
618	617	8ad1fbf98e90bfaa	3			yes					-1	-1	619	
619	618	57b501b84163b304	5			yes					-1	-1	-1	-1	620	
620	619	fadfab727885709b	4			yes					-1	-1	-1	-1	
621	617	ebcc4332075c3ff3	3			yes					-1	-1	-1	
622	617	3cdc087e68e1a2c2	3			yes					-1	-1	-1	
623	617	0ef39b549f5f1f11	3			yes					-1	-1	-1	
624	600	721e0c10371ad2c7	5			yes					625	629	631	633	635	
625	624	abfddc08c7f850e7	4			yes					-1	626	-1	628	
626	625	11ace4d2f7506705	5			yes					-1	-1	-1	-1	627	
627	626	5fb9957ae8bc2000	4			yes					-1	-1	-1	-1	
628	625	2747a1768ec2c0a4	3			yes					-1	-1	-1	
629	624	cae064c34e34d0be	4			yes					-1	-1	-1	630	
630	629	465a19bd070e40fd	3			yes					-1	-1	-1	
631	624	84b8a331fd6d7684	4			yes					-1	-1	-1	632	
632	631	0802de4fb457e6c7	3			yes					-1	-1	-1	
633	624	1b016a940a81b459	4			yes					-1	-1	-1	634	
634	633	97bb17ea43bb241a	3			yes					-1	-1	-1	
635	624	fea4716e7e204284	4			yes					-1	-1	-1	-1	
636	600	480eddb29243e878	4			yes					637	644	650	652	
637	636	bf84cf0c85fb7fd9	5			yes					638	639	640	642	-1	
638	637	7a628fb0e9ba8c6a	4			yes					-1	-1	-1	-1	
639	637	876a941a9aa1b90f	5			yes					-1	-1	-1	-1	-1	
640	637	8142fe67569a8e3b	5			yes					-1	641	-1	-1	-1	
641	640	322bd5acfe6be0c9	4			yes					-1	-1	-1	-1	
642	637	1f98da67faffc74c	5			yes					-1	643	-1	-1	-1	
643	642	acf1f1ac520ea9be	4			yes					-1	-1	-1	-1	
644	636	c9836d7cdd18fe22	5			yes					645	646	647	648	-1	
645	644	e845ec5069c73373	5			yes					-1	-1	-1	-1	-1	
646	644	3d51fd38287b1af2	4			yes					-1	-1	-1	-1	
647	644	377b0bc3650f17bc	4			yes					-1	-1	-1	-1	
648	644	3eeefb79f5bf7fee	4			yes					649	-1	-1	-1	
649	648	cfa2bad313f86323	4			yes					-1	-1	-1	-1	
650	636	e3d446ced776ef91	4			yes					651	-1	-1	-1	
651	650	0643c55a904f9a63	5			yes					-1	-1	-1	-1	-1	
652	636	6536a12bc8103ebd	4			yes					653	-1	655	-1	
653	652	90778cc3d38f8ae2	5			yes					-1	-1	-1	-1	654	
654	653	6cebe2eb3b45601a	4			yes					-1	-1	-1	-1	
655	652	93900e0a02679afe	3			yes					656	-1	-1	
656	655	be6f94b274b53570	4			yes					-1	-1	-1	-1	
657	527	b32eee207cdd1014	5			yes					-1	-1	658	671	683	
658	657	5517f59c601b0155	5			yes					659	664	667	669	670	
659	658	8cf4258490f98375	4			yes					660	-1	662	-1	
660	659	969756ceb21d01cd	6			yes					-1	-1	-1	-1	-1	661	
661	660	d8822766adf146c8	5			yes					-1	-1	-1	-1	-1	
662	659	d3ec98bd96b7fbfb	5			yes					-1	-1	-1	-1	663	
663	662	9df9e915895bbcfe	4			yes					-1	-1	-1	-1	
664	658	7c093cd104b6e99f	4			yes					-1	-1	-1	665	
665	664	21c88c64e59bcb04	3			yes					666	-1	-1	
666	665	17f6dfdd9aa17bc7	5			yes					-1	-1	-1	-1	-1	
667	658	3c6ea7a2cf1f5f83	4			yes					-1	-1	-1	668	
668	667	61af17172e327d18	3			yes					-1	-1	-1	
669	658	c445fbdeda6616a7	4			yes					-1	-1	-1	-1	
670	658	08d64529813623ce	4			yes					-1	-1	-1	-1	
671	657	debba1aa4baf32e6	5			yes					672	676	678	680	682	
672	671	075871b2bb4db0c6	4			yes					673	-1	-1	675	
673	672	de03a8f37de6992c	6			yes					-1	-1	-1	-1	-1	674	
674	673	9016d95b620ade29	5			yes					-1	-1	-1	-1	-1	
675	672	8be20cccf2772085	3			yes					-1	-1	-1	
676	671	f7a568e72f02da2c	4			yes					-1	-1	-1	677	
677	676	7b1f159966384a6f	3			yes					-1	-1	-1	
678	671	155802afe0ee9c37	4			yes					-1	-1	-1	679	
679	678	99e27fd1a9d40c74	3			yes					-1	-1	-1	
680	671	b7a4c72e76345478	4			yes					-1	-1	-1	681	
681	680	3b1eba503f0ec43b	3			yes					-1	-1	-1	
682	671	5201dcd40295a2a5	4			yes					-1	-1	-1	-1	
683	657	f8694e778c6cafc6	4			yes					684	-1	691	697	
684	683	02d6a61f6fdbeeb1	4			yes					685	686	687	-1	
685	684	65df28315698cdd2	5			yes					-1	-1	-1	-1	-1	
686	684	04409e4f82211524	5			yes					-1	-1	-1	-1	-1	
687	684	0b6a10704e973050	5			yes					688	-1	-1	-1	-1	
688	687	32baa5842b13c250	4			yes					-1	-1	-1	-1	
689	687	504b938553a11a07	4			no					-1	-1	-2	-1	
690	687	bda7d8fd0af1b882	4			no					-1	-2	-1	-1	
691	683	e5f198b3c91fd34e	5			yes					692	693	695	696	-1	
692	691	90243154fc478805	5			yes					-1	-1	-1	-1	-1	
693	691	ccef51feadb23b84	4			yes					694	-1	-1	-1	
694	693	46001b3f4b8d52a0	5			yes					-1	-1	-1	-1	-1	
695	691	8c88ca8d661b8d98	4			yes					-1	-1	-1	-1	
696	691	74a396f17362c4bc	4			yes					-1	-1	-1	-1	
697	683	c9930c91b4a5de9c	4			yes					698	700	-1	-1	
698	697	061078cdbf879884	5			yes					-1	-1	-1	-1	699	
699	698	fa8c16e5574d727c	4			yes					-1	-1	-1	-1	
700	697	e08dc5dcd0083656	3			yes					701	-1	-1	
701	700	0e94e5028476ca41	5			yes					-1	-1	-1	-1	-1	
702	527	d4f20b1e14f0bc26	5			yes					-1	-1	-1	703	721	
703	702	620002cf7a363b85	6			yes					704	712	714	716	718	720	
704	703	bbe3d2d78ad4b9a5	5			yes					705	708	-1	710	711	
705	704	6d735e9a8a415a3d	6			yes					-1	-1	-1	-1	-1	706	
706	705	23662f3295ad1d38	5			yes					-1	-1	-1	-1	-1	
707	706	41787d439b1be3a8	4			no					-1	-2	-2	-2	
708	704	d9d23b41593eaac3	5			yes					-1	-1	-1	-1	709	
709	708	97c74ae946d2edc6	4			yes					-1	-1	-1	-1	
710	704	abafe326a95084f0	5			yes					-1	-1	-1	-1	-1	
711	704	3759afa9c3ee29e6	4			yes					-1	-1	-1	-1	
712	703	4b1ecb821e9bd34f	5			yes					-1	-1	-1	-1	713	
713	712	c7a4b6fc57a1430c	4			yes					-1	-1	-1	-1	
714	703	be1a037733d7e82c	5			yes					-1	-1	-1	-1	715	
715	714	32a07e097aed786f	4			yes					-1	-1	-1	-1	
716	703	86b7227f5665b699	5			yes					-1	-1	-1	-1	717	
717	716	0a0d5f011f5f26da	4			yes					-1	-1	-1	-1	
718	703	44ea4523b8c7a41c	5			yes					-1	-1	-1	-1	719	
719	718	c850385df1fd345f	4			yes					-1	-1	-1	-1	
720	703	eeba7fb1330cabc6	5			yes					-1	-1	-1	-1	-1	
721	702	9fb5ab49e44103f4	4			yes					722	-1	-1	726	
722	721	8dacb138b34f8d4d	4			yes					723	724	725	-1	
723	722	b308c5a47ad508d7	5			yes					-1	-1	-1	-1	-1	
724	722	5e9f64b017007da2	5			yes					-1	-1	-1	-1	-1	
725	722	2f1dae0fc3d5da86	5			yes					-1	-1	-1	-1	-1	
726	721	0adb582b49424c62	5			yes					727	729	731	733	-1	
727	726	c7ebb50105aeb515	5			yes					-1	-1	-1	-1	728	
728	727	3b77db29ed645fed	4			yes					-1	-1	-1	-1	
729	726	23c591662defa4a8	4			yes					730	-1	-1	-1	
730	729	bde4136b73d10950	5			yes					-1	-1	-1	-1	-1	
731	726	d6c1599300a39fcb	4			yes					732	-1	-1	-1	
732	731	76114b21dadbf8b6	4			yes					-1	-1	-1	-1	
733	726	ee6c789b6511c17e	4			yes					-1	-1	-1	-1	
734	527	6f551c8c701a5cd8	5			yes					-1	-1	-1	-1	735	
735	734	2412bcdb80abe30a	4			yes					736	-1	-1	-1	
736	735	0b4e56ddac295c61	4			yes					737	738	740	-1	
737	736	253c8c3d39151856	5			yes					-1	-1	-1	-1	-1	
738	736	d20b3afeae6cc4db	5			yes					-1	-1	-1	-1	739	
739	738	2e9754d646a62e23	4			yes					-1	-1	-1	-1	
740	736	df9faf76d3adccde	5			yes					-1	-1	-1	-1	-1	
741	740	e64f1a82b6293ede	4			no					-1	-2	-1	-2	
742	740	84be2c83ce9be689	4			no					-1	-2	-1	-2	
743	740	64abc47bb31e7c69	4			no					-1	-2	-1	-2	
744	740	6e3a7009d26265fe	4			no					-1	-2	-2	-1	
745	527	0c51776fd8fed07c	5			yes					-1	-1	-1	-1	-1	
746	0	35fa9124b109f66b	5			yes					747	-1	862	908	1036	
747	746	823ed508158a6f3b	5			yes					748	771	798	818	837	
748	747	1b753f6ffa55db10	6			yes					749	751	759	764	768	770	
749	748	b50ffe49bb86f685	5			yes					-1	-1	-1	-1	750	
750	749	514e5b3ac514fd79	4			yes					-1	-1	-1	-1	
751	748	5978a2d3d5ed8550	5			yes					-1	752	754	756	758	
752	751	9b0db28cf36cd88e	6			yes					-1	-1	-1	-1	-1	753	
753	752	a2da4dd376f59f67	5			yes					-1	-1	-1	-1	-1	
754	751	7814990d9b734f65	5			yes					-1	-1	-1	-1	755	
755	754	41c366521eea088c	4			yes					-1	-1	-1	-1	
756	751	e48329f12a2ab12c	5			yes					-1	-1	-1	-1	-1	
757	756	49e9833b13cc72b3	4			no					-1	-2	-1	-1	
758	751	bd3907a0ab7f8eac	4			yes					-1	-1	-1	-1	
759	748	edd3904e30227f53	5			yes					-1	-1	760	762	763	
760	759	aff6ccc17eb421b8	6			yes					-1	-1	-1	-1	-1	761	
761	760	9621339efb2d6651	5			yes					-1	-1	-1	-1	-1	
762	759	6befdada6df28b93	5			yes					-1	-1	-1	-1	-1	
763	759	0992353d4eb074af	4			yes					-1	-1	-1	-1	
764	748	ec18a96ad2f25adc	5			yes					-1	-1	-1	765	767	
765	764	bf1c685625bfdbba	6			yes					-1	-1	-1	-1	-1	766	
766	765	ab39b0b49cb8d270	5			yes					-1	-1	-1	-1	-1	
767	764	08590c19ac605120	4			yes					-1	-1	-1	-1	
768	748	09fdc0cdf2295da6	5			yes					-1	-1	-1	-1	769	
769	768	edbc65be8cbb565a	4			yes					-1	-1	-1	-1	
770	748	ff349a1c84c7d0ec	5			yes					-1	-1	-1	-1	-1	
771	747	9e0c0798c9ce1779	6			yes					772	777	783	791	795	797	
772	771	bb293f266b7854ba	5			yes					-1	-1	773	775	776	
773	772	80f5ff366cfa3d31	5			yes					-1	-1	-1	-1	774	
774	773	b9220069e9637ad8	4			yes					-1	-1	-1	-1	
775	772	afbd764beaea6833	5			yes					-1	-1	-1	-1	-1	
776	772	5f689a5515ea5f46	4			yes					-1	-1	-1	-1	
777	771	4c136c5452e16996	5			yes					-1	-1	778	780	782	
778	777	00b16588a8a771f4	5			yes					-1	-1	-1	-1	779	
779	778	39669ad72d3e361d	4			yes					-1	-1	-1	-1	
780	777	5e9b93f65a9def20	4			yes					-1	-1	-1	781	
781	780	bada3685240fe4dc	3			yes					-1	-1	-1	
782	777	a852c9272c73626a	4			yes					-1	-1	-1	-1	
783	771	f69e9fa667d031aa	5			yes					784	-1	787	789	790	
784	783	167c8b487cd03464	5			yes					-1	-1	-1	-1	785	
785	784	2fab7417f949738d	4			yes					-1	-1	-1	-1	
786	783	36e7023e45ebf5d9	5			no					-1	-1	-1	-1	-2	
787	783	900e0297dc7aa95f	5			yes					-1	-1	-1	-1	788	
788	787	a9d9fdc859e3eeb6	4			yes					-1	-1	-1	-1	
789	783	93cc409a8ea3d82b	4			yes					-1	-1	-1	-1	
790	783	12df3ad519423a56	4			yes					-1	-1	-1	-1	
791	771	6961919de16996b5	5			yes					-1	-1	-1	792	794	
792	791	4dffe9f4f989003e	5			yes					-1	-1	-1	-1	793	
793	792	59da3116408e09f4	4			yes					-1	-1	-1	-1	
794	791	8d2034ee9ffb9d49	4			yes					-1	-1	-1	-1	
795	771	8c84f83ac1b291cf	5			yes					-1	-1	-1	-1	796	
796	795	68c55d49bf209a33	4			yes					-1	-1	-1	-1	
797	771	7a4da2ebb75c1c85	5			yes					-1	-1	-1	-1	-1	
798	747	3e9a964427a5a291	5			yes					799	805	809	813	817	
799	798	1bbfaefa8513e152	4			yes					800	-1	802	804	
800	799	dc00d5a813f85c6b	5			yes					-1	-1	-1	-1	801	
801	800	e5d72af796611b82	4			yes					-1	-1	-1	-1	
802	799	1899d29580123f26	5			yes					-1	-1	-1	-1	803	
803	802	b5f3785fb9f4fcb9	4			yes					-1	-1	-1	-1	
804	799	fffe0b89fb81eaae	3			yes					-1	-1	-1	
805	798	3eee86df81899b75	5			yes					-1	-1	-1	806	808	
806	805	17e2f85c5b1762be	4			yes					-1	-1	-1	807	
807	806	2e350703de8e2557	3			yes					-1	-1	-1	
808	805	073979800410dc9c	4			yes					-1	-1	-1	-1	
809	798	ef7d99090097e352	6			yes					-1	810	-1	-1	-1	812	
810	809	9cb58e464a7b0e8a	5			yes					-1	-1	-1	-1	811	
811	810	a5627119cfe24963	4			yes					-1	-1	-1	-1	
812	809	d6aa6656850ea4bb	5			yes					-1	-1	-1	-1	-1	
813	798	2c1269e62fd92427	4			yes					-1	814	815	816	
814	813	835fadc9e768e6c8	4			yes					-1	-1	-1	-1	
815	813	76c977bba7c91804	5			yes					-1	-1	-1	-1	-1	
816	813	c853cc95514b2fdb	3			yes					-1	-1	-1	
817	798	dadb33375937a96d	4			yes					-1	-1	-1	-1	
818	747	15dab5e82099a7af	5			yes					819	825	829	834	836	
819	818	30ff8d56822fe46c	4			yes					820	822	-1	824	
820	819	5e424443b4ed1325	5			yes					-1	-1	-1	-1	821	
821	820	6795bb1c317454cc	4			yes					-1	-1	-1	-1	
822	819	85b97188519ca5dc	5			yes					-1	-1	-1	-1	823	
823	822	bc6e8ed7d405e235	4			yes					-1	-1	-1	-1	
824	819	d4be2825fcbdef90	3			yes					-1	-1	-1	
825	818	b34f446eb07f1bfa	5			yes					-1	-1	-1	826	828	
826	825	4fc75259d071e9bd	4			yes					-1	-1	-1	827	
827	826	7610ad0655e8ae54	3			yes					-1	-1	-1	
828	825	8a98bb3135e65c13	4			yes					-1	-1	-1	-1	
829	818	e37c1ac9eaee03ec	4			yes					-1	830	832	833	
830	829	491ba8910eee94e8	5			yes					-1	-1	-1	-1	831	
831	830	70cc57ce8b77d301	4			yes					-1	-1	-1	-1	
832	829	e58a5091a0835f94	5			yes					-1	-1	-1	-1	-1	
833	829	073dbfba947c0810	3			yes					-1	-1	-1	
834	818	b55ae558f33d1f2c	4			yes					-1	-1	-1	835	
835	834	511b402b8daf14d0	3			yes					-1	-1	-1	
836	818	f19b109b5e0bac53	4			yes					-1	-1	-1	-1	
837	747	4b510bb4ed21659c	5			yes					838	846	853	860	861	
838	837	6e74330a4f97265f	4			yes					839	840	841	842	
839	838	a8540974aa79921a	4			yes					-1	-1	-1	-1	
840	838	f0676031fcb54d95	4			yes					-1	-1	-1	-1	
841	838	6ebd443150d004e2	4			yes					-1	-1	-1	-1	
842	838	8353ee9007bed6df	3			yes					-1	843	844	
843	842	011601d0452cb331	4			yes					-1	-1	-1	-1	
844	842	d5e5b35c0d61e318	5			yes					-1	-1	-1	-1	845	
845	844	c1c06bbeb466ead2	4			yes					-1	-1	-1	-1	
846	837	c9c9dc00084f96cc	4			yes					-1	847	849	851	
847	846	13e2d3a853bd3a1a	4			yes					-1	-1	-1	848	
848	847	ef7ebd80bb77d0e2	3			yes					-1	-1	-1	
849	846	78cea4902d022e78	4			yes					-1	-1	-1	850	
850	849	8452cab8c5c8c480	3			yes					-1	-1	-1	
851	846	1a863a3684968e69	4			yes					-1	-1	-1	852	
852	851	b7ec90fcbd704df6	3			yes					-1	-1	-1	
853	837	bdf7a4952756c1df	4			yes					-1	-1	854	858	
854	853	5926e0a49eac81b0	5			yes					-1	855	856	-1	857	
855	854	2aeef7ebd4406c68	4			yes					-1	-1	-1	-1	
856	854	18424f96d8a71f29	4			yes					-1	-1	-1	-1	
857	854	ea7723ad5adf89ab	4			yes					-1	-1	-1	-1	
858	853	50d0790f6f7f315f	3			yes					-1	859	-1	
859	858	4214174a8291137d	4			yes					-1	-1	-1	-1	
860	837	bc3c9db1c586e450	4			yes					-1	-1	-1	-1	
861	837	a676d62ea508951c	4			yes					-1	-1	-1	-1	
862	746	e199040308d9d7ee	5			yes					863	-1	878	888	899	
863	862	b14b5e0b9bc2de9d	6			yes					864	867	869	872	874	877	
864	863	f91e090d3a8cd575	5			yes					-1	-1	-1	865	866	
865	864	26cd4875376aaee3	6			yes					-1	-1	-1	-1	-1	-1	
866	864	1d5fac7e441ede89	4			yes					-1	-1	-1	-1	
867	863	bf993a0332eecacb	7			yes					-1	-1	-1	-1	-1	-1	868	
868	867	864ec55cb7778d22	6			yes					-1	-1	-1	-1	-1	-1	
869	863	12418cba292d8b16	5			yes					-1	-1	-1	870	871	
870	869	98f5233ef42832d3	6			yes					-1	-1	-1	-1	-1	-1	
871	869	f60029c957bf80ea	4			yes					-1	-1	-1	-1	
872	863	ebc2851e9af5ee17	7			yes					-1	-1	-1	-1	-1	-1	873	
873	872	d2157a411f6ca9fe	6			yes					-1	-1	-1	-1	-1	-1	
874	863	a3c3a1a993be582b	5			yes					-1	-1	-1	-1	876	
875	874	02281115540fb776	6			no					-1	-1	-2	-2	-2	-2	
876	874	478204daed2c53d7	4			yes					-1	-1	-1	-1	
877	863	550afb78e550d561	5			yes					-1	-1	-1	-1	-1	
878	862	7eae8b4c0ec93968	4			yes					879	-1	884	886	
879	878	e71a9e88051c4ef1	6			yes					-1	-1	-1	880	882	883	
880	879	ae977c4345a9b1fb	6			yes					-1	-1	-1	-1	-1	881	
881	880	9740831cc030f612	5			yes					-1	-1	-1	-1	-1	
882	879	81dff53ec3b9e4f9	6			yes					-1	-1	-1	-1	-1	-1	
883	879	035b3bfb7b8e450d	5			yes					-1	-1	-1	-1	-1	
884	878	c0e6d4f8a57a6a48	5			yes					-1	-1	-1	-1	885	
885	884	24a7718bdbe861b4	4			yes					-1	-1	-1	-1	
886	878	f51ff6c55b4af2da	3			yes					887	-1	-1	
887	886	d02931dc1295cd9e	6			yes					-1	-1	-1	-1	-1	-1	
888	862	35e4ceb47dca2444	4			yes					889	-1	-1	894	
889	888	fe5e81ea81c0effe	6			yes					-1	-1	890	-1	892	893	
890	889	9f860b30feec2442	7			yes					-1	-1	-1	-1	-1	-1	891	
891	890	a651f46f7b7563ab	6			yes					-1	-1	-1	-1	-1	-1	
892	889	e483320b83b204e1	6			yes					-1	-1	-1	-1	-1	-1	
893	889	1a1f2499ff52e402	5			yes					-1	-1	-1	-1	-1	
894	888	be55b33d2849eff6	3			yes					895	-1	-1	
895	894	f31c49bab642b8f6	6			yes					-1	896	897	898	-1	-1	
896	895	00c6035aaf3d9e99	5			yes					-1	-1	-1	-1	-1	
897	895	26b603693e765a91	5			yes					-1	-1	-1	-1	-1	
898	895	8902928052e1e68c	5			yes					-1	-1	-1	-1	-1	
899	862	6a28798a5d5a1c5c	4			yes					900	-1	-1	-1	
900	899	aaa5d940a505a357	5			yes					901	902	903	907	-1	
901	900	773b8c97e6468784	6			yes					-1	-1	-1	-1	-1	-1	
902	900	53ded5f785239e11	6			yes					-1	-1	-1	-1	-1	-1	
903	900	c903e7dc25041bb4	6			yes					-1	904	905	-1	-1	906	
904	903	3ad9ad3c3c7b3ddb	5			yes					-1	-1	-1	-1	-1	
905	903	1ca9ad0fad30f9d3	5			yes					-1	-1	-1	-1	-1	
906	903	359f89f4cdcef14c	5			yes					-1	-1	-1	-1	-1	
907	900	07856aea2d38bacd	6			yes					-1	-1	-1	-1	-1	-1	
908	746	74dad02c63eac18a	6			yes					909	-1	937	993	1016	1024	
909	908	35d6ae7eb1a6e9b2	6			yes					910	912	914	920	928	932	
910	909	7d83f97810e8e25a	5			yes					-1	-1	-1	-1	911	
911	910	ecfcc1b465886556	4			yes					-1	-1	-1	-1	
912	909	54f85e1fe8d8cf93	6			yes					-1	-1	-1	-1	-1	913	
913	912	454fec183e2ea869	5			yes					-1	-1	-1	-1	-1	
914	909	f63297411adcd19d	6			yes					-1	915	-1	-1	917	919	
915	914	05e8dda103a3f7f2	5			yes					-1	-1	-1	-1	916	
916	915	145f6fa6d5559008	4			yes					-1	-1	-1	-1	
917	914	e65a61f39516bdb0	5			yes					-1	-1	-1	-1	918	
918	917	f7edd3f443e0da4a	4			yes					-1	-1	-1	-1	
919	914	e7852546cc2ab667	5			yes					-1	-1	-1	-1	-1	
920	909	3247f5a1bd9a0a10	5			yes					-1	-1	921	923	925	
921	920	6996b40536d6756f	6			yes					-1	-1	-1	-1	-1	922	
922	921	78210602e0201295	5			yes					-1	-1	-1	-1	-1	
923	920	131104678d0a6f6d	6			yes					-1	-1	-1	-1	-1	924	
924	923	2ac6fb3808932884	5			yes					-1	-1	-1	-1	-1	
925	920	a338cd6dc8fa8d1c	4			yes					-1	-1	926	927	
926	925	52d78bbc398ed673	6			yes					-1	-1	-1	-1	-1	-1	
927	925	1b839bd94bc53679	5			yes					-1	-1	-1	-1	-1	
928	909	37f40b8f1a98ef0f	5			yes					-1	-1	929	-1	930	
929	928	ef4130333899dab1	5			yes					-1	-1	-1	-1	-1	
930	928	a68b33436ff86803	4			yes					-1	-1	931	-1	
931	930	35814ce130be5390	5			yes					-1	-1	-1	-1	-1	
932	909	a4a996b2c4c66ebe	5			yes					-1	933	934	-1	-1	
933	932	6fb961a6e7806c8f	6			yes					-1	-1	-1	-1	-1	-1	
934	932	cd73a8f815847281	6			yes					-1	935	-1	-1	936	-1	
935	934	3ea9e2180cfb54ee	5			yes					-1	-1	-1	-1	-1	
936	934	dd1b5e4a9a4e1eac	5			yes					-1	-1	-1	-1	-1	
937	908	0848aea81bed0cbd	5			yes					938	-1	957	979	984	
938	937	d247e8f0f77e14f4	6			yes					939	941	943	945	949	951	
939	938	265351f7148316ed	6			yes					-1	-1	-1	-1	-1	940	
940	939	37e4e3f0c2757117	5			yes					-1	-1	-1	-1	-1	
941	938	22f614f3f9be9b11	6			yes					-1	-1	-1	-1	-1	-1	
942	941	3341a6f42f48fceb	5			no					-1	-1	-1	-1	-2	
943	938	98e8f5cc9b64c22a	6			yes					-1	-1	-1	-1	-1	944	
944	943	895f47cb4d92a5d0	5			yes					-1	-1	-1	-1	-1	
945	938	1ab47d136ee1d5f2	6			yes					-1	946	-1	-1	-1	947	
946	945	e96e37f3779ef39d	5			yes					-1	-1	-1	-1	-1	
947	945	0b03cf14b817b208	5			yes					-1	948	-1	-1	-1	
948	947	f8d985f4a1689467	4			yes					-1	-1	-1	-1	
949	938	91cde453de9c1cf2	6			yes					-1	-1	-1	-1	-1	-1	
950	949	6217aeb3c7e33a9d	5			no					-1	-1	-1	-2	-2	
951	938	4338d03c821e93f8	5			yes					952	953	954	955	956	
952	951	1d126e4e1bdbb5f1	6			yes					-1	-1	-1	-1	-1	-1	
953	951	19b72b4af6e6380d	6			yes					-1	-1	-1	-1	-1	-1	
954	951	a3a9ca75943c6136	6			yes					-1	-1	-1	-1	-1	-1	
955	951	21f542aa61b976ee	6			yes					-1	-1	-1	-1	-1	-1	
956	951	4b0d9881d6bb95d3	6			yes					-1	-1	-1	-1	-1	-1	
957	937	9bac728e2752df35	4			yes					958	-1	970	971	
958	957	888b47e48708552d	7			yes					-1	959	961	963	965	967	969	
959	958	7b510d049e777342	6			yes					-1	-1	-1	-1	-1	960	
960	959	6ae6bf03488114b8	5			yes					-1	-1	-1	-1	-1	
961	958	98e395205bb74fc8	6			yes					-1	-1	-1	-1	-1	962	
962	961	895427278d412832	5			yes					-1	-1	-1	-1	-1	
963	958	3e738bacb8bf9f0c	6			yes					-1	-1	-1	-1	-1	964	
964	963	2fc439ab6e49f8f6	5			yes					-1	-1	-1	-1	-1	
965	958	e2fd7b81f86c163d	6			yes					-1	-1	-1	-1	-1	966	
966	965	f34ac9862e9a71c7	5			yes					-1	-1	-1	-1	-1	
967	958	98e3b15608c23900	6			yes					-1	-1	-1	-1	-1	968	
968	967	89540351de345efa	5			yes					-1	-1	-1	-1	-1	
969	958	993cf5e351fe32d7	6			yes					-1	-1	-1	-1	-1	-1	
970	957	4de954c014d7c5a1	5			yes					-1	-1	-1	-1	-1	
971	957	adec2b41e621d359	3			yes					972	-1	978	
972	971	96b498506d746b6d	7			yes					-1	973	974	975	976	977	-1	
973	972	656ed2b0740b4d02	6			yes					-1	-1	-1	-1	-1	-1	
974	972	86dc4a94b1cb7188	6			yes					-1	-1	-1	-1	-1	-1	
975	972	204c541852c3a14c	6			yes					-1	-1	-1	-1	-1	-1	
976	972	fcc2a4351210287d	6			yes					-1	-1	-1	-1	-1	-1	
977	972	86dc6ee2e2be0740	6			yes					-1	-1	-1	-1	-1	-1	
978	971	6bec921345ae3a05	5			yes					-1	-1	-1	-1	-1	
979	937	84c6b99bd395de94	4			yes					980	-1	-1	982	
980	979	650daec068f26b18	6			yes					-1	-1	-1	-1	-1	981	
981	980	405e04fb2390f66c	5			yes					-1	-1	-1	-1	-1	
982	979	b286e05412e6d2f8	3			yes					983	-1	-1	
983	982	f7c2e775118a0963	6			yes					-1	-1	-1	-1	-1	-1	
984	937	3e08f767da9e00d1	4			yes					985	-1	-1	-1	
985	984	2f98d7423fc182a5	6			yes					986	987	988	989	991	-1	
986	985	386c8e43feff28ad	6			yes					-1	-1	-1	-1	-1	-1	
987	985	3cc9cb4713c2a551	6			yes					-1	-1	-1	-1	-1	-1	
988	985	86d72a787118fc6a	6			yes					-1	-1	-1	-1	-1	-1	
989	985	048ba2a7849debb2	6			yes					-1	-1	-1	-1	-1	-1	
990	989	f751e8479de2cddd	5			no					-1	-1	-2	-1	-2	
991	985	bd0bf5a9e8c5d2fc	6			yes					-1	-1	-1	-1	-1	-1	
992	991	4ed1bf49f1baf493	5			no					-1	-2	-2	-2	-2	
993	908	e73e0c0a5f551202	5			yes					994	-1	-1	1006	1011	
994	993	adc05d6b1087635c	5			yes					995	997	-1	999	1002	
995	994	f6513d45bc85c09a	6			yes					-1	-1	-1	-1	-1	996	
996	995	e7e68f426a73a760	5			yes					-1	-1	-1	-1	-1	
997	994	bca32cd1d61c1465	6			yes					-1	-1	-1	-1	-1	-1	
998	994	e52142d5d262bf6d	6			no					-1	-2	-2	-1	-2	-2	
999	994	41cf88e1769aca85	6			yes					-1	1000	-1	-1	1001	-1	
1000	999	b215c2016fe5ecea	5			yes					-1	-1	-1	-1	-1	
1001	999	2bb9b48409fe8995	5			yes					-1	-1	-1	-1	-1	
1002	994	3cbf65a765e7e450	4			yes					1003	1004	-1	1005	
1003	1002	cd1002fcb3dd6386	6			yes					-1	-1	-1	-1	-1	-1	
1004	1002	87e21368d944b779	6			yes					-1	-1	-1	-1	-1	-1	
1005	1002	9b0ff4337ebd43a4	6			yes					-1	-1	-1	-1	-1	-1	
1006	993	6bb01b39972dc02b	4			yes					1007	-1	-1	1009	
1007	1006	b50fc272c0f4bd6f	6			yes					-1	-1	-1	-1	-1	1008	
1008	1007	905c68498b96201b	5			yes					-1	-1	-1	-1	-1	
1009	1006	5df042f6565ecc47	3			yes					1010	-1	-1	
1010	1009	27c08bc7b98cdf14	6			yes					-1	-1	-1	-1	-1	-1	
1011	993	d17e55c59e261e6e	4			yes					1012	-1	-1	-1	
1012	1011	501f62d9d838f50d	5			yes					1013	1014	-1	1015	-1	
1013	1012	e86ee2f156f9feda	6			yes					-1	-1	-1	-1	-1	-1	
1014	1012	a29cf3653c602a25	6			yes					-1	-1	-1	-1	-1	-1	
1015	1012	6d09991b40c3048b	6			yes					-1	-1	-1	-1	-1	-1	
1016	908	f854c71fab9213a3	5			yes					1017	-1	-1	-1	1021	
1017	1016	172767572a563939	5			yes					-1	-1	1018	-1	1020	
1018	1017	06cc47d9859e3f36	6			yes					-1	-1	-1	-1	-1	1019	
1019	1018	177bf5de536858cc	5			yes					-1	-1	-1	-1	-1	
1020	1017	f366c22454c432c5	4			yes					-1	-1	-1	-1	
1021	1016	ce149ed06ae11fcf	4			yes					1022	-1	-1	-1	
1022	1021	5397de5de86f9106	4			yes					-1	-1	1023	-1	
1023	1022	18f3986d6fe20176	6			yes					-1	-1	-1	-1	-1	-1	
1024	908	429a89e3a299cde6	5			yes					1025	-1	-1	-1	-1	
1025	1024	c80991cc79197fe3	6			yes					1026	1027	1028	1031	1034	-1	
1026	1025	805cc6cad857740b	5			yes					-1	-1	-1	-1	-1	
1027	1025	4ac781ab02a4f1d3	6			yes					-1	-1	-1	-1	-1	-1	
1028	1025	e80d48f5f0a0efdd	6			yes					-1	1029	-1	-1	1030	-1	
1029	1028	1bd70215e9dfc9b2	5			yes					-1	-1	-1	-1	-1	
1030	1028	f865be477f6a83f0	5			yes					-1	-1	-1	-1	-1	
1031	1025	cf98ca1375259c41	5			yes					-1	-1	1032	1033	-1	
1032	1031	77a96bb1dcaa4b2f	6			yes					-1	-1	-1	-1	-1	-1	
1033	1031	ade58197866306a7	5			yes					-1	-1	-1	-1	-1	
1034	1025	ca2b343dd227795e	5			yes					-1	-1	1035	-1	-1	
1035	1034	c38721c90ec014bf	5			yes					-1	-1	-1	-1	-1	
1036	746	f9af0ca115142d32	4			yes					1037	-1	1058	1068	
1037	1036	3cbe4e25ce02c406	5			yes					1038	1044	1051	1054	-1	
1038	1037	738ee762cdfd40af	6			yes					1039	1040	1041	1042	1043	-1	
1039	1038	ddf426448c2e6d3a	5			yes					-1	-1	-1	-1	-1	
1040	1038	31837adee2451eef	5			yes					-1	-1	-1	-1	-1	
1041	1038	85284843078ae4ec	5			yes					-1	-1	-1	-1	-1	
1042	1038	84e37167e55ac163	5			yes					-1	-1	-1	-1	-1	
1043	1038	610618c0c581c619	5			yes					-1	-1	-1	-1	-1	
1044	1037	f6f7df95fe668cc6	6			yes					1045	1046	1048	1049	1050	-1	
1045	1044	d3d2e72b5cd0cf05	5			yes					-1	-1	-1	-1	-1	
1046	1044	24e8b4596549f229	5			yes					-1	-1	-1	1047	-1	
1047	1046	36604bfb6d35749f	4			yes					-1	-1	-1	-1	
1048	1044	9e6547ab5078aa15	5			yes					-1	-1	-1	-1	-1	
1049	1044	019a4990d6c10d0a	5			yes					-1	-1	-1	-1	-1	
1050	1044	e47f2037f61a0a70	5			yes					-1	-1	-1	-1	-1	
1051	1037	56614e49100d392e	5			yes					1052	-1	-1	1053	-1	
1052	1051	734476f7b2bb7aed	4			yes					-1	-1	-1	-1	
1053	1051	44e9b1eb1871bf98	4			yes					-1	-1	-1	-1	
1054	1037	7d216de517313c10	5			yes					1055	-1	1056	1057	-1	
1055	1054	5804555bb5877fd3	4			yes					-1	-1	-1	-1	
1056	1054	8b87c2c4dd469853	4			yes					-1	-1	-1	-1	
1057	1054	dda13d55c4958493	4			yes					-1	-1	-1	-1	
1058	1036	5f199f2ed3517cd3	5			yes					1059	-1	1063	1066	-1	
1059	1058	d9b08606ac6a4522	6			yes					1060	-1	1061	-1	1062	-1	
1060	1059	91e5d1000d244eca	5			yes					-1	-1	-1	-1	-1	
1061	1059	7aba54b71e8510a9	5			yes					-1	-1	-1	-1	-1	
1062	1059	cb3879a4a416c394	5			yes					-1	-1	-1	-1	-1	
1063	1058	c02e1061d5419255	4			yes					1064	-1	1065	-1	
1064	1063	8fe1468532b4d54e	6			yes					-1	-1	-1	-1	-1	-1	
1065	1063	a81d0cf592d2f1f7	5			yes					-1	-1	-1	-1	-1	
1066	1058	8b645599a6428f79	4			yes					1067	-1	-1	-1	
1067	1066	96a559e7b6687441	6			yes					-1	-1	-1	-1	-1	-1	
1068	1036	0cdb6c18509ed826	6			yes					1069	-1	1073	1078	1081	-1	
1069	1068	b42176584bb69d89	6			yes					1070	-1	-1	1071	1072	-1	
1070	1069	fc74215eeaf89661	5			yes					-1	-1	-1	-1	-1	
1071	1069	b3b02d87478a7e2b	5			yes					-1	-1	-1	-1	-1	
1072	1069	b603d3a9e0889b34	5			yes					-1	-1	-1	-1	-1	
1073	1068	7049129c28991511	5			yes					1074	-1	1075	1077	-1	
1074	1073	53b030d60d6e60cf	6			yes					-1	-1	-1	-1	-1	-1	
1075	1073	e3adceba1426c699	4			yes					-1	-1	1076	-1	
1076	1075	5e4672cea4a7b3f1	5			yes					-1	-1	-1	-1	-1	
1077	1073	fcc705afe0e1c738	4			yes					-1	-1	-1	-1	
1078	1068	9f3fb03e6c210bae	5			yes					1079	-1	-1	1080	-1	
1079	1078	2c37854dea971767	5			yes					-1	-1	-1	-1	-1	
1080	1078	13b1a70da459d987	4			yes					-1	-1	-1	-1	
1081	1068	80557b2b98e60a0f	5			yes					1082	-1	-1	-1	-1	
1082	1081	acf62a4a9a44aa6c	4			yes					-1	-1	-1	-1	
