Number of nodes
173
ID	PID	Hash_Value			File_Number	Fully_Enumerated	Children
0	-1	d87cf637dd585bb9	6			yes					1	23	45	69	87	117	
1	0	308fc8d5caa53e91	5			yes					2	7	15	20	22	
2	1	9b67ff25fbbaaeaa	4			yes					3	4	-1	5	
3	2	b61343d4ad5ffd41	4			yes					-1	-1	-1	-1	
4	2	807df118ed8eb9f9	4			yes					-1	-1	-1	-1	
5	2	22b03a2c97790cd7	5			yes					-1	-1	-1	-1	6	
6	5	9e64920fcdc39a52	4			yes					-1	-1	-1	-1	
7	1	b3a2ab449081fbf2	4			yes					-1	8	10	11	
8	7	79d76cc995f9f471	5			yes					9	-1	-1	-1	-1	
9	8	0457131091308c47	4			yes					-1	-1	-1	-1	
10	7	b24125b9ed31fdd0	4			yes					-1	-1	-1	-1	
11	7	ae75d00cfab3920f	3			yes					-1	13	14	
12	11	e7d762cbf7dff0f5	4			no					-1	-1	-1	-2	
13	11	79d6e1add36d758b	5			yes					-1	-1	-1	-1	-1	
14	11	bbf7a8ed42a32b99	4			yes					-1	-1	-1	-1	
15	1	0071b1e26c6ff12b	4			yes					-1	-1	16	17	
16	15	f93a326ed49cafdd	5			yes					-1	-1	-1	-1	-1	
17	15	1da6caaa065d98d6	3			yes					-1	-1	19	
18	17	75b14629d56ae917	4			no					-1	-1	-1	-2	
19	17	89bbf0d689c725e7	5			yes					-1	-1	-1	-1	-1	
20	1	05ec561ea7c3f31f	4			yes					-1	-1	-1	21	
21	20	183b2d56cdf19ae2	3			yes					-1	-1	-1	
22	1	2d58b39da097576c	4			yes					-1	-1	-1	-1	
23	0	9ed9a9980f5dfad5	5			yes					24	33	37	42	44	
24	23	cf310f2f75289d9a	4			yes					25	27	28	29	
25	24	7f06b307294c7b1a	4			yes					-1	-1	-1	26	
26	25	34baf968ae06e00a	3			yes					-1	-1	-1	
27	24	92e348d12b5d0b2e	4			yes					-1	-1	-1	-1	
28	24	ae2e4d022481bb0c	4			yes					-1	-1	-1	-1	
29	24	d2e674671f1af467	3			yes					30	31	32	
30	29	886e514bf4bc768f	4			yes					-1	-1	-1	-1	
31	29	672fffe013b95bc0	4			yes					-1	-1	-1	-1	
32	29	b98b71c601ea1512	4			yes					-1	-1	-1	-1	
33	23	49a23a03dbeb0c86	4			yes					-1	34	-1	35	
34	33	b4d528e82ddb9353	4			yes					-1	-1	-1	-1	
35	33	52de0a27db51334f	5			yes					-1	-1	-1	-1	36	
36	35	ee0aa20481eba5ca	4			yes					-1	-1	-1	-1	
37	23	ae27d0afa997356f	4			yes					-1	-1	38	39	
38	37	8751b0be34604b1f	5			yes					-1	-1	-1	-1	-1	
39	37	b3f0abe7c3a55c92	3			yes					-1	40	41	
40	39	3743769fdd28fb7d	4			yes					-1	-1	-1	-1	
41	39	f7d07206693bc125	5			yes					-1	-1	-1	-1	-1	
42	23	abba3753623b375b	4			yes					-1	-1	-1	43	
43	42	b66d4c1b08095ea6	3			yes					-1	-1	-1	
44	23	830ed2d0656f9328	4			yes					-1	-1	-1	-1	
45	0	f227a8e5bf9b95bd	5			yes					46	58	64	66	68	
46	45	a3cf0e52c5eef2f2	4			yes					47	51	52	53	
47	46	c86af12377e189df	5			yes					-1	48	-1	-1	50	
48	47	91ec4a821e14f738	4			yes					-1	-1	-1	49	
49	48	da5000ed995e6c28	3			yes					-1	-1	-1	
50	47	83d6bb4cf0ab12cf	4			yes					-1	-1	-1	-1	
51	46	9eca240fa1b091fa	4			yes					-1	-1	-1	-1	
52	46	41f4a50ae10f9f38	4			yes					-1	-1	-1	-1	
53	46	be18751aafdc9b0f	3			yes					54	-1	57	
54	53	3f02136faa11844a	5			yes					-1	55	-1	-1	-1	
55	54	6684a8cec3e4faad	4			yes					-1	-1	-1	-1	
56	53	d8b058bf8cc3f342	4			no					-1	-1	-2	-2	
57	53	565199cec4643126	4			yes					-1	-1	-1	-1	
58	45	81d11ad6c3a29f9f	4			yes					-1	59	60	61	
59	58	32511cc728918ba4	4			yes					-1	-1	-1	-1	
60	58	5105ebd3dae3ebf4	4			yes					-1	-1	-1	-1	
61	58	9c06619ea990f662	3			yes					-1	62	63	
62	61	bb8c36d685ff0ba7	4			yes					-1	-1	-1	-1	
63	61	46a0d717ff8845ea	4			yes					-1	-1	-1	-1	
64	45	0aaaf1070118c91e	4			yes					-1	-1	-1	65	
65	64	3f659f4e8eddcf04	5			yes					-1	-1	-1	-1	-1	
66	45	c744362ed2fd5833	4			yes					-1	-1	-1	67	
67	66	da934d66b8cf31ce	3			yes					-1	-1	-1	
68	45	eff0d3add5a9fc40	4			yes					-1	-1	-1	-1	
69	0	d035c05851535000	5			yes					70	77	82	84	85	
70	69	81dd66ef2b26374f	4			yes					71	73	-1	74	
71	70	20c48e8a5e0cb415	5			yes					-1	-1	-1	-1	72	
72	71	6b78c4e5d9462f05	4			yes					-1	-1	-1	-1	
73	70	fcf01d9f1bd27f13	4			yes					-1	-1	-1	-1	
74	70	9c0a1da741145eb2	3			yes					75	76	-1	
75	74	d7ac6cc683fcb980	5			yes					-1	-1	-1	-1	-1	
76	74	8f51d12088854f38	4			yes					-1	-1	-1	-1	
77	69	a3c3726b2d6a5a22	4			yes					-1	78	-1	80	
78	77	e68a6b7c94ce902d	5			yes					-1	-1	-1	-1	79	
79	78	ad36211313840b3d	4			yes					-1	-1	-1	-1	
80	77	be140923475833df	3			yes					-1	81	-1	
81	80	11e28930493e9db8	5			yes					-1	-1	-1	-1	-1	
82	69	5318a3c90b779563	4			yes					-1	-1	-1	83	
83	82	4ecfd8816145fc9e	3			yes					-1	-1	-1	
84	69	2a6b1741d23f91e6	5			yes					-1	-1	-1	-1	-1	
85	69	cde2bb103b6139fd	4			yes					-1	-1	-1	86	
86	85	2b682074fa853c8a	5			yes					-1	-1	-1	-1	-1	
87	0	773b34ba058a6ce0	6			yes					88	98	106	111	114	116	
88	87	26d3920d7fff0baf	5			yes					89	91	92	93	94	
89	88	929dae144ff7c125	5			yes					-1	-1	-1	-1	90	
90	89	a34e73a41fa00a6a	4			yes					-1	-1	-1	-1	
91	88	b15e2c6828b4580c	4			yes					-1	-1	-1	-1	
92	88	062b2c182f693b8c	5			yes					-1	-1	-1	-1	-1	
93	88	4a87c7b82f4624bb	4			yes					-1	-1	-1	-1	
94	88	ac71fd20d06e2fef	4			yes					95	96	97	-1	
95	94	d6936cd68e2f54e6	5			yes					-1	-1	-1	-1	-1	
96	94	f550eeaae96ccdcf	4			yes					-1	-1	-1	-1	
97	94	2c1810eda7097d31	4			yes					-1	-1	-1	-1	
98	87	04cd868979b366c2	5			yes					-1	99	101	102	103	
99	98	54d34be28535e51d	5			yes					-1	-1	-1	-1	-1	
100	99	65009652d5622e52	4			no					-1	-1	-2	-1	
101	98	96be27e2028afb9a	5			yes					-1	-1	-1	-1	-1	
102	98	6899d33c290a49d6	4			yes					-1	-1	-1	-1	
103	98	8e6fe9a4d6224282	4			yes					-1	104	105	-1	
104	103	10dd892044ed70de	5			yes					-1	-1	-1	-1	-1	
105	103	bc8d1b178aeabd27	4			yes					-1	-1	-1	-1	
106	87	f416572b5faea983	5			yes					-1	-1	107	108	109	
107	106	efef9a3af2e49972	6			yes					-1	-1	-1	-1	-1	-1	
108	106	9842029e0f178697	4			yes					-1	-1	-1	-1	
109	106	7eb43806f03f8dc3	4			yes					-1	-1	110	-1	
110	109	c5dca6cf7a84dfcf	5			yes					-1	-1	-1	-1	-1	
111	87	47c54d8da340a35a	5			yes					-1	-1	-1	112	113	
112	111	2b911838f3f98c4e	4			yes					-1	-1	-1	-1	
113	111	cd6722a00cd1871a	4			yes					-1	-1	-1	-1	
114	87	1b6f610f553343f4	5			yes					-1	-1	-1	-1	115	
115	114	91cd0e22faa267b4	4			yes					-1	-1	-1	-1	
116	87	fd995b97aa1b48a0	5			yes					-1	-1	-1	-1	-1	
117	0	1019843afde90267	5			yes					118	128	138	149	157	
118	117	4b012f8f7680bcdb	5			yes					119	122	125	127	-1	
119	118	e0e9187f479f2ce0	4			yes					120	121	-1	-1	
120	119	148a5007fb0987ec	4			yes					-1	-1	-1	-1	
121	119	7563c50699ff805e	4			yes					-1	-1	-1	-1	
122	118	c82c4c1e2ca479b8	4			yes					-1	123	124	-1	
123	122	f7d928e7fc0b5566	5			yes					-1	-1	-1	-1	-1	
124	122	96d316803515a481	4			yes					-1	-1	-1	-1	
125	118	7bff56b8d04a7361	4			yes					-1	-1	126	-1	
126	125	93a47a4b6ab56634	5			yes					-1	-1	-1	-1	-1	
127	118	7e62b1441be67155	4			yes					-1	-1	-1	-1	
128	117	e5574ec2b378789f	5			yes					129	133	135	137	-1	
129	128	b4bfe875c90d1fd0	4			yes					130	131	132	-1	
130	129	80922e3655956e3f	4			yes					-1	-1	-1	-1	
131	129	67fd7ccf5f2c3289	4			yes					-1	-1	-1	-1	
132	129	6f2f216ac98f96f5	4			yes					-1	-1	-1	-1	
133	128	322cdd5967ce8ecc	4			yes					-1	134	-1	-1	
134	133	223cd0baf04b1df1	4			yes					-1	-1	-1	-1	
135	128	d5a937f515b2b725	4			yes					-1	-1	136	-1	
136	135	edcff89b8a4982f6	5			yes					-1	-1	-1	-1	-1	
137	128	d034d009de1eb511	4			yes					-1	-1	-1	-1	
138	117	89a94fbf03be17f7	5			yes					139	144	147	148	-1	
139	138	d841e90879cb70b8	4			yes					140	142	143	-1	
140	139	37fe6c120b389cfa	5			yes					-1	141	-1	-1	-1	
141	140	6e78d7b362cde21d	4			yes					-1	-1	-1	-1	
142	139	09bb8c6c8fb62e41	4			yes					-1	-1	-1	-1	
143	139	80f5c9620c01b2c1	4			yes					-1	-1	-1	-1	
144	138	fa5ffd8c7f871dd5	4			yes					-1	145	146	-1	
145	144	3a0c2d29bf0f7081	4			yes					-1	-1	-1	-1	
146	144	900487bb37edc60d	4			yes					-1	-1	-1	-1	
147	138	7124165dbd3d4b54	4			yes					-1	-1	-1	-1	
148	138	bccad1746ed8da79	4			yes					-1	-1	-1	-1	
149	117	abbb2702ed76d24a	5			yes					150	153	155	156	-1	
150	149	fa5381b59703b505	4			yes					151	152	-1	-1	
151	150	df5013bb22d5a130	5			yes					-1	-1	-1	-1	-1	
152	150	24c8a04dbebe656e	4			yes					-1	-1	-1	-1	
153	149	d84d9531914fd868	4			yes					-1	154	-1	-1	
154	153	191ef64de8178508	5			yes					-1	-1	-1	-1	-1	
155	149	28964493b7521729	4			yes					-1	-1	-1	-1	
156	149	17f56e0722052ca1	5			yes					-1	-1	-1	-1	-1	
157	117	373f0e626c4c80ec	6			yes					158	163	167	170	172	-1	
158	157	66d7a8d51639e7a3	5			yes					159	160	161	162	-1	
159	158	914df0b19cae3797	5			yes					-1	-1	-1	-1	-1	
160	158	b28e72cdfbedaebe	4			yes					-1	-1	-1	-1	
161	158	05fb72bdfc30cd3e	5			yes					-1	-1	-1	-1	-1	
162	158	0a83fd604680c8b7	4			yes					-1	-1	-1	-1	
163	157	44c9bc5110758ace	5			yes					-1	164	165	166	-1	
164	163	57031547566c13af	5			yes					-1	-1	-1	-1	-1	
165	163	956e7947d1d30d28	5			yes					-1	-1	-1	-1	-1	
166	163	289de9e440cca5da	4			yes					-1	-1	-1	-1	
167	157	b4126df33668458f	5			yes					-1	-1	168	169	-1	
168	167	ec3fc49f21bd6fc0	6			yes					-1	-1	-1	-1	-1	-1	
169	167	d846384666d16a9b	4			yes					-1	-1	-1	-1	
170	157	07c17755ca864f56	5			yes					-1	-1	-1	171	-1	
171	170	6b9522e09a3f6042	4			yes					-1	-1	-1	-1	
172	157	5b6b5bd73cf5aff8	5			yes					-1	-1	-1	-1	-1	
