Number of nodes
406
ID	PID	Hash_Value			File_Number	Fully_Enumerated	Children
0	-1	930cc0941458b217	6			yes					1	53	95	133	170	299	
1	0	cd7266a80cbb18ce	5			yes					2	17	38	48	52	
2	1	25a7a747096fe1d4	4			yes					3	6	8	12	
3	2	1fa035edcca14a9d	4			yes					-1	-1	4	5	
4	3	51ab54bbb1494db0	3			yes					-1	-1	-1	
5	3	5616978bbe5db24c	3			yes					-1	-1	-1	
6	2	29c0afb60af146cc	4			yes					-1	7	-1	-1	
7	6	658195514def9896	3			yes					-1	-1	-1	
8	2	8d0c6129130bf59f	5			yes					-1	9	10	-1	11	
9	8	c14d5bce54152bc5	4			yes					-1	-1	-1	-1	
10	8	52ffcee64918c89e	4			yes					-1	-1	-1	-1	
11	8	6a51d2b41b99fc00	4			yes					-1	-1	-1	-1	
12	2	580ce83eb5852134	5			yes					-1	13	14	15	16	
13	12	144dd2d9f29bff6e	4			yes					-1	-1	-1	-1	
14	12	87ff47f1ef961c35	4			yes					-1	-1	-1	-1	
15	12	c735e71b4beb4d1d	4			yes					-1	-1	-1	-1	
16	12	456b86d0620c3d90	4			yes					-1	-1	-1	-1	
17	1	c0ceb5ee2bde8a0c	4			yes					-1	18	29	36	
18	17	a257746ae1a6bad1	3			yes					19	20	24	
19	18	998fbc691be53587	4			yes					-1	-1	-1	-1	
20	18	281df33f37136589	5			yes					21	22	-1	-1	23	
21	20	3d3e9b3fd830207f	4			yes					-1	-1	-1	-1	
22	20	449d8d2b7652f24d	4			yes					-1	-1	-1	-1	
23	20	cf4040a23f816c16	4			yes					-1	-1	-1	-1	
24	18	fd1d7a28919db122	5			yes					25	26	-1	27	28	
25	24	e83e12287ebef4d4	4			yes					-1	-1	-1	-1	
26	24	919d043cd0dc26e6	4			yes					-1	-1	-1	-1	
27	24	6224750d6ff3dd0b	4			yes					-1	-1	-1	-1	
28	24	e07a14c64614ad86	4			yes					-1	-1	-1	-1	
29	17	d76f9ce9983c6dad	3			yes					30	-1	32	
30	29	545b968329121572	4			yes					-1	-1	-1	-1	
31	30	2806318b8abc3ff3	3			no					-1	-2	-1	
32	29	b4f96acd9fe10d3a	5			yes					33	34	-1	-1	35	
33	32	a1da02cd70c248cc	4			yes					-1	-1	-1	-1	
34	32	d87914d9dea09afe	4			yes					-1	-1	-1	-1	
35	32	7315c22b436c5d57	4			yes					-1	-1	-1	-1	
36	17	9ded296c7c4e2e66	3			yes					37	-1	-1	
37	36	4b71f96569d4aee8	4			yes					-1	-1	-1	-1	
38	1	afeba72cc6c32813	4			yes					-1	-1	39	46	
39	38	b84a8e2b7521cfb2	3			yes					40	-1	41	
40	39	d94ffe46f1033a54	4			yes					-1	-1	-1	-1	
41	39	ec50a89f570a955c	5			yes					42	43	44	-1	45	
42	41	f973c09fb829d0aa	4			yes					-1	-1	-1	-1	
43	41	80d0d68b164b0298	4			yes					-1	-1	-1	-1	
44	41	a011927810144b06	4			yes					-1	-1	-1	-1	
45	41	d73f9ea4ebfb2786	4			yes					-1	-1	-1	-1	
46	38	f2c83bae91538c79	3			yes					47	-1	-1	
47	46	2dc181090699d14a	4			yes					-1	-1	-1	-1	
48	1	dad34fafbf59ff6f	4			yes					-1	-1	-1	49	
49	48	87f0d32de8c95b05	3			yes					50	-1	-1	
50	49	5f1f548dd251f106	5			yes					-1	-1	-1	-1	51	
51	50	0c65cbd5bb361a58	4			yes					-1	-1	-1	-1	
52	1	9051fa2a5b2bbca4	4			yes					-1	-1	-1	-1	
53	0	dd7e15e0a6c18796	5			yes					54	72	82	91	94	
54	53	53be5154622445fa	4			yes					55	59	66	70	
55	54	c08aa9f394f12051	4			yes					-1	56	57	58	
56	55	78350f8508e15c56	3			yes					-1	-1	-1	
57	55	d29ce364bd43e7b3	3			yes					-1	-1	-1	
58	55	893c0b95e60dd880	3			yes					-1	-1	-1	
59	54	312790d0a85c7527	3			yes					60	62	64	
60	59	a91183e577ca70d6	4			yes					-1	-1	-1	61	
61	60	408a6135acbecdf6	3			yes					-1	-1	-1	
62	59	4cbab150f8d846d0	4			yes					63	-1	-1	-1	
63	62	03a223da169f1c1e	3			yes					-1	-1	-1	
64	59	6fc89e8cd2e89c09	5			yes					-1	-1	-1	-1	65	
65	64	1bedb9c85239555a	4			yes					-1	-1	-1	-1	
66	54	441f7853d1c6a25b	3			yes					67	-1	68	
67	66	390e04493d7dbb99	4			yes					-1	-1	-1	-1	
68	66	cfaf7f7dd7f4c0c5	5			yes					-1	-1	-1	-1	69	
69	68	9cd5e025be932b9b	4			yes					-1	-1	-1	-1	
70	54	0e9dcdd635b4e190	3			yes					71	-1	-1	
71	70	945b657b3184c424	4			yes					-1	-1	-1	-1	
72	53	a6db30b5eaefb17a	4			yes					-1	73	75	79	
73	72	85535dcd23240e43	4			yes					74	-1	-1	-1	
74	73	06d0dad37c79c9ef	3			yes					-1	-1	-1	
75	72	219f93523adebd10	5			yes					76	-1	77	-1	78	
76	75	a21c144c65837abc	4			yes					-1	-1	-1	-1	
77	75	fe6c3c9d60cd8011	4			yes					-1	-1	-1	-1	
78	75	c6c220cf324cb48f	4			yes					-1	-1	-1	-1	
79	72	f49f1a459c5069bb	5			yes					80	-1	81	-1	-1	
80	79	771c9d5bc30dae17	4			yes					-1	-1	-1	-1	
81	79	2b6cb58ac64354ba	4			yes					-1	-1	-1	-1	
82	53	bfe7d4646cb9b74b	4			yes					-1	-1	83	89	
83	82	a846fd63df5b50ea	3			yes					-1	84	85	
84	83	75dc0c3dd8d672db	4			yes					-1	-1	-1	-1	
85	83	deccf100a22d6305	5			yes					86	87	88	-1	-1	
86	85	5d4f761efd70a4a9	4			yes					-1	-1	-1	-1	
87	85	16703995a63580c2	4			yes					-1	-1	-1	-1	
88	85	928dcbe7e533bd5f	4			yes					-1	-1	-1	-1	
89	82	e2c448e63b291321	3			yes					-1	90	-1	
90	89	815273722f4c99c5	4			yes					-1	-1	-1	-1	
91	53	cadf3ce715236037	4			yes					-1	-1	-1	92	
92	91	97fca06542b3c45d	3			yes					-1	93	-1	
93	92	f38ca6f6fb84b989	5			yes					-1	-1	-1	-1	-1	
94	53	805d8962f15123fc	4			yes					-1	-1	-1	-1	
95	0	27bfe635ce6ffb99	5			yes					96	113	123	129	132	
96	95	a97fa2810a8a39f5	4			yes					97	105	107	111	
97	96	d3588b98eff54d4c	3			yes					-1	98	101	
98	97	ef6807f8d3903b78	5			yes					-1	-1	99	-1	100	
99	98	309ba83789830679	4			yes					-1	-1	-1	-1	
100	98	0835b465db0232e7	4			yes					-1	-1	-1	-1	
101	97	3a688eef751eefd3	5			yes					-1	-1	102	103	104	
102	101	e59b21202f0dd2d2	4			yes					-1	-1	-1	-1	
103	101	a55181ca8b7083fa	4			yes					-1	-1	-1	-1	
104	101	270fe001a297f377	4			yes					-1	-1	-1	-1	
105	96	da767cc47ba21395	4			yes					-1	-1	-1	106	
106	105	93c0dea2095eeb44	3			yes					-1	-1	-1	
107	96	bede8b86b968de54	3			yes					-1	108	109	
108	107	ed31766284a42619	4			yes					-1	-1	-1	-1	
109	107	c806ce9f5ef0b4ed	5			yes					-1	-1	-1	-1	110	
110	109	9b7c51c737975fb3	4			yes					-1	-1	-1	-1	
111	96	f45c3e035d1a9d9f	3			yes					-1	112	-1	
112	111	8ea7b04cded7f7e0	4			yes					-1	-1	-1	-1	
113	95	5d98cf2c2b108f20	4			yes					-1	114	116	121	
114	113	a8cdf3b243a28a61	4			yes					115	-1	-1	-1	
115	114	2b4e74ac1cff4dcd	3			yes					-1	-1	-1	
116	113	4a39e62b98f26881	3			yes					-1	117	118	
117	116	8571a43238d7c114	4			yes					-1	-1	-1	-1	
118	116	31c56c94450819a7	5			yes					-1	-1	-1	-1	120	
119	118	b246eb8a1a55de0b	4			no					-1	-2	-1	-2	
120	118	f629c472998549ca	4			yes					-1	-1	-1	-1	
121	113	00bb53ae7c802b4a	3			yes					-1	122	-1	
122	121	788d7187de5bb194	4			yes					-1	-1	-1	-1	
123	95	be65d828c5e8f51e	4			yes					-1	-1	124	127	
124	123	bebd1c21876de7d3	5			yes					-1	125	-1	-1	126	
125	124	d23d6235c62c7017	4			yes					-1	-1	-1	-1	
126	124	59e0afbc8fffee4c	4			yes					-1	-1	-1	-1	
127	123	6bbd953621e33378	5			yes					-1	128	-1	-1	-1	
128	127	073deb2260a2a4bc	4			yes					-1	-1	-1	-1	
129	95	301ecf327d8d1c38	4			yes					-1	-1	-1	130	
130	129	6d3d53b02a1db852	3			yes					-1	-1	131	
131	130	6cae29854637e34a	5			yes					-1	-1	-1	-1	-1	
132	95	7a9c7ab799ff5ff3	4			yes					-1	-1	-1	-1	
133	0	e8b5d6b40aa5705d	5			yes					134	148	160	167	169	
134	133	66759200ce40b231	4			yes					135	142	145	146	
135	134	1c52bb192b3fc688	3			yes					136	138	139	
136	135	c6bf5b3b2b681ed3	4			yes					-1	137	-1	-1	
137	136	a40908fee3c8c447	3			yes					-1	-1	-1	
138	135	108de721502ccf32	4			yes					-1	-1	-1	-1	
139	135	e9df59d7d33e2b04	5			yes					-1	140	-1	-1	-1	
140	139	a59e63309420f55e	4			yes					-1	-1	-1	-1	
141	139	76e656f22d50472d	4			no					-1	-2	-2	-2	
142	134	6bc94146e92520f3	3			yes					-1	143	144	
143	142	17eba32535239ca2	4			yes					-1	-1	-1	-1	
144	142	9a056a9a0b72a60d	4			yes					-1	-1	-1	-1	
145	134	fdf50be3f5b2c532	4			yes					-1	-1	-1	-1	
146	134	3b560e8299d0165b	3			yes					-1	-1	147	
147	146	ca9f2bdfc4487f8d	4			yes					-1	-1	-1	-1	
148	133	9292ffadefda04e4	4			yes					-1	149	154	157	
149	148	9f2e2cebc8bf9626	3			yes					-1	150	151	
150	149	bc1e155a79f987bd	4			yes					-1	-1	-1	-1	
151	149	454cabacfaeb638b	5			yes					152	-1	-1	-1	153	
152	151	c6cf2cb2a5b6a427	4			yes					-1	-1	-1	-1	
153	151	582bc5422d627f2f	4			yes					-1	-1	-1	-1	
154	148	623700f58d372a59	5			yes					155	-1	-1	-1	156	
155	154	e1b487ebd26aedf5	4			yes					-1	-1	-1	-1	
156	154	e72451f541a2c890	4			yes					-1	-1	-1	-1	
157	148	cfb1632fb84aa08e	3			yes					-1	-1	158	
158	157	8768cfb47dedc605	5			yes					-1	-1	-1	-1	159	
159	158	f34de8f0fd3c0f56	4			yes					-1	-1	-1	-1	
160	133	e50905f22dc0e29f	4			yes					-1	-1	161	164	
161	160	f9bd21efa4a9a6e5	5			yes					-1	-1	-1	-1	163	
162	161	7a3ea6f1fbf46149	4			no					-1	-1	-1	-2	
163	161	546d038d6102615a	4			yes					-1	-1	-1	-1	
164	160	b82a99707a5046f5	3			yes					-1	-1	165	
165	164	9b061accc89eec5f	5			yes					-1	-1	-1	-1	166	
166	165	ef233d88484f250c	4			yes					-1	-1	-1	-1	
167	133	a4782269516f807d	4			yes					-1	-1	-1	168	
168	167	810422cafea59707	5			yes					-1	-1	-1	-1	-1	
169	133	b5964a365d35d437	4			yes					-1	-1	-1	-1	
170	0	e9a754648ffeab69	5			yes					171	183	195	207	236	
171	170	abe2dd8beab5ae40	4			yes					172	176	182	-1	
172	171	43371c64ef61575a	3			yes					173	174	-1	
173	172	983545488eeb788d	4			yes					-1	-1	-1	-1	
174	172	b66ada4d22abc50a	5			yes					-1	-1	-1	-1	-1	
175	174	bb051a6ca4b8e651	4			no					-1	-2	-2	-2	
176	171	a65e0ecdcdd03c82	3			yes					-1	177	181	
177	176	b826fc699ed4485a	5			yes					178	179	-1	180	-1	
178	177	ad05946971f70dac	4			yes					-1	-1	-1	-1	
179	177	d4a6827ddf95df9e	4			yes					-1	-1	-1	-1	
180	177	16d022a43afd9118	4			yes					-1	-1	-1	-1	
181	176	27c1224b36cbe25b	5			yes					-1	-1	-1	-1	-1	
182	171	c97b1c0f20cd9e9d	3			yes					-1	-1	-1	
183	170	bbeeaec340cf3118	4			yes					184	192	194	-1	
184	183	352eea77842af374	3			yes					185	186	191	
185	184	eeeb5813173ae019	4			yes					-1	-1	-1	-1	
186	184	846915edbc13a838	5			yes					187	188	-1	189	190	
187	186	cb7187675254f2f6	4			yes					-1	-1	-1	-1	
188	186	42f26c840fcca7a3	4			yes					-1	-1	-1	-1	
189	186	8906d5cc3a008b63	4			yes					-1	-1	-1	-1	
190	186	cddfb78bceef50e9	4			yes					-1	-1	-1	-1	
191	184	79f943df42ac479c	5			yes					-1	-1	-1	-1	-1	
192	183	c04b8b960ce107f4	3			yes					-1	193	-1	
193	192	1af928360b7e8d85	5			yes					-1	-1	-1	-1	-1	
194	183	d9776f478ab701c5	3			yes					-1	-1	-1	
195	170	412f5d1628614d17	4			yes					196	203	206	-1	
196	195	cfef19a2ec848f7b	3			yes					197	201	202	
197	196	7f5308ae7a5716ab	5			yes					-1	198	199	200	-1	
198	197	51765498fdd20616	4			yes					-1	-1	-1	-1	
199	197	a0a0a76120442baa	4			yes					-1	-1	-1	-1	
200	197	d1a5d663de7ecfe9	4			yes					-1	-1	-1	-1	
201	196	a023f9070e1c0c11	4			yes					-1	-1	-1	-1	
202	196	7e50f23dcba833b4	5			yes					-1	-1	-1	-1	-1	
203	195	3b08740fcd1e39ae	3			yes					-1	204	205	
204	203	7946fae8a600f020	5			yes					-1	-1	-1	-1	-1	
205	203	bf86560f782fbd3c	5			yes					-1	-1	-1	-1	-1	
206	195	d8f5630b23e64390	3			yes					-1	-1	-1	
207	170	24fbad8f05b1192e	5			yes					208	220	227	234	235	
208	207	aa3be93bc154db42	4			yes					209	213	217	218	
209	208	ace4df96dc77d27c	5			yes					-1	210	211	212	-1	
210	209	e0a5e5719b690c26	4			yes					-1	-1	-1	-1	
211	209	c2c4c1b0e0dfe54d	4			yes					-1	-1	-1	-1	
212	209	0212015b785e0b3e	4			yes					-1	-1	-1	-1	
213	208	43115d728c14c4fc	5			yes					-1	-1	214	215	216	
214	213	16140d6b5bad9ba4	4			yes					-1	-1	-1	-1	
215	213	4e7e9d530a07e7a7	4			yes					-1	-1	-1	-1	
216	213	0aa7ff14fee83c2d	4			yes					-1	-1	-1	-1	
217	208	387e7a0949c09fc7	4			yes					-1	-1	-1	-1	
218	208	6fc6f5c823763469	5			yes					-1	-1	-1	-1	-1	
219	218	01e6ebee1fde0358	4			no					-1	-1	-2	-1	
220	207	5edc8496e0ce6d97	4			yes					-1	221	225	226	
221	220	00772dedf5a29af3	5			yes					222	-1	223	224	-1	
222	221	83f4aaf3aaff5d5f	4			yes					-1	-1	-1	-1	
223	221	6e5733cbc90aadc2	4			yes					-1	-1	-1	-1	
224	221	ae81f320518b43b1	4			yes					-1	-1	-1	-1	
225	220	a29cf16f8258747c	5			yes					-1	-1	-1	-1	-1	
226	220	95eef973b1f43d3e	5			yes					-1	-1	-1	-1	-1	
227	207	29477ec922d48bec	4			yes					-1	-1	228	229	
228	227	49f6bd3dd807a33a	5			yes					-1	-1	-1	-1	-1	
229	227	7f41c6e5f518b522	6			yes					230	231	-1	-1	-1	233	
230	229	fcc241fbaa45728e	5			yes					-1	-1	-1	-1	-1	
231	229	13c1b8f1b45922e6	5			yes					-1	-1	-1	-1	-1	
232	229	2a4496fc22a1ea7a	5			no					-1	-1	-1	-1	-2	
233	229	c335f3081aa638d9	5			yes					-1	-1	-1	-1	-1	
234	207	d636a6f0d97b9315	4			yes					-1	-1	-1	-1	
235	207	0b96b594da35ae2c	4			yes					-1	-1	-1	-1	
236	170	c3484171a3aad5b4	6			yes					237	263	282	293	296	298	
237	236	4d8805c5674f17d8	5			yes					238	244	250	255	256	
238	237	efb745c5d42fcb0e	6			yes					-1	239	240	241	242	243	
239	238	a3f67f2293311554	5			yes					-1	-1	-1	-1	-1	
240	238	3044ea0a8e3cf60f	5			yes					-1	-1	-1	-1	-1	
241	238	41419b087006124c	5			yes					-1	-1	-1	-1	-1	
242	238	b7489491d9aae355	5			yes					-1	-1	-1	-1	-1	
243	238	2c5b866c35cea0a0	5			yes					-1	-1	-1	-1	-1	
244	237	f5e122cbf6f9e586	6			yes					-1	-1	245	246	-1	249	
245	244	37ac6b4953dd56a2	5			yes					-1	-1	-1	-1	-1	
246	244	f88ee2ea70eac6dd	5			yes					-1	-1	-1	-1	-1	
247	246	947da54c9de4a342	4			yes					-1	-1	-1	-1	
248	244	c36d02c68aeb76da	5			no					-1	-1	-2	-2	-2	
249	244	9912656d1bf78019	5			yes					-1	-1	-1	-1	-1	
250	237	48dbf34264d5c118	6			yes					-1	-1	-1	251	253	254	
251	250	45b43363e2c6e243	5			yes					-1	-1	-1	-1	252	
252	251	294774c50fc887dc	4			yes					-1	-1	-1	-1	
253	250	7e57d34f18c75244	5			yes					-1	-1	-1	-1	-1	
254	250	2428b4e489dba487	5			yes					-1	-1	-1	-1	-1	
255	237	28840eb1a7807084	4			yes					-1	-1	-1	-1	
256	237	700e30afc8adb1fa	4			yes					257	259	261	-1	
257	256	32150d35aa81c54a	6			yes					-1	-1	-1	-1	258	-1	
258	257	6aeadc61a704ed11	5			yes					-1	-1	-1	-1	-1	
259	256	eb33e95730beec1e	6			yes					-1	-1	-1	260	-1	-1	
260	259	e65c2976b6adcf45	5			yes					-1	-1	-1	-1	-1	
261	256	560938dea292c880	6			yes					-1	-1	-1	262	-1	-1	
262	261	5b66f8ff2481ebdb	5			yes					-1	-1	-1	-1	-1	
263	236	b96f686846d5a10d	5			yes					-1	264	270	276	277	
264	263	4324b7befdfa8381	6			yes					265	-1	266	267	268	269	
265	264	c0a730a0a2a7442d	5			yes					-1	-1	-1	-1	-1	
266	264	9cd71871a7e9be80	5			yes					-1	-1	-1	-1	-1	
267	264	edd2697359d35ac3	5			yes					-1	-1	-1	-1	-1	
268	264	1bdb66eaf07fabda	5			yes					-1	-1	-1	-1	-1	
269	264	80c874171c1be82f	5			yes					-1	-1	-1	-1	-1	
270	263	bf87ab089228b205	6			yes					271	-1	-1	272	274	275	
271	270	3c042c16cd7575a9	5			yes					-1	-1	-1	-1	-1	
272	270	b2e86b29143b915e	5			yes					-1	-1	-1	-1	273	
273	272	de1b2c8ff935f4c1	4			yes					-1	-1	-1	-1	
274	270	890b8b05ee3a2159	5			yes					-1	-1	-1	-1	-1	
275	270	d374ecae7f26d79a	5			yes					-1	-1	-1	-1	-1	
276	263	dc63631c861ac651	4			yes					-1	-1	-1	-1	
277	263	84e95d02e937072f	4			yes					-1	278	280	-1	
278	277	9e86ff4e83548dc5	6			yes					-1	-1	-1	-1	279	-1	
279	278	c6792e1a8ed1a59e	5			yes					-1	-1	-1	-1	-1	
280	277	a1556094546fbb9d	6			yes					-1	-1	-1	281	-1	-1	
281	280	ac3aa0b5d27c98c6	5			yes					-1	-1	-1	-1	-1	
282	236	cef4923784cf4776	5			yes					-1	-1	283	289	290	
283	282	dc0638cd4049d942	6			yes					284	285	-1	286	287	288	
284	283	5f85bfd31f141eee	5			yes					-1	-1	-1	-1	-1	
285	283	b08646d901084e86	5			yes					-1	-1	-1	-1	-1	
286	283	72f0e600e4600000	5			yes					-1	-1	-1	-1	-1	
287	283	84f9e9994dccf119	5			yes					-1	-1	-1	-1	-1	
288	283	1feafb64a1a8b2ec	5			yes					-1	-1	-1	-1	-1	
289	282	abf899434400202a	4			yes					-1	-1	-1	-1	
290	282	f372a75d2b2de154	4			yes					-1	-1	291	-1	
291	290	01a4703d3ee7d706	6			yes					-1	-1	-1	-1	292	-1	
292	291	595ba1693362ff5d	5			yes					-1	-1	-1	-1	-1	
293	236	a1d180f569d2e569	5			yes					-1	-1	-1	294	295	
294	293	c4dd8b81a91d8235	4			yes					-1	-1	-1	-1	
295	293	9c57b59fc630434b	4			yes					-1	-1	-1	-1	
296	236	a6444a056365b2e8	5			yes					-1	-1	-1	-1	297	
297	296	9bc27f6fcc8714ca	4			yes					-1	-1	-1	-1	
298	236	fece741b0c487396	5			yes					-1	-1	-1	-1	-1	
299	0	a97953a7bf915023	5			yes					300	328	351	376	-1	
300	299	3faf385ebd611e72	5			yes					301	306	320	327	-1	
301	300	d77af9b1b8b5e768	4			yes					302	304	305	-1	
302	301	0c69f0202f41448f	5			yes					-1	-1	-1	-1	303	
303	302	609ab786c24f2110	4			yes					-1	-1	-1	-1	
304	301	8eaaa8a91928c0f6	5			yes					-1	-1	-1	-1	-1	
305	301	f5f1ed6ed77d1048	5			yes					-1	-1	-1	-1	-1	
306	300	3213eb189a048cb0	4			yes					-1	307	316	-1	
307	306	ba05736dd7085b45	6			yes					308	310	-1	312	313	314	
308	307	af261b6d382b1eb3	5			yes					-1	-1	-1	-1	309	
309	308	c3d55ccbd5257b2c	4			yes					-1	-1	-1	-1	
310	307	d6850d799649cc81	5			yes					-1	-1	-1	-1	311	
311	310	ba764adf7b47a91e	4			yes					-1	-1	-1	-1	
312	307	253c7c482966376c	5			yes					-1	-1	-1	-1	-1	
313	307	8c895360ab1ac819	5			yes					-1	-1	-1	-1	-1	
314	307	d6f634cb3a063eda	5			yes					-1	-1	-1	315	-1	
315	314	49cf3beec46852f3	4			yes					-1	-1	-1	-1	
316	306	67c721de5f639cc7	5			yes					317	318	-1	-1	319	
317	316	72e449deb040d931	4			yes					-1	-1	-1	-1	
318	316	0b475fca1e220b03	4			yes					-1	-1	-1	-1	
319	316	a42be277be82f769	4			yes					-1	-1	-1	-1	
320	300	5d36f9da77192eaf	4			yes					-1	-1	321	-1	
321	320	456b239d58b43e95	6			yes					322	323	324	-1	325	326	
322	321	50484b9db7977b63	5			yes					-1	-1	-1	-1	-1	
323	321	29eb5d8919f5a951	5			yes					-1	-1	-1	-1	-1	
324	321	092a197a1faae0cf	5			yes					-1	-1	-1	-1	-1	
325	321	bbccd90206f54219	5			yes					-1	-1	-1	-1	-1	
326	321	2998643bb5ba5b0a	5			yes					-1	-1	-1	-1	-1	
327	300	280e11590e83f9d3	4			yes					-1	-1	-1	-1	
328	299	2fa34b16171b812a	5			yes					329	339	343	350	-1	
329	328	a1630fa2d3fe4346	4			yes					330	332	337	-1	
330	329	d3436c3e77112e43	5			yes					-1	-1	-1	-1	331	
331	330	bfb02b989a1f4bdc	4			yes					-1	-1	-1	-1	
332	329	63011c9fe29d8801	5			yes					-1	334	-1	335	336	
333	332	2c198e150cdad2cf	4			no					-1	-1	-1	-2	
334	332	a59a65f65142879a	4			yes					-1	-1	-1	-1	
335	332	9b84e84a1cc8b8bb	4			yes					-1	-1	-1	-1	
336	332	a0eddf36037ce3af	4			yes					-1	-1	-1	-1	
337	329	6541c69ed2d8218b	5			yes					-1	-1	-1	-1	338	
338	337	a6ad053733394a25	4			yes					-1	-1	-1	-1	
339	328	54066e435b35b7c6	4			yes					-1	340	342	-1	
340	339	22395ad230fd8879	5			yes					-1	-1	-1	-1	341	
341	340	e1d5997bd11ce3d7	4			yes					-1	-1	-1	-1	
342	339	59621f15fea858c7	5			yes					-1	-1	-1	-1	-1	
343	328	4d3a8a92dd63b1f7	4			yes					-1	-1	344	-1	
344	343	77f77a02ad93c8cc	6			yes					345	346	347	-1	348	349	
345	344	f474fd1cf2ce0f60	5			yes					-1	-1	-1	-1	-1	
346	344	bf4bb297a98b2b0b	5			yes					-1	-1	-1	-1	-1	
347	344	3bb640e5ea8d1696	5			yes					-1	-1	-1	-1	-1	
348	344	8950809df3d2b440	5			yes					-1	-1	-1	-1	-1	
349	344	1b043da4409dad53	5			yes					-1	-1	-1	-1	-1	
350	328	38026211a4f9668b	4			yes					-1	-1	-1	-1	
351	299	d562b8c37fb5fd25	5			yes					352	367	373	375	-1	
352	351	5ba2fc77bb503f49	4			yes					353	362	364	-1	
353	352	7d7087aa338b05b4	6			yes					-1	354	356	358	360	361	
354	353	5355db9cb40e1509	5			yes					-1	-1	-1	-1	355	
355	354	3fa69c3a59007096	4			yes					-1	-1	-1	-1	
356	353	a2832865699838b5	5			yes					-1	-1	-1	-1	357	
357	356	ce706fc384965d2a	4			yes					-1	-1	-1	-1	
358	353	e249888fcde5699d	5			yes					-1	-1	-1	-1	-1	
359	358	8ebacf2920eb0c02	4			yes					-1	-1	-1	-1	
360	353	4bfca7a74f9996e8	5			yes					-1	-1	-1	-1	-1	
361	353	1183c00cde85602b	5			yes					-1	-1	-1	-1	-1	
362	352	c9bfb90998421d87	5			yes					-1	-1	-1	-1	363	
363	362	a54cfeaf754c7818	4			yes					-1	-1	-1	-1	
364	352	62e8777c5bdc55a3	5			yes					-1	-1	365	-1	366	
365	364	bd1bd8b301cf68a2	4			yes					-1	-1	-1	-1	
366	364	a104b4d5ba3d3e0d	4			yes					-1	-1	-1	-1	
367	351	af4591da9aca899c	4			yes					-1	368	370	-1	
368	367	b2d5fd62741d5162	5			yes					-1	-1	-1	-1	369	
369	368	de26bac4991334fd	4			yes					-1	-1	-1	-1	
370	367	e6bc477801bd05cf	5			yes					371	-1	-1	-1	372	
371	370	653fc0665ee0c263	4			yes					-1	-1	-1	-1	
372	370	255084d1e05c6e61	4			yes					-1	-1	-1	-1	
373	351	4cb886de7432f3a2	4			yes					-1	-1	374	-1	
374	373	c6409066431b0204	5			yes					-1	-1	-1	-1	-1	
375	351	c2c391c4cc571a84	4			yes					-1	-1	-1	-1	
376	299	1a688842bb7f76e1	5			yes					377	392	403	405	-1	
377	376	94a8ccf67f9ab48d	4			yes					378	387	390	-1	
378	377	aec7509295abc163	6			yes					-1	379	381	383	384	386	
379	378	e2866a75d2b51f39	5			yes					-1	-1	-1	-1	380	
380	379	8e752dd33fbb7aa6	4			yes					-1	-1	-1	-1	
381	378	c0e74eb4a903f652	5			yes					-1	-1	-1	-1	382	
382	381	ac140912440d93cd	4			yes					-1	-1	-1	-1	
383	378	31fe5fb76bc5ad4a	5			yes					-1	-1	-1	-1	-1	
384	378	984b709fe9b9523f	5			yes					-1	-1	-1	-1	385	
385	384	f4b8373904b737a0	4			yes					-1	-1	-1	-1	
386	378	c234173478a5a4fc	5			yes					-1	-1	-1	-1	-1	
387	377	677c9a0cdf0d437e	5			yes					-1	-1	-1	388	389	
388	387	9f4d6c6c94a5368d	4			yes					-1	-1	-1	-1	
389	387	a49059a53eec28d0	4			yes					-1	-1	-1	-1	
390	377	d47441852a5a204c	5			yes					-1	-1	-1	-1	391	
391	390	b8870623c75445d3	4			yes					-1	-1	-1	-1	
392	376	604fa15b5e000258	4			yes					-1	393	402	-1	
393	392	0254a2e9bc7e89ec	6			yes					394	-1	396	398	400	401	
394	393	81d725f7e3234e40	5			yes					-1	-1	-1	-1	395	
395	394	ed2462510e2d2bdf	4			yes					-1	-1	-1	-1	
396	393	6c74bccf80d6bedd	5			yes					-1	-1	-1	-1	397	
397	396	0087fb696dd8db42	4			yes					-1	-1	-1	-1	
398	393	9d6dadcc4210e5c5	5			yes					-1	-1	-1	-1	399	
399	398	f19eea6aaf1e805a	4			yes					-1	-1	-1	-1	
400	393	34d882e4c06c1ab0	5			yes					-1	-1	-1	-1	-1	
401	393	6ea7e54f5170ec73	5			yes					-1	-1	-1	-1	-1	
402	392	fb23262f3ce30728	5			yes					-1	-1	-1	-1	-1	
403	376	17d45b049c1ae423	4			yes					-1	-1	404	-1	
404	403	d2176ab7875a47af	5			yes					-1	-1	-1	-1	-1	
405	376	56a57c9fe0b586c1	4			yes					-1	-1	-1	-1	
