Number of nodes
400
ID	PID	Hash_Value			File_Number	Fully_Enumerated	Children
0	-1	636761edad6360fe	6			yes					1	142	231	302	348	399	
1	0	72d1ee33ff78eba7	5			yes					2	54	73	94	108	
2	1	840ccc56dd73be1c	5			yes					3	19	31	47	53	
3	2	a04e5746df662eae	4			yes					4	5	8	11	
4	3	b3450e858ad2203b	4			yes					-1	-1	-1	-1	
5	3	19e520567083102c	4			yes					-1	6	-1	7	
6	5	894fc68f6a2f4b71	3			yes					-1	-1	-1	
7	5	6aa46686957cd6d7	3			yes					-1	-1	-1	
8	3	4432157e9e2316c3	4			yes					-1	9	10	-1	
9	8	d498f3a7848f4d9e	3			yes					-1	-1	-1	
10	8	d0c7a4bb1fd98428	3			yes					-1	-1	-1	
11	3	12df041034c85ebc	3			yes					12	13	17	
12	11	26434a4a3070c879	4			yes					-1	-1	-1	-1	
13	11	2ad54e6bb489d499	5			yes					-1	14	-1	-1	16	
14	13	ba7fa8b2ae258fc4	4			yes					-1	-1	-1	15	
15	14	977ee1e6dcbf9c0c	3			yes					-1	-1	-1	
16	13	07d4073fc613c751	4			yes					-1	-1	-1	-1	
17	11	86c8f35be47eca61	5			yes					-1	-1	-1	-1	18	
18	17	abc9ba0f96e4d9a9	4			yes					-1	-1	-1	-1	
19	2	4e7d15df4c31a784	4			yes					-1	20	25	28	
20	19	1f53ffd2b7ba0a1d	5			yes					21	22	23	-1	24	
21	20	6856bfffa9cc123c	4			yes					-1	-1	-1	-1	
22	20	f4c3f6b986dff17e	4			yes					-1	-1	-1	-1	
23	20	40effd6035509316	4			yes					-1	-1	-1	-1	
24	20	b8cb82fd5f740b13	4			yes					-1	-1	-1	-1	
25	19	512a667d64eaabde	5			yes					26	27	-1	-1	-1	
26	25	262f26507a9cb3ff	4			yes					-1	-1	-1	-1	
27	25	baba6f16558f50bd	4			yes					-1	-1	-1	-1	
28	19	22935fe08db46b2f	5			yes					29	30	-1	-1	-1	
29	28	55961fcd93c2730e	4			yes					-1	-1	-1	-1	
30	28	c903568bbcd1904c	4			yes					-1	-1	-1	-1	
31	2	895fcfc6ed5d9de9	4			yes					-1	-1	32	37	
32	31	e0b3e72600057d77	5			yes					33	34	35	-1	36	
33	32	97b6a70b1e736556	4			yes					-1	-1	-1	-1	
34	32	e9385cf7badac3a5	4			yes					-1	-1	-1	-1	
35	32	701901ff1aa9262a	4			yes					-1	-1	-1	-1	
36	32	b2172eb5ab36d4fa	4			yes					-1	-1	-1	-1	
37	31	1954d6a19ba29b05	6			yes					38	40	42	-1	44	46	
38	37	6e51968c85d48324	5			yes					-1	-1	-1	-1	39	
39	38	4350dfd8f74e90ec	4			yes					-1	-1	-1	-1	
40	37	10df6d70217d25d7	5			yes					-1	-1	-1	-1	41	
41	40	3dde242453e7361f	4			yes					-1	-1	-1	-1	
42	37	89fe3078810ec058	5			yes					-1	-1	-1	-1	43	
43	42	a4ff792cf394d390	4			yes					-1	-1	-1	-1	
44	37	7424b718c8cd8a83	5			yes					-1	-1	-1	-1	45	
45	44	5925fe4cba57994b	4			yes					-1	-1	-1	-1	
46	37	34559ff5e93888cd	5			yes					-1	-1	-1	-1	-1	
47	2	51f1125f48d7dacd	4			yes					-1	-1	-1	48	
48	47	e3604109a379aadf	3			yes					-1	49	50	
49	48	4e177a782bb9c952	5			yes					-1	-1	-1	-1	-1	
50	48	ff8efb234f561ffb	5			yes					51	52	-1	-1	-1	
51	50	888bbb0e512007da	4			yes					-1	-1	-1	-1	
52	50	f60540f2f589a129	4			yes					-1	-1	-1	-1	
53	2	369d9f0036ddce0e	4			yes					-1	-1	-1	-1	
54	1	b211edef0d4e17af	4			yes					55	61	66	72	
55	54	476001073994e056	3			yes					56	57	58	
56	55	8c3573f3983b503a	4			yes					-1	-1	-1	-1	
57	55	2a647c703d0f4301	4			yes					-1	-1	-1	-1	
58	55	8850375d93acfbbc	5			yes					-1	-1	59	-1	60	
59	58	1ca5869812566957	4			yes					-1	-1	-1	-1	
60	58	5b523e4f9388fb8d	4			yes					-1	-1	-1	-1	
61	54	921d61b74ad0e33a	3			yes					-1	62	63	
62	61	e2594a0ab612a417	4			yes					-1	-1	-1	-1	
63	61	2c9bca48d545b258	5			yes					64	65	-1	-1	-1	
64	63	5b9e8a65cb33aa79	4			yes					-1	-1	-1	-1	
65	63	7ad788f46c1e8b63	4			yes					-1	-1	-1	-1	
66	54	67ec33e698ea737e	3			yes					-1	-1	67	
67	66	d57d60b07344036c	2			yes					68	70	
68	67	e89e9a5547529fa3	5			yes					-1	-1	-1	-1	69	
69	68	c59fd30135c88c6b	4			yes					-1	-1	-1	-1	
70	67	8977e85c641917c6	5			yes					-1	-1	-1	-1	71	
71	70	a476a1081683040e	4			yes					-1	-1	-1	-1	
72	54	0080beb9e6e067bd	3			yes					-1	-1	-1	
73	1	821f9da8f403f495	4			yes					74	79	91	93	
74	73	776e7140c0d9036c	3			yes					75	-1	76	
75	74	ad6495791c6698d9	4			yes					-1	-1	-1	-1	
76	74	86cd7d5db64cf9b6	5			yes					-1	-1	77	-1	78	
77	76	eb06224ee02a344e	4			yes					-1	-1	-1	-1	
78	76	55cf744fb668f987	4			yes					-1	-1	-1	-1	
79	73	cfbb7f285d83f207	3			yes					-1	80	81	
80	79	28ca31d2f85e6572	4			yes					-1	-1	-1	-1	
81	79	df9ac62526037138	6			yes					82	84	86	87	88	90	
82	81	a89f860838756919	5			yes					-1	-1	-1	-1	83	
83	82	859ecf5c4aef7ad1	4			yes					-1	-1	-1	-1	
84	81	89d684999f584803	5			yes					-1	-1	-1	-1	85	
85	84	a4d7cdcdedc25bcb	4			yes					-1	-1	-1	-1	
86	81	88a7186382d21e53	5			yes					-1	-1	-1	-1	-1	
87	81	0a29934710f63fab	5			yes					-1	-1	-1	-1	-1	
88	81	8ec6c0e14793132a	5			yes					-1	-1	-1	-1	89	
89	88	a3c789b5350900e2	4			yes					-1	-1	-1	-1	
90	81	f29b8f71549962f0	5			yes					-1	-1	-1	-1	-1	
91	73	0a445d3e76f48179	3			yes					-1	-1	92	
92	91	a3d9b0b97cadba72	5			yes					-1	-1	-1	-1	-1	
93	73	308ecefe1fad8487	3			yes					-1	-1	-1	
94	1	0f9ce6ccef9e7a5b	4			yes					95	98	105	107	
95	94	faed0a24db448da2	3			yes					96	97	-1	
96	95	d78743fd903cbab9	5			yes					-1	-1	-1	-1	-1	
97	95	d11b4e143fd3e8eb	5			yes					-1	-1	-1	-1	-1	
98	94	4238044c461e7cc9	3			yes					-1	99	104	
99	98	c068a21e9c385c95	5			yes					100	101	-1	102	103	
100	99	b76de233824e44b4	4			yes					-1	-1	-1	-1	
101	99	9624e0a2256365ae	4			yes					-1	-1	-1	-1	
102	99	9240923dd64a6d7c	4			yes					-1	-1	-1	-1	
103	99	e984ea702fc9a731	4			yes					-1	-1	-1	-1	
104	98	ab90656138a5e3c5	5			yes					-1	-1	-1	-1	-1	
105	94	02cfe55cdfb059ae	3			yes					-1	-1	106	
106	105	a049024e4cd29812	5			yes					-1	-1	-1	-1	-1	
107	94	b5860df8ad74d29e	3			yes					-1	-1	-1	
108	1	5f3ae081e4640a8d	5			yes					109	121	134	140	141	
109	108	aa4b0c69d0befd74	4			yes					110	112	114	116	
110	109	c786186d49fae13b	5			yes					-1	-1	-1	-1	111	
111	110	f266d3a05f23c4d9	4			yes					-1	-1	-1	-1	
112	109	7ef90c3786c191b4	5			yes					-1	-1	-1	-1	113	
113	112	4b19c7fa9018b456	4			yes					-1	-1	-1	-1	
114	109	45334daa5e7677dd	5			yes					-1	-1	-1	-1	115	
115	114	70d3866748af523f	4			yes					-1	-1	-1	-1	
116	109	950a3f190c0a41b6	3			yes					117	119	-1	
117	116	29ec25fe651ef207	5			yes					-1	-1	-1	-1	118	
118	117	04ed6caa1784e1cf	4			yes					-1	-1	-1	-1	
119	116	b32083b3e5d9dc42	5			yes					-1	-1	-1	-1	120	
120	119	9e21cae79743cf8a	4			yes					-1	-1	-1	-1	
121	108	129e02014de40c1f	4			yes					-1	122	127	130	
122	121	7b2fe32782f72b57	5			yes					123	124	-1	125	126	
123	122	0c2aa30a9c813376	4			yes					-1	-1	-1	-1	
124	122	2d63a19b3bac126c	4			yes					-1	-1	-1	-1	
125	122	00cd2a2e707a5a0d	4			yes					-1	-1	-1	-1	
126	122	c04e135a9736e782	4			yes					-1	-1	-1	-1	
127	121	de3ea67acfa35ac6	5			yes					128	129	-1	-1	-1	
128	127	a93be657d1d542e7	4			yes					-1	-1	-1	-1	
129	127	8872e4c676f863fd	4			yes					-1	-1	-1	-1	
130	121	2ddf31719150b0dd	3			yes					-1	131	-1	
131	130	34ca902cb8a5d6ab	5			yes					132	133	-1	-1	-1	
132	131	43cfd001a6d3ce8a	4			yes					-1	-1	-1	-1	
133	131	6286d29001feef90	4			yes					-1	-1	-1	-1	
134	108	5269e311d44a2978	4			yes					-1	-1	135	139	
135	134	d5e7c155bbd42111	5			yes					136	137	138	-1	-1	
136	135	a2e28178a5a23930	4			yes					-1	-1	-1	-1	
137	135	83ab83e9028f182a	4			yes					-1	-1	-1	-1	
138	135	454d278ca1787a4c	4			yes					-1	-1	-1	-1	
139	134	6d28d06108fe95ba	3			yes					-1	-1	-1	
140	108	8ac73e8871c06e5c	4			yes					-1	-1	-1	-1	
141	108	607bd3f138d0b64f	4			yes					-1	-1	-1	-1	
142	0	1b787e47e7f1e561	5			yes					-1	143	182	199	208	
143	142	4b5c78a8e5a847bf	5			yes					144	157	163	177	181	
144	143	4b773fa31145f904	4			yes					145	146	151	154	
145	144	0a832ba87e1303bb	4			yes					-1	-1	-1	-1	
146	144	df299cb2c049fb48	5			yes					147	148	149	-1	150	
147	146	a46ef57efa1f5fc2	4			yes					-1	-1	-1	-1	
148	146	2490077c3ab4bad9	4			yes					-1	-1	-1	-1	
149	146	5c844624dae8954f	4			yes					-1	-1	-1	-1	
150	146	78b1e19d2887fa46	4			yes					-1	-1	-1	-1	
151	144	83afdd7fc5cb8eec	5			yes					-1	152	-1	-1	153	
152	151	781646b13f36cf7d	4			yes					-1	-1	-1	-1	
153	151	30d79bd0296bf05f	4			yes					-1	-1	-1	-1	
154	144	d559ed3f0f5f7982	5			yes					-1	155	156	-1	-1	
155	154	2ee076f1f5a23813	4			yes					-1	-1	-1	-1	
156	154	5bb5e350e1d102a8	4			yes					-1	-1	-1	-1	
157	143	6a14c9c4bac9898d	4			yes					-1	158	159	160	
158	157	7c2a0145bca7924f	5			yes					-1	-1	-1	-1	-1	
159	157	7350990e7d1c83b8	4			yes					-1	-1	-1	-1	
160	157	d8859a925167f99f	3			yes					161	162	-1	
161	160	3145cf1021e05d7a	5			yes					-1	-1	-1	-1	-1	
162	160	5d883cbb08e382fe	5			yes					-1	-1	-1	-1	-1	
163	143	460f7b38d586644a	4			yes					-1	-1	164	168	
164	163	e58de3ccb2814b21	5			yes					165	166	167	-1	-1	
165	164	cfe135b8e9c3c9dc	4			yes					-1	-1	-1	-1	
166	164	ec06581d085ef5f3	4			yes					-1	-1	-1	-1	
167	164	2d7097a65f9dbcf6	4			yes					-1	-1	-1	-1	
168	163	1c6ad24b2926ad53	6			yes					169	171	173	-1	175	176	
169	168	3606043f72642fae	5			yes					-1	-1	-1	-1	170	
170	169	1b074d6b00fe3c66	4			yes					-1	-1	-1	-1	
171	168	15e1699a93f91381	5			yes					-1	-1	-1	-1	172	
172	171	38e020cee1630049	4			yes					-1	-1	-1	-1	
173	168	d497a621c43a5a84	5			yes					-1	-1	-1	-1	174	
174	173	f996ef75b6a0494c	4			yes					-1	-1	-1	-1	
175	168	711ab3f27a49bcd5	5			yes					-1	-1	-1	-1	-1	
176	168	316b9b1f5bbcbe9b	5			yes					-1	-1	-1	-1	-1	
177	143	9ea1a6a1700c236e	4			yes					-1	-1	-1	178	
178	177	2c30f5f79ba2537c	3			yes					179	-1	180	
179	178	c0cb58d22fb6f7d3	5			yes					-1	-1	-1	-1	-1	
180	178	fab0ffc9fdd229ad	5			yes					-1	-1	-1	-1	-1	
181	143	f9cd2bfe0e0637ad	4			yes					-1	-1	-1	-1	
182	142	76527cee15049009	4			yes					183	192	196	198	
183	182	76793be5e1e92eb2	3			yes					184	185	186	
184	183	7cd65a2268b1b2bf	4			yes					-1	-1	-1	-1	
185	183	ec8c80e28f846703	4			yes					-1	-1	-1	-1	
186	183	36934803382c28cf	6			yes					-1	187	188	-1	190	191	
187	186	0c494a207d33ac09	5			yes					-1	-1	-1	-1	-1	
188	186	e873711d5ab61f05	5			yes					-1	-1	-1	-1	189	
189	188	c5723849282c0ccd	4			yes					-1	-1	-1	-1	
190	186	67cf4ec759bc4add	5			yes					-1	-1	-1	-1	-1	
191	186	1b9201574ab63b07	5			yes					-1	-1	-1	-1	-1	
192	182	cfd6a00b277117ec	3			yes					-1	-1	193	
193	192	bf4ffec088a8fc80	6			yes					-1	-1	194	-1	-1	195	
194	193	6f6305f6c8f88734	5			yes					-1	-1	-1	-1	-1	
195	193	924eb794fa32ef48	5			yes					-1	-1	-1	-1	-1	
196	182	0b3ec8b82d36494c	3			yes					-1	-1	197	
197	196	6a5cc89f487787d1	5			yes					-1	-1	-1	-1	-1	
198	182	c4c32fb8feaae01b	3			yes					-1	-1	-1	
199	142	85b637cec941b811	4			yes					200	204	206	207	
200	199	859d70c53dac06aa	3			yes					201	202	203	
201	200	b5b82b0b11df2453	5			yes					-1	-1	-1	-1	-1	
202	200	90c0652d62c29a04	5			yes					-1	-1	-1	-1	-1	
203	200	9a0cdc37c5aaf938	5			yes					-1	-1	-1	-1	-1	
204	199	3c32eb2bfb343ff4	3			yes					-1	205	-1	
205	204	deb668e27817dd8f	5			yes					-1	-1	-1	-1	-1	
206	199	03b570da8472919b	3			yes					-1	-1	-1	
207	199	3facdcfa8bab10d4	3			yes					-1	-1	-1	
208	142	d5103183c2bbc8c7	5			yes					209	220	225	229	230	
209	208	d53b76883656767c	4			yes					210	212	214	216	
210	209	4f581c6fe93c8b6c	5			yes					-1	-1	-1	-1	211	
211	210	7ab8d7a2ffe5ae8e	4			yes					-1	-1	-1	-1	
212	209	99e8841f544b52b4	5			yes					-1	-1	-1	-1	213	
213	212	47829b2e4a1cb86a	4			yes					-1	-1	-1	-1	
214	209	2ae4205028d35101	5			yes					-1	-1	-1	-1	215	
215	214	f48e3f613684bbdf	4			yes					-1	-1	-1	-1	
216	209	ea7a45f8eae2cabe	3			yes					217	218	219	
217	216	056a7d995581df13	5			yes					-1	-1	-1	-1	-1	
218	216	9480923c4a38b85b	5			yes					-1	-1	-1	-1	-1	
219	216	278c367336a0bbee	5			yes					-1	-1	-1	-1	-1	
220	208	6c94ed66f0ce4f22	4			yes					-1	221	222	224	
221	220	50e02a9816906811	5			yes					-1	-1	-1	-1	-1	
222	220	b163db3b83e197f6	5			yes					-1	-1	-1	-1	223	
223	222	848310f69538b214	4			yes					-1	-1	-1	-1	
224	220	53d5de162c7af3e0	3			yes					-1	-1	-1	
225	208	531376978f88e14d	4			yes					-1	-1	226	227	
226	225	15756b103d282b38	5			yes					-1	-1	-1	-1	-1	
227	225	6c5245e7533c5d8f	3			yes					-1	-1	228	
228	227	60dba80bca2e923b	5			yes					-1	-1	-1	-1	-1	
229	208	00edef8a571fac16	4			yes					-1	-1	-1	-1	
230	208	ea5102f31e0f7405	4			yes					-1	-1	-1	-1	
231	0	6dcfb97eb152ebc9	5			yes					-1	-1	232	268	276	
232	231	cb921c8064b9f314	5			yes					233	248	260	264	267	
233	232	cbb95b8b90544daf	4			yes					234	238	240	241	
234	233	4d92ce9b162951fa	5			yes					-1	235	236	-1	237	
235	234	26aec3df8880e306	4			yes					-1	-1	-1	-1	
236	234	20599188404f9c02	4			yes					-1	-1	-1	-1	
237	234	bf32fa77a249417a	4			yes					-1	-1	-1	-1	
238	233	3ebc8fcd9c2b3a9a	5			yes					-1	-1	-1	-1	239	
239	238	cc1cbb21284b2a1a	4			yes					-1	-1	-1	-1	
240	233	805f4737cb8fb065	5			yes					-1	-1	-1	-1	-1	
241	233	2f31ad836a1d8bcf	6			yes					-1	242	244	-1	246	247	
242	241	d40f0b2d95215526	5			yes					-1	-1	-1	-1	243	
243	242	f90e4279e7bb46ee	4			yes					-1	-1	-1	-1	
244	241	bf7dc2614b5d716b	5			yes					-1	-1	-1	-1	245	
245	244	927c8b3539c762a3	4			yes					-1	-1	-1	-1	
246	241	7e6dab470b8de9dd	5			yes					-1	-1	-1	-1	-1	
247	241	0230e4d718879807	5			yes					-1	-1	-1	-1	-1	
248	232	2236f2a801bc5cb3	4			yes					-1	249	251	253	
249	248	4353e082089a1cb3	5			yes					-1	-1	-1	-1	250	
250	249	b1f3d46ebcfa0c33	4			yes					-1	-1	-1	-1	
251	248	da7b069034f54eed	5			yes					-1	-1	-1	-1	252	
252	251	9baf75b504df1132	4			yes					-1	-1	-1	-1	
253	248	7515ec2495677547	6			yes					254	-1	256	-1	258	259	
254	253	5f793a50ce25f7ba	5			yes					-1	-1	-1	-1	255	
255	254	72787304bcbfe472	4			yes					-1	-1	-1	-1	
256	253	e55983c6b4278fe3	5			yes					-1	-1	-1	-1	257	
257	256	c858ca92c6bd9c2b	4			yes					-1	-1	-1	-1	
258	253	2449eae0f4f71755	5			yes					-1	-1	-1	-1	-1	
259	253	5814a570e7fd668f	5			yes					-1	-1	-1	-1	-1	
260	232	9b49c8d811c49a6f	4			yes					-1	-1	-1	261	
261	260	29d89b8efa6aea7d	3			yes					262	263	-1	
262	261	1f1eb233286f2a2b	5			yes					-1	-1	-1	-1	-1	
263	261	62f1dd7cbcde0c02	5			yes					-1	-1	-1	-1	-1	
264	232	0bc52e2d0f3b0875	4			yes					-1	-1	-1	265	
265	264	009604d93cfa3bc9	6			yes					-1	-1	-1	-1	-1	266	
266	265	2d974d8d4e602801	5			yes					-1	-1	-1	-1	-1	
267	232	79034fd68f178306	4			yes					-1	-1	-1	-1	
268	231	7399ce4f949c4d4c	4			yes					269	272	274	275	
269	268	73b289446071f3f7	3			yes					270	271	-1	
270	269	a6d99fc6e091a2c3	5			yes					-1	-1	-1	-1	-1	
271	269	9a10059cba01044d	5			yes					-1	-1	-1	-1	-1	
272	268	9a3d2067f199e2eb	3			yes					-1	273	-1	
273	272	e7ff6ad32eb02264	5			yes					-1	-1	-1	-1	-1	
274	268	53954217d302b9d9	3			yes					-1	-1	-1	
275	268	c983257bd676e589	3			yes					-1	-1	-1	
276	231	233fc8029f663d9a	5			yes					277	289	296	300	301	
277	276	23148f096b8b8321	4			yes					278	282	283	285	
278	277	98660b906b82f4b7	5			yes					-1	279	280	-1	281	
279	278	f35a06d4f52b464b	4			yes					-1	-1	-1	-1	
280	278	0c93ba55ea78665c	4			yes					-1	-1	-1	-1	
281	278	460c14a175d51e69	4			yes					-1	-1	-1	-1	
282	277	94ddd893c0c06fa8	5			yes					-1	-1	-1	-1	-1	
283	277	4736860863dde26f	5			yes					-1	-1	-1	-1	284	
284	283	a6bab14187625b66	4			yes					-1	-1	-1	-1	
285	277	1c55bc79b73f3fe3	3			yes					286	287	288	
286	285	950e1db375f11e58	5			yes					-1	-1	-1	-1	-1	
287	285	f49f776d826a1ac7	5			yes					-1	-1	-1	-1	-1	
288	285	56a6724381bf5cea	5			yes					-1	-1	-1	-1	-1	
289	276	ca9b262afa63923d	4			yes					-1	290	291	293	
290	289	e932b7dc54714981	5			yes					-1	-1	-1	-1	-1	
291	289	1d12c7af9ca71ce7	5			yes					-1	-1	-1	-1	292	
292	291	fc9ef0e67818a5ee	4			yes					-1	-1	-1	-1	
293	289	f5da155a26d72eff	3			yes					-1	294	295	
294	293	8970182216db3cee	5			yes					-1	-1	-1	-1	-1	
295	293	0c8233e47ec5a262	5			yes					-1	-1	-1	-1	-1	
296	276	0333445ad8f8c90f	4			yes					-1	-1	297	299	
297	296	9697dcb5e81b3262	5			yes					-1	-1	-1	-1	298	
298	297	a3771778fec21780	4			yes					-1	-1	-1	-1	
299	296	3c72772a044c75cd	3			yes					-1	-1	-1	
300	276	f6c2160b0ac2594b	4			yes					-1	-1	-1	-1	
301	276	1c7efb7243d28158	4			yes					-1	-1	-1	-1	
302	0	89f9a0783a59f03d	5			yes					-1	-1	-1	303	319	
303	302	36dabc72bd5d3898	5			yes					304	309	313	316	318	
304	303	36f1fb7949b08623	4			yes					305	306	307	308	
305	304	c40da321faf31f52	5			yes					-1	-1	-1	-1	-1	
306	304	b1208a654a3efb82	5			yes					-1	-1	-1	-1	-1	
307	304	8bd0153dda894d37	3			yes					-1	-1	-1	
308	304	a48ffe7a539c3881	5			yes					-1	-1	-1	-1	-1	
309	303	df7e525ad858973f	4			yes					-1	310	311	312	
310	309	cccfe52ade8fddab	5			yes					-1	-1	-1	-1	-1	
311	309	625fbc1e4b615c2b	3			yes					-1	-1	-1	
312	309	957dbce3a7234cc2	5			yes					-1	-1	-1	-1	-1	
313	303	7b7e5ef214dd3e0a	4			yes					-1	-1	314	315	
314	313	c65fb0b687e4f51e	3			yes					-1	-1	-1	
315	313	043c314d9ebaf757	5			yes					-1	-1	-1	-1	-1	
316	303	8bfb52362e64f38c	4			yes					-1	-1	-1	317	
317	316	a42b4ba33868178e	3			yes					-1	-1	-1	
318	303	190aa5e7ab51dc9a	4			yes					-1	-1	-1	-1	
319	302	1331b845662bdea0	5			yes					320	333	342	346	347	
320	319	131aff4e92c6601b	4			yes					321	325	328	330	
321	320	fab2377771e04926	5			yes					-1	322	323	-1	324	
322	321	0a64e80222b71958	4			yes					-1	-1	-1	-1	
323	321	97796864278684de	4			yes					-1	-1	-1	-1	
324	321	24d828466fb7a3f8	4			yes					-1	-1	-1	-1	
325	320	8f9f1e33c12dadf6	5			yes					-1	-1	326	-1	327	
326	325	2828c6502e0712bb	4			yes					-1	-1	-1	-1	
327	325	51f50102df7a4728	4			yes					-1	-1	-1	-1	
328	320	e1826255bb471bea	5			yes					-1	-1	-1	-1	329	
329	328	d462a998ad9e3e08	4			yes					-1	-1	-1	-1	
330	320	2c5bcc3e4e72dcd9	3			yes					331	332	-1	
331	330	f7da21546f93a3c9	5			yes					-1	-1	-1	-1	-1	
332	330	82f70810df5e4719	5			yes					-1	-1	-1	-1	-1	
333	319	fa95566d032e7107	4			yes					-1	334	338	340	
334	333	f270717c559c8bdf	5			yes					335	-1	336	-1	337	
335	334	d81ca7080ede0922	4			yes					-1	-1	-1	-1	
336	334	55c7a91fbab63492	4			yes					-1	-1	-1	-1	
337	334	2c1a6e4d4bcb6101	4			yes					-1	-1	-1	-1	
338	333	92da7208a29a7bba	5			yes					-1	-1	-1	-1	339	
339	338	a73ab9c5b4435e58	4			yes					-1	-1	-1	-1	
340	333	c5d4651ddf9acdc5	3			yes					-1	341	-1	
341	340	ff18675f4bef6130	5			yes					-1	-1	-1	-1	-1	
342	319	5e955ac5cfabd832	4			yes					-1	-1	343	345	
343	342	9cd76976b073ae74	5			yes					-1	-1	-1	-1	344	
344	343	a937a2bba6aa8b96	4			yes					-1	-1	-1	-1	
345	342	61d469b5131f64f0	3			yes					-1	-1	-1	
346	319	9b6a78d3e4dcab4c	4			yes					-1	-1	-1	-1	
347	319	2c708b35ba9f6262	4			yes					-1	-1	-1	-1	
348	0	c2bbcb8902c81736	5			yes					-1	-1	-1	-1	349	
349	348	8d9f897293821532	4			yes					350	363	375	388	
350	349	a7c7df73ba6c0f2b	5			yes					351	354	359	361	362	
351	350	52b6339b8eb6f8d2	4			yes					-1	-1	-1	352	
352	351	deb7abb470d7f83d	6			yes					-1	-1	-1	-1	-1	353	
353	352	4d762e485931b077	5			yes					-1	-1	-1	-1	-1	
354	350	ea633df313ec09b9	4			yes					-1	355	-1	357	
355	354	f4da56652760d33e	6			yes					-1	-1	-1	-1	-1	356	
356	355	c13a9da831b9f6dc	5			yes					-1	-1	-1	-1	-1	
357	354	67b5d967f03df532	3			yes					-1	358	-1	
358	357	52fb1854185fbe96	6			yes					-1	-1	-1	-1	-1	-1	
359	350	aa94dce38a422cde	4			yes					-1	-1	-1	360	
360	359	274238776993d055	3			yes					-1	-1	-1	
361	350	3850e96c4ea52e15	4			yes					-1	-1	-1	-1	
362	350	2a113be759bdf3a0	4			yes					-1	-1	-1	-1	
363	349	2ded0e719cb3cd61	5			yes					364	368	371	373	374	
364	363	2dc6497a685e73da	4			yes					-1	365	-1	366	
365	364	bc0a4ef0c8f5605a	5			yes					-1	-1	-1	-1	-1	
366	364	a010adee8b8f8f51	3			yes					-1	367	-1	
367	366	01ada3e5454aff23	5			yes					-1	-1	-1	-1	-1	
368	363	9469d294aec64a84	4			yes					-1	-1	-1	369	
369	368	2ae73d25ad401816	6			yes					-1	-1	-1	-1	-1	370	
370	369	b926b8d984a6505c	5			yes					-1	-1	-1	-1	-1	
371	363	abee4965d180e4eb	4			yes					-1	-1	-1	372	
372	371	2638adf132511860	3			yes					-1	-1	-1	
373	363	b27a386e687aec5f	4			yes					-1	-1	-1	-1	
374	363	a03beae57f6231ea	4			yes					-1	-1	-1	-1	
375	349	dbc2f7f0c16e383c	5			yes					376	381	383	386	387	
376	375	dbe9b0fb35838687	4			yes					377	-1	-1	379	
377	376	926b6bbd5bc92d68	6			yes					-1	-1	-1	-1	-1	378	
378	377	a78ba0704d10088a	5			yes					-1	-1	-1	-1	-1	
379	376	563f546fd6527a0c	3			yes					380	-1	-1	
380	379	344a258c64f640c0	6			yes					-1	-1	-1	-1	-1	-1	
381	375	326619d8a46b979b	4			yes					-1	-1	-1	382	
382	381	bfb0fd4c47ba6b10	3			yes					-1	-1	-1	
383	375	fbce7ba886f0cca9	4			yes					-1	-1	-1	384	
384	383	f78f634d44be81a9	6			yes					-1	-1	-1	-1	-1	385	
385	384	644ee6b16d58c9e3	5			yes					-1	-1	-1	-1	-1	
386	375	4455c1ef35a71902	4			yes					-1	-1	-1	-1	
387	375	5614136422bfc4b7	4			yes					-1	-1	-1	-1	
388	349	473c48a37be9432c	5			yes					389	394	397	398	-1	
389	388	47170fa88f04fd97	4			yes					390	392	-1	-1	
390	389	f0bf575a41ab90f9	6			yes					-1	-1	-1	-1	-1	391	
391	390	c55f9c975772b51b	5			yes					-1	-1	-1	-1	-1	
392	389	85927e1ef1667429	6			yes					-1	-1	-1	-1	-1	393	
393	392	b072b5d3e7bf51cb	5			yes					-1	-1	-1	-1	-1	
394	388	ae98a68b1eecec8b	4			yes					-1	395	-1	-1	
395	394	f87d115165d75200	6			yes					-1	-1	-1	-1	-1	396	
396	395	cd9dda9c730e77e2	5			yes					-1	-1	-1	-1	-1	
397	388	0a98aa23d26945be	4			yes					-1	-1	-1	-1	
398	388	fa1da6e7e8d08838	4			yes					-1	-1	-1	-1	
399	0	2c4323163c2962fa	5			yes					-1	-1	-1	-1	-1	
