Number of nodes
169
ID	PID	Hash_Value			File_Number	Fully_Enumerated	Children
0	-1	aebfddaebaddf332	6			yes					1	22	43	64	81	114	
1	0	7a772191f7575227	5			yes					2	7	14	19	21	
2	1	0282643f993cab71	4			yes					3	4	-1	5	
3	2	b0f43242859c12b0	4			yes					-1	-1	-1	-1	
4	2	8b457bfc018168e3	4			yes					-1	-1	-1	-1	
5	2	93ba8fd59408f0bb	5			yes					-1	-1	-1	-1	6	
6	5	8c4a8178264634b0	4			yes					-1	-1	-1	-1	
7	1	29a9be75da648481	4			yes					-1	8	9	10	
8	7	588b79b818fd6d80	5			yes					-1	-1	-1	-1	-1	
9	7	fc8772a63690554e	4			yes					-1	-1	-1	-1	
10	7	67dfcdf2608bc504	3			yes					11	12	13	
11	10	59d62275c2eca2a6	4			yes					-1	-1	-1	-1	
12	10	08116834d7823dc2	5			yes					-1	-1	-1	-1	-1	
13	10	74f978e5981e6c08	4			yes					-1	-1	-1	-1	
14	1	a203e9644e9b0209	4			yes					-1	-1	15	16	
15	14	0d24fd9ae0affb8f	5			yes					-1	-1	-1	-1	-1	
16	14	ec759ae3f474438c	3			yes					-1	-1	18	
17	16	78a34396e50592d6	4			no					-1	-1	-1	-2	
18	16	62ba29e6762a0655	5			yes					-1	-1	-1	-1	-1	
19	1	bd296138407b3e5b	4			yes					-1	-1	-1	20	
20	19	f35f12bffa947fde	3			yes					-1	-1	-1	
21	1	340152164db813a2	4			yes					-1	-1	-1	-1	
22	0	9b8a9133ed755e22	5			yes					23	31	35	40	42	
23	22	d9a9ac045b0d7510	4			yes					24	25	26	27	
24	23	229a283473af95c7	4			yes					-1	-1	-1	-1	
25	23	cd6dc4053f1d51c9	4			yes					-1	-1	-1	-1	
26	23	a40e3cd3c6678199	4			yes					-1	-1	-1	-1	
27	23	97dfdf83e1e23495	3			yes					-1	29	30	
28	27	3bc73f87747e631c	4			no					-1	-1	-1	-2	
29	27	3e8bfc6fdb99abfc	4			yes					-1	-1	-1	-1	
30	27	e990544423754242	4			yes					-1	-1	-1	-1	
31	22	137fc6ec027756e5	4			yes					-1	32	-1	33	
32	31	2e8cc58cebe7dd05	4			yes					-1	-1	-1	-1	
33	31	4e6407ef00acbefb	5			yes					-1	-1	-1	-1	34	
34	33	51940942b2e27af0	4			yes					-1	-1	-1	-1	
35	22	43fe59c654b90e0c	4			yes					-1	-1	36	37	
36	35	6cfc60ce1c6a5948	5			yes					-1	-1	-1	-1	-1	
37	35	0d882a41ee564f89	3			yes					-1	38	39	
38	37	d8f96ef5932d6bdb	4			yes					-1	-1	-1	-1	
39	37	0362b4b28aefa492	5			yes					-1	-1	-1	-1	-1	
40	22	5cd4d19a5a59325e	4			yes					-1	-1	-1	41	
41	40	12a2a21de0b673db	3			yes					-1	-1	-1	
42	22	d5fce2b4579a1fa7	4			yes					-1	-1	-1	-1	
43	0	a1c1cdad0862d97e	5			yes					44	53	59	61	63	
44	43	e3e2f09abe1af24c	4			yes					45	47	48	49	
45	44	cfebcc0497bdd316	5			yes					-1	-1	-1	-1	46	
46	45	360e44ba9a921475	4			yes					-1	-1	-1	-1	
47	44	630946931bac701b	4			yes					-1	-1	-1	-1	
48	44	4dea08f663db091e	4			yes					-1	-1	-1	-1	
49	44	ad94831d04f5b3c9	3			yes					50	51	52	
50	49	29fe4a1728dcd07e	5			yes					-1	-1	-1	-1	-1	
51	49	319ff67d59199beb	4			yes					-1	-1	-1	-1	
52	49	0074606186c9cac5	4			yes					-1	-1	-1	-1	
53	43	0f2ad84dcabe686d	4			yes					-1	54	55	56	
54	53	4e971acb5c78bda0	5			yes					-1	-1	-1	-1	-1	
55	53	4f60d932fe388671	4			yes					-1	-1	-1	-1	
56	53	415cabca705129e8	3			yes					-1	57	58	
57	56	a8829cd8e319bec8	5			yes					-1	-1	-1	-1	-1	
58	56	02feb1a51b2a45aa	4			yes					-1	-1	-1	-1	
59	43	65e01bf97967b7d8	4			yes					-1	-1	-1	60	
60	59	a86b38803ae0f477	5			yes					-1	-1	-1	-1	-1	
61	43	669f8d04bf4eb502	4			yes					-1	-1	-1	62	
62	61	28e9fe8305a1f487	3			yes					-1	-1	-1	
63	43	efb7be2ab28d98fb	4			yes					-1	-1	-1	-1	
64	0	e612c2389e7df7f7	5			yes					65	72	76	78	79	
65	64	a431ff0f2805dcc5	4			yes					66	68	-1	69	
66	65	81a90167f3b83cf7	5			yes					-1	-1	-1	-1	67	
67	66	784c89d9fe97fb94	4			yes					-1	-1	-1	-1	
68	65	79b8ba2a0564b0a4	4			yes					-1	-1	-1	-1	
69	65	ea478c8892ea9d40	3			yes					70	71	-1	
70	69	67bc87744cd93f9f	5			yes					-1	-1	-1	-1	-1	
71	69	584754f34f207d71	4			yes					-1	-1	-1	-1	
72	64	48f9d7d85ca146e4	4			yes					-1	73	-1	74	
73	72	f873c7025540d01b	5			yes					-1	-1	-1	-1	-1	
74	72	068fa45fe64e0761	3			yes					-1	75	-1	
75	74	d98c29db1f041dce	5			yes					-1	-1	-1	-1	-1	
76	64	b5cc5ddcb34e2151	4			yes					-1	-1	-1	77	
77	76	fbba2e5b09a160d4	3			yes					-1	-1	-1	
78	64	246d45fb01d07ab2	5			yes					-1	-1	-1	-1	-1	
79	64	a864b1bf2492b672	4			yes					-1	-1	-1	80	
80	79	c84329f17c515c34	5			yes					-1	-1	-1	-1	-1	
81	0	7b8ed804bfd3eb8f	6			yes					82	93	102	108	111	113	
82	81	39ade53309abc0bd	5			yes					83	85	86	88	89	
83	82	32a8dcdb5fda1ec9	6			yes					-1	-1	-1	-1	-1	84	
84	83	cb4d546552f5d9aa	5			yes					-1	-1	-1	-1	-1	
85	82	4fea2c4a963dee17	4			yes					-1	-1	-1	-1	
86	82	aca9c7701fc63832	5			yes					-1	-1	-1	-1	87	
87	86	554c4fce12e9ff51	4			yes					-1	-1	-1	-1	
88	82	2601801fe47bcc91	4			yes					-1	-1	-1	-1	
89	82	3aed27ddbbf33bb7	4			yes					90	91	92	-1	
90	89	2afd61cf1fed9943	5			yes					-1	-1	-1	-1	-1	
91	89	81ceccc117624e8e	4			yes					-1	-1	-1	-1	
92	89	b4fc7a645ff1bfb8	4			yes					-1	-1	-1	-1	
93	81	d565cde47d0f5a9c	5			yes					-1	94	96	98	99	
94	93	710b91349f00ea72	6			yes					-1	-1	-1	-1	-1	95	
95	94	88ee198a922f2d11	5			yes					-1	-1	-1	-1	-1	
96	93	fc28b3b2958b3b6a	5			yes					-1	-1	-1	-1	97	
97	96	05cd3b0c98a4fc09	4			yes					-1	-1	-1	-1	
98	93	cac9a8c890df56b0	4			yes					-1	-1	-1	-1	
99	93	d6250f0acf57a196	4			yes					-1	100	101	-1	
100	99	695e2c20df376df8	5			yes					-1	-1	-1	-1	-1	
101	99	e47d0ea6d5bcbce0	4			yes					-1	-1	-1	-1	
102	81	285047e092e03d29	5			yes					-1	-1	103	105	106	
103	102	9486f82fc40789d7	6			yes					-1	-1	-1	-1	-1	104	
104	103	6d637091c9284eb4	5			yes					-1	-1	-1	-1	-1	
105	102	37fc22cc7f303105	4			yes					-1	-1	-1	-1	
106	102	2b10850e20b8c623	4			yes					-1	-1	107	-1	
107	106	8cd3453b84300e5d	5			yes					-1	-1	-1	-1	-1	
108	81	a3fa10f1061fbba1	5			yes					-1	-1	-1	109	110	
109	108	bc5675ddebcfb78d	4			yes					-1	-1	-1	-1	
110	108	a0bad21fb44740ab	4			yes					-1	-1	-1	-1	
111	81	6422bd285203e7a3	5			yes					-1	-1	-1	-1	112	
112	111	67627fc6e05b1ca9	4			yes					-1	-1	-1	-1	
113	81	78ce1aea0d8b1085	5			yes					-1	-1	-1	-1	-1	
114	0	24782bb11dea7ae3	5			yes					115	125	135	145	153	
115	114	e482dad59862dbad	5			yes					116	119	122	124	-1	
116	115	9c779f7bf60922fb	4			yes					117	-1	-1	-1	
117	116	ce5f59e9b0e4164a	4			yes					-1	-1	-1	-1	
118	116	50a102f2dd401135	4			yes					-1	-1	-1	-1	
119	115	b75c4531b5510d0b	4			yes					-1	120	121	-1	
120	119	9905265b3ad8d84e	5			yes					-1	-1	-1	-1	-1	
121	119	c20cb8d76907a1fa	4			yes					-1	-1	-1	-1	
122	115	3cf6122021ae8b83	4			yes					-1	-1	123	-1	
123	122	e4b52f5363851c8e	5			yes					-1	-1	-1	-1	-1	
124	115	23dc9a7c2f4eb7d1	4			yes					-1	-1	-1	-1	
125	114	057f6a778240d7a8	5			yes					126	130	132	134	-1	
126	125	475c57403438fc9a	4			yes					-1	128	129	-1	
127	126	045685aec3c1bcab	4			yes					-1	-1	-1	-1	
128	126	1689bd0be3dc281f	4			yes					-1	-1	-1	-1	
129	126	79921bc865457ecf	4			yes					-1	-1	-1	-1	
130	125	8d8a3da86d42df6f	4			yes					-1	131	-1	-1	
131	130	ffe284d42ca3b15d	4			yes					-1	-1	-1	-1	
132	125	dd0ba2823b8c8786	4			yes					-1	-1	133	-1	
133	132	856db2079f40be49	5			yes					-1	-1	-1	-1	-1	
134	125	c2212ade356cbbd4	4			yes					-1	-1	-1	-1	
135	114	3f3436e9675750f4	5			yes					136	140	143	144	-1	
136	135	7d170bded12f7bc6	4			yes					137	138	139	-1	
137	136	92e8aa84200bf693	5			yes					-1	-1	-1	-1	-1	
138	136	cec54313ae133e86	4			yes					-1	-1	-1	-1	
139	136	90762fedc0f9f648	4			yes					-1	-1	-1	-1	
140	135	91df2309a58be1e7	4			yes					-1	141	142	-1	
141	140	13947c4bebce9825	5			yes					-1	-1	-1	-1	-1	
142	140	92fcfe295d1a7927	4			yes					-1	-1	-1	-1	
143	135	fb15e0bd16523e52	4			yes					-1	-1	-1	-1	
144	135	f86a7640d07b3c88	4			yes					-1	-1	-1	-1	
145	114	78e7397cf1487e7d	5			yes					146	149	151	152	-1	
146	145	3ac4044b4730554f	4			yes					147	148	-1	-1	
147	146	dcaa67e7440e1972	5			yes					-1	-1	-1	-1	-1	
148	146	c094ff9264cf5a54	4			yes					-1	-1	-1	-1	
149	145	d60c2c9c3394cf6e	4			yes					-1	150	-1	-1	
150	149	415f82ba34eb3aeb	5			yes					-1	-1	-1	-1	-1	
151	145	2b39a698dc7ba8db	4			yes					-1	-1	-1	-1	
152	145	c808dbfcb6f4313f	5			yes					-1	-1	-1	-1	-1	
153	114	5913b1d389b450d9	6			yes					154	159	163	166	168	-1	
154	153	1b308ce43fcc7beb	5			yes					155	156	157	158	-1	
155	154	6fabba5be86c3b4c	6			yes					-1	-1	-1	-1	-1	-1	
156	154	f897a8afb9080ecf	4			yes					-1	-1	-1	-1	
157	154	f1aaa1f0a8701db7	5			yes					-1	-1	-1	-1	-1	
158	154	049ce9c8d21c77c7	4			yes					-1	-1	-1	-1	
159	153	f7f8a4334b68e1ca	5			yes					-1	160	161	162	-1	
160	159	2c08f7b428b6cff7	6			yes					-1	-1	-1	-1	-1	-1	
161	159	a12bd532223d1eef	5			yes					-1	-1	-1	-1	-1	
162	159	e854c11fa6b8ede6	4			yes					-1	-1	-1	-1	
163	153	0acd2e37a487867f	5			yes					-1	-1	164	165	-1	
164	163	c9859eaf73b1ac52	6			yes					-1	-1	-1	-1	-1	-1	
165	163	15614b1b49578a53	4			yes					-1	-1	-1	-1	
166	153	81677926307800f7	5			yes					-1	-1	-1	167	-1	
167	166	9ecb1c0adda80cdb	4			yes					-1	-1	-1	-1	
168	153	46bfd4ff64645cf5	5			yes					-1	-1	-1	-1	-1	
