Number of nodes
404
ID	PID	Hash_Value			File_Number	Fully_Enumerated	Children
0	-1	a161e9afdd9dd50f	6			yes					1	51	93	132	170	288	
1	0	2c53d2d7054fb095	5			yes					2	16	36	46	50	
2	1	11ad9c73846a48e8	4			yes					3	5	7	11	
3	2	4e06f2159a89b683	4			yes					-1	-1	-1	4	
4	3	242829aaa80de65d	3			yes					-1	-1	-1	
5	2	21837fefe537a6ca	4			yes					-1	6	-1	-1	
6	5	3ccf2dc46eca2333	3			yes					-1	-1	-1	
7	2	2e15169301cc86fd	5			yes					-1	8	9	-1	10	
8	7	335944b88a310304	4			yes					-1	-1	-1	-1	
9	7	5defe4e562047fd1	4			yes					-1	-1	-1	-1	
10	7	f57effc4eb84338d	4			yes					-1	-1	-1	-1	
11	2	953941b174419001	5			yes					-1	12	13	14	15	
12	11	8875139affbc15f8	4			yes					-1	-1	-1	-1	
13	11	e6c3b3c71789692d	4			yes					-1	-1	-1	-1	
14	11	1d1011209dd90407	4			yes					-1	-1	-1	-1	
15	11	4e34e5af1c9cbb36	4			yes					-1	-1	-1	-1	
16	1	9b6e8767d628e492	4			yes					-1	17	28	34	
17	16	4be00152ff3ea9ac	3			yes					18	19	23	
18	17	9adbb62a07d38d7e	4			yes					-1	-1	-1	-1	
19	17	e3f7807a6ac6fd1c	5			yes					20	21	-1	-1	22	
20	19	4a603c53be4e44ef	4			yes					-1	-1	-1	-1	
21	19	91e837e3e1be0a7d	4			yes					-1	-1	-1	-1	
22	19	389c692d808e486c	4			yes					-1	-1	-1	-1	
23	17	58dbd7581f4bebe0	5			yes					24	25	-1	26	27	
24	23	f14c6b71cbc35213	4			yes					-1	-1	-1	-1	
25	23	2ac460c194331c81	4			yes					-1	-1	-1	-1	
26	23	d0f287c9f6d37fe6	4			yes					-1	-1	-1	-1	
27	23	83d673467796c0d7	4			yes					-1	-1	-1	-1	
28	16	021c06c9cd32389d	3			yes					29	-1	30	
29	28	dc25c483e682a210	4			yes					-1	-1	-1	-1	
30	28	a9fd22a23c88e069	5			yes					31	32	-1	-1	33	
31	30	006a9e8be800599a	4			yes					-1	-1	-1	-1	
32	30	dbe2953bb7f01708	4			yes					-1	-1	-1	-1	
33	30	0f3de3df385d4e13	4			yes					-1	-1	-1	-1	
34	16	7402493fb329694c	3			yes					35	-1	-1	
35	34	ff258db4c0d0cd6a	4			yes					-1	-1	-1	-1	
36	1	fcdd54e22c59fdab	4			yes					-1	-1	37	44	
37	36	65afd54c374321a4	3			yes					38	-1	39	
38	37	5dffdd90dc7d0553	4			yes					-1	-1	-1	-1	
39	37	9e310e07a7871b8c	5			yes					40	41	42	-1	43	
40	39	37a6b22e730fa27f	4			yes					-1	-1	-1	-1	
41	39	ec2eb99e2cffeced	4			yes					-1	-1	-1	-1	
42	39	837d5c2c2c7a9e75	4			yes					-1	-1	-1	-1	
43	39	574285001a8cc71e	4			yes					-1	-1	-1	-1	
44	36	13b19aba49587075	3			yes					45	-1	-1	
45	44	c74c041bdc778a73	4			yes					-1	-1	-1	-1	
46	1	b52153791e556c9a	4			yes					-1	-1	-1	47	
47	46	5a4d9d217b54e144	3			yes					48	-1	-1	
48	47	fc9981a7aef36252	5			yes					-1	-1	-1	-1	49	
49	48	18056c156079639c	4			yes					-1	-1	-1	-1	
50	1	c33f1c8f604e3d4b	4			yes					-1	-1	-1	-1	
51	0	b7174adfae60ff59	5			yes					52	70	80	89	92	
52	51	3ee550ff2f9e53a8	4			yes					53	57	64	68	
53	52	11dd128eb6cfd2d9	4			yes					-1	54	55	56	
54	53	1967c9f8036fe6b2	3			yes					-1	-1	-1	
55	53	c256d6a36d0775c7	3			yes					-1	-1	-1	
56	53	7bf3c931844b8207	3			yes					-1	-1	-1	
57	52	ee6bd6ca06881e96	3			yes					58	60	62	
58	57	4fb99b64b25f7984	4			yes					-1	-1	-1	59	
59	58	3046d14af15c45d3	3			yes					-1	-1	-1	
60	57	98b79d34328731a5	4			yes					61	-1	-1	-1	
61	60	5c79bb420b1dae1b	3			yes					-1	-1	-1	
62	57	e4c4db1bcc24c9ae	5			yes					-1	-1	-1	-1	63	
63	62	04b54591dfc4f3b0	4			yes					-1	-1	-1	-1	
64	52	a797d15134848fa7	3			yes					65	-1	66	
65	64	0bc7b6538e1f282e	4			yes					-1	-1	-1	-1	
66	64	d590cf2a0d735f1f	5			yes					-1	-1	-1	-1	67	
67	66	310c2298c3f95ed1	4			yes					-1	-1	-1	-1	
68	52	d1899ea74a9fde76	3			yes					69	-1	-1	
69	68	a0fe6d2fec96a930	4			yes					-1	-1	-1	-1	
70	51	2f62d3e3d6f3b01e	4			yes					-1	71	73	77	
71	70	a37a6018432204c8	4			yes					72	-1	-1	-1	
72	71	623a79acb90cd82f	3			yes					-1	-1	-1	
73	70	acec0964a7d924ff	5			yes					74	-1	75	-1	76	
74	73	6dac10d05df7f818	4			yes					-1	-1	-1	-1	
75	73	df16fb12c411ddd3	4			yes					-1	-1	-1	-1	
76	73	7787e0334d91918f	4			yes					-1	-1	-1	-1	
77	70	17c05e46d2543203	5			yes					78	-1	79	-1	-1	
78	77	d68047f2287aeee4	4			yes					-1	-1	-1	-1	
79	77	643aac30b19ccb2f	4			yes					-1	-1	-1	-1	
80	51	6799ccea8776b267	4			yes					-1	-1	81	87	
81	80	feeb4d449c6c6e68	3			yes					-1	82	83	
82	81	df06c2677a68a751	4			yes					-1	-1	-1	-1	
83	81	2af1ff61d359fff9	5			yes					84	85	86	-1	-1	
84	83	ebb1e6d52977231e	4			yes					-1	-1	-1	-1	
85	83	84f91c03025989f9	4			yes					-1	-1	-1	-1	
86	83	37bdad4a58a47a00	4			yes					-1	-1	-1	-1	
87	80	88f502b2e2773fb9	3			yes					-1	88	-1	
88	87	45b51bec7a622871	4			yes					-1	-1	-1	-1	
89	51	2e65cb71b57a2356	4			yes					-1	-1	-1	90	
90	89	c1090529d07bae88	3			yes					-1	91	-1	
91	90	7e609e5008e6c050	5			yes					-1	-1	-1	-1	-1	
92	51	587b8487cb617287	4			yes					-1	-1	-1	-1	
93	0	d16189b7d2bd11c9	5			yes					94	112	122	128	131	
94	93	589393975343bd38	4			yes					95	103	105	110	
95	94	afa77636d6146075	3			yes					-1	96	99	
96	95	c03fffd277bd99c6	5			yes					-1	-1	97	-1	98	
97	96	b3c50da4147560ea	4			yes					-1	-1	-1	-1	
98	96	1b5416859df52cb6	4			yes					-1	-1	-1	-1	
99	95	7b13a8f002308f3a	5			yes					-1	-1	100	101	102	
100	99	08e95a8661f87616	4			yes					-1	-1	-1	-1	
101	99	f33af861eba81b3c	4			yes					-1	-1	-1	-1	
102	99	a01e0cee6aeda40d	4			yes					-1	-1	-1	-1	
103	94	b5eaf9bf72d3f8ed	4			yes					-1	-1	-1	104	
104	103	dfc422004057a833	3			yes					-1	-1	-1	
105	94	c1e1123948596137	3			yes					-1	106	107	
106	105	e6a582eb1ee8b5d4	4			yes					-1	-1	-1	-1	
107	105	286729e6140454a4	5			yes					-1	108	-1	-1	109	
108	107	013351e259e27d46	4			yes					-1	-1	-1	-1	
109	107	8ea7e89b10d1fade	4			yes					-1	-1	-1	-1	
110	94	b7ff5dcf364230e6	3			yes					-1	111	-1	
111	110	04c9861e288a8304	4			yes					-1	-1	-1	-1	
112	93	26556c1657eacc84	4			yes					-1	113	115	120	
113	112	7e69243611774d94	4			yes					114	-1	-1	-1	
114	113	bf293d82eb599173	3			yes					-1	-1	-1	
115	112	bf27edb84cf0108b	3			yes					-1	116	117	
116	115	b611b9941d0ba74a	4			yes					-1	-1	-1	-1	
117	115	d0426e44e274e02b	5			yes					118	-1	-1	-1	119	
118	117	110277f0185a3ccc	4			yes					-1	-1	-1	-1	
119	117	7682af39e6a14e51	4			yes					-1	-1	-1	-1	
120	112	c939a24e32eb415a	3			yes					-1	121	-1	
121	120	8044a9a898999ec2	4			yes					-1	-1	-1	-1	
122	93	08d8b0777ab2206d	4			yes					-1	-1	123	126	
123	122	8b2025e744609808	5			yes					-1	124	-1	-1	125	
124	123	f93f927ecf186f69	4			yes					-1	-1	-1	-1	
125	123	504bccb0ae282d78	4			yes					-1	-1	-1	-1	
126	122	300c72c531ed8ef4	5			yes					-1	127	-1	-1	-1	
127	126	4213c55cba957995	4			yes					-1	-1	-1	-1	
128	93	48130819c9a7cdc6	4			yes					-1	-1	-1	129	
129	128	a77fc641aca64018	3			yes					-1	-1	130	
130	129	59acb2d3eb5f7ca7	5			yes					-1	-1	-1	-1	-1	
131	93	3e0d47efb7bc9c17	4			yes					-1	-1	-1	-1	
132	0	750b924e859a24d0	5			yes					133	148	160	167	169	
133	132	fcf9886e04648821	4			yes					134	142	145	146	
134	133	0bcd6dcf8133556c	3			yes					135	137	138	
135	134	2e1172888567f8e0	4			yes					-1	136	-1	-1	
136	135	ead049df73afb472	3			yes					-1	-1	-1	
137	134	6a559e5151a57549	4			yes					-1	-1	-1	-1	
138	134	b8582b39cb95c373	5			yes					-1	139	-1	140	141	
139	138	a51479124068468a	4			yes					-1	-1	-1	-1	
140	138	30717ba8220d5775	4			yes					-1	-1	-1	-1	
141	138	63558f27a348e844	4			yes					-1	-1	-1	-1	
142	133	4bc4ddded703dc26	3			yes					-1	143	144	
143	142	627051f2973f8678	4			yes					-1	-1	-1	-1	
144	142	531eff00b9c15c0b	4			yes					-1	-1	-1	-1	
145	133	b7e6db628b336e5a	4			yes					-1	-1	-1	-1	
146	133	13954636616505ff	3			yes					-1	-1	147	
147	146	ed57a052dd8ad806	4			yes					-1	-1	-1	-1	
148	132	823f77ef00cdf99d	4			yes					-1	149	155	158	
149	148	3502225fd3aaad9a	3			yes					-1	150	151	
150	149	e8ac81a6f7b0d74b	4			yes					-1	-1	-1	-1	
151	149	3aa134ce6d806171	5			yes					152	-1	-1	153	154	
152	151	fbe12d7a97aebd96	4			yes					-1	-1	-1	-1	
153	151	b288645f8418f577	4			yes					-1	-1	-1	-1	
154	151	e1ac90d0055d4a46	4			yes					-1	-1	-1	-1	
155	148	309a1e73091c4db2	5			yes					156	-1	-1	-1	157	
156	155	f1da07c7f3329155	4			yes					-1	-1	-1	-1	
157	155	c6533a7c0a6da9ab	4			yes					-1	-1	-1	-1	
158	148	6d53b9b765cc7443	3			yes					-1	-1	159	
159	158	1246316e08709a5e	4			yes					-1	-1	-1	-1	
160	132	c236c7fe56fd70d7	4			yes					-1	-1	161	165	
161	160	bf802c98b20ca17e	5			yes					162	163	-1	-1	164	
162	161	7ec0352c48227d99	4			yes					-1	-1	-1	-1	
163	161	cd9f9b013974561f	4			yes					-1	-1	-1	-1	
164	161	c527e90a876d07d2	4			yes					-1	-1	-1	-1	
165	160	2d5a09a633fcfd09	3			yes					-1	-1	166	
166	165	eb44f8398607f0f3	5			yes					-1	-1	-1	-1	-1	
167	132	26976469b2cfa865	4			yes					-1	-1	-1	168	
168	167	2b105e2f6b7bbb76	5			yes					-1	-1	-1	-1	-1	
169	132	9a675c16e09ba90e	4			yes					-1	-1	-1	-1	
170	0	41acaed28084b32f	5			yes					171	183	194	207	239	
171	170	e501eb5cd49ee659	4			yes					172	175	182	-1	
172	171	d8ffa5f855bb1e24	3			yes					173	174	-1	
173	172	e7b2b728d9126248	5			yes					-1	-1	-1	-1	-1	
174	172	5df5248aae48a69f	5			yes					-1	-1	-1	-1	-1	
175	171	523cbeec07f9b25e	3			yes					-1	176	181	
176	175	dee2d7903b3bb711	5			yes					177	178	-1	179	180	
177	176	77756bb9efb30ee2	4			yes					-1	-1	-1	-1	
178	176	acfd6009b0434070	4			yes					-1	-1	-1	-1	
179	176	40cf4d5263541664	4			yes					-1	-1	-1	-1	
180	176	95d2b915c661f5a4	4			yes					-1	-1	-1	-1	
181	175	c0968f8d6981908f	5			yes					-1	-1	-1	-1	-1	
182	171	358f6d69fd88ab67	3			yes					-1	-1	-1	
183	170	7e4573547fb1a995	4			yes					184	191	193	-1	
184	183	f7b76974fe4f0564	3			yes					185	186	190	
185	184	38c65d9fc5bd8a92	4			yes					-1	-1	-1	-1	
186	184	81846e609c9b04c1	5			yes					187	188	-1	-1	189	
187	186	454a4816a5019b7f	4			yes					-1	-1	-1	-1	
188	186	7c469004bb3f1acc	4			yes					-1	-1	-1	-1	
189	186	b333158b549521d8	4			yes					-1	-1	-1	-1	
190	184	d3fc82be6d5406c6	5			yes					-1	-1	-1	-1	-1	
191	183	e630ea680722e6d2	3			yes					-1	192	-1	
192	191	df0c3b7d085d049d	5			yes					-1	-1	-1	-1	-1	
193	183	aecbf56156a7e4ab	3			yes					-1	-1	-1	
194	170	1833b03c036c4705	4			yes					195	203	206	-1	
195	194	91c1aa1c8292ebf4	3			yes					196	201	202	
196	195	fd2aa8382640d3cb	5			yes					-1	197	198	199	-1	
197	196	0e4c1352dbcc4909	4			yes					-1	-1	-1	-1	
198	196	8ed05a4e45882ae7	4			yes					-1	-1	-1	-1	
199	196	630732fa7e2f72be	4			yes					-1	-1	-1	-1	
200	196	b61ac6bddb1a917e	4			no					-1	-2	-2	-2	
201	195	581966730c8edbd3	4			yes					-1	-1	-1	-1	
202	195	6a5ba9cb35eaa677	5			yes					-1	-1	-1	-1	-1	
203	194	ef07559d863b9a48	3			yes					-1	204	205	
204	203	d7d866931446bb48	5			yes					-1	-1	-1	-1	-1	
205	203	927eee69c39a12f8	5			yes					-1	-1	-1	-1	-1	
206	194	c18a89fcab6376a1	3			yes					-1	-1	-1	
207	170	c5250b70b2876cd4	5			yes					208	221	230	237	238	
208	207	4cd711503379c025	4			yes					209	214	217	218	
209	208	3e612bf1efe59f82	5			yes					-1	210	211	212	213	
210	209	232d79da64181a7b	4			yes					-1	-1	-1	-1	
211	209	60fab30f33f935dc	4			yes					-1	-1	-1	-1	
212	209	a04cb133b78a3ef7	4			yes					-1	-1	-1	-1	
213	209	7551457412bfdd37	4			yes					-1	-1	-1	-1	
214	208	d6af35e71a557292	5			yes					-1	-1	215	-1	216	
215	214	fefb4dbf5f64d9ed	4			yes					-1	-1	-1	-1	
216	214	e4184e0cd25b578b	4			yes					-1	-1	-1	-1	
217	208	96e1191f9cabe865	4			yes					-1	-1	-1	-1	
218	208	68b0f18c362e2bc7	5			yes					-1	-1	219	220	-1	
219	218	362b6972ea328199	4			yes					-1	-1	-1	-1	
220	218	f69d6b4e6e418ab2	4			yes					-1	-1	-1	-1	
221	207	3211eed137d0b199	4			yes					-1	222	227	228	
222	221	bc98340649f03d80	5			yes					223	-1	224	225	226	
223	222	7dd82db2b3dee167	4			yes					-1	-1	-1	-1	
224	222	e203acf895ec97de	4			yes					-1	-1	-1	-1	
225	222	22b5aec4119f9cf5	4			yes					-1	-1	-1	-1	
226	222	f7a85a83b4aa7f35	4			yes					-1	-1	-1	-1	
227	221	81202f8a9621763f	5			yes					-1	-1	-1	-1	-1	
228	221	89e84ee357cd5370	5			yes					229	-1	-1	-1	-1	
229	228	48a85757ade38f97	4			yes					-1	-1	-1	-1	
230	207	72185ec061e038d3	4			yes					-1	-1	231	232	
231	230	ff06f1cff16dc550	5			yes					-1	-1	-1	-1	-1	
232	230	5442dd45ad67fcec	6			yes					233	234	-1	235	-1	236	
233	232	9502c4f15749200b	5			yes					-1	-1	-1	-1	-1	
234	232	265d6adc261f0b8d	5			yes					-1	-1	-1	-1	-1	
235	232	7c16a51de8565793	5			yes					-1	-1	-1	-1	-1	
236	232	7d70432218c36276	5			yes					-1	-1	-1	-1	-1	
237	207	25e7f1d882b90b43	4			yes					-1	-1	-1	-1	
238	207	29395099e7f0422c	4			yes					-1	-1	-1	-1	
239	170	2bc2d439f88a8b21	6			yes					240	256	270	282	285	287	
240	239	a230ce19797427d0	5			yes					241	246	249	251	252	
241	240	f58370f16cd4dd30	6			yes					-1	242	243	244	-1	245	
242	241	e8cf22dae72958c9	5			yes					-1	-1	-1	-1	-1	
243	241	867982870f1c241c	5			yes					-1	-1	-1	-1	-1	
244	241	6baeea3334bb7c45	5			yes					-1	-1	-1	-1	-1	
245	241	d652153c6c4a9ba1	5			yes					-1	-1	-1	-1	-1	
246	240	bc2e92d3822dee97	5			yes					-1	-1	247	-1	248	
247	246	83951a26dc8c57d9	4			yes					-1	-1	-1	-1	
248	246	0b7c852a6fff0f8a	4			yes					-1	-1	-1	-1	
249	240	7931353f1ef50bd3	5			yes					-1	-1	-1	-1	250	
250	249	ce6322c6f327eace	4			yes					-1	-1	-1	-1	
251	240	81e32222d761dec7	4			yes					-1	-1	-1	-1	
252	240	b354da1fd1333d63	4			yes					253	254	255	-1	
253	252	bfa80bd484842cf4	6			yes					-1	-1	-1	-1	-1	-1	
254	252	dd38cb364b907fe7	5			yes					-1	-1	-1	-1	-1	
255	252	18276cdad7489aa3	5			yes					-1	-1	-1	-1	-1	
256	239	dcf631987ddd566c	5			yes					-1	257	262	265	266	
257	256	777a6f06cac17f32	6			yes					258	-1	259	260	-1	261	
258	257	b63a76b230efa3d5	5			yes					-1	-1	-1	-1	-1	
259	257	04809d70a909861e	5			yes					-1	-1	-1	-1	-1	
260	257	e957f5c492aede47	5			yes					-1	-1	-1	-1	-1	
261	257	54ab0acbca5f39a3	5			yes					-1	-1	-1	-1	-1	
262	256	8a308267482fa3ee	5			yes					263	-1	-1	-1	264	
263	262	4b709bd3b2017f09	4			yes					-1	-1	-1	-1	
264	262	3d62959ea5fd42f3	4			yes					-1	-1	-1	-1	
265	256	ff25dda3d3c8af7b	4			yes					-1	-1	-1	-1	
266	256	cd92259ed59a4cdf	4			yes					-1	267	268	-1	
267	266	3d51142322918ef6	6			yes					-1	-1	-1	-1	-1	-1	
268	266	eb26db828192329e	5			yes					-1	-1	-1	-1	-1	
269	268	2a66c2367bbcee79	4			no					-1	-1	-2	-2	
270	239	9cff81892beddf26	5			yes					-1	-1	271	278	279	
271	270	50b643852978c3c5	6			yes					272	273	-1	275	-1	276	
272	271	91f65a31d3561f22	5			yes					-1	-1	-1	-1	-1	
273	271	22a9f41ca20034a4	5			yes					-1	-1	-1	-1	274	
274	273	017891d1a29e7235	4			yes					-1	-1	-1	-1	
275	271	ce9bd947711762b0	5			yes					-1	-1	-1	-1	-1	
276	271	7367264829e68554	5			yes					277	-1	-1	-1	-1	
277	276	b2273ffcd3c859b3	4			yes					-1	-1	-1	-1	
278	270	bf2c6db285f82631	4			yes					-1	-1	-1	-1	
279	270	8d9b958f83aac595	4			yes					-1	-1	280	-1	
280	279	1a9d38a0c1283201	6			yes					-1	281	-1	-1	-1	-1	
281	280	68828f394a50c560	5			yes					-1	-1	-1	-1	-1	
282	239	fb4c520cd19cc61f	5			yes					-1	-1	-1	283	284	
283	282	d89fbe377f893f08	4			yes					-1	-1	-1	-1	
284	282	ea28460a79dbdcac	4			yes					-1	-1	-1	-1	
285	239	08113802569f7236	5			yes					-1	-1	-1	-1	286	
286	285	19752c04fed86885	4			yes					-1	-1	-1	-1	
287	239	3aa6c03f50cd9192	5			yes					-1	-1	-1	-1	-1	
288	0	217f26f43f42657d	5			yes					289	321	348	373	-1	
289	288	18c65a9a33964dc4	5			yes					290	296	310	320	-1	
290	289	2538143eb2b3b5b9	4			yes					291	293	295	-1	
291	290	ccb1a07e3fb157d0	5			yes					-1	-1	-1	-1	292	
292	291	ef60c5b33f2f1141	4			yes					-1	-1	-1	-1	
293	290	a101904541c717eb	5			yes					-1	-1	-1	-1	294	
294	293	165387bcac15f6f6	4			yes					-1	-1	-1	-1	
295	290	4cc6b2bf382e5b3d	5			yes					-1	-1	-1	-1	-1	
296	289	affb0f2ae0f119c3	4			yes					-1	297	306	-1	
297	296	6b4ffa92e02a715a	6			yes					298	300	-1	302	304	305	
298	297	c2d846bb34a2c8a9	5			yes					-1	-1	-1	-1	299	
299	298	e1092376343c8e38	4			yes					-1	-1	-1	-1	
300	297	19504d0b6b52863b	5			yes					-1	-1	-1	-1	301	
301	300	3a8128c66bccc0aa	4			yes					-1	-1	-1	-1	
302	297	e366aa0309b2e55c	5			yes					-1	-1	-1	-1	303	
303	302	c0b7cfce092ca3cd	4			yes					-1	-1	-1	-1	
304	297	a007168b77088646	5			yes					-1	-1	-1	-1	-1	
305	297	489e9f5fe0b437cb	5			yes					-1	-1	-1	-1	-1	
306	296	fd9b0152d6f7054e	5			yes					307	308	-1	-1	309	
307	306	540cbd7b027fbcbd	4			yes					-1	-1	-1	-1	
308	306	8f84b6cb5d8ff22f	4			yes					-1	-1	-1	-1	
309	306	4ac916ab3b25e453	4			yes					-1	-1	-1	-1	
310	289	c848dcaf1a8000fa	4			yes					-1	-1	311	-1	
311	310	aaa4282a7445f3c0	6			yes					312	314	316	-1	318	319	
312	311	03339403a0cd4a33	5			yes					-1	-1	-1	-1	313	
313	312	20e2f1cea0530ca2	4			yes					-1	-1	-1	-1	
314	311	d8bb9fb3ff3d04a1	5			yes					-1	-1	-1	-1	315	
315	314	fb6afa7effa34230	4			yes					-1	-1	-1	-1	
316	311	b7e87a01ffb87639	5			yes					-1	-1	-1	-1	317	
317	316	94391fccff2630a8	4			yes					-1	-1	-1	-1	
318	311	7493e0cd1a12818f	5			yes					-1	-1	-1	-1	-1	
319	311	89754de774dbb551	5			yes					-1	-1	-1	-1	-1	
320	289	81b4db34288c91cb	4			yes					-1	-1	-1	-1	
321	288	8382c29298b90208	5			yes					322	332	336	347	-1	
322	321	0a70d8b21947aef9	4			yes					323	325	330	-1	
323	322	936a40e513f7338a	5			yes					-1	-1	-1	-1	324	
324	323	b0bb25281369751b	4			yes					-1	-1	-1	-1	
325	322	d7e571c5ace7999a	5			yes					326	327	-1	328	329	
326	325	132b57b3957d0624	4			yes					-1	-1	-1	-1	
327	325	2a278fa18b438797	4			yes					-1	-1	-1	-1	
328	325	aa4f7574612e637e	4			yes					-1	-1	-1	-1	
329	325	60b7663c41357887	4			yes					-1	-1	-1	-1	
330	322	65cffc329bae6670	5			yes					-1	-1	-1	-1	331	
331	330	d29debcb767c876d	4			yes					-1	-1	-1	-1	
332	321	1bf75baee02a4d4f	4			yes					-1	333	335	-1	
333	332	23f88fb2e7d2b5e9	5			yes					-1	-1	-1	-1	334	
334	333	94aa984b0a0054f4	4			yes					-1	-1	-1	-1	
335	332	ce3fad489e3bf93f	5			yes					-1	-1	-1	-1	-1	
336	321	530c44a7b1af4f36	4			yes					-1	-1	337	-1	
337	336	1e64d94c009b17b5	6			yes					338	340	342	-1	344	346	
338	337	df24c0f8fab5cb52	5			yes					-1	-1	-1	-1	339	
339	338	fcf5a535fa2b8dc3	4			yes					-1	-1	-1	-1	
340	337	b06c3a2ed19b61b5	5			yes					-1	-1	-1	-1	341	
341	340	93bd5fe3d1052724	4			yes					-1	-1	-1	-1	
342	337	03288b678b66924c	5			yes					-1	-1	-1	-1	343	
343	342	20f9eeaa8bf8d4dd	4			yes					-1	-1	-1	-1	
344	337	c05311ab6ecc65fa	5			yes					-1	-1	-1	-1	345	
345	344	e38274666e52236b	4			yes					-1	-1	-1	-1	
346	337	3db5bc8100055124	5			yes					-1	-1	-1	-1	-1	
347	321	1af0433c83a3de07	4			yes					-1	-1	-1	-1	
348	288	e5f401fae464ec98	5			yes					349	364	370	372	-1	
349	348	6c061bda659a4069	4			yes					350	359	361	-1	
350	349	4887853afd511580	6			yes					-1	351	353	355	357	358	
351	350	bbe13e5000dd8f42	5			yes					-1	-1	-1	-1	352	
352	351	98305b9d0043c9d3	4			yes					-1	-1	-1	-1	
353	350	3b7d774c9e99ecac	5			yes					-1	-1	-1	-1	354	
354	353	18ac12819e07aa3d	4			yes					-1	-1	-1	-1	
355	350	c0aed5ab14c98186	5			yes					-1	-1	-1	-1	356	
356	355	e37fb0661457c717	4			yes					-1	-1	-1	-1	
357	350	83cf69236a73e29c	5			yes					-1	-1	-1	-1	-1	
358	350	6b56e0f7fdcf5311	5			yes					-1	-1	-1	-1	-1	
359	349	375dabd4d7eb19be	5			yes					-1	-1	-1	-1	360	
360	359	148cce19d7755f2f	4			yes					-1	-1	-1	-1	
361	349	ea2083f6c8296869	5			yes					-1	362	-1	-1	363	
362	361	c374fbf285cf418b	4			yes					-1	-1	-1	-1	
363	361	5d72940f25fb8974	4			yes					-1	-1	-1	-1	
364	348	12c0e45b613331d5	4			yes					-1	365	367	-1	
365	364	f7e933cefde92a10	5			yes					-1	-1	-1	-1	366	
366	365	d4385603fd776c81	4			yes					-1	-1	-1	-1	
367	364	1205c4543e59dce6	5			yes					368	-1	-1	-1	369	
368	367	d345dde0c4770001	4			yes					-1	-1	-1	-1	
369	367	a557d3add38b3dfb	4			yes					-1	-1	-1	-1	
370	348	3c4d383a4c6bdd3c	4			yes					-1	-1	371	-1	
371	370	e9f381cb7d8245c8	5			yes					-1	-1	-1	-1	-1	
372	348	7c868054ff7e3097	4			yes					-1	-1	-1	-1	
373	288	419e1a03b343d981	5			yes					374	389	401	403	-1	
374	373	c86c002332bd7570	4			yes					375	384	387	-1	
375	374	8bcc06f334f459c9	6			yes					-1	376	378	380	382	383	
376	375	968054d8bf09dc30	5			yes					-1	-1	-1	-1	377	
377	376	b5513115bf979aa1	4			yes					-1	-1	-1	-1	
378	375	d5579e0de8e8f397	5			yes					-1	-1	-1	-1	379	
379	378	f686fbc0e876b506	4			yes					-1	-1	-1	-1	
380	375	03e55662dd6ccdcf	5			yes					-1	-1	-1	-1	381	
381	380	203433afddf28b5e	4			yes					-1	-1	-1	-1	
382	375	4084eaeaa3d6aed5	5			yes					-1	-1	-1	-1	-1	
383	375	a81d633e346a1f58	5			yes					-1	-1	-1	-1	-1	
384	374	b585e5bbd6e46261	5			yes					-1	-1	-1	-1	386	
385	384	b3aaa10292bc6438	4			no					-1	-1	-2	-2	
386	384	96548076d67a24f0	4			yes					-1	-1	-1	-1	
387	374	a4f49b452ef2e9d8	5			yes					-1	-1	-1	-1	388	
388	387	8725fe882e6caf49	4			yes					-1	-1	-1	-1	
389	373	b6aaffa2361404cc	4			yes					-1	390	399	-1	
390	389	0935190492e1fbcb	6			yes					391	-1	393	395	397	398	
391	390	c87500b068cf272c	5			yes					-1	-1	-1	-1	392	
392	391	eba4657d685161bd	4			yes					-1	-1	-1	-1	
393	390	57ae81fa4efd5195	5			yes					-1	-1	-1	-1	394	
394	393	747fe4374e631704	4			yes					-1	-1	-1	-1	
395	390	811c49957b796fcd	5			yes					-1	-1	-1	-1	396	
396	395	a2cd2c587be7295c	4			yes					-1	-1	-1	-1	
397	390	c27df51d05c30cd7	5			yes					-1	-1	-1	-1	-1	
398	390	2ae47cc9927fbd5a	5			yes					-1	-1	-1	-1	-1	
399	389	40f84cf71cbd9ed4	5			yes					-1	-1	-1	-1	400	
400	399	6329293a1c23d845	4			yes					-1	-1	-1	-1	
401	373	f6a34fb360248d86	4			yes					-1	-1	402	-1	
402	401	d7ccfd796d2fa2cf	5			yes					-1	-1	-1	-1	-1	
403	373	1202ec2484165534	4			yes					-1	-1	-1	-1	
