Number of nodes
94
ID	PID	Hash_Value			File_Number	Fully_Enumerated	Children
0	-1	711b2f7c614a726c	6			yes					1	15	30	45	60	72	
1	0	bb24215cf17cf141	5			yes					2	3	8	12	14	
2	1	a815e301578ba75d	4			yes					-1	-1	-1	-1	
3	1	50c8e7907e7f810a	4			yes					-1	4	5	6	
4	3	97e12ba690698378	3			yes					-1	-1	-1	
5	3	a37c5106b5d324c4	3			yes					-1	-1	-1	
6	3	ab4cb15d906de38e	4			yes					-1	-1	-1	7	
7	6	ae6e7da5d2bea2b6	3			yes					-1	-1	-1	
8	1	ab4029e94367f020	4			yes					-1	-1	9	10	
9	8	068094602653aea0	3			yes					-1	-1	-1	
10	8	9d92e932ef84170a	4			yes					-1	-1	-1	11	
11	10	98b025caad575632	3			yes					-1	-1	-1	
12	1	fbf0905f30b59520	4			yes					-1	-1	-1	13	
13	12	6e18dd81e83bfc16	4			yes					-1	-1	-1	-1	
14	1	78a3345019b68f44	4			yes					-1	-1	-1	-1	
15	0	1f65d40353586a2d	5			yes					16	22	23	27	29	
16	15	189f29d79cd7f6bb	4			yes					-1	17	19	20	
17	16	3d6174d363c933f9	4			yes					-1	-1	-1	18	
18	17	629fcd8af575e9f7	3			yes					-1	-1	-1	
19	16	00d1071e3221334f	4			yes					-1	-1	-1	-1	
20	16	08e1e745179ff405	5			yes					-1	-1	-1	-1	21	
21	20	0dc32bbd554cb53d	4			yes					-1	-1	-1	-1	
22	15	bfebda65d138c5cd	4			yes					-1	-1	-1	-1	
23	15	0f01dcb6e1436b4c	4			yes					-1	-1	24	25	
24	23	1b42fac94e22a3a3	3			yes					-1	-1	-1	
25	23	a0150326332b23f7	4			yes					-1	-1	-1	26	
26	25	a537cfde71f862cf	3			yes					-1	-1	-1	
27	15	5fb1650092910e4c	4			yes					-1	-1	-1	28	
28	27	ebeba5cc5dea14b2	4			yes					-1	-1	-1	-1	
29	15	dce2c10fbb921428	4			yes					-1	-1	-1	-1	
30	0	63df9c2ffaf0eb26	5			yes					31	37	41	42	44	
31	30	642561fb357f77b0	4			yes					32	-1	34	35	
32	31	9c3db595ffc8ee59	4			yes					-1	-1	-1	33	
33	32	c3c30ccc69743457	3			yes					-1	-1	-1	
34	31	2dddb802cd29157d	3			yes					-1	-1	-1	
35	31	900a06c6842cf12a	4			yes					-1	-1	-1	36	
36	35	9528ca3ec6ffb012	3			yes					-1	-1	-1	
37	30	301c116287ab3aa4	4			yes					-1	-1	38	39	
38	37	62b0ffe7a260b96b	4			yes					-1	-1	-1	-1	
39	37	6a801fbc87de7e21	5			yes					-1	-1	-1	-1	40	
40	39	6fa2d344c50d3f19	4			yes					-1	-1	-1	-1	
41	30	e43906d4966ef1f1	4			yes					-1	-1	-1	-1	
42	30	230b2d2c3b398f47	4			yes					-1	-1	-1	43	
43	42	b4bef756dfb2c337	4			yes					-1	-1	-1	-1	
44	30	a0588923123a9523	4			yes					-1	-1	-1	-1	
45	0	1a3fba25312a79ce	5			yes					46	51	55	58	59	
46	45	1dc547f1fea5e558	4			yes					47	48	-1	50	
47	46	cd5722134ed18993	3			yes					-1	-1	-1	
48	46	a57ec8db541de833	4			yes					-1	-1	-1	49	
49	48	fa807182c2a1323d	3			yes					-1	-1	-1	
50	46	4e4aac9a04f58823	4			yes					-1	-1	-1	-1	
51	45	49fc37684c71a84c	4			yes					-1	52	-1	54	
52	51	f1462203e60a1785	4			yes					-1	-1	-1	53	
53	52	aeb89b5a70b6cd8b	3			yes					-1	-1	-1	
54	51	b6d416107e9ada65	4			yes					-1	-1	-1	-1	
55	45	f1d37ce9be290985	4			yes					-1	-1	-1	56	
56	55	feccb61e2ea94027	5			yes					-1	-1	-1	-1	57	
57	56	fbee7ae66c7a011f	4			yes					-1	-1	-1	-1	
58	45	7c52a359d51d435a	4			yes					-1	-1	-1	-1	
59	45	d9b8af29d9e007cb	4			yes					-1	-1	-1	-1	
60	0	4a16a764f19aa832	5			yes					61	65	68	70	71	
61	60	4dec5ab03e1534a4	4			yes					62	63	64	-1	
62	61	8e32695bd4fd7542	4			yes					-1	-1	-1	-1	
63	61	861896b3bc293ced	4			yes					-1	-1	-1	-1	
64	61	18412ca4181f6329	4			yes					-1	-1	-1	-1	
65	60	19d52a298cc179b0	4			yes					-1	66	67	-1	
66	65	c3a2a6f1f86c2727	4			yes					-1	-1	-1	-1	
67	65	e0df962e6270316f	4			yes					-1	-1	-1	-1	
68	60	a1fa61a87e99d879	4			yes					-1	-1	69	-1	
69	68	bd133d20e7e4b0da	4			yes					-1	-1	-1	-1	
70	60	5a72afd14381a953	4			yes					-1	-1	-1	-1	
71	60	afb1bee08fcc3c3e	4			yes					-1	-1	-1	-1	
72	0	2247cd8175711021	6			yes					73	80	85	89	92	93	
73	72	25bd3055bafe8cb7	5			yes					74	76	77	78	79	
74	73	45c2fd610148c78a	4			yes					-1	-1	-1	-1	
75	74	f7eb5a58c1377d53	3			no					-1	-2	-2	
76	73	4de80289699c8e25	4			yes					-1	-1	-1	-1	
77	73	b88ff4b15ef800f1	4			yes					-1	-1	-1	-1	
78	73	255c6a10ea062f91	4			yes					-1	-1	-1	-1	
79	73	e89ff237818ac4c9	4			yes					-1	-1	-1	-1	
80	72	718440cc082ac1a3	5			yes					-1	81	82	83	84	
81	80	523cc40587fba51a	4			yes					-1	-1	-1	-1	
82	80	40114e3b249752b7	4			yes					-1	-1	-1	-1	
83	80	ddc2d09a90697dd7	4			yes					-1	-1	-1	-1	
84	80	bca682ae335e89dd	4			yes					-1	-1	-1	-1	
85	72	c9ab0b4dfa72606a	5			yes					-1	-1	86	87	88	
86	85	f32ca030cdc9ba83	4			yes					-1	-1	-1	-1	
87	85	be09717bd380cead	4			yes					-1	-1	-1	-1	
88	85	0489c92fc1062814	4			yes					-1	-1	-1	-1	
89	72	3223c534c76a1140	5			yes					-1	-1	-1	90	91	
90	89	25a7513ad211395d	5			yes					-1	-1	-1	-1	-1	
91	89	ff010756fc1e593e	4			yes					-1	-1	-1	-1	
92	72	62937c82b4b87440	5			yes					-1	-1	-1	-1	-1	
93	72	ef650fe34e05585f	5			yes					-1	-1	-1	-1	-1	
