Number of nodes
401
ID	PID	Hash_Value			File_Number	Fully_Enumerated	Children
0	-1	298b9b7c9785218f	6			yes					1	51	93	131	168	290	
1	0	ce55bf6eea5b6753	5			yes					2	17	37	46	50	
2	1	48bdddeae4db9f46	4			yes					3	6	8	12	
3	2	aba80045e60de7ea	4			yes					-1	-1	4	5	
4	3	f6ce6ac0ffdde8ec	3			yes					-1	-1	-1	
5	3	1cddbaac2d5b5f6b	3			yes					-1	-1	-1	
6	2	ee2d5ef45fcc7080	4			yes					-1	7	-1	-1	
7	6	fa5c04ff5f658c0d	3			yes					-1	-1	-1	
8	2	6515f0efdeb4667e	5			yes					-1	9	10	-1	11	
9	8	7164aae4de1d9af3	4			yes					-1	-1	-1	-1	
10	8	b12cf2665a93816c	4			yes					-1	-1	-1	-1	
11	8	0fa051c1529471fe	4			yes					-1	-1	-1	-1	
12	2	366b1f86acc545c1	5			yes					-1	13	14	15	16	
13	12	221a458dac6cb94c	4			yes					-1	-1	-1	-1	
14	12	e2521d0f28e2a2d3	4			yes					-1	-1	-1	-1	
15	12	d65ed92cf046e483	4			yes					-1	-1	-1	-1	
16	12	d3b066ea40e7caf0	4			yes					-1	-1	-1	-1	
17	1	8556781ca9e0d4b0	4			yes					-1	18	29	35	
18	17	c2f17f6a390f434c	3			yes					19	20	24	
19	18	52e10f45e12551c3	4			yes					-1	-1	-1	-1	
20	18	d9be1343114dda6d	5			yes					21	22	-1	-1	23	
21	20	03292a07a1a1c8f6	4			yes					-1	-1	-1	-1	
22	20	7a6be22f9c26277a	4			yes					-1	-1	-1	-1	
23	20	b30bb26d9d6dcded	4			yes					-1	-1	-1	-1	
24	18	8ac0fc2a633cf9d2	5			yes					25	26	-1	27	28	
25	24	5057c56ed3d0eb49	4			yes					-1	-1	-1	-1	
26	24	29150d46ee5704c5	4			yes					-1	-1	-1	-1	
27	24	6af53a803fbf5890	4			yes					-1	-1	-1	-1	
28	24	6f1b85468f1e76e3	4			yes					-1	-1	-1	-1	
29	17	cf33c947f23dc8af	3			yes					30	-1	31	
30	29	cbade31c1770d148	4			yes					-1	-1	-1	-1	
31	29	4e6802b7236aa72b	5			yes					32	33	-1	-1	34	
32	31	94ff3bf39386b5b0	4			yes					-1	-1	-1	-1	
33	31	edbdf3dbae015a3c	4			yes					-1	-1	-1	-1	
34	31	4f1bb4ac39b53934	4			yes					-1	-1	-1	-1	
35	17	8b2ad4a9c5b273f6	3			yes					36	-1	-1	
36	35	f906c3c0c179d05a	4			yes					-1	-1	-1	-1	
37	1	89f2b8187ab4f0af	4			yes					-1	-1	38	44	
38	37	c39709432169ecb0	3			yes					39	-1	40	
39	38	12b77d49024421bc	4			yes					-1	-1	-1	-1	
40	38	807606d2f43d7679	5			yes					41	42	43	-1	-1	
41	40	5ae13f9644d164e2	4			yes					-1	-1	-1	-1	
42	40	23a3f7be79568b6e	4			yes					-1	-1	-1	-1	
43	40	94075cd9f4948af4	4			yes					-1	-1	-1	-1	
44	37	878e14ad16e657e9	3			yes					45	-1	-1	
45	44	96bc7a30591315a7	4			yes					-1	-1	-1	-1	
46	1	84300e35b1867b4c	4			yes					-1	-1	-1	47	
47	46	8a4ca280ddd4dc0a	3			yes					48	-1	-1	
48	47	112b11f237402149	5			yes					-1	-1	-1	-1	49	
49	48	551986724bd78bfc	4			yes					-1	-1	-1	-1	
50	1	c02913db8609c015	4			yes					-1	-1	-1	-1	
51	0	7095504d04e32872	5			yes					52	70	80	89	92	
52	51	c5ed48b374f59ebc	4			yes					53	57	64	68	
53	52	8024b4531f577092	4			yes					-1	54	55	56	
54	53	4c7b9d86e1074d66	3			yes					-1	-1	-1	
55	53	91c5ad14d2e25dc2	3			yes					-1	-1	-1	
56	53	37510ebad401c813	3			yes					-1	-1	-1	
57	52	824a4fc5e41a0940	3			yes					58	60	62	
58	57	746a2357a1bf9414	4			yes					-1	-1	59	-1	
59	58	9c9dfe17e6eab0a3	3			yes					-1	-1	-1	
60	57	91382f3e96a585d6	4			yes					61	-1	-1	-1	
61	60	30c9e89f4f8401a6	3			yes					-1	-1	-1	
62	57	f82d36b45fe9b611	5			yes					-1	-1	-1	-1	63	
63	62	dab7ef43ec134cd2	4			yes					-1	-1	-1	-1	
64	52	8f88f9e82f2882a3	3			yes					65	-1	66	
65	64	09468b1fa40e0da3	4			yes					-1	-1	-1	-1	
66	64	012c9142d89eae26	5			yes					-1	-1	-1	-1	67	
67	66	451e06c2a4090493	4			yes					-1	-1	-1	-1	
68	52	cb91e40618a739fa	3			yes					69	-1	-1	
69	68	d28a77d638234722	4			yes					-1	-1	-1	-1	
70	51	b6c60266d7769a6b	4			yes					-1	71	73	77	
71	70	f96e1ce62aaec28d	4			yes					72	-1	-1	-1	
72	71	00b9f6f1320a065e	3			yes					-1	-1	-1	
73	70	7256b2fdabd6d473	5			yes					74	-1	75	-1	76	
74	73	8b8158eab37210a0	4			yes					-1	-1	-1	-1	
75	73	a66fb0742ff13361	4			yes					-1	-1	-1	-1	
76	73	18e313d327f6c3f3	4			yes					-1	-1	-1	-1	
77	70	21285d94d9a7f7cc	5			yes					78	-1	79	-1	-1	
78	77	d8ffb783c103331f	4			yes					-1	-1	-1	-1	
79	77	f5115f1d5d8010de	4			yes					-1	-1	-1	-1	
80	51	3732573b940cbf8e	4			yes					-1	-1	81	87	
81	80	7d57e660cfd1a391	3			yes					-1	82	83	
82	81	05f43f5b772693b1	4			yes					-1	-1	-1	-1	
83	81	4f1543760cf0b74f	5			yes					84	85	86	-1	-1	
84	83	b6c2a9611454739c	4			yes					-1	-1	-1	-1	
85	83	00e324edd11e5d26	4			yes					-1	-1	-1	-1	
86	83	5b64197d0c594bc2	4			yes					-1	-1	-1	-1	
87	80	394efb8ef85e18c8	3			yes					-1	88	-1	
88	87	81ff38222c71a7aa	4			yes					-1	-1	-1	-1	
89	51	3af0e1165f3e346d	4			yes					-1	-1	-1	90	
90	89	348c4da3336c932b	3			yes					-1	91	-1	
91	90	066853e042229344	5			yes					-1	-1	-1	-1	-1	
92	51	7ee9fcf868b18f34	4			yes					-1	-1	-1	-1	
93	0	3cf1a92379839642	5			yes					94	112	121	127	130	
94	93	8989b1dd0995208c	4			yes					95	103	105	110	
95	94	ceedd84cfba54c9f	3			yes					-1	96	99	
96	95	a31e3f9380305975	5			yes					-1	-1	97	-1	98	
97	96	77273d1a0417be67	4			yes					-1	-1	-1	-1	
98	96	c9ab9ebd0c104ef5	4			yes					-1	-1	-1	-1	
99	95	f060d0faf2417aca	5			yes					-1	-1	100	101	102	
100	99	2459d27376669dd8	4			yes					-1	-1	-1	-1	
101	99	10551650aec2db88	4			yes					-1	-1	-1	-1	
102	99	15bba9961e63f5fb	4			yes					-1	-1	-1	-1	
103	94	525638cab3d809bd	4			yes					-1	-1	-1	104	
104	103	e5238223788eb13c	3			yes					-1	-1	-1	
105	94	c3ec008652483c93	3			yes					-1	106	107	
106	105	e10beb75f72b9283	4			yes					-1	-1	-1	-1	
107	105	c5157b704c30297e	5			yes					-1	-1	108	-1	109	
108	107	112c79f9c817ce6c	4			yes					-1	-1	-1	-1	
109	107	8127ecf030a783cb	4			yes					-1	-1	-1	-1	
110	94	87f51d6865c787ca	3			yes					-1	111	-1	
111	110	00f8fb4f94ac3e0d	4			yes					-1	-1	-1	-1	
112	93	7b95c0b28bb3fa51	4			yes					-1	113	115	119	
113	112	8efd9140b6631344	4			yes					114	-1	-1	-1	
114	113	772a7b57aec7d797	3			yes					-1	-1	-1	
115	112	31f071e9d06ee64e	3			yes					-1	116	117	
116	115	18d67173b7461037	4			yes					-1	-1	-1	-1	
117	115	9e291c403b9c1deb	5			yes					-1	-1	-1	-1	118	
118	117	9f5aaa5b214383f4	4			yes					-1	-1	-1	-1	
119	112	75e96c07e7e15d17	3			yes					-1	120	-1	
120	119	52820d4accaf101e	4			yes					-1	-1	-1	-1	
121	93	b6056c81b5a96184	4			yes					-1	-1	122	125	
122	121	fafec010b9050c25	5			yes					-1	123	-1	-1	124	
123	122	592b317c346ef132	4			yes					-1	-1	-1	-1	
124	122	904b613e35251ba5	4			yes					-1	-1	-1	-1	
125	121	a9802f79cb742f9a	5			yes					-1	126	-1	-1	-1	
126	125	0a55de15461fd28d	4			yes					-1	-1	-1	-1	
127	93	76941878225e8a5d	4			yes					-1	-1	-1	128	
128	127	78e8b4cd4e0c2d1b	3			yes					-1	-1	129	
129	128	8ec0210d50f14b12	5			yes					-1	-1	-1	-1	-1	
130	93	328d059615d13104	4			yes					-1	-1	-1	-1	
131	0	d058ae2bcc8312ea	5			yes					132	147	160	165	167	
132	131	6520b6d5bc95a424	4			yes					133	141	144	145	
133	132	2244df444ea5c837	3			yes					134	136	137	
134	133	e7001be2db822045	4			yes					-1	135	-1	-1	
135	134	b9d9e9f21486e61c	3			yes					-1	-1	-1	
136	133	decd07b99071ecc8	4			yes					-1	-1	-1	-1	
137	133	cfe4ca5ddf09193f	5			yes					-1	138	-1	139	140	
138	137	db959056dfa0e5b2	4			yes					-1	-1	-1	-1	
139	137	2fd10cf7838ab87d	4			yes					-1	-1	-1	-1	
140	137	2a3fb331332b960e	4			yes					-1	-1	-1	-1	
141	132	2e2371a7ff2e17c7	3			yes					-1	142	143	
142	141	46a3c9906241b583	4			yes					-1	-1	-1	-1	
143	141	2e55f898a9efdf22	4			yes					-1	-1	-1	-1	
144	132	f94f713a0c37149f	4			yes					-1	-1	-1	-1	
145	132	6b5c1a60d0c70362	3			yes					-1	-1	146	
146	145	129dd84ffeb725c6	4			yes					-1	-1	-1	-1	
147	131	973cc7ba3eb37ef9	4			yes					-1	148	154	157	
148	147	dc3f00c87d08cd1a	3			yes					-1	149	150	
149	148	c98e45abe5135ec5	4			yes					-1	-1	-1	-1	
150	148	d8a7884faa6bab32	5			yes					151	-1	-1	152	153	
151	150	21706258b2cf6fe1	4			yes					-1	-1	-1	-1	
152	150	38924ee5f6e80a70	4			yes					-1	-1	-1	-1	
153	150	3d7cf12346492403	4			yes					-1	-1	-1	-1	
154	147	6c75f9de69c0ee2b	5			yes					155	-1	-1	-1	156	
155	154	95a213c971642af8	4			yes					-1	-1	-1	-1	
156	154	c1db178e5b16f4f6	4			yes					-1	-1	-1	-1	
157	147	99406b0f52e1d9bf	3			yes					-1	-1	158	
158	157	654c5172d6d55528	5			yes					-1	-1	-1	-1	159	
159	158	47d68885652fafeb	4			yes					-1	-1	-1	-1	
160	131	9b5b69598f38a109	4			yes					-1	-1	161	163	
161	160	259fddb7de9f3469	5			yes					-1	-1	-1	-1	162	
162	161	290804282615663e	4			yes					-1	-1	-1	-1	
163	160	9527c5ece36a064f	3			yes					-1	-1	164	
164	163	59da9cec71172dfd	5			yes					-1	-1	-1	-1	-1	
165	131	b7631aa8adcfce78	4			yes					-1	-1	-1	166	
166	165	9cd04d756fd49478	5			yes					-1	-1	-1	-1	-1	
167	131	de24029ea0d1b5ac	4			yes					-1	-1	-1	-1	
168	0	d35db4c92a5f8f46	5			yes					169	182	194	206	234	
169	168	f91cf3497af6789a	4			yes					170	174	181	-1	
170	169	7ff491cd7476808f	3			yes					171	172	-1	
171	170	1c496c3ba0c15cef	4			yes					-1	-1	-1	-1	
172	170	46596d3b86c7c92d	5			yes					-1	-1	-1	173	-1	
173	172	6ecd434cbcbd2376	4			yes					-1	-1	-1	-1	
174	169	b21f343b394dcb79	3			yes					-1	175	180	
175	174	7c791b5a2e612f3f	5			yes					176	177	-1	178	-1	
176	175	a6ee221e9e8d3da4	4			yes					-1	-1	-1	-1	
177	175	dfacea36a30ad228	4			yes					-1	-1	-1	-1	
178	175	f1703bb736ff383d	4			yes					-1	-1	-1	-1	
179	175	02276301cb03c0a3	4			no					-1	-2	-1	-1	
180	174	5ed18602ec456b69	5			yes					-1	-1	-1	-1	-1	
181	169	bebbf43fea19ef66	3			yes					-1	-1	-1	
182	168	47dc1c6a944e37bb	4			yes					183	191	193	-1	
183	182	f2a40494e4588175	3			yes					184	185	190	
184	183	be3cdae498c125a7	4			yes					-1	-1	-1	-1	
185	183	a9ef16436a9d9af5	5			yes					186	187	-1	188	189	
186	185	081ed1e2b3bc1e85	4			yes					-1	-1	-1	-1	
187	185	b0e47c65c2ca2ae2	4			yes					-1	-1	-1	-1	
188	185	817b383450e770ae	4			yes					-1	-1	-1	-1	
189	185	1e9aacaaa1cb2274	4			yes					-1	-1	-1	-1	
190	183	33ce0c6921917d5e	5			yes					-1	-1	-1	-1	-1	
191	182	818f4e4147db85a2	3			yes					-1	192	-1	
192	191	511a2f29f3a57b20	5			yes					-1	-1	-1	-1	-1	
193	182	007b1b1c04a1a047	3			yes					-1	-1	-1	
194	168	0bb8e504e92e898b	4			yes					195	202	205	-1	
195	194	bec0fdfa99383f45	3			yes					196	200	201	
196	195	06d9378abf1cac27	5			yes					-1	197	198	199	-1	
197	196	d4a3a2fde1316fa1	4			yes					-1	-1	-1	-1	
198	196	d2e035033b3b4b35	4			yes					-1	-1	-1	-1	
199	196	8bd01767a782bb25	4			yes					-1	-1	-1	-1	
200	195	d81ba65433b3c700	4			yes					-1	-1	-1	-1	
201	195	f7f7e65bb53ffa06	5			yes					-1	-1	-1	-1	-1	
202	194	4cdc8c951b1ee598	3			yes					-1	203	204	
203	202	a996fcdc9e01bdb6	4			yes					-1	-1	-1	-1	
204	202	a87dd863235437f8	5			yes					-1	-1	-1	-1	-1	
205	194	814c20a625047e4d	3			yes					-1	-1	-1	
206	168	0151c5b2a1c8c416	5			yes					207	218	226	232	233	
207	206	b429dd4cd1de72d8	4			yes					208	212	216	217	
208	207	395d2d2d9254cfd2	5			yes					-1	209	210	211	-1	
209	208	2d2c772692fd335f	4			yes					-1	-1	-1	-1	
210	208	14ebfa7f65bf743e	4			yes					-1	-1	-1	-1	
211	208	b4540dc08acad8d0	4			yes					-1	-1	-1	-1	
212	207	c51aa71def35f6b8	5			yes					-1	-1	213	214	215	
213	212	3b75d802a45ed704	4			yes					-1	-1	-1	-1	
214	212	ed8e896ad54f1ce3	4			yes					-1	-1	-1	-1	
215	212	726f1df424634e39	4			yes					-1	-1	-1	-1	
216	207	846732d38aa61db5	4			yes					-1	-1	-1	-1	
217	207	654eff20fd6f4689	5			yes					-1	-1	-1	-1	-1	
218	206	4635ac2353f8a805	4			yes					-1	219	223	224	
219	218	2e1e6f3fe7367ddf	5			yes					220	-1	221	222	-1	
220	219	d7c98528ff92b90c	4			yes					-1	-1	-1	-1	
221	219	03a8b86d10ddc633	4			yes					-1	-1	-1	-1	
222	219	a3174fd2ffa86add	4			yes					-1	-1	-1	-1	
223	218	faf91594d3ab894b	5			yes					-1	-1	-1	-1	-1	
224	218	518541b593005dcc	6			yes					-1	-1	-1	-1	-1	225	
225	224	e0e2358378793766	5			yes					-1	-1	-1	-1	-1	
226	206	4a5202c0e27377f5	4			yes					-1	-1	227	228	
227	226	36acd8dc417dc0ab	5			yes					-1	-1	-1	-1	-1	
228	226	68575b9aeb6e92eb	6			yes					229	-1	-1	-1	-1	231	
229	228	9180b18df3ca5638	5			yes					-1	-1	-1	-1	-1	
230	228	cb82aaf666056ffc	5			no					-1	-1	-1	-1	-2	
231	228	d9302fac0017f841	5			yes					-1	-1	-1	-1	-1	
232	206	fbba8050c11410e8	4			yes					-1	-1	-1	-1	
233	206	43f4f3ffa141bdc0	4			yes					-1	-1	-1	-1	
234	168	87804f9644e94622	6			yes					235	258	275	284	287	289	
235	234	32f8576834fff0ec	5			yes					236	241	246	251	252	
236	235	25af54f50f1b4814	6			yes					-1	237	238	239	-1	240	
237	236	31de0efe0fb2b499	5			yes					-1	-1	-1	-1	-1	
238	236	f196567c8b3caf06	5			yes					-1	-1	-1	-1	-1	
239	236	a8a6741817855f16	5			yes					-1	-1	-1	-1	-1	
240	236	6a6ef938e6efcae0	5			yes					-1	-1	-1	-1	-1	
241	235	3dbfeeb385521f54	6			yes					-1	-1	242	243	-1	244	
242	241	7201cf8117a52346	5			yes					-1	-1	-1	-1	-1	
243	241	152bc0c4bf28f50f	5			yes					-1	-1	-1	-1	-1	
244	241	727e437e6ca69da0	5			yes					-1	-1	-1	245	-1	
245	244	5aea6d0956dc77fb	4			yes					-1	-1	-1	-1	
246	235	67663c63b91c09d5	6			yes					-1	-1	-1	247	249	250	
247	246	4ff212148366e38e	5			yes					-1	-1	-1	-1	248	
248	247	0033bfd96a92617a	4			yes					-1	-1	-1	-1	
249	246	996f0c9c38230b0f	5			yes					-1	-1	-1	-1	-1	
250	246	28a791ae50e88b21	5			yes					-1	-1	-1	-1	-1	
251	235	76812b7af2c67e4b	4			yes					-1	-1	-1	-1	
252	235	0fb9d587e75dc6ab	4			yes					253	254	256	-1	
253	252	80be481f557f7627	6			yes					-1	-1	-1	-1	-1	-1	
254	252	98aef259df362167	6			yes					-1	-1	-1	255	-1	-1	
255	254	b03adc2ee54ccb3c	5			yes					-1	-1	-1	-1	-1	
256	252	c2772089e37837e6	6			yes					-1	-1	-1	257	-1	-1	
257	256	eae30efed902ddbd	5			yes					-1	-1	-1	-1	-1	
258	234	c0e42607b6d92a31	5			yes					-1	259	264	270	271	
259	258	32ec16e77a79fa19	6			yes					260	-1	261	262	-1	263	
260	259	cb3bfcf062dd3eca	5			yes					-1	-1	-1	-1	-1	
261	259	e6d5146efe5e1d0b	5			yes					-1	-1	-1	-1	-1	
262	259	bfe5360a62e7ed1b	5			yes					-1	-1	-1	-1	-1	
263	259	7d2dbb2a938d78ed	5			yes					-1	-1	-1	-1	-1	
264	258	c08c8933ce99b2be	6			yes					265	-1	-1	266	268	269	
265	264	395b6324d63d766d	5			yes					-1	-1	-1	-1	-1	
266	264	e818a744f4e358e5	5			yes					-1	-1	-1	-1	267	
267	266	a7d90a891d17da11	4			yes					-1	-1	-1	-1	
268	264	3e85b9cc4fa6b064	5			yes					-1	-1	-1	-1	-1	
269	264	8f4d24fe276d304a	5			yes					-1	-1	-1	-1	-1	
270	258	849d5a1570e0a496	4			yes					-1	-1	-1	-1	
271	258	fda5a4e8657b1c76	4			yes					-1	272	273	-1	
272	271	97fd0a0d201dc42a	6			yes					-1	-1	-1	-1	-1	-1	
273	271	659d95d994fd8c8d	6			yes					-1	-1	-1	274	-1	-1	
274	273	4d09bbaeae8766d6	5			yes					-1	-1	-1	-1	-1	
275	234	cc8388e40752f5c1	5			yes					-1	-1	276	281	282	
276	275	ba44640a68aa224f	6			yes					277	278	-1	279	-1	280	
277	276	43938e1d700ee69c	5			yes					-1	-1	-1	-1	-1	
278	276	19919566e5c1df58	5			yes					-1	-1	-1	-1	-1	
279	276	374d44e77034354d	5			yes					-1	-1	-1	-1	-1	
280	276	f585c9c7815ea0bb	5			yes					-1	-1	-1	-1	-1	
281	275	88faf4f6c16b7b66	4			yes					-1	-1	-1	-1	
282	275	f1c20a0bd4f0c386	4			yes					-1	-1	283	-1	
283	282	1f5578e032ce1c7c	6			yes					-1	-1	-1	-1	-1	-1	
284	234	c02748e0d406d1de	5			yes					-1	-1	-1	285	286	
285	284	845e34f2123f5f79	4			yes					-1	-1	-1	-1	
286	284	fd66ca0f07a4e799	4			yes					-1	-1	-1	-1	
287	234	c3f9338482d0c885	5			yes					-1	-1	-1	-1	288	
288	287	feb8b16b5172fec2	4			yes					-1	-1	-1	-1	
289	234	bac1cd79974b7065	5			yes					-1	-1	-1	-1	-1	
290	0	9347fc4803b1c873	5			yes					291	322	346	371	-1	
291	290	b75ed8f200cc8f6a	5			yes					292	298	312	321	-1	
292	291	31b6ba760e4c777f	4			yes					293	295	297	-1	
293	292	ad15279e4590df45	5			yes					-1	-1	-1	-1	294	
294	293	e2d48a53ac645db1	4			yes					-1	-1	-1	-1	
295	292	4c1444a8e996d68a	5			yes					-1	-1	-1	-1	296	
296	295	03d5e9650062547e	4			yes					-1	-1	-1	-1	
297	292	cdf510606e7e0c0d	5			yes					-1	-1	-1	-1	-1	
298	291	fc5d1f8043773c89	4			yes					-1	299	308	-1	
299	298	ded31874e7d5f6cd	6			yes					300	302	-1	304	305	306	
300	299	044421305739e456	5			yes					-1	-1	-1	-1	301	
301	300	4b858cfdbecd66a2	4			yes					-1	-1	-1	-1	
302	299	7d06e9186abe0bda	5			yes					-1	-1	-1	-1	303	
303	302	32c744d5834a892e	4			yes					-1	-1	-1	-1	
304	299	3ee6dedebb56578f	5			yes					-1	-1	-1	-1	-1	
305	299	20da288b66eaf417	5			yes					-1	-1	-1	-1	-1	
306	299	9112b5b90e217439	5			yes					-1	-1	-1	-1	-1	
307	306	7127731352a2d57b	4			no					-1	-2	-1	-1	
308	298	d86460bcca51bf3b	5			yes					309	310	-1	-1	311	
309	308	02f359f87abdada0	4			yes					-1	-1	-1	-1	
310	308	7bb191d0473a422c	4			yes					-1	-1	-1	-1	
311	308	06fb05d14b311fec	4			yes					-1	-1	-1	-1	
312	291	f0f9df8490231896	4			yes					-1	-1	313	-1	
313	312	fc65465a5ab36c00	6			yes					314	316	318	-1	319	320	
314	313	26f27f1eea5f7e9b	5			yes					-1	-1	-1	-1	315	
315	314	6933d2d303abfc6f	4			yes					-1	-1	-1	-1	
316	313	5fb0b736d7d89117	5			yes					-1	-1	-1	-1	-1	
317	316	10711afb3e2c13e3	4			no					-1	-2	-1	-1	
318	313	e8141c515a1a908d	5			yes					-1	-1	-1	-1	-1	
319	313	baf594b9da474c06	5			yes					-1	-1	-1	-1	-1	
320	313	b3a4eb97b347eef4	5			yes					-1	-1	-1	-1	-1	
321	291	fd3b69a95b119375	4			yes					-1	-1	-1	-1	
322	290	099e37d1ee74c04b	5			yes					323	333	337	345	-1	
323	322	bce62f2f9e627685	4			yes					324	326	331	-1	
324	323	86999388bcca483d	5			yes					-1	-1	-1	-1	325	
325	324	c9583e45553ecac9	4			yes					-1	-1	-1	-1	
326	323	dcef6d3a3145feaa	5			yes					327	328	-1	329	330	
327	326	7d1eaa9be8647ada	4			yes					-1	-1	-1	-1	
328	326	c5e4071c99124ebd	4			yes					-1	-1	-1	-1	
329	326	4232edb18e9b3f30	4			yes					-1	-1	-1	-1	
330	326	02700857b0255e7d	4			yes					-1	-1	-1	-1	
331	323	ddf290d081a08362	5			yes					-1	-1	-1	-1	332	
332	331	036df5bd00c023b5	4			yes					-1	-1	-1	-1	
333	322	cfcd65fa3de17252	4			yes					-1	334	336	-1	
334	333	5b5706ba9cf46487	5			yes					-1	-1	-1	-1	335	
335	334	1496ab777500e673	4			yes					-1	-1	-1	-1	
336	333	dab652721b1cbe00	5			yes					-1	-1	-1	-1	-1	
337	322	4e3930a77e9b57b7	4			yes					-1	-1	338	-1	
338	337	330603fea27ead36	6			yes					339	340	341	-1	342	343	
339	338	cad1e9e9bada69e5	5			yes					-1	-1	-1	-1	-1	
340	338	7cf064657f90475f	5			yes					-1	-1	-1	-1	-1	
341	338	277759f5a2d751bb	5			yes					-1	-1	-1	-1	-1	
342	338	7596d11d228a8d30	5			yes					-1	-1	-1	-1	-1	
343	338	7cc7ae334b8a2fc2	5			yes					344	-1	-1	-1	-1	
344	343	85104424532eeb11	4			yes					-1	-1	-1	-1	
345	322	43fb868ab5a9dc54	4			yes					-1	-1	-1	-1	
346	290	45facebf93147e7b	5			yes					347	362	368	370	-1	
347	346	f082d641e302c8b5	4			yes					348	357	359	-1	
348	347	a47334a476a875d5	6			yes					-1	349	351	353	355	356	
349	348	7609a1d32885b653	5			yes					-1	-1	-1	-1	350	
350	349	39c80c1ec17134a7	4			yes					-1	-1	-1	-1	
351	348	704a362df28f92c7	5			yes					-1	-1	-1	-1	352	
352	351	3f8b9be01b7b1033	4			yes					-1	-1	-1	-1	
353	348	4446f20e2a2bd497	5			yes					-1	-1	-1	-1	354	
354	353	0b875fc3c3df5663	4			yes					-1	-1	-1	-1	
355	348	5a7a045bf797770f	5			yes					-1	-1	-1	-1	-1	
356	348	ebb299699f5cf721	5			yes					-1	-1	-1	-1	-1	
357	347	54eb1f1110453112	5			yes					-1	-1	-1	-1	358	
358	357	1b2ab2dcf9b1b3e6	4			yes					-1	-1	-1	-1	
359	347	19cb7ae2150e043a	5			yes					-1	-1	360	-1	361	
360	359	cdf2786b9129e328	4			yes					-1	-1	-1	-1	
361	359	c7541f8f946ea4ed	4			yes					-1	-1	-1	-1	
362	346	029ea72e61241268	4			yes					-1	363	365	-1	
363	362	ef242490ee962fa1	5			yes					-1	-1	-1	-1	364	
364	363	a0e5895d0762ad55	4			yes					-1	-1	-1	-1	
365	362	1d44027b06e0df2d	5			yes					366	-1	-1	-1	367	
366	365	e493e86c1e441bfe	4			yes					-1	-1	-1	-1	
367	365	c3db671687807ffa	4			yes					-1	-1	-1	-1	
368	346	cf0e0b1d5f3e89bd	4			yes					-1	-1	369	-1	
369	368	521e209f09cf6656	5			yes					-1	-1	-1	-1	-1	
370	346	0f9f7fe4c8c96264	4			yes					-1	-1	-1	-1	
371	290	a953c9b72614fad3	5			yes					372	386	398	400	-1	
372	371	1c2bd14956024c1d	4			yes					373	382	384	-1	
373	372	9bf72e035be01620	6			yes					-1	374	376	378	380	381	
374	373	8f8674085b49eaad	5			yes					-1	-1	-1	-1	375	
375	374	c047d9c5b2bd6859	4			yes					-1	-1	-1	-1	
376	373	b641f951ac0badcc	5			yes					-1	-1	-1	-1	377	
377	376	f980549c45ff2f38	4			yes					-1	-1	-1	-1	
378	373	7bc2e8a90763b762	5			yes					-1	-1	-1	-1	-1	
379	378	34034564ee973596	4			no					-1	-2	-2	-2	
380	373	65fe1efcdadf14fa	5			yes					-1	-1	-1	-1	-1	
381	373	d43683ceb21494d4	5			yes					-1	-1	-1	-1	-1	
382	372	dd8dcc214f59d350	5			yes					-1	-1	-1	-1	383	
383	382	924c61eca6ad51a4	4			yes					-1	-1	-1	-1	
384	372	284d32e1aa49dc3a	5			yes					-1	-1	-1	-1	385	
385	384	678c9f2c43bd5ece	4			yes					-1	-1	-1	-1	
386	371	ee37a026d42496c0	4			yes					-1	387	396	-1	
387	386	8cb46c112e82a42d	6			yes					388	-1	390	392	394	395	
388	387	75638606362660fe	5			yes					-1	-1	-1	-1	389	
389	388	3aa22bcbdfd2e20a	4			yes					-1	-1	-1	-1	
390	387	a102bb43d9691fc1	5			yes					-1	-1	-1	-1	391	
391	390	eec3168e309d9d35	4			yes					-1	-1	-1	-1	
392	387	6c81aabb7201056f	5			yes					-1	-1	-1	-1	393	
393	392	234007769bf5879b	4			yes					-1	-1	-1	-1	
394	387	72bd5ceeafbda6f7	5			yes					-1	-1	-1	-1	-1	
395	387	c375c1dcc77626d9	5			yes					-1	-1	-1	-1	-1	
396	386	3374c0b6dabb32d7	5			yes					-1	-1	-1	-1	397	
397	396	7cb56d7b334fb023	4			yes					-1	-1	-1	-1	
398	371	e2500ec565af4930	4			yes					-1	-1	399	-1	
399	398	a0ab24eb2d6180ce	5			yes					-1	-1	-1	-1	-1	
400	371	ce687d3447582641	4			yes					-1	-1	-1	-1	
