Number of nodes
149
ID	PID	Hash_Value			File_Number	Fully_Enumerated	Children
0	-1	8e0ec1ec69a99e03	6			yes					1	23	44	65	82	99	
1	0	bc6cc1353754e447	5			yes					2	7	15	20	22	
2	1	75e6117e040b539f	4			yes					3	4	-1	5	
3	2	b8b30ef56b45865d	4			yes					-1	-1	-1	-1	
4	2	afb69f9825b485c2	4			yes					-1	-1	-1	-1	
5	2	ded18c63bc51c0c2	5			yes					-1	-1	-1	-1	6	
6	5	ebeae91495f592f6	4			yes					-1	-1	-1	-1	
7	1	b8ebbdb88cefda92	4			yes					-1	8	10	11	
8	7	6d87d00c3d06af68	5			yes					9	-1	-1	-1	-1	
9	8	af15d34d700b5499	4			yes					-1	-1	-1	-1	
10	7	4c7201b91f45c8b4	4			yes					-1	-1	-1	-1	
11	7	5229011934f1c0f7	3			yes					12	13	14	
12	11	51099eef8d8c2ba0	4			yes					-1	-1	-1	-1	
13	11	ec004b7850c27482	5			yes					-1	-1	-1	-1	-1	
14	11	433f4ab260a2d6bb	4			yes					-1	-1	-1	-1	
15	1	4e9f1d9962e225e1	4			yes					-1	-1	16	17	
16	15	3975838144c9cdba	5			yes					-1	-1	-1	-1	-1	
17	15	a45da138dafc3f84	3			yes					18	-1	19	
18	17	44e03ec44bdbfe42	4			yes					-1	-1	-1	-1	
19	17	ae271b75853c9af3	5			yes					-1	-1	-1	-1	-1	
20	1	d53ccccb654c52ce	4			yes					-1	-1	-1	21	
21	20	3ffe706add5248ab	3			yes					-1	-1	-1	
22	1	56ae7d948f4afe22	4			yes					-1	-1	-1	-1	
23	0	009cdc25742dd8ce	5			yes					24	32	36	41	43	
24	23	c6930ef2b89dd2f4	4			yes					25	26	27	28	
25	24	d9c900341624afac	4			yes					-1	-1	-1	-1	
26	24	ee63122ff47a1cfa	4			yes					-1	-1	-1	-1	
27	24	c4829e85f2b16d07	4			yes					-1	-1	-1	-1	
28	24	2c51b2530083c891	3			yes					29	30	31	
29	28	98c2e94b2cecf39f	4			yes					-1	-1	-1	-1	
30	28	0535b3739a15677a	4			yes					-1	-1	-1	-1	
31	28	3f3045bd870dc49e	4			yes					-1	-1	-1	-1	
32	23	b76ebf2473006770	4			yes					-1	33	-1	34	
33	32	47ce2684fa868d85	4			yes					-1	-1	-1	-1	
34	32	780d1bc92ec89337	5			yes					-1	-1	-1	-1	35	
35	34	4d367ebe076cc103	4			yes					-1	-1	-1	-1	
36	23	f26f0089219b1968	4			yes					-1	-1	37	38	
37	36	7d0253cc942805c0	5			yes					-1	-1	-1	-1	-1	
38	36	18adbc289985030d	3			yes					-1	39	40	
39	38	a5df0ca9c7790d03	4			yes					-1	-1	-1	-1	
40	38	ea50cb3855dd5289	5			yes					-1	-1	-1	-1	-1	
41	23	69ccd1db26356e47	4			yes					-1	-1	-1	42	
42	41	830e6d7a9e2b7422	3			yes					-1	-1	-1	
43	23	ea5e6084cc33c2ab	4			yes					-1	-1	-1	-1	
44	0	2dfd7a3aab5a05b3	5			yes					45	54	60	62	64	
45	44	ebf2a8ed67ea0f89	4			yes					46	48	49	50	
46	45	b4b2d0db33a1330f	5			yes					-1	-1	-1	-1	47	
47	46	821395e87cac0b92	4			yes					-1	-1	-1	-1	
48	45	488b4d8e055d4f47	4			yes					-1	-1	-1	-1	
49	45	ab7b5f9f70e51c72	4			yes					-1	-1	-1	-1	
50	45	0130144cdff415ec	3			yes					51	52	53	
51	50	b728f09f550859a6	5			yes					-1	-1	-1	-1	-1	
52	50	9c9e3022b198d38e	4			yes					-1	-1	-1	-1	
53	50	50c984a70559b5eb	4			yes					-1	-1	-1	-1	
54	44	8fcc1e85adb7c0f2	4			yes					-1	55	56	57	
55	54	e165a3ee8ebb81d4	5			yes					-1	-1	-1	-1	-1	
56	54	89588a58c80bae01	4			yes					-1	-1	-1	-1	
57	54	650ea22415a9da97	3			yes					-1	58	59	
58	57	e2ff83aae812eb7d	5			yes					-1	-1	-1	-1	-1	
59	57	72ea5160bdb70798	4			yes					-1	-1	-1	-1	
60	44	e7ac0737205b6397	4			yes					-1	-1	-1	61	
61	60	8501a28c6c1def42	5			yes					-1	-1	-1	-1	-1	
62	44	44ad77c4f942b33a	4			yes					-1	-1	-1	63	
63	62	ae6fcb65415ca95f	3			yes					-1	-1	-1	
64	44	c73fc69b13441fd6	4			yes					-1	-1	-1	-1	
65	0	09636df1027c7696	5			yes					66	73	77	79	80	
66	65	cf6cbf26cecc7cac	4			yes					67	69	-1	70	
67	66	7cfbbbbf761f3b59	5			yes					-1	-1	-1	-1	68	
68	67	4a5afe8c391203c4	4			yes					-1	-1	-1	-1	
69	66	06c616f8490e244d	4			yes					-1	-1	-1	-1	
70	66	25ae038776d266c9	3			yes					71	72	-1	
71	70	7f619bfb10b651f0	5			yes					-1	-1	-1	-1	-1	
72	70	a87acc8a2c6a063c	4			yes					-1	-1	-1	-1	
73	65	ab52094e0491b3d7	4			yes					-1	74	-1	75	
74	73	d1db056b28d70985	5			yes					-1	-1	-1	-1	-1	
75	73	4190b5efbc8fa9b2	3			yes					-1	76	-1	
76	75	7f67df194db32bf4	5			yes					-1	-1	-1	-1	-1	
77	65	0de4117cb9c74843	4			yes					-1	-1	-1	78	
78	77	e726addd01d95226	3			yes					-1	-1	-1	
79	65	d9c60cf856c28d0a	5			yes					-1	-1	-1	-1	-1	
80	65	e3a1d150ba626cf3	4			yes					-1	-1	-1	81	
81	80	9a7eabdcaf27bdfc	5			yes					-1	-1	-1	-1	-1	
82	0	ea4677a449c1ebe9	5			yes					83	89	94	97	98	
83	82	2c49a5738571e1d3	4			yes					84	86	87	-1	
84	83	832e2c6ecdbddab1	5			yes					-1	-1	-1	-1	-1	
85	84	16a7f5d4da8a8808	4			no					-1	-2	-2	-2	
86	83	4c7f34d9866f71bb	4			yes					-1	-1	-1	-1	
87	83	fdf2eb9670c0e476	5			yes					-1	-1	-1	-1	88	
88	87	cb53aea53fcddceb	4			yes					-1	-1	-1	-1	
89	82	4877131b4f2c2ea8	4			yes					-1	90	92	-1	
90	89	f48347b58b66c785	5			yes					-1	-1	-1	-1	91	
91	90	610a9e0f9c51953c	4			yes					-1	-1	-1	-1	
92	89	5f0e2c106e4deae2	5			yes					-1	-1	-1	-1	93	
93	92	69af69232140d27f	4			yes					-1	-1	-1	-1	
94	82	eec10b29f27ad53c	4			yes					-1	-1	95	-1	
95	94	f3c5c105d5a9dc71	6			yes					-1	-1	-1	-1	-1	96	
96	95	c56484369aa4e4ec	5			yes					-1	-1	-1	-1	-1	
97	82	18b5ab081c772a4f	4			yes					-1	-1	-1	-1	
98	82	924a164924503008	4			yes					-1	-1	-1	-1	
99	0	e04d0945c4561cb1	5			yes					100	110	120	130	138	
100	99	63f67e568c553fae	5			yes					101	104	107	109	-1	
101	100	aa7cae1dbf0a8876	4			yes					102	103	-1	-1	
102	101	70e0e8663a718a80	4			yes					-1	-1	-1	-1	
103	101	8bee0300a272c7db	4			yes					-1	-1	-1	-1	
104	100	677102db37ee017b	4			yes					-1	105	106	-1	
105	104	86c9ad948ba8d745	5			yes					-1	-1	-1	-1	-1	
106	104	af40ec4e8ae07896	4			yes					-1	-1	-1	-1	
107	100	9105a2fad9e3fe08	4			yes					-1	-1	108	-1	
108	107	ee061b9d6159c5bb	5			yes					-1	-1	-1	-1	-1	
109	100	0aa673a8de4d8927	4			yes					-1	-1	-1	-1	
110	99	df066346cf2c0327	5			yes					111	115	117	119	-1	
111	110	1909b191039c091d	4			yes					112	113	114	-1	
112	111	5fb72651aed7a6f9	4			yes					-1	-1	-1	-1	
113	111	ca3b8eb773bc5ee3	4			yes					-1	-1	-1	-1	
114	111	ca8f37c6c6c5468a	4			yes					-1	-1	-1	-1	
115	110	68f40047c801bc99	4			yes					-1	116	-1	-1	
116	115	963184b59f5241ea	4			yes					-1	-1	-1	-1	
117	110	2df5bfea9a9ac281	4			yes					-1	-1	118	-1	
118	117	aa71cbd0b1b80dc1	5			yes					-1	-1	-1	-1	-1	
119	110	b6566eb89d34b5ae	4			yes					-1	-1	-1	-1	
120	99	f267c559105bde5a	5			yes					121	125	128	129	-1	
121	120	3468178edcebd460	4			yes					122	123	124	-1	
122	121	affe468334e9415c	5			yes					-1	-1	-1	-1	-1	
123	121	7529d3aac9215408	4			yes					-1	-1	-1	-1	
124	121	a576f6dc449137ff	4			yes					-1	-1	-1	-1	
125	120	5056a1e616b61b1b	4			yes					-1	126	127	-1	
126	125	fa2935b689f3f387	5			yes					-1	-1	-1	-1	-1	
127	125	8755231bfc7f858c	4			yes					-1	-1	-1	-1	
128	120	3836b8549b5ab87e	4			yes					-1	-1	-1	-1	
129	120	9b37c8a7424368d3	4			yes					-1	-1	-1	-1	
130	99	d6f9d292b97dad7f	5			yes					131	134	136	137	-1	
131	130	10f6004575cda745	4			yes					132	133	-1	-1	
132	131	67b72de77157490a	5			yes					-1	-1	-1	-1	-1	
133	131	438b276a03ea22de	4			yes					-1	-1	-1	-1	
134	130	74c8b62dbf90683e	4			yes					-1	135	-1	-1	
135	134	949634f962330f16	5			yes					-1	-1	-1	-1	-1	
136	130	d27eae1f02c693aa	4			yes					-1	-1	-1	-1	
137	130	63275843443a51a0	5			yes					-1	-1	-1	-1	-1	
138	99	fbbf668d32e3237a	5			yes					139	143	146	148	-1	
139	138	3db0b45afe532940	4			yes					140	141	142	-1	
140	139	dbd1ea77f55e2e2c	5			yes					-1	-1	-1	-1	-1	
141	139	1480f2c0be8c8526	4			yes					-1	-1	-1	-1	
142	139	e6be7dce77889625	5			yes					-1	-1	-1	-1	-1	
143	138	598e0232340ee63b	4			yes					-1	144	145	-1	
144	143	ac7c81acb3853318	5			yes					-1	-1	-1	-1	-1	
145	143	4442ba48690598b1	5			yes					-1	-1	-1	-1	-1	
146	138	ff381a0089581daf	4			yes					-1	-1	147	-1	
147	146	e889575dd2e1ae22	6			yes					-1	-1	-1	-1	-1	-1	
148	138	094cba216755e2dc	4			yes					-1	-1	-1	-1	
