Number of nodes
141
ID	PID	Hash_Value			File_Number	Fully_Enumerated	Children
0	-1	968a4e671d6d3496	5			yes					1	27	59	88	122	
1	0	b7136166808b3ea1	5			yes					2	5	13	20	25	
2	1	a9286f87e9e9206c	4			yes					-1	3	4	-1	
3	2	49d675a70fe7efcb	3			yes					-1	-1	-1	
4	2	7ba6715938e4b5ec	3			yes					-1	-1	-1	
5	1	0ca871caf77b5e11	4			yes					6	7	9	10	
6	5	2afa6ce922e87293	3			yes					-1	-1	-1	
7	5	0e60a2bcfd405ba1	3			yes					-1	-1	8	
8	7	de81ef8caeb69562	3			yes					-1	-1	-1	
9	5	6cb2edd7c532f740	3			yes					-1	-1	-1	
10	5	9eb6b1fc79b1d93d	4			yes					-1	-1	11	12	
11	10	10b399f41eda6b1d	3			yes					-1	-1	-1	
12	10	0a334e7913004ad3	3			yes					-1	-1	-1	
13	1	5abc8a8d60b2fcec	4			yes					14	-1	15	17	
14	13	592ebf752999a0b2	3			yes					-1	-1	-1	
15	13	8194c2efb3df9766	3			yes					-1	16	-1	
16	15	200b976e54ed763a	3			yes					-1	-1	-1	
17	13	b21df3b74cca152b	4			yes					-1	18	-1	19	
18	17	7a9faf55766cd400	3			yes					-1	-1	-1	
19	17	26980c32267b86c5	3			yes					-1	-1	-1	
20	1	8fc607d37ce1423a	4			yes					21	-1	-1	22	
21	20	8cdd5cb0a04aa6e4	3			yes					-1	-1	-1	
22	20	3f7cf9b861cef9d1	4			yes					-1	23	24	-1	
23	22	4113ac35f460d465	4			yes					-1	-1	-1	-1	
24	22	0ab57d7a82cd613f	4			yes					-1	-1	-1	-1	
25	1	246980fc64f5583e	4			yes					26	-1	-1	-1	
26	25	7ed9009b1cc98899	4			yes					-1	-1	-1	-1	
27	0	13a2c5adab58d224	5			yes					28	37	40	48	53	
28	27	d12e7f007c4eaf26	4			yes					-1	29	31	33	
29	28	9b50e0aeef1d6308	3			yes					-1	-1	30	
30	29	e787866fb708f202	4			yes					-1	-1	-1	-1	
31	28	4ea3036b66ce655e	3			yes					-1	32	-1	
32	31	8fd423a7e03c12e8	4			yes					-1	-1	-1	-1	
33	28	bca75f40da4d4b23	4			yes					-1	34	35	36	
34	33	77c3e8c1865a457e	4			yes					-1	-1	-1	-1	
35	33	8e9d801dc14db388	4			yes					-1	-1	-1	-1	
36	33	2822a0c5b0fcd8cd	3			yes					-1	-1	-1	
37	27	17f0b3d9d86e7bb5	4			yes					38	-1	39	-1	
38	37	f8b75ad7f3dab18b	3			yes					-1	-1	-1	
39	37	c57ead070963ee35	3			yes					-1	-1	-1	
40	27	fe0d2e464b611069	4			yes					-1	41	43	45	
41	40	957e36088583be03	3			yes					42	-1	-1	
42	41	4eeb8ec8692e4773	3			yes					-1	-1	-1	
43	40	58c2ae4f1527eaa1	3			yes					44	-1	-1	
44	43	c7f891d12eaa7ded	4			yes					-1	-1	-1	-1	
45	40	6b4b9f17ea3268ec	4			yes					46	-1	-1	47	
46	45	9bee3d2e760104b8	4			yes					-1	-1	-1	-1	
47	45	ffce60928083fb02	3			yes					-1	-1	-1	
48	27	2b77a3185732aebf	4			yes					-1	49	-1	50	
49	48	320580ee91cdfd3d	3			yes					-1	-1	-1	
50	48	e62a9518c7368416	4			yes					51	-1	52	-1	
51	50	23b923b1984de2c6	5			yes					-1	-1	-1	-1	-1	
52	50	5e8953a5c1902fe9	4			yes					-1	-1	-1	-1	
53	27	9b4d4fe52a42e832	5			yes					54	-1	56	57	58	
54	53	740aa6eb01f6220c	4			yes					-1	55	-1	-1	
55	54	0259eaf809b6a9fb	4			yes					-1	-1	-1	-1	
56	53	7bb355c5cc4c2795	4			yes					-1	-1	-1	-1	
57	53	49c3513bfb4f7db2	4			yes					-1	-1	-1	-1	
58	53	0fc8b06040f37bdc	4			yes					-1	-1	-1	-1	
59	0	de0f8a39a97e1589	5			yes					60	70	77	80	86	
60	59	1c8330947e68688b	4			yes					61	65	66	67	
61	60	346b28f066e3ceee	4			yes					-1	62	63	64	
62	61	e6fa172f7d6e1dbe	3			yes					-1	-1	-1	
63	61	e7b506d60eef4758	3			yes					-1	-1	-1	
64	61	0cf161d561562cfe	4			yes					-1	-1	-1	-1	
65	60	acf7452c76b3ca5c	3			yes					-1	-1	-1	
66	60	2fbb7cb4296205b9	3			yes					-1	-1	-1	
67	60	ddbf209f95e12bc4	4			yes					-1	-1	68	69	
68	67	c00f77716656cea0	3			yes					-1	-1	-1	
69	67	493adf1aff50b82a	3			yes					-1	-1	-1	
70	59	ca78d745436a0c86	4			yes					-1	-1	71	73	
71	70	ccf5c19bf64752de	3			yes					72	-1	-1	
72	71	c70983e7ae14159d	4			yes					-1	-1	-1	-1	
73	70	3ef19db04ac47ca3	4			yes					74	-1	75	76	
74	73	db0a0afa02c020f6	4			yes					-1	-1	-1	-1	
75	73	bfb9afb94d744a84	4			yes					-1	-1	-1	-1	
76	73	aa7462352075ef4d	3			yes					-1	-1	-1	
77	59	6713d46f79748630	4			yes					78	79	-1	-1	
78	77	88543d6152c04c0e	3			yes					-1	-1	-1	
79	77	369a80c46a49797b	3			yes					-1	-1	-1	
80	59	e6daec8c55146912	4			yes					-1	-1	81	83	
81	80	db7d1e87b94b01f9	4			yes					-1	-1	-1	82	
82	81	bb3f53e01f35f0ab	3			yes					-1	-1	-1	
83	80	6b3c6b2177520b8c	4			yes					84	85	-1	-1	
84	83	c56b56df6230d051	4			yes					-1	-1	-1	-1	
85	83	4fb427e44b92e766	4			yes					-1	-1	-1	-1	
86	59	4d756ba34d007316	4			yes					-1	-1	87	-1	
87	86	b0e2bb738c542ec5	4			yes					-1	-1	-1	-1	
88	0	7073291ef1d5b957	5			yes					89	98	107	112	114	
89	88	b2ff93b326c3c455	4			yes					90	92	94	95	
90	89	1a5f28c3e299f613	3			yes					-1	-1	91	
91	90	cf1444dd6d4d47ed	4			yes					-1	-1	-1	-1	
92	89	6762f3a3d34ee9f2	3			yes					-1	-1	93	
93	92	88d8518404f092c9	4			yes					-1	-1	-1	-1	
94	89	2303257f382c069b	3			yes					-1	-1	-1	
95	89	53fb83910c39d277	4			yes					-1	96	-1	97	
96	95	13cc77fe168643cf	3			yes					-1	-1	-1	
97	95	c77e7c1466884199	3			yes					-1	-1	-1	
98	88	640474621bc1a058	4			yes					-1	99	103	104	
99	98	06660d86ac0c9205	4			yes					100	-1	101	102	
100	99	21fe649b1d3d9a82	4			yes					-1	-1	-1	-1	
101	99	9bc29eb08a475085	4			yes					-1	-1	-1	-1	
102	99	7208ce221b64c5df	4			yes					-1	-1	-1	-1	
103	98	3b7c585355c34966	3			yes					-1	-1	-1	
104	98	4b84febd61d69d8a	4			yes					105	-1	-1	106	
105	104	3a59a63420f8a16b	3			yes					-1	-1	-1	
106	104	df0101380b670e64	3			yes					-1	-1	-1	
107	88	cbc839b28625d9e7	4			yes					-1	-1	-1	108	
108	107	7b770dfc29a90d6b	4			yes					109	110	-1	111	
109	108	5cf168c7989f2bcc	4			yes					-1	-1	-1	-1	
110	108	0d3571d536c025bd	4			yes					-1	-1	-1	-1	
111	108	eff2f27943189e85	3			yes					-1	-1	-1	
112	88	fe3a16e7ae8c6222	4			yes					-1	-1	-1	113	
113	112	f133ffe85a6aa767	4			yes					-1	-1	-1	-1	
114	88	981f12d203fe9e1b	5			yes					115	118	120	-1	121	
115	114	7758fbdc284a5425	4			yes					116	117	-1	-1	
116	115	b7164fc980e64a54	3			yes					-1	-1	-1	
117	115	ce16f7c5c40ce0f5	3			yes					-1	-1	-1	
118	114	c996467910c36150	4			yes					-1	119	-1	-1	
119	118	3be02f6ed01fd36c	4			yes					-1	-1	-1	-1	
120	114	ab4c019a6e4b2ac3	4			yes					-1	-1	-1	-1	
121	114	0c9aed57694f0df5	4			yes					-1	-1	-1	-1	
122	0	9a03834f31ea4a5a	5			yes					123	127	131	135	140	
123	122	159abf4ebb4b25f4	5			yes					-1	124	125	-1	126	
124	123	abf0d0dfa97d9fe3	4			yes					-1	-1	-1	-1	
125	123	fe9cbd2fef17f83f	4			yes					-1	-1	-1	-1	
126	123	7b00b11170c4fbbd	4			yes					-1	-1	-1	-1	
127	122	0de5c262d6a46a09	5			yes					128	-1	129	-1	130	
128	127	b4860448bd3c8e7b	4			yes					-1	-1	-1	-1	
129	127	afe57de5ecd3395e	4			yes					-1	-1	-1	-1	
130	127	637fcc3d1d2bb440	4			yes					-1	-1	-1	-1	
131	122	02d3bcb441872550	5			yes					132	133	-1	-1	134	
132	131	ff34c4b047a13e6a	4			yes					-1	-1	-1	-1	
133	131	f858977f91d5a846	4			yes					-1	-1	-1	-1	
134	131	6c49b2eb8a08fb19	4			yes					-1	-1	-1	-1	
135	122	65fddcf6d0d399a2	5			yes					136	137	138	-1	139	
136	135	f08ff02e58c9744e	5			yes					-1	-1	-1	-1	-1	
137	135	0aa1ca0cf6ac7bbd	5			yes					-1	-1	-1	-1	-1	
138	135	5f1d91cda4a1d686	5			yes					-1	-1	-1	-1	-1	
139	135	95faa67b229e3236	4			yes					-1	-1	-1	-1	
140	122	560f8f6be5fa2440	5			yes					-1	-1	-1	-1	-1	
