Number of nodes
289
ID	PID	Hash_Value			File_Number	Fully_Enumerated	Children
0	-1	19a100c6dcbdc854	6			yes					1	88	158	214	253	288	
1	0	7a36eb69bad84d2f	5			yes					2	27	46	60	67	
2	1	badd866507d3e57b	5			yes					3	7	17	23	26	
3	2	331f8ff4e5d02b83	4			yes					4	5	-1	6	
4	3	a886d00506d26693	4			yes					-1	-1	-1	-1	
5	3	cc731c442520fb57	4			yes					-1	-1	-1	-1	
6	3	8651b05d25675291	3			yes					-1	-1	-1	
7	2	36304dd2410151f8	4			yes					-1	8	12	14	
8	7	5ea63eafc3de9367	5			yes					9	10	-1	-1	11	
9	8	025fa58ebf21e323	4			yes					-1	-1	-1	-1	
10	8	36d6a8bc4f9df3aa	4			yes					-1	-1	-1	-1	
11	8	e27febb8b2fd7334	4			yes					-1	-1	-1	-1	
12	7	115a88936193b1e2	5			yes					-1	-1	-1	-1	13	
13	12	ad835d8410b051b1	4			yes					-1	-1	-1	-1	
14	7	112b6e2a6aabc5f6	5			yes					15	16	-1	-1	-1	
15	14	4dd2f50b1654b5b2	4			yes					-1	-1	-1	-1	
16	14	795bf839e6e8a53b	4			yes					-1	-1	-1	-1	
17	2	7df3259bceb8e76c	4			yes					-1	-1	18	19	
18	17	7eaa61a8ed5b723e	5			yes					-1	-1	-1	-1	-1	
19	17	a144ab8dc3c19bfe	5			yes					20	21	22	-1	-1	
20	19	fdbd30acbf3eebba	4			yes					-1	-1	-1	-1	
21	19	c9343d9e4f82fb33	4			yes					-1	-1	-1	-1	
22	19	8b79d735e97e0a90	4			yes					-1	-1	-1	-1	
23	2	774f5e71ad0d017e	4			yes					-1	-1	-1	24	
24	23	07725d75ecf6f551	6			yes					-1	-1	-1	-1	-1	25	
25	24	886d2670e8a35f1e	5			yes					-1	-1	-1	-1	-1	
26	2	0f93b9ccc7649c69	4			yes					-1	-1	-1	-1	
27	1	a9f37ef064660ced	4			yes					28	32	36	43	
28	27	911de6154b6f9845	5			yes					-1	-1	30	-1	31	
29	28	986c3415f7a1eeae	4			no					-1	-2	-2	-2	
30	28	2762d49537b34e4e	4			yes					-1	-1	-1	-1	
31	28	2dc433023a4c7816	4			yes					-1	-1	-1	-1	
32	27	daba0b738910441b	5			yes					33	34	-1	-1	35	
33	32	86439052f5ef345f	4			yes					-1	-1	-1	-1	
34	32	8751a3bf243297ad	4			yes					-1	-1	-1	-1	
35	32	6663de64f833a448	4			yes					-1	-1	-1	-1	
36	27	6461a6e4ceb8e8e8	3			yes					37	38	39	
37	36	031315ada63aab50	4			yes					-1	-1	-1	-1	
38	36	13e35317c40df1f0	4			yes					-1	-1	-1	-1	
39	36	fe775e4d087a19f2	6			yes					-1	-1	-1	-1	-1	42	
40	39	a28ec56c748569b6	5			no					-1	-1	-1	-1	-2	
41	39	a39cf681a558ca44	5			no					-1	-1	-1	-1	-2	
42	39	716825480c2fb3bd	5			yes					-1	-1	-1	-1	-1	
43	27	1cbd4159a4d175ff	3			yes					44	45	-1	
44	43	8945275e444e1f37	5			yes					-1	-1	-1	-1	-1	
45	43	c2e2ca388631c369	5			yes					-1	-1	-1	-1	-1	
46	1	c3c54c88197869f0	4			yes					47	50	56	58	
47	46	b31124beeaf78b32	5			yes					-1	-1	48	-1	49	
48	47	eabfdf95b43ee51c	4			yes					-1	-1	-1	-1	
49	47	0fc8f1a99bd46b61	4			yes					-1	-1	-1	-1	
50	46	4f28873f5faadd73	3			yes					51	52	53	
51	50	9cbafbca791dc7ae	4			yes					-1	-1	-1	-1	
52	50	d2a05ae7a290e387	4			yes					-1	-1	-1	-1	
53	50	a5719ff517236386	5			yes					54	55	-1	-1	-1	
54	53	f98804d46bdc13c2	4			yes					-1	-1	-1	-1	
55	53	f89a3739ba01b030	4			yes					-1	-1	-1	-1	
56	46	880cbb6f4094ed26	3			yes					-1	-1	57	
57	56	f9676fea1d804ec8	5			yes					-1	-1	-1	-1	-1	
58	46	768b7321d9cf10e2	3			yes					59	-1	-1	
59	58	ab49e5f5e5d60c40	5			yes					-1	-1	-1	-1	-1	
60	1	cedb2a4f0690db7a	4			yes					61	63	65	66	
61	60	7f74653ec061fbcd	3			yes					62	-1	-1	
62	61	eae75e359d1d0229	5			yes					-1	-1	-1	-1	-1	
63	60	4236e1f840426ff9	3			yes					-1	64	-1	
64	63	4550de6907195274	5			yes					-1	-1	-1	-1	-1	
65	60	09f589b1cffbd96d	3			yes					-1	-1	-1	
66	60	fa6c273849489623	3			yes					-1	-1	-1	
67	1	e1becfc428164c53	5			yes					68	72	81	86	87	
68	67	501180b5eee76ce4	4			yes					69	70	-1	-1	
69	68	c55fceeb436779be	4			yes					-1	-1	-1	-1	
70	68	59afb71d8031e634	5			yes					-1	-1	-1	-1	71	
71	70	11091bb268f04461	4			yes					-1	-1	-1	-1	
72	67	6d5304736ec4f8d0	4			yes					-1	73	77	78	
73	72	5a54273e79492eac	5			yes					74	75	-1	-1	76	
74	73	06adbc1f05b65ee8	4			yes					-1	-1	-1	-1	
75	73	07bf8ff2d46bfd1a	4			yes					-1	-1	-1	-1	
76	73	d7e4d567939cc04f	4			yes					-1	-1	-1	-1	
77	72	15a89102db040c29	5			yes					-1	-1	-1	-1	-1	
78	72	bb13349ba544c6a5	3			yes					-1	79	80	
79	78	7365c13bed9ea76e	5			yes					-1	-1	-1	-1	-1	
80	78	3c9977074fd385eb	5			yes					-1	-1	-1	-1	-1	
81	67	26906c3ae17d4e44	4			yes					-1	-1	82	84	
82	81	b61fd65e85f98dae	6			yes					-1	-1	-1	-1	-1	83	
83	82	feb97af16d382ffb	5			yes					-1	-1	-1	-1	-1	
84	81	f0d05cd22afd7031	3			yes					-1	-1	85	
85	84	ee547ce3e6b700a6	5			yes					-1	-1	-1	-1	-1	
86	67	2c2c17d082c8a856	4			yes					-1	-1	-1	-1	
87	67	37feff2ce3967226	4			yes					-1	-1	-1	-1	
88	0	08e3bb3fff1d73b9	5			yes					-1	89	114	128	137	
89	88	8f69931ad67619ef	5			yes					90	100	103	110	113	
90	89	e86eaaefc1ff961a	4			yes					91	92	96	98	
91	90	6fde35cec2e698d2	4			yes					-1	-1	-1	-1	
92	90	ed105ff41348ee92	5			yes					-1	93	94	-1	95	
93	92	0730c618197dbf79	4			yes					-1	-1	-1	-1	
94	92	0604c30717f66380	4			yes					-1	-1	-1	-1	
95	92	51c98ae3626b0ec1	4			yes					-1	-1	-1	-1	
96	90	464582f2a8c148a3	4			yes					-1	-1	-1	-1	
97	96	ac651b1ea2f41948	3			no					-1	-2	-1	
98	90	109deadaa1c063a9	5			yes					-1	99	-1	-1	-1	
99	98	fabd7336abf53242	4			yes					-1	-1	-1	-1	
100	89	d8f57db6b48b10f5	4			yes					-1	101	-1	102	
101	100	e9d0d46e3db4c879	4			yes					-1	-1	-1	-1	
102	100	6dbb421f743c69e7	3			yes					-1	-1	-1	
103	89	484730e41f1d1bf8	4			yes					-1	-1	104	106	
104	103	7ebed37ee4d43502	5			yes					105	-1	-1	-1	-1	
105	104	eecdc76e54495da2	4			yes					-1	-1	-1	-1	
106	103	a150195bca4edcc2	5			yes					107	108	109	-1	-1	
107	106	31230d4b7ad3b462	4			yes					-1	-1	-1	-1	
108	106	c9208f48460dbc0f	4			yes					-1	-1	-1	-1	
109	106	47f35804251c1274	4			yes					-1	-1	-1	-1	
110	89	42fb4b0e7ca8fdea	4			yes					-1	-1	-1	111	
111	110	0766efa3e579b26d	6			yes					-1	-1	-1	-1	-1	112	
112	111	887994a6e12c1822	5			yes					-1	-1	-1	-1	-1	
113	89	3a27acb316c160fd	4			yes					-1	-1	-1	-1	
114	88	ea1ba4c690ad0b77	4			yes					115	121	124	126	
115	114	8d1c9d3387248482	3			yes					116	117	118	
116	115	cc0671da18acf02f	4			yes					-1	-1	-1	-1	
117	115	57746d6629548326	4			yes					-1	-1	-1	-1	
118	115	65fa25c032be8067	5			yes					-1	-1	-1	-1	120	
119	118	1998f1ab71137400	4			no					-1	-1	-1	-2	
120	118	c17b319c4cbce746	4			yes					-1	-1	-1	-1	
121	114	358e25e332160cce	5			yes					122	-1	-1	-1	123	
122	121	a5fd31f3828b646e	4			yes					-1	-1	-1	-1	
123	121	8957f0f44335ec9d	4			yes					-1	-1	-1	-1	
124	114	a1d25321c9418fa1	3			yes					-1	-1	125	
125	124	0076de04f083e557	5			yes					-1	-1	-1	-1	-1	
126	114	5f559b6f501a7265	3			yes					-1	127	-1	
127	126	2dd6e4a83d378bbc	5			yes					-1	-1	-1	-1	-1	
128	88	e705c2018f45b9fd	4			yes					129	133	134	136	
129	128	8002fbf498cc3608	3			yes					130	131	-1	
130	129	6d8f7412afad6c7c	5			yes					-1	-1	-1	-1	-1	
131	129	4083356e1972a1ab	5			yes					-1	-1	-1	-1	132	
132	131	fc5ae079685141f8	4			yes					-1	-1	-1	-1	
133	128	949e977c913ac0bb	3			yes					-1	-1	-1	
134	128	202b61ff462ebbea	3			yes					-1	135	-1	
135	134	89079dcbef3d9042	5			yes					-1	-1	-1	-1	-1	
136	128	d3b2cf76c09df4a4	3			yes					-1	-1	-1	
137	88	c860278aa1c32ed4	5			yes					138	148	151	156	157	
138	137	af671e7fb64aa121	4			yes					139	140	142	144	
139	138	016b5fb9a17ff1d6	4			yes					-1	-1	-1	-1	
140	138	88dcc07619e1cb18	5			yes					-1	-1	-1	-1	141	
141	140	c07a6cd9f120694d	4			yes					-1	-1	-1	-1	
142	138	282d9c1d5c314698	5			yes					-1	-1	-1	-1	143	
143	142	608b30b2b4f0e4cd	4			yes					-1	-1	-1	-1	
144	138	79272e977dca9f54	3			yes					-1	145	147	
145	144	2cad2c9c79b049d5	5			yes					-1	-1	-1	-1	146	
146	145	a3b257997de5e39a	4			yes					-1	-1	-1	-1	
147	144	33c795213fb8ec48	5			yes					-1	-1	-1	-1	-1	
148	137	bbfb72f7bfbc5792	4			yes					-1	149	-1	-1	
149	148	db5ec06ba18495f2	5			yes					-1	-1	-1	-1	150	
150	149	93f86cc4494537a7	4			yes					-1	-1	-1	-1	
151	137	0f4e847468a82cc3	4			yes					-1	-1	152	154	
152	151	4f0e67b068fa2631	6			yes					-1	-1	-1	-1	-1	153	
153	152	07a8cb1f803b8464	5			yes					-1	-1	-1	-1	-1	
154	151	d90eb49ca32812b6	3			yes					-1	-1	155	
155	154	1745cd0d0bb4ab39	5			yes					-1	-1	-1	-1	-1	
156	137	05f2ff9e0b1dcad1	4			yes					-1	-1	-1	-1	
157	137	1e2017626a4310a1	4			yes					-1	-1	-1	-1	
158	0	eefc40fceeb28567	5			yes					-1	-1	159	183	191	
159	158	6fe8dc7f401c3b64	5			yes					160	170	177	179	182	
160	159	08efe58a5795b491	4			yes					161	165	166	167	
161	160	6ec07de75d5cc541	5			yes					-1	162	163	-1	164	
162	161	15c2f5c8ff8d5a55	4			yes					-1	-1	-1	-1	
163	161	376e86cc0395ab6f	4			yes					-1	-1	-1	-1	
164	161	d219a8f02c7f2512	4			yes					-1	-1	-1	-1	
165	160	75d15c580ed9d549	4			yes					-1	-1	-1	-1	
166	160	dbb326c22c0f6d70	5			yes					-1	-1	-1	-1	-1	
167	160	a2b06a94856b33f1	5			yes					-1	168	169	-1	-1	
168	167	d47f1b7c8f5ca6e8	4			yes					-1	-1	-1	-1	
169	167	4148fbbc3088eace	4			yes					-1	-1	-1	-1	
170	159	8011ad6d030669a8	4			yes					-1	171	172	174	
171	170	dab2fc4280f04226	4			yes					-1	-1	-1	-1	
172	170	3be446e8a152c84b	5			yes					-1	-1	-1	-1	-1	
173	172	ab9752f811cfa0eb	4			no					-1	-2	-2	-2	
174	170	42e70abe083696ca	5			yes					175	-1	176	-1	-1	
175	174	d2941eaeb8abfe6a	4			yes					-1	-1	-1	-1	
176	174	a11f9b96bdd54ff5	4			yes					-1	-1	-1	-1	
177	159	f022af5a3efa402e	4			yes					-1	-1	-1	178	
178	177	456c90f3fe4d393c	3			yes					-1	-1	-1	
179	159	a27a046beac2df61	4			yes					-1	-1	-1	180	
180	179	dd2c18d7e60db933	6			yes					-1	-1	-1	-1	-1	181	
181	180	523363d2e258137c	5			yes					-1	-1	-1	-1	-1	
182	159	daa6e3d680ab4276	4			yes					-1	-1	-1	-1	
183	158	dcc993acd3b5212d	4			yes					184	187	189	190	
184	183	bbceaa59c43caed8	3			yes					185	186	-1	
185	184	9a491ee1e1b0c278	5			yes					-1	-1	-1	-1	-1	
186	184	5cc05e26dc57f44c	5			yes					-1	-1	-1	-1	-1	
187	183	3330e2be90af73e1	3			yes					-1	188	-1	
188	187	e24a4942be535ace	5			yes					-1	-1	-1	-1	-1	
189	183	bc4945901b4b9060	3			yes					-1	-1	-1	
190	183	e87e9edb9c6d6c74	3			yes					-1	-1	-1	
191	158	f3ac7627fd33b604	5			yes					192	204	211	212	213	
192	191	94ab4fd2eaba39f1	4			yes					193	197	199	201	
193	192	b0789302e4bf73d4	5			yes					-1	194	195	-1	196	
194	193	cb7a1b2d466eecc0	4			yes					-1	-1	-1	-1	
195	193	0607a1829863a5df	4			yes					-1	-1	-1	-1	
196	193	3dc8615b0e6a9d37	4			yes					-1	-1	-1	-1	
197	192	cacb3dc0363c7fcc	5			yes					-1	-1	-1	-1	198	
198	197	826d916fdefddd99	4			yes					-1	-1	-1	-1	
199	192	61c23b01db3e48fd	5			yes					-1	-1	-1	-1	200	
200	199	296497ae33ffeaa8	4			yes					-1	-1	-1	-1	
201	192	42eb7f3a213a0784	3			yes					202	-1	203	
202	201	994975077068fa16	5			yes					-1	-1	-1	-1	-1	
203	201	08e5ae9c420a9c54	5			yes					-1	-1	-1	-1	-1	
204	191	1c550735be29e4c8	4			yes					-1	205	207	209	
205	204	7979c0bcb26b36e1	5			yes					-1	-1	-1	-1	206	
206	205	31df6c135aaa94b4	4			yes					-1	-1	-1	-1	
207	204	81955b2b5663edc6	5			yes					-1	-1	-1	-1	208	
208	207	c933f784bea24f93	4			yes					-1	-1	-1	-1	
209	204	ca1537dd75a9dabd	3			yes					-1	-1	210	
210	209	e8b2ceb6cf57396f	5			yes					-1	-1	-1	-1	-1	
211	191	932ca01b35cd0749	4			yes					-1	-1	-1	-1	
212	191	3e3eae3357ed5201	4			yes					-1	-1	-1	-1	
213	191	25ec46cf36b38871	4			yes					-1	-1	-1	-1	
214	0	24281d4476147ee2	5			yes					-1	-1	-1	215	231	
215	214	0687098dbfc47ce3	5			yes					216	222	225	228	229	
216	215	61803078a84df316	4			yes					217	218	-1	221	
217	216	602585edc243b97e	5			yes					-1	-1	-1	-1	-1	
218	216	52a68021e37fa69f	5			yes					-1	-1	-1	-1	220	
219	218	9905f408453eb5c3	4			no					-1	-1	-1	-2	
220	218	ee7f5536925c46cc	4			yes					-1	-1	-1	-1	
221	216	113b3be2835a218f	5			yes					-1	-1	-1	-1	-1	
222	215	e97e789ffcde2e2f	4			yes					-1	223	-1	224	
223	222	ae8070d80f8120f5	5			yes					-1	-1	-1	-1	-1	
224	222	8179005944ba1bb4	6			yes					-1	-1	-1	-1	-1	-1	
225	215	8a6ac23af916c860	4			yes					-1	-1	-1	226	
226	225	86f1372e770e8389	6			yes					-1	-1	-1	-1	-1	227	
227	226	3da2ad88c8d70070	5			yes					-1	-1	-1	-1	-1	
228	215	586f846bb6f7ad77	4			yes					-1	-1	-1	-1	
229	215	5afb0eb61b72b82e	4			yes					-1	-1	-1	230	
230	229	04138350124169ba	3			yes					-1	-1	-1	
231	214	999a445f802dd319	5			yes					232	242	249	251	252	
232	231	fe9d7daa97a45cec	4			yes					233	237	-1	239	
233	232	4a14080ec74c08d2	5			yes					-1	234	235	-1	236	
234	233	24abd286647b54e5	4			yes					-1	-1	-1	-1	
235	233	13baf325998566fc	4			yes					-1	-1	-1	-1	
236	233	c7a4fa572d99e631	4			yes					-1	-1	-1	-1	
237	232	72264725d380a330	5			yes					-1	-1	-1	-1	238	
238	237	3a80eb8a3b410165	4			yes					-1	-1	-1	-1	
239	232	28dd4d425c246299	3			yes					240	241	-1	
240	239	6325ee0b539b8110	5			yes					-1	-1	-1	-1	-1	
241	239	af42b05a2112c528	4			yes					-1	-1	-1	-1	
242	231	7663354dc33781d5	4			yes					-1	243	-1	247	
243	242	84b1fd3b0a8e9159	5			yes					244	-1	245	-1	246	
244	243	14c2e92bba13f9f9	4			yes					-1	-1	-1	-1	
245	243	70ef3b38f6cd559a	4			yes					-1	-1	-1	-1	
246	243	09010f62e05b7fba	4			yes					-1	-1	-1	-1	
247	242	a02305a508b7bfa0	3			yes					-1	248	-1	
248	247	ad801b3e9e59189b	5			yes					-1	-1	-1	-1	-1	
249	231	15778fe8c6ff679a	4			yes					-1	-1	-1	250	
250	249	c337bf000d7f59ef	3			yes					-1	-1	-1	
251	231	d253b3b8d9c157cf	4			yes					-1	-1	-1	-1	
252	231	4fda74b74baded6c	4			yes					-1	-1	-1	-1	
253	0	1f8a8c12df4dd7fc	5			yes					-1	-1	-1	-1	254	
254	253	662f5e5e4a726d81	6			yes					255	266	275	282	285	287	
255	254	012867ab5dfbe274	5			yes					256	258	259	260	262	
256	255	b97d770c35e8aa49	6			yes					-1	-1	-1	-1	-1	257	
257	256	f1dbdba3dd29081c	5			yes					-1	-1	-1	-1	-1	
258	255	4701713c989fda0c	5			yes					-1	-1	-1	-1	-1	
259	255	15bba0d17da00614	5			yes					-1	-1	-1	-1	-1	
260	255	7baf79ff8335387f	4			yes					-1	-1	-1	261	
261	260	a43a195bcca3e458	3			yes					-1	-1	-1	
262	255	debd070f126d3e53	4			yes					263	264	265	-1	
263	262	31c7277ce6dcc4a8	6			yes					-1	-1	-1	-1	-1	-1	
264	262	aa06bd25da11f135	5			yes					-1	-1	-1	-1	-1	
265	262	f8bc6cc83f2e2d2d	5			yes					-1	-1	-1	-1	-1	
266	254	89d62f4c09683f4d	5			yes					-1	267	269	270	272	
267	266	e84e104bc7e1a619	6			yes					-1	-1	-1	-1	-1	268	
268	267	a0e8bce42f20044c	5			yes					-1	-1	-1	-1	-1	
269	266	48c2c2c32878bfea	5			yes					-1	-1	-1	-1	-1	
270	266	f3513118d7a6e546	4			yes					-1	-1	-1	271	
271	270	2cc451bc98303961	3			yes					-1	-1	-1	
272	266	56434fe846fee36a	4			yes					-1	273	274	-1	
273	272	60f4403b14d5c8f8	6			yes					-1	-1	-1	-1	-1	-1	
274	272	a5c50eda6af694d3	5			yes					-1	-1	-1	-1	-1	
275	254	eac295e90ca0d902	5			yes					-1	-1	276	278	280	
276	275	bf536a121ec5e182	6			yes					-1	-1	-1	-1	-1	277	
277	276	f7f5c6bdf60443d7	5			yes					-1	-1	-1	-1	-1	
278	275	90458bbdd26e0309	4			yes					-1	-1	-1	279	
279	278	4fd0eb199df8df2e	3			yes					-1	-1	-1	
280	275	3557f54d43360525	4			yes					-1	-1	281	-1	
281	280	37e93a62cdf18f63	6			yes					-1	-1	-1	-1	-1	-1	
282	254	a101fda083196f96	5			yes					-1	-1	-1	283	284	
283	282	db86e3f45dd7b59d	4			yes					-1	-1	-1	-1	
284	282	7e949d04cc8fb3b1	4			yes					-1	-1	-1	-1	
285	254	1ca8400a94bcb78a	5			yes					-1	-1	-1	-1	286	
286	285	c33d20aedb2a6bad	4			yes					-1	-1	-1	-1	
287	254	b9ba3efa05e4b1a6	5			yes					-1	-1	-1	-1	-1	
288	0	be2a813ade93dabb	5			yes					-1	-1	-1	-1	-1	
