Number of nodes
534
ID	PID	Hash_Value			File_Number	Fully_Enumerated	Children
0	-1	1c6e94f911e714cf	6			yes					1	166	295	405	483	533	
1	0	cf5f61ab4aecc33c	5			yes					2	55	85	107	124	
2	1	d34c6b14c3be8e3a	5			yes					3	15	33	43	54	
3	2	f53a7ca08463ffc0	4			yes					4	5	8	12	
4	3	999f766c78a39d68	4			yes					-1	-1	-1	-1	
5	3	9a3cd12989a2dc91	5			yes					-1	6	-1	-1	7	
6	5	a62e7e0eea45a99c	4			yes					-1	-1	-1	-1	
7	5	9213b433071627f4	4			yes					-1	-1	-1	-1	
8	3	10a8c73d8baaf346	3			yes					9	10	11	
9	8	a3bab204a04f7413	4			yes					-1	-1	-1	-1	
10	8	cd96a568cc19576c	4			yes					-1	-1	-1	-1	
11	8	8e28f30beed50c49	5			yes					-1	-1	-1	-1	-1	
12	3	c16bb92af240114e	3			yes					13	14	-1	
13	12	fb5dd01290d71c5e	4			yes					-1	-1	-1	-1	
14	12	006916f9bc196d81	4			yes					-1	-1	-1	-1	
15	2	cd27ee619a21723e	4			yes					-1	16	23	28	
16	15	d5b98800cc07b9a3	5			yes					17	19	20	21	22	
17	16	2c98e8cd93fe105a	4			yes					18	-1	-1	-1	
18	17	d2e12cd24a2ced09	3			yes					-1	-1	-1	
19	16	2bc04c1f15d544f0	4			yes					-1	-1	-1	-1	
20	16	f66cb810415f1060	4			yes					-1	-1	-1	-1	
21	16	54230944bae30185	4			yes					-1	-1	-1	-1	
22	16	a51715867d97454f	4			yes					-1	-1	-1	-1	
23	15	a2b581a8569afd1e	5			yes					24	25	-1	26	27	
24	23	5b94e165096354e7	4			yes					-1	-1	-1	-1	
25	23	5ccc45b78f48004d	4			yes					-1	-1	-1	-1	
26	23	399d22bc2158c71e	4			yes					-1	-1	-1	-1	
27	23	2d35361d28b455b7	4			yes					-1	-1	-1	-1	
28	15	fa52e3be66029553	5			yes					29	30	31	32	-1	
29	28	0373837339fb3caa	4			yes					-1	-1	-1	-1	
30	28	042b27a1bfd06800	4			yes					-1	-1	-1	-1	
31	28	4b17d265bf5fae4e	4			yes					-1	-1	-1	-1	
32	28	b26a9edaf6e404f6	4			yes					-1	-1	-1	-1	
33	2	e9deecd667a86ff6	4			yes					-1	-1	34	39	
34	33	cc9996c43accde61	5			yes					35	36	37	-1	38	
35	34	35b8f60965357798	4			yes					-1	-1	-1	-1	
36	34	32e052dbe31e2332	4			yes					-1	-1	-1	-1	
37	34	f08b39e3592bab6c	4			yes					-1	-1	-1	-1	
38	34	4319217144e276c8	4			yes					-1	-1	-1	-1	
39	33	016625554acce48c	5			yes					40	41	42	-1	-1	
40	39	f847459815354d75	4			yes					-1	-1	-1	-1	
41	39	ff1fe14a931e19df	4			yes					-1	-1	-1	-1	
42	39	3d748a72292b9181	4			yes					-1	-1	-1	-1	
43	2	36ded089cc7782bc	4			yes					-1	-1	-1	44	
44	43	8f27c0a718008544	6			yes					45	47	49	51	-1	53	
45	44	7606a06a47f92cbd	5			yes					-1	-1	-1	-1	46	
46	45	d879bc445f453dac	4			yes					-1	-1	-1	-1	
47	44	715e04b8c1d27817	5			yes					-1	-1	-1	-1	48	
48	47	df211896d96e6906	4			yes					-1	-1	-1	-1	
49	44	b3356f807be7f049	5			yes					-1	-1	-1	-1	50	
50	49	1d4a73ae635be158	4			yes					-1	-1	-1	-1	
51	44	771baba4e069647e	5			yes					-1	-1	-1	-1	52	
52	51	d964b78af8d5756f	4			yes					-1	-1	-1	-1	
53	44	2158dc8900bc9455	5			yes					-1	-1	-1	-1	-1	
54	2	e71dae9eb59d60b4	4			yes					-1	-1	-1	-1	
55	1	5895439db65e3144	4			yes					56	65	73	84	
56	55	d3b3307736ca9081	3			yes					57	58	62	
57	56	d4b6bbac3ad230ae	4			yes					-1	-1	-1	-1	
58	56	d1b3f3d5de93ceb0	5			yes					-1	59	60	-1	61	
59	58	6fd32496553076b0	4			yes					-1	-1	-1	-1	
60	58	298f98d626fa2f8a	4			yes					-1	-1	-1	-1	
61	58	2ea2269fc3088baf	4			yes					-1	-1	-1	-1	
62	56	b4a70a065df7d8f6	5			yes					-1	63	64	-1	-1	
63	62	0ac7dd45d65460f6	4			yes					-1	-1	-1	-1	
64	62	4c9b6105a59e39cc	4			yes					-1	-1	-1	-1	
65	55	5ae50dfdf97e43cd	3			yes					-1	66	70	
66	65	3ddb17226a529001	5			yes					67	68	-1	-1	69	
67	66	c4fa77ef35ab39f8	4			yes					-1	-1	-1	-1	
68	66	4b4c88360f064a17	4			yes					-1	-1	-1	-1	
69	66	c2cac26877c9d51e	4			yes					-1	-1	-1	-1	
70	65	58cfeef1e9368647	5			yes					71	72	-1	-1	-1	
71	70	a1ee8e3cb6cf2fbe	4			yes					-1	-1	-1	-1	
72	70	2e5871e58c625c51	4			yes					-1	-1	-1	-1	
73	55	bd07f800b9973dc2	3			yes					-1	-1	74	
74	73	85bbe3c84cc26f0c	6			yes					75	77	79	81	-1	83	
75	74	7c9a8305133bc6f5	5			yes					-1	-1	-1	-1	76	
76	75	d2e59f2b0b87d7e4	4			yes					-1	-1	-1	-1	
77	74	f32c7cdc2996b51a	5			yes					-1	-1	-1	-1	78	
78	77	5d5360f2312aa40b	4			yes					-1	-1	-1	-1	
79	74	3bdb348bc761d70c	5			yes					-1	-1	-1	-1	80	
80	79	95a428a5dfddc61d	4			yes					-1	-1	-1	-1	
81	74	7d8788cbb4ab8e36	5			yes					-1	-1	-1	-1	82	
82	81	d3f894e5ac179f27	4			yes					-1	-1	-1	-1	
83	74	2bc4ffe6547e7e1d	5			yes					-1	-1	-1	-1	-1	
84	55	6cc48617c07ddfca	3			yes					-1	-1	-1	
85	1	887f852ec553afd2	4			yes					86	94	104	106	
86	85	0359f6c445c70e17	3			yes					87	89	90	
87	86	bedde8acdf57cad6	5			yes					-1	-1	-1	-1	88	
88	87	756e8b41786ec292	4			yes					-1	-1	-1	-1	
89	86	abca879b3fd46447	4			yes					-1	-1	-1	-1	
90	86	a5f25e0d029fc0c0	5			yes					-1	91	92	-1	-1	
91	90	99e0f12a6178b5cd	4			yes					-1	-1	-1	-1	
92	90	cee919614ddaf4c1	4			yes					-1	-1	-1	-1	
93	90	d0c4fe712ab8248d	4			yes					-1	-1	-1	-1	
94	85	9614005b9ccc53d6	3			yes					-1	95	99	
95	94	9986d437bf42dda2	5			yes					96	97	-1	-1	98	
96	95	60a7b4fae0bb745b	4			yes					-1	-1	-1	-1	
97	95	ef114b23da1607b4	4			yes					-1	-1	-1	-1	
98	95	3f25b49b4774dd79	4			yes					-1	-1	-1	-1	
99	94	43bdd10308d1a6bd	5			yes					100	101	102	103	-1	
100	99	ba9cb1ce57280f44	4			yes					-1	-1	-1	-1	
101	99	352a4e176d857cab	4			yes					-1	-1	-1	-1	
102	99	a5f5bf03943cc99c	4			yes					-1	-1	-1	-1	
103	99	6bb64e5ed0e57cd4	4			yes					-1	-1	-1	-1	
104	85	a11c3315af28b34f	3			yes					-1	-1	105	
105	104	5b461798b2166ba9	5			yes					-1	-1	-1	-1	-1	
106	85	bc2e40a4b370415c	3			yes					-1	-1	-1	
107	1	ffd830765ab8cc32	4			yes					108	114	121	123	
108	107	74fe439cda2c6df7	3			yes					109	112	-1	
109	108	d512ee39872c1d35	5			yes					-1	-1	-1	111	-1	
110	109	4032e97d141d7491	4			no					-1	-2	-2	-2	
111	109	529c3c678b0273f2	4			yes					-1	-1	-1	-1	
112	108	2bbfb0682221d1cc	5			yes					-1	-1	-1	113	-1	
113	112	ac3162362e0fbf0b	4			yes					-1	-1	-1	-1	
114	107	e1b3b50303273036	3			yes					-1	115	120	
115	114	b9c83672c7b1b6da	5			yes					116	117	-1	118	119	
116	115	40e956bf98481f23	4			yes					-1	-1	-1	-1	
117	115	cf5fa966a2e56ccc	4			yes					-1	-1	-1	-1	
118	115	f52a9151251e8b88	4			yes					-1	-1	-1	-1	
119	115	e08168ea555ae77e	4			yes					-1	-1	-1	-1	
120	114	a5534a3058151d78	5			yes					-1	-1	-1	-1	-1	
121	107	c54ab7b4feae2dfe	3			yes					-1	-1	122	
122	121	cb7f5d5c34433e07	5			yes					-1	-1	-1	-1	-1	
123	107	afdf715d7d1dbc0d	3			yes					-1	-1	-1	
124	1	182c2f0351305fde	5			yes					125	132	152	164	165	
125	124	930a5ce9d1a4fe1b	4			yes					126	128	131	-1	
126	125	6ac7be43ed595532	5			yes					-1	-1	-1	-1	127	
127	126	daee4ccabc6ac247	4			yes					-1	-1	-1	-1	
128	125	a656f3dcf81c648a	5			yes					-1	129	-1	-1	130	
129	128	9a445cfb9bfb1187	4			yes					-1	-1	-1	-1	
130	128	167f0155a92ff3ff	4			yes					-1	-1	-1	-1	
131	125	5848a9c1796be630	5			yes					-1	-1	-1	-1	-1	
132	124	0647aa7608afa3da	4			yes					-1	133	143	151	
133	132	875e8da92d49d4c5	6			yes					134	136	-1	138	140	142	
134	133	7e7fed6472b07d3c	5			yes					-1	-1	-1	-1	135	
135	134	d844cbc956c1a126	4			yes					-1	-1	-1	-1	
136	133	f1c912bd481d0ed3	5			yes					-1	-1	-1	-1	137	
137	136	57f234106c6cd2c9	4			yes					-1	-1	-1	-1	
138	133	06c40ced5bad6ce3	5			yes					-1	-1	-1	-1	139	
139	138	a0ff2a407fdcb0f9	4			yes					-1	-1	-1	-1	
140	133	8bc26820e560be10	5			yes					-1	-1	-1	-1	141	
141	140	2df94e8dc111620a	4			yes					-1	-1	-1	-1	
142	133	2165ab04093808df	5			yes					-1	-1	-1	-1	-1	
143	132	1bb094675a6b52c2	6			yes					144	146	-1	-1	148	150	
144	143	e291f4aa0592fb3b	5			yes					-1	-1	-1	-1	145	
145	144	44aad20721e32721	4			yes					-1	-1	-1	-1	
146	143	6d270b733f3f88d4	5			yes					-1	-1	-1	-1	147	
147	146	cb1c2dde1b4e54ce	4			yes					-1	-1	-1	-1	
148	143	03e04bbbb043aee8	5			yes					-1	-1	-1	-1	149	
149	148	a5db6d16943272f2	4			yes					-1	-1	-1	-1	
150	143	bd8bb2ca7e1a8ed8	5			yes					-1	-1	-1	-1	-1	
151	132	54264fb52b4b4c8f	3			yes					-1	-1	-1	
152	124	22bea8c1f526be12	4			yes					-1	-1	153	163	
153	152	759c830b363d71bd	6			yes					154	156	158	-1	160	162	
154	153	8cbde3c669c4d844	5			yes					-1	-1	-1	-1	155	
155	154	2a86c56b4db5045e	4			yes					-1	-1	-1	-1	
156	153	030b1c1f5369abab	5			yes					-1	-1	-1	-1	157	
157	156	a5303ab2771877b1	4			yes					-1	-1	-1	-1	
158	153	498e2c2c55da04b0	5			yes					-1	-1	-1	-1	159	
159	158	efb50a8171abd8aa	4			yes					-1	-1	-1	-1	
160	153	6dcc5cd7dc158d97	5			yes					-1	-1	-1	-1	161	
161	160	cbf77a7af864518d	4			yes					-1	-1	-1	-1	
162	153	d3a7a5a6124cada7	5			yes					-1	-1	-1	-1	-1	
163	152	70df4d02d6c25147	3			yes					-1	-1	-1	
164	124	fdbe949e5ef95358	4			yes					-1	-1	-1	-1	
165	124	4a4dcac072d4b08b	4			yes					-1	-1	-1	-1	
166	0	e931dd0ee1c0085f	5			yes					-1	167	219	239	255	
167	166	0792a1b1696f8726	5			yes					168	187	197	207	218	
168	167	a9b8f27626636633	4			yes					169	170	176	182	
169	168	943f81c7e6d6eb0b	4			yes					-1	-1	-1	-1	
170	168	42d6adc0ff8bb08c	5			yes					171	172	173	174	175	
171	170	326b097d60d61642	4			yes					-1	-1	-1	-1	
172	170	01d2ebcc6df80ab5	4			yes					-1	-1	-1	-1	
173	170	2dde8638e5719ccf	4			yes					-1	-1	-1	-1	
174	170	2c1f54cfa644cc58	4			yes					-1	-1	-1	-1	
175	170	327830464e1b4c60	4			yes					-1	-1	-1	-1	
176	168	6a6cf00252b99dbc	5			yes					177	178	179	180	181	
177	176	1ad154bfcde43b72	4			yes					-1	-1	-1	-1	
178	176	2968b60ec0ca2785	4			yes					-1	-1	-1	-1	
179	176	60d23329901510ca	4			yes					-1	-1	-1	-1	
180	176	b687962fb1ac3928	4			yes					-1	-1	-1	-1	
181	176	e5ec47b72c973515	4			yes					-1	-1	-1	-1	
182	168	11201b1c184d44d9	5			yes					183	184	185	186	-1	
183	182	619dbfa18710e217	4			yes					-1	-1	-1	-1	
184	182	52245d108a3efee0	4			yes					-1	-1	-1	-1	
185	182	1b9ed837dae1c9af	4			yes					-1	-1	-1	-1	
186	182	ef0e28434929a41c	4			yes					-1	-1	-1	-1	
187	167	457baa1292f0e2d1	4			yes					-1	188	191	194	
188	187	da06a2e3cb62ddb3	5			yes					189	-1	-1	-1	190	
189	188	6b4ac47331338044	4			yes					-1	-1	-1	-1	
190	188	d229c7f945d626d6	4			yes					-1	-1	-1	-1	
191	187	a0e9118f9d39ee57	3			yes					192	193	-1	
192	191	38b402f0db983b5e	4			yes					-1	-1	-1	-1	
193	191	8dacd6a28ed9564e	4			yes					-1	-1	-1	-1	
194	187	712a6f98e4d30c5f	3			yes					195	196	-1	
195	194	5526298cb9261cb2	4			yes					-1	-1	-1	-1	
196	194	40536533fed96ca3	4			yes					-1	-1	-1	-1	
197	167	3d002673cd7966ea	4			yes					-1	-1	198	203	
198	197	0686e8fd7720e762	5			yes					199	200	201	-1	202	
199	198	b7ca8e6d8d71ba95	4			yes					-1	-1	-1	-1	
200	198	f8ff2ce2aef21a31	4			yes					-1	-1	-1	-1	
201	198	b8e63fbefc835f62	4			yes					-1	-1	-1	-1	
202	198	89065f48090e4fcb	4			yes					-1	-1	-1	-1	
203	197	cb795b6c0720dd8f	5			yes					204	205	206	-1	-1	
204	203	7a353dfcfd718078	4			yes					-1	-1	-1	-1	
205	203	35009f73def220dc	4			yes					-1	-1	-1	-1	
206	203	75198c2f8c83658f	4			yes					-1	-1	-1	-1	
207	167	e2001a2c66a68ba0	4			yes					-1	-1	-1	208	
208	207	4538be9e55ecbc47	6			yes					209	211	213	215	-1	217	
209	208	f474d80eafbde1b0	5			yes					-1	-1	-1	-1	210	
210	209	5a0bc420b701f0a1	4			yes					-1	-1	-1	-1	
211	208	bb417a818c3e4114	5			yes					-1	-1	-1	-1	212	
212	211	153e66af94825005	4			yes					-1	-1	-1	-1	
213	208	fb5869ddde4f0447	5			yes					-1	-1	-1	-1	214	
214	213	552775f3c6f31556	4			yes					-1	-1	-1	-1	
215	208	bd04d59dad855d7d	5			yes					-1	-1	-1	-1	216	
216	215	137bc9b3b5394c6c	4			yes					-1	-1	-1	-1	
217	208	eb47a2b04d50ad56	5			yes					-1	-1	-1	-1	-1	
218	167	33c3643b1f4c69a8	4			yes					-1	-1	-1	-1	
219	166	adebeedcd69e30a8	4			yes					220	231	236	238	
220	219	03c1bd1b9992d1bd	3			yes					221	224	226	
221	220	1e0d313d9b72acd3	4			yes					-1	-1	222	223	
222	221	9f97b079ed9614f5	3			yes					-1	-1	-1	
223	221	6ea3acbb2ae2503f	3			yes					-1	-1	-1	
224	220	ef40c32b75cb11cf	5			yes					-1	-1	-1	-1	225	
225	224	49e3a3878dfd1114	4			yes					-1	-1	-1	-1	
226	220	24e9ae6b435f012e	5			yes					227	228	229	230	-1	
227	226	54540ad6dc02a7e0	4			yes					-1	-1	-1	-1	
228	226	edae6441a3ac2ece	4			yes					-1	-1	-1	-1	
229	226	93b92e4dd13f335d	4			yes					-1	-1	-1	-1	
230	226	0ce231369b6bdb47	4			yes					-1	-1	-1	-1	
231	219	b318207653541306	3			yes					-1	232	233	
232	231	ebf0f4517d146565	4			yes					-1	-1	-1	-1	
233	231	e5c82dc7405fc1e2	5			yes					234	-1	235	-1	-1	
234	233	54844b57ba0e9c15	4			yes					-1	-1	-1	-1	
235	233	8ed36aab0f1af5e3	4			yes					-1	-1	-1	-1	
236	219	848858e7bce52c35	3			yes					-1	-1	237	
237	236	9bc54aceab38b8e2	5			yes					-1	-1	-1	-1	-1	
238	219	99ba2b56a0bdde26	3			yes					-1	-1	-1	
239	166	da4c5b8449755348	4			yes					240	249	252	254	
240	239	746608430679b25d	3			yes					241	243	248	
241	240	2f0110d39afbfe77	5			yes					-1	-1	-1	242	-1	
242	241	a88fc28d96d590b0	4			yes					-1	-1	-1	-1	
243	240	cb67c23f5e0f7fb1	5			yes					244	245	-1	246	247	
244	243	bbda6682c152d97f	4			yes					-1	-1	-1	-1	
245	243	02200815befc5051	4			yes					-1	-1	-1	-1	
246	243	4ce9106152211176	4			yes					-1	-1	-1	-1	
247	243	bbc95fb9ef9f835d	4			yes					-1	-1	-1	-1	
248	240	47780503738dccd7	5			yes					-1	-1	-1	-1	-1	
249	239	c4bf952eccbf70e6	3			yes					-1	250	-1	
250	249	6b85c3a260e1d0ee	5			yes					-1	-1	-1	251	-1	
251	250	ec0b11fc6ccfbe29	4			yes					-1	-1	-1	-1	
252	239	e0dedc46ed63b284	3			yes					-1	-1	253	
253	252	0bfc000a2d6ded4c	5			yes					-1	-1	-1	-1	-1	
254	239	8a4b1aaf6ed02377	3			yes					-1	-1	-1	
255	166	3db844f142fdc0a4	5			yes					256	276	281	293	294	
256	255	939217360df121b1	4			yes					257	259	269	273	
257	256	9003ab062cf073b0	5			yes					-1	-1	-1	-1	258	
258	257	36388dab0881afaa	4			yes					-1	-1	-1	-1	
259	256	c68b97a27471d792	6			yes					260	262	-1	264	266	268	
260	259	b636331feb2c715c	5			yes					-1	-1	-1	-1	261	
261	260	100d15b2cf5dad46	4			yes					-1	-1	-1	-1	
262	259	0fcc5d889482f872	5			yes					-1	-1	-1	-1	263	
263	262	a9f77b25b0f32468	4			yes					-1	-1	-1	-1	
264	259	234d6687d2d6dd69	5			yes					-1	-1	-1	-1	265	
265	264	8576402af6a70173	4			yes					-1	-1	-1	-1	
266	259	ca17722bbc58bd47	5			yes					-1	-1	-1	-1	267	
267	266	6c2c54869829615d	4			yes					-1	-1	-1	-1	
268	259	60b0b10f50000b88	5			yes					-1	-1	-1	-1	-1	
269	256	3ca39c0adb0c9b0d	5			yes					-1	270	271	-1	272	
270	269	f5e456203bffb4ed	4			yes					-1	-1	-1	-1	
271	269	668760b86ffadaf8	4			yes					-1	-1	-1	-1	
272	269	8c8a6e838a3f0c78	4			yes					-1	-1	-1	-1	
273	256	c1f3f2f52e15cee4	3			yes					-1	274	275	
274	273	191af4fab00e8510	5			yes					-1	-1	-1	-1	-1	
275	273	6e772028252dd84e	5			yes					-1	-1	-1	-1	-1	
276	255	234b8a5bc737e30a	4			yes					-1	277	280	-1	
277	276	e66c8016badc65a8	5			yes					-1	-1	-1	-1	279	
278	277	5720e686408d385f	4			no					-1	-1	-1	-2	
279	277	5645729febeff2dd	4			yes					-1	-1	-1	-1	
280	276	1872da0b3babe712	5			yes					-1	-1	-1	-1	-1	
281	255	072ac333e6eb2168	4			yes					-1	-1	282	292	
282	281	b51fde5d2f13a2f6	6			yes					283	285	287	-1	289	291	
283	282	0453b8cdd542ff01	5			yes					-1	-1	-1	-1	284	
284	283	a2689e60f133231b	4			yes					-1	-1	-1	-1	
285	282	4b661a42f6c15fa5	5			yes					-1	-1	-1	-1	286	
286	285	ed5d3cefd2b083bf	4			yes					-1	-1	-1	-1	
287	282	890d717a4cf4d7fb	5			yes					-1	-1	-1	-1	288	
288	287	2f3657d768850be1	4			yes					-1	-1	-1	-1	
289	282	ad4f0181c53b5edc	5			yes					-1	-1	-1	-1	290	
290	289	0b74272ce14a82c6	4			yes					-1	-1	-1	-1	
291	282	1324f8f00b627eec	5			yes					-1	-1	-1	-1	-1	
292	281	554b26f0c50fce3d	3			yes					-1	-1	-1	
293	255	d82aff6c4d34cc22	4			yes					-1	-1	-1	-1	
294	255	6fd9a13261192ff1	4			yes					-1	-1	-1	-1	
295	0	dcd30da47b91fccb	5			yes					-1	-1	296	350	366	
296	295	a3f1420bf64d8b4d	5			yes					297	316	330	338	349	
297	296	0ddb11ccb9416a58	4			yes					298	305	306	311	
298	297	22181b93736c156c	5			yes					299	300	302	303	304	
299	298	244f8ced0392c8cb	4			yes					-1	-1	-1	-1	
300	298	9c78ccd0f8cfad6c	4			yes					-1	301	-1	-1	
301	300	f7638bbcb78a996d	3			yes					-1	-1	-1	
302	298	49035cff3c29216d	4			yes					-1	-1	-1	-1	
303	298	a3829ad70588ad4a	4			yes					-1	-1	-1	-1	
304	298	52b68615c2fce980	4			yes					-1	-1	-1	-1	
305	297	9e54b209ef2b2e9e	4			yes					-1	-1	-1	-1	
306	297	4e4cf4b06cc856c4	5			yes					-1	307	308	309	310	
307	306	081bfd7b48ee7a43	4			yes					-1	-1	-1	-1	
308	306	7600ae4b3607b1fc	4			yes					-1	-1	-1	-1	
309	306	29e6e50ab64c6d36	4			yes					-1	-1	-1	-1	
310	306	144d80bb12acd60a	4			yes					-1	-1	-1	-1	
311	297	59a4d1db66b9578b	5			yes					312	313	314	315	-1	
312	311	545813ead07871cc	4			yes					-1	-1	-1	-1	
313	311	1ff3d810429f7b0c	4			yes					-1	-1	-1	-1	
314	311	61e88b203c76b0b3	4			yes					-1	-1	-1	-1	
315	311	71af4e86be8d8de2	4			yes					-1	-1	-1	-1	
316	296	9be4c7f480b29b8e	4			yes					-1	317	319	325	
317	316	ee0e758b7363afce	4			yes					318	-1	-1	-1	
318	317	5f42131b8932f239	3			yes					-1	-1	-1	
319	316	05f814764e321450	5			yes					320	321	322	323	324	
320	319	b4b472e6b46349a7	4			yes					-1	-1	-1	-1	
321	319	b4ab59da047e01f3	4			yes					-1	-1	-1	-1	
322	319	3db44e8d14fdf368	4			yes					-1	-1	-1	-1	
323	319	625205cc94b62fa2	4			yes					-1	-1	-1	-1	
324	319	5ff9607d3056949e	4			yes					-1	-1	-1	-1	
325	316	1210311d4443151f	5			yes					326	327	328	329	-1	
326	325	a35c578dbe1248e8	4			yes					-1	-1	-1	-1	
327	325	a3437cb10e0f00bc	4			yes					-1	-1	-1	-1	
328	325	2a5c6be61e8cf227	4			yes					-1	-1	-1	-1	
329	325	3a1bae409c77cf76	4			yes					-1	-1	-1	-1	
330	296	47fca82f401913de	4			yes					-1	-1	331	334	
331	330	a26e13b24fd01f58	3			yes					332	333	-1	
332	331	7008f71ce49dd449	4			yes					-1	-1	-1	-1	
333	331	0052309e78d55519	4			yes					-1	-1	-1	-1	
334	330	73ad6da5363afd50	3			yes					335	336	-1	
335	334	b0da78d6bc12cf54	4			yes					-1	-1	-1	-1	
336	334	c080bf54205a4e04	4			yes					-1	-1	-1	-1	
337	334	a85f69c517f86bfb	5			no					-1	-1	-1	-1	-2	
338	296	4663f996f98487cb	4			yes					-1	-1	-1	339	
339	338	5ef1c9fa5e464e39	6			yes					340	342	344	346	-1	348	
340	339	efbdaf6aa41713ce	5			yes					-1	-1	-1	-1	341	
341	340	41c2b344bcab02df	4			yes					-1	-1	-1	-1	
342	339	286656ee3b12942f	5			yes					-1	-1	-1	-1	343	
343	342	86194ac023ae853e	4			yes					-1	-1	-1	-1	
344	339	e0911eb9d5e5f639	5			yes					-1	-1	-1	-1	345	
345	344	4eee0297cd59e728	4			yes					-1	-1	-1	-1	
346	339	35ea8e9611037a38	5			yes					-1	-1	-1	-1	347	
347	346	9b9592b809bf6b29	4			yes					-1	-1	-1	-1	
348	339	f08ed5d446fa5f28	5			yes					-1	-1	-1	-1	-1	
349	296	97a08781806e65c3	4			yes					-1	-1	-1	-1	
350	295	c448d9735176f360	4			yes					351	360	364	365	
351	350	6a628ab41e7a1275	3			yes					352	357	359	
352	351	55a0d2857370e86b	5			yes					-1	353	354	355	356	
353	352	ebc005c6f8d3506b	4			yes					-1	-1	-1	-1	
354	352	ad9cb9868b190951	4			yes					-1	-1	-1	-1	
355	352	194275a691dfd539	4			yes					-1	-1	-1	-1	
356	352	0ce98c1de19bb9cf	4			yes					-1	-1	-1	-1	
357	351	ab2d6f5c278d124e	5			yes					-1	-1	-1	358	-1	
358	357	2ca3bd022ba37c89	4			yes					-1	-1	-1	-1	
359	351	9d7649da7f794ca8	5			yes					-1	-1	-1	-1	-1	
360	350	fc5d5c8c2789e3a3	3			yes					-1	361	363	
361	360	db77a8debbc5931e	5			yes					-1	-1	-1	362	-1	
362	361	5cf97a80b7ebfdd9	4			yes					-1	-1	-1	-1	
363	360	d6c2a91c5d830e3c	5			yes					-1	-1	-1	-1	-1	
364	350	c63897131e5681e9	3			yes					-1	-1	-1	
365	350	944f985876d3835f	3			yes					-1	-1	-1	
366	295	23bcc6065afe608c	5			yes					367	388	400	403	404	
367	366	8d9695c115f28199	4			yes					368	378	380	387	
368	367	6b36695e99888a74	6			yes					-1	369	371	373	375	377	
369	368	d556be1d122b3274	5			yes					-1	-1	-1	-1	370	
370	369	736d98b0365aee6e	4			yes					-1	-1	-1	-1	
371	368	930a025d61e16b4e	5			yes					-1	-1	-1	-1	372	
372	371	353124f04590b754	4			yes					-1	-1	-1	-1	
373	368	eaace81aef6c3252	5			yes					-1	-1	-1	-1	374	
374	373	4c97ceb7cb1dee48	4			yes					-1	-1	-1	-1	
375	368	67aa8cd751a1e0a1	5			yes					-1	-1	-1	-1	376	
376	375	c191aa7a75d03cbb	4			yes					-1	-1	-1	-1	
377	368	cd0d4ff3bdf9566e	5			yes					-1	-1	-1	-1	-1	
378	367	eac2a2c1bd83bc1e	5			yes					-1	-1	-1	-1	379	
379	378	5aeb5048ecb02b6b	4			yes					-1	-1	-1	-1	
380	367	2395978d7d070312	6			yes					-1	381	383	-1	384	386	
381	380	65c29e4659212f95	5			yes					-1	-1	-1	-1	382	
382	381	c3f9b8eb7d50f38f	4			yes					-1	-1	-1	-1	
383	380	292b54a6bfab8e64	5			yes					-1	-1	-1	-1	-1	
384	380	3bc54851972fff38	5			yes					-1	-1	-1	-1	385	
385	384	9dfe6efcb35e2322	4			yes					-1	-1	-1	-1	
386	380	85aeb1205976df08	5			yes					-1	-1	-1	-1	-1	
387	367	dff7700236166ecc	3			yes					-1	-1	-1	
388	366	1ba943f92c01704f	4			yes					-1	389	392	399	
389	388	9a98654321cb3d4e	5			yes					-1	-1	-1	-1	391	
390	389	2bd403d3db9a60b9	4			no					-1	-1	-1	-2	
391	389	2ab197ca70f8aa3b	4			yes					-1	-1	-1	-1	
392	388	6821774b5ffd4186	6			yes					393	-1	395	-1	396	398	
393	392	d96d11dba5ac1c71	5			yes					-1	-1	-1	-1	394	
394	393	7f56377681ddc06b	4			yes					-1	-1	-1	-1	
395	392	629fb4609d51ccf0	5			yes					-1	-1	-1	-1	-1	
396	392	7071a897b5d5bdac	5			yes					-1	-1	-1	-1	397	
397	396	d64a8e3a91a461b6	4			yes					-1	-1	-1	-1	
398	392	ce1a51e67b8c9d9c	5			yes					-1	-1	-1	-1	-1	
399	388	49c8a63a0fe59f1a	3			yes					-1	-1	-1	
400	366	21cc886615de1205	4			yes					-1	-1	401	-1	
401	400	7e3f330f80468182	5			yes					-1	-1	-1	-1	402	
402	401	ce16c186d17516f7	4			yes					-1	-1	-1	-1	
403	366	c62e7d9b55376c0a	4			yes					-1	-1	-1	-1	
404	366	71dd23c5791a8fd9	4			yes					-1	-1	-1	-1	
405	0	aeae2565d10597f0	5			yes					-1	-1	-1	406	447	
406	405	355aad8cfa2ce519	5			yes					407	424	437	444	446	
407	406	9b70fe4bb520040c	4			yes					408	413	417	420	
408	407	44f5868e2c18f05d	5			yes					-1	409	410	411	412	
409	408	78e729a94fff8550	4			yes					-1	-1	-1	-1	
410	408	2feec1e2635dc45c	4			yes					-1	-1	-1	-1	
411	408	081721adceb7cd0f	4			yes					-1	-1	-1	-1	
412	408	1dbcd816bef3a1f9	4			yes					-1	-1	-1	-1	
413	407	8f82db1088a5f769	5			yes					-1	-1	414	415	416	
414	413	651fd44adc4c2e38	4			yes					-1	-1	-1	-1	
415	413	080c094e848b99ae	4			yes					-1	-1	-1	-1	
416	413	ff2c469639350b85	4			yes					-1	-1	-1	-1	
417	407	fe32359533073a93	3			yes					418	419	-1	
418	417	bff54e4b3ca7bf4b	4			yes					-1	-1	-1	-1	
419	417	47d3ef39fff420da	4			yes					-1	-1	-1	-1	
420	407	00cf84f3fb7f2e69	6			yes					-1	-1	421	422	-1	423	
421	420	5b1c3ac9847606f3	5			yes					-1	-1	-1	-1	-1	
422	420	ea528ba9af96f738	5			yes					-1	-1	-1	-1	-1	
423	420	68141f73093e37d1	5			yes					-1	-1	-1	-1	-1	
424	406	0d4f28738cd3f5da	4			yes					-1	425	430	432	
425	424	04cff5446ed8f17f	5			yes					426	-1	427	428	429	
426	425	b58393d49489ac88	4			yes					-1	-1	-1	-1	
427	425	6fd4b228219dc57e	4			yes					-1	-1	-1	-1	
428	425	482d52678c77cc2d	4			yes					-1	-1	-1	-1	
429	425	5d86abdcfc33a0db	4			yes					-1	-1	-1	-1	
430	424	680de3ad0af4cb45	3			yes					-1	431	-1	
431	430	ffcf3d817e67be69	4			yes					-1	-1	-1	-1	
432	424	235f65869afa75a3	6			yes					433	-1	434	435	-1	436	
433	432	9213031660ab2854	5			yes					-1	-1	-1	-1	-1	
434	432	3be8237040db77ea	5			yes					-1	-1	-1	-1	-1	
435	432	c9c26adcce13acf2	5			yes					-1	-1	-1	-1	-1	
436	432	4b84fe0668bb6c1b	5			yes					-1	-1	-1	-1	-1	
437	406	2b3128f9a3b3191d	4			yes					-1	-1	438	439	
438	437	4e73e32725942782	3			yes					-1	-1	-1	
439	437	0de955c925503e2a	6			yes					440	441	-1	442	-1	443	
440	439	bca53359df0163dd	5			yes					-1	-1	-1	-1	-1	
441	439	7b7ecadd4004e43c	5			yes					-1	-1	-1	-1	-1	
442	439	e7745a9371b9e77b	5			yes					-1	-1	-1	-1	-1	
443	439	6532ce49d7112792	5			yes					-1	-1	-1	-1	-1	
444	406	501866527c0bdb86	4			yes					-1	-1	-1	445	
445	444	8854534d606c0dd2	3			yes					-1	-1	-1	
446	406	ed169893e64b334d	4			yes					-1	-1	-1	-1	
447	405	f35600b529f3fe1a	5			yes					448	465	478	481	482	
448	447	5d7c537266ff1f0f	4			yes					449	458	462	463	
449	448	7a633d55c6e09242	6			yes					-1	450	452	454	456	457	
450	449	46719272a507e74f	5			yes					-1	-1	-1	-1	451	
451	450	e04ab4df81763b55	4			yes					-1	-1	-1	-1	
452	449	11787a3989a5a643	5			yes					-1	-1	-1	-1	453	
453	452	b7435c94add47a59	4			yes					-1	-1	-1	-1	
454	449	fbf9bc11b0042a64	5			yes					-1	-1	-1	-1	455	
455	454	5dc29abc9475f67e	4			yes					-1	-1	-1	-1	
456	449	76ffd8dc0ec9f897	5			yes					-1	-1	-1	-1	-1	
457	449	dc581bf8e2914e58	5			yes					-1	-1	-1	-1	-1	
458	448	302f4af420474149	5			yes					-1	-1	459	460	461	
459	458	1824d5a9f8739b20	4			yes					-1	-1	-1	-1	
460	458	0a1df646e8f5f10f	4			yes					-1	-1	-1	-1	
461	458	8006b87d7174d63c	4			yes					-1	-1	-1	-1	
462	448	56494bb7a4a9d8c9	5			yes					-1	-1	-1	-1	-1	
463	448	0f1db6b1451bf05a	3			yes					-1	464	-1	
464	463	b87cdb48cf630660	4			yes					-1	-1	-1	-1	
465	447	cb43854a5f0ceed9	4			yes					-1	466	476	477	
466	465	3a594e9f84209360	6			yes					467	-1	469	471	473	475	
467	466	8b15280f7e71ce97	5			yes					-1	-1	-1	-1	468	
468	467	2d2e0ea25a00128d	4			yes					-1	-1	-1	-1	
469	466	514209f3cb65a761	5			yes					-1	-1	-1	-1	470	
470	469	f7792f5eef147b7b	4			yes					-1	-1	-1	-1	
471	466	bbc3cfdbf2c42b46	5			yes					-1	-1	-1	-1	472	
472	471	1df8e976d6b5f75c	4			yes					-1	-1	-1	-1	
473	466	36c5ab164c09f9b5	5			yes					-1	-1	-1	-1	474	
474	473	90fe8dbb687825af	4			yes					-1	-1	-1	-1	
475	466	9c626832a0514f7a	5			yes					-1	-1	-1	-1	-1	
476	465	e44d34024abce1c3	5			yes					-1	-1	-1	-1	-1	
477	465	992260897ce8018c	3			yes					-1	-1	-1	
478	447	ed3d85c0706c021e	4			yes					-1	-1	479	480	
479	478	42b1f857667fdff2	5			yes					-1	-1	-1	-1	-1	
480	478	bf5c60035388ed4b	3			yes					-1	-1	-1	
481	447	da35b68e4388e287	4			yes					-1	-1	-1	-1	
482	447	a137e5760a17114f	4			yes					-1	-1	-1	-1	
483	0	971c03c58c6ca47e	5			yes					-1	-1	-1	-1	484	
484	483	0d6e0211cdd7d368	6			yes					485	507	519	527	530	532	
485	484	a34451d682db327d	5			yes					486	494	501	504	506	
486	485	9b51d429f42422be	4			yes					487	489	-1	492	
487	486	0f1bb09bdae45716	6			yes					-1	-1	-1	-1	-1	488	
488	487	a9209636fe958b0c	5			yes					-1	-1	-1	-1	-1	
489	486	f1b6eeca7fe99bef	6			yes					-1	-1	-1	-1	-1	491	
490	489	76383c9473c7f528	5			no					-1	-2	-2	-2	-2	
491	489	578dc8675b9847f5	5			yes					-1	-1	-1	-1	-1	
492	486	d55e6ed5a14d5d46	6			yes					-1	-1	-1	-1	-1	493	
493	492	7f1eb0c931346d39	5			yes					-1	-1	-1	-1	-1	
494	485	bd2fd4a3db44ce79	4			yes					-1	495	-1	498	
495	494	cce0333ea3f590de	6			yes					-1	-1	-1	-1	-1	497	
496	495	4b6ee160afdbfe19	5			no					-1	-1	-1	-1	-2	
497	495	6adb159387844cc4	5			yes					-1	-1	-1	-1	-1	
498	494	b1a5e40faef0c96a	6			yes					-1	-1	499	-1	-1	500	
499	498	9411c4a034427226	5			yes					-1	-1	-1	-1	-1	
500	498	1be53a133e89f915	5			yes					-1	-1	-1	-1	-1	
501	485	99d6d61426cdd3b1	4			yes					-1	-1	-1	502	
502	501	eadd22c0f7ae47eb	5			yes					-1	-1	-1	-1	-1	
503	502	6d53f09efb80292c	4			no					-1	-2	-1	-2	
504	485	a27441e1b999674c	4			yes					-1	-1	-1	505	
505	504	1cec87488b760d0b	3			yes					-1	-1	-1	
506	485	1ddc977fb034583a	4			yes					-1	-1	-1	-1	
507	484	357b87eebb28c3ab	5			yes					-1	508	514	516	518	
508	507	2b10029be2b73faf	4			yes					-1	509	-1	512	
509	508	b18c9d003d299acd	6			yes					-1	-1	-1	510	-1	511	
510	509	36024f5e3107f40a	5			yes					-1	-1	-1	-1	-1	
511	509	17b7bbad195846d7	5			yes					-1	-1	-1	-1	-1	
512	508	95641d1fe38d5c64	6			yes					-1	-1	-1	-1	-1	513	
513	512	3f24c30373f46c1b	5			yes					-1	-1	-1	-1	-1	
514	507	0fe9002c1f3e2267	4			yes					-1	-1	-1	515	
515	514	3c9b281273dd9c6e	5			yes					-1	-1	-1	-1	-1	
516	507	344b97d9806a969a	4			yes					-1	-1	-1	517	
517	516	8ad35170b285fcdd	3			yes					-1	-1	-1	
518	507	8be3414789c7a9ec	4			yes					-1	-1	-1	-1	
519	484	1305876494482f6c	5			yes					-1	-1	520	524	526	
520	519	299700a6305ecea0	4			yes					-1	-1	-1	521	
521	520	f329f41b58603af4	6			yes					-1	-1	-1	-1	-1	523	
522	521	02acb0ab608b230f	5			no					-1	-1	-1	-1	-2	
523	521	59692a07c8190a8b	5			yes					-1	-1	-1	-1	-1	
524	519	12359753af0a7a5d	4			yes					-1	-1	-1	525	
525	524	acad51fa9de5101a	3			yes					-1	-1	-1	
526	519	ad9d41cda6a7452b	4			yes					-1	-1	-1	-1	
527	484	37fc85d369c132a4	5			yes					-1	-1	-1	528	529	
528	527	36cc95e452836795	4			yes					-1	-1	-1	-1	
529	527	8964437a5b2e58e3	4			yes					-1	-1	-1	-1	
530	484	0c5e1226f6958659	5			yes					-1	-1	-1	-1	531	
531	530	b2c6d48fc47aec1e	4			yes					-1	-1	-1	-1	
532	484	b3f6c4b8ff38b92f	5			yes					-1	-1	-1	-1	-1	
533	0	df6103589c3310e9	5			yes					-1	-1	-1	-1	-1	
