Number of nodes
283
ID	PID	Hash_Value			File_Number	Fully_Enumerated	Children
0	-1	2a7e72fedba94783	6			yes					1	80	146	205	250	282	
1	0	a9b42d6a4a6a79a7	5			yes					2	33	42	52	61	
2	1	1609089b4215f11b	5			yes					3	9	23	30	32	
3	2	7f79b8be82359d40	4			yes					4	5	-1	6	
4	3	c4691a4485478a98	5			yes					-1	-1	-1	-1	-1	
5	3	8973ad1cb13b7b82	5			yes					-1	-1	-1	-1	-1	
6	3	959e8d9c746a405e	3			yes					7	8	-1	
7	6	5b0016b5e37431f6	5			yes					-1	-1	-1	-1	-1	
8	6	e658de5bfd5bae28	5			yes					-1	-1	-1	-1	-1	
9	2	0398afd666a26f20	4			yes					-1	10	14	18	
10	9	4d14f161692f2ec8	5			yes					11	12	-1	-1	13	
11	10	251aac6c2faf1cec	4			yes					-1	-1	-1	-1	
12	10	bfe12be7c45bef53	4			yes					-1	-1	-1	-1	
13	10	98c684b041a4e80a	4			yes					-1	-1	-1	-1	
14	9	17b54d393133a5bc	5			yes					15	16	-1	-1	17	
15	14	7fbb103477b39798	4			yes					-1	-1	-1	-1	
16	14	e54097bf9c476427	4			yes					-1	-1	-1	-1	
17	14	0977bf2ef746f5bb	4			yes					-1	-1	-1	-1	
18	9	e97f9af490fdb23e	3			yes					-1	19	22	
19	18	94252f71bac10c68	5			yes					20	21	-1	-1	-1	
20	19	fc2b727cfc413e4c	4			yes					-1	-1	-1	-1	
21	19	66d0f5f717b5cdf3	4			yes					-1	-1	-1	-1	
22	18	8fea8302d40cbfa9	5			yes					-1	-1	-1	-1	-1	
23	2	73d30ae9a562e557	4			yes					-1	-1	24	28	
24	23	3fc689d20c6769e3	5			yes					25	26	-1	-1	27	
25	24	57c8d4df4ae75bc7	4			yes					-1	-1	-1	-1	
26	24	cd335354a113a878	4			yes					-1	-1	-1	-1	
27	24	21047bc5ca1239e4	4			yes					-1	-1	-1	-1	
28	23	99343fcb533d3849	3			yes					-1	-1	29	
29	28	a79947e9e95873f6	5			yes					-1	-1	-1	-1	-1	
30	2	f3dc2038f5bf3b32	4			yes					-1	-1	-1	31	
31	30	193b151a03e0e62c	3			yes					-1	-1	-1	
32	2	fcee3db9b44a2c05	4			yes					-1	-1	-1	-1	
33	1	a8d297303aafe3f8	4			yes					34	37	39	41	
34	33	5b05e37796bba099	3			yes					-1	-1	35	
35	34	875a5b9a86cc88a1	5			yes					-1	36	-1	-1	-1	
36	35	54aefbd8e26ee446	4			yes					-1	-1	-1	-1	
37	33	13556f05b2d93dd3	3			yes					-1	-1	38	
38	37	dfea0a18caf4e231	5			yes					-1	-1	-1	-1	-1	
39	33	a2b7b950d23d4054	3			yes					-1	-1	40	
40	39	48508c7224629d4a	2			yes					-1	-1	
41	33	4235a212ccf03ee6	3			yes					-1	-1	-1	
42	1	c72f35e80a7119f5	4			yes					43	46	49	51	
43	42	34f841afa6655a94	3			yes					44	-1	45	
44	43	599d039c0eee0122	4			yes					-1	-1	-1	-1	
45	43	e881eb4c756ae1af	5			yes					-1	-1	-1	-1	-1	
46	42	b2095ec49766659c	3			yes					-1	-1	47	
47	46	58ee6be66139b882	2			yes					48	-1	
48	47	9ee5ee5a99b7d43e	4			yes					-1	-1	-1	-1	
49	42	6c162a49c75ce216	3			yes					-1	-1	50	
50	49	64a9feeb2a2f3c11	5			yes					-1	-1	-1	-1	-1	
51	42	2dc800cafc2ec4eb	3			yes					-1	-1	-1	
52	1	32073df260af6436	4			yes					53	56	58	60	
53	52	c1d049b5ccbb2757	3			yes					54	55	-1	
54	53	f29e9fe0109a221f	5			yes					-1	-1	-1	-1	-1	
55	53	61149ac3699b2f15	5			yes					-1	-1	-1	-1	-1	
56	52	472156defdb8185f	3			yes					-1	57	-1	
57	56	9610d93acfd1e9c4	5			yes					-1	-1	-1	-1	-1	
58	52	57dd3f8087d8707a	3			yes					-1	-1	59	
59	58	1f17154144b0c2af	5			yes					-1	-1	-1	-1	-1	
60	52	e32b1d19d6742b44	3			yes					-1	-1	-1	
61	1	ee43789b33ff8d60	5			yes					62	69	75	78	79	
62	61	1d940cdc9febce01	4			yes					63	64	66	67	
63	62	54eadb14f67688b8	5			yes					-1	-1	-1	-1	-1	
64	62	bf721244cb96741a	5			yes					-1	-1	-1	-1	65	
65	64	a43967a2c03b2cb9	4			yes					-1	-1	-1	-1	
66	62	b114f8ea1ef797b2	4			yes					-1	-1	-1	-1	
67	62	f52941fdcdcaa20c	3			yes					-1	68	-1	
68	67	8622b0cc073a56e2	5			yes					-1	-1	-1	-1	-1	
69	61	9b6513b7aee8f109	4			yes					-1	70	71	72	
70	69	2eafa8685cdcab4d	5			yes					-1	-1	-1	-1	-1	
71	69	044bfde892e15220	5			yes					-1	-1	-1	-1	-1	
72	69	73d85e96fcc99d04	3			yes					-1	73	74	
73	72	e9a07f63e0c9839e	5			yes					-1	-1	-1	-1	-1	
74	72	d4fa35345c764a78	5			yes					-1	-1	-1	-1	-1	
75	61	8b997ae9d488992c	4			yes					-1	-1	76	77	
76	75	11a7d0c583a9d004	5			yes					-1	-1	-1	-1	-1	
77	75	632437c886a9f521	3			yes					-1	-1	-1	
78	61	0b96503884554749	4			yes					-1	-1	-1	-1	
79	61	06fe35ba61dee16d	4			yes					-1	-1	-1	-1	
80	0	6c50c2fd765dbc48	5			yes					-1	81	110	118	127	
81	80	2c006489c2e0d4d0	5			yes					82	94	100	106	109	
82	81	3145915ed45c256e	4			yes					83	84	88	90	
83	82	4a255f1d8b1b5def	5			yes					-1	-1	-1	-1	-1	
84	82	bce708e8f3d08a71	5			yes					-1	85	-1	86	87	
85	84	ea748f2de478d461	4			yes					-1	-1	-1	-1	
86	84	e20374b64b8cdc51	4			yes					-1	-1	-1	-1	
87	84	f1d7acc178b12580	4			yes					-1	-1	-1	-1	
88	82	d3aaaa072bce6a2b	5			yes					-1	-1	-1	-1	89	
89	88	cd685810edbb3a2c	4			yes					-1	-1	-1	-1	
90	82	dba2a47c2203f870	3			yes					91	92	93	
91	90	d54c53eced28e681	5			yes					-1	-1	-1	-1	-1	
92	90	d3cc7bafbfb05fdb	5			yes					-1	-1	-1	-1	-1	
93	90	4bf5643ccef1703e	5			yes					-1	-1	-1	-1	-1	
94	81	b2a8eb47b7bb7f3a	4			yes					-1	95	96	97	
95	94	fde4f7dcdee6ae8c	5			yes					-1	-1	-1	-1	-1	
96	94	103a3a5124b734c3	4			yes					-1	-1	-1	-1	
97	94	584fde6541e4a224	3			yes					-1	98	99	
98	97	9f82b440e330e3ca	4			yes					-1	-1	-1	-1	
99	97	e1c386b224dde812	4			yes					-1	-1	-1	-1	
100	81	8cdf679822124d63	4			yes					-1	-1	101	102	
101	100	e0ca7299bb7e9bee	5			yes					-1	-1	-1	-1	-1	
102	100	2e0059277f1cb1e8	5			yes					103	104	105	-1	-1	
103	102	7da17c8a5400fd60	4			yes					-1	-1	-1	-1	
104	102	dcf583a1d2687073	4			yes					-1	-1	-1	-1	
105	102	8b01a8fafa306e83	4			yes					-1	-1	-1	-1	
106	81	c9d54c2a754a1ef9	4			yes					-1	-1	-1	107	
107	106	233279088315c3e7	3			yes					-1	-1	108	
108	107	7895bca25e4181fb	5			yes					-1	-1	-1	-1	-1	
109	81	c6e751ab34bf09ce	4			yes					-1	-1	-1	-1	
110	80	087ee41be4c0c819	4			yes					111	114	116	117	
111	110	153b11ccf27c39a7	3			yes					112	-1	113	
112	111	eef814fbbc9205bc	4			yes					-1	-1	-1	-1	
113	111	0795458b5ebc6880	2			yes					-1	-1	
114	110	014e518f4642736f	3			yes					-1	-1	115	
115	114	c826af026c852c32	6			yes					-1	-1	-1	-1	-1	-1	
116	110	06db140418fe1bef	3			yes					-1	-1	-1	
117	110	1ad0b05c4800993e	3			yes					-1	-1	-1	
118	80	d96bf39ef7e22304	4			yes					119	123	125	126	
119	118	c42e0649e15ed2ba	3			yes					120	121	122	
120	119	65cc16ff2c4fddb7	5			yes					-1	-1	-1	-1	-1	
121	119	b0537077c88c0aa2	5			yes					-1	-1	-1	-1	-1	
122	119	baf9b8d514a5f4c4	5			yes					-1	-1	-1	-1	-1	
123	118	d05b460a55609872	3			yes					-1	124	-1	
124	123	bfa44536b89cf33d	5			yes					-1	-1	-1	-1	-1	
125	118	c55960a802e505ba	3			yes					-1	-1	-1	
126	118	0847d37541396c76	3			yes					-1	-1	-1	
127	80	052fb6f7a4b2ca52	5			yes					128	135	140	144	145	
128	127	186a4320b20e3bec	4			yes					129	130	131	132	
129	128	c3b8520bcaa37710	5			yes					-1	-1	-1	-1	-1	
130	128	4277a4a6c470f6b4	5			yes					-1	-1	-1	-1	-1	
131	128	b4497d51d3bce66f	5			yes					-1	-1	-1	-1	-1	
132	128	f0d70e01e02f57e1	3			yes					133	134	-1	
133	132	cc529faadfa1ce5e	5			yes					-1	-1	-1	-1	-1	
134	132	f4b209528bc42cd7	5			yes					-1	-1	-1	-1	-1	
135	127	0c1f036306307124	4			yes					-1	136	137	138	
136	135	e31a0dc5c4f23ef6	5			yes					-1	-1	-1	-1	-1	
137	135	eca6997a6600d230	4			yes					-1	-1	-1	-1	
138	135	e4a24e4254111d29	3			yes					-1	139	-1	
139	138	da4aaf4d085e1c0e	5			yes					-1	-1	-1	-1	-1	
140	127	191d25c151b5ecec	4			yes					-1	-1	141	142	
141	140	00fe5be64de2fdb1	5			yes					-1	-1	-1	-1	-1	
142	140	f1a068e0039480e1	3			yes					-1	-1	143	
143	142	0e4e9e628afbef1a	5			yes					-1	-1	-1	-1	-1	
144	127	e0fa9e541318007b	4			yes					-1	-1	-1	-1	
145	127	ed92fbd6f693a65f	4			yes					-1	-1	-1	-1	
146	0	09bfa569c443390a	5			yes					-1	-1	147	173	182	
147	146	e080fe48270fbbaf	5			yes					148	161	168	170	172	
148	147	fdc50b9f31b34a11	4			yes					149	152	153	155	
149	148	10cd099e8aa88fcb	5			yes					-1	150	151	-1	-1	
150	149	da7adc420cb89e06	4			yes					-1	-1	-1	-1	
151	149	a1c74214fc45549d	4			yes					-1	-1	-1	-1	
152	148	499dc87bc815c360	5			yes					-1	-1	-1	-1	-1	
153	148	b2871016aa9aa8d3	5			yes					-1	-1	-1	-1	154	
154	153	ef5bd6750b59072b	4			yes					-1	-1	-1	-1	
155	148	17223ebdc7ec970f	3			yes					156	159	160	
156	155	8fa4056fec9b34a5	5			yes					-1	157	158	-1	-1	
157	156	4513d0b36a8b2568	4			yes					-1	-1	-1	-1	
158	156	3eae4ee59a76eff3	4			yes					-1	-1	-1	-1	
159	155	d6f4c48aae26780e	5			yes					-1	-1	-1	-1	-1	
160	155	3e46f8ae1f23618f	5			yes					-1	-1	-1	-1	-1	
161	147	31de743f7d3bf60d	4			yes					-1	162	163	165	
162	161	cd6f145f5c3d25ec	5			yes					-1	-1	-1	-1	-1	
163	161	a872780873096062	5			yes					-1	-1	-1	-1	164	
164	163	f5aebe6bd2cacf9a	4			yes					-1	-1	-1	-1	
165	161	db39411d8b642b13	3			yes					-1	166	167	
166	165	520618ae3a0e9e82	5			yes					-1	-1	-1	-1	-1	
167	165	24b390b0c6b0a93e	5			yes					-1	-1	-1	-1	-1	
168	147	3d6119d58df0148c	4			yes					-1	-1	-1	169	
169	168	d7862cf77bafc992	3			yes					-1	-1	-1	
170	147	fb1dad1f1028ce21	4			yes					-1	-1	-1	171	
171	170	ffc834fa38b0abca	5			yes					-1	-1	-1	-1	-1	
172	147	0a67cb6ad15066b1	4			yes					-1	-1	-1	-1	
173	146	279f78c3b0edd0f3	4			yes					174	178	180	181	
174	173	3ada8d14a651214d	3			yes					175	177	-1	
175	174	faaa46670a1ca9b8	5			yes					-1	-1	-1	-1	176	
176	175	233d6d0700bc6784	4			yes					-1	-1	-1	-1	
177	174	55c6f5cb92cc397e	5			yes					-1	-1	-1	-1	-1	
178	173	f6c1f2b4ead99d51	3			yes					-1	179	-1	
179	178	accac8e23c6061cd	5			yes					-1	-1	-1	-1	-1	
180	173	57cf806f87a28626	3			yes					-1	-1	-1	
181	173	bc4b870c7bc7eac9	3			yes					-1	-1	-1	
182	146	348b2961de90a0b4	5			yes					183	193	200	203	204	
183	182	29cedcb6c82c510a	4			yes					184	187	188	189	
184	183	5cde0293ecf0031f	5			yes					-1	185	186	-1	-1	
185	184	9669d74f6ae012d2	4			yes					-1	-1	-1	-1	
186	184	314483448f7456bd	4			yes					-1	-1	-1	-1	
187	183	f3b2b13f742093d9	5			yes					-1	-1	-1	-1	-1	
188	183	bcca94b7f648dbf1	5			yes					-1	-1	-1	-1	-1	
189	183	c17391979a0d3d07	3			yes					190	191	192	
190	189	5334cf32f9f2ba51	5			yes					-1	-1	-1	-1	-1	
191	189	fc587c9e61222a97	5			yes					-1	-1	-1	-1	-1	
192	189	e1d2b22d29093307	5			yes					-1	-1	-1	-1	-1	
193	182	e5d5a31684a4ed16	4			yes					-1	194	196	197	
194	193	38483e51684bb294	5			yes					-1	-1	-1	-1	195	
195	194	23034bb763e6ea37	4			yes					-1	-1	-1	-1	
196	193	a63ffca92fdb1340	5			yes					-1	-1	-1	-1	-1	
197	193	0d68ee37d685811b	3			yes					-1	198	199	
198	197	01189cd9a4e7906c	5			yes					-1	-1	-1	-1	-1	
199	197	fb27da33f09afbb6	5			yes					-1	-1	-1	-1	-1	
200	182	44dbd1cde9dff661	4			yes					-1	-1	201	202	
201	200	173f7364338f07dc	5			yes					-1	-1	-1	-1	-1	
202	200	ac669cecbbfe9a6c	3			yes					-1	-1	-1	
203	182	54f6ca2d29e686c4	4			yes					-1	-1	-1	-1	
204	182	dc3664408cb1ccb9	4			yes					-1	-1	-1	-1	
205	0	47087b1c7cee1b0e	5			yes					-1	-1	-1	206	226	
206	205	1b3c59bd8f6e057c	5			yes					207	215	220	223	225	
207	206	0679ac6a99d2f4c2	4			yes					208	210	213	214	
208	207	308006d006321f71	5			yes					-1	-1	-1	-1	209	
209	208	e9172db00c92d14d	4			yes					-1	-1	-1	-1	
210	207	1384114846f59ce2	6			yes					-1	-1	-1	-1	211	212	
211	210	bff4d26ee76be0d9	5			yes					-1	-1	-1	-1	-1	
212	210	5eb4b561cd943313	5			yes					-1	-1	-1	-1	-1	
213	207	551a3ee2447c1eb0	5			yes					-1	-1	-1	-1	-1	
214	207	ed4be48da10e5b27	5			yes					-1	-1	-1	-1	-1	
215	206	ca62d3cad55a48de	4			yes					-1	216	218	219	
216	215	c53566aeacce2a65	5			yes					-1	-1	-1	-1	217	
217	216	1ca24dcea66ee459	4			yes					-1	-1	-1	-1	
218	215	c5893f6820ade35c	5			yes					-1	-1	-1	-1	-1	
219	215	e05963cd6cd7c718	5			yes					-1	-1	-1	-1	-1	
220	206	0eadfef0abd99b47	4			yes					-1	-1	221	222	
221	220	a066903457b320e8	5			yes					-1	-1	-1	-1	-1	
222	220	48cf5e87744af593	5			yes					-1	-1	-1	-1	-1	
223	206	874970e4a64db849	4			yes					-1	-1	-1	224	
224	223	d98ad8ed683f2227	3			yes					-1	-1	-1	
225	206	45fff1b4411c9f12	4			yes					-1	-1	-1	-1	
226	205	9a0e8a6df733b5c9	5			yes					227	238	245	248	249	
227	226	874b7fbae18f4477	4			yes					228	231	234	235	
228	227	96f44224e0deb5d6	5			yes					-1	229	230	-1	-1	
229	228	4af91d127f899c26	4			yes					-1	-1	-1	-1	
230	228	27fe09ae96336e80	4			yes					-1	-1	-1	-1	
231	227	c88215da5636301e	5			yes					-1	232	233	-1	-1	
232	231	ed838cbd603ab092	4			yes					-1	-1	-1	-1	
233	231	ae0e8da8610fdc53	4			yes					-1	-1	-1	-1	
234	227	8a1cda9c8a5021cb	4			yes					-1	-1	-1	-1	
235	227	6ff6329bb3ae287a	3			yes					236	237	-1	
236	235	991e8f85f5dc0c98	5			yes					-1	-1	-1	-1	-1	
237	235	3f8a97606a114fa3	5			yes					-1	-1	-1	-1	-1	
238	226	4b50001aad07f86b	4			yes					-1	239	242	243	
239	238	6341225a4a2280c2	5			yes					240	-1	241	-1	-1	
240	239	30e007f7613ecc4a	4			yes					-1	-1	-1	-1	
241	239	1e2304ea876eb41b	4			yes					-1	-1	-1	-1	
242	238	1a8fdb16ee81dc27	4			yes					-1	-1	-1	-1	
243	238	a3ed4d3bff269466	3			yes					-1	244	-1	
244	243	6cabeffb5f20398c	5			yes					-1	-1	-1	-1	-1	
245	226	8f9f2d20d3842bf2	4			yes					-1	-1	246	247	
246	245	7f60744a999f1f93	4			yes					-1	-1	-1	-1	
247	245	6722600181a547ff	3			yes					-1	-1	-1	
248	226	313795cc3a1e4e2a	4			yes					-1	-1	-1	-1	
249	226	72b3c74ca512d9c4	4			yes					-1	-1	-1	-1	
250	0	ef8b6ef239126f08	5			yes					-1	-1	-1	-1	251	
251	250	8b5331e2849ae7eb	4			yes					252	258	264	271	
252	251	da6adabc2554ab34	4			yes					253	255	257	-1	
253	252	29bdaefb8940e855	3			yes					-1	254	-1	
254	253	376f4b0ce957d847	5			yes					-1	-1	-1	-1	-1	
255	252	af4cb190b843d75d	3			yes					-1	256	-1	
256	255	23bcbdbf1f70a01f	5			yes					-1	-1	-1	-1	-1	
257	252	bfb0d8cec223bf78	3			yes					-1	-1	-1	
258	251	310614d0b219ec06	4			yes					259	262	263	-1	
259	258	2c43e107a4a51db8	3			yes					260	261	-1	
260	259	d060727afcee946c	5			yes					-1	-1	-1	-1	-1	
261	259	05ff14f2182d4379	5			yes					-1	-1	-1	-1	-1	
262	258	3836a144109b5770	3			yes					-1	-1	-1	
263	258	2d3487e6471ecab8	3			yes					-1	-1	-1	
264	251	db094cdf3f9bf7cb	4			yes					265	268	270	-1	
265	264	c64cb90829270675	3			yes					266	267	-1	
266	265	4f0622e2dabde063	5			yes					-1	-1	-1	-1	-1	
267	265	e06a914e426d70a5	5			yes					-1	-1	-1	-1	-1	
268	264	0a57c6a865afba69	3			yes					-1	269	-1	
269	268	fab1192dbcac969f	5			yes					-1	-1	-1	-1	-1	
270	264	ab59b47308d4a11e	3			yes					-1	-1	-1	
271	251	9ebecefb318641b7	5			yes					272	276	279	281	-1	
272	271	83fb3b2c273ab009	4			yes					273	274	275	-1	
273	272	852c6255d69356aa	5			yes					-1	-1	-1	-1	-1	
274	272	45ffc087c6396bb0	6			yes					-1	-1	-1	-1	-1	-1	
275	272	e0b65a6794dd576b	5			yes					-1	-1	-1	-1	-1	
276	271	4fe0448c6bb20c15	4			yes					-1	277	278	-1	
277	276	7099022b7c6f63be	5			yes					-1	-1	-1	-1	-1	
278	276	70255bedf00caa87	5			yes					-1	-1	-1	-1	-1	
279	271	8b2f69b61531df8c	4			yes					-1	-1	280	-1	
280	279	15caf4b187126933	5			yes					-1	-1	-1	-1	-1	
281	271	02cbe7a218a5fc82	4			yes					-1	-1	-1	-1	
282	0	4ea62dee6621cf60	5			yes					-1	-1	-1	-1	-1	
