Number of nodes
154
ID	PID	Hash_Value			File_Number	Fully_Enumerated	Children
0	-1	9e223a547d81819b	6			yes					1	22	43	65	85	103	
1	0	e3da2377572b4526	5			yes					2	7	14	19	21	
2	1	e3e55a6e1ab70728	4			yes					3	4	-1	5	
3	2	aabca98991ad3c0e	4			yes					-1	-1	-1	-1	
4	2	a4ab2064a79a1e42	4			yes					-1	-1	-1	-1	
5	2	5ceb4bdbe4de940f	5			yes					-1	-1	-1	-1	6	
6	5	11a42c28f4316d44	4			yes					-1	-1	-1	-1	
7	1	e902dbc69032bc2d	4			yes					-1	8	9	10	
8	7	87f72a8e48952c67	5			yes					-1	-1	-1	-1	-1	
9	7	41d547f21f7fda43	4			yes					-1	-1	-1	-1	
10	7	967c26e6a3b2f23c	3			yes					11	12	13	
11	10	d944d3701bd1838a	4			yes					-1	-1	-1	-1	
12	10	69e4f4d707635473	5			yes					-1	-1	-1	-1	-1	
13	10	203598c219ebc063	4			yes					-1	-1	-1	-1	
14	1	ca214ce9fc1e9a67	4			yes					-1	-1	15	16	
15	14	07b0804b85a2214b	5			yes					-1	-1	-1	-1	-1	
16	14	b55fb1c9cf9ed476	3			yes					17	-1	18	
17	16	5f06767adeed0aa6	4			yes					-1	-1	-1	-1	
18	16	161cfc9d44be4972	5			yes					-1	-1	-1	-1	-1	
19	1	5c62131612302a55	4			yes					-1	-1	-1	20	
20	19	231cee3621b06444	3			yes					-1	-1	-1	
21	1	9ca4de5764ab0b37	4			yes					-1	-1	-1	-1	
22	0	22c61fe111c7ebd8	5			yes					23	31	35	40	42	
23	22	185ffd8eb886735e	4			yes					24	25	26	27	
24	23	63a5cb8cc8914209	5			yes					-1	-1	-1	-1	-1	
25	23	3fd33e8023687993	4			yes					-1	-1	-1	-1	
26	23	1655514df9c56a79	4			yes					-1	-1	-1	-1	
27	23	672100ae8b063d4f	3			yes					28	29	30	
28	27	be78b12ffa4c2f15	5			yes					-1	-1	-1	-1	-1	
29	27	c47e689e5a1f6d77	4			yes					-1	-1	-1	-1	
30	27	1151bcc60795b2c4	4			yes					-1	-1	-1	-1	
31	22	d3a440b074ef66a5	4			yes					-1	32	-1	33	
32	31	122bd83adc7abf71	4			yes					-1	-1	-1	-1	
33	31	4f5018134e01c5d4	5			yes					-1	-1	-1	-1	34	
34	33	021f7fe05eee3c9f	4			yes					-1	-1	-1	-1	
35	22	0b3d707fbaf23499	4			yes					-1	-1	36	37	
36	35	ca5c641f779e6f19	5			yes					-1	-1	-1	-1	-1	
37	35	74438d5f89727a88	3			yes					-1	38	39	
38	37	283bb7523132ef0d	4			yes					-1	-1	-1	-1	
39	37	dbf018c9b6820720	5			yes					-1	-1	-1	-1	-1	
40	22	9d7e2f8054dc84ab	4			yes					-1	-1	-1	41	
41	40	e200d2a0675ccaba	3			yes					-1	-1	-1	
42	22	5db8e2c12247a5c9	4			yes					-1	-1	-1	-1	
43	0	146408d548e95027	5			yes					44	53	60	62	64	
44	43	2efdeabae1a8c8a1	4			yes					45	47	48	49	
45	44	9868077997eb3b27	5			yes					-1	-1	-1	-1	46	
46	45	08fa1a29b5d9af70	4			yes					-1	-1	-1	-1	
47	44	52899427196b4acd	4			yes					-1	-1	-1	-1	
48	44	8ad2ca85f02c78b3	4			yes					-1	-1	-1	-1	
49	44	5183179ad22886b0	3			yes					50	51	52	
50	49	45b57ddaa536563b	5			yes					-1	-1	-1	-1	-1	
51	49	db04775738534137	4			yes					-1	-1	-1	-1	
52	49	8dd6270e0e7ca00e	4			yes					-1	-1	-1	-1	
53	43	dfff46204fbdab04	4			yes					-1	54	56	57	
54	53	a4adfa658c59b43a	5			yes					-1	-1	-1	-1	55	
55	54	343fe735ae6b206d	4			yes					-1	-1	-1	-1	
56	53	64849b57a4bd4602	4			yes					-1	-1	-1	-1	
57	53	a081bb007c3de515	3			yes					-1	58	59	
58	57	797080c6be84d926	5			yes					-1	-1	-1	-1	-1	
59	57	638076dc5aed9ebf	4			yes					-1	-1	-1	-1	
60	43	31c461dbd88e42c7	4			yes					-1	-1	-1	61	
61	60	a703a548f2d3d6a6	5			yes					-1	-1	-1	-1	-1	
62	43	abdc38b40df23f54	4			yes					-1	-1	-1	63	
63	62	d4a2c5943e727145	3			yes					-1	-1	-1	
64	43	6b1af5f57b691e36	4			yes					-1	-1	-1	-1	
65	0	df5d7355ef766913	5			yes					66	74	80	82	83	
66	65	e5c4913a4637f195	4			yes					67	70	-1	71	
67	66	63eacde525ca3867	5			yes					-1	-1	-1	-1	69	
68	67	7651f68fd7b08ae8	4			no					-1	-1	-1	-2	
69	67	f378d0b507f8ac30	4			yes					-1	-1	-1	-1	
70	66	7505ea34174384c1	4			yes					-1	-1	-1	-1	
71	66	9aba6c1a75b7bf84	3			yes					72	73	-1	
72	71	be37b7461717557b	5			yes					-1	-1	-1	-1	-1	
73	71	73859d3391285eb9	4			yes					-1	-1	-1	-1	
74	65	14c63da0e8229230	4			yes					-1	75	-1	78	
75	74	9fdd50fa14ac4b5f	5			yes					76	-1	-1	-1	-1	
76	75	d12d298714e864a2	4			yes					-1	-1	-1	-1	
77	75	b5babbca6c72ae6c	4			no					-1	-1	-1	-2	
78	74	6bb8c080dba2dc21	3			yes					-1	79	-1	
79	78	995d27fd92c79127	5			yes					-1	-1	-1	-1	-1	
80	65	d5858be4286f9018	4			yes					-1	-1	-1	81	
81	80	aafb76c41befde09	3			yes					-1	-1	-1	
82	65	ad7f39a609c814bd	5			yes					-1	-1	-1	-1	-1	
83	65	a0238e75dcf62702	4			yes					-1	-1	-1	84	
84	83	8323a331710b798a	5			yes					-1	-1	-1	-1	-1	
85	0	34620d0a1917943e	5			yes					86	93	98	101	102	
86	85	0efbef65b0560cb8	4			yes					87	89	91	-1	
87	86	739a717612c1d982	5			yes					-1	-1	-1	-1	88	
88	87	aaccd7abe55de5e0	4			yes					-1	-1	-1	-1	
89	86	3b3fbe6437380db8	4			yes					-1	-1	-1	90	
90	89	e26918b9c0a431da	3			yes					-1	-1	-1	
91	86	f83e3145608e56ea	5			yes					-1	-1	-1	-1	92	
92	91	2168979897126a88	4			yes					-1	-1	-1	-1	
93	85	fff943ff1e436f1d	4			yes					-1	94	96	-1	
94	93	3d6d9df3748652bf	5			yes					-1	-1	-1	-1	95	
95	94	e43b3b2e831a6edd	4			yes					-1	-1	-1	-1	
96	93	53a329bc90839e4a	5			yes					-1	-1	-1	-1	97	
97	96	8af58f61671fa228	4			yes					-1	-1	-1	-1	
98	85	3ebaf5bbde0e6d35	4			yes					-1	-1	99	-1	
99	98	df66eb4ad65a6d2f	6			yes					-1	-1	-1	-1	-1	100	
100	99	06304d9721c6514d	5			yes					-1	-1	-1	-1	-1	
101	85	1d996294b2224b7f	4			yes					-1	-1	-1	-1	
102	85	d2213bb5c23945ef	4			yes					-1	-1	-1	-1	
103	0	c0265271d58fe9ec	5			yes					104	114	125	135	143	
104	103	86fd8693385c00e7	5			yes					105	108	111	113	-1	
105	104	86c2ff8a75c042e9	4			yes					106	107	-1	-1	
106	105	4c67c1d7088bcd94	4			yes					-1	-1	-1	-1	
107	105	1ce67ccedac1d757	4			yes					-1	-1	-1	-1	
108	104	8c257e22ff45f9ec	4			yes					-1	109	110	-1	
109	108	a83397eec42dc7c2	5			yes					-1	-1	-1	-1	-1	
110	108	e376c61db68787dd	4			yes					-1	-1	-1	-1	
111	104	af06e90d9369dfa6	4			yes					-1	-1	112	-1	
112	111	90932a3636233593	5			yes					-1	-1	-1	-1	-1	
113	104	3945b6f27d476f94	4			yes					-1	-1	-1	-1	
114	103	47e1ba057eb0ae19	5			yes					115	120	122	124	-1	
115	114	7d78586ad7f1369f	4			yes					116	118	119	-1	
116	115	e545085592eb1242	5			yes					-1	-1	-1	-1	-1	
117	116	f337d6dceaa3d65e	4			no					-1	-2	-2	-1	
118	115	879e622a5e33b086	4			yes					-1	-1	-1	-1	
119	115	22887d3aabbd369e	4			yes					-1	-1	-1	-1	
120	114	b683e5541b982364	4			yes					-1	121	-1	-1	
121	120	4e55c5ff3e13fca8	4			yes					-1	-1	-1	-1	
122	114	6e1ad59bd5857158	4			yes					-1	-1	123	-1	
123	122	5d7fce62c41f7bc1	5			yes					-1	-1	-1	-1	-1	
124	114	f8598a643babc16a	4			yes					-1	-1	-1	-1	
125	103	7143ad31279e15e6	5			yes					126	130	133	134	-1	
126	125	4bda4f5e8edf8d60	4			yes					127	128	129	-1	
127	126	1e88c4a0cd916b6c	5			yes					-1	-1	-1	-1	-1	
128	126	40ce0a1889f5026e	4			yes					-1	-1	-1	-1	
129	126	be0fe6f2a2542454	4			yes					-1	-1	-1	-1	
130	125	bad8e3c420caeec5	4			yes					-1	131	132	-1	
131	130	224d39bcd623e471	5			yes					-1	-1	-1	-1	-1	
132	130	5059b720f6c51ae5	4			yes					-1	-1	-1	-1	
133	125	54e3c43fb7f90706	4			yes					-1	-1	-1	-1	
134	125	cefb9d5062857a95	4			yes					-1	-1	-1	-1	
135	103	ba7ad6b180012cd2	5			yes					136	139	141	142	-1	
136	135	80e334de2940b454	4			yes					137	138	-1	-1	
137	136	e50a0e3c7fb0682c	5			yes					-1	-1	-1	-1	-1	
138	136	ec2bbc673de08294	4			yes					-1	-1	-1	-1	
139	135	71e198448755d7f1	4			yes					-1	140	-1	-1	
140	139	06f306a93e0f4d0a	5			yes					-1	-1	-1	-1	-1	
141	135	b0a22e004718d5d9	4			yes					-1	-1	-1	-1	
142	135	490a585b4a7c1e3d	5			yes					-1	-1	-1	-1	-1	
143	103	f06f3e74792ead3b	5			yes					144	148	151	153	-1	
144	143	caf6dc1bd06f35bd	4			yes					145	146	147	-1	
145	144	de788f887ad4d8a6	5			yes					-1	-1	-1	-1	-1	
146	144	96dd409a5f2d0c9c	4			yes					-1	-1	-1	-1	
147	144	55dccfbb089b57ce	5			yes					-1	-1	-1	-1	-1	
148	143	3bf470817e7a5618	4			yes					-1	149	150	-1	
149	148	908f630d1c93539b	5			yes					-1	-1	-1	-1	-1	
150	148	fe41d742f8969f6e	5			yes					-1	-1	-1	-1	-1	
151	143	fab7c6c5be375430	4			yes					-1	-1	152	-1	
152	151	728415b4be4f6c0b	6			yes					-1	-1	-1	-1	-1	-1	
153	143	d99451ead21b727a	4			yes					-1	-1	-1	-1	
