Number of nodes
224
ID	PID	Hash_Value			File_Number	Fully_Enumerated	Children
0	-1	1e6b33d492154811	6			yes					1	33	58	86	118	177	
1	0	9406cd0cb9967bf5	5			yes					2	10	23	30	32	
2	1	c9433c7b008ee34c	4			yes					3	4	5	6	
3	2	e2852f1edddf39d3	4			yes					-1	-1	-1	-1	
4	2	7a4689ee8df1afac	4			yes					-1	-1	-1	-1	
5	2	5eaec270ea5a846b	4			yes					-1	-1	-1	-1	
6	2	8ae06baf380decdc	3			yes					7	8	9	
7	6	040256ab0ccee35d	4			yes					-1	-1	-1	-1	
8	6	cf68a2b2841d1607	4			yes					-1	-1	-1	-1	
9	6	8d5e684d054ce0bc	4			yes					-1	-1	-1	-1	
10	1	2eaa31da3f70b2ae	4			yes					-1	11	16	18	
11	10	9dce1c4415b2afdc	5			yes					12	14	-1	-1	15	
12	11	4ba622ad4782644b	4			yes					-1	-1	-1	13	
13	12	f9ac2adefe35e272	3			yes					-1	-1	-1	
14	11	c9712442a00c794f	4			yes					-1	-1	-1	-1	
15	11	2fc41437ac0529e5	4			yes					-1	-1	-1	-1	
16	10	40afbe303b69b414	4			yes					-1	17	-1	-1	
17	16	141086368ed76287	3			yes					-1	-1	-1	
18	10	6d09660e07f3bd3e	3			yes					-1	19	22	
19	18	a5c9cdd0c6c0ea9f	5			yes					20	21	-1	-1	-1	
20	19	73a1f33994f02108	4			yes					-1	-1	-1	-1	
21	19	f176f5d6737e3c0c	4			yes					-1	-1	-1	-1	
22	18	9f6967721fda73e7	4			yes					-1	-1	-1	-1	
23	1	5116be523a5a2713	4			yes					-1	-1	24	28	
24	23	29f3fd0f1bb3994c	5			yes					25	26	-1	-1	27	
25	24	ff9bc3e6498352db	4			yes					-1	-1	-1	-1	
26	24	7d4cc509ae0d4fdf	4			yes					-1	-1	-1	-1	
27	24	895c720b845cbe3b	4			yes					-1	-1	-1	-1	
28	23	12b5e98602d92883	3			yes					-1	-1	29	
29	28	1414ec6369c39bbb	5			yes					-1	-1	-1	-1	-1	
30	1	615a292b84b10294	4			yes					-1	-1	-1	31	
31	30	22f97effbc320d04	3			yes					-1	-1	-1	
32	1	d7a59ad881157465	4			yes					-1	-1	-1	-1	
33	0	61bcbae82302b60b	5			yes					34	44	49	55	57	
34	33	83aee1b8788d19b5	4			yes					35	37	39	40	
35	34	58f81d3a05c865dc	4			yes					-1	-1	-1	36	
36	35	eaf21549bc7fe3e5	3			yes					-1	-1	-1	
37	34	1021771f659717f3	4			yes					-1	38	-1	-1	
38	37	09d0379bc84728f3	3			yes					-1	-1	-1	
39	34	fbe88adefd8b9496	4			yes					-1	-1	-1	-1	
40	34	c00db66c400e1625	3			yes					41	42	43	
41	40	60ffccaed6ba209f	4			yes					-1	-1	-1	-1	
42	40	61e2cdde0bf4ebd6	4			yes					-1	-1	-1	-1	
43	40	281820e3129df041	4			yes					-1	-1	-1	-1	
44	33	91fd9bfddde785a9	4			yes					-1	45	46	47	
45	44	a478f1786233a23c	4			yes					-1	-1	-1	-1	
46	44	8090bae6059889fb	4			yes					-1	-1	-1	-1	
47	44	d25ecc29e5648a39	3			yes					-1	48	-1	
48	47	1156da246bdf1b97	4			yes					-1	-1	-1	-1	
49	33	a4acc9b6a0ceeaed	4			yes					-1	-1	50	53	
50	49	974ae140cdce6dee	5			yes					-1	-1	-1	-1	52	
51	50	6a1e35d792caa8c3	4			no					-1	-2	-1	-2	
52	50	37e56e4452214a99	4			yes					-1	-1	-1	-1	
53	49	e70f9e62984de57d	3			yes					-1	-1	54	
54	53	aaadf02cbfbe6f19	5			yes					-1	-1	-1	-1	-1	
55	33	94e05ecf1e25cf6a	4			yes					-1	-1	-1	56	
56	55	d743091b26a6c0fa	3			yes					-1	-1	-1	
57	33	221fed3c1b81b99b	4			yes					-1	-1	-1	-1	
58	0	a23157b0fa111a30	5			yes					59	74	80	83	85	
59	58	40230ce0a19eb58e	4			yes					60	66	67	68	
60	59	2ba89af8e656da60	5			yes					-1	61	62	63	64	
61	60	f0280fdb7311f23c	4			yes					-1	-1	-1	-1	
62	60	e3835aa8f3aa64cd	4			yes					-1	-1	-1	-1	
63	60	3447f38c4533d242	4			yes					-1	-1	-1	-1	
64	60	99a2928b5fe15c59	4			yes					-1	-1	-1	-1	
65	64	422207a8caa67405	3			no					-1	-2	-2	
66	59	819ec43c09a5437f	4			yes					-1	-1	-1	-1	
67	59	7b5060abf8326bfe	4			yes					-1	-1	-1	-1	
68	59	03805b34991dba1e	3			yes					69	72	73	
69	68	13af4b6c35249f23	5			yes					-1	70	71	-1	-1	
70	69	c82fde4fa063b77f	4			yes					-1	-1	-1	-1	
71	69	db848b3c20d8218e	4			yes					-1	-1	-1	-1	
72	68	ce18d50724b7787d	4			yes					-1	-1	-1	-1	
73	68	a8a0ca9617240f29	4			yes					-1	-1	-1	-1	
74	58	00df3a039e5ce0db	4			yes					-1	75	76	77	
75	74	d35b134b4a23a89e	4			yes					-1	-1	-1	-1	
76	74	c7481b61774eaf9c	4			yes					-1	-1	-1	-1	
77	74	437c6dd7a6dfef4b	3			yes					-1	78	79	
78	77	bb037658f41e6b22	4			yes					-1	-1	-1	-1	
79	77	48043389c8a6ab7b	4			yes					-1	-1	-1	-1	
80	58	f60385103a6623a4	4			yes					-1	-1	81	82	
81	80	37fa16e6b7b73e79	4			yes					-1	-1	-1	-1	
82	80	b5a0d2c402e52c34	3			yes					-1	-1	-1	
83	58	576db397c7366351	4			yes					-1	-1	-1	84	
84	83	14cee443ffb56cc1	3			yes					-1	-1	-1	
85	58	e1920064c29215a0	4			yes					-1	-1	-1	-1	
86	0	4402e6eea74b763d	5			yes					87	100	112	115	117	
87	86	a610bdbefcc4d983	4			yes					88	93	94	95	
88	87	8098bb57758eb035	5			yes					-1	89	90	-1	92	
89	88	af16962043f4597d	4			yes					-1	-1	-1	-1	
90	88	178de2fc5097a5d9	4			yes					-1	-1	-1	-1	
91	88	9f77d223d6ebb817	4			no					-1	-2	-2	-2	
92	88	3292b324cc39360c	4			yes					-1	-1	-1	-1	
93	87	565f05961e09ca0c	4			yes					-1	-1	-1	-1	
94	87	060aa5b8e2c001d6	4			yes					-1	-1	-1	-1	
95	87	e5b3ea6ac447d613	3			yes					96	99	-1	
96	95	b89f6ac3a6fcf576	5			yes					-1	97	98	-1	-1	
97	96	971147b490861c3e	4			yes					-1	-1	-1	-1	
98	96	2f8a336883e5e09a	4			yes					-1	-1	-1	-1	
99	95	70b18292b845f066	4			yes					-1	-1	-1	-1	
100	86	e6ec8b5dc3068cd6	4			yes					-1	101	107	108	
101	100	5ea6c3c19a4cbda5	5			yes					102	-1	103	105	106	
102	101	a3f21756c5487888	4			yes					-1	-1	-1	-1	
103	101	c9b39a6abf55a849	4			yes					-1	-1	-1	104	
104	103	7bb9921906e22e70	3			yes					-1	-1	-1	
105	101	4149aab53929b587	4			yes					-1	-1	-1	-1	
106	101	ecaccbb223fb3b9c	4			yes					-1	-1	-1	-1	
107	100	e56387f5166506a2	4			yes					-1	-1	-1	-1	
108	100	a54fdc89fb858346	3			yes					-1	109	-1	
109	108	66a11255493ef8e6	5			yes					110	-1	111	-1	-1	
110	109	9bf5c6c2163a3dcb	4			yes					-1	-1	-1	-1	
111	109	f1b44bfe6c27ed0a	4			yes					-1	-1	-1	-1	
112	86	feae1a3821adbf66	4			yes					-1	-1	113	114	
113	112	45951cb11b7a79ad	4			yes					-1	-1	-1	-1	
114	112	bd0d4dec192eb0f6	3			yes					-1	-1	-1	
115	86	b9f39de181a7939e	4			yes					-1	-1	-1	116	
116	115	d36f2f405c0b0101	5			yes					-1	-1	-1	-1	-1	
117	86	07a1b13a9fc879ad	4			yes					-1	-1	-1	-1	
118	0	84ce9395b39c1412	5			yes					119	126	132	139	156	
119	118	f5363b3ce2b650e4	4			yes					120	121	125	-1	
120	119	8219fbea37bdf68f	6			yes					-1	-1	-1	-1	-1	-1	
121	119	4f9ac7ea645099bf	3			yes					-1	122	-1	
122	121	c071c50267644227	6			yes					-1	-1	-1	123	-1	124	
123	122	0b67b04b543e3dad	5			yes					-1	-1	-1	-1	-1	
124	122	727bcd71ded3c41e	5			yes					-1	-1	-1	-1	-1	
125	119	30264862617a0c02	3			yes					-1	-1	-1	
126	118	008c4cd878229d1a	4			yes					127	130	131	-1	
127	126	e29e178823ad32a4	3			yes					-1	128	-1	
128	127	d40b106cad0a8faa	5			yes					-1	-1	-1	-1	129	
129	128	6601181f14bd0993	4			yes					-1	-1	-1	-1	
130	126	5c27837cd87ffb1f	6			yes					-1	-1	-1	-1	-1	-1	
131	126	c59c3f86fbeec1fc	3			yes					-1	-1	-1	
132	118	c301a180a1313121	4			yes					133	137	138	-1	
133	132	2113fad0fabe9e9f	3			yes					134	-1	-1	
134	133	761743be9480379b	6			yes					-1	-1	-1	135	-1	136	
135	134	bd0136f7a7da4811	5			yes					-1	-1	-1	-1	-1	
136	134	c41d4bcd2d37b1a2	5			yes					-1	-1	-1	-1	-1	
137	132	61efcc33c57ccbca	3			yes					-1	-1	-1	
138	132	eb4d2f7c6a504c9d	6			yes					-1	-1	-1	-1	-1	-1	
139	118	db2a4a935465891c	5			yes					140	147	152	154	155	
140	139	393811c30fea26a2	4			yes					141	144	-1	146	
141	140	dd27621107585dce	6			yes					-1	-1	-1	142	-1	143	
142	141	1631175834022244	5			yes					-1	-1	-1	-1	-1	
143	141	6f2d6a62beefdbf7	5			yes					-1	-1	-1	-1	-1	
144	140	8dc147f8d07a1cf0	5			yes					-1	-1	-1	-1	145	
145	144	3fcb4f8b69cd9ac9	4			yes					-1	-1	-1	-1	
146	140	179dd224a9044658	5			yes					-1	-1	-1	-1	-1	
147	139	79c42720302873f7	4			yes					-1	148	-1	151	
148	147	03191a87e89a505e	6			yes					-1	-1	-1	149	-1	150	
149	148	c80f6fcedbc02fd4	5			yes					-1	-1	-1	-1	-1	
150	148	b11312f4512dd667	5			yes					-1	-1	-1	-1	-1	
151	147	93323abcf2fdef4d	5			yes					-1	-1	-1	-1	-1	
152	139	6186b645d2834047	4			yes					-1	-1	-1	153	
153	152	b1ad6863caf63cbb	5			yes					-1	-1	-1	-1	-1	
154	139	555579ece90127b6	4			yes					-1	-1	-1	-1	
155	139	742ff94a044032a4	4			yes					-1	-1	-1	-1	
156	118	bd229a74fab8c2b9	5			yes					157	165	171	175	176	
157	156	5f30c124a1376d07	4			yes					158	160	162	164	
158	157	998f4b2dcb8647b1	6			yes					-1	-1	-1	-1	-1	159	
159	158	3013f3998e0a70b6	5			yes					-1	-1	-1	-1	-1	
160	157	580b720ac7a60135	5			yes					-1	-1	-1	-1	161	
161	160	f197cabe822a3632	4			yes					-1	-1	-1	-1	
162	157	0c679746f764e3ca	5			yes					-1	-1	-1	-1	163	
163	162	a5fb2ff2b2e8d4cd	4			yes					-1	-1	-1	-1	
164	157	dd52e23b61676f56	3			yes					-1	-1	-1	
165	156	1fccf7c79ef53852	4			yes					-1	166	169	-1	
166	165	47b133bb24444a21	6			yes					-1	-1	-1	-1	-1	168	
167	166	8ca746f2171e35ab	5			no					-1	-1	-1	-1	-2	
168	166	ee2d8b0f61c87d26	5			yes					-1	-1	-1	-1	-1	
169	165	4132447c2939363e	5			yes					-1	-1	-1	-1	170	
170	169	e8aefcc86cb50139	4			yes					-1	-1	-1	-1	
171	156	078e66a27c5e0be2	4			yes					-1	-1	172	-1	
172	171	f0db9fbb966bfda3	6			yes					-1	-1	-1	-1	-1	174	
173	172	3bcdeaf2a5318229	5			no					-1	-1	-1	-2	-2	
174	172	5947270fd3e7caa4	5			yes					-1	-1	-1	-1	-1	
175	156	7832e92a79749e5f	4			yes					-1	-1	-1	-1	
176	156	3f40b96b3ae8c0e8	4			yes					-1	-1	-1	-1	
177	0	c87617f115e0cb80	5			yes					178	190	200	212	-1	
178	177	773aa00f7f5bd97e	5			yes					179	182	187	189	-1	
179	178	2a7f5178c64341c7	4			yes					180	181	-1	-1	
180	179	182a68d7d3520675	4			yes					-1	-1	-1	-1	
181	179	687cf4581c5d07f8	4			yes					-1	-1	-1	-1	
182	178	cd965cd9f9bd1025	4			yes					-1	183	186	-1	
183	182	8658ac83e9891ee2	5			yes					184	185	-1	-1	-1	
184	183	5030926abbb9d575	4			yes					-1	-1	-1	-1	
185	183	d2e794855c37c871	4			yes					-1	-1	-1	-1	
186	182	486ee8b34773aaa7	4			yes					-1	-1	-1	-1	
187	178	b22ad351fc978598	4			yes					-1	-1	188	-1	
188	187	8eb591ee8cfe1023	5			yes					-1	-1	-1	-1	-1	
189	178	82664428427ca01f	4			yes					-1	-1	-1	-1	
190	177	8280d7ebe5cf1480	5			yes					191	195	197	199	-1	
191	190	60928cbbbe40bb3e	4			yes					192	193	194	-1	
192	191	436eadfdf9f3d4e2	4			yes					-1	-1	-1	-1	
193	191	6f5d20a80fd7f623	4			yes					-1	-1	-1	-1	
194	191	dc8a96f442e1496a	4			yes					-1	-1	-1	-1	
195	190	72c1f6fe1b2a2722	4			yes					-1	196	-1	-1	
196	195	b6428ccef39f0a68	4			yes					-1	-1	-1	-1	
197	190	4790a4b566034866	4			yes					-1	-1	198	-1	
198	197	300c8da15a83e481	5			yes					-1	-1	-1	-1	-1	
199	190	77dc33ccd8e86de1	4			yes					-1	-1	-1	-1	
200	177	410d3ab33cdcb8bb	5			yes					201	207	210	211	-1	
201	200	a31f61e367531705	4			yes					202	205	206	-1	
202	201	303e2a3f1a6d6b5e	5			yes					-1	203	204	-1	-1	
203	202	ebbebf1c8f2a4302	4			yes					-1	-1	-1	-1	
204	202	f815ea6f0f91d5f3	4			yes					-1	-1	-1	-1	
205	201	2a03e39c83418389	4			yes					-1	-1	-1	-1	
206	201	5c327c814758b602	4			yes					-1	-1	-1	-1	
207	200	e3e3570058914250	4			yes					-1	208	209	-1	
208	207	56618683859eefbd	4			yes					-1	-1	-1	-1	
209	207	12eee13f7a207a43	4			yes					-1	-1	-1	-1	
210	200	153fe813fcab812f	4			yes					-1	-1	-1	-1	
211	200	b451de9401fbc1da	4			yes					-1	-1	-1	-1	
212	177	a73e8bed6186d4b6	5			yes					213	218	222	223	-1	
213	212	452cd0bd3a097b08	4			yes					214	217	-1	-1	
214	213	9b0e0b9089b5010b	5			yes					-1	215	216	-1	-1	
215	214	b48026e7bfcfe843	4			yes					-1	-1	-1	-1	
216	214	0c1b523bacac14e7	4			yes					-1	-1	-1	-1	
217	213	6896a4be1f291773	4			yes					-1	-1	-1	-1	
218	212	05d0e65e05cb2e5d	4			yes					-1	219	-1	-1	
219	218	4530730666770c9b	5			yes					220	-1	221	-1	-1	
220	219	b864a7913973c9b6	4			yes					-1	-1	-1	-1	
221	219	d2252aad436e1977	4			yes					-1	-1	-1	-1	
222	212	1d92773be7601ded	4			yes					-1	-1	-1	-1	
223	212	5acff0e2476a3115	4			yes					-1	-1	-1	-1	
