Number of nodes
222
ID	PID	Hash_Value			File_Number	Fully_Enumerated	Children
0	-1	f5b24637474a30f9	5			yes					1	45	83	121	160	
1	0	9f97f7dfecbc9fca	5			yes					2	14	33	41	44	
2	1	327502c2184e7077	4			yes					3	5	7	11	
3	2	3c679237a7591ad6	4			yes					-1	-1	-1	4	
4	3	309aa21c18fbcd19	3			yes					-1	-1	-1	
5	2	6e7de24e71efa19c	4			yes					-1	6	-1	-1	
6	5	2d481cc67cd247a1	3			yes					-1	-1	-1	
7	2	4bed3dc8082df451	5			yes					-1	8	9	-1	10	
8	7	08d8c3400510126c	4			yes					-1	-1	-1	-1	
9	7	70c84d61a0ae96af	4			yes					-1	-1	-1	-1	
10	7	ca4278e773c4e584	4			yes					-1	-1	-1	-1	
11	2	515793742afe9332	5			yes					-1	12	13	-1	-1	
12	11	12626dfc27c3750f	4			yes					-1	-1	-1	-1	
13	11	6a72e3dd827df1cc	4			yes					-1	-1	-1	-1	
14	1	b703a3a917db7602	4			yes					-1	15	26	31	
15	14	e8427cba4a4e0891	3			yes					16	17	21	
16	15	359e0b662268470e	4			yes					-1	-1	-1	-1	
17	15	d07c5c41937b8d1b	5			yes					18	19	-1	-1	20	
18	17	ae765d10d972ddfe	4			yes					-1	-1	-1	-1	
19	17	7603de0440db570a	4			yes					-1	-1	-1	-1	
20	17	51d3196ee8929cce	4			yes					-1	-1	-1	-1	
21	15	cac6f2fdb1a8ea78	5			yes					22	23	-1	24	25	
22	21	b4ccf3acfba1ba9d	4			yes					-1	-1	-1	-1	
23	21	6cb970b862083069	4			yes					-1	-1	-1	-1	
24	21	c851a50c8b230dc4	4			yes					-1	-1	-1	-1	
25	21	9ae9afdd55e5d8ef	4			yes					-1	-1	-1	-1	
26	14	6065e88fc10df67a	3			yes					27	-1	28	
27	26	5f1189a4ccf9f9a0	4			yes					-1	-1	-1	-1	
28	26	95a502188bb96b63	5			yes					-1	-1	-1	-1	30	
29	28	ebaf0349c1b03b86	4			no					-1	-1	-1	-2	
30	28	892edab91f2cee2f	4			yes					-1	-1	-1	-1	
31	14	25c561287fb11156	3			yes					32	-1	-1	
32	31	60b5ff3cfcb6ff8e	4			yes					-1	-1	-1	-1	
33	1	c0d628ccb129e159	4			yes					-1	-1	34	39	
34	33	17b063ea67ff6121	3			yes					35	-1	36	
35	34	1d9689c99ad20b07	4			yes					-1	-1	-1	-1	
36	34	27ec46990caeac52	5			yes					37	-1	-1	-1	-1	
37	36	59e647c846a7fcb7	4			yes					-1	-1	-1	-1	
38	36	64d9b81101934a6f	4			no					-1	-2	-1	-1	
39	33	5210ea4dd943860d	3			yes					40	-1	-1	
40	39	f45fbe7f177c147e	4			yes					-1	-1	-1	-1	
41	1	48f1bcf93a6a1fb2	4			yes					-1	-1	-1	42	
42	41	da377e78520078e6	3			yes					43	-1	-1	
43	42	8360f4beae036e3d	5			yes					-1	-1	-1	-1	-1	
44	1	0d51355e84d6f89e	4			yes					-1	-1	-1	-1	
45	0	a589d6bb77798740	5			yes					46	61	71	79	82	
46	45	adde2a2143483057	4			yes					47	49	55	59	
47	46	28ad109e00508678	4			yes					-1	-1	-1	48	
48	47	245020b5bff251b7	3			yes					-1	-1	-1	
49	46	f29ff5321edd4ec4	3			yes					50	52	53	
50	49	24dafe0b13b967ec	4			yes					-1	-1	-1	51	
51	50	3e50f0b01719a0cf	3			yes					-1	-1	-1	
52	49	33bc637eb3d7efad	4			yes					-1	-1	-1	-1	
53	49	127998ff3469cd71	5			yes					-1	-1	-1	-1	54	
54	53	21dd49a1a3252f3c	4			yes					-1	-1	-1	-1	
55	46	7ab86107959eb02f	3			yes					56	-1	57	
56	55	a41e4453ab4f6839	4			yes					-1	-1	-1	-1	
57	55	5910567df49f82a6	5			yes					-1	-1	-1	-1	58	
58	57	ff415736631ab738	4			yes					-1	-1	-1	-1	
59	46	3f18e8a02b225703	3			yes					60	-1	-1	
60	59	747f7d955bbf6320	4			yes					-1	-1	-1	-1	
61	45	12b6aa2ed7182ea8	4			yes					-1	62	64	68	
62	61	e8177fcd85e22355	4			yes					63	-1	-1	-1	
63	62	57cc27d040d8898a	3			yes					-1	-1	-1	
64	61	cd87a04bfc207698	5			yes					65	-1	66	-1	67	
65	64	725cf856391adc47	4			yes					-1	-1	-1	-1	
66	64	f6a2d0e254a31466	4			yes					-1	-1	-1	-1	
67	64	4c28e56487c9674d	4			yes					-1	-1	-1	-1	
68	61	d73d0ef7def311fb	5			yes					69	-1	70	-1	-1	
69	68	68e656ea1bc9bb24	4			yes					-1	-1	-1	-1	
70	68	ec187e5e76707305	4			yes					-1	-1	-1	-1	
71	45	fac809a82aecf9d3	4			yes					-1	-1	72	77	
72	71	2dae428efc3a79ab	3			yes					-1	73	74	
73	72	9bfc144a6edf89ce	4			yes					-1	-1	-1	-1	
74	72	1ec4b594ff370407	5			yes					75	-1	76	-1	-1	
75	74	a11fed893a0daed8	4			yes					-1	-1	-1	-1	
76	74	5df14b1cf20ae23a	4			yes					-1	-1	-1	-1	
77	71	680ecb2942869e87	3			yes					-1	78	-1	
78	77	723523fce37196b7	4			yes					-1	-1	-1	-1	
79	45	72ef9d9da1af0738	4			yes					-1	-1	-1	80	
80	79	e0295f1cc9c5606c	3			yes					-1	81	-1	
81	80	050a693d5a0eecf4	5			yes					-1	-1	-1	-1	-1	
82	45	374f143a1f13e014	4			yes					-1	-1	-1	-1	
83	0	cbef26cce4b7d6be	5			yes					84	101	111	117	120	
84	83	c3b8da56d08661a9	4			yes					85	93	95	99	
85	84	fa8ad2c50eca0279	3			yes					-1	86	89	
86	85	7a7b8502d7f3444c	5			yes					-1	-1	87	-1	88	
87	86	415ef5ab7f7026b2	4			yes					-1	-1	-1	-1	
88	86	fbd4c02dac1a5599	4			yes					-1	-1	-1	-1	
89	85	60c12bbef520232f	5			yes					-1	-1	90	91	92	
90	89	5be45b175da341d1	4			yes					-1	-1	-1	-1	
91	89	62567c4fcfabc493	4			yes					-1	-1	-1	-1	
92	89	30ee769e116d11b8	4			yes					-1	-1	-1	-1	
93	84	03a970f8eaf685ec	4			yes					-1	-1	-1	94	
94	93	0f5440d355545223	3			yes					-1	-1	-1	
95	84	14de91700650e1d1	3			yes					-1	96	97	
96	95	57fe63ebb49a0cd0	4			yes					-1	-1	-1	-1	
97	95	5e6fed1804cc23a5	5			yes					-1	-1	-1	-1	98	
98	97	f83eec539349163b	4			yes					-1	-1	-1	-1	
99	84	517e18d7b8ec06fd	3			yes					-1	100	-1	
100	99	5f7b1df3b11960b4	4			yes					-1	-1	-1	-1	
101	83	f2dd2e5f3afbb56e	4			yes					-1	102	104	109	
102	101	407ee39ec60f42e5	4			yes					103	-1	-1	-1	
103	102	ffa5bb830335e83a	3			yes					-1	-1	-1	
104	101	25bb6579ec2d3516	3			yes					-1	105	106	
105	104	e4a5a00a166bdca4	4			yes					-1	-1	-1	-1	
106	104	c989c6ad7b0d2822	5			yes					-1	-1	-1	-1	108	
107	106	76529eb0be3782fd	4			no					-1	-1	-1	-2	
108	106	d5021e0cef98ad6e	4			yes					-1	-1	-1	-1	
109	101	601becde5291d23a	3			yes					-1	110	-1	
110	109	a13e7a98d80c4d07	4			yes					-1	-1	-1	-1	
111	83	74c57dae54c133eb	4			yes					-1	-1	112	115	
112	111	11ad050d1c487721	5			yes					-1	113	-1	-1	114	
113	112	b7d28748cfe8ad30	4			yes					-1	-1	-1	-1	
114	112	9002402267a166f4	4			yes					-1	-1	-1	-1	
115	111	0b17abb13e9b1042	5			yes					-1	116	-1	-1	-1	
116	115	ad6829f4ed3bca53	4			yes					-1	-1	-1	-1	
117	83	1c896dea326156c6	4			yes					-1	-1	-1	118	
118	117	8e4faf6b5a0b3192	3			yes					-1	-1	119	
119	118	d920cc7bba66ed4d	5			yes					-1	-1	-1	-1	-1	
120	83	5929e44d8cddb1ea	4			yes					-1	-1	-1	-1	
121	0	90698f25cb66f6df	5			yes					122	137	150	157	159	
122	121	983e73bfff5741c8	4			yes					123	131	134	135	
123	122	a10c7b2c211b2218	3			yes					124	126	127	
124	123	e683673f707b1739	4			yes					-1	125	-1	-1	
125	124	a843ceb496b54516	3			yes					-1	-1	-1	
126	123	6fcd14026bf279cb	4			yes					-1	-1	-1	-1	
127	123	b2bb72ee393a8ec3	5			yes					-1	128	-1	129	130	
128	127	f18e8c66340768fe	4			yes					-1	-1	-1	-1	
129	127	b02c251f03b1697f	4			yes					-1	-1	-1	-1	
130	127	e2942fcedd77bc54	4			yes					-1	-1	-1	-1	
131	122	b0aa27c90430a800	3			yes					-1	132	133	
132	131	b79c0b4e3fdd65c3	4			yes					-1	-1	-1	-1	
133	131	29c10e688207c3bd	4			yes					-1	-1	-1	-1	
134	122	35cf2032d1b0c04a	4			yes					-1	-1	-1	-1	
135	122	0af8b13e973d269c	3			yes					-1	-1	136	
136	135	1669b0064cadf495	4			yes					-1	-1	-1	-1	
137	121	a95b87b6152a950f	4			yes					-1	138	144	147	
138	137	81cfd3c0ee4d7cc7	3			yes					-1	139	140	
139	138	e9a789819ffffb02	4			yes					-1	-1	-1	-1	
140	138	34d1ef6dcd370c0a	5			yes					141	-1	-1	142	143	
141	140	8b0ab770080da6d5	4			yes					-1	-1	-1	-1	
142	140	3646b89cf7bcebb6	4			yes					-1	-1	-1	-1	
143	140	64feb24d297a3e9d	4			yes					-1	-1	-1	-1	
144	137	9a21cab9cd4bbbee	5			yes					145	-1	-1	-1	146	
145	144	25fa92a408711131	4			yes					-1	-1	-1	-1	
146	144	09f074b82ff48f2f	4			yes					-1	-1	-1	-1	
147	137	3b9d45377d40f25b	3			yes					-1	-1	148	
148	147	599863f71b09c967	5			yes					-1	-1	-1	-1	149	
149	148	6a3cb2a98c452b2a	4			yes					-1	-1	-1	-1	
150	121	b8fddb5330011f17	4			yes					-1	-1	151	155	
151	150	ee74bcff85204a4a	5			yes					152	153	-1	-1	154	
152	151	51afe4e2401ae095	4			yes					-1	-1	-1	-1	
153	151	480b3eba5680905b	4			yes					-1	-1	-1	-1	
154	151	268d449fb60d1e3e	4			yes					-1	-1	-1	-1	
155	150	2a3b19d2586b7843	3			yes					-1	-1	156	
156	155	921590131b68a3f6	5			yes					-1	-1	-1	-1	-1	
157	121	8b3762fe79705a5b	4			yes					-1	-1	-1	158	
158	157	2e3049eab1f3ff00	5			yes					-1	-1	-1	-1	-1	
159	121	02af4da4a30c918b	4			yes					-1	-1	-1	-1	
160	0	e11d2c2d9b8095d3	6			yes					161	187	206	216	219	221	
161	160	e94ad0b7afb122c4	5			yes					162	168	176	182	183	
162	161	02dd79794a4bf040	6			yes					-1	163	164	165	166	167	
163	162	41e887f14776167d	5			yes					-1	-1	-1	-1	-1	
164	162	39f809d0e2c892be	5			yes					-1	-1	-1	-1	-1	
165	162	eb8d9ceb44867826	5			yes					-1	-1	-1	-1	-1	
166	162	f04c2ce70466f923	5			yes					-1	-1	-1	-1	-1	
167	162	182e29a9b4d8c71c	5			yes					-1	-1	-1	-1	-1	
168	161	330beb57654aa86d	6			yes					-1	-1	169	-1	173	175	
169	168	a5ebe6d8ad390ed1	5			yes					-1	-1	-1	-1	170	
170	169	36a50b2bda61ea88	4			yes					-1	-1	-1	-1	
171	168	82199e5519c0f9e5	5			no					-1	-1	-1	-1	172	
172	171	115773a66e981dbc	4			yes					-1	-1	-1	-1	
173	168	443df979aa3938bd	5			yes					-1	-1	-1	-1	174	
174	173	d773148add61dce4	4			yes					-1	-1	-1	-1	
175	168	a04506a412124c34	5			yes					-1	-1	-1	-1	-1	
176	161	02a5a80fb0f2bbc8	6			yes					-1	-1	-1	177	179	181	
177	176	b3b7dd0dcc78ea40	5			yes					-1	-1	-1	-1	178	
178	177	20f930febb200e19	4			yes					-1	-1	-1	-1	
179	176	7593ba217f812b18	5			yes					-1	-1	-1	-1	180	
180	179	e6dd57d208d9cf41	4			yes					-1	-1	-1	-1	
181	176	91eb45fcc7aa5f91	5			yes					-1	-1	-1	-1	-1	
182	161	d1b8da913b3191cb	4			yes					-1	-1	-1	-1	
183	161	761589d0ec3e4784	4			yes					184	185	186	-1	
184	183	3b0b9c5d5fc19a16	6			yes					-1	-1	-1	-1	-1	-1	
185	183	ce886c1989a9422e	5			yes					-1	-1	-1	-1	-1	
186	183	ff262f415c11518b	5			yes					-1	-1	-1	-1	-1	
187	160	d82f24be45ccf603	5			yes					-1	188	194	202	203	
188	187	84b7e4fabe467289	6			yes					189	-1	190	191	192	193	
189	188	3b6cbce77b7cd856	5			yes					-1	-1	-1	-1	-1	
190	188	bf92945316c51077	5			yes					-1	-1	-1	-1	-1	
191	188	6de70168b08bfaef	5			yes					-1	-1	-1	-1	-1	
192	188	7626b164f06b7bea	5			yes					-1	-1	-1	-1	-1	
193	188	9e44b42a40d545d5	5			yes					-1	-1	-1	-1	-1	
194	187	a8b99bc7424094de	6			yes					195	-1	-1	197	199	200	
195	194	1762c3da877a3e01	5			yes					-1	-1	-1	-1	196	
196	195	842c2e29f022da58	4			yes					-1	-1	-1	-1	
197	194	19abeec53ecac556	5			yes					-1	-1	-1	-1	198	
198	197	8ae503364992210f	4			yes					-1	-1	-1	-1	
199	194	df8f89e98d33040e	5			yes					-1	-1	-1	-1	-1	
200	194	3bf7763435187087	5			yes					-1	-1	-1	-1	201	
201	200	4cc1641afa6be057	4			yes					-1	-1	-1	-1	
202	187	e0dd2e98d14c450c	4			yes					-1	-1	-1	-1	
203	187	47707dd906439343	4			yes					-1	204	205	-1	
204	203	bd6101deabcc18df	6			yes					-1	-1	-1	-1	-1	-1	
205	203	553a1c89aea37e9d	5			yes					-1	-1	-1	-1	-1	
206	160	c989785b60e77c1b	5			yes					-1	-1	207	213	214	
207	206	589d41bc5e2e7330	6			yes					208	209	-1	210	211	212	
208	207	e74619a19b14d9ef	5			yes					-1	-1	-1	-1	-1	
209	207	fee2c3f98d8ea921	5			yes					-1	-1	-1	-1	-1	
210	207	b1cda42e50e3fb56	5			yes					-1	-1	-1	-1	-1	
211	207	aa0c142210037a53	5			yes					-1	-1	-1	-1	-1	
212	207	426e116ca0bd446c	5			yes					-1	-1	-1	-1	-1	
213	206	f17b727df467cf14	4			yes					-1	-1	-1	-1	
214	206	56d6213c2368195b	4			yes					-1	-1	215	-1	
215	214	614ba4984ba41966	6			yes					-1	-1	-1	-1	-1	-1	
216	160	be5cf33ec615eb40	5			yes					-1	-1	-1	217	218	
217	216	86aef9185295584f	4			yes					-1	-1	-1	-1	
218	216	2103aa59859a8e00	4			yes					-1	-1	-1	-1	
219	160	d9ef260b0f0026dc	5			yes					-1	-1	-1	-1	220	
220	219	46b07f6c4c8f439c	4			yes					-1	-1	-1	-1	
221	160	7e42754ad80ff093	5			yes					-1	-1	-1	-1	-1	
