Number of nodes
1097
ID	PID	Hash_Value			File_Number	Fully_Enumerated	Children
0	-1	c1d9de6daaede524	6			yes					1	349	768	-1	-1	-1	
1	0	d1694d5cb224e44c	4			yes					2	118	190	-1	
2	1	6b121f984a0f7125	5			yes					3	17	43	70	-1	
3	2	23e668faee7db50e	4			yes					4	5	8	-1	
4	3	d504da7509122fe2	4			yes					-1	-1	-1	-1	
5	3	077fab20f2573d0f	4			yes					-1	6	-1	7	
6	5	18bd92b404af7eed	3			yes					-1	-1	-1	
7	5	58ecd54e4411a656	3			yes					-1	-1	-1	
8	3	d4cc6ac0e818deb0	5			yes					-1	9	11	13	14	
9	8	99e359ee49bfbd94	5			yes					-1	-1	-1	-1	10	
10	9	bce3b54c30a1d4c8	4			yes					-1	-1	-1	-1	
11	8	9fd175d954a3e311	5			yes					-1	-1	-1	-1	12	
12	11	bad1997b2dbd8a4d	4			yes					-1	-1	-1	-1	
13	8	57fd5172a3816bac	4			yes					-1	-1	-1	-1	
14	8	1d28605380af6af8	4			yes					-1	15	16	-1	
15	14	1d65fb8f00a22f94	5			yes					-1	-1	-1	-1	-1	
16	14	1b57d7b81dbe7111	5			yes					-1	-1	-1	-1	-1	
17	2	256ccc31aa458c20	4			yes					-1	18	24	-1	
18	17	dd2f10df60163d3e	5			yes					19	21	22	-1	23	
19	18	f3fab4244aed7618	4			yes					20	-1	-1	-1	
20	19	c1cc7714a2bcf48b	3			yes					-1	-1	-1	
21	18	ef19d3ef8847bfad	4			yes					-1	-1	-1	-1	
22	18	946af7aca14fb718	4			yes					-1	-1	-1	-1	
23	18	82bc6eb1d650a667	4			yes					-1	-1	-1	-1	
24	17	0e9cd13f7a59de81	6			yes					25	27	32	33	37	38	
25	24	e5e5f50e550b1f98	5			yes					-1	-1	-1	-1	26	
26	25	c0e519ac2c1576c4	4			yes					-1	-1	-1	-1	
27	24	dab456c0e0031cc0	6			yes					28	-1	29	-1	-1	31	
28	27	3e3c1803e1cdd9dd	5			yes					-1	-1	-1	-1	-1	
29	27	c3f882b57e4531de	5			yes					-1	-1	-1	-1	-1	
30	27	76077084ff077894	5			no					-1	-1	-1	-1	-2	
31	27	ffb4ba62991d759c	5			yes					-1	-1	-1	-1	-1	
32	24	773d64ee9be82ad6	6			yes					-1	-1	-1	-1	-1	-1	
33	24	636e922d4c3eafdb	5			yes					34	35	-1	-1	36	
34	33	87e6dcee4df06ac6	4			yes					-1	-1	-1	-1	
35	33	9d27a84e4fec6aee	4			yes					-1	-1	-1	-1	
36	33	466e7e8f3520c687	4			yes					-1	-1	-1	-1	
37	24	3911ab46ffdebb78	5			yes					-1	-1	-1	-1	-1	
38	24	c778dbac12ee6ac9	5			yes					39	40	-1	41	42	
39	38	6163576f1c168d98	5			yes					-1	-1	-1	-1	-1	
40	38	5e32f4a1a91e8ec0	6			yes					-1	-1	-1	-1	-1	-1	
41	38	e7e8304c05233ddb	5			yes					-1	-1	-1	-1	-1	
42	38	661cf7a348125944	5			yes					-1	-1	-1	-1	-1	
43	2	c93919d7605f399f	4			yes					-1	-1	44	-1	
44	43	0b1caef9c7cd8527	5			yes					45	54	60	-1	64	
45	44	ae406956acc5e34b	6			yes					-1	46	48	49	51	52	
46	45	6c7d9fd80121137b	5			yes					-1	-1	-1	-1	47	
47	46	497d737a783f7a27	4			yes					-1	-1	-1	-1	
48	45	1e8dd45c69e4ea6e	5			yes					-1	-1	-1	-1	-1	
49	45	1f616f8911055a97	5			yes					-1	-1	-1	-1	-1	
50	49	3a61832b681b33cb	4			no					-1	-2	-2	-2	
51	45	8bd52c827289b0c2	5			yes					-1	-1	-1	-1	-1	
52	45	8b4085f4d5db8a17	5			yes					-1	-1	-1	-1	-1	
53	52	3b8d38fe10fa8332	4			no					-1	-2	-2	-2	
54	44	268a33ac4a392331	6			yes					55	-1	57	58	-1	59	
55	54	c2027d6f4bf7e62c	5			yes					-1	-1	-1	-1	56	
56	55	e70291cd32e98f70	4			yes					-1	-1	-1	-1	
57	54	96478ea68f182a14	5			yes					-1	-1	-1	-1	-1	
58	54	97ab3573f7f99aed	5			yes					-1	-1	-1	-1	-1	
59	54	038adf0e33274a6d	5			yes					-1	-1	-1	-1	-1	
60	44	6aaf4475392cf75e	6			yes					61	62	-1	-1	-1	63	
61	60	8e270ab638e23243	5			yes					-1	-1	-1	-1	-1	
62	60	94e67e163afe326b	5			yes					-1	-1	-1	-1	-1	
63	60	4fafa8d740329e02	5			yes					-1	-1	-1	-1	-1	
64	44	c2f8a46aaf7a316f	4			yes					65	67	69	-1	
65	64	2ac6cb37e5d8714b	6			yes					-1	66	-1	-1	-1	-1	
66	65	e8fb3db9483c817b	5			yes					-1	-1	-1	-1	-1	
67	64	a20c91cd0324b131	6			yes					68	-1	-1	-1	-1	-1	
68	67	4684df0e02ea742c	5			yes					-1	-1	-1	-1	-1	
69	64	ee29e6147031655e	6			yes					-1	-1	-1	-1	-1	-1	
70	2	19c8c09c616d4742	6			yes					71	88	-1	99	112	115	
71	70	371d64674b960c64	5			yes					72	75	77	81	82	
72	71	f8bfb084a04b55f7	5			yes					-1	-1	-1	-1	74	
73	72	48720d8e656a5cd2	4			no					-1	-2	-2	-2	
74	72	ddbf5c26d9553cab	4			yes					-1	-1	-1	-1	
75	71	00f89d354766b3a9	5			yes					-1	-1	-1	-1	76	
76	75	25f871973e78daf5	4			yes					-1	-1	-1	-1	
77	71	1bfd8b6cfc0ab0c3	5			yes					-1	78	-1	-1	80	
78	77	d9c07de251ee40f3	4			yes					-1	-1	-1	79	
79	78	fcc0914028f029af	3			yes					-1	-1	-1	
80	77	3efd67ce8514d99f	4			yes					-1	-1	-1	-1	
81	71	18e3ee5e785a035c	5			yes					-1	-1	-1	-1	-1	
82	71	fef96ef42321b82c	4			yes					83	84	85	87	
83	82	7c3912e5e956c7f7	5			yes					-1	-1	-1	-1	-1	
84	82	847e3f540e7b21a9	5			yes					-1	-1	-1	-1	-1	
85	82	9f7b290db51722c3	5			yes					-1	86	-1	-1	-1	
86	85	5d46df8318f3d2f3	4			yes					-1	-1	-1	-1	
87	82	47eeb2bbcf96e160	5			yes					-1	-1	-1	-1	-1	
88	70	2bfe03ac893cc5d1	5			yes					-1	89	91	94	95	
89	88	1abc48a41a85ff7a	5			yes					-1	-1	-1	-1	90	
90	89	3fbca406639b9626	4			yes					-1	-1	-1	-1	
91	88	9337d1961af670b9	5			yes					92	-1	-1	-1	93	
92	91	77bf9f551b38b5a4	4			yes					-1	-1	-1	-1	
93	91	b6373d3463e819e5	4			yes					-1	-1	-1	-1	
94	88	9029b4a49ea6c326	5			yes					-1	-1	-1	-1	-1	
95	88	e21a093fe18b7199	4			yes					-1	96	97	98	
96	95	9e3aeac553986d7a	5			yes					-1	-1	-1	-1	-1	
97	95	17b173f753ebe2b9	5			yes					-1	-1	-1	-1	-1	
98	95	cf24e841296a211a	5			yes					-1	-1	-1	-1	-1	
99	70	0827a03a3be9db04	5			yes					-1	-1	100	102	103	
100	99	b36ddf31e7816f7f	5			yes					-1	-1	-1	-1	101	
101	100	966d33939e9f0623	4			yes					-1	-1	-1	-1	
102	99	6c8118c84c18f2e9	6			yes					-1	-1	-1	-1	-1	-1	
103	99	e8bed0d66999bbbc	6			yes					104	106	108	110	-1	111	
104	103	0c369e1568577ea1	5			yes					-1	-1	-1	-1	105	
105	104	adb0d0d6585485fd	4			yes					-1	-1	-1	-1	
106	103	16f7eab56a4b7e89	5			yes					-1	-1	-1	-1	-1	
107	106	b771a4765a4885d5	4			yes					-1	-1	-1	-1	
108	103	2a832658c47d4b8c	5			yes					-1	-1	-1	-1	109	
109	108	8b05689bf47eb0d0	4			yes					-1	-1	-1	-1	
110	103	58736ddcacb8b299	5			yes					-1	-1	-1	-1	-1	
111	103	49389e15599a40e0	5			yes					-1	-1	-1	-1	-1	
112	70	9af9fb2e2af4f25e	5			yes					-1	-1	-1	-1	113	
113	112	531df1bd42434616	4			yes					-1	-1	-1	114	
114	113	1bd66dc21a786c01	6			yes					-1	-1	-1	-1	-1	-1	
115	70	d02cca0f09daf30a	5			yes					-1	-1	116	-1	-1	
116	115	f3bbc68fd2f5b8d6	6			yes					-1	-1	-1	-1	-1	117	
117	116	523d884ce2f6438a	5			yes					-1	-1	-1	-1	-1	
118	1	9971768ce855a1e7	5			yes					119	141	157	171	183	
119	118	dfb5cb83815134e6	4			yes					120	126	128	133	
120	119	9761067d229768cd	5			yes					121	122	124	-1	125	
121	120	390c336f41ff4180	4			yes					-1	-1	-1	-1	
122	120	9ec83ff4f1d23251	4			yes					-1	123	-1	-1	
123	122	a130977f58d511f1	3			yes					-1	-1	-1	
124	120	a899aef68b904b6d	4			yes					-1	-1	-1	-1	
125	120	e6fda2a1ffd38d99	4			yes					-1	-1	-1	-1	
126	119	d5cafe6db218359b	4			yes					-1	-1	127	-1	
127	126	916cff5413fa1e4e	5			yes					-1	-1	-1	-1	-1	
128	119	29298c04b4971cc6	5			yes					-1	129	130	131	132	
129	128	d8a6372e71cccfc8	4			yes					-1	-1	-1	-1	
130	128	16d1248f1d903f66	4			yes					-1	-1	-1	-1	
131	128	27bbcd7bcdd559a1	4			yes					-1	-1	-1	-1	
132	128	b7a678d01eed3f6a	4			yes					-1	-1	-1	-1	
133	119	8f91c414cc635a1e	5			yes					134	135	138	-1	140	
134	133	f8d2ee1ac790d0bd	4			yes					-1	-1	-1	-1	
135	133	7e1e7f3e09388910	4			yes					-1	136	-1	137	
136	135	41e6d7b5a03faab0	3			yes					-1	-1	-1	
137	135	367a8434440d74eb	3			yes					-1	-1	-1	
138	133	b0696c9f656479be	4			yes					-1	-1	-1	139	
139	138	f80d979528518445	3			yes					-1	-1	-1	
140	133	c7f53f1e8156a7e5	4			yes					-1	-1	-1	-1	
141	118	f0f5a502cf39d051	4			yes					-1	142	147	150	
142	141	74df615c86f7e78e	5			yes					143	-1	145	146	-1	
143	142	13547de1da6d48f9	4			yes					-1	-1	-1	-1	
144	142	5ff3eae3de70d3da	4			no					-1	-1	-2	-2	
145	142	8039a10df834602d	4			yes					-1	-1	-1	-1	
146	142	d6c76081794250c0	6			yes					-1	-1	-1	-1	-1	-1	
147	141	f687716fdaa310f9	5			yes					-1	-1	148	-1	149	
148	147	c97fd9e473a43359	4			yes					-1	-1	-1	-1	
149	147	680885bb70d93355	4			yes					-1	-1	-1	-1	
150	141	503f397fa2575621	5			yes					151	152	154	-1	156	
151	150	37b425c2fecdf956	4			yes					-1	-1	-1	-1	
152	150	6ed6498d5e51acc4	4			yes					-1	-1	-1	153	
153	152	26b2b2871364513f	3			yes					-1	-1	-1	
154	150	6fc791f40b507581	4			yes					-1	-1	-1	155	
155	154	27a36afe4665887a	3			yes					-1	-1	-1	
156	150	185bc275ef62abda	4			yes					-1	-1	-1	-1	
157	118	62f8f78c96ba95d8	4			yes					-1	-1	158	159	
158	157	9a8f9d0e5571ab7b	4			yes					-1	-1	-1	-1	
159	157	0325c32d1c9d2fac	5			yes					160	163	165	167	170	
160	159	64aedf90400780db	4			yes					-1	-1	-1	162	
161	160	e04c5a5457ded460	4			yes					-1	-1	-1	-1	
162	160	b48e9830ae1a6ebe	3			yes					-1	-1	-1	
163	159	f38c6f391b9dbb12	4			yes					-1	-1	-1	164	
164	163	23ac2899f5805577	3			yes					-1	-1	-1	
165	159	6d322141595f6b9a	4			yes					-1	-1	-1	166	
166	165	bd1266e1b74285ff	3			yes					-1	-1	-1	
167	159	29151565f045919a	4			yes					-1	-1	-1	169	
168	167	ff2834356115379e	5			no					-1	-1	-1	-2	-1	
169	167	b88fde263b688d3f	5			yes					-1	-1	-1	-1	-1	
170	159	d305848df280c1c9	4			yes					-1	-1	-1	-1	
171	118	c94816a3e4feadac	6			yes					172	173	174	177	179	182	
172	171	aec30a1eb86402db	5			yes					-1	-1	-1	-1	-1	
173	171	39e1bab7e3fe3912	5			yes					-1	-1	-1	-1	-1	
174	171	38c7ad8921a57ea2	5			yes					-1	-1	175	-1	176	
175	174	073f050288a25d02	4			yes					-1	-1	-1	-1	
176	174	a648595d8bdf5d0e	4			yes					-1	-1	-1	-1	
177	171	f6b0be284df98e0c	5			yes					-1	-1	-1	-1	178	
178	177	683f4afce783ada0	4			yes					-1	-1	-1	-1	
179	171	c7da57dc9dbce8cb	5			yes					-1	-1	180	181	-1	
180	179	3655ecf658e73bc5	4			yes					-1	-1	-1	-1	
181	179	f822ff5734bbcb6b	4			yes					-1	-1	-1	-1	
182	171	57c7e2774e848e00	5			yes					-1	-1	-1	-1	-1	
183	118	3985a6a8a467b3da	4			yes					-1	-1	-1	184	
184	183	fb4f7d19980d16ff	6			yes					185	186	187	188	189	-1	
185	184	d89eed72f46e7dd2	5			yes					-1	-1	-1	-1	-1	
186	184	49f46919b5edb933	5			yes					-1	-1	-1	-1	-1	
187	184	0ac0c6335d56c5f1	5			yes					-1	-1	-1	-1	-1	
188	184	c4b7d592310a355f	5			yes					-1	-1	-1	-1	-1	
189	184	f5dd3c66e14f5398	5			yes					-1	-1	-1	-1	-1	
190	1	7267f0067f13877f	6			yes					191	218	241	263	281	299	
191	190	8ccea8ace53a1ed5	5			yes					192	199	210	215	217	
192	191	fb8d82a2eec99476	4			yes					193	194	195	196	
193	192	bf81cd2aa4d5fd99	4			yes					-1	-1	-1	-1	
194	192	f0e913bf9ee72c7a	4			yes					-1	-1	-1	-1	
195	192	849882c03bf6c7d8	4			yes					-1	-1	-1	-1	
196	192	a5ebfa8b501375e1	5			yes					-1	-1	197	-1	198	
197	196	0958dccf4f1711b5	4			yes					-1	-1	-1	-1	
198	196	a4e52ce04572e955	4			yes					-1	-1	-1	-1	
199	191	930c913813c25d37	4			yes					-1	200	204	205	
200	199	b598155becd4084d	5			yes					201	202	-1	-1	203	
201	200	c5cb4ff5755ef86b	4			yes					-1	-1	-1	-1	
202	200	82cc7e0f76753c41	4			yes					-1	-1	-1	-1	
203	200	4dedc946dc844a5a	4			yes					-1	-1	-1	-1	
204	199	d786c63f8d2cd9bd	4			yes					-1	-1	-1	-1	
205	199	e97658dc33fe3be1	3			yes					206	207	209	
206	205	ac96d4acc2ee6d99	4			yes					-1	-1	-1	-1	
207	205	ff31c5512e683f0d	5			yes					208	-1	-1	-1	-1	
208	207	8f629fffb7e2cf2b	4			yes					-1	-1	-1	-1	
209	205	408b090d981a46a8	4			yes					-1	-1	-1	-1	
210	191	9d21c80abfbe8293	4			yes					-1	-1	211	212	
211	210	fcf110746a5eb5e4	5			yes					-1	-1	-1	-1	-1	
212	210	e75b01ee9f82e445	3			yes					213	-1	214	
213	212	9ec226500eb724b8	4			yes					-1	-1	-1	-1	
214	212	842dde16b6ab5833	5			yes					-1	-1	-1	-1	-1	
215	191	0314bad887b333d1	4			yes					-1	-1	-1	216	
216	215	796e733ca78f5507	3			yes					-1	-1	-1	
217	191	f6b46148c5067803	4			yes					-1	-1	-1	-1	
218	190	e9e157733a77843f	5			yes					219	228	232	238	240	
219	218	8e6a4bce66ed2b48	4			yes					220	222	223	224	
220	219	aa4d9212d5169225	5			yes					-1	-1	-1	-1	221	
221	220	76c46af68cd7f9ae	4			yes					-1	-1	-1	-1	
222	219	9a985331ecbe4335	4			yes					-1	-1	-1	-1	
223	219	eee9c24e49afa897	4			yes					-1	-1	-1	-1	
224	219	f410822a46d14d9e	3			yes					225	226	227	
225	224	77cabc9d99b6651a	5			yes					-1	-1	-1	-1	-1	
226	224	f4b366de7cee4bf7	4			yes					-1	-1	-1	-1	
227	224	1625252b7e749d6d	4			yes					-1	-1	-1	-1	
228	218	83c4a78b44ab78e3	4			yes					-1	229	-1	230	
229	228	2396fb40b4278cf4	4			yes					-1	-1	-1	-1	
230	228	8473d90f5658fd6d	5			yes					-1	-1	-1	-1	231	
231	230	857d0f64433961d9	4			yes					-1	-1	-1	-1	
232	218	f80e37d560f31879	4			yes					-1	-1	233	235	
233	232	9373b6178be20bb3	5			yes					-1	234	-1	-1	-1	
234	233	8f0d7d2f3ba151b0	4			yes					-1	-1	-1	-1	
235	232	8274fe3140cf7eaf	3			yes					-1	236	237	
236	235	25559e518483bf55	4			yes					-1	-1	-1	-1	
237	235	ebaf78755717e664	5			yes					-1	-1	-1	-1	-1	
238	218	663b450758fea93b	4			yes					-1	-1	-1	239	
239	238	1c418ce378c2cfed	3			yes					-1	-1	-1	
240	218	939b9e971a4be2e9	4			yes					-1	-1	-1	-1	
241	190	e6bb9040a3d7b848	5			yes					242	251	258	260	262	
242	241	81308cfdff4d173f	4			yes					243	245	246	247	
243	242	94e1be060c47a6f4	5			yes					-1	-1	-1	-1	244	
244	243	486846e25586cd7f	4			yes					-1	-1	-1	-1	
245	242	594ba8521b610ce7	4			yes					-1	-1	-1	-1	
246	242	eb0a28e74fcec90d	4			yes					-1	-1	-1	-1	
247	242	fb4a4519df7171e9	3			yes					248	249	250	
248	247	4966908940e751cb	5			yes					-1	-1	-1	-1	-1	
249	247	dfd42721bf0b2ab7	4			yes					-1	-1	-1	-1	
250	247	13c6cf827815fcf7	4			yes					-1	-1	-1	-1	
251	241	16123c54a4d72cf6	4			yes					-1	252	254	255	
252	251	75dc9bfb4f654563	5			yes					-1	-1	-1	-1	253	
253	252	a955631f16a42ee8	4			yes					-1	-1	-1	-1	
254	251	5c1ea3e67b7c45cb	4			yes					-1	-1	-1	-1	
255	251	6c68f5b084eb4a20	3			yes					-1	256	257	
256	255	a85bb57403c5b25c	5			yes					-1	-1	-1	-1	-1	
257	255	a4d244834ca77031	4			yes					-1	-1	-1	-1	
258	241	62826b39192f701b	4			yes					-1	-1	-1	259	
259	258	94fc82bf250c61a4	5			yes					-1	-1	-1	-1	-1	
260	241	69618234c15e954c	4			yes					-1	-1	-1	261	
261	260	131b4bd0e162f39a	3			yes					-1	-1	-1	
262	241	9cc159a483ebde9e	4			yes					-1	-1	-1	-1	
263	190	ce4ec639c8b626d7	5			yes					264	272	276	278	279	
264	263	a9c5da84942c89a0	4			yes					265	268	-1	269	
265	264	e255648552525f50	5			yes					-1	-1	266	-1	267	
266	265	5374625aef92e68c	4			yes					-1	-1	-1	-1	
267	265	3edc9c610b9334db	4			yes					-1	-1	-1	-1	
268	264	a92f568840949987	4			yes					-1	-1	-1	-1	
269	264	d3bf1360b410ef76	3			yes					270	271	-1	
270	269	3fd24a0a1ef2a86f	5			yes					-1	-1	-1	-1	-1	
271	269	939ef5e32c967d3a	4			yes					-1	-1	-1	-1	
272	263	3ee76a2dcfb6b269	4			yes					-1	273	-1	274	
273	272	4fa7c5458e019277	5			yes					-1	-1	-1	-1	-1	
274	272	449da3c9ef8ad4bf	3			yes					-1	275	-1	
275	274	7516662ee20376ca	5			yes					-1	-1	-1	-1	-1	
276	263	d18cffad3e4e6535	4			yes					-1	-1	-1	277	
277	276	abf636491e7203e3	3			yes					-1	-1	-1	
278	263	621ebc331f4200a0	5			yes					-1	-1	-1	-1	-1	
279	263	b4340fdde88a4001	4			yes					-1	-1	-1	280	
280	279	fd3dbefb919d7c31	5			yes					-1	-1	-1	-1	-1	
281	190	9eec6e32b5b11c64	5			yes					282	289	294	297	298	
282	281	f967728fe92bb313	4			yes					283	285	287	-1	
283	282	18663fdf2a760b12	5			yes					-1	-1	-1	-1	284	
284	283	1ff124e6295114d4	4			yes					-1	-1	-1	-1	
285	282	900b656965dd49f3	4			yes					-1	-1	-1	286	
286	285	979c7e5066fa5635	3			yes					-1	-1	-1	
287	282	9be844076692c09b	5			yes					-1	-1	-1	-1	288	
288	287	4761bce33f53ab10	4			yes					-1	-1	-1	-1	
289	281	6e45c226b2b188da	4			yes					-1	290	292	-1	
290	289	83b2184b8387dd0d	5			yes					-1	-1	-1	-1	291	
291	290	8425037280a0c2cb	4			yes					-1	-1	-1	-1	
292	289	0aba4e2c88041ba5	5			yes					-1	-1	-1	-1	293	
293	292	d633b6c8d1c5702e	4			yes					-1	-1	-1	-1	
294	281	812e57a643495f86	4			yes					-1	-1	295	-1	
295	294	6fbc7aab9706e359	6			yes					-1	-1	-1	-1	-1	296	
296	295	b335824fcec788d2	5			yes					-1	-1	-1	-1	-1	
297	281	8f030e94ef358022	4			yes					-1	-1	-1	-1	
298	281	990fe99bf7e6e46d	4			yes					-1	-1	-1	-1	
299	190	b6d7010910d12653	5			yes					300	310	320	330	338	
300	299	625c64e9c14346da	5			yes					301	304	307	309	-1	
301	300	151f4ee7cab0cc79	4			yes					302	303	-1	-1	
302	301	e8aea9af7926b88a	4			yes					-1	-1	-1	-1	
303	301	34e2c91054a2a675	4			yes					-1	-1	-1	-1	
304	300	7d9e5d7d37bb0538	4			yes					-1	305	306	-1	
305	304	4704ea3dc5499905	5			yes					-1	-1	-1	-1	-1	
306	304	83959dc639e24d17	4			yes					-1	-1	-1	-1	
307	300	73b3044f9bc7da9c	4			yes					-1	-1	308	-1	
308	307	15e034de76d36ca3	5			yes					-1	-1	-1	-1	-1	
309	300	ed86769da3ca6bde	4			yes					-1	-1	-1	-1	
310	299	07739b361e0edc30	5			yes					311	315	317	319	-1	
311	310	60f8878b42947347	4			yes					312	313	314	-1	
312	311	1e3e98ba90951b11	5			yes					-1	-1	-1	-1	-1	
313	311	5e93899e26fbc93a	4			yes					-1	-1	-1	-1	
314	311	b1c34c9ab45a39fa	4			yes					-1	-1	-1	-1	
315	310	6d566bce60d220ec	4			yes					-1	316	-1	-1	
316	315	a2c11528d7a504a5	4			yes					-1	-1	-1	-1	
317	310	169cfb90448a4076	4			yes					-1	-1	318	-1	
318	317	7a6292bd976fd2f4	5			yes					-1	-1	-1	-1	-1	
319	310	88a989427c87f134	4			yes					-1	-1	-1	-1	
320	299	08295c0587aee047	5			yes					321	325	328	329	-1	
321	320	6fa240b8db344f30	4			yes					322	323	324	-1	
322	321	2092b4ae49c42fc0	5			yes					-1	-1	-1	-1	-1	
323	321	f03bed6540c9fa28	4			yes					-1	-1	-1	-1	
324	321	b420a633b23b5860	4			yes					-1	-1	-1	-1	
325	320	f880f01180ae74f9	4			yes					-1	326	327	-1	
326	325	c1af91530ae6cc57	5			yes					-1	-1	-1	-1	-1	
327	325	03342d328689d4a6	4			yes					-1	-1	-1	-1	
328	320	8c10a77c3d562814	4			yes					-1	-1	-1	-1	
329	320	87f34e71e527cd43	4			yes					-1	-1	-1	-1	
330	299	20dc0a7ceccf7ed8	5			yes					331	334	336	337	-1	
331	330	475716c1b055d1af	4			yes					332	333	-1	-1	
332	331	56266e2d17d1d664	5			yes					-1	-1	-1	-1	-1	
333	331	7656826d6a984524	4			yes					-1	-1	-1	-1	
334	330	d075a668ebcfea66	4			yes					-1	335	-1	-1	
335	334	90de11a0a40d4ed4	5			yes					-1	-1	-1	-1	-1	
336	330	3f1e33e81a373d3a	4			yes					-1	-1	-1	-1	
337	330	085086927783047d	5			yes					-1	-1	-1	-1	-1	
338	299	8a9ff6bf44a95b06	5			yes					339	343	346	348	-1	
339	338	ed14ea021833f471	4			yes					340	341	342	-1	
340	339	47e9a067c8b5ac32	5			yes					-1	-1	-1	-1	-1	
341	339	cf84fad1871eeed3	4			yes					-1	-1	-1	-1	
342	339	2f9b4eaf231149af	5			yes					-1	-1	-1	-1	-1	
343	338	7a365aab43a9cfb8	4			yes					-1	344	345	-1	
344	343	dc3d87f361447a2d	5			yes					-1	-1	-1	-1	-1	
345	343	bec94484cd879291	5			yes					-1	-1	-1	-1	-1	
346	338	955dcf2bb25118e4	4			yes					-1	-1	347	-1	
347	346	dbcf7003d2856a6d	6			yes					-1	-1	-1	-1	-1	-1	
348	338	9b7096191e2dc740	4			yes					-1	-1	-1	-1	
349	0	446900a563e7b0b5	4			yes					350	463	538	588	
350	349	ffa1c8f49e84805a	5			yes					351	360	402	434	454	
351	350	4cc5dc675bfbc3f8	5			yes					352	353	355	357	359	
352	351	22320fe3f8bdb73d	4			yes					-1	-1	-1	-1	
353	351	8c53eb0fadbe3929	4			yes					-1	-1	-1	354	
354	353	3cde3933259714d1	5			yes					-1	-1	-1	-1	-1	
355	351	5d2abcc1017f5fbe	4			yes					-1	-1	-1	356	
356	355	47af120f78d43d0c	5			yes					-1	-1	-1	-1	-1	
357	351	ca8bfd17a670ae75	4			yes					-1	-1	-1	358	
358	357	98b7ac539388a18c	5			yes					-1	-1	-1	-1	-1	
359	351	39c0a53af20c7fdf	4			yes					-1	-1	-1	-1	
360	350	bdcca3c830cb3304	4			yes					361	365	377	381	
361	360	70a8334106af2b3f	4			yes					362	-1	-1	363	
362	361	1e5fe0c5a5e95ffa	3			yes					-1	-1	-1	
363	361	05ad4a1caf589718	3			yes					-1	-1	364	
364	363	32f54765d9e13b13	5			yes					-1	-1	-1	-1	-1	
365	360	819eae94ceec4ac4	5			yes					366	369	372	373	375	
366	365	c810f2f9a1ab8a0b	4			yes					-1	-1	-1	367	
367	366	d7a424454a962f99	5			yes					-1	-1	-1	-1	368	
368	367	1bf95b6e0cbed05d	4			yes					-1	-1	-1	-1	
369	365	71370280c9ecde7a	4			yes					-1	-1	-1	370	
370	369	49896e26a9064250	5			yes					-1	-1	-1	-1	371	
371	370	85d4110def2ebd94	4			yes					-1	-1	-1	-1	
372	365	6cf8b853ec050817	4			yes					-1	-1	-1	-1	
373	365	21449fe3e359aa85	4			yes					-1	-1	-1	374	
374	373	fa13ce80498b465f	5			yes					-1	-1	-1	-1	-1	
375	365	f49bd7c9671bf6e3	4			yes					-1	-1	376	-1	
376	375	89e002ece8874ee6	5			yes					-1	-1	-1	-1	-1	
377	360	da19a56797946540	4			yes					378	379	-1	380	
378	377	9397f90af8d3a58f	3			yes					-1	-1	-1	
379	377	2ab009739094f1fe	3			yes					-1	-1	-1	
380	377	3d1e0b00d2bf9c22	3			yes					-1	-1	-1	
381	360	cedb0896d79c6a47	5			yes					382	390	396	398	400	
382	381	875554fbb8dbaa88	4			yes					383	-1	385	386	
383	382	f82e84123996852a	5			yes					-1	-1	-1	-1	384	
384	383	8574bbd0cab6272a	4			yes					-1	-1	-1	-1	
385	382	b444aa501eb80c40	4			yes					-1	-1	-1	-1	
386	382	f2de761d40733160	3			yes					387	-1	388	
387	386	4929c4fb8c9ed8ee	5			yes					-1	-1	-1	-1	-1	
388	386	4f4157f52b715809	5			yes					-1	-1	-1	-1	389	
389	388	57bb63c287f4ad57	4			yes					-1	-1	-1	-1	
390	381	3e72a482d09cfef9	4			yes					-1	391	392	393	
391	390	3eb5e37a93a5597a	4			yes					-1	-1	-1	-1	
392	390	bc9a6cc2184a40a9	4			yes					-1	-1	-1	-1	
393	390	4bf9866428346511	3			yes					-1	-1	394	
394	393	479f91672d8314e0	5			yes					-1	-1	-1	-1	395	
395	394	5f65a5508106e1be	4			yes					-1	-1	-1	-1	
396	381	39e973b814c1194d	5			yes					-1	-1	-1	-1	-1	
397	396	44b34c7ae7e1bb4d	4			no					-1	-2	-1	-1	
398	381	489529e62a1707ca	4			yes					-1	-1	399	-1	
399	398	6af63a48a24ed1bd	4			yes					-1	-1	-1	-1	
400	381	bb502a702f34f1af	4			yes					-1	-1	401	-1	
401	400	88ee3351a1c94489	5			yes					-1	-1	-1	-1	-1	
402	350	5d8acebbb4d4c8e0	4			yes					403	-1	407	413	
403	402	7cde4f2a92e3e5e2	4			yes					404	-1	-1	405	
404	403	12299cae31a59127	3			yes					-1	-1	-1	
405	403	09db36773b1459c5	3			yes					-1	406	-1	
406	405	cbf2c9f3eef455fc	5			yes					-1	-1	-1	-1	-1	
407	402	8db011e2c26e0c35	5			yes					408	409	410	411	412	
408	407	c43e4d8fad29ccfa	4			yes					-1	-1	-1	-1	
409	407	7d19bdf6c56e988b	4			yes					-1	-1	-1	-1	
410	407	9272287634964fd7	4			yes					-1	-1	-1	-1	
411	407	78cdc79c0f4d01e2	4			yes					-1	-1	-1	-1	
412	407	53981f93539c1a44	4			yes					-1	-1	-1	-1	
413	402	74d4399008005baa	5			yes					414	422	428	431	432	
414	413	3d5a65fd67479b65	4			yes					415	417	-1	419	
415	414	8e9a5e9167837c8e	5			yes					-1	-1	-1	-1	416	
416	415	f3c0615394a3de8e	4			yes					-1	-1	-1	-1	
417	414	defbc9bfe19aa164	4			yes					-1	-1	-1	418	
418	417	a3a1f67d12ba0364	3			yes					-1	-1	-1	
419	414	48d1471b9fef008d	3			yes					420	421	-1	
420	419	3f9d1e78d28b214a	5			yes					-1	-1	-1	-1	-1	
421	419	6ffc89565492fca0	4			yes					-1	-1	-1	-1	
422	413	847d95840f00cf14	4			yes					-1	423	-1	426	
423	422	87b917e11d4f6abb	5			yes					-1	-1	-1	-1	424	
424	423	fae32823ee6fc8bb	4			yes					-1	-1	-1	-1	
425	422	a503bea2504c21d5	4			no					-1	-1	-1	-2	
426	422	f1f6b762f7a854fc	3			yes					-1	427	-1	
427	426	36be5708a847377f	5			yes					-1	-1	-1	-1	-1	
428	413	6b160004fef81848	4			yes					-1	-1	429	430	
429	428	fdba8d0eafc23580	4			yes					-1	-1	-1	-1	
430	428	1e9d22e2065083a0	3			yes					-1	-1	-1	
431	413	70308c9252a4882c	5			yes					-1	-1	-1	-1	-1	
432	413	015f1b76f0a8c042	4			yes					-1	-1	-1	433	
433	432	42f7f368a3ddbc1e	5			yes					-1	-1	-1	-1	-1	
434	350	d61a2f42a4066996	4			yes					435	-1	-1	437	
435	434	58892a2d4aaceb30	4			yes					436	-1	-1	-1	
436	435	367ef9a9e9ea9ff5	3			yes					-1	-1	-1	
437	434	a49ab66f777434be	5			yes					-1	438	445	450	453	
438	437	54331a7b7074a000	4			yes					439	441	443	444	
439	438	bc29e395442f4247	5			yes					-1	-1	-1	-1	440	
440	439	c173dc57b70fe047	4			yes					-1	-1	-1	-1	
441	438	98378992df9e5477	5			yes					-1	-1	-1	-1	442	
442	441	e56db6502cbef677	4			yes					-1	-1	-1	-1	
443	438	e229b99972779f7c	4			yes					-1	-1	-1	-1	
444	438	7849f7ad09069476	4			yes					-1	-1	-1	-1	
445	437	bb588ffb818c775c	4			yes					446	-1	448	449	
446	445	3532905581d0627f	4			yes					-1	-1	-1	447	
447	446	4868af9772f0c07f	3			yes					-1	-1	-1	
448	445	872f8d1e6d756780	5			yes					-1	-1	-1	-1	-1	
449	445	d6a265ec82c815f6	4			yes					-1	-1	-1	-1	
450	437	b575d6c92df0a8f8	4			yes					451	-1	-1	452	
451	450	ccb1fe21aea1846d	4			yes					-1	-1	-1	-1	
452	450	1204b2f7ac790b6d	5			yes					-1	-1	-1	-1	-1	
453	437	b70aa94bc43b8bd5	4			yes					-1	-1	-1	-1	
454	350	e6e80df7d5d78404	4			yes					455	-1	-1	-1	
455	454	4c4b87dc0aa4e437	5			yes					456	457	459	461	-1	
456	455	22bc5458a9e290f2	4			yes					-1	-1	-1	-1	
457	455	8dd979da909f4915	5			yes					-1	-1	-1	-1	458	
458	457	f083461863bfeb15	4			yes					-1	-1	-1	-1	
459	455	6e67a09874eefb3d	5			yes					-1	460	-1	-1	-1	
460	459	ae89210b7237dbb0	4			yes					-1	-1	-1	-1	
461	455	3f35c981f525513b	5			yes					-1	462	-1	-1	-1	
462	461	ffdb4812f3fc71b6	4			yes					-1	-1	-1	-1	
463	349	4870ab03575d3600	5			yes					464	477	497	512	527	
464	463	0088a6feabc5e58a	5			yes					465	467	471	473	476	
465	464	e1ed9b2283e92075	4			yes					466	-1	-1	-1	
466	465	60ed3198f6b9da86	3			yes					-1	-1	-1	
467	464	81880c44de951f79	4			yes					-1	-1	468	470	
468	467	07c62d34231e72f4	3			yes					-1	-1	469	
469	468	ed38cd777a51630f	5			yes					-1	-1	-1	-1	-1	
470	467	f48d75197762a35e	3			yes					-1	-1	-1	
471	464	932ecf4b0900eea6	4			yes					-1	-1	-1	472	
472	471	89c87a2f7f8f683b	5			yes					-1	-1	-1	-1	-1	
473	464	86c6878e564e8807	4			yes					-1	-1	-1	474	
474	473	d7f5a813d3f3528c	6			yes					-1	-1	-1	475	-1	-1	
475	474	f8af4ffd86060f43	5			yes					-1	-1	-1	-1	-1	
476	464	758ddfa3023259ad	4			yes					-1	-1	-1	-1	
477	463	459ea01350ac7f24	4			yes					478	484	486	489	
478	477	9fd50d06d7e5cb4f	5			yes					479	480	481	482	483	
479	478	31b83814b48de202	4			yes					-1	-1	-1	-1	
480	478	4cc90d996d9064a1	4			yes					-1	-1	-1	-1	
481	478	8e3a6da08d615709	4			yes					-1	-1	-1	-1	
482	478	199b2c762a6ea6c2	4			yes					-1	-1	-1	-1	
483	478	ead0745b7e127768	4			yes					-1	-1	-1	-1	
484	477	6f4e66d652805a77	4			yes					-1	-1	-1	485	
485	484	1a4b1f8bfb77e650	3			yes					-1	-1	-1	
486	477	340ed566c4ac3db6	4			yes					487	-1	488	-1	
487	486	7930cd8b5d3c61ca	3			yes					-1	-1	-1	
488	486	25e1b5c09e28a1f0	3			yes					-1	-1	-1	
489	477	20cc789784a432b1	5			yes					490	491	492	494	496	
490	489	6df2607a1d346ecd	4			yes					-1	-1	-1	-1	
491	489	af147bddc637365f	4			yes					-1	-1	-1	-1	
492	489	31231831de20aef7	4			yes					-1	-1	-1	493	
493	492	44a83ad72688351f	3			yes					-1	-1	-1	
494	489	a68259e7792f5f3c	4			yes					-1	-1	-1	495	
495	494	d3097b018187c4d4	3			yes					-1	-1	-1	
496	489	55475a717c0ca959	4			yes					-1	-1	-1	-1	
497	463	fe766b07e592450b	4			yes					498	-1	500	503	
498	497	74ddb35e2c8b46dc	4			yes					-1	499	-1	-1	
499	498	f5dd19e459dbbc2f	3			yes					-1	-1	-1	
500	497	7527c1a2e2fcd272	5			yes					-1	501	502	-1	-1	
501	500	2e1feb10b7df08c0	4			yes					-1	-1	-1	-1	
502	500	f4276b1897ac2881	4			yes					-1	-1	-1	-1	
503	497	fce92f6668295225	5			yes					504	505	508	-1	509	
504	503	83e51bb3a4ccd658	5			yes					-1	-1	-1	-1	-1	
505	503	a7d105d43d0a8897	4			yes					-1	507	-1	-1	
506	505	88955392fba14401	5			no					-1	-2	-2	-2	-2	
507	505	26d1af6e485a7264	3			yes					-1	-1	-1	
508	503	7de985dc1d79a8d6	4			yes					-1	-1	-1	-1	
509	503	1a684fe1cf1d6613	4			yes					-1	510	511	-1	
510	509	415065539a3ebca1	3			yes					-1	-1	-1	
511	509	9b68e55bba4d9ce0	3			yes					-1	-1	-1	
512	463	61cb4cb56ddfdfcc	4			yes					513	-1	-1	516	
513	512	14c450b4ba92cd42	4			yes					514	515	-1	-1	
514	513	f5a16d6892be08bd	3			yes					-1	-1	-1	
515	513	95c4fa0ecfc237b1	3			yes					-1	-1	-1	
516	512	1730ee74a869c87a	5			yes					517	520	523	525	526	
517	516	5a0ef69931f99406	4			yes					518	519	-1	-1	
518	517	7353fca4dcf7f0e5	6			yes					-1	-1	-1	-1	-1	-1	
519	517	42eed1e12a38533f	5			yes					-1	-1	-1	-1	-1	
520	516	4c08c4c6fd4a12c8	4			yes					-1	521	-1	522	
521	520	cd086e7c881ae83b	3			yes					-1	-1	-1	
522	520	5f98dbe24e05ada3	3			yes					-1	-1	-1	
523	516	963044cedd393289	4			yes					-1	-1	-1	524	
524	523	85a05bea6e768de2	3			yes					-1	-1	-1	
525	516	849687c10aacc356	4			yes					-1	-1	-1	-1	
526	516	04a0f1501b267711	4			yes					-1	-1	-1	-1	
527	463	51396e001c0e325e	4			yes					528	-1	-1	-1	
528	527	0006fd45fa9ac245	5			yes					529	530	533	534	-1	
529	528	e163c099d2b607ba	4			yes					-1	-1	-1	-1	
530	528	810657ff8fca38b6	4			yes					-1	531	532	-1	
531	530	9019a36e27fbcbd8	5			yes					-1	-1	-1	-1	-1	
532	530	4abaa8a51cfc93b8	5			yes					-1	-1	-1	-1	-1	
533	528	adafc8dab7d0d071	5			yes					-1	-1	-1	-1	-1	
534	528	8648dc350711afc8	4			yes					-1	-1	535	536	
535	534	00ddd6e091b36554	5			yes					-1	-1	-1	-1	-1	
536	534	8b7230648097f672	7			yes					-1	-1	-1	-1	-1	-1	537	
537	536	938804532c12032c	6			yes					-1	-1	-1	-1	-1	-1	
538	349	40be4c8e5e0a4c75	5			yes					539	548	567	576	583	
539	538	1578c043dc497946	5			yes					540	541	544	546	547	
540	539	623bea4dd7baf3e5	4			yes					-1	-1	-1	-1	
541	539	0abaf9d72ab13aa4	4			yes					-1	542	543	-1	
542	541	973039d60d9444c8	3			yes					-1	-1	-1	
543	541	fca5ee35422840b8	3			yes					-1	-1	-1	
544	539	88f20042fb6c072a	4			yes					-1	-1	545	-1	
545	544	7eed17a093f57d36	3			yes					-1	-1	-1	
546	539	e367d7a1b4d0035a	4			yes					-1	-1	-1	-1	
547	539	0314c479b2b7cd31	4			yes					-1	-1	-1	-1	
548	538	293a9f0079663dc3	4			yes					549	554	560	563	
549	548	2472341b288a9bc3	5			yes					550	-1	551	552	-1	
550	549	8a1f01094be2b28e	4			yes					-1	-1	-1	-1	
551	549	b9f8f41a0fafe5af	4			yes					-1	-1	-1	-1	
552	549	d26d23f94013e1df	4			yes					-1	-1	-1	-1	
553	549	927b35b71d18cad2	6			no					-1	-2	-1	-2	-2	-1	
554	548	0e6b189c596f9fcd	5			yes					555	556	557	558	559	
555	554	43550071c0ffc3b1	4			yes					-1	-1	-1	-1	
556	554	2547932301e8ab99	4			yes					-1	-1	-1	-1	
557	554	8661808ac770a643	4			yes					-1	-1	-1	-1	
558	554	f8740f7e31f6e5d1	4			yes					-1	-1	-1	-1	
559	554	18071ca637912bba	4			yes					-1	-1	-1	-1	
560	548	70757cbb3211923c	4			yes					561	-1	-1	562	
561	560	3d4b6456ab81ce40	3			yes					-1	-1	-1	
562	560	057005e69be62e1b	3			yes					-1	-1	-1	
563	548	c70d64234e771e3b	5			yes					-1	-1	564	566	-1	
564	563	5a87a42269526057	4			yes					-1	-1	565	-1	
565	564	ac98b3c001cb1a4b	3			yes					-1	-1	-1	
566	563	311273c126ee6427	4			yes					-1	-1	-1	-1	
567	538	02d327b2f045ff2b	4			yes					568	-1	570	574	
568	567	307e846983498634	4			yes					-1	-1	569	-1	
569	568	c661938bebd0fc28	3			yes					-1	-1	-1	
570	567	29a7be47c0939aa7	5			yes					571	572	-1	-1	573	
571	570	6499a6aa5903c6db	4			yes					-1	-1	-1	-1	
572	570	d90e1253c7930e19	4			yes					-1	-1	-1	-1	
573	570	5ca2c71a69642680	4			yes					-1	-1	-1	-1	
574	567	674545719e53cac9	5			yes					-1	-1	-1	575	-1	
575	574	915a5293f6cab0d5	4			yes					-1	-1	-1	-1	
576	538	6ba6cef2af27a69a	4			yes					577	-1	-1	581	
577	576	3fef87342856fbdd	4			yes					-1	578	579	580	
578	577	202dbea0deaeb83f	3			yes					-1	-1	-1	
579	577	1d846ac754fc7566	3			yes					-1	-1	-1	
580	577	4aeafe6981a147fa	3			yes					-1	-1	-1	
581	576	5f362a0e46bbfcd0	5			yes					-1	-1	-1	-1	582	
582	581	66807f95cacfce6a	4			yes					-1	-1	-1	-1	
583	538	c39b786cebbcc9ba	4			yes					584	-1	-1	-1	
584	583	88979fac543077da	5			yes					-1	585	586	587	-1	
585	584	fb82fa984ac18f9f	5			yes					-1	-1	-1	-1	-1	
586	584	151d5fad731509b6	4			yes					-1	-1	-1	-1	
587	584	7e88884e3ca90dc6	4			yes					-1	-1	-1	-1	
588	349	021b42feeccbf6fe	6			yes					589	647	697	734	759	767	
589	588	c171005c7f791743	5			yes					590	611	620	629	634	
590	589	ade6e092beede57e	5			yes					591	593	596	603	609	
591	590	038bd580dd85cc33	4			yes					-1	-1	-1	592	
592	591	60479306cdaff342	3			yes					-1	-1	-1	
593	590	df59d65e84b18379	5			yes					-1	594	-1	-1	595	
594	593	c3271d6634f2d97a	4			yes					-1	-1	-1	-1	
595	593	a369d06a67f937b8	4			yes					-1	-1	-1	-1	
596	590	bc098034e4697938	4			yes					-1	598	599	601	
597	596	926e319a36514002	4			no					-1	-1	-1	-2	
598	596	6453f0b177eac022	5			yes					-1	-1	-1	-1	-1	
599	596	ab44959ca5ebebc3	5			yes					-1	600	-1	-1	-1	
600	599	b73a5ea415a8b1c0	4			yes					-1	-1	-1	-1	
601	596	36a9c1f99db9fd8b	5			yes					-1	602	-1	-1	-1	
602	601	2ad70ac12dfaa788	4			yes					-1	-1	-1	-1	
603	590	2ba8c1e2436688f3	4			yes					-1	604	-1	605	
604	603	205c31c57bcd2adb	4			yes					-1	-1	-1	-1	
605	603	b536e7d22581c5f5	6			yes					-1	606	-1	-1	-1	608	
606	605	a9482cea95c29ff6	5			yes					-1	-1	-1	-1	607	
607	606	b1b218dd39476aa8	4			yes					-1	-1	-1	-1	
608	605	adccd3e5890430ab	5			yes					-1	-1	-1	-1	-1	
609	590	ce2aa614aec7da0f	4			yes					-1	610	-1	-1	
610	609	6f34af4121d1c87c	5			yes					-1	-1	-1	-1	-1	
611	589	16f8b6815caa100c	4			yes					612	613	614	617	
612	611	f94fa98b8dcc44fa	5			yes					-1	-1	-1	-1	-1	
613	611	aeaa26af1e7b5cd2	5			yes					-1	-1	-1	-1	-1	
614	611	90b697f1a1217d81	3			yes					-1	-1	615	
615	614	59158bf5a6c6724c	6			yes					-1	-1	-1	-1	-1	616	
616	615	41efbfc20a438712	5			yes					-1	-1	-1	-1	-1	
617	611	7534f0074c802f7d	3			yes					618	619	-1	
618	617	4922d09428ac0fff	5			yes					-1	-1	-1	-1	-1	
619	617	1ec75fb0bb1b17d7	5			yes					-1	-1	-1	-1	-1	
620	589	acf78787833621e1	4			yes					621	622	625	626	
621	620	085bf77d9bce6a49	5			yes					-1	-1	-1	-1	-1	
622	620	b335be1375ce6203	3			yes					-1	-1	623	
623	622	cef36d2ac4abc356	5			yes					-1	-1	-1	-1	624	
624	623	02ae120182833c92	4			yes					-1	-1	-1	-1	
625	620	daff76d0d49a0fae	5			yes					-1	-1	-1	-1	-1	
626	620	cf3bc101931c1e90	3			yes					627	-1	628	
627	626	b8368e623eae214c	5			yes					-1	-1	-1	-1	-1	
628	626	d4de9f89b90fef40	5			yes					-1	-1	-1	-1	-1	
629	589	6b2566ded945118f	4			yes					630	631	633	-1	
630	629	3ae84a79b8625480	5			yes					-1	-1	-1	-1	-1	
631	629	74e75f4a2fbd526d	3			yes					-1	632	-1	
632	631	6892f1434b3a27d6	5			yes					-1	-1	-1	-1	-1	
633	629	7aca067883c18dc9	3			yes					-1	-1	-1	
634	589	8aab70aaa2aca362	5			yes					635	636	642	645	646	
635	634	fde85aa4a95f29c1	4			yes					-1	-1	-1	-1	
636	634	9569493e5454e080	4			yes					-1	637	639	640	
637	636	24afc4fe03c73cd7	5			yes					-1	-1	-1	-1	638	
638	637	59f5fb3cf0e79ed7	4			yes					-1	-1	-1	-1	
639	636	4b02800f838173ac	4			yes					-1	-1	-1	-1	
640	636	e0e26bd8acfc7b68	3			yes					-1	641	-1	
641	640	95a88417b6cf6113	5			yes					-1	-1	-1	-1	-1	
642	634	9b44100cf8283f24	4			yes					-1	-1	643	644	
643	642	e29c43b1e5994657	5			yes					-1	-1	-1	-1	-1	
644	642	eecf32ea0080a4cc	3			yes					-1	-1	-1	
645	634	0ce551da5f27ceef	4			yes					-1	-1	-1	-1	
646	634	ff20524c5a04388a	4			yes					-1	-1	-1	-1	
647	588	6b9f9170cba78748	5			yes					-1	648	662	669	675	
648	647	b391fdae671f8ffb	5			yes					649	654	656	657	661	
649	648	feafe543fe8fd387	4			yes					-1	650	651	652	
650	649	a5ecc1d55c56834a	4			yes					-1	-1	-1	-1	
651	649	a263e029fc3815fc	4			yes					-1	-1	-1	-1	
652	649	0e2db2f1d09d140e	5			yes					-1	-1	-1	-1	653	
653	652	c270cdda96b5ebca	4			yes					-1	-1	-1	-1	
654	648	98bd76113f98bbaf	4			yes					-1	-1	-1	655	
655	654	fb7130972fb284de	3			yes					-1	-1	-1	
656	648	8390f4a42cb63ad4	4			yes					-1	-1	-1	-1	
657	648	35dfdcde9a94e276	4			yes					-1	-1	-1	658	
658	657	56139a588abedd07	3			yes					659	-1	-1	
659	658	8b5ae1da13bebe16	5			yes					-1	-1	-1	-1	660	
660	659	93a0d5edbf3b4b48	4			yes					-1	-1	-1	-1	
661	648	d05dbb287735b08a	4			yes					-1	-1	-1	-1	
662	647	e36d7c0899714800	4			yes					663	666	667	668	
663	662	ae5364e500e1147c	3			yes					-1	-1	664	
664	663	d247ceec4cf74e03	5			yes					-1	-1	-1	-1	665	
665	664	1e1ab1c70adfb1c7	4			yes					-1	-1	-1	-1	
666	662	89488cf0e7adb4dc	3			yes					-1	-1	-1	
667	662	44d7ae93f7669fd1	3			yes					-1	-1	-1	
668	662	80a13a8e895b7771	3			yes					-1	-1	-1	
669	647	24bf9d51c302786e	4			yes					670	672	673	674	
670	669	698185bc5a922412	3			yes					-1	671	-1	
671	670	e81c8e191f49ac8d	4			yes					-1	-1	-1	-1	
672	669	4e9a6da9bdde84b2	3			yes					-1	-1	-1	
673	669	3550fdf79986e428	3			yes					-1	-1	-1	
674	669	36f488b3bdc83ce6	3			yes					-1	-1	-1	
675	647	0a97c8672d2ff395	4			yes					676	684	690	692	
676	675	bba184f2566f41e7	5			yes					677	678	680	682	-1	
677	676	15ccb1e0350768aa	4			yes					-1	-1	-1	-1	
678	676	de33efa894d995b8	5			yes					-1	679	-1	-1	-1	
679	678	c24d2490249acfbb	4			yes					-1	-1	-1	-1	
680	676	1f61736e91833bba	5			yes					-1	681	-1	-1	-1	
681	680	031fb85621c061b9	4			yes					-1	-1	-1	-1	
682	676	4e331a77104891bc	5			yes					-1	683	-1	-1	-1	
683	682	524dd14fa00bcbbf	4			yes					-1	-1	-1	-1	
684	675	a5d699ce8f9d2b62	5			yes					685	686	687	688	-1	
685	684	bf2af218659549ca	5			yes					-1	-1	-1	-1	-1	
686	684	8efa1271d71a1f36	4			yes					-1	-1	-1	-1	
687	684	95d790c4c4349e4d	4			yes					-1	-1	-1	-1	
688	684	2398b8be721646ef	4			yes					689	-1	-1	-1	
689	688	705f1c7f2677ea5f	4			yes					-1	-1	-1	-1	
690	675	f52a186871f3ec99	4			yes					691	-1	-1	-1	
691	690	63408e05f9ff13c7	5			yes					-1	-1	-1	-1	-1	
692	675	256497970e87838d	4			yes					693	-1	695	-1	
693	692	51f33301da532d0e	5			yes					-1	-1	-1	-1	694	
694	693	2ca90cc329738f0e	4			yes					-1	-1	-1	-1	
695	692	348bf73154031fcb	3			yes					696	-1	-1	
696	695	91889ea523d4bf85	4			yes					-1	-1	-1	-1	
697	588	407629c2428445a0	5			yes					-1	-1	698	710	716	
698	697	93e7d5cf81e65521	5			yes					699	703	706	708	709	
699	698	ded9cd221876095d	4			yes					700	-1	702	-1	
700	699	7225118e6e586f43	5			yes					-1	-1	-1	-1	701	
701	700	0e1517ba8d10db82	4			yes					-1	-1	-1	-1	
702	699	a6730dc0a29dda09	4			yes					-1	-1	-1	-1	
703	698	634e79db86e6c19f	4			yes					-1	-1	-1	704	
704	703	00823f5d96ccfeee	3			yes					705	-1	-1	
705	704	c2486891cb382446	5			yes					-1	-1	-1	-1	-1	
706	698	7e81c308a30f17f2	4			yes					-1	-1	-1	707	
707	706	1d4d858eb3252883	3			yes					-1	-1	-1	
708	698	333de4b8ac53b560	4			yes					-1	-1	-1	-1	
709	698	f02b934991cc6a50	4			yes					-1	-1	-1	-1	
710	697	2be55a625aa24419	4			yes					711	713	714	715	
711	710	66db428fc3321865	3			yes					712	-1	-1	
712	711	d665207ba89670aa	5			yes					-1	-1	-1	-1	-1	
713	710	db4cf6765da2d0a7	3			yes					-1	-1	-1	
714	710	afdca11be05a8c4a	3			yes					-1	-1	-1	
715	710	39ae4f8024680091	3			yes					-1	-1	-1	
716	697	217e70d5a40c317d	4			yes					717	-1	723	729	
717	716	00bfd2e1b428b495	4			yes					718	719	720	-1	
718	717	f825907d9da4523b	5			yes					-1	-1	-1	-1	-1	
719	717	afc01f590e134a13	5			yes					-1	-1	-1	-1	-1	
720	717	a2107650930f2605	5			yes					721	-1	-1	-1	-1	
721	720	d2432cfe0a85d623	4			yes					-1	-1	-1	-1	
722	720	95441d0409ae1209	4			no					-1	-2	-2	-1	
723	716	85a0b1af6964f1b8	5			yes					724	725	727	728	-1	
724	723	66a364acff9e725d	5			yes					-1	-1	-1	-1	-1	
725	723	75091dbb6e646506	4			yes					726	-1	-1	-1	
726	725	734f28787e307982	5			yes					-1	-1	-1	-1	-1	
727	723	68c6a7684b8db36b	4			yes					-1	-1	-1	-1	
728	723	257a80d844d111f9	4			yes					-1	-1	-1	-1	
729	716	2a3e50a49727bffa	4			yes					730	732	-1	-1	
730	729	5410d9a8dc324c94	5			yes					-1	-1	-1	-1	731	
731	730	294ae66a2f12ee94	4			yes					-1	-1	-1	-1	
732	729	da97fcb090272b44	3			yes					733	-1	-1	
733	732	d70f198db8fe666b	5			yes					-1	-1	-1	-1	-1	
734	588	a03044b1c69bbe44	5			yes					-1	-1	-1	735	745	
735	734	4476610c7df7eace	5			yes					736	741	742	743	744	
736	735	094879e1e467b6b2	4			yes					737	738	-1	739	
737	736	a0d1faf8f683890e	5			yes					-1	-1	-1	-1	-1	
738	736	e4e44b8ddfd1ea28	4			yes					-1	-1	-1	-1	
739	736	37d4aa1e2336a252	5			yes					-1	-1	-1	-1	740	
740	739	4a62597593999a57	4			yes					-1	-1	-1	-1	
741	735	b4dfcd187af77e70	4			yes					-1	-1	-1	-1	
742	735	5bb458988b0fa92c	4			yes					-1	-1	-1	-1	
743	735	b10bb772b0d4e719	4			yes					-1	-1	-1	-1	
744	735	57285b13a54b86f7	4			yes					-1	-1	-1	-1	
745	734	c1381da62013ca99	4			yes					746	-1	-1	751	
746	745	bab0e3e76bb48578	4			yes					747	748	750	-1	
747	746	0931ce8b8ba67c88	5			yes					-1	-1	-1	-1	-1	
748	746	7ff42dc371a39e92	5			yes					-1	749	-1	-1	-1	
749	748	48a04697eb02aa9e	4			yes					-1	-1	-1	-1	
750	746	e619e0734876db72	5			yes					-1	-1	-1	-1	-1	
751	745	e002e396c4516bdc	5			yes					752	754	756	758	-1	
752	751	1158731ef5e2cb6e	5			yes					-1	-1	-1	-1	753	
753	752	6c024cdc06c2696e	4			yes					-1	-1	-1	-1	
754	751	10ab4f82c351ff62	4			yes					755	-1	-1	-1	
755	754	a1bbc30ee6eb9fcf	5			yes					-1	-1	-1	-1	-1	
756	751	ffc0da0232a9283e	4			yes					757	-1	-1	-1	
757	756	9d705b31e34cf920	4			yes					-1	-1	-1	-1	
758	751	157f35e80972660b	4			yes					-1	-1	-1	-1	
759	588	2ba0a548d6491f32	5			yes					-1	-1	-1	-1	760	
760	759	4aa8fc5f30c16bef	4			yes					761	-1	-1	-1	
761	760	6afe6c1814c0ea6c	4			yes					762	763	765	-1	
762	761	3b82738fa80a4241	5			yes					-1	-1	-1	-1	-1	
763	761	835c781919083fa9	5			yes					-1	-1	-1	-1	764	
764	763	fe0647dbea289da9	4			yes					-1	-1	-1	-1	
765	761	287d433ae26b6ec5	5			yes					-1	-1	-1	-1	766	
766	765	78e8ffe9f6448f2d	4			yes					-1	-1	-1	-1	
767	588	63131be90a438223	5			yes					-1	-1	-1	-1	-1	
768	0	2773d93ac8458916	5			yes					769	-1	904	957	1096	
769	768	1e1524aad449e574	5			yes					770	798	830	858	882	
770	769	be8e68c6ee5fc9d9	6			yes					771	773	783	789	795	797	
771	770	2eba6a158915c999	5			yes					-1	-1	-1	-1	772	
772	771	68377d30ebc8fd0e	4			yes					-1	-1	-1	-1	
773	770	a14c515218a78a3b	5			yes					-1	774	776	778	782	
774	773	46dc58e286f32600	6			yes					-1	-1	-1	-1	-1	775	
775	774	00514fc7e42e1297	5			yes					-1	-1	-1	-1	-1	
776	773	ed2011582a0886ce	5			yes					-1	-1	-1	-1	777	
777	776	abad067d48d5b259	4			yes					-1	-1	-1	-1	
778	773	f52158f0e61a04b0	6			yes					-1	-1	-1	-1	779	781	
779	778	397c27dba032fb74	5			yes					-1	-1	-1	-1	780	
780	779	7ff130fec2efcfe3	4			yes					-1	-1	-1	-1	
781	778	b3ac4fd584c73027	5			yes					-1	-1	-1	-1	-1	
782	773	e7c146777a7abeac	4			yes					-1	-1	-1	-1	
783	770	af610860b4db559f	5			yes					-1	-1	784	786	788	
784	783	561169fc11837f9f	6			yes					-1	-1	-1	-1	-1	785	
785	784	109c7ed9735e4b08	5			yes					-1	-1	-1	-1	-1	
786	783	5a57e577eebe1aa5	6			yes					-1	-1	-1	-1	-1	787	
787	786	1cdaf2528c632e32	5			yes					-1	-1	-1	-1	-1	
788	783	e9ec1f45d6066108	4			yes					-1	-1	-1	-1	
789	770	38c049b613d4a454	5			yes					-1	-1	-1	790	794	
790	789	d9c8c35c568622db	7			yes					-1	-1	-1	-1	-1	791	793	
791	790	c132f76bfa03d785	6			yes					-1	-1	-1	-1	-1	792	
792	791	87bfe04e98dee312	5			yes					-1	-1	-1	-1	-1	
793	790	9f45d479345b164c	6			yes					-1	-1	-1	-1	-1	-1	
794	789	7e4d5e93710990c3	4			yes					-1	-1	-1	-1	
795	770	5eda6db4546086fe	5			yes					-1	-1	-1	-1	796	
796	795	18577a9136bdb269	4			yes					-1	-1	-1	-1	
797	770	f8037fe38c82fd4e	5			yes					-1	-1	-1	-1	-1	
798	769	0315c0e6c65ae78f	6			yes					799	807	813	819	827	829	
799	798	3992950eb379481a	5			yes					-1	800	802	804	806	
800	799	719abfa14881a721	5			yes					-1	-1	-1	-1	801	
801	800	3717a8842a5c93b6	4			yes					-1	-1	-1	-1	
802	799	51d5e2fbfd914c42	5			yes					-1	-1	-1	-1	803	
803	802	1758f5de9f4c78d5	4			yes					-1	-1	-1	-1	
804	799	d466b7804838f82c	6			yes					-1	-1	-1	-1	-1	805	
805	804	92eba0a52ae5ccbb	5			yes					-1	-1	-1	-1	-1	
806	799	7f1f822bd1a47c8d	4			yes					-1	-1	-1	-1	
807	798	0bff06690ace25ee	5			yes					-1	808	-1	810	812	
808	807	f23cfc6575258e18	5			yes					-1	-1	-1	-1	809	
809	808	b4b1eb4017f8ba8f	4			yes					-1	-1	-1	-1	
810	807	3193ee7bb81a460b	6			yes					-1	-1	-1	-1	-1	811	
811	810	771ef95edac7729c	5			yes					-1	-1	-1	-1	-1	
812	807	4d72114c68131179	4			yes					-1	-1	-1	-1	
813	798	12faa0409cde7bc9	5			yes					-1	-1	814	816	818	
814	813	174c06440de0de0a	5			yes					-1	-1	-1	-1	815	
815	814	51c111616f3dea9d	4			yes					-1	-1	-1	-1	
816	813	69985454a7bc7678	5			yes					-1	-1	-1	-1	817	
817	816	2f154371c56142ef	4			yes					-1	-1	-1	-1	
818	813	5477b765fe034f5e	4			yes					-1	-1	-1	-1	
819	798	855be1963bd18a02	5			yes					-1	820	-1	822	826	
820	819	b420bb000db3f265	5			yes					-1	-1	-1	-1	821	
821	820	f2adac256f6ec6f2	4			yes					-1	-1	-1	-1	
822	819	90874802e12cdcb9	6			yes					-1	-1	-1	-1	823	825	
823	822	887d7c354da929e7	5			yes					-1	-1	-1	-1	824	
824	823	cef06b102f741d70	4			yes					-1	-1	-1	-1	
825	822	d60a5f2783f1e82e	5			yes					-1	-1	-1	-1	-1	
826	819	c3d6f6b3590cbe95	4			yes					-1	-1	-1	-1	
827	798	e341c5947c65a8a8	5			yes					-1	-1	-1	-1	828	
828	827	a5ccd2b11eb89c3f	4			yes					-1	-1	-1	-1	
829	798	4598d7c3a487d318	5			yes					-1	-1	-1	-1	-1	
830	769	6e37c8f4956127f0	5			yes					831	839	847	851	857	
831	830	54b09d1ce0428865	4			yes					832	-1	834	838	
832	831	ee32c7cc53a8229f	5			yes					-1	-1	-1	-1	833	
833	832	a8bfd0e931751608	4			yes					-1	-1	-1	-1	
834	831	d4461098de6b50ea	6			yes					-1	-1	-1	-1	835	837	
835	834	181b6fb39843af2e	5			yes					-1	-1	-1	-1	836	
836	835	5e967896fa9e9bb9	4			yes					-1	-1	-1	-1	
837	834	92cb07bdbcb6647d	5			yes					-1	-1	-1	-1	-1	
838	831	123d8a39829fbcf2	3			yes					-1	-1	-1	
839	830	d5eab18a90cb1698	6			yes					-1	-1	840	842	844	846	
840	839	64cbb7552d0baf44	5			yes					-1	-1	-1	-1	841	
841	840	2246a0704fd69bd3	4			yes					-1	-1	-1	-1	
842	839	34ee57fd206102cc	5			yes					-1	-1	-1	-1	843	
843	842	726340d842bc365b	4			yes					-1	-1	-1	-1	
844	839	e05cb1cb5cf66447	5			yes					-1	-1	-1	-1	845	
845	844	a6d1a6ee3e2b50d0	4			yes					-1	-1	-1	-1	
846	839	9367a6aff216220f	5			yes					-1	-1	-1	-1	-1	
847	830	7e4cdbcf1dfc9e92	6			yes					-1	848	-1	-1	-1	850	
848	847	dc6c0d28c4448364	5			yes					-1	-1	-1	-1	849	
849	848	9ae11a0da699b7f3	4			yes					-1	-1	-1	-1	
850	847	38c1ccea7f21aa05	5			yes					-1	-1	-1	-1	-1	
851	830	8e63cd862f5e68d7	4			yes					-1	852	854	856	
852	851	2c01cee01ade9b83	6			yes					-1	-1	-1	-1	-1	853	
853	852	6a8cd9c57803af14	5			yes					-1	-1	-1	-1	-1	
854	851	405ab68b13a28b2c	6			yes					-1	-1	-1	-1	-1	855	
855	854	06d7a1ae717fbfbb	5			yes					-1	-1	-1	-1	-1	
856	851	c8eedaa34d835c40	3			yes					-1	-1	-1	
857	830	28badfd1f7bc1367	4			yes					-1	-1	-1	-1	
858	769	87f0621a70b09ddf	5			yes					859	865	873	879	881	
859	858	bd7737f20593324a	4			yes					860	862	-1	864	
860	859	b8c7c42b42cea65f	5			yes					-1	-1	-1	-1	861	
861	860	fe4ad30e201392c8	4			yes					-1	-1	-1	-1	
862	859	7af9b023fd56c2be	5			yes					-1	-1	-1	-1	863	
863	862	3c74a7069f8bf629	4			yes					-1	-1	-1	-1	
864	859	fbfa20d7674e06dd	3			yes					-1	-1	-1	
865	858	e7590c8eb3672851	6			yes					-1	-1	866	868	870	872	
866	865	4bea2acaac634c05	5			yes					-1	-1	-1	-1	867	
867	866	0d673defcebe7892	4			yes					-1	-1	-1	-1	
868	865	297c776682a5df44	5			yes					-1	-1	-1	-1	869	
869	868	6ff16043e078ebd3	4			yes					-1	-1	-1	-1	
870	865	d2ef0ccf7f5a5a8e	5			yes					-1	-1	-1	-1	871	
871	870	94621bea1d876e19	4			yes					-1	-1	-1	-1	
872	865	a1d41babd1ba1cc6	5			yes					-1	-1	-1	-1	-1	
873	858	961f02bc2a340199	4			yes					-1	874	876	878	
874	873	620916157246351c	5			yes					-1	-1	-1	-1	875	
875	874	24840130109b018b	4			yes					-1	-1	-1	-1	
876	873	10a9f7141c063c5f	6			yes					-1	-1	-1	-1	-1	877	
877	876	5624e0317edb08c8	5			yes					-1	-1	-1	-1	-1	
878	873	d092159948e9350e	3			yes					-1	-1	-1	
879	858	38367fbb1bcd2340	4			yes					-1	-1	-1	880	
880	879	7ebb689e791017d7	3			yes					-1	-1	-1	
881	858	c17d753f126da948	4			yes					-1	-1	-1	-1	
882	769	8d7e6b087c33e1b2	5			yes					883	891	895	902	903	
883	882	b7f93ee009104e27	4			yes					884	885	886	887	
884	883	9ad466f30b4196f1	4			yes					-1	-1	-1	-1	
885	883	a079e0b16953eda2	4			yes					-1	-1	-1	-1	
886	883	f12b89a8e89847a4	4			yes					-1	-1	-1	-1	
887	883	c2721c06f1b8d5cf	3			yes					-1	888	889	
888	887	89b1522665692b93	4			yes					-1	-1	-1	-1	
889	887	0a2e740ddd5113ed	5			yes					-1	-1	-1	-1	890	
890	889	12d4403a71d4e6b3	4			yes					-1	-1	-1	-1	
891	882	d8ad36d82a84c5b6	4			yes					-1	892	894	-1	
892	891	fc5dd4c328e56a50	4			yes					-1	-1	-1	893	
893	892	8107eb01dbc5c850	3			yes					-1	-1	-1	
894	891	096c57d02c2d8ccd	4			yes					-1	-1	-1	-1	
895	882	9c910bae26b77df4	4			yes					-1	-1	896	900	
896	895	30957d962de916ac	5			yes					-1	897	898	-1	899	
897	896	92b5ab71f4510b5a	4			yes					-1	-1	-1	-1	
898	896	8058c09ce8c81f89	4			yes					-1	-1	-1	-1	
899	896	d4cd7c2d04769277	4			yes					-1	-1	-1	-1	
900	895	e91a2948de1fe61c	3			yes					-1	901	-1	
901	900	4d5a942a9ded3794	4			yes					-1	-1	-1	-1	
902	882	0b304a7881b88c3f	4			yes					-1	-1	-1	-1	
903	882	f8f549ee849b7a5a	4			yes					-1	-1	-1	-1	
904	768	35112ace390e7313	5			yes					905	-1	925	936	949	
905	904	8cf0a0955dc26973	6			yes					906	910	912	918	920	924	
906	905	843bb49fb0f8c5cd	5			yes					-1	-1	-1	907	909	
907	906	412dae113cc5a518	7			yes					-1	-1	-1	-1	-1	-1	908	
908	907	07a0b9345e18918f	6			yes					-1	-1	-1	-1	-1	-1	
909	906	c2b6a3bad225f15a	4			yes					-1	-1	-1	-1	
910	905	a740e60d36fc1e10	6			yes					-1	-1	-1	-1	-1	911	
911	910	e1cdf12854212a87	5			yes					-1	-1	-1	-1	-1	
912	905	b308081ef4c54ad3	5			yes					-1	-1	-1	913	917	
913	912	e60c0a75573e677c	7			yes					-1	-1	-1	-1	-1	914	916	
914	913	2a51755e111698b8	6			yes					-1	-1	-1	-1	-1	915	
915	914	6cdc627b73cbac2f	5			yes					-1	-1	-1	-1	-1	
916	913	a0811d5035e353eb	6			yes					-1	-1	-1	-1	-1	-1	
917	912	f5851f3b96187e44	4			yes					-1	-1	-1	-1	
918	905	946663e759e5ab56	7			yes					-1	-1	-1	-1	-1	-1	919	
919	918	d2eb74c23b389fc1	6			yes					-1	-1	-1	-1	-1	-1	
920	905	6ca4a5e7e7fd2654	5			yes					-1	-1	-1	-1	922	
921	920	5eab9967bce9930b	6			no					-1	-1	-2	-2	-2	-2	
922	920	2a29b2c2852012c3	4			yes					-1	-1	-1	-1	
923	922	18268e42de34a79c	5			no					-1	-1	-2	-2	-2	
924	905	ca7db7b03f1f5de4	5			yes					-1	-1	-1	-1	-1	
925	904	ce98abce47e1472c	4			yes					926	-1	932	934	
926	925	5db65eaa0307db28	6			yes					-1	-1	-1	927	929	931	
927	926	8e3acc92ef19b109	6			yes					-1	-1	-1	-1	-1	928	
928	927	c8b7dbb78dc4859e	5			yes					-1	-1	-1	-1	-1	
929	926	0b8999e95ab00567	7			yes					-1	-1	-1	-1	-1	-1	930	
930	929	4d048ecc386d31f0	6			yes					-1	-1	-1	-1	-1	-1	
931	926	1b3b498f61daefbf	5			yes					-1	-1	-1	-1	-1	
932	925	dae7df337b568a22	5			yes					-1	-1	-1	-1	933	
933	932	9c6ac816198bbeb5	4			yes					-1	-1	-1	-1	
934	925	5d97ca56c7423a00	3			yes					935	-1	-1	
935	934	fc03ce258d656c34	6			yes					-1	-1	-1	-1	-1	-1	
936	904	926a30b577b19c29	4			yes					937	-1	-1	943	
937	936	c0ac245ab7b2904a	6			yes					-1	-1	938	-1	940	942	
938	937	cd56558935fcaa2f	7			yes					-1	-1	-1	-1	-1	-1	939	
939	938	8bdb42ac57219eb8	6			yes					-1	-1	-1	-1	-1	-1	
940	937	66a8ff341a90aa90	7			yes					-1	-1	-1	-1	-1	-1	941	
941	940	2025e811784d9e07	6			yes					-1	-1	-1	-1	-1	-1	
942	937	8621337fd56fa4dd	5			yes					-1	-1	-1	-1	-1	
943	936	0165512df712e105	3			yes					944	-1	-1	
944	943	2808054c0fb98e3c	6			yes					-1	945	946	947	-1	948	
945	944	3d6519b249d7515a	5			yes					-1	-1	-1	-1	-1	
946	944	1c765179faa6e495	5			yes					-1	-1	-1	-1	-1	
947	944	3a0aacd9f3b51436	5			yes					-1	-1	-1	-1	-1	
948	944	31420ca606e77cd4	5			yes					-1	-1	-1	-1	-1	
949	904	a61e4b56b9ad0e3f	4			yes					950	-1	-1	-1	
950	949	5fa290247d88892b	5			yes					951	952	953	956	-1	
951	950	b6a7f9ddeb10cc4b	6			yes					-1	-1	-1	-1	-1	-1	
952	950	a921ceab6b3cfa58	5			yes					-1	-1	-1	-1	-1	
953	950	11865db980eb0e2f	6			yes					-1	954	955	-1	-1	-1	
954	953	04eb4147c685d149	5			yes					-1	-1	-1	-1	-1	
955	953	25f8098c75f46486	5			yes					-1	-1	-1	-1	-1	
956	950	a29aef45c2cf2241	5			yes					-1	-1	-1	-1	-1	
957	768	a7cb4eaab886b6f2	6			yes					958	-1	987	1047	1074	1084	
958	957	ad28cc85a45792da	6			yes					959	961	963	970	978	982	
959	958	a5e3d88f496d3e64	5			yes					-1	-1	-1	-1	960	
960	959	df99116b695158b2	4			yes					-1	-1	-1	-1	
961	958	a5ef40b0a3b86cc8	6			yes					-1	-1	-1	-1	-1	962	
962	961	7966b854fa790743	5			yes					-1	-1	-1	-1	-1	
963	958	daeb9a71a8f92972	6			yes					-1	964	-1	-1	967	969	
964	963	cf86868fee97f614	5			yes					-1	-1	-1	-1	965	
965	964	130f7e6bb7569d9f	4			yes					-1	-1	-1	-1	
966	963	6a26277b6dd82057	5			no					-1	-2	-1	-2	-2	
967	963	8f277a00c510a4d1	5			yes					-1	-1	-1	-1	968	
968	967	53ae82e49cd1cf5a	4			yes					-1	-1	-1	-1	
969	963	06626295f13842f9	5			yes					-1	-1	-1	-1	-1	
970	958	fad01d5fe446549b	5			yes					-1	-1	971	973	975	
971	970	f3e1c6b0b1299ec5	6			yes					-1	-1	-1	-1	-1	972	
972	971	2f683e54e8e8f54e	5			yes					-1	-1	-1	-1	-1	
973	970	0da188c70687eb83	6			yes					-1	-1	-1	-1	-1	974	
974	973	4b2c9fe2645adf14	5			yes					-1	-1	-1	-1	-1	
975	970	80aad4bbc47a324d	4			yes					-1	-1	976	977	
976	975	2e66e83ffd8969fa	6			yes					-1	-1	-1	-1	-1	-1	
977	975	aa484270041b6d75	5			yes					-1	-1	-1	-1	-1	
978	958	fe072eb18ca1b89c	5			yes					-1	-1	979	-1	980	
979	978	478133c9b002b9d3	5			yes					-1	-1	-1	-1	-1	
980	978	847de755ac9dde4a	4			yes					-1	-1	981	-1	
981	980	7fde2983bb54f0a8	5			yes					-1	-1	-1	-1	-1	
982	958	d7520561846bf40c	5			yes					-1	983	984	-1	-1	
983	982	78686e3fef189bf7	6			yes					-1	-1	-1	-1	-1	-1	
984	982	076cb4fee459de4d	6			yes					-1	985	-1	-1	986	-1	
985	984	1201a800a237012b	5			yes					-1	-1	-1	-1	-1	
986	984	52a0548f89b053ee	5			yes					-1	-1	-1	-1	-1	
987	957	e5a6259616c905ac	5			yes					988	-1	1009	1031	1038	
988	987	c76b5edc5bdf7548	6			yes					989	991	993	995	999	1002	
989	988	1dd5b80d3aa686f0	6			yes					-1	-1	-1	-1	-1	990	
990	989	c15c40e96367ed7b	5			yes					-1	-1	-1	-1	-1	
991	988	ae03b7fe5eb68066	6			yes					-1	-1	-1	-1	-1	992	
992	991	728a4f1a0777ebed	5			yes					-1	-1	-1	-1	-1	
993	988	ac2ee2267f7a1bb8	6			yes					-1	-1	-1	-1	-1	994	
994	993	70a71ac226bb7033	5			yes					-1	-1	-1	-1	-1	
995	988	8e83a8855a9c1529	6			yes					-1	996	-1	-1	-1	998	
996	995	9beeb47b1cf2ca4f	5			yes					-1	-1	-1	-1	-1	
997	996	47674c9f4533a1c4	4			no					-1	-2	-2	-1	
998	995	520a5061035d7ea2	5			yes					-1	-1	-1	-1	-1	
999	988	e0688bda72461d99	6			yes					-1	1000	-1	-1	1001	-1	
1000	999	f50597243428c2ff	5			yes					-1	-1	-1	-1	-1	
1001	999	e08c4a6b04646415	5			yes					-1	-1	-1	-1	-1	
1002	988	bd1197387be3139e	5			yes					1003	1004	1005	1006	1008	
1003	1002	c0529682760671cf	6			yes					-1	-1	-1	-1	-1	-1	
1004	1002	7384997112167759	6			yes					-1	-1	-1	-1	-1	-1	
1005	1002	71a9cca933daec87	6			yes					-1	-1	-1	-1	-1	-1	
1006	1002	5304860a163ce216	6			yes					-1	-1	-1	-1	-1	-1	
1007	1006	46699af450523d70	5			no					-1	-1	-2	-1	-2	
1008	1002	d8379190791054e2	6			yes					-1	-1	-1	-1	-1	-1	
1009	987	478d23d93c994d16	4			yes					1010	-1	1022	1023	
1010	1009	609002f9c87950b0	7			yes					-1	1011	1013	1015	1017	1019	1021	
1011	1010	75fd1e078e178fd6	6			yes					-1	-1	-1	-1	-1	1012	
1012	1011	a974e6e3d7d6e45d	5			yes					-1	-1	-1	-1	-1	
1013	1010	7a1f54c54731c30a	6			yes					-1	-1	-1	-1	-1	1014	
1014	1013	a696ac211ef0a881	5			yes					-1	-1	-1	-1	-1	
1015	1010	d1b1042675b9e96c	6			yes					-1	-1	-1	-1	-1	1016	
1016	1015	0d38fcc22c7882e7	5			yes					-1	-1	-1	-1	-1	
1017	1010	6074c348be5b293c	6			yes					-1	-1	-1	-1	-1	1018	
1018	1017	bcfd3bace79a42b7	5			yes					-1	-1	-1	-1	-1	
1019	1010	355ce288a590dd13	6			yes					-1	-1	-1	-1	-1	1020	
1020	1019	e9d51a6cfc51b698	5			yes					-1	-1	-1	-1	-1	
1021	1010	bc19fa1d91b83b3b	6			yes					-1	-1	-1	-1	-1	-1	
1022	1009	10c9edf32a020dd3	5			yes					-1	-1	-1	-1	-1	
1023	1009	833dd2d6535bec3a	3			yes					1024	-1	1030	
1024	1023	d4e308518dfad984	7			yes					-1	1025	1026	1027	1028	1029	-1	
1025	1024	c18e14afcb9406e2	6			yes					-1	-1	-1	-1	-1	-1	
1026	1024	ce6c5e6d02b24a3e	6			yes					-1	-1	-1	-1	-1	-1	
1027	1024	65c20e8e303a6058	6			yes					-1	-1	-1	-1	-1	-1	
1028	1024	d407c9e0fbd8a008	6			yes					-1	-1	-1	-1	-1	-1	
1029	1024	812fe820e0135427	6			yes					-1	-1	-1	-1	-1	-1	
1030	1023	8dee55c27ed13e92	5			yes					-1	-1	-1	-1	-1	
1031	987	9c77276dcc6f3cac	4			yes					1032	-1	-1	1036	
1032	1031	a4b467dab6616c18	7			yes					-1	-1	-1	-1	-1	1033	1035	
1033	1032	a2896f3ae5f6258d	6			yes					-1	-1	-1	-1	-1	1034	
1034	1033	e404781f872b111a	5			yes					-1	-1	-1	-1	-1	
1035	1032	e23970ffd4bc588f	6			yes					-1	-1	-1	-1	-1	-1	
1036	1031	58c7d662a3ad9d80	3			yes					1037	-1	-1	
1037	1036	bc1cfc9e66cfa9fc	6			yes					-1	-1	-1	-1	-1	-1	
1038	987	2116d499790ba480	4			yes					1039	-1	-1	-1	
1039	1038	29f992997fa62d47	6			yes					1040	1041	1042	1043	1045	-1	
1040	1039	a9a6b2a57f250fc4	6			yes					-1	-1	-1	-1	-1	-1	
1041	1039	1a70bd561b350952	6			yes					-1	-1	-1	-1	-1	-1	
1042	1039	185de88e3af9928c	6			yes					-1	-1	-1	-1	-1	-1	
1043	1039	3af0a22d1f1f9c1d	6			yes					-1	1044	-1	-1	-1	-1	
1044	1043	2f9dbed35971437b	5			yes					-1	-1	-1	-1	-1	
1045	1039	94d957f9fb25f2a5	6			yes					-1	-1	-1	-1	-1	-1	
1046	1045	81b44b07bd4b2dc3	5			no					-1	-1	-1	-2	-2	
1047	957	05e048e592d6fe48	5			yes					1048	-1	-1	1062	1067	
1048	1047	90317625f248fcd5	5			yes					1049	1051	-1	1053	1056	
1049	1048	aa0573a0d20bc1e7	6			yes					-1	-1	-1	-1	-1	1050	
1050	1049	768c8b448bcaaa6c	5			yes					-1	-1	-1	-1	-1	
1051	1048	7d68f974c6bf354f	6			yes					-1	-1	-1	-1	-1	1052	
1052	1051	a1e101909f7e5ec4	5			yes					-1	-1	-1	-1	-1	
1053	1048	57b840779aeb5a8e	6			yes					-1	1054	-1	-1	1055	-1	
1054	1053	42d55c89dc8585e8	5			yes					-1	-1	-1	-1	-1	
1055	1053	575c81c6ecc92302	5			yes					-1	-1	-1	-1	-1	
1056	1048	ea4bbfc1d2749a03	4			yes					1057	1058	-1	1059	
1057	1056	77825d2f9eab36d8	6			yes					-1	-1	-1	-1	-1	-1	
1058	1056	a0efd7fb8a1fc270	6			yes					-1	-1	-1	-1	-1	-1	
1059	1056	6fe75a3d91bd13f5	6			yes					-1	1060	-1	-1	1061	-1	
1060	1059	7a8a46c3d7d3cc93	5			yes					-1	-1	-1	-1	-1	
1061	1059	6f039b8ce79f6a79	5			yes					-1	-1	-1	-1	-1	
1062	1047	7c314a1e4870c748	4			yes					1063	-1	-1	1065	
1063	1062	5443a88b6ca149cb	6			yes					-1	-1	-1	-1	-1	1064	
1064	1063	53d4b3b26f86560d	5			yes					-1	-1	-1	-1	-1	
1065	1062	b881bb1127b26664	3			yes					1066	-1	-1	
1066	1065	0bcc37338e62eeeb	6			yes					-1	-1	-1	-1	-1	-1	
1067	1047	c150b9eafd145f64	4			yes					1068	-1	-1	-1	
1068	1067	7ea3ba60d631a4da	5			yes					1069	1070	-1	1071	-1	
1069	1068	1e767908978848d3	6			yes					-1	-1	-1	-1	-1	-1	
1070	1068	c91bf3dc833cbc7b	6			yes					-1	-1	-1	-1	-1	-1	
1071	1068	23099c541388b5b2	6			yes					-1	1072	-1	-1	1073	-1	
1072	1071	366480aa55e66ad4	5			yes					-1	-1	-1	-1	-1	
1073	1071	23ed5de565aacc3e	5			yes					-1	-1	-1	-1	-1	
1074	957	de1a4c5162208ff2	5			yes					1075	-1	-1	-1	1081	
1075	1074	76f34030e36824dc	5			yes					-1	-1	1076	-1	1080	
1076	1075	6c13569bbbeceaed	7			yes					-1	-1	-1	-1	-1	1077	1079	
1077	1076	e0b8ac19aa945477	6			yes					-1	-1	-1	-1	-1	1078	
1078	1077	a635bb3cc84960e0	5			yes					-1	-1	-1	-1	-1	
1079	1076	2a9e41bed931de7a	6			yes					-1	-1	-1	-1	-1	-1	
1080	1075	307e571581b5104b	4			yes					-1	-1	-1	-1	
1081	1074	1aaabd5e0de22ede	4			yes					1082	-1	-1	-1	
1082	1081	c01529ab5fc3a760	4			yes					-1	-1	1083	-1	
1083	1082	cecf4970d40b825f	6			yes					-1	-1	-1	-1	-1	-1	
1084	957	637bbfa5d74417de	5			yes					1085	-1	-1	-1	-1	
1085	1084	43ba00c0802ecad5	6			yes					1086	1087	1088	1091	1094	-1	
1086	1085	4b7114ca6d14666b	5			yes					-1	-1	-1	-1	-1	
1087	1085	119c4a18e63be5fc	6			yes					-1	-1	-1	-1	-1	-1	
1088	1085	6e9890d9ed7aa046	6			yes					-1	1089	-1	-1	1090	-1	
1089	1088	7bf58c27ab147f20	5			yes					-1	-1	-1	-1	-1	
1090	1088	3b5470a880932de5	5			yes					-1	-1	-1	-1	-1	
1091	1085	1442d11ac03f0c94	5			yes					-1	-1	1092	1093	-1	
1092	1091	4792cc18f4aa17f1	6			yes					-1	-1	-1	-1	-1	-1	
1093	1091	0dae2bc1ce35c9e2	5			yes					-1	-1	-1	-1	-1	
1094	1085	1095e2f4a8d8e093	5			yes					-1	-1	1095	-1	-1	
1095	1094	3330efea396156ef	5			yes					-1	-1	-1	-1	-1	
1096	768	44a29bedc59f3b50	4			yes					-1	-1	-1	-1	
