Number of nodes
507
ID	PID	Hash_Value			File_Number	Fully_Enumerated	Children
0	-1	629fb1029e3469bc	6			yes					1	161	273	360	437	506	
1	0	45d19be85e813f8b	5			yes					2	60	87	106	122	
2	1	e9f323df1a744f98	5			yes					3	19	38	48	59	
3	2	3d0b3be5cc53779c	4			yes					4	7	9	13	
4	3	5c6b54dc9c4a205e	4			yes					-1	5	-1	6	
5	4	5549612fc0808b0d	3			yes					-1	-1	-1	
6	4	900f66c39b27789a	3			yes					-1	-1	-1	
7	3	6a17d32e1b7f6ac7	4			yes					-1	8	-1	-1	
8	7	b5bd6293919ccdf3	3			yes					-1	-1	-1	
9	3	552440b51a39ff6a	5			yes					-1	10	11	-1	12	
10	9	8a8ef10890da585e	4			yes					-1	-1	-1	-1	
11	9	717ec8c525b65d48	4			yes					-1	-1	-1	-1	
12	9	afac0b7f64b84dc8	4			yes					-1	-1	-1	-1	
13	3	b0e8428e3c392bc7	3			yes					14	15	17	
14	13	f18a9df740586ad8	4			yes					-1	-1	-1	-1	
15	13	c90d0d9291ecbbee	4			yes					-1	16	-1	-1	
16	15	16a7bc2f1b0f1cda	3			yes					-1	-1	-1	
17	13	685603b050c5e3cf	5			yes					-1	-1	-1	-1	18	
18	17	1a74678314445216	4			yes					-1	-1	-1	-1	
19	2	f0c082e822deeb4e	4			yes					-1	20	28	33	
20	19	71b6647f66cd5909	5			yes					21	24	-1	26	27	
21	20	6fa2aea0fd43e324	4			yes					22	-1	23	-1	
22	21	5faebc4a7f58c150	3			yes					-1	-1	-1	
23	21	629777e0cea7e87f	3			yes					-1	-1	-1	
24	20	41ba7695e4d67b7d	4			yes					-1	-1	25	-1	
25	24	4c8fafd5d7327026	3			yes					-1	-1	-1	
26	20	7c83bd3f55295252	4			yes					-1	-1	-1	-1	
27	20	bdd2566061a001cd	4			yes					-1	-1	-1	-1	
28	19	81b0c0e06d401796	5			yes					29	31	-1	-1	32	
29	28	9fa40a3ff6ceadbb	4			yes					-1	-1	-1	30	
30	29	f0fb283e289a4ed9	3			yes					-1	-1	-1	
31	28	b1bcd20aef5b35e2	4			yes					-1	-1	-1	-1	
32	28	eeefe2e1b314f4f4	4			yes					-1	-1	-1	-1	
33	19	efe105370da6fc1b	5			yes					34	35	36	37	-1	
34	33	f1f5cfe896284636	4			yes					-1	-1	-1	-1	
35	33	dfed17dd8fbdde6f	4			yes					-1	-1	-1	-1	
36	33	cd049c0af47b4916	4			yes					-1	-1	-1	-1	
37	33	b41d451161788118	4			yes					-1	-1	-1	-1	
38	2	ba35ad91196ea1f9	4			yes					-1	-1	39	44	
39	38	82088047c03ba4cc	5			yes					40	41	42	-1	43	
40	39	9c1c4a985bb51ee1	4			yes					-1	-1	-1	-1	
41	39	b20492ad422086b8	4			yes					-1	-1	-1	-1	
42	39	f5e30650bc655fe1	4			yes					-1	-1	-1	-1	
43	39	c545f0695a87c59e	4			yes					-1	-1	-1	-1	
44	38	a30710d0f2d0b4aa	5			yes					45	46	47	-1	-1	
45	44	bd13da0f695e0e87	4			yes					-1	-1	-1	-1	
46	44	930b023a70cb96de	4			yes					-1	-1	-1	-1	
47	44	d4ec96c78e8e4f87	4			yes					-1	-1	-1	-1	
48	2	13ee4e281dfd2ee8	4			yes					-1	-1	-1	49	
49	48	025c1ef233f9ec8b	6			yes					50	52	54	56	-1	58	
50	49	1c48d42da87756a6	5			yes					-1	-1	-1	-1	51	
51	50	6e6ab01eecf6e77f	4			yes					-1	-1	-1	-1	
52	49	32500c18b1e2ceff	5			yes					-1	-1	-1	-1	53	
53	52	4072682bf5637f26	4			yes					-1	-1	-1	-1	
54	49	75b798e54fa717a6	5			yes					-1	-1	-1	-1	55	
55	54	0795fcd60b26a67f	4			yes					-1	-1	-1	-1	
56	49	260696820c764ea9	5			yes					-1	-1	-1	-1	57	
57	56	5424f2b148f7ff70	4			yes					-1	-1	-1	-1	
58	49	707e7ac177785d52	5			yes					-1	-1	-1	-1	-1	
59	2	64105ab4ea1e13c3	4			yes					-1	-1	-1	-1	
60	1	33d7e7c19edec1f3	4			yes					61	66	75	86	
61	60	83e2682af34838c2	3			yes					62	63	65	
62	61	24d2f9e56d245f2a	4			yes					-1	-1	-1	-1	
63	61	404751b7848c8815	4			yes					-1	-1	-1	64	
64	63	7f603b1de748bbb4	3			yes					-1	-1	-1	
65	61	5fa4572fb307f380	4			yes					-1	-1	-1	-1	
66	60	c7cb9b779a75c41a	3			yes					-1	67	71	
67	66	db04ca1f88cf64f5	5			yes					68	69	-1	-1	70	
68	67	c51000c01341ded8	4			yes					-1	-1	-1	-1	
69	67	022650ea98e7f861	4			yes					-1	-1	-1	-1	
70	67	a24726c984add127	4			yes					-1	-1	-1	-1	
71	66	3579254b28ecad6f	5			yes					72	73	-1	74	-1	
72	71	2b6def94b3621742	4			yes					-1	-1	-1	-1	
73	71	ec5bbfbe38c431fb	4			yes					-1	-1	-1	-1	
74	71	384cfc0b1b08a634	4			yes					-1	-1	-1	-1	
75	60	c9ca8a369957a083	3			yes					-1	-1	76	
76	75	96371189032179e2	6			yes					77	79	81	83	-1	85	
77	76	8823db5698afc3cf	5			yes					-1	-1	-1	-1	78	
78	77	fa01bf65dc2e7216	4			yes					-1	-1	-1	-1	
79	76	4f158b7c1309e576	5			yes					-1	-1	-1	-1	80	
80	79	3d37ef4f578854af	4			yes					-1	-1	-1	-1	
81	76	9c9910fadd94a946	5			yes					-1	-1	-1	-1	82	
82	81	eebb74c99915189f	4			yes					-1	-1	-1	-1	
83	76	b26d99f93caedbc0	5			yes					-1	-1	-1	-1	84	
84	83	c04ffdca782f6a19	4			yes					-1	-1	-1	-1	
85	76	e41575ba47a0c83b	5			yes					-1	-1	-1	-1	-1	
86	60	be349eaa6eb49da8	3			yes					-1	-1	-1	
87	1	b06b04334afcd1da	4			yes					88	95	103	105	
88	87	005e8bd8276a28eb	3			yes					89	91	92	
89	88	49a49a4fea97ecfb	4			yes					-1	-1	-1	90	
90	89	85c0a850edfab43f	3			yes					-1	-1	-1	
91	88	fb0d15d4e03c21d7	4			yes					-1	-1	-1	-1	
92	88	e883506e3eb428ab	5			yes					-1	93	94	-1	-1	
93	92	3729e1d3b4578f9f	4			yes					-1	-1	-1	-1	
94	92	f9267c6ede20bc2e	4			yes					-1	-1	-1	-1	
95	87	a958a5047256750c	3			yes					-1	96	98	
96	95	5cd3ffdde885b7f5	5			yes					-1	-1	-1	-1	97	
97	96	be256590df2de8fa	4			yes					-1	-1	-1	-1	
98	95	9ecdcc52fe92e54b	5			yes					99	100	101	102	-1	
99	98	80d9068d651c5f66	4			yes					-1	-1	-1	-1	
100	98	47ef56a7eeba79df	4			yes					-1	-1	-1	-1	
101	98	798786f3e47feb48	4			yes					-1	-1	-1	-1	
102	98	c989d6472e97c7ab	4			yes					-1	-1	-1	-1	
103	87	24e557b7a55601bc	3			yes					-1	-1	104	
104	103	f0515cba25e53a73	5			yes					-1	-1	-1	-1	-1	
105	87	3d887d58ba968d81	3			yes					-1	-1	-1	
106	1	15179c32593b5878	4			yes					107	112	119	121	
107	106	a52213d934ada149	3			yes					108	109	-1	
108	107	d41bc2848aacba7b	4			yes					-1	-1	-1	-1	
109	107	bff6495462f3554e	5			yes					-1	110	-1	111	-1	
110	109	605cf8e9e810f27a	4			yes					-1	-1	-1	-1	
111	109	4fbc67bd98e614de	4			yes					-1	-1	-1	-1	
112	106	0c243d056191fcae	3			yes					-1	113	118	
113	112	7b0a554a7364044b	5			yes					114	115	-1	116	117	
114	113	651e9f95e8eabe66	4			yes					-1	-1	-1	-1	
115	113	a228cfbf634c98df	4			yes					-1	-1	-1	-1	
116	113	8b407ba3897145db	4			yes					-1	-1	-1	-1	
117	113	b76e675574095c8f	4			yes					-1	-1	-1	-1	
118	112	3dedb58a30ee3546	5			yes					-1	-1	-1	-1	-1	
119	106	46d1127c5a21b619	3			yes					-1	-1	120	
120	119	fe90ff7acdaa54ae	5			yes					-1	-1	-1	-1	-1	
121	106	fac0a0925626b386	3			yes					-1	-1	-1	
122	1	ade9e4384d6e3a60	5			yes					123	130	147	159	160	
123	122	1ddc6bd320f8c351	4			yes					124	126	129	-1	
124	123	18adf729a1d41c4a	5			yes					-1	-1	-1	-1	125	
125	124	65966fdfac8db141	4			yes					-1	-1	-1	-1	
126	123	53a58ff3dd885d84	5			yes					-1	127	-1	-1	128	
127	126	8c0f3e4e576bfab0	4			yes					-1	-1	-1	-1	
128	126	8f7d77d5cfe88dda	4			yes					-1	-1	-1	-1	
129	123	63c9c30cd640d049	5			yes					-1	-1	-1	-1	-1	
130	122	b4da450f75c49eb6	4			yes					-1	131	141	145	
131	130	dc5e4f95c960dbfd	6			yes					132	134	-1	136	138	140	
132	131	c24a854a52ee61d0	5			yes					-1	-1	-1	-1	133	
133	132	bf711dbc5fb7ccdb	4			yes					-1	-1	-1	-1	
134	131	057cd560d9484769	5			yes					-1	-1	-1	-1	135	
135	134	78474d96d411ea62	4			yes					-1	-1	-1	-1	
136	131	d16b96d5fa84d0a6	5			yes					-1	-1	-1	-1	137	
137	136	ac500e23f7dd7dad	4			yes					-1	-1	-1	-1	
138	131	29c74689feca1226	5			yes					-1	-1	-1	-1	139	
139	138	54fcde7ff393bf2d	4			yes					-1	-1	-1	-1	
140	131	a165d763c43976f6	5			yes					-1	-1	-1	-1	-1	
141	130	76dd487c7304a42d	5			yes					142	143	-1	-1	144	
142	141	68c982a3e88a1e00	4			yes					-1	-1	-1	-1	
143	141	afffd289632c38b9	4			yes					-1	-1	-1	-1	
144	141	aa05b05a61647473	4			yes					-1	-1	-1	-1	
145	130	19ee6c5269057620	3			yes					-1	-1	146	
146	145	a71d6042dc59092c	5			yes					-1	-1	-1	-1	-1	
147	122	fe2f6a764e74d401	4			yes					-1	-1	148	158	
148	147	038391a29528bb85	6			yes					149	151	153	-1	155	157	
149	148	1d975b7d0ea601a8	5			yes					-1	-1	-1	-1	150	
150	149	60acc38b03ffaca3	4			yes					-1	-1	-1	-1	
151	148	daa10b5785002711	5			yes					-1	-1	-1	-1	152	
152	151	a79a93a188598a1a	4			yes					-1	-1	-1	-1	
153	148	746817b5e97640a8	5			yes					-1	-1	-1	-1	154	
154	153	09538f43e42feda3	4			yes					-1	-1	-1	-1	
155	148	5150e080c5edd675	5			yes					-1	-1	-1	-1	156	
156	155	2c6b7876c8b47b7e	4			yes					-1	-1	-1	-1	
157	148	7eb809549871168e	5			yes					-1	-1	-1	-1	-1	
158	147	531b432b52b53c97	3			yes					-1	-1	-1	
159	122	57f489cf4ae75b10	4			yes					-1	-1	-1	-1	
160	122	00ddcd6551afd2f6	4			yes					-1	-1	-1	-1	
161	0	bfd490931c920f64	5			yes					-1	162	210	227	241	
162	161	ed5600cb6521cac7	5			yes					163	181	188	198	209	
163	162	ef182eeeabde3446	4			yes					164	165	171	176	
164	163	565d40aa6fea6350	4			yes					-1	-1	-1	-1	
165	163	53c2ff84bdcc5bbb	5			yes					166	167	-1	169	170	
166	165	143f79cd443e842e	4			yes					-1	-1	-1	-1	
167	165	eb16c7ad037b121c	4			yes					-1	-1	168	-1	
168	167	9b775f8f7d81902c	3			yes					-1	-1	-1	
169	165	23a367a6c336d98b	4			yes					-1	-1	-1	-1	
170	165	9fa6cd9bbaa1037f	4			yes					-1	-1	-1	-1	
171	163	a7aafa6e82351c17	5			yes					172	173	174	-1	175	
172	171	e0577c277bc7c382	4			yes					-1	-1	-1	-1	
173	171	1f7ec2473c8255b0	4			yes					-1	-1	-1	-1	
174	171	f6812e74ee6a273d	4			yes					-1	-1	-1	-1	
175	171	988d90c4e1f12fb6	4			yes					-1	-1	-1	-1	
176	163	b849fcf6b5be6782	5			yes					177	178	179	180	-1	
177	176	ffb47abf4c4cb817	4			yes					-1	-1	-1	-1	
178	176	009dc4df0b092e25	4			yes					-1	-1	-1	-1	
179	176	e96228ecd9e15ca8	4			yes					-1	-1	-1	-1	
180	176	3a6083a373804797	4			yes					-1	-1	-1	-1	
181	162	2676b4f73a062dcb	4			yes					-1	182	184	185	
182	181	3ad4f58693f1c9f4	4			yes					-1	-1	-1	-1	
183	182	f1dfba46451d641e	3			no					-1	-2	-2	
184	181	ebfe78f861446f8f	5			yes					-1	-1	-1	-1	-1	
185	181	ab95cd9cca6c7190	3			yes					186	187	-1	
186	185	249ce38303b4ad47	4			yes					-1	-1	-1	-1	
187	185	fac45239db2648df	4			yes					-1	-1	-1	-1	
188	162	be908e85663b24a6	4			yes					-1	-1	189	194	
189	188	2a52823c2fb29882	5			yes					190	191	192	-1	193	
190	189	e159cdfcf95e3568	4			yes					-1	-1	-1	-1	
191	189	1a5e90d6ada9baf6	4			yes					-1	-1	-1	-1	
192	189	20fc834ff1074826	4			yes					-1	-1	-1	-1	
193	189	6d1ff212b50ef9d0	4			yes					-1	-1	-1	-1	
194	188	0b5d12ab1d5988e4	5			yes					195	196	197	-1	-1	
195	194	c0565d6bcbb5250e	4			yes					-1	-1	-1	-1	
196	194	3b5100419f42aa90	4			yes					-1	-1	-1	-1	
197	194	01f313d8c3ec5840	4			yes					-1	-1	-1	-1	
198	162	174b6d3c62a8abb7	4			yes					-1	-1	-1	199	
199	198	aa061c89dc70d0c5	6			yes					200	202	204	206	-1	208	
200	199	610d53490a9c7d2f	5			yes					-1	-1	-1	-1	201	
201	200	132f377a4e1dccf6	4			yes					-1	-1	-1	-1	
202	199	9a0a0e635e6bf2b1	5			yes					-1	-1	-1	-1	203	
203	202	e8286a501aea4368	4			yes					-1	-1	-1	-1	
204	199	a0a81dfa02c50061	5			yes					-1	-1	-1	-1	205	
205	204	d28a79c94644b1b8	4			yes					-1	-1	-1	-1	
206	199	8e5c94f9e3ff72e7	5			yes					-1	-1	-1	-1	207	
207	206	fc7ef0caa77ec33e	4			yes					-1	-1	-1	-1	
208	199	d82478ba98f1611c	5			yes					-1	-1	-1	-1	-1	
209	162	60b579a0954b969c	4			yes					-1	-1	-1	-1	
210	161	5f3edb4a73ad80df	4			yes					211	220	224	226	
211	210	5d70f56fbd527e5e	3			yes					212	214	215	
212	211	d77f5c8e35e9e2ec	4			yes					-1	213	-1	-1	
213	212	2da21e581a4774e1	3			yes					-1	-1	-1	
214	211	7e2592b7c706d590	4			yes					-1	-1	-1	-1	
215	211	7075844cb784a733	5			yes					216	217	218	219	-1	
216	215	378802054e7678a6	4			yes					-1	-1	-1	-1	
217	215	351771b4459e8a26	4			yes					-1	-1	-1	-1	
218	215	bc2ea56864313f71	4			yes					-1	-1	-1	-1	
219	215	27319e59678185d3	4			yes					-1	-1	-1	-1	
220	210	1b2304cad13f72bc	3			yes					-1	221	222	
221	220	d22dc759f71dc104	4			yes					-1	-1	-1	-1	
222	220	0377657fc7769e68	4			yes					223	-1	-1	-1	
223	222	c87c2abf119a3382	3			yes					-1	-1	-1	
224	210	cbb088ce9c0750b9	3			yes					-1	-1	225	
225	224	cc6051bafab49354	5			yes					-1	-1	-1	-1	-1	
226	210	d2dda22183c7dc84	3			yes					-1	-1	-1	
227	161	fa42434b606a097d	4			yes					228	236	238	240	
228	227	f80c6d6eae95f7fc	3			yes					229	230	235	
229	228	e551697b571908b6	4			yes					-1	-1	-1	-1	
230	228	fe057c5870d92eee	5			yes					231	232	-1	233	234	
231	230	b9f8fa11892bf17b	4			yes					-1	-1	-1	-1	
232	230	bb6789a082c303fb	4			yes					-1	-1	-1	-1	
233	230	0e4f52b18acc6f7e	4			yes					-1	-1	-1	-1	
234	230	32614e4777b4762a	4			yes					-1	-1	-1	-1	
235	228	a04f9f6b97f24179	5			yes					-1	-1	-1	-1	-1	
236	227	be5f9ccbc2f8fb1e	3			yes					-1	237	-1	
237	236	be34b746a219e5de	4			yes					-1	-1	-1	-1	
238	227	a984cd056370e71c	3			yes					-1	-1	239	
239	238	c2a1f27a12fbfd89	5			yes					-1	-1	-1	-1	-1	
240	227	15957feb6f77e283	3			yes					-1	-1	-1	
241	161	42bc3b41743f6b65	5			yes					242	255	259	271	272	
242	241	40f21564bac095e4	4			yes					243	245	250	252	
243	242	cfb15a1334d15464	5			yes					-1	-1	-1	-1	244	
244	243	b28ac2e53988f96f	4			yes					-1	-1	-1	-1	
245	242	a9f5585add4df8d6	5			yes					246	247	-1	248	249	
246	245	ee08de1324bf2743	4			yes					-1	-1	-1	-1	
247	245	ec97ada22f57d5c3	4			yes					-1	-1	-1	-1	
248	245	c325870933249014	4			yes					-1	-1	-1	-1	
249	245	752da07ccf2d2888	4			yes					-1	-1	-1	-1	
250	242	78c1446212c03187	5			yes					-1	-1	-1	-1	251	
251	250	a419bc4400a0e1d9	4			yes					-1	-1	-1	-1	
252	242	edc63c39a6017d72	3			yes					-1	253	254	
253	252	0012e36012e362a7	5			yes					-1	-1	-1	-1	-1	
254	252	f10cd162a658ca66	5			yes					-1	-1	-1	-1	-1	
255	241	06a1e4c1d6ad9906	4			yes					-1	256	258	-1	
256	255	cfc0cc7a826d3317	5			yes					-1	-1	-1	-1	257	
257	256	b2fb548c8f349e1c	4			yes					-1	-1	-1	-1	
258	255	dd13fb41ad3d40ac	5			yes					-1	-1	-1	-1	-1	
259	241	117ab50f77258504	4			yes					-1	-1	260	270	
260	259	3fb29ca24a7912a2	6			yes					261	263	265	-1	267	269	
261	260	f4b9d3629c95bf48	5			yes					-1	-1	-1	-1	262	
262	261	89824b9491cc1243	4			yes					-1	-1	-1	-1	
263	260	0fbe8e48c86230d6	5			yes					-1	-1	-1	-1	264	
264	263	728516bec53b9ddd	4			yes					-1	-1	-1	-1	
265	260	48591ab53627e98f	5			yes					-1	-1	-1	-1	266	
266	265	356282433b7e4484	4			yes					-1	-1	-1	-1	
267	260	6d61ed801abc7f52	5			yes					-1	-1	-1	-1	-1	
268	267	105a757617e5d259	4			yes					-1	-1	-1	-1	
269	260	428904544720bfa9	5			yes					-1	-1	-1	-1	-1	
270	259	bc4e9c526be46d92	3			yes					-1	-1	-1	
271	241	b8a156b673b60a15	4			yes					-1	-1	-1	-1	
272	241	ef88121c68fe83f3	4			yes					-1	-1	-1	-1	
273	0	39167cab90bd4e22	5			yes					-1	-1	274	321	335	
274	273	e7f43c7c45dd7657	5			yes					275	290	304	309	320	
275	274	e5ba12598b2288d6	4			yes					276	280	281	286	
276	275	88c8f653fc314d8a	4			yes					-1	277	278	279	
277	276	b9720526f968d024	3			yes					-1	-1	-1	
278	276	df8cec462c346f6a	3			yes					-1	-1	-1	
279	276	7e3afcd994a0bd7e	3			yes					-1	-1	-1	
280	275	e60dd8f8f9449bed	4			yes					-1	-1	-1	-1	
281	275	fb51925cb17d8424	5			yes					-1	282	283	284	285	
282	281	ec1ee0c05621a645	4			yes					-1	-1	-1	-1	
283	281	caeb6129b424198a	4			yes					-1	-1	-1	-1	
284	281	da7866c226e11bd1	4			yes					-1	-1	-1	-1	
285	281	bc1ce2722bc1e576	4			yes					-1	-1	-1	-1	
286	275	2384c035d384b772	5			yes					-1	287	288	289	-1	
287	286	34cbb2a934d89513	4			yes					-1	-1	-1	-1	
288	286	123e3340d6dd2adc	4			yes					-1	-1	-1	-1	
289	286	74c0da2003819592	4			yes					-1	-1	-1	-1	
290	274	6aad08ac7c4d1772	4			yes					-1	291	293	299	
291	290	eec3abb48934a624	4			yes					-1	-1	-1	-1	
292	291	25c8e4745fd80bce	3			no					-1	-2	-2	
293	290	c9ebdc8b5ec7f4b8	5			yes					294	295	296	297	298	
294	293	02e0934b882b5952	4			yes					-1	-1	-1	-1	
295	293	9cd53805de95cee3	4			yes					-1	-1	-1	-1	
296	293	f8512ffe5b9e6916	4			yes					-1	-1	-1	-1	
297	293	e8c22815c95b6b4d	4			yes					-1	-1	-1	-1	
298	293	8ea6aca5c47b95ea	4			yes					-1	-1	-1	-1	
299	290	113e8ee23c3ec7ee	5			yes					300	301	302	303	-1	
300	299	da35c122ead26a04	4			yes					-1	-1	-1	-1	
301	299	44006a6cbc6cfdb5	4			yes					-1	-1	-1	-1	
302	299	20847d9739675a40	4			yes					-1	-1	-1	-1	
303	299	467a94f7ec3be50e	4			yes					-1	-1	-1	-1	
304	274	f8e90e69008ca28f	4			yes					-1	-1	305	306	
305	304	0e1b4f00c5ad7332	5			yes					-1	-1	-1	-1	-1	
306	304	750a7702f0e6fed4	3			yes					307	308	-1	
307	306	4bec11d32556d16b	4			yes					-1	-1	-1	-1	
308	306	284d6067e17ba405	4			yes					-1	-1	-1	-1	
309	274	1de9518b42541727	4			yes					-1	-1	-1	310	
310	309	76d730e691585882	6			yes					311	313	315	317	-1	319	
311	310	bddc7f2647b4f568	5			yes					-1	-1	-1	-1	312	
312	311	cffe1b15033544b1	4			yes					-1	-1	-1	-1	
313	310	aff5aa138170c416	5			yes					-1	-1	-1	-1	314	
314	313	ddd7ce20c5f175cf	4			yes					-1	-1	-1	-1	
315	310	7c7931954fed8826	5			yes					-1	-1	-1	-1	316	
316	315	0e5b55a60b6c39ff	4			yes					-1	-1	-1	-1	
317	310	67721ce671cccc07	5			yes					-1	-1	-1	-1	318	
318	317	155078d5354d7dde	4			yes					-1	-1	-1	-1	
319	310	04f554d5d5d9e95b	5			yes					-1	-1	-1	-1	-1	
320	274	6a174517b5b72a0c	4			yes					-1	-1	-1	-1	
321	273	94dc5ae3fcd971b3	4			yes					322	330	333	334	
322	321	969274c632268f32	3			yes					323	328	329	
323	322	d137f293508d3df0	5			yes					-1	324	325	326	327	
324	323	801c26893cd206da	4			yes					-1	-1	-1	-1	
325	323	75c1dd55d0db204e	4			yes					-1	-1	-1	-1	
326	323	217ddc7aaa987c60	4			yes					-1	-1	-1	-1	
327	323	1d53c08c57e06534	4			yes					-1	-1	-1	-1	
328	322	d687ebdfdf420f86	4			yes					-1	-1	-1	-1	
329	322	80845957ccb5e951	5			yes					-1	-1	-1	-1	-1	
330	321	19856e33c5491096	3			yes					-1	331	332	
331	330	8c2510c3484e7f0f	4			yes					-1	-1	-1	-1	
332	330	b23e1780230f99cd	5			yes					-1	-1	-1	-1	-1	
333	321	60c02655f872745a	3			yes					-1	-1	-1	
334	321	7b0b6643f3c49a4d	3			yes					-1	-1	-1	
335	273	2c2222e9e88c13ab	5			yes					336	348	356	358	359	
336	335	2e6c0ccc2673ed2a	4			yes					337	341	343	346	
337	336	c4111ff7723e5775	5			yes					-1	338	-1	-1	340	
338	337	953acbed1e616c5f	4			yes					-1	-1	-1	339	
339	338	e801531b1338c154	3			yes					-1	-1	-1	
340	337	b92a87017f67fa7e	4			yes					-1	-1	-1	-1	
341	336	a2cb7b0dc4daa7f9	5			yes					-1	-1	-1	-1	342	
342	341	dff0e3fbc9830af2	4			yes					-1	-1	-1	-1	
343	336	175c6c7d319b7dc2	5			yes					-1	344	-1	-1	345	
344	343	00131ee1d6c75fa3	4			yes					-1	-1	-1	-1	
345	343	cb84945b23fbad9c	4			yes					-1	-1	-1	-1	
346	336	835825913ab205bc	3			yes					-1	-1	347	
347	346	77596792892f7b64	5			yes					-1	-1	-1	-1	-1	
348	335	a17b1639d11c728e	4			yes					-1	349	351	354	
349	348	a0f07b9c30c8764e	5			yes					-1	-1	-1	-1	350	
350	349	ddcbe36a3d91db45	4			yes					-1	-1	-1	-1	
351	348	25e622aade210d5e	5			yes					352	-1	-1	-1	353	
352	351	eeed6d6a08cda0b4	4			yes					-1	-1	-1	-1	
353	351	f93eda8ccc41dd00	4			yes					-1	-1	-1	-1	
354	348	0c4f3f64cddd9a18	3			yes					-1	-1	355	
355	354	45e3294566950bf8	5			yes					-1	-1	-1	-1	-1	
356	335	d83e5e5fec271642	4			yes					-1	-1	357	-1	
357	356	cb95e696bf75d08b	5			yes					-1	-1	-1	-1	-1	
358	335	d63f4f1eef0572db	4			yes					-1	-1	-1	-1	
359	335	81160bb4f44dfb3d	4			yes					-1	-1	-1	-1	
360	0	16f085705f71f9e1	5			yes					-1	-1	-1	361	402	
361	360	f89e1df6516a9b82	5			yes					362	379	392	399	401	
362	361	fad033d39f956503	4			yes					363	370	374	377	
363	362	e5ebedcb3c4ca92c	5			yes					-1	364	366	367	369	
364	363	3a415c76b6af0e18	4			yes					-1	-1	-1	-1	
365	364	2be47076563b9a9d	3			yes					-1	-1	-1	
366	363	f44ec1cbdcd83da9	4			yes					-1	-1	-1	-1	
367	363	7cc0014a62b388ea	4			yes					-1	368	-1	-1	
368	367	a36ab0f7e8502fde	3			yes					-1	-1	-1	
369	363	bb7783e1b89cd973	4			yes					-1	-1	-1	-1	
370	362	5ab8d93419143786	5			yes					-1	-1	371	372	373	
371	370	00361b95ad1a030a	4			yes					-1	-1	-1	-1	
372	370	aaf2f7dde3017616	4			yes					-1	-1	-1	-1	
373	370	96dceb2b1e796f42	4			yes					-1	-1	-1	-1	
374	362	233d534d2ba3b0fa	3			yes					375	376	-1	
375	374	9692d7415696124f	4			yes					-1	-1	-1	-1	
376	374	531dd7b5f7148768	4			yes					-1	-1	-1	-1	
377	362	713638f9a74f1be2	5			yes					-1	-1	-1	378	-1	
378	377	e81dd478f9b03a24	4			yes					-1	-1	-1	-1	
379	361	75c7292668fafaa7	4			yes					-1	380	385	387	
380	379	db666df1e1d97e41	5			yes					381	-1	382	383	384	
381	380	106d22313735d3ab	4			yes					-1	-1	-1	-1	
382	380	81e8af5055d74acd	4			yes					-1	-1	-1	-1	
383	380	2b2c43181bcc3fd1	4			yes					-1	-1	-1	-1	
384	380	17025feee6b42685	4			yes					-1	-1	-1	-1	
385	379	ac2a49b8dccc2f5e	3			yes					-1	386	-1	
386	385	d602ce4b443de109	4			yes					-1	-1	-1	-1	
387	379	1bf0c855a6f76c0a	6			yes					388	-1	389	390	-1	391	
388	387	d0fb8795701bc1e0	5			yes					-1	-1	-1	-1	-1	
389	387	da88995c228b0896	5			yes					-1	-1	-1	-1	-1	
390	387	417e0af412f95886	5			yes					-1	-1	-1	-1	-1	
391	387	1a52a28e6b2fccfc	5			yes					-1	-1	-1	-1	-1	
392	361	e1adbcc169c03f54	4			yes					-1	-1	393	394	
393	392	3840dc5fddf6eaad	3			yes					-1	-1	-1	
394	392	23e28aa475bf540f	6			yes					395	396	-1	397	-1	398	
395	394	e8e9c564a353f9e5	5			yes					-1	-1	-1	-1	-1	
396	394	fac010516597c89b	5			yes					-1	-1	-1	-1	-1	
397	394	796c4805c1b16083	5			yes					-1	-1	-1	-1	-1	
398	394	2240e07fb867f4f9	5			yes					-1	-1	-1	-1	-1	
399	361	21737d68e55c4e7b	4			yes					-1	-1	-1	400	
400	399	9624bbc2cfc53b72	3			yes					-1	-1	-1	
401	361	4fc9db5c7bf3ee8b	4			yes					-1	-1	-1	-1	
402	360	af9ec11b3cae0382	5			yes					403	423	432	435	436	
403	402	add0ef3ef251fd03	4			yes					404	416	419	421	
404	403	01a43ab0df385e39	6			yes					-1	405	409	411	413	415	
405	404	de0e8b0d55dbf90d	5			yes					-1	406	-1	407	408	
406	405	cfaba70db54f6d88	4			yes					-1	-1	-1	-1	
407	405	2b978211627130d6	4			yes					-1	-1	-1	-1	
408	405	a33513fb58825406	4			yes					-1	-1	-1	-1	
409	404	100116b03faccabc	5			yes					-1	-1	-1	-1	410	
410	409	6d3a8e4632f567b7	4			yes					-1	-1	-1	-1	
411	404	aafefe8adc909c65	5			yes					-1	-1	-1	-1	412	
412	411	d7c5667cd1c9316e	4			yes					-1	-1	-1	-1	
413	404	f43d33ace89297e2	5			yes					-1	-1	-1	-1	414	
414	413	8906ab5ae5cb3ae9	4			yes					-1	-1	-1	-1	
415	404	7c9fa246d261f332	5			yes					-1	-1	-1	-1	-1	
416	403	5780232a177826bd	5			yes					-1	-1	-1	417	418	
417	416	b784e5509207e8e0	4			yes					-1	-1	-1	-1	
418	416	8b58db0c0518f6e3	4			yes					-1	-1	-1	-1	
419	403	0f857745519ae62c	5			yes					-1	-1	-1	-1	420	
420	419	72beefb35cc34b27	4			yes					-1	-1	-1	-1	
421	403	00e4c663ee901595	3			yes					-1	422	-1	
422	421	82a9d1ba3fbbd7af	4			yes					-1	-1	-1	-1	
423	402	22c7f5cb053e62a7	4			yes					-1	424	430	431	
424	423	d65e97efefb56f7a	5			yes					425	-1	-1	428	429	
425	424	1d55d82f3959c290	4			yes					-1	-1	-1	-1	
426	425	c18d20092b3912ce	3			no					-1	-1	-2	
427	424	811a8dfa3fb04d9a	4			no					-1	-1	-2	-2	
428	424	365a51956acaa127	4			yes					-1	-1	-1	-1	
429	424	0a866fc9fdd5bf24	4			yes					-1	-1	-1	-1	
430	423	4d51188219b05c78	5			yes					-1	-1	-1	-1	-1	
431	423	8ff3dc9619ff8a31	3			yes					-1	-1	-1	
432	402	b6ad602c0404a754	4			yes					-1	-1	433	434	
433	432	4407b4dacfa41829	5			yes					-1	-1	-1	-1	-1	
434	432	1b99497118c54fc2	3			yes					-1	-1	-1	
435	402	3b10929fd304d3e4	4			yes					-1	-1	-1	-1	
436	402	02aae846206feb14	4			yes					-1	-1	-1	-1	
437	0	a797768157526f66	5			yes					-1	-1	-1	-1	438	
438	437	1aa2761b786e2200	6			yes					439	468	488	500	503	505	
439	438	18ec583eb691dc81	5			yes					440	452	459	465	467	
440	439	95b56cee8f01bda4	4			yes					441	443	-1	447	
441	440	22a827602dcbcd5e	5			yes					-1	-1	-1	-1	442	
442	441	fe70df463fab1d00	4			yes					-1	-1	-1	-1	
443	440	fb30eaa15f6d695a	6			yes					-1	444	-1	-1	-1	446	
444	443	249a5b1cd58ece6e	5			yes					-1	-1	-1	-1	-1	
445	444	59a1c3ead8d76365	4			no					-1	-2	-2	-2	
446	443	860b72575234c451	5			yes					-1	-1	-1	-1	-1	
447	440	a54f99082d8cbf0f	6			yes					-1	448	449	-1	450	451	
448	447	7ae528b5a76f183b	5			yes					-1	-1	-1	-1	-1	
449	447	8115117812031d2d	5			yes					-1	-1	-1	-1	-1	
450	447	d1b8eae01c5b682b	5			yes					-1	-1	-1	-1	-1	
451	447	fa7f5479565038f0	5			yes					-1	-1	-1	-1	-1	
452	439	01dff9098e3b7857	4			yes					-1	453	-1	455	
453	452	cd984b5cb657f49a	5			yes					-1	-1	-1	-1	454	
454	453	1140b37aa43724c4	4			yes					-1	-1	-1	-1	
455	452	e0380b1d4058fc84	6			yes					-1	-1	456	-1	457	458	
456	455	df2ea3722269eb9d	5			yes					-1	-1	-1	-1	-1	
457	455	94cf78f5718f2ba0	5			yes					-1	-1	-1	-1	-1	
458	455	bf08c66c3b847b7b	5			yes					-1	-1	-1	-1	-1	
459	439	4b2ad670b58b32e0	4			yes					-1	-1	-1	460	
460	459	694b36655382738e	6			yes					-1	-1	-1	461	463	464	
461	460	9901188ca997321e	5			yes					-1	-1	-1	-1	462	
462	461	3b2f00fbfaa7b1e0	4			yes					-1	-1	-1	-1	
463	460	9cd23f796428ba55	5			yes					-1	-1	-1	-1	-1	
464	460	cb652e1200b2f070	5			yes					-1	-1	-1	-1	-1	
465	439	d8d431fbed2cb691	4			yes					-1	-1	-1	466	
466	465	c7ac1ba902202b92	3			yes					-1	-1	-1	
467	439	0794726c599d4182	4			yes					-1	-1	-1	-1	
468	438	97fb42cb41fe4325	5			yes					-1	469	478	485	487	
469	468	8ec8e3fc7954e7f3	4			yes					-1	470	-1	472	
470	469	488752a2057e92fb	5			yes					-1	-1	-1	-1	471	
471	470	945faa84171e42a5	4			yes					-1	-1	-1	-1	
472	469	1b95a14556f12fea	6			yes					473	-1	474	475	476	477	
473	472	d09eee85801d8200	5			yes					-1	-1	-1	-1	-1	
474	472	4a539566d1fc3c69	5			yes					-1	-1	-1	-1	-1	
475	472	82be4dc4080e0e2c	5			yes					-1	-1	-1	-1	-1	
476	472	6f62d2ad6726f8ce	5			yes					-1	-1	-1	-1	-1	
477	472	44a56c342d2da815	5			yes					-1	-1	-1	-1	-1	
478	468	c43dcc8542e4ad44	4			yes					-1	-1	-1	479	
479	478	dad7b03fa368d796	6			yes					480	-1	-1	481	-1	484	
480	479	11dcffff75847a7c	5			yes					-1	-1	-1	-1	-1	
481	479	2a9d9ed6597d9606	5			yes					-1	-1	-1	-1	482	
482	481	88b386a10a4d15f8	4			yes					-1	-1	-1	-1	
483	479	2f4eb92394c21e4d	5			no					-1	-1	-1	-1	-2	
484	479	78f9a848f0585468	5			yes					-1	-1	-1	-1	-1	
485	468	57c32b0e1a432935	4			yes					-1	-1	-1	486	
486	485	48bb015cf54fb436	3			yes					-1	-1	-1	
487	468	88836899aef2de26	4			yes					-1	-1	-1	-1	
488	438	0391d72c40c486d6	5			yes					-1	-1	489	497	499	
489	488	5057596243de68b7	4			yes					-1	-1	-1	490	
490	489	35c6f3215df1016d	6			yes					491	492	-1	493	-1	496	
491	490	fecdbce18b1dac87	5			yes					-1	-1	-1	-1	-1	
492	490	ece469d44dd99df9	5			yes					-1	-1	-1	-1	-1	
493	490	c58cddc8a7e440fd	5			yes					-1	-1	-1	-1	494	
494	493	67a2c5bff4d4c303	4			yes					-1	-1	-1	-1	
495	490	c05ffa3d6a5bc8b6	5			no					-1	-1	-1	-2	-2	
496	490	97e8eb560ec18293	5			yes					-1	-1	-1	-1	-1	
497	488	c3a9bee91b79ecc6	4			yes					-1	-1	-1	498	
498	497	dcd194bbf47571c5	3			yes					-1	-1	-1	
499	488	1ce9fd7eafc81bd5	4			yes					-1	-1	-1	-1	
500	438	4964f8557b74cc61	5			yes					-1	-1	-1	501	502	
501	500	895c919020c9a671	4			yes					-1	-1	-1	-1	
502	500	561cd20794785162	4			yes					-1	-1	-1	-1	
503	438	da9a1fde23d34810	5			yes					-1	-1	-1	-1	504	
504	503	c5e2358cccdfd513	4			yes					-1	-1	-1	-1	
505	438	05da5c499762bf03	5			yes					-1	-1	-1	-1	-1	
506	0	10eb352344b981f6	5			yes					-1	-1	-1	-1	-1	
