Number of nodes
413
ID	PID	Hash_Value			File_Number	Fully_Enumerated	Children
0	-1	5d7d924bd35bf8d9	6			yes					1	51	92	130	169	303	
1	0	7c221e41f8f502da	5			yes					2	16	37	46	50	
2	1	7bd09245640baf1d	4			yes					3	5	7	11	
3	2	3190a553e4d625c3	4			yes					-1	-1	-1	4	
4	3	068214384eeb1ad1	3			yes					-1	-1	-1	
5	2	55358036be4fe1ac	4			yes					-1	6	-1	-1	
6	5	9a7c940905459316	3			yes					-1	-1	-1	
7	2	59ac061a20c99793	5			yes					-1	8	9	-1	10	
8	7	96e512259bc3e529	4			yes					-1	-1	-1	-1	
9	7	e83721c5db905e71	4			yes					-1	-1	-1	-1	
10	7	1d8d32901949c4eb	4			yes					-1	-1	-1	-1	
11	2	6f25d838c949e6f2	5			yes					-1	12	13	14	15	
12	11	a06ccc0772439448	4			yes					-1	-1	-1	-1	
13	11	debeffe732102f10	4			yes					-1	-1	-1	-1	
14	11	3a2ceb08e5e2d7a0	4			yes					-1	-1	-1	-1	
15	11	92daf462c3be80e4	4			yes					-1	-1	-1	-1	
16	1	96b0b11fbb07be3d	4			yes					-1	17	28	35	
17	16	c9d63c2911d0bf0d	3			yes					18	19	23	
18	17	35e9f086fde2a292	4			yes					-1	-1	-1	-1	
19	17	ad9c554043caa53e	5			yes					20	21	-1	-1	22	
20	19	a4ec42e6b272de68	4			yes					-1	-1	-1	-1	
21	19	79fc5081ea56fb4f	4			yes					-1	-1	-1	-1	
22	19	e9bd61ca7a4af646	4			yes					-1	-1	-1	-1	
23	17	9b158b62aa4ad45f	5			yes					24	25	-1	26	27	
24	23	92659cc45bf2af09	4			yes					-1	-1	-1	-1	
25	23	4f758ea303d68a2e	4			yes					-1	-1	-1	-1	
26	23	ce1cb85286e1e50d	4			yes					-1	-1	-1	-1	
27	23	66eaa738a0bdb249	4			yes					-1	-1	-1	-1	
28	16	f6a58309aa4256ff	3			yes					29	-1	31	
29	28	cb7df1c1b1bd0bf4	4			yes					-1	-1	-1	30	
30	29	b2ade103e39708fc	3			yes					-1	-1	-1	
31	28	81215e3ecdc84c98	5			yes					32	33	-1	-1	34	
32	31	885149983c7037ce	4			yes					-1	-1	-1	-1	
33	31	55415bff645412e9	4			yes					-1	-1	-1	-1	
34	31	adc8c7e65507e61d	4			yes					-1	-1	-1	-1	
35	16	38813324276c4435	3			yes					36	-1	-1	
36	35	fb7d3862441c7cc7	4			yes					-1	-1	-1	-1	
37	1	23449377522203ea	4			yes					-1	-1	38	44	
38	37	4351a1614367eb28	3			yes					39	-1	40	
39	38	feda6007ef248b4b	4			yes					-1	-1	-1	-1	
40	38	5703fceefca7105e	5			yes					41	42	43	-1	-1	
41	40	5e73eb480d1f6b08	4			yes					-1	-1	-1	-1	
42	40	8363f92f553b4e2f	4			yes					-1	-1	-1	-1	
43	40	984ae8d147ad62e4	4			yes					-1	-1	-1	-1	
44	37	8d75114cce49f9e2	3			yes					45	-1	-1	
45	44	4e299fae37bfd5dd	4			yes					-1	-1	-1	-1	
46	1	1c372c57e9b0ea18	4			yes					-1	-1	-1	47	
47	46	b206ae6c75db1010	3			yes					48	-1	-1	
48	47	0ef7cf8956bca0c9	5			yes					-1	-1	-1	-1	49	
49	48	ce385493b54c84a6	4			yes					-1	-1	-1	-1	
50	1	d2139c7a649ef8d2	4			yes					-1	-1	-1	-1	
51	0	13b2dc072820e523	5			yes					52	69	79	88	91	
52	51	89c1a14ceb3a38b5	4			yes					53	56	63	67	
53	52	be45abe36feaba56	4			yes					-1	54	-1	55	
54	53	07d7740d41d0a11f	3			yes					-1	-1	-1	
55	53	89571a88c5d78544	3			yes					-1	-1	-1	
56	52	d6a72c7a41ed3985	3			yes					57	59	61	
57	56	79e53a074ad2cb3b	4			yes					-1	-1	-1	58	
58	57	6edc7d3e694ec63a	3			yes					-1	-1	-1	
59	56	afe7eee4d2a99432	4			yes					60	-1	-1	-1	
60	59	4da3f10854672861	3			yes					-1	-1	-1	
61	56	f1055a94140801f7	5			yes					-1	-1	-1	-1	62	
62	61	31cac18ef7f82598	4			yes					-1	-1	-1	-1	
63	52	e9d4935afa7fd077	3			yes					64	-1	65	
64	63	7d666573ff617961	4			yes					-1	-1	-1	-1	
65	63	7a94e87bfafd9b12	5			yes					-1	-1	-1	-1	66	
66	65	ba5b7361190dbf7d	4			yes					-1	-1	-1	-1	
67	52	27f023777751c2bd	3			yes					68	-1	-1	
68	67	74a836d2cf20e352	4			yes					-1	-1	-1	-1	
69	51	0b314050e4e3ce6c	4			yes					-1	70	72	76	
70	69	901e39001b19bcd5	4			yes					71	-1	-1	-1	
71	70	9a9cc365cd9632aa	3			yes					-1	-1	-1	
72	69	9c87bf2c859fcaea	5			yes					73	-1	74	-1	75	
73	72	9605454953104495	4			yes					-1	-1	-1	-1	
74	72	2d1c98f37ec60308	4			yes					-1	-1	-1	-1	
75	72	d8a68ba6bc1f9992	4			yes					-1	-1	-1	-1	
76	69	aa0e610e6c1fbb8b	5			yes					77	-1	78	-1	-1	
77	76	a08c9b6bba9035f4	4			yes					-1	-1	-1	-1	
78	76	1b9546d197467269	4			yes					-1	-1	-1	-1	
79	51	4cd4513182f7e413	4			yes					-1	-1	80	86	
80	79	2cc1632793b20cd1	3			yes					-1	81	82	
81	80	3bf1d9314a72d632	4			yes					-1	-1	-1	-1	
82	80	d8ad636a6f8aeef9	5			yes					83	84	85	-1	-1	
83	82	d22f990fb9056086	4			yes					-1	-1	-1	-1	
84	82	809114ec720cbb06	4			yes					-1	-1	-1	-1	
85	82	17e47755d4809c43	4			yes					-1	-1	-1	-1	
86	79	e2e5d30a1e9c1e1b	3			yes					-1	87	-1	
87	86	8b02269892e988a4	4			yes					-1	-1	-1	-1	
88	51	73a7ee1139650de1	4			yes					-1	-1	-1	89	
89	88	dd966c2aa50ef7e9	3			yes					-1	90	-1	
90	89	cbdc76bff3eafdb0	5			yes					-1	-1	-1	-1	-1	
91	51	bd835e3cb44b1f2b	4			yes					-1	-1	-1	-1	
92	0	2e25d3220c91c453	5			yes					93	111	120	126	129	
93	92	b456ae69cf8b19c5	4			yes					94	102	104	109	
94	93	6653ac8eaeac4ad1	3			yes					-1	95	98	
95	94	e83a986fe99e8c23	5			yes					-1	-1	96	-1	97	
96	95	59a1bfb012c745c1	4			yes					-1	-1	-1	-1	
97	95	ac1bace5d01edf5b	4			yes					-1	-1	-1	-1	
98	94	deb3464d001efd42	5			yes					-1	-1	99	100	101	
99	98	6f286192fb4734a0	4			yes					-1	-1	-1	-1	
100	98	8bba757d2cb5cc10	4			yes					-1	-1	-1	-1	
101	98	234c6a170ae99b54	4			yes					-1	-1	-1	-1	
102	93	1e502ab55749d43c	4			yes					-1	-1	-1	103	
103	102	29429bdefd74eb2e	3			yes					-1	-1	-1	
104	93	d4439c7fdecef107	3			yes					-1	105	106	
105	104	dded2121a08a2578	4			yes					-1	-1	-1	-1	
106	104	bca6138d0e8463c2	5			yes					-1	-1	107	-1	108	
107	106	0d3d3452f5ddaa20	4			yes					-1	-1	-1	-1	
108	106	7c698897ed7447ad	4			yes					-1	-1	-1	-1	
109	93	1a672c5253e0e3cd	3			yes					-1	110	-1	
110	109	d4bdb784f7838d38	4			yes					-1	-1	-1	-1	
111	92	fc20d1c56db69747	4			yes					-1	112	114	118	
112	111	08d9230ff75371ed	4			yes					113	-1	-1	-1	
113	112	025bd96a21dcff92	3			yes					-1	-1	-1	
114	111	9c35e3d37cf37f85	3			yes					-1	115	116	
115	114	9a02a9b8606f0f82	4			yes					-1	-1	-1	-1	
116	114	776131cde78f63d2	5			yes					-1	-1	-1	-1	117	
117	116	5b88a8157f40c957	4			yes					-1	-1	-1	-1	
118	111	521153fef1dd6d4f	3			yes					-1	119	-1	
119	118	1a4e5a5388c12c1c	4			yes					-1	-1	-1	-1	
120	92	8652cf812f139c48	4			yes					-1	-1	121	124	
121	120	ae6eb88364fd5017	5			yes					-1	122	-1	-1	123	
122	121	7a0ebd42cd610e66	4			yes					-1	-1	-1	-1	
123	121	ea4f8c095d7d036f	4			yes					-1	-1	-1	-1	
124	120	98e766a18d7d2176	5			yes					-1	125	-1	-1	-1	
125	124	4c87636024e17f07	4			yes					-1	-1	-1	-1	
126	92	4e30e1341dd42c91	4			yes					-1	-1	-1	127	
127	126	e001630f81bfd699	3			yes					-1	-1	128	
128	127	f93571101288674d	5			yes					-1	-1	-1	-1	-1	
129	92	8014511990fa3e5b	4			yes					-1	-1	-1	-1	
130	0	e918266fdf7c4240	5			yes					131	146	159	166	168	
131	130	736b5b241c669fd6	4			yes					132	140	143	144	
132	131	a16e59c37d41ccc2	3			yes					133	135	136	
133	132	a1af8cc31cd04dc4	4			yes					-1	134	-1	-1	
134	133	4f1d51d922b0e1fc	3			yes					-1	-1	-1	
135	132	dc28546ce677db60	4			yes					-1	-1	-1	-1	
136	132	25e8e58a574e1bc1	5			yes					-1	137	-1	138	139	
137	136	eaa1f1b5ec44697b	4			yes					-1	-1	-1	-1	
138	136	70e1d6ba7be52a93	4			yes					-1	-1	-1	-1	
139	136	d817c9d05db97dd7	4			yes					-1	-1	-1	-1	
140	131	99f9f47a5f942331	3			yes					-1	141	142	
141	140	b0a544121608273e	4			yes					-1	-1	-1	-1	
142	140	d7003cc786ec8f28	4			yes					-1	-1	-1	-1	
143	131	3a709e4991f038e7	4			yes					-1	-1	-1	-1	
144	131	dd5ad91f800d65de	3			yes					-1	-1	145	
145	144	1b089eba15fc09ed	4			yes					-1	-1	-1	-1	
146	130	3b1d2488be5b1154	4			yes					-1	147	153	156	
147	146	d18f8bd6fda9adb3	3			yes					-1	148	149	
148	147	1903ed5a43218619	4			yes					-1	-1	-1	-1	
149	147	e0c35cbcf21846b8	5			yes					150	-1	-1	151	152	
150	149	ea41a6d92497c8c7	4			yes					-1	-1	-1	-1	
151	149	b5ca6f8cdeb377ea	4			yes					-1	-1	-1	-1	
152	149	1d3c70e6f8ef20ae	4			yes					-1	-1	-1	-1	
153	146	3c08ac6b493f9101	5			yes					154	-1	-1	-1	155	
154	153	368a560e9fb01f7e	4			yes					-1	-1	-1	-1	
155	153	e750f4a55d68c67d	4			yes					-1	-1	-1	-1	
156	146	952ca6b32230eb5c	3			yes					-1	-1	157	
157	156	07b792bd3b64dde8	5			yes					-1	-1	-1	-1	158	
158	157	7ac3f7f6831cf41b	4			yes					-1	-1	-1	-1	
159	130	038a89319c8efea7	4			yes					-1	-1	160	164	
160	159	add53789883081ea	5			yes					161	162	-1	-1	163	
161	160	a757cdec5ebf0f95	4			yes					-1	-1	-1	-1	
162	160	79b5324821acdf9b	4			yes					-1	-1	-1	-1	
163	160	439f625ff71accef	4			yes					-1	-1	-1	-1	
164	159	adbb0b0a00e504af	3			yes					-1	-1	165	
165	164	fc81dbd1ebbff725	5			yes					-1	-1	-1	-1	-1	
166	130	0cd552c97da4c86d	4			yes					-1	-1	-1	167	
167	166	9ab35f89b22e308a	5			yes					-1	-1	-1	-1	-1	
168	130	4729a4544317b848	4			yes					-1	-1	-1	-1	
169	0	c6a528e1b9667681	5			yes					170	182	195	208	240	
170	169	007d87d61c6cd21c	4			yes					171	175	181	-1	
171	170	078f0bd280927fdb	3			yes					172	173	-1	
172	171	0d731472662717b7	4			yes					-1	-1	-1	-1	
173	171	3053ebf86cb991aa	5			yes					-1	-1	-1	174	-1	
174	173	f063f2e21c8f6ecf	4			yes					-1	-1	-1	-1	
175	170	eaef28885f9e6efb	3			yes					-1	176	180	
176	175	23dff5131f7d533f	5			yes					177	178	-1	179	-1	
177	176	2aafe2b5eec52869	4			yes					-1	-1	-1	-1	
178	176	f7bff0d2b6e10d4e	4			yes					-1	-1	-1	-1	
179	176	afd03717d0b6d29e	4			yes					-1	-1	-1	-1	
180	175	74bbac54ad1b9d58	5			yes					-1	-1	-1	-1	-1	
181	170	5f1b0ae0b6bbd32c	3			yes					-1	-1	-1	
182	169	6fed4590ccb935e5	4			yes					183	191	194	-1	
183	182	f59e38db0fa3e873	3			yes					184	185	190	
184	183	569c7a79dcd38f00	4			yes					-1	-1	-1	-1	
185	183	71aa9ea49f687a4f	5			yes					186	187	-1	188	189	
186	185	93ee814819a6c61c	4			yes					-1	-1	-1	-1	
187	185	e6e1f0e6cc874477	4			yes					-1	-1	-1	-1	
188	185	b19a87beef5e852a	4			yes					-1	-1	-1	-1	
189	185	46b82fcf3555455d	4			yes					-1	-1	-1	-1	
190	183	568626739ff791f2	5			yes					-1	-1	-1	-1	-1	
191	182	776ed9c7007a1eaa	3			yes					-1	192	-1	
192	191	f57852cec9efccd3	5			yes					-1	-1	-1	193	-1	
193	192	35484bd4b9d933b6	4			yes					-1	-1	-1	-1	
194	182	308bc8a6666e34d5	3			yes					-1	-1	-1	
195	169	527a4ab5e8081495	4			yes					196	203	207	-1	
196	195	c80937fe2b12c903	3			yes					197	201	202	
197	196	6679383cb5297a22	5			yes					-1	198	199	200	-1	
198	197	18a6b276c7741328	4			yes					-1	-1	-1	-1	
199	197	d7e21fe34e70b3c0	4			yes					-1	-1	-1	-1	
200	197	ea76fa387ae2fb83	4			yes					-1	-1	-1	-1	
201	196	300445d5276b4ac3	4			yes					-1	-1	-1	-1	
202	196	90b4dd856b8e6922	5			yes					-1	-1	-1	-1	-1	
203	195	807f4852892f4781	3			yes					-1	204	206	
204	203	6da823fa9e4c95b8	5			yes					-1	-1	-1	205	-1	
205	204	ad983ae0ee7a6add	4			yes					-1	-1	-1	-1	
206	203	ace4cf9f0d21e89a	5			yes					-1	-1	-1	-1	-1	
207	195	fa0d5616cb8a4c8e	3			yes					-1	-1	-1	
208	169	c855d5ad24687b90	5			yes					209	222	231	238	239	
209	208	5226a8e6e772a606	4			yes					210	214	218	219	
210	209	9d229bfbe2799ca1	5			yes					-1	211	212	213	-1	
211	210	526b8fc45973ee1b	4			yes					-1	-1	-1	-1	
212	210	667481968727a870	4			yes					-1	-1	-1	-1	
213	210	112d59ff2db21d00	4			yes					-1	-1	-1	-1	
214	209	f3000c5c16e06c63	5			yes					-1	-1	215	216	217	
215	214	6f6505b4af9f8ebc	4			yes					-1	-1	-1	-1	
216	214	3330154666d69306	4			yes					-1	-1	-1	-1	
217	214	c412bd37bcdd5371	4			yes					-1	-1	-1	-1	
218	209	e4cf9d705503eb4c	4			yes					-1	-1	-1	-1	
219	209	6039b9ff5d6dd2ec	5			yes					-1	-1	220	-1	-1	
220	219	9b6fa3923833e63d	4			yes					-1	-1	-1	-1	
221	219	ec367bfb92a6534d	4			no					-1	-2	-2	-2	
222	208	1a50d74a454f2884	4			yes					-1	223	227	228	
223	222	580922cd472fc1d8	5			yes					224	-1	225	226	-1	
224	223	528bd8a891a04fa7	4			yes					-1	-1	-1	-1	
225	223	a35f38a02271f509	4			yes					-1	-1	-1	-1	
226	223	d406e0c988e44079	4			yes					-1	-1	-1	-1	
227	222	23b40127f4b9ea37	5			yes					-1	-1	-1	-1	-1	
228	222	3cb5817c0c7e1939	5			yes					229	-1	-1	230	-1	
229	228	36377b19daf19746	4			yes					-1	-1	-1	-1	
230	228	b0ba4378c3b59898	4			yes					-1	-1	-1	-1	
231	208	22c77af3679ac777	4			yes					-1	-1	232	233	
232	231	c8f334c2ea9d4539	5			yes					-1	-1	-1	-1	-1	
233	231	de75c2a77998e409	6			yes					234	235	-1	236	-1	237	
234	233	d4f738c2af176a76	5			yes					-1	-1	-1	-1	-1	
235	233	0a15c766d004ba78	5			yes					-1	-1	-1	-1	-1	
236	233	4210cb4fc0e706d6	5			yes					-1	-1	-1	-1	-1	
237	233	8e89bc7ef3dbb072	5			yes					-1	-1	-1	-1	-1	
238	208	b5da8ceb3544f135	4			yes					-1	-1	-1	-1	
239	208	df6b89b4f0e3b8c0	4			yes					-1	-1	-1	-1	
240	169	914a2df36bb19e55	6			yes					241	267	286	297	300	302	
241	240	0b3950b8a8ab43c3	5			yes					242	248	254	259	260	
242	241	888414df2bdd31c1	6			yes					-1	243	244	245	246	247	
243	242	47cd00e090d7437b	5			yes					-1	-1	-1	-1	-1	
244	242	391f3300d084f823	5			yes					-1	-1	-1	-1	-1	
245	242	048bd6dbe416b060	5			yes					-1	-1	-1	-1	-1	
246	242	59040bcc1fbf0896	5			yes					-1	-1	-1	-1	-1	
247	242	9a5c1a4514bc0940	5			yes					-1	-1	-1	-1	-1	
248	241	59c48b39e2fbc766	6			yes					-1	-1	249	250	252	253	
249	248	711b492ce84866b7	5			yes					-1	-1	-1	-1	-1	
250	248	99f4922392cd3803	5			yes					-1	-1	-1	-1	251	
251	250	7b616fac404135ad	4			yes					-1	-1	-1	-1	
252	248	aaaacb96966ab41a	5			yes					-1	-1	-1	-1	-1	
253	248	bb5176b63077cac8	5			yes					-1	-1	-1	-1	-1	
254	241	f0e22d96171e33ed	6			yes					-1	-1	-1	255	257	258	
255	254	30d2348c6728cc88	5			yes					-1	-1	-1	-1	256	
256	255	d247c903b5a4c126	4			yes					-1	-1	-1	-1	
257	254	038c6d39638f4091	5			yes					-1	-1	-1	-1	-1	
258	254	1277d019c5923e43	5			yes					-1	-1	-1	-1	-1	
259	241	fab193b2394a3d81	4			yes					-1	-1	-1	-1	
260	241	9679e38519e39081	4			yes					261	263	265	-1	
261	260	9c9900f9fe707b86	6			yes					-1	-1	-1	-1	262	-1	
262	261	4d191feaca1242d1	5			yes					-1	-1	-1	-1	-1	
263	260	f97305c557c0f382	6			yes					-1	-1	-1	264	-1	-1	
264	263	39431cdf27f60ce7	5			yes					-1	-1	-1	-1	-1	
265	260	5055a36aa2250709	6			yes					-1	-1	-1	266	-1	-1	
266	265	9065ba70d213f86c	5			yes					-1	-1	-1	-1	-1	
267	240	434f2f140a96cd41	5			yes					-1	268	274	280	281	
268	267	4dafade98e8b6cb8	6			yes					269	-1	270	271	272	273	
269	268	472d578c5804e2c7	5			yes					-1	-1	-1	-1	-1	
270	268	fc348a3675d2a55a	5			yes					-1	-1	-1	-1	-1	
271	268	c1a06fed4140ed19	5			yes					-1	-1	-1	-1	-1	
272	268	9c2fb2fabae955ef	5			yes					-1	-1	-1	-1	-1	
273	268	5f77a373b1ea5439	5			yes					-1	-1	-1	-1	-1	
274	267	27a9e4694a426832	6			yes					275	-1	-1	276	278	279	
275	274	2d2b1e0c9ccde64d	5			yes					-1	-1	-1	-1	-1	
276	274	e799fd733a749757	5			yes					-1	-1	-1	-1	277	
277	276	050c00fce8f89af9	4			yes					-1	-1	-1	-1	
278	274	d4c7a4c63ed31b4e	5			yes					-1	-1	-1	-1	-1	
279	274	c53c19e698ce659c	5			yes					-1	-1	-1	-1	-1	
280	267	b2c7ec1e9b77b303	4			yes					-1	-1	-1	-1	
281	267	de0f9c29bbde1e03	4			yes					-1	282	284	-1	
282	281	59b2b9cf5b2626ff	6			yes					-1	-1	-1	-1	283	-1	
283	282	8832a6dc6f441fa8	5			yes					-1	-1	-1	-1	-1	
284	281	871e6a95ff795cd6	6			yes					-1	-1	-1	285	-1	-1	
285	284	472e738f8f4fa3b3	5			yes					-1	-1	-1	-1	-1	
286	240	7bd882ad284322b2	5			yes					-1	-1	287	293	294	
287	286	7f46aa466fe9f645	6			yes					288	289	-1	290	291	292	
288	287	75c45023b966783a	5			yes					-1	-1	-1	-1	-1	
289	287	ab26af87c675a834	5			yes					-1	-1	-1	-1	-1	
290	287	f3496842a02277e4	5			yes					-1	-1	-1	-1	-1	
291	287	aec6b5555b8bcf12	5			yes					-1	-1	-1	-1	-1	
292	287	6d9ea4dc5088cec4	5			yes					-1	-1	-1	-1	-1	
293	286	8a5041a7b9a25cf0	4			yes					-1	-1	-1	-1	
294	286	e6983190990bf1f0	4			yes					-1	-1	295	-1	
295	294	6b5bbe60ba44bc02	6			yes					-1	-1	-1	-1	296	-1	
296	295	badba1738e268555	5			yes					-1	-1	-1	-1	-1	
297	240	ce2ca0c5c1669f65	5			yes					-1	-1	-1	298	299	
298	297	3fa463cf5087e127	4			yes					-1	-1	-1	-1	
299	297	536c13f8702e4c27	4			yes					-1	-1	-1	-1	
300	240	60c2eef9fa50e017	5			yes					-1	-1	-1	-1	301	
301	300	fd825dc44b183355	4			yes					-1	-1	-1	-1	
302	240	0c0a9ecedaf94d17	5			yes					-1	-1	-1	-1	-1	
303	0	d7ebebe55926a0a2	5			yes					304	335	360	385	-1	
304	303	b558d1ff3366b7da	5			yes					305	311	324	334	-1	
305	304	b2aa5dfbaf981a1d	4			yes					306	308	310	-1	
306	305	1779a918e8f66403	5			yes					-1	-1	-1	-1	307	
307	306	f5ec54973a7a69ad	4			yes					-1	-1	-1	-1	
308	305	d169afe08b136d71	5			yes					-1	-1	-1	-1	309	
309	308	33fc526f599f60df	4			yes					-1	-1	-1	-1	
310	305	4c453868418b0474	5			yes					-1	-1	-1	-1	-1	
311	304	5fca7ea170940b3d	4			yes					-1	312	320	-1	
312	311	77111a1806a0cc9b	6			yes					313	315	-1	317	318	319	
313	312	7e610dbef718b7cd	5			yes					-1	-1	-1	-1	314	
314	313	9cf4f0312594ba63	4			yes					-1	-1	-1	-1	
315	312	a3711fd9af3c92ea	5			yes					-1	-1	-1	-1	316	
316	315	41e4e2567db09f44	4			yes					-1	-1	-1	-1	
317	312	221829282a0bfdc9	5			yes					-1	-1	-1	-1	-1	
318	312	847f5ab77231bfe7	5			yes					-1	-1	-1	-1	-1	
319	312	9584e797d42cc135	5			yes					-1	-1	-1	-1	-1	
320	311	8f87977f5061a068	5			yes					321	322	-1	-1	323	
321	320	86f780d9a1d9db3e	4			yes					-1	-1	-1	-1	
322	320	5be792bef9fdfe19	4			yes					-1	-1	-1	-1	
323	320	9d5f99e56f0098e9	4			yes					-1	-1	-1	-1	
324	304	ea3e5cc999b1b6ea	4			yes					-1	-1	325	-1	
325	324	f5ca6d78776040e9	6			yes					326	328	330	-1	332	333	
326	325	fcba7ade86d83bbf	5			yes					-1	-1	-1	-1	327	
327	326	1e2f875154543611	4			yes					-1	-1	-1	-1	
328	325	21aa68b9defc1e98	5			yes					-1	-1	-1	-1	329	
329	328	c33f95360c701336	4			yes					-1	-1	-1	-1	
330	325	3a837947cc6a3253	5			yes					-1	-1	-1	-1	331	
331	330	d81684c81ee63ffd	4			yes					-1	-1	-1	-1	
332	325	ab707325be6dfbdc	5			yes					-1	-1	-1	-1	-1	
333	325	175f90f7a5ec4d47	5			yes					-1	-1	-1	-1	-1	
334	304	d54de3e922235f18	4			yes					-1	-1	-1	-1	
335	303	dac813b9e3b35023	5			yes					336	346	350	359	-1	
336	335	40bb6ef220a98db5	4			yes					337	339	344	-1	
337	336	98aca7a863cafb96	5			yes					-1	-1	-1	-1	338	
338	337	7a395a27b146f638	4			yes					-1	-1	-1	-1	
339	336	b13da46256669dd7	5			yes					340	341	-1	342	343	
340	339	5379bb8ed0a82184	4			yes					-1	-1	-1	-1	
341	339	2676ca200589a3ef	4			yes					-1	-1	-1	-1	
342	339	295fb95dd61b112d	4			yes					-1	-1	-1	-1	
343	339	a3e5aaf86907a556	4			yes					-1	-1	-1	-1	
344	336	38261f9aedca3faf	5			yes					-1	-1	-1	-1	345	
345	344	2afe1100d2ab072e	4			yes					-1	-1	-1	-1	
346	335	c24b8fee2f707b6c	4			yes					-1	347	349	-1	
347	346	144216d62e453008	5			yes					-1	-1	-1	-1	348	
348	347	f6d7eb59fcc93da6	4			yes					-1	-1	-1	-1	
349	346	896e815ee4dd590d	5			yes					-1	-1	-1	-1	-1	
350	335	85ae9e8f49645113	4			yes					-1	-1	351	-1	
351	350	7a64f2fce44dbe4e	6			yes					352	354	356	-1	357	358	
352	351	70e6089932c23031	5			yes					-1	-1	-1	-1	353	
353	352	9273f516e04e3d9f	4			yes					-1	-1	-1	-1	
354	351	2258857af9cbebb1	5			yes					-1	-1	-1	-1	355	
355	354	c0cd78f52b47e61f	4			yes					-1	-1	-1	-1	
356	351	b52de6c35f47ccf4	5			yes					-1	-1	-1	-1	-1	
357	351	24deeca12d40057b	5			yes					-1	-1	-1	-1	-1	
358	351	98f10f7336c1b3e0	5			yes					-1	-1	-1	-1	-1	
359	335	badd21aff2f6b8e1	4			yes					-1	-1	-1	-1	
360	303	e75f1c9cc7027153	5			yes					361	376	382	384	-1	
361	360	7d2c61d70418acc5	4			yes					362	371	373	-1	
362	361	32b7d737acf4e586	6			yes					-1	363	365	367	369	370	
363	362	4c685d7ddea98c8c	5			yes					-1	-1	-1	-1	364	
364	363	aefda0f20c258122	4			yes					-1	-1	-1	-1	
365	362	832cf0e857ad2c64	5			yes					-1	-1	-1	-1	366	
366	365	61b90d67852121ca	4			yes					-1	-1	-1	-1	
367	362	67bee407805fd4d4	5			yes					-1	-1	-1	-1	368	
368	367	852b198852d3d97a	4			yes					-1	-1	-1	-1	
369	362	c1d99798d86596fa	5			yes					-1	-1	-1	-1	-1	
370	362	d0222ab87e78e828	5			yes					-1	-1	-1	-1	-1	
371	361	38b926fe5b6995fc	5			yes					-1	-1	-1	-1	372	
372	371	da2cdb7189e59852	4			yes					-1	-1	-1	-1	
373	361	fe14e46c19b3c77f	5			yes					-1	-1	374	-1	375	
374	373	4f8fc3b3e2ea0e9d	4			yes					-1	-1	-1	-1	
375	373	eccceaf626d2fffe	4			yes					-1	-1	-1	-1	
376	360	355a1e7ba6252247	4			yes					-1	377	379	-1	
377	376	2fa6f3bb04ffd77d	5			yes					-1	-1	-1	-1	378	
378	377	cd330e34d673dad3	4			yes					-1	-1	-1	-1	
379	376	9deca29848fdd025	5			yes					380	-1	-1	-1	381	
380	379	976e58fd9e725e5a	4			yes					-1	-1	-1	-1	
381	379	8f34ac02779ce8a4	4			yes					-1	-1	-1	-1	
382	360	4f28003fe4802948	4			yes					-1	-1	383	-1	
383	382	bb8786f105bfc3f0	5			yes					-1	-1	-1	-1	-1	
384	360	874a2e8ad6479991	4			yes					-1	-1	-1	-1	
385	303	2062e9d114eff740	5			yes					386	399	410	412	-1	
386	385	ba11949ad7f52ad6	4			yes					387	395	397	-1	
387	386	c9ec74f0fba40305	6			yes					-1	388	390	392	393	394	
388	387	06a560cf40ae71bf	5			yes					-1	-1	-1	-1	389	
389	388	e4309d4092227c11	4			yes					-1	-1	-1	-1	
390	387	32ba6e9d9efa37d4	5			yes					-1	-1	-1	-1	391	
391	390	d02f93124c763a7a	4			yes					-1	-1	-1	-1	
392	387	9ce547c0d70f3257	5			yes					-1	-1	-1	-1	-1	
393	387	3a82345f8f357079	5			yes					-1	-1	-1	-1	-1	
394	387	2b79897f29280eab	5			yes					-1	-1	-1	-1	-1	
395	386	4ee17087a425ef45	5			yes					-1	-1	-1	-1	396	
396	395	ac748d0876a9e2eb	4			yes					-1	-1	-1	-1	
397	386	23686f53e53d79b2	5			yes					-1	-1	-1	-1	398	
398	397	c1fd92dc37b1741c	4			yes					-1	-1	-1	-1	
399	385	f267eb3675c8a454	4			yes					-1	400	408	-1	
400	399	0cc7cdc65ef25e7c	6			yes					401	-1	403	405	406	407	
401	400	064537a3887dd003	5			yes					-1	-1	-1	-1	402	
402	401	e4d0ca2c5af1ddad	4			yes					-1	-1	-1	-1	
403	400	f791d7ab3bac6aad	5			yes					-1	-1	-1	-1	404	
404	403	15042a24e9206703	4			yes					-1	-1	-1	-1	
405	400	59cefef672596f2e	5			yes					-1	-1	-1	-1	-1	
406	400	ffa98d692a632d00	5			yes					-1	-1	-1	-1	-1	
407	400	ee5230498c7e53d2	5			yes					-1	-1	-1	-1	-1	
408	399	18fb785f8d9bf88a	5			yes					-1	-1	-1	-1	409	
409	408	fa6e85d05f17f524	4			yes					-1	-1	-1	-1	
410	385	caf0468f571d4ba7	4			yes					-1	-1	411	-1	
411	410	7d80fcef53fbb000	5			yes					-1	-1	-1	-1	-1	
412	385	c5af9d77b6377d6d	4			yes					-1	-1	-1	-1	
