Number of nodes
601
ID	PID	Hash_Value			File_Number	Fully_Enumerated	Children
0	-1	1ec9b06b7845270b	6			yes					1	194	334	449	549	600	
1	0	c1b900f2b5ce983e	5			yes					2	72	104	135	158	
2	1	e858207058a5043a	5			yes					3	17	39	60	71	
3	2	b200ca7ecd9b7f5e	4			yes					4	6	9	13	
4	3	717288f2736d4775	5			yes					-1	-1	-1	-1	5	
5	4	03484866848195b8	4			yes					-1	-1	-1	-1	
6	3	7bbb6897f2f872ce	5			yes					-1	7	-1	-1	8	
7	6	88a1171089ce2a65	4			yes					-1	-1	-1	-1	
8	6	2100fe8c68c79835	4			yes					-1	-1	-1	-1	
9	3	b93b3b288efdd56d	3			yes					10	11	12	
10	9	19643cb0542174c4	4			yes					-1	-1	-1	-1	
11	9	6fcdcc185c65d401	4			yes					-1	-1	-1	-1	
12	9	81a4be6ccbafd5da	5			yes					-1	-1	-1	-1	-1	
13	3	031edf9b33e79f43	3			yes					14	15	-1	
14	13	20aa829c641c1711	4			yes					-1	-1	-1	-1	
15	13	6df1b4d26e91801d	5			yes					-1	-1	-1	-1	16	
16	15	c17c3e81e396fb09	4			yes					-1	-1	-1	-1	
17	2	70ec4aa6657cd82f	4			yes					-1	18	25	32	
18	17	31f6e87da60dab4d	5			yes					19	21	22	23	24	
19	18	8bf694d85c99fe92	4			yes					20	-1	-1	-1	
20	19	a875a2cdeff25e1b	3			yes					-1	-1	-1	
21	18	1275de6815660bc4	4			yes					-1	-1	-1	-1	
22	18	8857daf572f2d4a0	4			yes					-1	-1	-1	-1	
23	18	29b6d7664c1170fd	4			yes					-1	-1	-1	-1	
24	18	38624723771c510b	4			yes					-1	-1	-1	-1	
25	17	5e81d295d90dff62	5			yes					26	28	29	30	31	
26	25	e481ae302399aabd	4			yes					27	-1	-1	-1	
27	26	c702982590f20a34	3			yes					-1	-1	-1	
28	25	7d02e4806a665feb	4			yes					-1	-1	-1	-1	
29	25	88da1b4381280840	4			yes					-1	-1	-1	-1	
30	25	2db9c6d318eb2f50	4			yes					-1	-1	-1	-1	
31	25	3ce09720d03cd246	4			yes					-1	-1	-1	-1	
32	17	674f6cb9e9309cb7	5			yes					33	35	36	37	38	
33	32	dd4f101c13a4c968	4			yes					34	-1	-1	-1	
34	33	fecc2609a0cf69e1	3			yes					-1	-1	-1	
35	32	44cc5aac5a5b3c3e	4			yes					-1	-1	-1	-1	
36	32	b114a56fb1156b95	4			yes					-1	-1	-1	-1	
37	32	e311e60084f31ede	4			yes					-1	-1	-1	-1	
38	32	cb8609df7c19801d	4			yes					-1	-1	-1	-1	
39	2	78c9646b15fded5f	4			yes					-1	-1	40	47	
40	39	2828223dd1495fa7	5			yes					41	43	44	45	46	
41	40	92285e982bdd0a78	4			yes					42	-1	-1	-1	
42	41	b1ab688d98b6aaf1	3			yes					-1	-1	-1	
43	40	0bab14286222ff2e	4			yes					-1	-1	-1	-1	
44	40	db325dbaaa7f070c	4			yes					-1	-1	-1	-1	
45	40	08f870823bf880d9	4			yes					-1	-1	-1	-1	
46	40	4a496788d8787283	4			yes					-1	-1	-1	-1	
47	39	2a145af7e3bd0bbb	6			yes					48	52	55	-1	57	58	
48	47	9014265219295e64	5			yes					49	50	-1	-1	51	
49	48	b3971047aa42feed	4			yes					-1	-1	-1	-1	
50	48	630e59d5621f06cf	4			yes					-1	-1	-1	-1	
51	48	3c99ac01942e2570	4			yes					-1	-1	-1	-1	
52	47	09976ce250d6ab32	5			yes					-1	53	-1	-1	54	
53	52	fa8d13652be0f399	4			yes					-1	-1	-1	-1	
54	52	a51ae6b1ddd1d026	4			yes					-1	-1	-1	-1	
55	47	d90e2570988b5310	5			yes					-1	-1	-1	-1	56	
56	55	7583af23158c2804	4			yes					-1	-1	-1	-1	
57	47	96203a811195f7a6	5			yes					-1	-1	-1	-1	-1	
58	47	8699d0a46eba70af	5			yes					-1	-1	-1	-1	59	
59	58	3aadb0d29c928cb2	4			yes					-1	-1	-1	-1	
60	2	e363d1261bc3ae09	4			yes					-1	-1	-1	61	
61	60	c641504946835e7c	6			yes					62	64	66	68	-1	70	
62	61	7c412cecbc170ba3	5			yes					-1	-1	-1	-1	63	
63	62	d0cca6bf311070b7	4			yes					-1	-1	-1	-1	
64	61	e5c2665cf5e8fef5	5			yes					-1	-1	-1	-1	65	
65	64	494fec0f78ef85e1	4			yes					-1	-1	-1	-1	
66	61	355b2fce3db506d7	5			yes					-1	-1	-1	-1	67	
67	66	99d6a59db0b27dc3	4			yes					-1	-1	-1	-1	
68	61	60e45f83bacdb4b4	5			yes					-1	-1	-1	-1	69	
69	68	cc69d5d037cacfa0	4			yes					-1	-1	-1	-1	
70	61	6accda1acb842568	5			yes					-1	-1	-1	-1	-1	
71	2	59463595a6d9e427	4			yes					-1	-1	-1	-1	
72	1	e772b46a99c31bdc	4			yes					73	83	92	103	
73	72	0c047ddd583e01d2	3			yes					74	75	79	
74	73	a156ee1b9ca3140e	4			yes					-1	-1	-1	-1	
75	73	65c7bc70044ad3bd	5			yes					-1	76	77	-1	78	
76	75	2c5c242cdf5de313	4			yes					-1	-1	-1	-1	
77	75	c362b3baf8043975	4			yes					-1	-1	-1	-1	
78	75	11c73e12a0a4d1b6	4			yes					-1	-1	-1	-1	
79	73	c0920f1a4b048507	5			yes					-1	80	81	-1	82	
80	79	890997469013b5a9	4			yes					-1	-1	-1	-1	
81	79	663700d0b74a6fcf	4			yes					-1	-1	-1	-1	
82	79	afd5c4c459cce516	4			yes					-1	-1	-1	-1	
83	72	51532d047ce75020	3			yes					-1	84	88	
84	83	3dd573fe7bd6150f	5			yes					85	86	-1	-1	87	
85	84	87d50f5b814240d0	4			yes					-1	-1	-1	-1	
86	84	9456188e481d90cd	4			yes					-1	-1	-1	-1	
87	84	49d5f19cdf381704	4			yes					-1	-1	-1	-1	
88	83	9880c094349843b5	5			yes					89	90	-1	-1	91	
89	88	2280bc31ce0c166a	4			yes					-1	-1	-1	-1	
90	88	3103abe40753c677	4			yes					-1	-1	-1	-1	
91	88	f7c70b4a265023a4	4			yes					-1	-1	-1	-1	
92	72	ec49453cdaa5b1ef	3			yes					-1	-1	93	
93	92	f6c0eaf766021332	6			yes					94	96	98	100	-1	102	
94	93	4cc096529c9646ed	5			yes					-1	-1	-1	-1	95	
95	94	e04d1c0111913df9	4			yes					-1	-1	-1	-1	
96	93	5f43818755c996f0	5			yes					-1	-1	-1	-1	97	
97	96	f3ce0bd4d8ceede4	4			yes					-1	-1	-1	-1	
98	93	bf5b72abbd15239c	5			yes					-1	-1	-1	-1	99	
99	98	13d6f8f830125888	4			yes					-1	-1	-1	-1	
100	93	5065e53d9a4cf9fa	5			yes					-1	-1	-1	-1	101	
101	100	fce86f6e174b82ee	4			yes					-1	-1	-1	-1	
102	93	5a4d60a4eb056826	5			yes					-1	-1	-1	-1	-1	
103	72	566ca18f67bffbc1	3			yes					-1	-1	-1	
104	1	346c341cf840b362	4			yes					105	114	132	134	
105	104	df1afdab39bda96c	3			yes					106	109	110	
106	105	b36a6966f4ec3c3b	5			yes					-1	107	-1	-1	108	
107	106	137bf0391ef45423	4			yes					-1	-1	-1	-1	
108	106	4e26a0cb94df36ba	4			yes					-1	-1	-1	-1	
109	105	5a6500340a97d8a6	4			yes					-1	-1	-1	-1	
110	105	9f08214982fd8e35	5			yes					-1	111	112	-1	113	
111	110	6c125ecef9cbd69e	4			yes					-1	-1	-1	-1	
112	110	dcb6e70b176b07ca	4			yes					-1	-1	-1	-1	
113	110	f04fea979035ee24	4			yes					-1	-1	-1	-1	
114	104	acd85ecac5996f77	3			yes					-1	115	119	
115	114	76b4001dacda838b	5			yes					116	117	-1	-1	118	
116	115	ccb47cb8564ed654	4			yes					-1	-1	-1	-1	
117	115	df376b6d9f110649	4			yes					-1	-1	-1	-1	
118	115	7d26c35180668f4d	4			yes					-1	-1	-1	-1	
119	114	610fa2f6f9199631	6			yes					120	123	125	127	129	131	
120	119	db0fde53038dc3ee	5			yes					121	-1	-1	-1	122	
121	120	728cb5233046462c	4			yes					-1	-1	-1	-1	
122	120	778254008e8ab8fa	4			yes					-1	-1	-1	-1	
123	119	c88cc986cad213f3	5			yes					-1	-1	-1	-1	124	
124	123	640143d547d568e7	4			yes					-1	-1	-1	-1	
125	119	c11e3ba91301fe29	5			yes					-1	-1	-1	-1	126	
126	125	6d93b1fa9e06853d	4			yes					-1	-1	-1	-1	
127	119	98d5ec32be387ded	5			yes					-1	-1	-1	-1	128	
128	127	34586661333f06f9	4			yes					-1	-1	-1	-1	
129	119	e6c54a1de96128cd	5			yes					-1	-1	-1	-1	130	
130	129	4a48c04e646653d9	4			yes					-1	-1	-1	-1	
131	119	cd8228a5741eed25	5			yes					-1	-1	-1	-1	-1	
132	104	c2dcb68402582606	3			yes					-1	-1	133	
133	132	a193bbd170e33b6e	5			yes					-1	-1	-1	-1	-1	
134	104	857221f9063c537f	3			yes					-1	-1	-1	
135	1	ef2c3d095bc26e7a	4			yes					136	143	155	157	
136	135	045af4be9a3f7474	3			yes					137	140	-1	
137	136	dbe93b84cb5bde5e	5			yes					-1	-1	138	139	-1	
138	137	c30e2ca9d839ad7e	4			yes					-1	-1	-1	-1	
139	137	8bae2c7f38eb63b5	4			yes					-1	-1	-1	-1	
140	136	cc808f99d7af8131	5			yes					-1	141	-1	142	-1	
141	140	3f9af01eac99d99a	4			yes					-1	-1	-1	-1	
142	140	9cc79862241f3cda	4			yes					-1	-1	-1	-1	
143	135	779857df661bb26f	3			yes					-1	144	154	
144	143	f8332e826f81c8f1	6			yes					145	147	149	150	152	153	
145	144	4233522795159d2e	5			yes					-1	-1	-1	-1	146	
146	145	aba2bb413b2a26a0	4			yes					-1	-1	-1	-1	
147	144	51b045f25c4a4d33	5			yes					-1	-1	-1	-1	148	
148	147	b821ac94f275f6bd	4			yes					-1	-1	-1	-1	
149	144	41921c0abb7eb71c	5			yes					-1	-1	-1	-1	-1	
150	144	d072a9742e35c640	5			yes					-1	-1	-1	-1	151	
151	150	39e34012800a7dce	4			yes					-1	-1	-1	-1	
152	144	8263a2ab5c14a141	4			yes					-1	-1	-1	-1	
153	144	11a2c7e4c1be737f	5			yes					-1	-1	-1	-1	-1	
154	143	1179eaf7dc4858fb	5			yes					-1	-1	-1	-1	-1	
155	135	7fbd7912169a871f	3			yes					-1	-1	156	
156	155	67d01a5fd40cf83e	5			yes					-1	-1	-1	-1	-1	
157	135	e353e77ab17c2f7e	3			yes					-1	-1	-1	
158	1	0680c07d01a9f0a1	5			yes					159	167	187	192	193	
159	158	edf609cac054eaaf	4			yes					160	162	165	-1	
160	159	8cab5dabbd05c098	5			yes					-1	-1	-1	-1	161	
161	160	e8e403daeadf6bc2	4			yes					-1	-1	-1	-1	
162	159	caddad06ffa05b92	5			yes					-1	163	-1	-1	164	
163	162	39c7d28184960339	4			yes					-1	-1	-1	-1	
164	162	ae92f377a87af0c8	4			yes					-1	-1	-1	-1	
165	159	137fc416dd204986	5			yes					-1	-1	-1	-1	166	
166	165	77309a678afae2dc	4			yes					-1	-1	-1	-1	
167	158	9e34aaab3c702cb4	4			yes					-1	168	179	185	
168	167	652dbadfaa3a15ce	6			yes					169	171	173	174	176	177	
169	168	df2dc67a50ae4011	5			yes					-1	-1	-1	-1	170	
170	169	f2fee2e76b975855	4			yes					-1	-1	-1	-1	
171	168	ccaed1af99f1900c	5			yes					-1	-1	-1	-1	172	
172	171	e17df532a2c88848	4			yes					-1	-1	-1	-1	
173	168	dc8c88577ec56a23	5			yes					-1	-1	-1	-1	-1	
174	168	7d6d85c44026ce7e	5			yes					-1	-1	-1	-1	175	
175	174	50bea1597b1fd63a	4			yes					-1	-1	-1	-1	
176	168	9fb13edbcc856c04	5			yes					-1	-1	-1	-1	-1	
177	168	48fe9e4291030d8a	5			yes					-1	-1	-1	-1	178	
178	177	b2621a46f7bc7440	4			yes					-1	-1	-1	-1	
179	167	950f5bfd7f168687	3			yes					180	182	-1	
180	179	1fa31e9990f682d0	5			yes					-1	-1	-1	-1	181	
181	180	32703a04abcf9a94	4			yes					-1	-1	-1	-1	
182	179	2abc9f8caa9bf7d8	5			yes					183	-1	-1	-1	184	
183	182	90bce329500fa207	4			yes					-1	-1	-1	-1	
184	182	4ef3c1fdfd415c82	4			yes					-1	-1	-1	-1	
185	167	70dc7cfacfc35958	3			yes					-1	186	-1	
186	185	e8d265c6ab50516d	5			yes					-1	-1	-1	-1	-1	
187	158	961184664cf119c4	4			yes					-1	-1	188	191	
188	187	9d2a75300f97b3f7	3			yes					189	-1	-1	
189	188	690aee3198b22215	5			yes					-1	-1	-1	-1	190	
190	189	44d9caaca38b3a51	4			yes					-1	-1	-1	-1	
191	187	78f95237bf426c28	3			yes					-1	-1	-1	
192	158	0dbb312b42cf5a92	4			yes					-1	-1	-1	-1	
193	158	e868162cf21a854d	4			yes					-1	-1	-1	-1	
194	0	3b582c24784e71c8	5			yes					-1	195	257	281	299	
195	194	6d4e08693d9c3a6c	5			yes					196	216	229	245	256	
196	195	aab55e3f4069e2c0	4			yes					197	199	205	211	
197	196	368ac218172fb032	5			yes					-1	-1	-1	-1	198	
198	197	fbf984668710b5d6	4			yes					-1	-1	-1	-1	
199	196	7027ac326472b7e6	5			yes					200	201	202	203	204	
200	199	87bff09c10a15178	4			yes					-1	-1	-1	-1	
201	199	c8be06b7fd543f3a	4			yes					-1	-1	-1	-1	
202	199	5ed5666ed6f84fb4	4			yes					-1	-1	-1	-1	
203	199	686793298e6e6c56	4			yes					-1	-1	-1	-1	
204	199	79b3036cb5634da0	4			yes					-1	-1	-1	-1	
205	196	d29f075f6e76adf4	5			yes					206	207	208	209	210	
206	205	25075bf11aa54b6a	4			yes					-1	-1	-1	-1	
207	205	6a06addaf7502528	4			yes					-1	-1	-1	-1	
208	205	ff965ed282c10c14	4			yes					-1	-1	-1	-1	
209	205	0069ea130873e286	4			yes					-1	-1	-1	-1	
210	205	b0fe42ea674780d0	4			yes					-1	-1	-1	-1	
211	196	487dbab0e1fc05bf	5			yes					212	213	214	215	-1	
212	211	bfe5e61e952fe321	4			yes					-1	-1	-1	-1	
213	211	f0e4103578da8d63	4			yes					-1	-1	-1	-1	
214	211	6574e33d0d4ba45f	4			yes					-1	-1	-1	-1	
215	211	25456e637f6d3bd9	4			yes					-1	-1	-1	-1	
216	195	ed4ff6fe8db77be7	4			yes					-1	217	220	223	
217	216	0abbb45d80138da3	5			yes					218	-1	-1	-1	219	
218	217	2797db80818f98a5	4			yes					-1	-1	-1	-1	
219	217	500022461a2c6758	4			yes					-1	-1	-1	-1	
220	216	e67407a8ced1d1d4	3			yes					221	222	-1	
221	220	29f18b4b45e51a37	4			yes					-1	-1	-1	-1	
222	220	1ecd10d22e8e2b6c	4			yes					-1	-1	-1	-1	
223	216	5c51e31b73cb9bfa	3			yes					224	226	-1	
224	223	62bd371d25324282	5			yes					-1	-1	-1	-1	225	
225	224	ce30bd4ea8353996	4			yes					-1	-1	-1	-1	
226	223	1cf168181c7a7f70	5			yes					-1	-1	-1	-1	227	
227	226	b07ce24b917d0464	4			yes					-1	-1	-1	-1	
228	223	f0a462a6b9442ab7	5			no					-1	-1	-1	-1	-2	
229	195	fddf4c7270c4d309	4			yes					-1	-1	230	236	
230	229	0585d69e8a60777b	5			yes					231	232	233	234	235	
231	230	28a9b9438bfc627d	4			yes					-1	-1	-1	-1	
232	230	2606e08b390bd7f2	4			yes					-1	-1	-1	-1	
233	230	4c1e4ec2517747d5	4			yes					-1	-1	-1	-1	
234	230	2555842160d1a805	4			yes					-1	-1	-1	-1	
235	230	67e4932b83515a5f	4			yes					-1	-1	-1	-1	
236	229	07b9ae54b8942367	6			yes					237	239	241	-1	243	244	
237	236	2a95c189b9083661	5			yes					-1	-1	-1	-1	238	
238	237	86184bda340f4d75	4			yes					-1	-1	-1	-1	
239	236	243a98410bff83ee	5			yes					-1	-1	-1	-1	240	
240	239	88b7121286f8f8fa	4			yes					-1	-1	-1	-1	
241	236	4e223608638313c9	5			yes					-1	-1	-1	-1	242	
242	241	e2afbc5bee8468dd	4			yes					-1	-1	-1	-1	
243	236	bb8dce224abcdf7a	5			yes					-1	-1	-1	-1	-1	
244	236	ab34240735935873	5			yes					-1	-1	-1	-1	-1	
245	195	6675f93f7efa905f	4			yes					-1	-1	-1	246	
246	245	ebeca4ea1daa76a0	6			yes					247	249	251	253	-1	255	
247	246	c6c0cb371c3663a6	5			yes					-1	-1	-1	-1	248	
248	247	6a4d4164913118b2	4			yes					-1	-1	-1	-1	
249	246	c86f92ffaec1d629	5			yes					-1	-1	-1	-1	250	
250	249	64e218ac23c6ad3d	4			yes					-1	-1	-1	-1	
251	246	a2773cb6c6bd460e	5			yes					-1	-1	-1	-1	252	
252	251	0efab6e54bba3d1a	4			yes					-1	-1	-1	-1	
253	246	4d49ab20e1e49c68	5			yes					-1	-1	-1	-1	254	
254	253	e1c421736ce3e77c	4			yes					-1	-1	-1	-1	
255	246	47612eb990ad0db4	5			yes					-1	-1	-1	-1	-1	
256	195	dc501d8cc3e0da71	4			yes					-1	-1	-1	-1	
257	194	ff1314eba86ee958	4			yes					258	273	278	280	
258	257	38e842bdd59b31f4	3			yes					259	261	263	
259	258	fe417b47a00af7ab	5			yes					-1	-1	-1	-1	260	
260	259	030db2eac039fd2a	4			yes					-1	-1	-1	-1	
261	258	8c5ad746e7066852	5			yes					-1	-1	-1	-1	262	
262	261	87c8140acbba6494	4			yes					-1	-1	-1	-1	
263	258	df18f2715abcd1ff	6			yes					264	266	268	270	271	272	
264	263	2880aedf2e6f3761	5			yes					-1	-1	-1	-1	265	
265	264	840d248ca3684c75	4			yes					-1	-1	-1	-1	
266	263	1bf36d95bdfcdcdd	5			yes					-1	-1	-1	-1	267	
267	266	b77ee7c630fba7c9	4			yes					-1	-1	-1	-1	
268	263	e1eeef3649cdc588	5			yes					-1	-1	-1	-1	269	
269	268	4d636565c4cabe9c	4			yes					-1	-1	-1	-1	
270	263	26c2bcb51d9d3a23	5			yes					-1	-1	-1	-1	-1	
271	263	58d21a9a4ac46f03	5			yes					-1	-1	-1	-1	-1	
272	263	73957822d7bbaaeb	5			yes					-1	-1	-1	-1	-1	
273	257	8055c12b7991add5	3			yes					-1	274	275	
274	273	2b65dcfe787c27cb	4			yes					-1	-1	-1	-1	
275	273	ee08fd83f0167158	5			yes					276	-1	277	-1	-1	
276	275	c324925ef18a645e	4			yes					-1	-1	-1	-1	
277	275	adb63bc16580f8a7	4			yes					-1	-1	-1	-1	
278	257	09a3967352767c3c	3			yes					-1	-1	279	
279	278	bcbff5cc0b4b5efc	5			yes					-1	-1	-1	-1	-1	
280	257	4e0d010e56120945	3			yes					-1	-1	-1	
281	194	24531dfe0bec3440	4			yes					282	293	296	298	
282	281	e3a84ba87619ecec	3			yes					283	285	292	
283	282	7250b89f4cd7a152	5			yes					-1	-1	-1	284	-1	
284	283	2217af64bf671cb9	4			yes					-1	-1	-1	-1	
285	282	02ddf9d9245d2328	6			yes					286	287	288	289	290	291	
286	285	f545a577508ec5b6	5			yes					-1	-1	-1	-1	-1	
287	285	c636663dc31d2e0a	5			yes					-1	-1	-1	-1	-1	
288	285	6162c895e1b28cbd	5			yes					-1	-1	-1	-1	-1	
289	285	2a9c7e2f65e92d99	5			yes					-1	-1	-1	-1	-1	
290	285	788d75f017c84a98	4			yes					-1	-1	-1	-1	
291	285	eb4c10bf8a6298a6	5			yes					-1	-1	-1	-1	-1	
292	282	0d996d5dfdc0534c	5			yes					-1	-1	-1	-1	-1	
293	281	5b15c83eda1370cd	3			yes					-1	294	-1	
294	293	bd805353a5447e5c	5			yes					-1	-1	-1	295	-1	
295	294	edc744a856f4c3b7	4			yes					-1	-1	-1	-1	
296	281	b4c259e546b4dd25	3			yes					-1	-1	297	
297	296	7afc5442afa49dac	5			yes					-1	-1	-1	-1	-1	
298	281	282cc78de1527544	3			yes					-1	-1	-1	
299	194	cdffe08a5187aa9b	5			yes					300	321	327	332	333	
300	299	0a04b6dc2c727237	4			yes					301	303	314	319	
301	300	ad84be274cee4ce2	5			yes					-1	-1	-1	-1	302	
302	301	c9cbe0561b34e7b8	4			yes					-1	-1	-1	-1	
303	300	9fc36d84e1e6fe17	6			yes					304	306	308	310	312	313	
304	303	685b312a95351889	5			yes					-1	-1	-1	-1	305	
305	304	458815b7ae0c00cd	4			yes					-1	-1	-1	-1	
306	303	5b28f26006a6f335	5			yes					-1	-1	-1	-1	307	
307	306	76fbd6fd3d9feb71	4			yes					-1	-1	-1	-1	
308	303	fc7c5cc824095182	5			yes					-1	-1	-1	-1	309	
309	308	d1af78551f3049c6	4			yes					-1	-1	-1	-1	
310	303	8783529f0bfa25a7	5			yes					-1	-1	-1	-1	311	
311	310	aa50760230c33de3	4			yes					-1	-1	-1	-1	
312	303	655fe980875987dd	5			yes					-1	-1	-1	-1	-1	
313	303	b2104919dadfe653	5			yes					-1	-1	-1	-1	-1	
314	300	013f478a6f14d804	3			yes					315	317	-1	
315	314	2f36a9628132ec23	5			yes					-1	-1	-1	-1	316	
316	315	02e58dffba0bf467	4			yes					-1	-1	-1	-1	
317	314	d05248d7e1471c01	5			yes					-1	-1	-1	-1	318	
318	317	b41d16a6b69db75b	4			yes					-1	-1	-1	-1	
319	300	e4ec608ddfc107db	3			yes					-1	320	-1	
320	319	123cb29de08cbab4	5			yes					-1	-1	-1	-1	-1	
321	299	b2b9354a8078ee16	4			yes					-1	322	325	-1	
322	321	bbdd71cc8d4ba4ff	5			yes					323	-1	-1	-1	324	
323	322	96f11e118cd7b1f9	4			yes					-1	-1	-1	-1	
324	322	df922fbdda910fa5	4			yes					-1	-1	-1	-1	
325	321	627f18dcafcbb6eb	5			yes					-1	-1	-1	-1	326	
326	325	063046adf8111db1	4			yes					-1	-1	-1	-1	
327	299	5d6ea4911cdf43fe	4			yes					-1	-1	328	331	
328	327	565555c75fb9e9cd	3			yes					-1	329	-1	
329	328	180a32fbea59dd78	5			yes					-1	-1	-1	-1	330	
330	329	35d91666d160c53c	4			yes					-1	-1	-1	-1	
331	327	b38672c0ef6c3612	3			yes					-1	-1	-1	
332	299	c6c411dc12e100a8	4			yes					-1	-1	-1	-1	
333	299	231736dba234df77	4			yes					-1	-1	-1	-1	
334	0	d0606be65367bcc0	5			yes					-1	-1	335	399	418	
335	334	e26173deffe29b26	5			yes					336	360	380	387	398	
336	335	259a25888217438a	4			yes					337	344	346	351	
337	336	341dc8f7906c66a7	5			yes					338	339	341	342	343	
338	337	264048b2d826faa3	4			yes					-1	-1	-1	-1	
339	337	541ae7d1d0e5cd3c	4			yes					-1	340	-1	-1	
340	339	17a42193457344c3	3			yes					-1	-1	-1	
341	337	77a30eb505faef58	4			yes					-1	-1	-1	-1	
342	337	aa903f302a2a2727	4			yes					-1	-1	-1	-1	
343	337	af699ee62713ffe0	4			yes					-1	-1	-1	-1	
344	336	5676e70dcb2fba26	5			yes					-1	-1	-1	-1	345	
345	344	a64634ab453db4b2	4			yes					-1	-1	-1	-1	
346	336	209784ee52e1310f	5			yes					-1	347	348	349	350	
347	346	d56001ca52aa675f	4			yes					-1	-1	-1	-1	
348	346	c9f5ab4786b2449e	4			yes					-1	-1	-1	-1	
349	346	28dac3288d8684e3	4			yes					-1	-1	-1	-1	
350	346	42f6c15b5bd01c2b	4			yes					-1	-1	-1	-1	
351	336	9826aae15ee987f3	6			yes					352	353	355	357	358	359	
352	351	ce0886f10e460df5	5			yes					-1	-1	-1	-1	-1	
353	351	6dd12fc55ea2d1a3	5			yes					-1	-1	-1	-1	354	
354	353	c15ca596d3a5aab7	4			yes					-1	-1	-1	-1	
355	351	714485488abaf262	5			yes					-1	-1	-1	-1	356	
356	355	ddc90f1b07bd8976	4			yes					-1	-1	-1	-1	
357	351	61fce42519c86c2f	5			yes					-1	-1	-1	-1	-1	
358	351	1fec420a4e91390f	5			yes					-1	-1	-1	-1	-1	
359	351	34ab20b2d3eefce7	5			yes					-1	-1	-1	-1	-1	
360	335	78e3ea44c36b32c7	4			yes					-1	361	364	370	
361	360	d84c05b6462ffd1d	5			yes					362	-1	-1	-1	363	
362	361	f5606a6b47b3e81b	4			yes					-1	-1	-1	-1	
363	361	287cd610c83df389	4			yes					-1	-1	-1	-1	
364	360	222faa248ec79ac2	5			yes					365	366	367	368	369	
365	364	0f03c5f98f5b8fc4	4			yes					-1	-1	-1	-1	
366	364	ae6242070399f85f	4			yes					-1	-1	-1	-1	
367	364	cb4d858d5a94ef53	4			yes					-1	-1	-1	-1	
368	364	2a62ede251a02f2e	4			yes					-1	-1	-1	-1	
369	364	404eef9187f6b7e6	4			yes					-1	-1	-1	-1	
370	360	9a9e842b82cf2c3e	6			yes					371	373	375	377	378	379	
371	370	b7b2ebf683533938	5			yes					-1	-1	-1	-1	372	
372	371	1b3f61a50e54422c	4			yes					-1	-1	-1	-1	
373	370	16d36c080f914ea3	5			yes					-1	-1	-1	-1	374	
374	373	ba5ee65b829635b7	4			yes					-1	-1	-1	-1	
375	370	73fcab82569c59af	5			yes					-1	-1	-1	-1	376	
376	375	df7121d1db9b22bb	4			yes					-1	-1	-1	-1	
377	370	6344caefc5eec7e2	5			yes					-1	-1	-1	-1	-1	
378	370	1d546cc092b792c2	5			yes					-1	-1	-1	-1	-1	
379	370	36130e780fc8572a	5			yes					-1	-1	-1	-1	-1	
380	335	e75c2b7ffc663b63	4			yes					-1	-1	381	384	
381	380	ec67da29bf009150	3			yes					382	383	-1	
382	381	703b38c240c4f775	4			yes					-1	-1	-1	-1	
383	381	fe01da79cdc4b04e	4			yes					-1	-1	-1	-1	
384	380	56423e9a021adb7e	3			yes					385	386	-1	
385	384	2ee98ebbeda212fa	5			yes					-1	-1	-1	-1	-1	
386	384	a0d36c0060a255c1	5			yes					-1	-1	-1	-1	-1	
387	335	e95a8288bc843115	4			yes					-1	-1	-1	388	
388	387	84f73007f4d230dc	6			yes					389	391	393	395	-1	397	
389	388	a9db5fdaf54e25da	5			yes					-1	-1	-1	-1	390	
390	389	0556d58978495ece	4			yes					-1	-1	-1	-1	
391	388	2d745b77c719b51e	5			yes					-1	-1	-1	-1	392	
392	391	81f9d1244a1ece0a	4			yes					-1	-1	-1	-1	
393	388	cd6ca85b2fc50072	5			yes					-1	-1	-1	-1	394	
394	393	61e12208a2c27b66	4			yes					-1	-1	-1	-1	
395	388	c749f6456144b923	5			yes					-1	-1	-1	-1	396	
396	395	6bc47c16ec43c237	4			yes					-1	-1	-1	-1	
397	388	287aba5479d54bc8	5			yes					-1	-1	-1	-1	-1	
398	335	537f663b019e7b3b	4			yes					-1	-1	-1	-1	
399	334	e7278cd14ee67bb5	4			yes					400	412	416	417	
400	399	20dcda873313a319	3			yes					401	409	411	
401	400	66ac9e48d11fc684	6			yes					-1	402	403	405	407	408	
402	401	06abb16e91966d1f	5			yes					-1	-1	-1	-1	-1	
403	401	c00991822d512c4c	5			yes					-1	-1	-1	-1	404	
404	403	299878e4836e97c2	4			yes					-1	-1	-1	-1	
405	401	aeaf2c80c718b4e7	5			yes					-1	-1	-1	-1	406	
406	405	473ec5e669270f69	4			yes					-1	-1	-1	-1	
407	401	1cfc1261e28aaf34	4			yes					-1	-1	-1	-1	
408	401	8f3d772e7f207d0a	5			yes					-1	-1	-1	-1	-1	
409	400	16d9aae647f45e4f	5			yes					-1	-1	-1	410	-1	
410	409	469ebd1db444e3a4	4			yes					-1	-1	-1	-1	
411	400	fbbf3d4756829d32	5			yes					-1	-1	-1	-1	-1	
412	399	7da5154b726fd254	3			yes					-1	413	415	
413	412	98e3485dcaf41974	5			yes					-1	-1	-1	414	-1	
414	413	c8a45fa63944a49f	4			yes					-1	-1	-1	-1	
415	412	f907138d8aa436ff	5			yes					-1	-1	-1	-1	-1	
416	399	510615bfabc23049	3			yes					-1	-1	-1	
417	399	eb5856a2a4583ab1	3			yes					-1	-1	-1	
418	334	0e8b71a5148de56e	5			yes					419	438	445	447	448	
419	418	c97027f369783dc2	4			yes					420	430	432	436	
420	419	46368b4d0deb7c7b	6			yes					-1	421	423	425	427	429	
421	420	2631a46b4d62d7e0	5			yes					-1	-1	-1	-1	422	
422	421	0be280f6765bcfa4	4			yes					-1	-1	-1	-1	
423	420	e0938487f1a596b3	5			yes					-1	-1	-1	-1	424	
424	423	cd40a01aca9c8ef7	4			yes					-1	-1	-1	-1	
425	420	d8bb7c8ab7ad3dfb	5			yes					-1	-1	-1	-1	426	
426	425	f56858178c9425bf	4			yes					-1	-1	-1	-1	
427	420	67a173f375f28493	5			yes					-1	-1	-1	-1	428	
428	427	4a72576e4ecb9cd7	4			yes					-1	-1	-1	-1	
429	420	6be5afd036d2643f	5			yes					-1	-1	-1	-1	-1	
430	419	f97bd2e674ae4d85	5			yes					-1	-1	-1	-1	431	
431	430	9d348c972374e6df	4			yes					-1	-1	-1	-1	
432	419	c24bd6a52a1e97f1	3			yes					433	435	-1	
433	432	4c59b0676a065842	5			yes					-1	-1	-1	-1	434	
434	433	2816ee163ddcf318	4			yes					-1	-1	-1	-1	
435	432	76fc1aeb84130161	5			yes					-1	-1	-1	-1	-1	
436	419	2798f1a29acb482e	3			yes					437	-1	-1	
437	436	25359cb05c03fcc6	5			yes					-1	-1	-1	-1	-1	
438	418	9409e83f28044c8f	4			yes					-1	439	441	444	
439	438	7741305df9ae0abe	5			yes					-1	-1	-1	-1	440	
440	439	130e6e2cae74a1e4	4			yes					-1	-1	-1	-1	
441	438	9f3219696b62e6bc	3			yes					-1	442	-1	
442	441	f8c6f8500913465a	5			yes					-1	-1	-1	-1	443	
443	442	d515dccd322a5e1e	4			yes					-1	-1	-1	-1	
444	438	7ae13e6edbb73963	3			yes					-1	-1	-1	
445	418	b8aae8cbf1a9ae92	4			yes					-1	-1	446	-1	
446	445	66c0ff3bf995a7e8	5			yes					-1	-1	-1	-1	-1	
447	418	05b080f357eb4f5d	4			yes					-1	-1	-1	-1	
448	418	e063a7f4e73e9082	4			yes					-1	-1	-1	-1	
449	0	37b9e65792457d58	5			yes					-1	-1	-1	450	503	
450	449	831d11b5968d58d5	5			yes					451	475	492	500	502	
451	450	44e647e3eb788079	4			yes					452	460	467	470	
452	451	01075664a3c88b76	6			yes					-1	453	454	456	458	459	
453	452	e3b078e6f84e0e28	5			yes					-1	-1	-1	-1	-1	
454	452	42b99026365e0289	5			yes					-1	-1	-1	-1	455	
455	454	ab2879409861b907	4			yes					-1	-1	-1	-1	
456	452	c904e4acb5cff915	5			yes					-1	-1	-1	-1	457	
457	456	20950dca1bf0429b	4			yes					-1	-1	-1	-1	
458	452	7b57da4d905de2c6	4			yes					-1	-1	-1	-1	
459	452	e896bf020df730f8	5			yes					-1	-1	-1	-1	-1	
460	451	def2bdfc34ebc7d0	6			yes					-1	461	462	463	465	466	
461	460	8e80845aef8c9a2b	5			yes					-1	-1	-1	-1	-1	
462	460	b40f2b57ae5acc2e	5			yes					-1	-1	-1	-1	-1	
463	460	16f10f3422ecb5b3	5			yes					-1	-1	-1	-1	464	
464	463	ff60e6528cd30e3d	4			yes					-1	-1	-1	-1	
465	460	a4a231d5077eae60	4			yes					-1	-1	-1	-1	
466	460	3763549a9ad47c5e	5			yes					-1	-1	-1	-1	-1	
467	451	7ae2c3c5f2591f26	3			yes					468	469	-1	
468	467	874606af341157c0	5			yes					-1	-1	-1	-1	-1	
469	467	5b51655e67e99386	5			yes					-1	-1	-1	-1	-1	
470	451	9319993afb41f9c6	6			yes					-1	-1	471	472	473	474	
471	470	f5f069560a833fb7	5			yes					-1	-1	-1	-1	-1	
472	470	d2fee7bc3a31bdd9	5			yes					-1	-1	-1	-1	-1	
473	470	730e9b3228a9ce26	5			yes					-1	-1	-1	-1	-1	
474	470	4ce629e61a786064	5			yes					-1	-1	-1	-1	-1	
475	450	199f882faa04f134	4			yes					-1	476	484	486	
476	475	50c85f47b9eb80eb	6			yes					477	-1	479	480	482	483	
477	476	7de4309ab87795ed	5			yes					-1	-1	-1	-1	478	
478	477	9475d9fc16482e63	4			yes					-1	-1	-1	-1	
479	476	3a35c9ec235a8b15	5			yes					-1	-1	-1	-1	-1	
480	476	98cbed8fafecf288	5			yes					-1	-1	-1	-1	481	
481	480	715a04e901d34906	4			yes					-1	-1	-1	-1	
482	476	2a98d36e8a7ee95b	4			yes					-1	-1	-1	-1	
483	476	b959b62117d43b65	5			yes					-1	-1	-1	-1	-1	
484	475	279b0c09b3256e6b	3			yes					-1	485	-1	
485	484	d56b87e5eae9d4bd	5			yes					-1	-1	-1	-1	-1	
486	475	373e36ca07aa24b7	6			yes					487	-1	488	489	490	491	
487	486	1a125917063631b1	5			yes					-1	-1	-1	-1	-1	
488	486	e050a5df4006d234	5			yes					-1	-1	-1	-1	-1	
489	486	76d9484cc6da60a8	5			yes					-1	-1	-1	-1	-1	
490	486	d72934c2d4421357	5			yes					-1	-1	-1	-1	-1	
491	486	e8c18616e693bd15	5			yes					-1	-1	-1	-1	-1	
492	450	1ba97b63ab5484c0	4			yes					-1	-1	493	494	
493	492	25adff45b2751b9f	3			yes					-1	-1	-1	
494	492	5ab151a02bee1281	6			yes					495	496	-1	497	498	499	
495	494	779d3e7d2a720787	5			yes					-1	-1	-1	-1	-1	
496	494	f3323ad018259743	5			yes					-1	-1	-1	-1	-1	
497	494	1b562f26ea9e569e	5			yes					-1	-1	-1	-1	-1	
498	494	baa653a8f8062561	5			yes					-1	-1	-1	-1	-1	
499	494	854ee17ccad78b23	5			yes					-1	-1	-1	-1	-1	
500	450	bd1995938facc78a	4			yes					-1	-1	-1	501	
501	500	c5cda51a7ca5ad58	3			yes					-1	-1	-1	
502	450	fbc9213c65843207	4			yes					-1	-1	-1	-1	
503	449	dd95f1d3750e4dd0	5			yes					504	529	543	547	548	
504	503	1a6ea78508fb957c	4			yes					505	515	525	526	
505	504	219d43617f3c3189	6			yes					-1	506	508	510	512	514	
506	505	c32a6de324bab4d7	5			yes					-1	-1	-1	-1	507	
507	506	eef9497e1f83ac93	4			yes					-1	-1	-1	-1	
508	505	62238523eaaab876	5			yes					-1	-1	-1	-1	509	
509	508	4ff0a1bed193a032	4			yes					-1	-1	-1	-1	
510	505	bf10b4a6c57a7009	5			yes					-1	-1	-1	-1	511	
511	510	92c3903bfe43684d	4			yes					-1	-1	-1	-1	
512	505	000abbdf0725c961	5			yes					-1	-1	-1	-1	513	
513	512	2dd99f423c1cd125	4			yes					-1	-1	-1	-1	
514	505	0c4e67fc440529cd	5			yes					-1	-1	-1	-1	-1	
515	504	fe68a8f9e81f7d2f	6			yes					-1	516	518	520	522	524	
516	515	ae1a915f337820d4	5			yes					-1	-1	-1	-1	517	
517	516	83c9b5c208413890	4			yes					-1	-1	-1	-1	
518	515	94953e5272ae76d1	5			yes					-1	-1	-1	-1	519	
519	518	b9461acf49976e95	4			yes					-1	-1	-1	-1	
520	515	60e55f3e52593caf	5			yes					-1	-1	-1	-1	521	
521	520	4d367ba3696024eb	4			yes					-1	-1	-1	-1	
522	515	dfff5047900685c7	5			yes					-1	-1	-1	-1	523	
523	522	f22c74daab3f9d83	4			yes					-1	-1	-1	-1	
524	515	d3bb8c64d326656b	5			yes					-1	-1	-1	-1	-1	
525	504	e4a0188afc81418c	5			yes					-1	-1	-1	-1	-1	
526	504	f48671d4fb48e090	3			yes					527	528	-1	
527	526	429e549c2ed4b134	5			yes					-1	-1	-1	-1	-1	
528	526	9d6bbf04b9f7fd92	5			yes					-1	-1	-1	-1	-1	
529	503	471768494987e431	4			yes					-1	530	540	541	
530	529	70524a42651f3a14	6			yes					531	-1	533	535	537	539	
531	530	5d7e259f64832f12	5			yes					-1	-1	-1	-1	532	
532	531	70ad01025fba3756	4			yes					-1	-1	-1	-1	
533	530	1aafdce9ffae31ea	5			yes					-1	-1	-1	-1	534	
534	533	377cf874c49729ae	4			yes					-1	-1	-1	-1	
535	530	eedfbd85df597b94	5			yes					-1	-1	-1	-1	536	
536	535	c30c9918e46063d0	4			yes					-1	-1	-1	-1	
537	530	51c5b2fc1d06c2fc	5			yes					-1	-1	-1	-1	538	
538	537	7c169661263fdab8	4			yes					-1	-1	-1	-1	
539	530	5d816edf5e262250	5			yes					-1	-1	-1	-1	-1	
540	529	1eacd01731fb8331	5			yes					-1	-1	-1	-1	-1	
541	529	a9ffbe18ba3491dd	3			yes					-1	542	-1	
542	541	13515dbf34f7baa9	5			yes					-1	-1	-1	-1	-1	
543	503	45219b0548d791c5	4			yes					-1	-1	544	546	
544	543	bd908cf45193b701	5			yes					-1	-1	-1	-1	545	
545	544	d9dfd28506491c5b	4			yes					-1	-1	-1	-1	
546	543	abc94d54bb64e429	3			yes					-1	-1	-1	
547	503	2b25734b8f16d8b4	4			yes					-1	-1	-1	-1	
548	503	337d278286bd383c	4			yes					-1	-1	-1	-1	
549	0	080b53a559ded453	5			yes					-1	-1	-1	-1	550	
550	549	1e90d3f28ef5025f	6			yes					551	573	587	594	597	599	
551	550	d96b85a4f300daf3	5			yes					552	561	567	570	572	
552	551	43e91c3ecf897312	4			yes					553	556	-1	559	
553	552	e56032adb888d8b9	6			yes					-1	-1	-1	554	-1	555	
554	553	b52725564b386552	5			yes					-1	-1	-1	-1	-1	
555	553	c8b3163083b1c0fd	5			yes					-1	-1	-1	-1	-1	
556	552	8626707e8fd9c7db	6			yes					-1	-1	-1	557	-1	558	
557	556	d66167857c697a30	5			yes					-1	-1	-1	-1	-1	
558	556	abf554e3b4e0df9f	5			yes					-1	-1	-1	-1	-1	
559	552	c25638f81cb37669	6			yes					-1	-1	-1	-1	-1	560	
560	559	4361343986f755d1	5			yes					-1	-1	-1	-1	-1	
561	551	41dfef72ced906e6	4			yes					-1	562	-1	565	
562	561	81e920d4b3ab27a4	6			yes					-1	-1	-1	563	-1	564	
563	562	d1ae372f401b9a4f	5			yes					-1	-1	-1	-1	-1	
564	562	ac3a044988923fe0	5			yes					-1	-1	-1	-1	-1	
565	561	c43ba70ba5a33336	6			yes					-1	-1	-1	-1	-1	566	
566	565	450cabca3fe7108e	5			yes					-1	-1	-1	-1	-1	
567	551	49fac1bfbe583396	4			yes					-1	-1	-1	568	
568	567	5eab8a8fa76e1fda	6			yes					-1	-1	-1	-1	-1	569	
569	568	9102fed0749fffae	5			yes					-1	-1	-1	-1	-1	
570	551	22a2189a34f18bb3	4			yes					-1	-1	-1	571	
571	570	92a7b7574c089c91	3			yes					-1	-1	-1	
572	551	696e2a698bf9cdd1	4			yes					-1	-1	-1	-1	
573	550	84124a68b27cabbe	5			yes					-1	574	580	584	586	
574	573	1ca620be8fa577ab	4			yes					-1	575	-1	577	
575	574	0fd3c26f3eab609f	6			yes					-1	-1	-1	-1	-1	576	
576	575	2200e6f2059278db	5			yes					-1	-1	-1	-1	-1	
577	574	4a0145b028a3740d	6			yes					-1	-1	-1	-1	578	579	
578	577	972c624c57d1a02d	5			yes					-1	-1	-1	-1	-1	
579	577	cb364971b2e757b5	5			yes					-1	-1	-1	-1	-1	
580	573	14830e73ff2442db	4			yes					-1	-1	-1	581	
581	580	ea69c60d22422230	6			yes					-1	-1	-1	-1	-1	583	
582	581	3744e1f15d30f610	5			no					-1	-1	-1	-1	-2	
583	581	6b5ecaccb8060188	5			yes					-1	-1	-1	-1	-1	
584	573	7fdbd756758dfafe	4			yes					-1	-1	-1	585	
585	584	cfde789b0d74eddc	3			yes					-1	-1	-1	
586	573	3417e5a5ca85bc9c	4			yes					-1	-1	-1	-1	
587	550	8624b924b32cde4a	5			yes					-1	-1	588	591	593	
588	587	16b5fd3ffe74372f	4			yes					-1	-1	-1	589	
589	588	49559aee422a1600	6			yes					-1	-1	-1	-1	-1	590	
590	589	c862962fd86e35b8	5			yes					-1	-1	-1	-1	-1	
591	587	7ded241a74dd8f0a	4			yes					-1	-1	-1	592	
592	591	cde88bd70c249828	3			yes					-1	-1	-1	
593	587	362116e9cbd5c968	4			yes					-1	-1	-1	-1	
594	550	8e0197e9c3adeb3a	5			yes					-1	-1	-1	595	596	
595	594	75c80ad7045cba7a	4			yes					-1	-1	-1	-1	
596	594	3e043824bb54fc18	4			yes					-1	-1	-1	-1	
597	550	e5594ecc4904531f	5			yes					-1	-1	-1	-1	598	
598	597	555ce10131fd443d	4			yes					-1	-1	-1	-1	
599	550	ae957c3ff60c157d	5			yes					-1	-1	-1	-1	-1	
600	0	0bfa42a92d39db36	5			yes					-1	-1	-1	-1	-1	
