Number of nodes
151
ID	PID	Hash_Value			File_Number	Fully_Enumerated	Children
0	-1	d653bf64e813c953	6			yes					1	22	44	66	83	101	
1	0	9cc8000447298917	5			yes					2	7	14	19	21	
2	1	16e527ca8c8d975a	4			yes					3	4	-1	5	
3	2	18b3a88ae86966e2	4			yes					-1	-1	-1	-1	
4	2	0c88b961370b273c	4			yes					-1	-1	-1	-1	
5	2	2b48dfec5b2a9bd6	5			yes					-1	-1	-1	-1	6	
6	5	bdfa00cef4f44e5e	4			yes					-1	-1	-1	-1	
7	1	ea20d12a736fe075	4			yes					-1	8	9	10	
8	7	6cd0dbd1ef131897	5			yes					-1	-1	-1	-1	-1	
9	7	33fdeb8fa49b28d1	4			yes					-1	-1	-1	-1	
10	7	c54f36ac548c85d7	3			yes					11	12	13	
11	10	aecb7a4ea277d777	4			yes					-1	-1	-1	-1	
12	10	013d88947a5e7577	5			yes					-1	-1	-1	-1	-1	
13	10	a0122d4df93c2726	4			yes					-1	-1	-1	-1	
14	1	96d85daba30bc672	4			yes					-1	-1	15	16	
15	14	f590f44a6adc4c96	5			yes					-1	-1	-1	-1	-1	
16	14	b9b7ba2d84e8a3d0	3			yes					17	-1	18	
17	16	b7979a0a9be2bcc1	4			yes					-1	-1	-1	-1	
18	16	7a7bddbbc4057648	5			yes					-1	-1	-1	-1	-1	
19	1	d9ba4cc93c235de8	4			yes					-1	-1	-1	20	
20	19	f6d5ab4f1bc0384a	3			yes					-1	-1	-1	
21	1	b3a7e78260caecb5	4			yes					-1	-1	-1	-1	
22	0	d5dc99751ce664f6	5			yes					23	32	36	41	43	
23	22	ed5f392e35fab1f5	4			yes					24	26	27	28	
24	23	19b5bf83ee9371e8	5			yes					-1	-1	-1	-1	25	
25	24	def8c776c58c478b	4			yes					-1	-1	-1	-1	
26	23	3dc50d9f01cea91e	4			yes					-1	-1	-1	-1	
27	23	0e778a4f6e799bb4	4			yes					-1	-1	-1	-1	
28	23	c230dea81219d457	3			yes					-1	30	31	
29	28	484a18546a529203	5			no					-1	-1	-1	-1	-2	
30	28	86da2ef4ad2732e3	4			yes					-1	-1	-1	-1	
31	28	776652da9d18722f	4			yes					-1	-1	-1	-1	
32	22	588e56bf91d72b3b	4			yes					-1	33	-1	34	
33	32	a4c814cd97102b50	4			yes					-1	-1	-1	-1	
34	32	c9af4791a81f8683	5			yes					-1	-1	-1	-1	35	
35	34	5f1d98b307c1530b	4			yes					-1	-1	-1	-1	
36	22	dfccc4daf8c42b93	4			yes					-1	-1	37	38	
37	36	a332aeb11c0e1575	5			yes					-1	-1	-1	-1	-1	
38	36	f0a3235cdf274e31	3			yes					-1	39	40	
39	38	a8e4de10e1269a35	4			yes					-1	-1	-1	-1	
40	38	2cd98740b2d72fab	5			yes					-1	-1	-1	-1	-1	
41	22	90aed5b867ecb009	4			yes					-1	-1	-1	42	
42	41	bfc1323e400fd5ab	3			yes					-1	-1	-1	
43	22	fab37ef33b050154	4			yes					-1	-1	-1	-1	
44	0	356ca181ba641134	5			yes					45	54	61	63	65	
45	44	0def01da9378c437	4			yes					46	48	49	50	
46	45	ddd8949ef51b965a	5			yes					-1	-1	-1	-1	47	
47	46	1a95ec6bde04a039	4			yes					-1	-1	-1	-1	
48	45	40a80da6f56f5808	4			yes					-1	-1	-1	-1	
49	45	3740e5e2276cd722	4			yes					-1	-1	-1	-1	
50	45	2280e65cb49ba195	3			yes					51	52	53	
51	50	8c27334971da75b1	5			yes					-1	-1	-1	-1	-1	
52	50	1295f8243ad14a85	4			yes					-1	-1	-1	-1	
53	50	4e513d77d40d3eb9	4			yes					-1	-1	-1	-1	
54	44	48a2823b3bf760a5	4			yes					-1	55	57	58	
55	54	82ce5779af0e18dc	5			yes					-1	-1	-1	-1	56	
56	55	45832f8c84112ebf	4			yes					-1	-1	-1	-1	
57	54	c6e44a3ae4425fba	4			yes					-1	-1	-1	-1	
58	54	67cd65bd1c140507	3			yes					-1	59	60	
59	58	d331f0ae2bcffb37	5			yes					-1	-1	-1	-1	-1	
60	58	bff592af1723b621	4			yes					-1	-1	-1	-1	
61	44	2f5028aaf46615cf	4			yes					-1	-1	-1	62	
62	61	074f782f8ca3dff2	5			yes					-1	-1	-1	-1	-1	
63	44	701eed4cc16ec5cb	4			yes					-1	-1	-1	64	
64	63	5f710acae68da069	3			yes					-1	-1	-1	
65	44	1a0346079d877496	4			yes					-1	-1	-1	-1	
66	0	cd11d1ba34e2445a	5			yes					67	74	78	80	81	
67	66	f59271e11dfe9159	4			yes					68	70	-1	71	
68	67	2f3cb87ec82f5887	5			yes					-1	-1	-1	-1	69	
69	68	e871c08be3306ee4	4			yes					-1	-1	-1	-1	
70	67	e64d61ffd77dbeda	4			yes					-1	-1	-1	-1	
71	67	dafd96673a1df4fb	3			yes					72	73	-1	
72	71	7ec31fa94ceebb6c	5			yes					-1	-1	-1	-1	-1	
73	71	6ec8d2678f44a815	4			yes					-1	-1	-1	-1	
74	66	b0dff200b57135cb	4			yes					-1	75	-1	76	
75	74	581fc8eb409d20a0	5			yes					-1	-1	-1	-1	-1	
76	74	9fb0158692925069	3			yes					-1	77	-1	
77	76	d09a7b7318a4366f	5			yes					-1	-1	-1	-1	-1	
78	66	bbf9009400a42d38	4			yes					-1	-1	-1	79	
79	78	9496e7122747489a	3			yes					-1	-1	-1	
80	66	c39583e06446ae3a	5			yes					-1	-1	-1	-1	-1	
81	66	e27e363c130121f8	4			yes					-1	-1	-1	82	
82	81	5ab8df1cc26d7f23	5			yes					-1	-1	-1	-1	-1	
83	0	54989b649efa2775	5			yes					84	91	96	99	100	
84	83	6c1b3b3fb7e6f276	4			yes					85	87	89	-1	
85	84	f4a1a593c9c394e8	6			yes					-1	-1	-1	-1	-1	86	
86	85	33ecdd66e2dca28b	5			yes					-1	-1	-1	-1	-1	
87	84	7d3366074ddfeaad	4			yes					-1	-1	-1	88	
88	87	b9a54f83361514d2	3			yes					-1	-1	-1	
89	84	58ed20b53965a022	5			yes					-1	-1	-1	-1	90	
90	89	9fa05840127a9641	4			yes					-1	-1	-1	-1	
91	83	2956b8de1f6956e4	4			yes					-1	92	94	-1	
92	91	4492971c076fc335	6			yes					-1	-1	-1	-1	-1	93	
93	92	83dfefe92c70f556	5			yes					-1	-1	-1	-1	-1	
94	91	d92295433fd69b97	5			yes					-1	-1	-1	-1	95	
95	94	1e6fedb614c9adf4	4			yes					-1	-1	-1	-1	
96	83	22704a4aaabc4e17	4			yes					-1	-1	97	-1	
97	96	f241f92e8e065e4e	6			yes					-1	-1	-1	-1	-1	98	
98	97	350c81dba519682d	5			yes					-1	-1	-1	-1	-1	
99	83	5e88c6cb7ad86810	4			yes					-1	-1	-1	-1	
100	83	39b50f6078eb8295	4			yes					-1	-1	-1	-1	
101	0	7caeb455c001b89e	5			yes					102	112	122	132	140	
102	101	7d1ce92365cf4c47	5			yes					103	106	109	111	-1	
103	102	f731ceedae6b520a	4			yes					104	105	-1	-1	
104	103	2d5931afa5bdf686	4			yes					-1	-1	-1	-1	
105	103	dadd51c599017f6a	4			yes					-1	-1	-1	-1	
106	102	0bf4380d51892525	4			yes					-1	107	108	-1	
107	106	d1e95293b027625f	5			yes					-1	-1	-1	-1	-1	
108	106	c38e54d6f426293b	4			yes					-1	-1	-1	-1	
109	102	770cb48c81ed0322	4			yes					-1	-1	110	-1	
110	109	1d5c4ae3688f7f8e	5			yes					-1	-1	-1	-1	-1	
111	102	386ea5ee1ec598b8	4			yes					-1	-1	-1	-1	
112	101	340870523e00a1a6	5			yes					113	117	119	121	-1	
113	112	0c8bd009171c74a5	4			yes					114	115	116	-1	
114	113	56c06b5278b2e70d	5			yes					-1	-1	-1	-1	-1	
115	113	eb90e53bafc4f148	4			yes					-1	-1	-1	-1	
116	113	8977064f4082bdda	4			yes					-1	-1	-1	-1	
117	112	b95abf98b331ee6b	4			yes					-1	118	-1	-1	
118	117	35890e0e8d0ec492	4			yes					-1	-1	-1	-1	
119	112	3e182dfdda22eec3	4			yes					-1	-1	120	-1	
120	119	4bfe10181e5d266d	5			yes					-1	-1	-1	-1	-1	
121	112	717a3c9f450a7559	4			yes					-1	-1	-1	-1	
122	101	d4b848a69882d464	5			yes					123	127	130	131	-1	
123	122	ec3be8fdb19e0167	4			yes					124	125	126	-1	
124	123	92ad404f633a00bf	5			yes					-1	-1	-1	-1	-1	
125	123	81554115dc835724	4			yes					-1	-1	-1	-1	
126	123	b04069e20997f14c	4			yes					-1	-1	-1	-1	
127	122	a9766b1c1911a5f5	4			yes					-1	128	129	-1	
128	127	cdbb83a8392f8e39	5			yes					-1	-1	-1	-1	-1	
129	127	41e4c63acab979d4	4			yes					-1	-1	-1	-1	
130	122	ce84c18dd680d09f	4			yes					-1	-1	-1	-1	
131	122	91ca046be388009b	4			yes					-1	-1	-1	-1	
132	101	2cc5389d1604810a	5			yes					133	136	138	139	-1	
133	132	144698c63f185409	4			yes					134	135	-1	-1	
134	133	60496caf5e0ece62	5			yes					-1	-1	-1	-1	-1	
135	133	e2e212ed372247b0	4			yes					-1	-1	-1	-1	
136	132	510b1b279797f09b	4			yes					-1	137	-1	-1	
137	136	5cb0bbf9a0c2d9ca	5			yes					-1	-1	-1	-1	-1	
138	132	5a2de9b32242e868	4			yes					-1	-1	-1	-1	
139	132	901bc73260af45d6	5			yes					-1	-1	-1	-1	-1	
140	101	8b7a271be2acae0f	5			yes					141	145	148	150	-1	
141	140	b3f98740cbb07b0c	4			yes					142	143	144	-1	
142	141	bbd471425fe2020d	6			yes					-1	-1	-1	-1	-1	-1	
143	141	088476fe79e61b01	4			yes					-1	-1	-1	-1	
144	141	1798f464af4436c7	5			yes					-1	-1	-1	-1	-1	
145	140	f6b404a1633fdf9e	4			yes					-1	146	147	-1	
146	145	0be743cd914e55d0	6			yes					-1	-1	-1	-1	-1	-1	
147	145	96574192a9f70d72	5			yes					-1	-1	-1	-1	-1	
148	140	fd92f635d6eac76d	4			yes					-1	-1	149	-1	
149	148	bd342dff1827c8ab	6			yes					-1	-1	-1	-1	-1	-1	
150	140	816a7ab4068ee16a	4			yes					-1	-1	-1	-1	
