Number of nodes
338
ID	PID	Hash_Value			File_Number	Fully_Enumerated	Children
0	-1	a4f4f3d19ee0af8a	6			yes					1	102	181	242	285	337	
1	0	e4a9c4ef4c7380d9	5			yes					2	41	57	69	77	
2	1	ddae44327644c507	5			yes					3	11	19	33	40	
3	2	c75f24ab015305fb	4			yes					4	5	6	7	
4	3	8fa4d21005fe4575	4			yes					-1	-1	-1	-1	
5	3	739e4a5dba983d10	4			yes					-1	-1	-1	-1	
6	3	b7327ea6652ca370	4			yes					-1	-1	-1	-1	
7	3	afdde9ae1a25b6a4	3			yes					8	9	-1	
8	7	7cca4c9abe48393a	4			yes					-1	-1	-1	-1	
9	7	caa22b285de78d46	5			yes					-1	-1	-1	-1	10	
10	9	0114183f361edd97	4			yes					-1	-1	-1	-1	
11	2	de4a31edefc731ad	4			yes					-1	12	15	16	
12	11	2fe4443c1fe952e2	5			yes					13	14	-1	-1	-1	
13	12	de29dbe058d258a0	4			yes					-1	-1	-1	-1	
14	12	030ade6b586e8c9d	4			yes					-1	-1	-1	-1	
15	11	1616dd9149bdd717	5			yes					-1	-1	-1	-1	-1	
16	11	b0776b3672528be0	5			yes					17	18	-1	-1	-1	
17	16	41baf4ea356981a2	4			yes					-1	-1	-1	-1	
18	16	9c99f16135d5559f	4			yes					-1	-1	-1	-1	
19	2	fa23e6851ae8e6ad	4			yes					-1	-1	20	24	
20	19	32eca806187b33f0	5			yes					21	22	23	-1	-1	
21	20	c32137da5f4039b2	4			yes					-1	-1	-1	-1	
22	20	02eabb3807a0c304	4			yes					-1	-1	-1	-1	
23	20	d0103d8fc6f32e4d	4			yes					-1	-1	-1	-1	
24	19	c0dbada17ddc8c34	6			yes					25	27	29	-1	31	32	
25	24	3116327d3ae78676	5			yes					-1	-1	-1	-1	26	
26	25	faa0016a511ed6a7	4			yes					-1	-1	-1	-1	
27	24	f0ddbe9f62077cc0	5			yes					-1	-1	-1	-1	28	
28	27	3b6b8d8809fe2c11	4			yes					-1	-1	-1	-1	
29	24	22273828a3549189	5			yes					-1	-1	-1	-1	30	
30	29	e9910b3fc8adc158	4			yes					-1	-1	-1	-1	
31	24	90186962cb4140f5	5			yes					-1	-1	-1	-1	-1	
32	24	0b6d9eb61625dce5	5			yes					-1	-1	-1	-1	-1	
33	2	561a7af4994ea4a3	4			yes					-1	-1	-1	34	
34	33	cd4d94ca9e62b7b9	6			yes					35	36	37	38	-1	39	
35	34	3c800b16d959bdfb	5			yes					-1	-1	-1	-1	-1	
36	34	fd4b87f481b9474d	5			yes					-1	-1	-1	-1	-1	
37	34	2fb1014340eaaa04	5			yes					-1	-1	-1	-1	-1	
38	34	70240b821e83a2cf	5			yes					-1	-1	-1	-1	-1	
39	34	06fba7ddf59be768	5			yes					-1	-1	-1	-1	-1	
40	2	b52c89376d327658	4			yes					-1	-1	-1	-1	
41	1	13fd8e94e59bc32e	4			yes					42	46	49	56	
42	41	b0fdcd731c6562d6	3			yes					-1	44	45	
43	42	14d2c1800d598543	4			no					-1	-1	-1	-2	
44	42	0cd50e83a7051473	4			yes					-1	-1	-1	-1	
45	42	a61035c25e8aa83e	5			yes					-1	-1	-1	-1	-1	
46	41	4036b0240d827303	3			yes					-1	47	48	
47	46	58b6aa9e977b210e	4			yes					-1	-1	-1	-1	
48	46	c914e2137def60e1	5			yes					-1	-1	-1	-1	-1	
49	41	9849b0520a91a28a	3			yes					-1	-1	50	
50	49	b68bed2207e3e56f	6			yes					51	52	53	54	-1	55	
51	50	474672fe40d8ef2d	5			yes					-1	-1	-1	-1	-1	
52	50	5455d677d86031a3	5			yes					-1	-1	-1	-1	-1	
53	50	fd69292880b28e3c	5			yes					-1	-1	-1	-1	-1	
54	50	0be2726a8702f019	5			yes					-1	-1	-1	-1	-1	
55	50	7d3dde356c1ab5be	5			yes					-1	-1	-1	-1	-1	
56	41	7b7f4391feed7071	3			yes					-1	-1	-1	
57	1	204b08ba29c7796e	4			yes					58	61	66	68	
58	57	834b4b5dd039d896	3			yes					59	-1	60	
59	58	fb36df00708e4721	4			yes					-1	-1	-1	-1	
60	58	37fa0e7e5469275c	5			yes					-1	-1	-1	-1	-1	
61	57	90a930a6992bd117	3			yes					-1	62	63	
62	61	cf606efa31e80bf2	4			yes					-1	-1	-1	-1	
63	61	4ea46560493be77f	5			yes					64	65	-1	-1	-1	
64	63	bf69fabc0e00ed3d	4			yes					-1	-1	-1	-1	
65	63	ac7a5e3596b833b3	4			yes					-1	-1	-1	-1	
66	57	7b60b6fe5264bade	3			yes					-1	-1	67	
67	66	a7e5afd92c0f7fb5	5			yes					-1	-1	-1	-1	-1	
68	57	48c9c5bf32b1ca31	3			yes					-1	-1	-1	
69	1	e03e4f2b657701aa	4			yes					70	73	75	76	
70	69	433e0ccc9c89a052	3			yes					71	72	-1	
71	70	cad64f5f55b54462	5			yes					-1	-1	-1	-1	-1	
72	70	548034384b356a41	5			yes					-1	-1	-1	-1	-1	
73	69	50dc7737d59ba9d3	3			yes					-1	74	-1	
74	73	4254dbffb56e4a82	5			yes					-1	-1	-1	-1	-1	
75	69	c7b3ed9c09db2200	3			yes					-1	-1	-1	
76	69	346fd94c25be2a2b	3			yes					-1	-1	-1	
77	1	746234592c1fec19	5			yes					78	88	96	100	101	
78	77	d76277bed5e14de1	4			yes					79	81	83	85	
79	78	3dce9cff03e482c3	5			yes					-1	-1	-1	-1	80	
80	79	6b1945429d6f2833	4			yes					-1	-1	-1	-1	
81	78	e89c79186c120307	5			yes					-1	-1	-1	-1	82	
82	81	be4ba0a5f299a9f7	4			yes					-1	-1	-1	-1	
83	78	69c44f0084afa920	5			yes					-1	-1	-1	-1	84	
84	83	3f1396bd1a2403d0	4			yes					-1	-1	-1	-1	
85	78	1cdba46d334aea77	3			yes					86	87	-1	
86	85	49751c96e2e8c3f6	5			yes					-1	-1	-1	-1	-1	
87	85	7f10c7338f12ccb9	5			yes					-1	-1	-1	-1	-1	
88	77	c4800c459cf34460	4			yes					-1	89	92	93	
89	88	815799aae6d160c4	5			yes					90	91	-1	-1	-1	
90	89	709a0676a1ea6a86	4			yes					-1	-1	-1	-1	
91	89	6389a2ff3952b408	4			yes					-1	-1	-1	-1	
92	88	4c9cde1a09d08c66	5			yes					-1	-1	-1	-1	-1	
93	88	0f39df967a58e3f6	3			yes					-1	94	95	
94	93	097f0ee85082eb48	5			yes					-1	-1	-1	-1	-1	
95	93	423e5a415875281a	5			yes					-1	-1	-1	-1	-1	
96	77	53ef96ee40b3cfb3	4			yes					-1	-1	97	98	
97	96	91e910f9ef936a3f	5			yes					-1	-1	-1	-1	-1	
98	96	9856453da6186825	3			yes					-1	-1	99	
99	98	9f4b94a2be36ce43	5			yes					-1	-1	-1	-1	-1	
100	77	ffd60a9fc3158dbd	4			yes					-1	-1	-1	-1	
101	77	bfdbe78acab44b8f	4			yes					-1	-1	-1	-1	
102	0	1c2b0234e6c3cbfb	5			yes					-1	103	138	150	158	
103	102	ada25047be13c6b6	5			yes					104	117	123	130	137	
104	103	298c6b71cd674686	4			yes					105	107	111	114	
105	104	ff0b5a2f569ba4ba	5			yes					-1	-1	106	-1	-1	
106	105	3b31bfbc1d8a3b51	4			yes					-1	-1	-1	-1	
107	104	263a1c1fc5f8f30f	5			yes					-1	108	-1	109	110	
108	107	24dc7d02d17a8403	4			yes					-1	-1	-1	-1	
109	107	cf90feca7a140c97	4			yes					-1	-1	-1	-1	
110	107	af42463255458c4e	4			yes					-1	-1	-1	-1	
111	104	f149faa506e1498d	5			yes					-1	112	-1	-1	113	
112	111	f3af9bb812633e81	4			yes					-1	-1	-1	-1	
113	111	5569b40addb62396	4			yes					-1	-1	-1	-1	
114	104	756044cef90ce27c	5			yes					-1	115	116	-1	-1	
115	114	778625d3ed8e9570	4			yes					-1	-1	-1	-1	
116	114	0b5fd9ed5fc7eb62	4			yes					-1	-1	-1	-1	
117	103	01be9ee45b175b12	4			yes					-1	118	119	120	
118	117	7cf29c551ef4a51d	4			yes					-1	-1	-1	-1	
119	117	6d2d6a9fb75229be	4			yes					-1	-1	-1	-1	
120	117	693c53e14061e84d	3			yes					121	122	-1	
121	120	611cabdd044a3037	5			yes					-1	-1	-1	-1	-1	
122	120	02a8511e72c8fb19	5			yes					-1	-1	-1	-1	-1	
123	103	cb040656620ccf6f	4			yes					-1	-1	124	125	
124	123	d8714fe78536c9de	5			yes					-1	-1	-1	-1	-1	
125	123	5fc9b3b9be5097e5	6			yes					126	127	128	-1	-1	129	
126	125	a82f316990e5c44e	5			yes					-1	-1	-1	-1	-1	
127	125	6fcfa087a18b6711	5			yes					-1	-1	-1	-1	-1	
128	125	960791f909ca8fc1	5			yes					-1	-1	-1	-1	-1	
129	125	947f80aed5a9c734	5			yes					-1	-1	-1	-1	-1	
130	103	26166e815119a712	4			yes					-1	-1	-1	131	
131	130	6278d845ae3598be	6			yes					132	133	134	135	-1	136	
132	131	959e5a958080cb15	5			yes					-1	-1	-1	-1	-1	
133	131	527ecb7bb1ee684a	5			yes					-1	-1	-1	-1	-1	
134	131	299a1c4f2964f3ed	5			yes					-1	-1	-1	-1	-1	
135	131	df11470d2ed48dc8	5			yes					-1	-1	-1	-1	-1	
136	131	a9ceeb52c5ccc86f	5			yes					-1	-1	-1	-1	-1	
137	103	c5209d42a56575e9	4			yes					-1	-1	-1	-1	
138	102	04d1e511dec8cf78	4			yes					139	145	147	149	
139	138	80ffde27adbc4f48	3			yes					140	141	142	
140	139	52e11be5d2a92b1e	4			yes					-1	-1	-1	-1	
141	139	4eae7ea5860f9abd	4			yes					-1	-1	-1	-1	
142	139	ae690dd5cb7c10f9	5			yes					-1	143	144	-1	-1	
143	142	55f9a133771ff33a	4			yes					-1	-1	-1	-1	
144	142	d68da61edee3fa9d	4			yes					-1	-1	-1	-1	
145	138	b787487713a1f0df	3			yes					-1	-1	146	
146	145	2989cb31c87aa5cb	5			yes					-1	-1	-1	-1	-1	
147	138	5ffa5b55a56b0cc8	3			yes					-1	-1	148	
148	147	73169abe85d90264	5			yes					-1	-1	-1	-1	-1	
149	138	6c532814c5be7c27	3			yes					-1	-1	-1	
150	102	c4a4a2809278b7bc	4			yes					151	154	156	157	
151	150	408a99b6e10c378c	3			yes					152	153	-1	
152	151	4d22169d436f433d	5			yes					-1	-1	-1	-1	-1	
153	151	c39acba00289dbcd	5			yes					-1	-1	-1	-1	-1	
154	150	77f20fe65f11881b	3			yes					-1	155	-1	
155	154	ba53db3ba39fac88	5			yes					-1	-1	-1	-1	-1	
156	150	e3290037fed49416	3			yes					-1	-1	-1	
157	150	10f534e7d2b19c3d	3			yes					-1	-1	-1	
158	102	50f8d9f2db105a0f	5			yes					159	169	175	179	180	
159	158	d4d6e2c4a864da3f	4			yes					160	162	163	165	
160	159	751de9bb6326c6b3	5			yes					-1	-1	-1	-1	161	
161	160	23ca3006fdad6c43	4			yes					-1	-1	-1	-1	
162	159	009989f55136f18b	5			yes					-1	-1	-1	-1	-1	
163	159	ece4c24e3fadb7bf	5			yes					-1	-1	-1	-1	164	
164	163	a0d313eb1758847b	4			yes					-1	-1	-1	-1	
165	159	1f6f31174ecf7da9	3			yes					166	167	168	
166	165	ffcd1380e3da7116	4			yes					-1	-1	-1	-1	
167	165	88b11eb7e7657a07	5			yes					-1	-1	-1	-1	-1	
168	165	a38ef1b2c7bdc940	5			yes					-1	-1	-1	-1	-1	
169	158	e3ae7494167965a8	4			yes					-1	170	171	173	
170	169	312ec89da3946905	5			yes					-1	-1	-1	-1	-1	
171	169	79e039ea8cf3aec1	5			yes					-1	-1	-1	-1	172	
172	171	2f37e05712780431	4			yes					-1	-1	-1	-1	
173	169	2817a747f0d2c23e	3			yes					-1	174	-1	
174	173	7e44fb615b8417fa	5			yes					-1	-1	-1	-1	-1	
175	158	77757b45b7bc79a5	4			yes					-1	-1	176	177	
176	175	451a259e464517ee	5			yes					-1	-1	-1	-1	-1	
177	175	bccca8965117de33	3			yes					-1	-1	178	
178	177	4bb8a1c517e0b392	5			yes					-1	-1	-1	-1	-1	
179	158	db4ce734341a3bab	4			yes					-1	-1	-1	-1	
180	158	9b410a213dbbfd99	4			yes					-1	-1	-1	-1	
181	0	1014440de3a5b45c	5			yes					-1	-1	182	209	217	
182	181	c4a453e32f404c66	5			yes					183	193	200	205	208	
183	182	408a68d55c34cc56	4			yes					184	187	189	190	
184	183	33bd4a70d329423d	5			yes					-1	185	186	-1	-1	
185	184	b8bc0149bf475ae9	4			yes					-1	-1	-1	-1	
186	184	116b72ba49f72ed5	4			yes					-1	-1	-1	-1	
187	183	7bf387b572edeacb	5			yes					-1	-1	-1	-1	188	
188	187	f28bdd98e250958a	4			yes					-1	-1	-1	-1	
189	183	46872736a3f56991	5			yes					-1	-1	-1	-1	-1	
190	183	5e4bb4dcdefab6cf	5			yes					-1	191	192	-1	-1	
191	190	28a1e5a04a593f5f	4			yes					-1	-1	-1	-1	
192	190	e676b2157c586e7d	4			yes					-1	-1	-1	-1	
193	182	472ec40b7b1ed94b	4			yes					-1	194	196	197	
194	193	ceb46c24d29b902d	5			yes					-1	-1	-1	-1	195	
195	194	47cc36094226ef6c	4			yes					-1	-1	-1	-1	
196	193	60b43ec0e38771ba	5			yes					-1	-1	-1	-1	-1	
197	193	7878ad2a9e88aee4	5			yes					198	-1	199	-1	-1	
198	197	8f9e2ffab03dfd4f	4			yes					-1	-1	-1	-1	
199	197	c045abe33c2a7656	4			yes					-1	-1	-1	-1	
200	182	7b372fa420a552ba	4			yes					-1	-1	201	202	
201	200	a1b861f0aca8386f	4			yes					-1	-1	-1	-1	
202	200	13b5e2a13bd3e1e5	3			yes					203	204	-1	
203	202	f1d63fc132b5d8b1	5			yes					-1	-1	-1	-1	-1	
204	202	4491d45092c3a257	5			yes					-1	-1	-1	-1	-1	
205	182	d0b51d9c33b9b89e	4			yes					-1	-1	-1	206	
206	205	f6880e2b431a9e5f	6			yes					-1	-1	-1	-1	-1	207	
207	206	3d3e3d3c28e3ce8e	5			yes					-1	-1	-1	-1	-1	
208	182	ac269ee63436ff39	4			yes					-1	-1	-1	-1	
209	181	803e04098ffa8eb1	4			yes					210	213	215	216	
210	209	04103f3ffc8e0e81	3			yes					211	212	-1	
211	210	901a1d59196cd9e4	5			yes					-1	-1	-1	-1	-1	
212	210	ba98ded0a8185019	5			yes					-1	-1	-1	-1	-1	
213	209	03b493e1dba41b9c	3			yes					-1	214	-1	
214	213	0fdf3541086e2aff	5			yes					-1	-1	-1	-1	-1	
215	209	d3f53ab967e33e9c	3			yes					-1	-1	-1	
216	209	546f926ecf33a530	3			yes					-1	-1	-1	
217	181	14627f7bc6926302	5			yes					218	229	236	240	241	
218	217	904c444db5e6e332	4			yes					219	222	223	225	
219	218	6615bc56d8781423	5			yes					-1	220	221	-1	-1	
220	219	ed14f76fb4160cf7	4			yes					-1	-1	-1	-1	
221	219	db7c231e58990155	4			yes					-1	-1	-1	-1	
222	218	f38450986e7eb812	5			yes					-1	-1	-1	-1	-1	
223	218	2e52fe36436eeac9	5			yes					-1	-1	-1	-1	224	
224	223	9ce46dfad7ec23b9	4			yes					-1	-1	-1	-1	
225	218	5bf5979e534d44a4	3			yes					226	227	228	
226	225	32151c009bc7af2e	5			yes					-1	-1	-1	-1	-1	
227	225	bcee6364966ec6ed	5			yes					-1	-1	-1	-1	-1	
228	225	ab193453e4a41976	5			yes					-1	-1	-1	-1	-1	
229	217	97e8e89392ccf62f	4			yes					-1	230	231	233	
230	229	46c3bb09ce08c2f4	5			yes					-1	-1	-1	-1	-1	
231	229	0861e7c0031cf2e2	5			yes					-1	-1	-1	-1	232	
232	231	bad7740c979e3b92	4			yes					-1	-1	-1	-1	
233	229	5c513b40746751b9	3			yes					-1	234	235	
234	233	09a988f53618bc0b	5			yes					-1	-1	-1	-1	-1	
235	233	8d2a2da5a4d6015d	5			yes					-1	-1	-1	-1	-1	
236	217	47a941cb2e8bd32f	4			yes					-1	-1	237	239	
237	236	bad49f0673768251	5			yes					-1	-1	-1	-1	238	
238	237	ec0346bbedfd28a1	4			yes					-1	-1	-1	-1	
239	236	8c109218c82074b9	3			yes					-1	-1	-1	
240	217	9fd641bd299802a6	4			yes					-1	-1	-1	-1	
241	217	dfdbaca82039c494	4			yes					-1	-1	-1	-1	
242	0	5377386631384c9c	5			yes					-1	-1	-1	243	259	
243	242	7d348564f5927e43	5			yes					244	249	253	256	258	
244	243	f91abe5286e6fe73	4			yes					245	246	247	248	
245	244	73046bf205c8b8ba	5			yes					-1	-1	-1	-1	-1	
246	244	5206913948c69c9e	5			yes					-1	-1	-1	-1	-1	
247	244	c7be2daca46278e3	3			yes					-1	-1	-1	
248	244	e02015bffbf9f211	5			yes					-1	-1	-1	-1	-1	
249	243	febe128ca1cceb6e	4			yes					-1	250	251	252	
250	249	e7417aa8e8b0e678	5			yes					-1	-1	-1	-1	-1	
251	249	c01a817283486dfe	3			yes					-1	-1	-1	
252	249	733d6258fd1758d9	5			yes					-1	-1	-1	-1	-1	
253	243	cdd6bd78457ed63a	4			yes					-1	-1	254	255	
254	253	f3722e8667fa50aa	3			yes					-1	-1	-1	
255	253	93118c98a1f93921	5			yes					-1	-1	-1	-1	-1	
256	243	4390169ad716f8d3	4			yes					-1	-1	-1	257	
257	256	b74694c297c6bd64	3			yes					-1	-1	-1	
258	243	89e2073cb5423bf4	4			yes					-1	-1	-1	-1	
259	242	27d4f9550aced942	5			yes					260	271	279	283	284	
260	259	a3fac26379ba5972	4			yes					261	264	266	268	
261	260	850bcafdc4dc757d	5			yes					-1	262	263	-1	-1	
262	261	72ab50edae297569	4			yes					-1	-1	-1	-1	
263	261	a7ddf2375e021995	4			yes					-1	-1	-1	-1	
264	260	a409303689d25159	5			yes					-1	-1	265	-1	-1	
265	264	b5bc0789cbab3bab	4			yes					-1	-1	-1	-1	
266	260	33a179ec5579a257	5			yes					-1	-1	-1	-1	267	
267	266	6576a051cbf208a7	4			yes					-1	-1	-1	-1	
268	260	684311b09f11fee4	3			yes					269	270	-1	
269	268	d10b6aab8763ce70	5			yes					-1	-1	-1	-1	-1	
270	268	f0099060ca6dea54	5			yes					-1	-1	-1	-1	-1	
271	259	a45e6ebd5e904c6f	4			yes					-1	272	275	277	
272	271	114edba729a42bbf	5			yes					273	-1	274	-1	-1	
273	272	e6a8597707117814	4			yes					-1	-1	-1	-1	
274	272	00fbec186bdd414d	4			yes					-1	-1	-1	-1	
275	271	a5e904dee6f6e81e	5			yes					-1	-1	-1	-1	276	
276	275	f33edd63787d42ee	4			yes					-1	-1	-1	-1	
277	271	6fe7bd6eb83bebf9	3			yes					-1	278	-1	
278	277	454e7bf16a1b90b2	5			yes					-1	-1	-1	-1	-1	
279	259	9736c149ba22713b	4			yes					-1	-1	280	282	
280	279	da05fa55396e9eda	5			yes					-1	-1	-1	-1	281	
281	280	8cd223e8a7e5342a	4			yes					-1	-1	-1	-1	
282	279	5c8f129a5c89d6ad	3			yes					-1	-1	-1	
283	259	7cff4711716d1af2	4			yes					-1	-1	-1	-1	
284	259	ec6d2a86ec657ed4	4			yes					-1	-1	-1	-1	
285	0	ba0f47d0d34e30b4	5			yes					-1	-1	-1	-1	286	
286	285	bbe1bab0782db3e2	4			yes					287	300	313	326	
287	286	0e88c8fdaa1cfec6	5			yes					288	291	296	298	299	
288	287	ad888b1a53e25f3e	4			yes					-1	-1	-1	289	
289	288	8645572f61ad9311	6			yes					-1	-1	-1	-1	-1	290	
290	289	2b9e015d50cd41b3	5			yes					-1	-1	-1	-1	-1	
291	287	be6af0e11af056bf	4			yes					-1	292	-1	294	
292	291	3557abbab7d589c9	6			yes					-1	-1	-1	-1	-1	293	
293	292	63807207295e2339	5			yes					-1	-1	-1	-1	-1	
294	291	ea00e385e7ee31e2	3			yes					-1	295	-1	
295	294	ce5b2475183ef19b	6			yes					-1	-1	-1	-1	-1	-1	
296	287	29056a4ac6b0dd6c	4			yes					-1	-1	-1	297	
297	296	7d6f792e3baeba31	3			yes					-1	-1	-1	
298	287	6005ca28d8a04d76	4			yes					-1	-1	-1	-1	
299	287	5ae2db995702999b	4			yes					-1	-1	-1	-1	
300	286	2a1225565d1348d0	5			yes					301	306	309	311	312	
301	300	ae3c1e602e67c8e0	4			yes					-1	302	-1	304	
302	301	b499bbe500321886	6			yes					-1	-1	-1	-1	-1	303	
303	302	e24e62589eb9b276	5			yes					-1	-1	-1	-1	-1	
304	301	fa560d04d379afbd	3			yes					-1	305	-1	
305	304	4f95342aafd960d4	6			yes					-1	-1	-1	-1	-1	-1	
306	300	99448830907a7777	4			yes					-1	-1	-1	307	
307	306	966121c569f194f0	6			yes					-1	-1	-1	-1	-1	308	
308	307	3bba77b758914652	5			yes					-1	-1	-1	-1	-1	
309	300	0d9f87e131bf6b7a	4			yes					-1	-1	-1	310	
310	309	59f59485cca10c27	3			yes					-1	-1	-1	
311	300	449f27832faffb60	4			yes					-1	-1	-1	-1	
312	300	7e783632a00d2f8d	4			yes					-1	-1	-1	-1	
313	286	6e8883df409171dd	5			yes					314	319	321	324	325	
314	313	eaa6b8e933e5f1ed	4			yes					315	-1	-1	317	
315	314	e7196d1c1bd71aaf	6			yes					-1	-1	-1	-1	-1	316	
316	315	b1ceb4a1855cb05f	5			yes					-1	-1	-1	-1	-1	
317	314	beccab8dcefb96b0	3			yes					318	-1	-1	
318	317	1c15e2d3b43c62fd	6			yes					-1	-1	-1	-1	-1	-1	
319	313	ed02143714cfe4f0	4			yes					-1	-1	-1	320	
320	319	b9680753e9d183ad	3			yes					-1	-1	-1	
321	313	3d43bd6fa888c1f0	4			yes					-1	-1	-1	322	
322	321	6581c5c58f9e88b5	6			yes					-1	-1	-1	-1	-1	323	
323	322	c85a93b7befe5a17	5			yes					-1	-1	-1	-1	-1	
324	313	0005810a322dc26d	4			yes					-1	-1	-1	-1	
325	313	3ae290bbbd8f1680	4			yes					-1	-1	-1	-1	
326	286	4ebd2b25f1e0c685	5			yes					327	332	335	336	-1	
327	326	ca931013829446b5	4			yes					328	330	-1	-1	
328	327	04071bb707737bf1	6			yes					-1	-1	-1	-1	-1	329	
329	328	52d0c20a99f8d101	5			yes					-1	-1	-1	-1	-1	
330	327	2505e17c4a7d5fd5	6			yes					-1	-1	-1	-1	-1	331	
331	330	73d238c1d4f6f525	5			yes					-1	-1	-1	-1	-1	
332	326	cd37bccda5be53a8	4			yes					-1	333	-1	-1	
333	332	90420aedea0b2533	6			yes					-1	-1	-1	-1	-1	334	
334	333	c695d35074808fc3	5			yes					-1	-1	-1	-1	-1	
335	326	fe5f1339410c6efc	4			yes					-1	-1	-1	-1	
336	326	7019b8dbd3644015	4			yes					-1	-1	-1	-1	
337	0	a51a0eb135832cdc	5			yes					-1	-1	-1	-1	-1	
