Number of nodes
205
ID	PID	Hash_Value			File_Number	Fully_Enumerated	Children
0	-1	27ae7cae4d3f310c	6			yes					1	38	66	93	116	160	
1	0	8cc7688dec93469d	5			yes					2	11	26	35	37	
2	1	e7457cf11c28c9c7	4			yes					3	5	8	9	
3	2	f9108de770a552d9	4			yes					-1	-1	-1	4	
4	3	1065acabad46e1c0	3			yes					-1	-1	-1	
5	2	69c211854e3e2546	4			yes					-1	-1	-1	7	
6	5	e37ce35f6dc9c7b4	3			no					-1	-2	-2	
7	5	80b730c993dd965f	3			yes					-1	-1	-1	
8	2	ebde9ec643f13c90	3			yes					-1	-1	-1	
9	2	385f9b9b188aac9e	4			yes					-1	-1	-1	10	
10	9	150625eca884e508	3			yes					-1	-1	-1	
11	1	9d2811945ab8cdda	4			yes					-1	12	16	19	
12	11	de2762c7ff7db950	4			yes					13	14	-1	15	
13	12	0eb73691d5b0e7bb	3			yes					-1	-1	-1	
14	12	3af181dcc0735ed3	3			yes					-1	-1	-1	
15	12	d6395fe076d2dae9	3			yes					-1	-1	-1	
16	11	2fa74b038e20029a	4			yes					17	18	-1	-1	
17	16	ff371f55a4ed5c71	3			yes					-1	-1	-1	
18	16	cb71a818b12ee519	3			yes					-1	-1	-1	
19	11	4605f4033fcca095	3			yes					20	21	25	
20	19	3d3c12dc1d48a856	4			yes					-1	-1	-1	-1	
21	19	05341ef1617ede37	5			yes					22	-1	-1	-1	24	
22	21	d5a44aa74bb380dc	4			yes					-1	-1	-1	23	
23	22	3273fd7b45de8b93	3			yes					-1	-1	-1	
24	21	e2e3a92d6f13d578	4			yes					-1	-1	-1	-1	
25	19	3e91f14de5b87473	4			yes					-1	-1	-1	-1	
26	1	6a55d54f2185e22a	4			yes					-1	-1	27	32	
27	26	8a48b854e07c04ef	5			yes					-1	-1	-1	-1	31	
28	27	5ad8ec02cab15a04	4			no					-1	-1	-1	-2	
29	27	6e9e5b4fdf72e36c	4			no					-1	-1	-1	-2	
30	27	a089cc9adc7a38e8	4			no					-1	-1	-1	-2	
31	27	633d99183d9fb7f6	4			yes					-1	-1	-1	-1	
32	26	b17830d844f18f65	3			yes					33	-1	34	
33	32	adee8ebe23d3dfc9	4			yes					-1	-1	-1	-1	
34	32	4e64276f8d91fe60	5			yes					-1	-1	-1	-1	-1	
35	1	47d23530eef2cde5	4			yes					-1	-1	-1	36	
36	35	9cffd0a78b86a0aa	3			yes					-1	-1	-1	
37	1	57ea8d1a89e72bd2	4			yes					-1	-1	-1	-1	
38	0	ebae0256ab979573	5			yes					39	50	54	63	65	
39	38	0f0fe19d82e1217e	4			yes					40	41	43	46	
40	39	3f0f891382d21081	4			yes					-1	-1	-1	-1	
41	39	3d9215a2a26731b2	4			yes					-1	42	-1	-1	
42	41	1753616c9e610db5	3			yes					-1	-1	-1	
43	39	4fc518432aa4872c	4			yes					-1	44	45	-1	
44	43	65046c8d16a2bb2b	3			yes					-1	-1	-1	
45	43	21f4d0b162f6baba	3			yes					-1	-1	-1	
46	39	d422040ae7954c31	3			yes					47	48	49	
47	46	fb231628ef3fea0e	4			yes					-1	-1	-1	-1	
48	46	716f1a28a12e25fc	4			yes					-1	-1	-1	-1	
49	46	3aff6ebca4662963	4			yes					-1	-1	-1	-1	
50	38	120be6238375f68d	4			yes					-1	51	52	53	
51	50	f8dabc2b21026824	4			yes					-1	-1	-1	-1	
52	50	739e03636b2bcf57	4			yes					-1	-1	-1	-1	
53	50	102971e3e46dc5d0	4			yes					-1	-1	-1	-1	
54	38	0d3cbf94668131c4	4			yes					-1	-1	55	60	
55	54	59e7803edc0da51d	5			yes					56	57	-1	-1	59	
56	55	15be5f218b1dc344	4			yes					-1	-1	-1	-1	
57	55	f257d006a2afdbde	4			yes					-1	-1	-1	-1	
58	55	7326f4f0e00b991a	4			no					-1	-1	-1	-2	
59	55	b092a17201ee1604	4			yes					-1	-1	-1	-1	
60	54	d6115a0303f55c8b	3			yes					-1	61	62	
61	60	3cf623104cef92ab	4			yes					-1	-1	-1	-1	
62	60	9dcb1f05b1e05f92	5			yes					-1	-1	-1	-1	-1	
63	38	20bb5feba9f61e0b	4			yes					-1	-1	-1	64	
64	63	fb96ba7ccc827344	3			yes					-1	-1	-1	
65	38	3083e7c1cee3f83c	4			yes					-1	-1	-1	-1	
66	0	cb4f74fa852d0034	5			yes					67	78	86	90	92	
67	66	2fee9731ac5bb439	4			yes					68	71	72	74	
68	67	0ec5c17105affc35	4			yes					-1	-1	69	70	
69	68	b1b672fb9407fdc0	3			yes					-1	-1	-1	
70	68	e7b0e03dd84c4f2c	3			yes					-1	-1	-1	
71	67	0fe7f3ad2f3d1d87	3			yes					-1	-1	-1	
72	67	99dd6e2a89a80394	4			yes					-1	-1	73	-1	
73	72	f7eca6d8c1fa3e02	3			yes					-1	-1	-1	
74	67	f4c372a6c92fd976	3			yes					75	76	77	
75	74	cae95e4a684206ba	4			yes					-1	-1	-1	-1	
76	74	b168a399beb0d38c	4			yes					-1	-1	-1	-1	
77	74	ece718d5076aaddb	4			yes					-1	-1	-1	-1	
78	66	b770844b89dd132e	4			yes					-1	79	80	83	
79	78	99686d4983d9b071	4			yes					-1	-1	-1	-1	
80	78	b293a03a39e331a4	4			yes					81	-1	82	-1	
81	80	feca7f256ef357fd	3			yes					-1	-1	-1	
82	80	dca268c871b10c32	3			yes					-1	-1	-1	
83	78	6c5d61dceca97e61	3			yes					-1	84	85	
84	83	5d44f272ee344afe	4			yes					-1	-1	-1	-1	
85	83	c7a9d6c5b7219feb	4			yes					-1	-1	-1	-1	
86	66	88a6ab5042934120	4			yes					-1	-1	87	88	
87	86	3a152f1e1a192abc	4			yes					-1	-1	-1	-1	
88	86	99fd95b81ca3e685	5			yes					-1	-1	-1	-1	89	
89	88	7e2a226412ceedca	4			yes					-1	-1	-1	-1	
90	66	005a2947874c8b4c	4			yes					-1	-1	-1	91	
91	90	db77ccd0e238e603	3			yes					-1	-1	-1	
92	66	1062916de0596d7b	4			yes					-1	-1	-1	-1	
93	0	c14e27ad7394a978	5			yes					94	104	110	113	115	
94	93	25efc4665ae21d75	4			yes					95	97	100	101	
95	94	03b035d90197d95f	4			yes					-1	96	-1	-1	
96	95	83227e1cc06f9184	3			yes					-1	-1	-1	
97	94	82e4477b2e2fc4d6	4			yes					-1	-1	98	99	
98	97	3d97f4f1bf87c523	3			yes					-1	-1	-1	
99	97	6b916637f3cc77cf	3			yes					-1	-1	-1	
100	94	957aa45dc5651754	4			yes					-1	-1	-1	-1	
101	94	fec221f13f96703a	3			yes					102	103	-1	
102	101	c2054d74fab4e119	4			yes					-1	-1	-1	-1	
103	101	46c8d84043c23e59	4			yes					-1	-1	-1	-1	
104	93	bd71d71c7f64ba62	4			yes					-1	105	107	108	
105	104	7edd42c6ce978e4c	4			yes					106	-1	-1	-1	
106	105	32849dd99987e815	3			yes					-1	-1	-1	
107	104	70cc4be36a25b32f	4			yes					-1	-1	-1	-1	
108	104	665c328b1a10d72d	3			yes					-1	109	-1	
109	108	bf683a6b35b4b60a	4			yes					-1	-1	-1	-1	
110	93	d0a15eb4c5bf223f	4			yes					-1	-1	111	112	
111	110	9a720495534a9f57	4			yes					-1	-1	-1	-1	
112	110	0b8cbb23a0cb4f70	3			yes					-1	-1	-1	
113	93	525c8ff4f6d9411f	4			yes					-1	-1	-1	114	
114	113	85d4def57b4f48fe	5			yes					-1	-1	-1	-1	-1	
115	93	1a63c23a16e0c437	4			yes					-1	-1	-1	-1	
116	0	36357378f1e29ff0	5			yes					117	122	127	132	144	
117	116	4c4a1b7535f4b871	4			yes					118	119	121	-1	
118	117	1bcfa009cd6b8c6d	4			yes					-1	-1	-1	-1	
119	117	5da5626c83df3336	3			yes					-1	120	-1	
120	119	0714b4d0a42e1d85	4			yes					-1	-1	-1	-1	
121	117	aad8a6b7f8e21cc6	3			yes					-1	-1	-1	
122	116	2b2371ae72f06b9f	4			yes					123	125	126	-1	
123	122	cf8292655b86df92	3			yes					-1	124	-1	
124	123	f00becfadf391590	4			yes					-1	-1	-1	-1	
125	122	9add70cf7bf69bc3	4			yes					-1	-1	-1	-1	
126	122	cdb1cc6cbfe6cf28	3			yes					-1	-1	-1	
127	116	0bc207025c4afed8	4			yes					128	130	131	-1	
128	127	ef63e4c9753c4ad5	3			yes					129	-1	-1	
129	128	a0318dad6021faad	4			yes					-1	-1	-1	-1	
130	127	77fdf7b350baedc2	3			yes					-1	-1	-1	
131	127	9bdd3f99d9f32537	4			yes					-1	-1	-1	-1	
132	116	791f0ae26d7fbb1a	5			yes					133	137	140	142	143	
133	132	9dbee92944090f17	4			yes					134	135	-1	136	
134	133	e27e548a7f4ff3ea	4			yes					-1	-1	-1	-1	
135	133	2c100ba74ba1c24e	4			yes					-1	-1	-1	-1	
136	133	3eb604b492810abd	5			yes					-1	-1	-1	-1	-1	
137	132	0520fa53618fa800	4			yes					-1	138	-1	139	
138	137	9f132395b04fa4f9	4			yes					-1	-1	-1	-1	
139	137	db00eb0a3dc1aec6	5			yes					-1	-1	-1	-1	-1	
140	132	68f073fbdb54305d	4			yes					-1	-1	-1	141	
141	140	22ccb2542e36420e	5			yes					-1	-1	-1	-1	-1	
142	132	2b91bd4e5411362e	4			yes					-1	-1	-1	-1	
143	132	dbffddcfaac3a164	4			yes					-1	-1	-1	-1	
144	116	5a15b2168f83c431	5			yes					145	150	155	158	159	
145	144	beb451dda6f5703c	4			yes					146	147	148	-1	
146	145	9fcf43bcab03d4e4	4			yes					-1	-1	-1	-1	
147	145	ebec364aabe9568d	4			yes					-1	-1	-1	-1	
148	145	2deb1c4bc5b66bdb	5			yes					-1	-1	-1	-1	149	
149	148	f361d504a8424d3d	4			yes					-1	-1	-1	-1	
150	144	262a42a78373d72b	4			yes					-1	151	153	-1	
151	150	e098956f8f14e666	5			yes					-1	-1	-1	-1	152	
152	151	3e125c20e2e0c080	4			yes					-1	-1	-1	-1	
153	150	c85df3f56af6cfa0	5			yes					-1	-1	-1	-1	154	
154	153	16d73aba0702e946	4			yes					-1	-1	-1	-1	
155	144	4bfacb0f39a84f76	4			yes					-1	-1	156	-1	
156	155	e198da392d115892	5			yes					-1	-1	-1	-1	157	
157	156	3f12137640e57e74	4			yes					-1	-1	-1	-1	
158	144	bc870fd442956086	4			yes					-1	-1	-1	-1	
159	144	6fe3d7a15ebb88e7	4			yes					-1	-1	-1	-1	
160	0	d44e85be8c568ef4	5			yes					161	174	185	197	-1	
161	160	191583cc145da41e	5			yes					162	165	171	173	-1	
162	161	729797b0e4e62b44	4			yes					163	164	-1	-1	
163	162	c746085d7cd43666	4			yes					-1	-1	-1	-1	
164	162	5794943f424f41f9	4			yes					-1	-1	-1	-1	
165	161	08fafad5a2762f59	4			yes					-1	166	169	-1	
166	165	e105a54c27bb38c5	5			yes					167	-1	-1	-1	168	
167	166	3195f11a0d76662e	4			yes					-1	-1	-1	-1	
168	166	3f8f6c034a4f1e23	4			yes					-1	-1	-1	-1	
169	165	d1487516c4cdb070	5			yes					-1	-1	-1	-1	170	
170	169	0fc2bc59a9399696	4			yes					-1	-1	-1	-1	
171	161	ff873e0ed94b00a9	4			yes					-1	-1	172	-1	
172	171	b41e3deeec0d6050	5			yes					-1	-1	-1	-1	-1	
173	161	d200de71163c2f66	4			yes					-1	-1	-1	-1	
174	160	7e7ce917535977f0	5			yes					175	180	182	184	-1	
175	174	9add0adc7a2fc3fd	4			yes					176	177	178	-1	
176	175	01590ca98ea3743e	4			yes					-1	-1	-1	-1	
177	175	5bdae854628dd06e	4			yes					-1	-1	-1	-1	
178	175	b49ddf2be4b937d5	5			yes					-1	-1	-1	-1	179	
179	178	6a171664894d1133	4			yes					-1	-1	-1	-1	
180	174	87d90d627bbb140e	4			yes					-1	181	-1	-1	
181	180	c68c39912d730c9b	4			yes					-1	-1	-1	-1	
182	174	98ee54d59e4fd347	4			yes					-1	-1	183	-1	
183	182	67b10584d07cc1a2	5			yes					-1	-1	-1	-1	-1	
184	174	b569b4aa5138fc88	4			yes					-1	-1	-1	-1	
185	160	5e9d9fbb7de3e2b7	5			yes					186	191	195	196	-1	
186	185	ba3c7c70549556ba	4			yes					187	188	189	-1	
187	186	309344cb09de988a	4			yes					-1	-1	-1	-1	
188	186	2685db0c58390080	4			yes					-1	-1	-1	-1	
189	186	6285a94247b5b36d	5			yes					-1	-1	-1	-1	190	
190	189	bc0f600d2a41958b	4			yes					-1	-1	-1	-1	
191	185	22a26f0a7113f1ad	4			yes					-1	192	193	-1	
192	191	a73ee8f38fa8d4ce	4			yes					-1	-1	-1	-1	
193	191	49cb6752f7fe815d	5			yes					-1	-1	-1	-1	194	
194	193	9741ae1d9a0aa7bb	4			yes					-1	-1	-1	-1	
195	185	1d744011ba5da3a3	4			yes					-1	-1	-1	-1	
196	185	9588c2067f8269cf	4			yes					-1	-1	-1	-1	
197	160	549cccec8b5a4bfb	5			yes					198	201	203	204	-1	
198	197	b03d2f27a22cfff6	4			yes					199	200	-1	-1	
199	198	c520a242ed24ccaf	4			yes					-1	-1	-1	-1	
200	198	bcb2c2c1225ea069	4			yes					-1	-1	-1	-1	
201	197	28a33c5d87aa58e1	4			yes					-1	202	-1	-1	
202	201	b84dd55d22249bbc	4			yes					-1	-1	-1	-1	
203	197	4573b5f53d71c0bc	4			yes					-1	-1	-1	-1	
204	197	c78e64b50e17a39c	4			yes					-1	-1	-1	-1	
