Number of nodes
479
ID	PID	Hash_Value			File_Number	Fully_Enumerated	Children
0	-1	e7eea8801a317fbf	6			yes					1	151	263	349	419	478	
1	0	06d24c33e8cfa348	5			yes					2	52	77	96	112	
2	1	3f6bd5f8539e30d9	5			yes					3	12	30	40	51	
3	2	5107dd96db028f64	4			yes					4	5	7	9	
4	3	090588c48c5c724e	4			yes					-1	-1	-1	-1	
5	3	c1e4d8c10d444b21	4			yes					-1	6	-1	-1	
6	5	2cd0ce30817032f7	3			yes					-1	-1	-1	
7	3	74cb475411037cbe	5			yes					-1	8	-1	-1	-1	
8	7	99ff51a59d370568	4			yes					-1	-1	-1	-1	
9	3	e221ddfe08ca0a5f	3			yes					10	11	-1	
10	9	fa6b827e83414b05	4			yes					-1	-1	-1	-1	
11	9	686dd47dcebee639	4			yes					-1	-1	-1	-1	
12	2	d60b4de32926ea46	4			yes					-1	13	21	25	
13	12	3f1f072cb55036bb	5			yes					14	17	-1	19	20	
14	13	0412ac6df4c81a73	4			yes					15	-1	16	-1	
15	14	6b23316c8fd9bcaa	3			yes					-1	-1	-1	
16	14	9a55c4296d1fa209	3			yes					-1	-1	-1	
17	13	502e9a2dce419062	4			yes					-1	-1	18	-1	
18	17	ce69f26957962818	3			yes					-1	-1	-1	
19	13	a1586f682c878ec1	4			yes					-1	-1	-1	-1	
20	13	861d0467b8f4ef0f	4			yes					-1	-1	-1	-1	
21	12	459902980d1f1a2b	5			yes					22	23	-1	-1	24	
22	21	7e94a9d94c8736e3	4			yes					-1	-1	-1	-1	
23	21	2aa89f99760ebcf2	4			yes					-1	-1	-1	-1	
24	21	bb6ab2c5cd2fc812	4			yes					-1	-1	-1	-1	
25	12	f48e4dab0f0e48fb	5			yes					26	27	28	29	-1	
26	25	cf83e6ea4e966433	4			yes					-1	-1	-1	-1	
27	25	9bbfd0aa741fee22	4			yes					-1	-1	-1	-1	
28	25	6f68e2e3ebca5d0c	4			yes					-1	-1	-1	-1	
29	25	17866ed4bf8f0cbd	4			yes					-1	-1	-1	-1	
30	2	d1677aa60d9ebc85	4			yes					-1	-1	31	36	
31	30	15398b203ad04123	5			yes					32	33	34	-1	35	
32	31	2e3420617b486deb	4			yes					-1	-1	-1	-1	
33	31	7a08162141c1e7fa	4			yes					-1	-1	-1	-1	
34	31	2c0821557748f9e6	4			yes					-1	-1	-1	-1	
35	31	c62fcdcd92257961	4			yes					-1	-1	-1	-1	
36	30	a6036804f4dc7238	5			yes					37	38	39	-1	-1	
37	36	9d0ec345b5445ef0	4			yes					-1	-1	-1	-1	
38	36	c932f5058fcdd4e1	4			yes					-1	-1	-1	-1	
39	36	9f32c271b944cafd	4			yes					-1	-1	-1	-1	
40	2	da263f437fec6c45	4			yes					-1	-1	-1	41	
41	40	edf230209f87fce2	6			yes					42	44	46	48	-1	50	
42	41	d6ff9b61de1fd02a	5			yes					-1	-1	-1	-1	43	
43	42	8e861b57b5ca0637	4			yes					-1	-1	-1	-1	
44	41	82c3ad21e4965a3b	5			yes					-1	-1	-1	-1	45	
45	44	daba2d178f438c26	4			yes					-1	-1	-1	-1	
46	41	d4c39a55d21f4427	5			yes					-1	-1	-1	-1	47	
47	46	8cba1a63b9ca923a	4			yes					-1	-1	-1	-1	
48	41	66568283aaa26f86	5			yes					-1	-1	-1	-1	49	
49	48	3e2f02b5c177b99b	4			yes					-1	-1	-1	-1	
50	41	b58bb016f4522aff	5			yes					-1	-1	-1	-1	-1	
51	2	8c4dd5908056b5e2	4			yes					-1	-1	-1	-1	
52	1	d6ee0b70314ee6f5	4			yes					53	58	65	76	
53	52	9f3067ec69c962e7	3			yes					54	55	57	
54	53	c15d30e568b99ec6	4			yes					-1	-1	-1	-1	
55	53	0c5a5623783d12a7	4			yes					-1	-1	-1	56	
56	55	5bcddab6ec244248	3			yes					-1	-1	-1	
57	53	6abaf612350a010c	4			yes					-1	-1	-1	-1	
58	52	1fb5864fa73d5db5	3			yes					-1	59	61	
59	58	df65d1729085d2ae	5			yes					-1	-1	-1	-1	60	
60	59	583c6c7f7b8e5209	4			yes					-1	-1	-1	-1	
61	58	13b6c6b21693ab68	5			yes					62	63	-1	64	-1	
62	61	28bb6df3570b87a0	4			yes					-1	-1	-1	-1	
63	61	a3409097c15ca929	4			yes					-1	-1	-1	-1	
64	61	8df1aef68f441312	4			yes					-1	-1	-1	-1	
65	52	33a3e1cb1d3cba69	3			yes					-1	-1	66	
66	65	66d9df0fb3cc9d17	6			yes					67	69	71	73	-1	75	
67	66	5dd4744ef254b1df	5			yes					-1	-1	-1	-1	68	
68	67	05adf478998167c2	4			yes					-1	-1	-1	-1	
69	66	d62f892a64039f56	5			yes					-1	-1	-1	-1	70	
70	69	8e56091c0fd6494b	4			yes					-1	-1	-1	-1	
71	66	0b0451717ec1e0bf	5			yes					-1	-1	-1	-1	72	
72	71	537dd147151436a2	4			yes					-1	-1	-1	-1	
73	66	ed7d6dac86e90e73	5			yes					-1	-1	-1	-1	74	
74	73	b504ed9aed3cd86e	4			yes					-1	-1	-1	-1	
75	66	3ea05f39d8194b0a	5			yes					-1	-1	-1	-1	-1	
76	52	65c80b18e28663ce	3			yes					-1	-1	-1	
77	1	e220d0f322d4d488	4			yes					78	85	93	95	
78	77	abfebc6f7a53509a	3			yes					79	81	82	
79	78	9c31b9ae209c139c	4			yes					-1	-1	-1	80	
80	79	2533bae52d38ca28	3			yes					-1	-1	-1	
81	78	a65b0d4596d41218	4			yes					-1	-1	-1	-1	
82	78	816312977780f944	5			yes					-1	83	84	-1	-1	
83	82	6c570466fbb48092	4			yes					-1	-1	-1	-1	
84	82	c9226676b0c8fb4a	4			yes					-1	-1	-1	-1	
85	77	0b4048e8586c0e17	3			yes					-1	86	88	
86	85	596b5d9b134b57f2	5			yes					-1	-1	-1	-1	87	
87	86	47e33a4ff1724479	4			yes					-1	-1	-1	-1	
88	85	c80c3e99782d5ce5	5			yes					89	90	91	92	-1	
89	88	f30195d839b5702d	4			yes					-1	-1	-1	-1	
90	88	78fa68bcafe25ea4	4			yes					-1	-1	-1	-1	
91	88	9c90aca0e7f8b6e2	4			yes					-1	-1	-1	-1	
92	88	f1d40dc081236123	4			yes					-1	-1	-1	-1	
93	77	1398f4eff1f7dbb6	3			yes					-1	-1	94	
94	93	274ab047be05f2cc	5			yes					-1	-1	-1	-1	-1	
95	77	5106d09bf11c51b3	3			yes					-1	-1	-1	
96	1	48e08b806c6098d2	4			yes					97	102	109	111	
97	96	013ee71c34e71cc0	3			yes					98	99	-1	
98	97	681b96eaa056ce9c	4			yes					-1	-1	-1	-1	
99	97	9f3a3e2efc431ede	5			yes					-1	100	-1	101	-1	
100	99	720e28df70776708	4			yes					-1	-1	-1	-1	
101	99	935be00fc5588870	4			yes					-1	-1	-1	-1	
102	96	a180139b16d8424d	3			yes					-1	103	108	
103	102	d7c24471431ea08d	5			yes					104	105	-1	106	107	
104	103	eccfef3002868c45	4			yes					-1	-1	-1	-1	
105	103	6734125494d1a2cc	4			yes					-1	-1	-1	-1	
106	103	dba39a507a053623	4			yes					-1	-1	-1	-1	
107	103	6ec0473a4eba7939	4			yes					-1	-1	-1	-1	
108	102	26164ee5c4b47c15	5			yes					-1	-1	-1	-1	-1	
109	96	a6ec24de3260148e	3			yes					-1	-1	110	
110	109	089f1be26cf6f842	5			yes					-1	-1	-1	-1	-1	
111	96	4eb25bd97c3fd2d1	3			yes					-1	-1	-1	
112	1	ccbd932df9034728	5			yes					113	120	137	149	150	
113	112	8563ffb1a184c33a	4			yes					114	116	119	-1	
114	113	abd2a846054c2c80	5			yes					-1	-1	-1	-1	115	
115	114	b0089cce1c58a094	4			yes					-1	-1	-1	-1	
116	113	bc716627d8bd88a4	5			yes					-1	117	-1	-1	118	
117	116	514570d65489f172	4			yes					-1	-1	-1	-1	
118	116	3423384f688262ec	4			yes					-1	-1	-1	-1	
119	113	8d050a38a2d7e4e3	5			yes					-1	-1	-1	-1	-1	
120	112	25dd0b3683bb9db7	4			yes					-1	121	131	135	
121	120	420fec8a909ecced	6			yes					122	124	-1	126	128	130	
122	121	790247cbd106e025	5			yes					-1	-1	-1	-1	123	
123	122	62d87343c8126c31	4			yes					-1	-1	-1	-1	
124	121	f2f9baaf4751ceac	5			yes					-1	-1	-1	-1	125	
125	124	e9238e275e4542b8	4			yes					-1	-1	-1	-1	
126	121	dc4884ce09497497	5			yes					-1	-1	-1	-1	127	
127	126	c792b046105df883	4			yes					-1	-1	-1	-1	
128	121	4200fbcb0d3ec783	5			yes					-1	-1	-1	-1	129	
129	128	59dacf43142a4b97	4			yes					-1	-1	-1	-1	
130	121	59d5d802898a40f9	5			yes					-1	-1	-1	-1	-1	
131	120	d4b8bbb4e4bf2576	5			yes					132	133	-1	-1	134	
132	131	efb510f5a52709be	4			yes					-1	-1	-1	-1	
133	131	644eed9133702737	4			yes					-1	-1	-1	-1	
134	131	5ceae5dc5480cf3e	4			yes					-1	-1	-1	-1	
135	120	429f29792af554d2	3			yes					-1	-1	136	
136	135	a10977fa87e01a6a	5			yes					-1	-1	-1	-1	-1	
137	112	22b13c73a703cb74	4			yes					-1	-1	138	148	
138	137	7c17684a0c2f38ab	6			yes					139	141	143	-1	145	146	
139	138	471ac30b4db71463	5			yes					-1	-1	-1	-1	140	
140	139	5cc0f78354a39877	4			yes					-1	-1	-1	-1	
141	138	cce13e6fdbe03aea	5			yes					-1	-1	-1	-1	142	
142	141	d73b0ae7c2f4b6fe	4			yes					-1	-1	-1	-1	
143	138	4526c23f41b7806e	5			yes					-1	-1	-1	-1	144	
144	143	5efcf6b758a30c7a	4			yes					-1	-1	-1	-1	
145	138	0232326127ef51ed	5			yes					-1	-1	-1	-1	-1	
146	138	67cd5cc2153bb4bf	5			yes					-1	-1	-1	-1	147	
147	146	19e806e93efbddf9	4			yes					-1	-1	-1	-1	
148	137	45f31e3c0e4d0211	3			yes					-1	-1	-1	
149	112	29f07996d5711bb4	4			yes					-1	-1	-1	-1	
150	112	abffb162504d8e4d	4			yes					-1	-1	-1	-1	
151	0	92e963d956ef8db2	5			yes					-1	152	201	217	231	
152	151	83218c7173c3360f	5			yes					153	171	179	189	200	
153	152	4ca25db6c45161e4	4			yes					154	155	161	166	
154	153	1e12ff739ee9dfa7	4			yes					-1	-1	-1	-1	
155	153	7e61dbdfeb2ee5a6	5			yes					156	157	-1	159	160	
156	155	4ff15e2cab440035	4			yes					-1	-1	-1	-1	
157	155	e82392bcdd7dc6f0	4			yes					-1	-1	158	-1	
158	157	53db28fd573afc7a	3			yes					-1	-1	-1	
159	155	c599619e6169df2c	4			yes					-1	-1	-1	-1	
160	155	c763d894e68a3c12	4			yes					-1	-1	-1	-1	
161	153	52451476e6e37864	5			yes					162	163	164	-1	165	
162	161	63d59185a6899df7	4			yes					-1	-1	-1	-1	
163	161	c4075d15d0b05b32	4			yes					-1	-1	-1	-1	
164	161	169868342e9d956d	4			yes					-1	-1	-1	-1	
165	161	05d298e372fa288b	4			yes					-1	-1	-1	-1	
166	153	34a5b447abd46bcf	5			yes					167	168	169	170	-1	
167	166	053531b4ebbe8e5c	4			yes					-1	-1	-1	-1	
168	166	a2e7fd249d874899	4			yes					-1	-1	-1	-1	
169	166	7078c80563aa86c6	4			yes					-1	-1	-1	-1	
170	166	d392373968cba76c	4			yes					-1	-1	-1	-1	
171	152	77e4944a16280210	4			yes					-1	172	174	176	
172	171	3e776679726fc347	4			yes					173	-1	-1	-1	
173	172	f7e039cbbcc9321a	3			yes					-1	-1	-1	
174	171	279b0de3924fa2b0	5			yes					-1	-1	-1	-1	-1	
175	174	340cbaa1b4455fda	4			no					-1	-1	-1	-2	
176	171	c4c29422c5e0872b	3			yes					177	178	-1	
177	176	ed7cf5c991f4e6ec	4			yes					-1	-1	-1	-1	
178	176	4f0bacb28a8ca050	4			yes					-1	-1	-1	-1	
179	152	6d2d232f2dc3ba53	4			yes					-1	-1	180	185	
180	179	b34f5bd8357b59db	5			yes					181	182	183	-1	184	
181	180	7ad8046afbdda886	4			yes					-1	-1	-1	-1	
182	180	dc7ec6d94e6aff02	4			yes					-1	-1	-1	-1	
183	180	de92d5a6f8762473	4			yes					-1	-1	-1	-1	
184	180	60591d359d8e6199	4			yes					-1	-1	-1	-1	
185	179	0075b8fcfb776ac0	5			yes					186	187	188	-1	-1	
186	185	c9e2e74e35d19b9d	4			yes					-1	-1	-1	-1	
187	185	6f4425fd8066cc19	4			yes					-1	-1	-1	-1	
188	185	6da83682367a1768	4			yes					-1	-1	-1	-1	
189	152	666c66ca5fb16a93	4			yes					-1	-1	-1	190	
190	189	4b84e0d8902ce41a	6			yes					191	193	195	197	-1	199	
191	190	8213bf6a5e8a1547	5			yes					-1	-1	-1	-1	192	
192	191	da6a3f5c355fc35a	4			yes					-1	-1	-1	-1	
193	190	24b57dd9eb3d42c3	5			yes					-1	-1	-1	-1	194	
194	193	7cccfdef80e894de	4			yes					-1	-1	-1	-1	
195	190	26596ea65d2199b2	5			yes					-1	-1	-1	-1	196	
196	195	7e20ee9036f44faf	4			yes					-1	-1	-1	-1	
197	190	c020527ba509777e	5			yes					-1	-1	-1	-1	198	
198	197	9859d24dcedca163	4			yes					-1	-1	-1	-1	
199	190	13fd60eefbf93207	5			yes					-1	-1	-1	-1	-1	
200	152	30078c19a00bb334	4			yes					-1	-1	-1	-1	
201	151	e19cb4a02e1e15be	4			yes					202	211	214	216	
202	201	2e1f6567998c4255	3			yes					203	205	206	
203	202	ff284824681d4237	4			yes					-1	-1	-1	204	
204	203	462a4b6f65b99b83	3			yes					-1	-1	-1	
205	202	2c3151fa01fc0695	4			yes					-1	-1	-1	-1	
206	202	cf83f73177a4f560	5			yes					207	208	209	210	-1	
207	206	fe1372c237ce10f3	4			yes					-1	-1	-1	-1	
208	206	cc1088626bdb8e86	4			yes					-1	-1	-1	-1	
209	206	2568ab642dba061e	4			yes					-1	-1	-1	-1	
210	206	f65bc4688eaac8a6	4			yes					-1	-1	-1	-1	
211	201	8d1df5b3b779ddee	3			yes					-1	212	213	
212	211	672633788f920d7f	4			yes					-1	-1	-1	-1	
213	211	55b8955a783a6cfc	4			yes					-1	-1	-1	-1	
214	201	102490bcfd3d1a80	3			yes					-1	-1	215	
215	214	0a178f909de58bc1	5			yes					-1	-1	-1	-1	-1	
216	201	52bab4c8fdd69085	3			yes					-1	-1	-1	
217	151	4b5cefd360aa59e4	4			yes					218	226	228	230	
218	217	84df3e14d7380e0f	3			yes					219	220	225	
219	218	8751d2ac5be7c253	4			yes					-1	-1	-1	-1	
220	218	7f576a1f2a4e46b9	5			yes					221	222	-1	223	224	
221	220	4ec7efec6a24a32a	4			yes					-1	-1	-1	-1	
222	220	7cc4154c36313d5f	4			yes					-1	-1	-1	-1	
223	220	7336b43e1355d017	4			yes					-1	-1	-1	-1	
224	220	c655695427ea9f0d	4			yes					-1	-1	-1	-1	
225	218	c6c0af97f3706712	5			yes					-1	-1	-1	-1	-1	
226	217	27ddaec0f9cd91b4	3			yes					-1	227	-1	
227	226	c523efe5d93dff54	4			yes					-1	-1	-1	-1	
228	217	a550408d3eaad5b8	3			yes					-1	-1	229	
229	228	25c224354f16814f	5			yes					-1	-1	-1	-1	-1	
230	217	4d0e3f8a70f513e7	3			yes					-1	-1	-1	
231	151	cf01f77ef5c9861e	5			yes					232	245	249	261	262	
232	231	008226b9425bd1f5	4			yes					233	235	240	242	
233	232	bcc5dff117f98169	5			yes					-1	-1	-1	-1	234	
234	233	a71feb790eed0d7d	4			yes					-1	-1	-1	-1	
235	232	9d9f4fc73385ede6	5			yes					236	237	-1	238	239	
236	235	ac0fca3473ef0875	4			yes					-1	-1	-1	-1	
237	235	9e0c30942ffa9600	4			yes					-1	-1	-1	-1	
238	235	bf040e12b8a385d2	4			yes					-1	-1	-1	-1	
239	235	15cd11af83ba07ae	4			yes					-1	-1	-1	-1	
240	232	a1d50680b7f247c1	5			yes					-1	-1	-1	-1	241	
241	240	298758e807cdad89	4			yes					-1	-1	-1	-1	
242	232	67c004f6eb151890	3			yes					-1	243	244	
243	242	a3a6ce6326f3fa6f	5			yes					-1	-1	-1	-1	-1	
244	242	1eb74554a206d095	5			yes					-1	-1	-1	-1	-1	
245	231	a380b66d6cae4e4e	4			yes					-1	246	248	-1	
246	245	b190180eae9992c3	5			yes					-1	-1	-1	-1	247	
247	246	aa4a2c86b78d1ed7	4			yes					-1	-1	-1	-1	
248	245	de55408f219b3aed	5			yes					-1	-1	-1	-1	-1	
249	231	210d5820abc90a42	4			yes					-1	-1	250	260	
250	249	514a579d2fcf41a6	6			yes					251	253	255	-1	257	259	
251	250	98dd082fe169b0fb	5			yes					-1	-1	-1	-1	252	
252	251	83073ca7f87d3cef	4			yes					-1	-1	-1	-1	
253	250	3e7bca9c54dee77f	5			yes					-1	-1	-1	-1	254	
254	253	25a1fe144dca6b6b	4			yes					-1	-1	-1	-1	
255	250	687bfde86257f963	5			yes					-1	-1	-1	-1	256	
256	255	73a1c9607b437577	4			yes					-1	-1	-1	-1	
257	250	2f6f0db6040f28e0	5			yes					-1	-1	-1	-1	258	
258	257	34b5393e1d1ba4f4	4			yes					-1	-1	-1	-1	
259	250	4a90631536dbcdb2	5			yes					-1	-1	-1	-1	-1	
260	249	464f7a6f0287c327	3			yes					-1	-1	-1	
261	231	2a4c1dc5d9bbda82	4			yes					-1	-1	-1	-1	
262	231	a843d5315c874f7b	4			yes					-1	-1	-1	-1	
263	0	1a8f9229723bf9ac	5			yes					-1	-1	264	309	323	
264	263	702b5c35ce025c8a	5			yes					265	280	292	297	308	
265	264	bfa88df279900b61	4			yes					266	270	271	276	
266	265	a4495d696e16708e	4			yes					-1	267	268	269	
267	266	834a45cfe3f0b48b	3			yes					-1	-1	-1	
268	266	9d916e3097184d48	3			yes					-1	-1	-1	
269	266	e716a53a9c0f55c5	3			yes					-1	-1	-1	
270	265	063336a7dde10224	4			yes					-1	-1	-1	-1	
271	265	e0f1c525ad2228b3	5			yes					-1	272	273	274	275	
272	271	3d5bf469fabcbdda	4			yes					-1	-1	-1	-1	
273	271	c7f2dd8320c4ecb6	4			yes					-1	-1	-1	-1	
274	271	b3fd6b799233b756	4			yes					-1	-1	-1	-1	
275	271	512c273dace1bbad	4			yes					-1	-1	-1	-1	
276	265	154bd8a5e25fbc23	5			yes					-1	277	278	279	-1	
277	276	c8e1e9e9b5c1294a	4			yes					-1	-1	-1	-1	
278	276	3248c0036fb97826	4			yes					-1	-1	-1	-1	
279	276	2c93ebfc1b5181e5	4			yes					-1	-1	-1	-1	
280	264	6e1a846be75181cc	4			yes					-1	281	282	287	
281	280	7f06729b86d61284	4			yes					-1	-1	-1	-1	
282	280	849b685db682b395	5			yes					283	284	285	286	-1	
283	282	4d0c37ef782442c8	4			yes					-1	-1	-1	-1	
284	282	0c450b507d9239a3	4			yes					-1	-1	-1	-1	
285	282	a39870fb3b647790	4			yes					-1	-1	-1	-1	
286	282	d797c60189932c70	4			yes					-1	-1	-1	-1	
287	280	712175ddf9ff2705	5			yes					288	289	290	291	-1	
288	287	b8b62a6f3759d658	4			yes					-1	-1	-1	-1	
289	287	f9ff16d032efad33	4			yes					-1	-1	-1	-1	
290	287	56226d7b7419e300	4			yes					-1	-1	-1	-1	
291	287	48f9468400f11ac3	4			yes					-1	-1	-1	-1	
292	264	87d9e34a617b530a	4			yes					-1	-1	293	294	
293	292	2dff25811fbb0f3b	5			yes					-1	-1	-1	-1	-1	
294	292	34ffe322b2b3d631	3			yes					295	296	-1	
295	294	f55d3c1dd2fc3b6f	4			yes					-1	-1	-1	-1	
296	294	8ac6b9d94d30acee	4			yes					-1	-1	-1	-1	
297	264	9566b68ee2700016	4			yes					-1	-1	-1	298	
298	297	57a6edbece9fd1e8	6			yes					299	301	303	305	-1	307	
299	298	9e31b20c003920b5	5			yes					-1	-1	-1	-1	-1	
300	299	c648323a6becf6a8	4			yes					-1	-1	-1	-1	
301	298	e750bb9b1950d3a9	5			yes					-1	-1	-1	-1	-1	
302	301	bf293bad728505b4	4			yes					-1	-1	-1	-1	
303	298	3a7b63c00392ac40	5			yes					-1	-1	-1	-1	304	
304	303	6202e3f668477a5d	4			yes					-1	-1	-1	-1	
305	298	1fe7995f09d7d3e6	5			yes					-1	-1	-1	-1	306	
306	305	479e1969620205fb	4			yes					-1	-1	-1	-1	
307	298	0fdf6d88a54a07f5	5			yes					-1	-1	-1	-1	-1	
308	264	c30d5c5d1dcad9b1	4			yes					-1	-1	-1	-1	
309	263	1ebb54ff18ed7bee	4			yes					310	318	321	322	
310	309	d1388538af7f2c05	3			yes					311	316	317	
311	310	29a2925950decb6f	5			yes					-1	312	313	314	315	
312	311	6d7fee1b98a02666	4			yes					-1	-1	-1	-1	
313	311	08732fed14260e15	4			yes					-1	-1	-1	-1	
314	311	25c34c7869c55dc1	4			yes					-1	-1	-1	-1	
315	311	90a091125d7a12db	4			yes					-1	-1	-1	-1	
316	310	4a387a01c8dd56c9	4			yes					-1	-1	-1	-1	
317	310	76612eb6e352b431	5			yes					-1	-1	-1	-1	-1	
318	309	008a8ca131bea6a8	3			yes					-1	319	320	
319	318	7689bb188c6222b4	5			yes					-1	-1	-1	-1	-1	
320	318	120b83cef8f22f17	5			yes					-1	-1	-1	-1	-1	
321	309	d7e0d9c08e9ec0ae	3			yes					-1	-1	-1	
322	309	18e984a608b231ed	3			yes					-1	-1	-1	
323	263	9ae64c528d8ea414	5			yes					324	336	344	347	348	
324	323	55659d953a1cf3ff	4			yes					325	329	331	334	
325	324	a34873fc00f2a502	5			yes					-1	326	-1	-1	328	
326	325	e7950fbec88c480b	4			yes					-1	-1	-1	327	
327	326	fc4f3b36d198c41f	3			yes					-1	-1	-1	
328	325	b892477419e62916	4			yes					-1	-1	-1	-1	
329	324	a4e4162554f15cea	5			yes					-1	-1	-1	-1	330	
330	329	bf3e22ad4de5d0fe	4			yes					-1	-1	-1	-1	
331	324	94aa03eb87354472	5			yes					-1	332	-1	-1	333	
332	331	490032a7d0abd11b	4			yes					-1	-1	-1	-1	
333	331	1cf85d83370aae3a	4			yes					-1	-1	-1	-1	
334	324	3227bfda93523a9a	3			yes					-1	-1	335	
335	334	48d19f0a1d18579f	5			yes					-1	-1	-1	-1	-1	
336	323	84d7940ca4dd7952	4			yes					-1	337	339	342	
337	336	10a89785ef0e8a0c	5			yes					-1	-1	-1	-1	338	
338	337	0b72a30df61a0618	4			yes					-1	-1	-1	-1	
339	336	f0c0ae939c95df54	5			yes					340	-1	-1	-1	341	
340	339	3957f12152332e09	4			yes					-1	-1	-1	-1	
341	339	7892f0fb2caa351c	4			yes					-1	-1	-1	-1	
342	336	e395b6430d93b037	3			yes					-1	-1	343	
343	342	2cbb327206b8ccb9	5			yes					-1	-1	-1	-1	-1	
344	323	53bdc16d1bfd1f54	4			yes					-1	-1	345	-1	
345	344	a19e1d5fe5f32b95	5			yes					-1	-1	-1	-1	346	
346	345	ba4429d7fce7a781	4			yes					-1	-1	-1	-1	
347	323	7faba6e9a1fcf888	4			yes					-1	-1	-1	-1	
348	323	fda46e1d24c06d71	4			yes					-1	-1	-1	-1	
349	0	16ea247788630936	5			yes					-1	-1	-1	350	385	
350	349	d520ff7627640e6c	5			yes					351	365	375	382	384	
351	350	1aa32eb190f65987	4			yes					352	358	362	363	
352	351	8137f049df5c19d5	5			yes					-1	353	354	356	357	
353	352	6c03e6b853686003	4			yes					-1	-1	-1	-1	
354	352	c97684a818141bdb	4			yes					-1	-1	-1	-1	
355	354	244292599420620d	3			no					-1	-2	-2	
356	352	3f76f60186734f2b	4			yes					-1	-1	-1	-1	
357	352	556352e5d314f225	4			yes					-1	-1	-1	-1	
358	351	316bcc6845016d1a	5			yes					-1	-1	359	360	361	
359	358	a3668aea1a10e1dd	4			yes					-1	-1	-1	-1	
360	358	3d0a12497c1afbb4	4			yes					-1	-1	-1	-1	
361	358	8869cf2348a5b4ae	4			yes					-1	-1	-1	-1	
362	351	cdd322f03dce44f2	3			yes					-1	-1	-1	
363	351	6d143b824980f086	5			yes					-1	-1	-1	364	-1	
364	363	d3553dca10afa678	4			yes					-1	-1	-1	-1	
365	350	cb1127280e37d32a	4			yes					-1	366	371	372	
366	365	65bd5f76623b374a	5			yes					367	-1	368	369	370	
367	366	ac2a00c4ac9dc617	4			yes					-1	-1	-1	-1	
368	366	f7b019f43d2abb8d	4			yes					-1	-1	-1	-1	
369	366	69dc81575b20a1e4	4			yes					-1	-1	-1	-1	
370	366	dcbf5c3d6f9feefe	4			yes					-1	-1	-1	-1	
371	365	1c612b69a30fce5f	3			yes					-1	-1	-1	
372	365	2c48fc766ba8b4a8	6			yes					-1	-1	373	-1	-1	374	
373	372	5ae79635c81ee4de	5			yes					-1	-1	-1	-1	-1	
374	372	064095e2427405dc	5			yes					-1	-1	-1	-1	-1	
375	350	3c40676d5ddcd4f3	4			yes					-1	-1	376	377	
376	375	eb306b2cf0e4c986	3			yes					-1	-1	-1	
377	375	a2480ccd6b8823bd	6			yes					378	379	-1	380	-1	381	
378	377	6bdf537fa52ed2e0	5			yes					-1	-1	-1	-1	-1	
379	377	12be5ae8bc4721fc	5			yes					-1	-1	-1	-1	-1	
380	377	30454a4f3499af7a	5			yes					-1	-1	-1	-1	-1	
381	377	88406559425492c9	5			yes					-1	-1	-1	-1	-1	
382	350	0250f3378a5c1319	4			yes					-1	-1	-1	383	
383	382	38d29182e4795032	3			yes					-1	-1	-1	
384	350	efa29dc349414d47	4			yes					-1	-1	-1	-1	
385	349	ae2897d19e149669	5			yes					386	406	414	417	418	
386	385	61ab46162986c182	4			yes					387	399	402	404	
387	386	d0da38aff18d9ec1	6			yes					-1	388	392	394	396	398	
388	387	3dee2e5e7db9e717	5			yes					-1	389	-1	390	391	
389	388	75af5abfbaf1e519	4			yes					-1	-1	-1	-1	
390	388	3de1391fe019ec79	4			yes					-1	-1	-1	-1	
391	388	26341ad664ad6b03	4			yes					-1	-1	-1	-1	
392	387	989b4c4e36c59ccf	5			yes					-1	-1	-1	-1	393	
393	392	834178c62fd110db	4			yes					-1	-1	-1	-1	
394	387	f0f777640e8f23a1	5			yes					-1	-1	-1	-1	395	
395	394	eb2d43ec179bafb5	4			yes					-1	-1	-1	-1	
396	387	d0d52fee6c2d95af	5			yes					-1	-1	-1	-1	397	
397	396	cb0f1b66753919bb	4			yes					-1	-1	-1	-1	
398	387	cb000c27e89912d5	5			yes					-1	-1	-1	-1	-1	
399	386	6b000b07bcc6e7e3	5			yes					-1	-1	-1	400	401	
400	399	a78f3ab1679e7949	4			yes					-1	-1	-1	-1	
401	399	e352556f0cf90dab	4			yes					-1	-1	-1	-1	
402	386	833eb2a2935debda	5			yes					-1	-1	-1	-1	403	
403	402	98e4862a8a4967ce	4			yes					-1	-1	-1	-1	
404	386	06e9645980c808e7	3			yes					-1	405	-1	
405	404	016e06445f0036ac	4			yes					-1	-1	-1	-1	
406	385	b0194f8fb7474b2f	4			yes					-1	407	411	413	
407	406	3fd698199bfcbdb3	5			yes					408	-1	-1	409	410	
408	407	f641c7ab555a4cee	4			yes					-1	-1	-1	-1	
409	407	f359a9af40a42319	4			yes					-1	-1	-1	-1	
410	407	b784c6712bc357fb	4			yes					-1	-1	-1	-1	
411	406	b8d1dc9ee5bcd03c	5			yes					-1	-1	-1	-1	412	
412	411	a30be816fca85c28	4			yes					-1	-1	-1	-1	
413	406	d75b6dc01e09824a	3			yes					-1	-1	-1	
414	385	47480fcae4ac4cf6	4			yes					-1	-1	415	416	
415	414	a33747bb5366ded1	5			yes					-1	-1	-1	-1	-1	
416	414	200a2d854de28593	3			yes					-1	-1	-1	
417	385	5f90b3cd4d379957	4			yes					-1	-1	-1	-1	
418	385	c96ab59e375a5f0c	4			yes					-1	-1	-1	-1	
419	0	cf3668cedffed79a	5			yes					-1	-1	-1	-1	420	
420	419	7ed54ea55b73b6ad	6			yes					421	447	464	472	475	477	
421	420	b1569f62ece1e146	5			yes					422	433	439	444	446	
422	421	af67473cc5b23c00	4			yes					423	424	-1	427	
423	422	989041df4bfadd59	5			yes					-1	-1	-1	-1	-1	
424	422	3ded1eac75534010	6			yes					-1	425	-1	-1	-1	426	
425	424	d0d9085df96739c6	5			yes					-1	-1	-1	-1	-1	
426	424	26372a246c47cc04	5			yes					-1	-1	-1	-1	-1	
427	422	44cdd5d1345f2f9f	6			yes					-1	428	429	-1	431	432	
428	427	a9f9c320b86b5649	5			yes					-1	-1	-1	-1	-1	
429	427	cf696772017abcfb	5			yes					-1	-1	-1	-1	-1	
430	427	fa8cd3996d707961	5			no					-1	-2	-2	-2	-2	
431	427	e840fe2063843de2	5			yes					-1	-1	-1	-1	-1	
432	427	3a0bbf5676a27132	5			yes					-1	-1	-1	-1	-1	
433	421	5836077996593bd9	4			yes					-1	434	-1	435	
434	433	f6f1eed29fc6c200	5			yes					-1	-1	-1	-1	-1	
435	433	942e2afbf1a4c7b8	6			yes					-1	-1	-1	436	-1	438	
436	435	984ff4dac8bf5116	5			yes					-1	-1	-1	-1	-1	
437	436	1fc4c64219aefccc	4			no					-1	-1	-2	-2	
438	435	13a5186320b56a62	5			yes					-1	-1	-1	-1	-1	
439	421	5f5a303cb2e16d1a	4			yes					-1	-1	-1	440	
440	439	cc468a3d489e1c17	6			yes					-1	-1	-1	441	-1	443	
441	440	c027541c71858ab9	5			yes					-1	-1	-1	-1	-1	
442	441	47ac6684a0942763	4			no					-1	-1	-1	-2	
443	440	4bcdb8a5998fb1cd	5			yes					-1	-1	-1	-1	-1	
444	421	8243a3e62a041d90	4			yes					-1	-1	-1	445	
445	444	195def1b0deb8b85	3			yes					-1	-1	-1	
446	421	2a48d39fcb0e7753	4			yes					-1	-1	-1	-1	
447	420	60e496fb72206beb	5			yes					-1	448	456	461	463	
448	447	89840ee00898b174	4			yes					-1	449	-1	451	
449	448	35a838d03291ec91	5			yes					-1	-1	-1	-1	450	
450	449	bdfa66b882ae06d9	4			yes					-1	-1	-1	-1	
451	448	179d9f66b713f191	6			yes					452	-1	453	-1	454	455	
452	451	de0ac0d479b500cc	5			yes					-1	-1	-1	-1	-1	
453	451	040a282491190cfb	5			yes					-1	-1	-1	-1	-1	
454	451	bb10b497e0c8e3ec	5			yes					-1	-1	-1	-1	-1	
455	451	695bf5e1f5eeaf3c	5			yes					-1	-1	-1	-1	-1	
456	447	8ee839a52c20e7b7	4			yes					-1	-1	-1	457	
457	456	616cd7457d4caa63	6			yes					-1	-1	-1	458	-1	460	
458	457	6d0d096444573ccd	5			yes					-1	-1	-1	-1	459	
459	458	ea863bfc95469117	4			yes					-1	-1	-1	-1	
460	457	e6e7e5ddac5d07b9	5			yes					-1	-1	-1	-1	-1	
461	447	53f1aa7fb4c5973d	4			yes					-1	-1	-1	462	
462	461	c8efe682932a0128	3			yes					-1	-1	-1	
463	447	fbfada0655cffdfe	4			yes					-1	-1	-1	-1	
464	420	97b5d6be21cb6c32	5			yes					-1	-1	465	469	471	
465	464	79b979e07fcbe06e	4			yes					-1	-1	-1	466	
466	465	1bde96108d350218	6			yes					-1	-1	-1	467	-1	468	
467	466	17bf4831b42e94b6	5			yes					-1	-1	-1	-1	-1	
468	466	9c55a4885c24afc2	5			yes					-1	-1	-1	-1	-1	
469	464	a4a0ea3ae72e90e4	4			yes					-1	-1	-1	470	
470	469	3fbea6c7c0c106f1	3			yes					-1	-1	-1	
471	464	0cab9a430624fa27	4			yes					-1	-1	-1	-1	
472	420	90d9e1fb05733af1	5			yes					-1	-1	-1	473	474	
473	472	a3ccdd7fc396c627	4			yes					-1	-1	-1	-1	
474	472	0bc7ad06229cace4	4			yes					-1	-1	-1	-1	
475	420	4dc072219d964a7b	5			yes					-1	-1	-1	-1	476	
476	475	d6de3edcba79dc6e	4			yes					-1	-1	-1	-1	
477	420	e5cb02587c9c20b8	5			yes					-1	-1	-1	-1	-1	
478	0	b08659fa81b77645	5			yes					-1	-1	-1	-1	-1	
