Number of nodes
140
ID	PID	Hash_Value			File_Number	Fully_Enumerated	Children
0	-1	9911781ae65e63c3	6			yes					1	22	42	65	84	96	
1	0	41a2d85f4a97a9e0	5			yes					2	6	12	18	21	
2	1	75f4a34578aeabbe	4			yes					3	4	-1	5	
3	2	7c64d805b3cddf0f	4			yes					-1	-1	-1	-1	
4	2	a3d42b76806b9f0e	3			yes					-1	-1	-1	
5	2	2bf55adbb726aeb2	4			yes					-1	-1	-1	-1	
6	1	9f9bdc32ffd0b78c	4			yes					-1	7	9	10	
7	6	d1ba951028d57170	4			yes					8	-1	-1	-1	
8	7	20db8f2ebe87edcd	3			yes					-1	-1	-1	
9	6	82a67d55ac82c03d	4			yes					-1	-1	-1	-1	
10	6	7452bce3ca21ef67	5			yes					-1	-1	-1	-1	11	
11	10	d4f3fea7a1481ed2	4			yes					-1	-1	-1	-1	
12	1	43256d772a9b507f	4			yes					-1	-1	13	14	
13	12	7a742a992ba5b97e	4			yes					-1	-1	-1	-1	
14	12	12dc63486c429ab8	5			yes					-1	-1	-1	-1	17	
15	14	e3bd7976fa100605	4			no					-1	-2	-1	-2	
16	14	3fb352d08d14741f	4			no					-1	-2	-1	-2	
17	14	b27d210c072b6b0d	4			yes					-1	-1	-1	-1	
18	1	9ac1cef4ab5b5d43	4			yes					-1	-1	-1	19	
19	18	e8e8ca5fe772e5ad	3			yes					-1	20	-1	
20	19	da34e08e9d3d7cb5	4			yes					-1	-1	-1	-1	
21	1	338bdcf406be110e	4			yes					-1	-1	-1	-1	
22	0	6f67de78f0c021bb	5			yes					23	31	34	37	41	
23	22	7a5178776b490b6f	4			yes					24	25	27	28	
24	23	ee07703719c4c5dd	4			yes					-1	-1	-1	-1	
25	23	cf26cd7f188490f3	4			yes					-1	-1	-1	26	
26	25	40aa27ab5c012163	3			yes					-1	-1	-1	
27	23	a2623078662b2373	4			yes					-1	-1	-1	-1	
28	23	5496f1ce00880c29	5			yes					-1	29	-1	-1	30	
29	28	938bffe75908ba97	4			yes					-1	-1	-1	-1	
30	28	f437b38a6be1fd9c	4			yes					-1	-1	-1	-1	
31	22	befb012756609f06	4			yes					-1	32	-1	33	
32	31	5a90136051da4151	4			yes					-1	-1	-1	-1	
33	31	24a5fc6b680505f1	4			yes					-1	-1	-1	-1	
34	22	6de06b5090ccd824	4			yes					-1	-1	35	36	
35	34	c278aaa0816e1611	4			yes					-1	-1	-1	-1	
36	34	ce44bd3cbace5e2a	4			yes					-1	-1	-1	-1	
37	22	b404c8d3110cd518	4			yes					-1	-1	-1	38	
38	37	c62dcc785d256df6	3			yes					39	-1	40	
39	38	faf0ada357949ffb	4			yes					-1	-1	-1	-1	
40	38	ed550230ae825634	4			yes					-1	-1	-1	-1	
41	22	1d4edad3bce99955	4			yes					-1	-1	-1	-1	
42	0	8c7722656574c01a	5			yes					43	51	58	60	64	
43	42	9941846afefdeace	4			yes					44	46	47	48	
44	43	cc10f9f197c464bd	4			yes					-1	-1	-1	45	
45	44	439c1325d341d52d	3			yes					-1	-1	-1	
46	43	802a380ff2b502e7	3			yes					-1	-1	-1	
47	43	1e6c2dde45fa7307	4			yes					-1	-1	-1	-1	
48	43	e898ec6823595c5d	5			yes					-1	49	-1	-1	50	
49	48	30cc545fd842836e	4			yes					-1	-1	-1	-1	
50	48	4839ae2c4830ade8	4			yes					-1	-1	-1	-1	
51	42	3e2c20df80af3381	4			yes					-1	52	53	54	
52	51	2add97ba0e6891c0	4			yes					-1	-1	-1	-1	
53	51	f46449c19147446f	4			yes					-1	-1	-1	-1	
54	51	02908877f7e46b35	5			yes					55	-1	56	-1	57	
55	54	0b0ba275a3f6fd22	4			yes					-1	-1	-1	-1	
56	54	304d3661f85866f8	4			yes					-1	-1	-1	-1	
57	54	a231ca339c8d9a80	4			yes					-1	-1	-1	-1	
58	42	0e27b6b5d3b79502	4			yes					-1	-1	-1	59	
59	58	681d219b68fb6ca4	4			yes					-1	-1	-1	-1	
60	42	571434ce84b834b9	4			yes					-1	-1	-1	61	
61	60	253d3065c8918c57	3			yes					62	-1	-1	
62	61	46feb0057445cf8f	4			yes					-1	-1	-1	-1	
63	61	acf6d41aa0f8f8e7	4			no					-1	-1	-2	-1	
64	42	fe5e26ce295d78f4	4			yes					-1	-1	-1	-1	
65	0	a6ba7d706437e0cb	5			yes					66	73	78	82	83	
66	65	b38cdb7fffbeca1f	4			yes					67	69	-1	71	
67	66	6d9ee5d2a157ec3e	4			yes					-1	-1	-1	68	
68	67	e2120f06e5d25dae	3			yes					-1	-1	-1	
69	66	d4074c123097e151	4			yes					-1	-1	-1	70	
70	69	5b8ba6c6741250c1	3			yes					-1	-1	-1	
71	66	c3d428f22cbd04d1	4			yes					-1	72	-1	-1	
72	71	04c926db753db26f	3			yes					-1	-1	-1	
73	65	14e17fca81ec1350	4			yes					-1	74	-1	76	
74	73	a9c37549e81cd0cb	4			yes					-1	-1	-1	75	
75	74	264f9f9dac99615b	3			yes					-1	-1	-1	
76	73	857b71dd5ad9df7d	4			yes					77	-1	-1	-1	
77	76	8ce05bdf0ecb496a	3			yes					-1	-1	-1	
78	65	7883791dd170fea7	4			yes					-1	-1	-1	79	
79	78	524079a1075bd849	5			yes					-1	-1	-1	-1	81	
80	79	7f2f4839e60d36ee	4			no					-1	-1	-1	-2	
81	79	f2e13be56c3229fc	4			yes					-1	-1	-1	-1	
82	65	0b7da473873c7fcd	4			yes					-1	-1	-1	-1	
83	65	d49379db281e5825	4			yes					-1	-1	-1	-1	
84	0	db2bef2d3a135dd5	5			yes					85	89	92	94	95	
85	84	ce1d4922a19a7701	4			yes					86	87	88	-1	
86	85	8ed60b0c0ed76d1c	4			yes					-1	-1	-1	-1	
87	85	80e1402ba9b05f5e	4			yes					-1	-1	-1	-1	
88	85	3614b9f371b9129b	4			yes					-1	-1	-1	-1	
89	84	6970ed97dfc8ae4e	4			yes					-1	90	91	-1	
90	89	4df29b31ea60b347	4			yes					-1	-1	-1	-1	
91	89	70bbe0dc07ddc937	4			yes					-1	-1	-1	-1	
92	84	0512eb408f5443b9	4			yes					-1	-1	93	-1	
93	92	01a055af703cef89	4			yes					-1	-1	-1	-1	
94	84	d9ac5a055a1fa44a	4			yes					-1	-1	-1	-1	
95	84	7bd315f0ab193ebc	4			yes					-1	-1	-1	-1	
96	0	be230086c3ec1b5e	5			yes					97	106	114	122	129	
97	96	e58eaae4b7c844e3	5			yes					98	99	102	105	-1	
98	97	8ff2e3a0ee95fd87	4			yes					-1	-1	-1	-1	
99	97	3bb7ae89028f5a8f	4			yes					-1	100	101	-1	
100	99	129c531222efb60e	4			yes					-1	-1	-1	-1	
101	99	748aaf02bde6f519	4			yes					-1	-1	-1	-1	
102	97	e7091fccd7c4bd7c	4			yes					-1	-1	103	-1	
103	102	8622b87592f7c262	5			yes					-1	-1	-1	-1	-1	
104	103	2199c22240014f30	4			no					-1	-1	-2	-1	
105	97	3eedbc4f5604b040	4			yes					-1	-1	-1	-1	
106	96	cb4bacc30d9fccb8	5			yes					107	110	111	113	-1	
107	106	de7d0acc9616e66c	4			yes					-1	108	109	-1	
108	107	440cdc946edb83e3	4			yes					-1	-1	-1	-1	
109	107	544ee22f774f1657	4			yes					-1	-1	-1	-1	
110	106	80a2451031b656c4	4			yes					-1	-1	-1	-1	
111	106	c9cc19eb6d933527	4			yes					-1	-1	112	-1	
112	111	4952bb4bf7310501	4			yes					-1	-1	-1	-1	
113	106	1028ba68ec53381b	4			yes					-1	-1	-1	-1	
114	96	285b50de982b2d19	5			yes					115	118	120	121	-1	
115	114	3d6df6d103a207cd	4			yes					116	-1	117	-1	
116	115	473ae81ae19b77ad	4			yes					-1	-1	-1	-1	
117	115	e840ff89549e4623	4			yes					-1	-1	-1	-1	
118	114	9a0052647df0de82	4			yes					-1	-1	119	-1	
119	118	02489b968023714b	4			yes					-1	-1	-1	-1	
120	114	ea66632ee0afbca4	4			yes					-1	-1	-1	-1	
121	114	f338467579e7d9ba	4			yes					-1	-1	-1	-1	
122	96	02960fcb99680dc8	5			yes					123	126	128	-1	-1	
123	122	17a0a9c402e1271c	4			yes					124	125	-1	-1	
124	123	e6b4f439d708ff2e	4			yes					-1	-1	-1	-1	
125	123	5f2d5df946c8f241	4			yes					-1	-1	-1	-1	
126	122	b0cd0d717cb3fe53	4			yes					-1	127	-1	-1	
127	126	22e964a29e43c3db	4			yes					-1	-1	-1	-1	
128	122	dcaf0ba62c2f13a4	4			yes					-1	-1	-1	-1	
129	96	eb69a5031522f68e	5			yes					130	134	137	139	-1	
130	129	fe5f030c8eabdc5a	4			yes					131	132	133	-1	
131	130	efa7f67877f6f6fc	4			yes					-1	-1	-1	-1	
132	130	e190bd5fd091c4be	4			yes					-1	-1	-1	-1	
133	130	576544870898897b	4			yes					-1	-1	-1	-1	
134	129	5932a7b9f0f90515	4			yes					-1	135	136	-1	
135	134	2c836645934128a7	4			yes					-1	-1	-1	-1	
136	134	11ca1da87efc52d7	4			yes					-1	-1	-1	-1	
137	129	3550a16ea065e8e2	4			yes					-1	-1	138	-1	
138	137	591bb125b8aa0154	5			yes					-1	-1	-1	-1	-1	
139	129	e9ee102b752e0f11	4			yes					-1	-1	-1	-1	
