Number of nodes
366
ID	PID	Hash_Value			File_Number	Fully_Enumerated	Children
0	-1	83af38ac3bc6fc68	6			yes					1	116	212	270	323	365	
1	0	c008eb29d97fd8da	5			yes					2	26	46	62	77	
2	1	1bfd9b3c713dfb59	4			yes					3	7	16	25	
3	2	0cc554d071d8607a	3			yes					4	5	6	
4	3	2aba956c040964ff	4			yes					-1	-1	-1	-1	
5	3	2bc2bf1228bfbca1	4			yes					-1	-1	-1	-1	
6	3	7efdf48e89f1cda6	4			yes					-1	-1	-1	-1	
7	2	250b0a4b1f75e32b	3			yes					-1	8	12	
8	7	47b703a3b6f57db1	5			yes					9	10	11	-1	-1	
9	8	d044bbb83396eaf4	4			yes					-1	-1	-1	-1	
10	8	86ed90dcd5a68c51	4			yes					-1	-1	-1	-1	
11	8	b1dfa5f09f6456a5	4			yes					-1	-1	-1	-1	
12	7	354c7bca05914f66	5			yes					13	14	15	-1	-1	
13	12	a2bfc3d180f2d823	4			yes					-1	-1	-1	-1	
14	12	f416e8b566c2be86	4			yes					-1	-1	-1	-1	
15	12	c324dd992c006472	4			yes					-1	-1	-1	-1	
16	2	32de1704cb52ac30	3			yes					-1	-1	17	
17	16	b7d5fdfcc5de51ec	6			yes					18	19	20	21	-1	22	
18	17	202645e740bdc6a9	5			yes					-1	-1	-1	-1	-1	
19	17	768f6e83a68da00c	5			yes					-1	-1	-1	-1	-1	
20	17	06cc1466936c424a	5			yes					-1	-1	-1	-1	-1	
21	17	e44f393ffd0c03de	5			yes					-1	-1	-1	-1	-1	
22	17	af4f5ae95deb39f8	5			yes					-1	-1	-1	24	-1	
23	22	38bce2f2d888aebd	4			no					-1	-1	-2	-1	
24	22	fcd59e2a65396bca	4			yes					-1	-1	-1	-1	
25	2	00edd2a3d4c2d438	3			yes					-1	-1	-1	
26	1	d92cbf7ef2afa6fb	4			yes					27	32	37	45	
27	26	ffde42e419b2b1dd	3			yes					28	29	31	
28	27	7e63743f9b5d1315	4			yes					-1	-1	-1	-1	
29	27	ff4992fe4c62482b	4			yes					-1	-1	-1	30	
30	29	4f6c90c099fe0518	3			yes					-1	-1	-1	
31	27	1ed854cceff05619	4			yes					-1	-1	-1	-1	
32	26	14c1383df48d6f2e	3			yes					-1	33	35	
33	32	e53575eaa4fc806d	5			yes					-1	-1	-1	-1	34	
34	33	91bae59c09e32196	4			yes					-1	-1	-1	-1	
35	32	e9317a1e2829df6c	5			yes					-1	-1	-1	-1	-1	
36	35	3c869037666fc637	4			no					-1	-2	-1	-1	
37	26	f00f334648c0f192	3			yes					-1	-1	38	
38	37	eeb03ae2083269e4	6			yes					39	40	41	43	-1	44	
39	38	794382f98d51fea1	5			yes					-1	-1	-1	-1	-1	
40	38	1da296732bc329a4	5			yes					-1	-1	-1	-1	-1	
41	38	34842b88d3cef3ea	5			yes					-1	-1	-1	-1	-1	
42	41	2c1e8c9d4bfb9bfe	4			no					-1	-1	-2	-1	
43	38	bd2afe2130e03bd6	5			yes					-1	-1	-1	-1	-1	
44	38	f62a9df7900701f0	5			yes					-1	-1	-1	-1	-1	
45	26	c23cf6e15750899a	3			yes					-1	-1	-1	
46	1	116cd6c214349d33	4			yes					47	51	59	61	
47	46	379e2b58ff298a15	3			yes					48	-1	49	
48	47	35afe0efa47a3eb3	4			yes					-1	-1	-1	-1	
49	47	eba36aea76c73935	5			yes					-1	50	-1	-1	-1	
50	49	a862ef8eee183ab2	4			yes					-1	-1	-1	-1	
51	46	0503ff5848abdf97	3			yes					-1	52	54	
52	51	f8a4e5e6a75221f4	5			yes					-1	-1	-1	-1	53	
53	52	9e94228101632f65	4			yes					-1	-1	-1	-1	
54	51	4b7cddb40f953a71	5			yes					55	56	-1	57	58	
55	54	dc8f65af8af6ad34	4			yes					-1	-1	-1	-1	
56	54	b86e71252c647a31	4			yes					-1	-1	-1	-1	
57	54	527bd550f3a15fac	4			yes					-1	-1	-1	-1	
58	54	b9595fdcdc93646e	4			yes					-1	-1	-1	-1	
59	46	298d9d9f127d7ae3	3			yes					-1	-1	60	
60	59	ae8ca63877a5e9e7	5			yes					-1	-1	-1	-1	-1	
61	46	0a7c9f5db1cbb252	3			yes					-1	-1	-1	
62	1	af3e1ad92856f83d	4			yes					63	67	74	76	
63	62	89cce743c34bef1b	3			yes					64	65	-1	
64	63	07c382343102eb99	4			yes					-1	-1	-1	-1	
65	63	58e40ae144d2d837	4			yes					-1	66	-1	-1	
66	65	1b258f85dc0ddbb0	3			yes					-1	-1	-1	
67	62	bb51334374c9ba99	3			yes					-1	68	73	
68	67	4aec3f030e0e9c0a	5			yes					69	70	-1	71	72	
69	68	dd1f87188b6d0b4f	4			yes					-1	-1	-1	-1	
70	68	b9fe93922dffdc4a	4			yes					-1	-1	-1	-1	
71	68	37bdab5cd9012a1c	4			yes					-1	-1	-1	-1	
72	68	60f32e6123606e49	4			yes					-1	-1	-1	-1	
73	67	92b7fb7d562d3289	5			yes					-1	-1	-1	-1	-1	
74	62	6c70cd2ea61c9d49	3			yes					-1	-1	75	
75	74	988409b136c7ca69	5			yes					-1	-1	-1	-1	-1	
76	62	f1d303f739c830f6	3			yes					-1	-1	-1	
77	1	0f0c3cde10295bcc	5			yes					78	87	104	114	115	
78	77	29fec144fb344cea	4			yes					79	81	85	86	
79	78	71070c65f5042486	5			yes					-1	-1	-1	-1	80	
80	79	a6690358c5010585	4			yes					-1	-1	-1	-1	
81	78	63cca2bfacfe3606	5			yes					-1	82	-1	-1	84	
82	81	200d27db34213581	4			yes					-1	-1	-1	-1	
83	82	f76328e604241482	3			no					-1	-2	-2	
84	81	b4a2ad829cfb1705	4			yes					-1	-1	-1	-1	
85	78	ae328c519fb21f3a	5			yes					-1	-1	-1	-1	-1	
86	78	fe02725568ba70b9	3			yes					-1	-1	-1	
87	77	1b6315444cb61968	4			yes					-1	88	98	102	
88	87	1924efccb37da29b	6			yes					89	91	-1	93	95	97	
89	88	8ed757d7361e35de	5			yes					-1	-1	-1	-1	90	
90	89	59b958ea061b14dd	4			yes					-1	-1	-1	-1	
91	88	ea36435d908ce2db	5			yes					-1	-1	-1	-1	92	
92	91	3d584c60a089c3d8	4			yes					-1	-1	-1	-1	
93	88	cc9305e5fd3bbbc0	5			yes					-1	-1	-1	-1	94	
94	93	1bfd0ad8cd3e9ac3	4			yes					-1	-1	-1	-1	
95	88	cc7af74bcb2aa070	5			yes					-1	-1	-1	-1	96	
96	95	1b14f876fb2f8173	4			yes					-1	-1	-1	-1	
97	88	ce4ae0f183788398	5			yes					-1	-1	-1	-1	-1	
98	87	188993db131f07d5	5			yes					99	100	-1	-1	101	
99	98	8f7a2bc0967c9090	4			yes					-1	-1	-1	-1	
100	98	eb9b3f4a30ee4795	4			yes					-1	-1	-1	-1	
101	98	60ee28a96083198d	4			yes					-1	-1	-1	-1	
102	87	cc9fa655df38253b	3			yes					-1	-1	103	
103	102	b5b3e37320aca8c1	5			yes					-1	-1	-1	-1	-1	
104	77	cc42eb299e633eb8	4			yes					-1	-1	105	113	
105	104	1a374b6354cce24c	6			yes					106	107	108	-1	109	110	
106	105	8dc4f378d1af7509	5			yes					-1	-1	-1	-1	-1	
107	105	e925e7f2773da20c	5			yes					-1	-1	-1	-1	-1	
108	105	ab2ea2f9027ef1ea	5			yes					-1	-1	-1	-1	-1	
109	105	df182affd392a266	5			yes					-1	-1	-1	-1	-1	
110	105	cd59445e64c9c34f	5			yes					111	112	-1	-1	-1	
111	110	5aaafc45e1aa540a	4			yes					-1	-1	-1	-1	
112	110	3e4be8cf4738830f	4			yes					-1	-1	-1	-1	
113	104	1bbe58380ded02eb	3			yes					-1	-1	-1	
114	77	262fb0e6aa460ca5	4			yes					-1	-1	-1	-1	
115	77	d8f08fcf83a7679f	4			yes					-1	-1	-1	-1	
116	0	da000d7bb2895d91	5			yes					-1	117	156	170	182	
117	116	4acd7cd008ab2112	5			yes					118	132	138	148	155	
118	117	a205834797bf0e37	4			yes					119	120	123	127	
119	118	e8690d82798d0a6e	4			yes					-1	-1	-1	-1	
120	118	2c79fd67ba8a9620	4			yes					121	122	-1	-1	
121	120	78d77e4c6273e07d	3			yes					-1	-1	-1	
122	120	f64dec0d61760c2e	3			yes					-1	-1	-1	
123	118	de451b2d9869fd66	5			yes					-1	124	125	-1	126	
124	123	04710a4743956768	4			yes					-1	-1	-1	-1	
125	123	8ddfdfeea0bbaf54	4			yes					-1	-1	-1	-1	
126	123	9fd7a3bcee2c05b8	4			yes					-1	-1	-1	-1	
127	118	3622dc0e14e585a3	5			yes					-1	128	129	130	131	
128	127	ec16cd64cf191fad	4			yes					-1	-1	-1	-1	
129	127	65b818cd2c37d791	4			yes					-1	-1	-1	-1	
130	127	2f25d4eae8d1e07e	4			yes					-1	-1	-1	-1	
131	127	c4075e66c7e3dbbc	4			yes					-1	-1	-1	-1	
132	117	19b5edc70ece3259	4			yes					-1	133	134	135	
133	132	0ff66b44ce746908	4			yes					-1	-1	-1	-1	
134	132	7f332a664887ca6a	5			yes					-1	-1	-1	-1	-1	
135	132	02a5a458ab311d38	3			yes					136	137	-1	
136	135	30539e8887e5a632	4			yes					-1	-1	-1	-1	
137	135	10061b53041772be	4			yes					-1	-1	-1	-1	
138	117	8983ab2786e14466	4			yes					-1	-1	139	144	
139	138	8a08461f8a1b19b6	5			yes					140	141	142	-1	143	
140	139	761a1b3607ff1aa1	4			yes					-1	-1	-1	-1	
141	139	4b52d560e948e856	4			yes					-1	-1	-1	-1	
142	139	503c577551e783b8	4			yes					-1	-1	-1	-1	
143	139	3af207ee26fc2f3f	4			yes					-1	-1	-1	-1	
144	138	5d0657786ce12614	5			yes					145	146	147	-1	-1	
145	144	a1140a51e1052503	4			yes					-1	-1	-1	-1	
146	144	9c5cc4070fb2d7f4	4			yes					-1	-1	-1	-1	
147	144	87324612b71dbc1a	4			yes					-1	-1	-1	-1	
148	117	63eef0e8b2c4767b	4			yes					-1	-1	-1	149	
149	148	b719e03e40174c16	6			yes					150	151	152	153	-1	154	
150	149	4b0bbd17cdf34f01	5			yes					-1	-1	-1	-1	-1	
151	149	764373412344bdf6	5			yes					-1	-1	-1	-1	-1	
152	149	6d2df1549bebd618	5			yes					-1	-1	-1	-1	-1	
153	149	e48324fd78c51e24	5			yes					-1	-1	-1	-1	-1	
154	149	af83472bd8222402	5			yes					-1	-1	-1	-1	-1	
155	117	51dd354fad540e73	4			yes					-1	-1	-1	-1	
156	116	b9d5046f7b878e6c	4			yes					157	165	167	169	
157	156	511dfbf8e493a149	3			yes					158	159	160	
158	157	866808b12feb9154	4			yes					-1	-1	-1	-1	
159	157	46f9a293f7a6e4e3	4			yes					-1	-1	-1	-1	
160	157	73d9a1f2b8f16750	5			yes					-1	161	162	163	164	
161	160	c2c04868ee4374f6	4			yes					-1	-1	-1	-1	
162	160	0e95e03da1795e39	4			yes					-1	-1	-1	-1	
163	160	6adea91644c5028d	4			yes					-1	-1	-1	-1	
164	160	81fc239a6bf7394f	4			yes					-1	-1	-1	-1	
165	156	cb39fd553ca2e794	3			yes					-1	-1	166	
166	165	ab58f250f579c021	4			yes					-1	-1	-1	-1	
167	156	81344f327dce69bc	3			yes					-1	-1	168	
168	167	f7257ce43f80cc15	5			yes					-1	-1	-1	-1	-1	
169	156	a2c54df0de78a10d	3			yes					-1	-1	-1	
170	116	0787c87447e5eb62	4			yes					171	177	179	181	
171	170	ef4f37e3d8f1c447	3			yes					172	173	175	
172	171	25b5886f56690f1e	4			yes					-1	-1	-1	-1	
173	171	c09ec1f98ae48652	4			yes					-1	174	-1	-1	
174	173	71872863dc5695f4	3			yes					-1	-1	-1	
175	171	ef9f469ca2556cbe	5			yes					-1	-1	-1	-1	-1	
176	175	88353965ee4c7705	4			no					-1	-1	-2	-1	
177	170	756b314e00c0829a	3			yes					-1	178	-1	
178	177	1fe683e9384eed4c	4			yes					-1	-1	-1	-1	
179	170	c4c91f83c9af8e16	3			yes					-1	-1	180	
180	179	c12dd36d7ee2ef9b	5			yes					-1	-1	-1	-1	-1	
181	170	596ad15a567b23a9	3			yes					-1	-1	-1	
182	116	a7b5ee737f9a4893	5			yes					183	197	201	210	211	
183	182	4f7d11e4e08e67b6	4			yes					184	186	190	194	
184	183	c0460b5a1cb1dbc5	5			yes					-1	-1	-1	-1	185	
185	184	172804672cb4fac6	4			yes					-1	-1	-1	-1	
186	183	fbb669a762c86863	5			yes					-1	187	-1	-1	189	
187	186	4aaf803d347a7bc5	4			yes					-1	-1	-1	188	
188	187	9dc18f00047f5ac6	3			yes					-1	-1	-1	
189	186	2cd8669a52cd4960	4			yes					-1	-1	-1	-1	
190	183	364847495184415f	5			yes					-1	191	192	-1	193	
191	190	8751aed3073652f9	4			yes					-1	-1	-1	-1	
192	190	65d2838a6956136d	4			yes					-1	-1	-1	-1	
193	190	4e2ffc3b22185f07	4			yes					-1	-1	-1	-1	
194	183	9881a2f573005be5	3			yes					-1	195	196	
195	194	5fcde2f5d7e12b16	4			yes					-1	-1	-1	-1	
196	194	b5d255b3fb174114	5			yes					-1	-1	-1	-1	-1	
197	182	d559174938bf216b	4			yes					-1	198	200	-1	
198	197	1e9b395f8d544fbb	5			yes					-1	-1	-1	-1	199	
199	198	c9f53662bd516eb8	4			yes					-1	-1	-1	-1	
200	197	fc138ef20c24fffb	5			yes					-1	-1	-1	-1	-1	
201	182	64fb3984f1d02de7	4			yes					-1	-1	202	209	
202	201	439e91bf1ce9c7be	6			yes					203	204	206	-1	207	208	
203	202	bf8ccc96910dc4a9	5			yes					-1	-1	-1	-1	-1	
204	202	82c402c07fba365e	5			yes					-1	-1	-1	-1	205	
205	204	55aa0dfd4fbf175d	4			yes					-1	-1	-1	-1	
206	202	f28778254a5bd418	5			yes					-1	-1	-1	-1	-1	
207	202	86b1f0239bb78794	5			yes					-1	-1	-1	-1	-1	
208	202	94f09e822cece6bd	5			yes					-1	-1	-1	-1	-1	
209	201	b3078a95625e11b4	3			yes					-1	-1	-1	
210	182	8e96624bc5f51ffa	4			yes					-1	-1	-1	-1	
211	182	70495d62ec1474c0	4			yes					-1	-1	-1	-1	
212	0	980c46a8637e7822	5			yes					-1	-1	213	243	251	
213	212	fdae99e286053666	5			yes					214	225	236	239	242	
214	213	1566667519111943	4			yes					215	217	218	221	
215	214	185805c7862f4d26	4			yes					-1	216	-1	-1	
216	215	5f216d379d655dfe	3			yes					-1	-1	-1	
217	214	ceb25fdcac51813f	4			yes					-1	-1	-1	-1	
218	214	e84a2693ce40a572	5			yes					-1	-1	219	-1	220	
219	218	9506675cd7c89c1b	4			yes					-1	-1	-1	-1	
220	218	a9d89e02b8055dac	4			yes					-1	-1	-1	-1	
221	214	002de1b042ccddb7	5			yes					-1	-1	222	223	224	
222	221	7d61a07f5b44e4de	4			yes					-1	-1	-1	-1	
223	221	192ae954bef8b86a	4			yes					-1	-1	-1	-1	
224	221	f20863d891ca83a8	4			yes					-1	-1	-1	-1	
225	213	6d47cb09287e3919	4			yes					-1	226	227	231	
226	225	fdf27a7eb58afa92	4			yes					-1	-1	-1	-1	
227	225	05b78334042ba7e9	5			yes					228	-1	229	-1	230	
228	227	f9a5de1d89cfa4fe	4			yes					-1	-1	-1	-1	
229	227	78fbc2fb1da39e80	4			yes					-1	-1	-1	-1	
230	227	44253ba5726e5f37	4			yes					-1	-1	-1	-1	
231	225	edd0441788a7df2c	5			yes					232	-1	233	234	235	
232	231	11c2193e0543dc3b	4			yes					-1	-1	-1	-1	
233	231	909c05d8912fe645	4			yes					-1	-1	-1	-1	
234	231	f4d74cf37493baf1	4			yes					-1	-1	-1	-1	
235	231	1ff5c67f5ba18133	4			yes					-1	-1	-1	-1	
236	213	4a1268db2eff5852	4			yes					-1	-1	237	238	
237	236	8ed490d8ac7b143f	5			yes					-1	-1	-1	-1	-1	
238	236	510221448b007733	3			yes					-1	-1	-1	
239	213	d48d15da3c6a610f	4			yes					-1	-1	-1	240	
240	239	ab875adc21ef96ed	6			yes					-1	-1	-1	-1	-1	241	
241	240	b31dfdc9b9dafef9	5			yes					-1	-1	-1	-1	-1	
242	213	e6bed07d23fa1907	4			yes					-1	-1	-1	-1	
243	212	eb21331126d32144	4			yes					244	247	249	250	
244	243	03e9cc86b9c70e61	3			yes					245	246	-1	
245	244	28a306546564b157	4			yes					-1	-1	-1	-1	
246	244	e13a67d68b5884cd	4			yes					-1	-1	-1	-1	
247	243	7bc861fa88a82e3b	3			yes					-1	248	-1	
248	247	9efdfd3d5e0bbb68	4			yes					-1	-1	-1	-1	
249	243	26ccb45220f1e891	3			yes					-1	-1	-1	
250	243	b5cc2a3f374de98f	3			yes					-1	-1	-1	
251	212	4b1315161eac82b5	5			yes					252	260	266	268	269	
252	251	a3dbea8181b8ad90	4			yes					253	255	257	259	
253	252	d17436620ec3f89c	5			yes					-1	-1	-1	-1	254	
254	253	061a395f3ec6d99f	4			yes					-1	-1	-1	-1	
255	252	e69d5904c96d5094	5			yes					-1	-1	-1	-1	256	
256	255	31f35639f9687197	4			yes					-1	-1	-1	-1	
257	252	45bc070babb9fbb8	5			yes					-1	-1	-1	-1	258	
258	257	3ddbbc79d825e5e0	4			yes					-1	-1	-1	-1	
259	252	74275990123691c3	3			yes					-1	-1	-1	
260	251	dbfa47fdb0d78dca	4			yes					-1	261	263	265	
261	260	ae2dc26d7b68ec18	5			yes					-1	-1	-1	-1	262	
262	261	7943cd504b6dcd1b	4			yes					-1	-1	-1	-1	
263	260	a841a2ac61d2f923	5			yes					-1	-1	-1	-1	264	
264	263	d02619de124ee77b	4			yes					-1	-1	-1	-1	
265	260	0c06f4ec2359b199	3			yes					-1	-1	-1	
266	251	86fe9255188e4b60	4			yes					-1	-1	267	-1	
267	266	20597212a2a7ef0f	5			yes					-1	-1	-1	-1	-1	
268	251	6230992ea4c3d5dc	4			yes					-1	-1	-1	-1	
269	251	9cefa6078d22bee6	4			yes					-1	-1	-1	-1	
270	0	1a0b6661e39878ee	5			yes					-1	-1	-1	271	296	
271	270	4a20d7ab04af3155	5			yes					272	283	290	293	295	
272	271	a2e8283c9bbb1e70	4			yes					273	277	281	282	
273	272	23cae1a70db2be93	5			yes					-1	274	275	276	-1	
274	273	600b64c3956dbd14	4			yes					-1	-1	-1	-1	
275	273	5e86a068143a87fa	4			yes					-1	-1	-1	-1	
276	273	c0fe750c8a7acc30	4			yes					-1	-1	-1	-1	
277	272	06ee0c21ccd280ab	5			yes					-1	-1	278	279	-1	
278	277	f628cbcf6dea86fb	4			yes					-1	-1	-1	-1	
279	277	7bbf987e1bdd36bd	4			yes					-1	-1	-1	-1	
280	277	2cf11d43e1bc72e8	4			no					-1	-1	-2	-2	
281	272	d4f4fa6816da519f	3			yes					-1	-1	-1	
282	272	27f460c7be3ec0db	5			yes					-1	-1	-1	-1	-1	
283	271	dac98540aad43e2a	4			yes					-1	284	288	289	
284	283	b8666592b015b1f0	5			yes					285	-1	286	287	-1	
285	284	447438bb3df1b2e7	4			yes					-1	-1	-1	-1	
286	284	48a0a27c112db7a0	4			yes					-1	-1	-1	-1	
287	284	c537f1cd671a07e6	4			yes					-1	-1	-1	-1	
288	283	acd5571427b571c5	3			yes					-1	-1	-1	
289	283	9e0a16f2eac97e3d	5			yes					-1	-1	-1	-1	-1	
290	271	5e4ffe31583073f1	4			yes					-1	-1	291	292	
291	290	28532c65d5513c1e	3			yes					-1	-1	-1	
292	290	f5c87a7945684070	5			yes					-1	-1	-1	-1	-1	
293	271	3c3c05ff89ce7eba	4			yes					-1	-1	-1	294	
294	293	6c4e84e66df062fe	3			yes					-1	-1	-1	
295	271	1a5256b2e0912d11	4			yes					-1	-1	-1	-1	
296	270	83537caaf837b97d	5			yes					297	311	318	321	322	
297	296	6b9b833d67239658	4			yes					298	306	308	309	
298	297	1bb6ff38ed9344c2	6			yes					-1	299	301	-1	303	305	
299	298	58777a5c754c4745	5			yes					-1	-1	-1	-1	300	
300	299	8f19756145496646	4			yes					-1	-1	-1	-1	
301	298	66fabef7f41b7dab	5			yes					-1	-1	-1	-1	302	
302	301	b194b1cac41e5ca8	4			yes					-1	-1	-1	-1	
303	298	cee8e7bf95c44629	5			yes					-1	-1	-1	-1	304	
304	303	1986e882a5c1672a	4			yes					-1	-1	-1	-1	
305	298	ccd8f005dd9665c1	5			yes					-1	-1	-1	-1	-1	
306	297	058dd09fdef237ab	5			yes					-1	-1	-1	-1	307	
307	306	d2e3dfa2eef716a8	4			yes					-1	-1	-1	-1	
308	297	7bf7d1aa24c5fc1e	5			yes					-1	-1	-1	-1	-1	
309	297	bc67302cf4adaa0b	3			yes					-1	310	-1	
310	309	15d09be389bef17a	4			yes					-1	-1	-1	-1	
311	296	13ba2e41564cb602	4			yes					-1	312	316	317	
312	311	bb05b92ca23506f0	5			yes					313	-1	-1	-1	315	
313	312	4717e4052fd105e7	4			yes					-1	-1	-1	314	
314	313	9079eb381fd424e4	3			yes					-1	-1	-1	
315	312	6c6bb611923027f3	4			yes					-1	-1	-1	-1	
316	311	96ccf452fdc0802c	5			yes					-1	-1	-1	-1	-1	
317	311	c4469d50c5c28a51	3			yes					-1	-1	-1	
318	296	973c5530a4a8fbd9	4			yes					-1	-1	319	320	
319	318	9c22145dd8d43289	5			yes					-1	-1	-1	-1	-1	
320	318	40c0e6213726c78a	3			yes					-1	-1	-1	
321	296	bbb237f7fe7e5ead	4			yes					-1	-1	-1	-1	
322	296	54afcfbb6bb9852e	4			yes					-1	-1	-1	-1	
323	0	2e1e030ce55db3b7	5			yes					-1	-1	-1	-1	324	
324	323	ec0f85f77f243cde	6			yes					325	339	352	359	362	364	
325	324	04c77a60e03013fb	5			yes					326	330	332	335	337	
326	325	942e288b4e4b1c84	4			yes					327	328	-1	329	
327	326	a7a45767c3528de2	5			yes					-1	-1	-1	-1	-1	
328	326	f883dfb2b682be4c	5			yes					-1	-1	-1	-1	-1	
329	326	e45cbe09da9ab4ec	6			yes					-1	-1	-1	-1	-1	-1	
330	325	bf275844ee945624	6			yes					-1	-1	-1	-1	-1	331	
331	330	68495779de917727	5			yes					-1	-1	-1	-1	-1	
332	325	c789ad976e7a768f	4			yes					-1	333	-1	334	
333	332	3a7f6ecbd2e47f53	5			yes					-1	-1	-1	-1	-1	
334	332	980212906be372cc	5			yes					-1	-1	-1	-1	-1	
335	325	2411fe02601d0d9c	4			yes					-1	-1	-1	336	
336	335	47c8ac867cae28af	3			yes					-1	-1	-1	
337	325	671e28e4fc8336c8	4			yes					-1	338	-1	-1	
338	337	4c2f192029a1f429	6			yes					-1	-1	-1	-1	-1	-1	
339	324	7ce6d71cd15f33a1	5			yes					-1	340	343	347	349	
340	339	ff5ab35b4d2e5372	6			yes					-1	-1	341	-1	-1	342	
341	340	a4466bdeed00f437	5			yes					-1	-1	-1	-1	-1	
342	340	873d08293eb24d2a	5			yes					-1	-1	-1	-1	-1	
343	339	bfa800eb5f1556d5	4			yes					-1	344	-1	345	
344	343	bf8156baca1e8b37	5			yes					-1	-1	-1	-1	-1	
345	343	67fdac54d22c06e1	6			yes					-1	-1	-1	-1	-1	346	
346	345	439be20d251c85ef	5			yes					-1	-1	-1	-1	-1	
347	339	5c30537e51722dc6	4			yes					-1	-1	-1	348	
348	347	3fe901fa4dc108f5	3			yes					-1	-1	-1	
349	339	1f3f8598cdec1692	4			yes					-1	350	-1	-1	
350	349	b67dbcaa490c542d	6			yes					-1	-1	351	-1	-1	-1	
351	350	ed61642fe922f368	5			yes					-1	-1	-1	-1	-1	
352	324	f860ac6d23bb7e7a	5			yes					-1	-1	353	355	357	
353	352	0922dce963b5d9f3	6			yes					-1	-1	-1	-1	-1	354	
354	353	de4cd3d453b0f8f0	5			yes					-1	-1	-1	-1	-1	
355	352	d8b6280fa396601d	4			yes					-1	-1	-1	356	
356	355	bb6f7a8bbf25452e	3			yes					-1	-1	-1	
357	352	9bb9fee93f085b49	4			yes					-1	-1	358	-1	
358	357	fa2a9d8da4807bfe	6			yes					-1	-1	-1	-1	-1	-1	
359	324	2f415200f16e59aa	5			yes					-1	-1	-1	360	361	
360	359	0f97d662714347cd	4			yes					-1	-1	-1	-1	
361	359	4c980084eddd7c99	4			yes					-1	-1	-1	-1	
362	324	ccd90195ff0922b9	5			yes					-1	-1	-1	-1	363	
363	362	af005311e3ba078a	4			yes					-1	-1	-1	-1	
364	324	8fd6d773639719ed	5			yes					-1	-1	-1	-1	-1	
365	0	35befd3b358bca58	5			yes					-1	-1	-1	-1	-1	
