Number of nodes
183
ID	PID	Hash_Value			File_Number	Fully_Enumerated	Children
0	-1	604faa51b57de5cc	6			yes					1	30	51	74	97	139	
1	0	13ddc4bd260f9aa3	5			yes					2	7	18	27	29	
2	1	62a8f5117eaaee8f	4			yes					3	4	5	6	
3	2	c836d2d69fd58925	4			yes					-1	-1	-1	-1	
4	2	5a479466608ec6aa	4			yes					-1	-1	-1	-1	
5	2	4f68f36df6844218	3			yes					-1	-1	-1	
6	2	b287b28e4368c9cc	4			yes					-1	-1	-1	-1	
7	1	ee75923db84a0b7a	4			yes					-1	8	11	13	
8	7	4a2b7a7a062594e6	4			yes					9	10	-1	-1	
9	8	44226616976b9756	3			yes					-1	-1	-1	
10	8	eef1ce7c5173997b	3			yes					-1	-1	-1	
11	7	740044de2a6642a4	4			yes					-1	12	-1	-1	
12	11	d0daf0d87d304f39	3			yes					-1	-1	-1	
13	7	6328b0ad160fe7dd	3			yes					14	15	17	
14	13	226ae91e2e7a3482	4			yes					-1	-1	-1	-1	
15	13	c58cfd8bf85fd514	5			yes					-1	-1	-1	-1	16	
16	15	37757e2a175c6ed0	4			yes					-1	-1	-1	-1	
17	13	f2c306ace981952d	4			yes					-1	-1	-1	-1	
18	1	4fe247f8fa7aa7ab	4			yes					-1	-1	19	24	
19	18	6db4de08eb316d49	5			yes					20	-1	22	-1	23	
20	19	63bdc2647a7f6ef9	4			yes					-1	-1	-1	-1	
21	19	c96e6a0ebc6760d4	4			no					-1	-1	-1	-2	
22	19	656b8f06ec576ba1	4			yes					-1	-1	-1	-1	
23	19	d5b90471275f5cf3	4			yes					-1	-1	-1	-1	
24	18	c2bf6568543f4b0c	3			yes					25	-1	26	
25	24	b01bafaed1217b0d	4			yes					-1	-1	-1	-1	
26	24	87e8e5c05a9ed0ee	5			yes					-1	-1	-1	-1	-1	
27	1	5dbfc6f9b4d0345a	4			yes					-1	-1	-1	28	
28	27	d0e2e4691a95d8fd	3			yes					-1	-1	-1	
29	1	9e80e62d884a7604	4			yes					-1	-1	-1	-1	
30	0	91038a1779fb8435	5			yes					31	39	43	48	50	
31	30	52defb365ecefb78	4			yes					32	33	34	35	
32	31	75b54427051429e5	4			yes					-1	-1	-1	-1	
33	31	5f0cc9ae551c78c9	4			yes					-1	-1	-1	-1	
34	31	c3c230307ef57879	4			yes					-1	-1	-1	-1	
35	31	df83d9a6f08b17df	3			yes					-1	37	38	
36	35	9fe97fefb4bb9442	4			no					-1	-1	-2	-2	
37	35	5a1c4f20b59b2614	4			yes					-1	-1	-1	-1	
38	35	45017242bd12aff0	4			yes					-1	-1	-1	-1	
39	30	5cddd2b0c7da001b	4			yes					-1	40	41	42	
40	39	89c8474ceaa0912c	4			yes					-1	-1	-1	-1	
41	39	0dba1e08dfc925fa	4			yes					-1	-1	-1	-1	
42	39	0895d8242c30db40	4			yes					-1	-1	-1	-1	
43	30	cd3c0952a58eb93d	4			yes					-1	-1	44	46	
44	43	b0615eabd1684b58	5			yes					-1	-1	-1	-1	45	
45	44	086c84d21d067ae2	4			yes					-1	-1	-1	-1	
46	43	40612bc20bcb559a	3			yes					-1	-1	47	
47	46	5a3d656360c7f6ff	5			yes					-1	-1	-1	-1	-1	
48	30	df618853eb242acc	4			yes					-1	-1	-1	49	
49	48	523caac34561c66b	3			yes					-1	-1	-1	
50	30	1c5ea887d7be6892	4			yes					-1	-1	-1	-1	
51	0	7c7b1aa3ea4d49f5	5			yes					52	61	67	71	73	
52	51	bfa66b82cd7836b8	4			yes					53	55	56	57	
53	52	30453c362932ff27	4			yes					-1	-1	-1	54	
54	53	8848e64fe55cce9d	3			yes					-1	-1	-1	
55	52	eb0f8a2544e79a86	3			yes					-1	-1	-1	
56	52	4323d1c3c85722e9	4			yes					-1	-1	-1	-1	
57	52	32fb4912633dda1f	3			yes					58	-1	60	
58	57	da1907fe989d4280	4			yes					-1	-1	-1	-1	
59	57	345b33bfde73d794	4			no					-1	-1	-2	-2	
60	57	c5e093b10bb0f560	4			yes					-1	-1	-1	-1	
61	51	59bab12161a8d08a	4			yes					-1	62	63	65	
62	61	0d9612bd4305ec13	4			yes					-1	-1	-1	-1	
63	61	fa6d314b6fa0b063	4			yes					-1	-1	64	-1	
64	63	8cb5b03558aea244	3			yes					-1	-1	-1	
65	61	d4e793b1cfed3c2d	3			yes					-1	-1	66	
66	65	7cae7339ac4767ea	4			yes					-1	-1	-1	-1	
67	51	2523fa77904aa46c	4			yes					-1	-1	68	69	
68	67	3e7f0af9c8152a6f	4			yes					-1	-1	-1	-1	
69	67	810e18d152e9ba11	5			yes					-1	-1	-1	-1	70	
70	69	73f79b70bdea01d5	4			yes					-1	-1	-1	-1	
71	51	321918e77892e70c	4			yes					-1	-1	-1	72	
72	71	bf443a77d6d70bab	3			yes					-1	-1	-1	
73	51	f12638334408a552	4			yes					-1	-1	-1	-1	
74	0	a67428b1fe0fa6d3	5			yes					75	85	91	94	96	
75	74	65a95990d93ad99e	4			yes					76	78	81	82	
76	75	9183fb626fa77e03	4			yes					-1	77	-1	-1	
77	76	f2e2bf0f99be7814	3			yes					-1	-1	-1	
78	75	4344ce34d3a47904	4			yes					-1	-1	79	80	
79	78	697f4ac9173e5c80	3			yes					-1	-1	-1	
80	78	fb49144d1fca48be	3			yes					-1	-1	-1	
81	75	c13c838b7011efc7	4			yes					-1	-1	-1	-1	
82	75	e8f47b00777f3539	3			yes					83	84	-1	
83	82	1f4cef4df692a6e1	4			yes					-1	-1	-1	-1	
84	82	a918f5fc620bc4a3	4			yes					-1	-1	-1	-1	
85	74	83b5833375ea3fac	4			yes					-1	86	88	89	
86	85	0e2e611cd523381b	4			yes					87	-1	-1	-1	
87	86	44a5982aeedb54ae	3			yes					-1	-1	-1	
88	85	e9f22ac32ab37a7c	4			yes					-1	-1	-1	-1	
89	85	0ee8a1a3dbafd30b	3			yes					-1	90	-1	
90	89	80e175334c16e0f9	4			yes					-1	-1	-1	-1	
91	74	5bdc7e31604a370a	4			yes					-1	-1	92	93	
92	91	27689398e49ba771	4			yes					-1	-1	-1	-1	
93	91	d6815ca1ce0fdbad	3			yes					-1	-1	-1	
94	74	96e9aeb39cd09b4c	4			yes					-1	-1	-1	95	
95	94	d05186195765d742	5			yes					-1	-1	-1	-1	-1	
96	74	2b290a21504a4a74	4			yes					-1	-1	-1	-1	
97	0	9f528bbc821958d0	5			yes					98	103	108	113	125	
98	97	9aa84940fbd24b1c	4			yes					99	100	102	-1	
99	98	62fab35bc5737f9d	4			yes					-1	-1	-1	-1	
100	98	67001fc06597dac5	3			yes					-1	101	-1	
101	100	3be5066620c99028	4			yes					-1	-1	-1	-1	
102	98	c697ca0527a77614	3			yes					-1	-1	-1	
103	97	187607eaa426558a	4			yes					104	106	107	-1	
104	103	dbab76cb83132ac7	3			yes					-1	105	-1	
105	104	dae072763cd6e3c6	4			yes					-1	-1	-1	-1	
106	103	19ef26ff22856a5b	4			yes					-1	-1	-1	-1	
107	103	444984af78536882	3			yes					-1	-1	-1	
108	97	f50e975e3790984a	4			yes					109	111	112	-1	
109	108	36d3e67f10a5e707	3			yes					110	-1	-1	
110	109	e9edd567eff4ead6	4			yes					-1	-1	-1	-1	
111	108	d0cf3cdcbc750135	3			yes					-1	-1	-1	
112	108	7f67e33c8a7fff2d	4			yes					-1	-1	-1	-1	
113	97	f528a8478e02fa15	5			yes					114	118	121	123	124	
114	113	36f5d966a9378558	4			yes					115	116	-1	117	
115	114	09994086bfe96bea	4			yes					-1	-1	-1	-1	
116	114	9aec276515626cf5	4			yes					-1	-1	-1	-1	
117	114	32aecfd00dc6f549	5			yes					-1	-1	-1	-1	-1	
118	113	d0e903c505e7636a	4			yes					-1	119	-1	120	
119	118	9634daf8056d2df2	4			yes					-1	-1	-1	-1	
120	118	f10c61781a89a0a7	5			yes					-1	-1	-1	-1	-1	
121	113	0880fec710476bcc	4			yes					-1	-1	-1	122	
122	121	9c0679658702e2f9	5			yes					-1	-1	-1	-1	-1	
123	113	d9f91fcd244c4ceb	4			yes					-1	-1	-1	-1	
124	113	37653ba998dbc115	4			yes					-1	-1	-1	-1	
125	97	854a4d026329d8c8	5			yes					126	130	134	137	138	
126	125	46973c23441ca785	4			yes					127	128	129	-1	
127	126	6f142f33338f38f2	4			yes					-1	-1	-1	-1	
128	126	39ba2b0207c11e5d	4			yes					-1	-1	-1	-1	
129	126	f355ab57b25a509f	4			yes					-1	-1	-1	-1	
130	125	a08be680e8cc41b7	4			yes					-1	131	133	-1	
131	130	8d2b4675d97f66fe	5			yes					-1	-1	-1	-1	132	
132	131	4f81131ea198e20b	4			yes					-1	-1	-1	-1	
133	130	f05fa5ecc97bad46	4			yes					-1	-1	-1	-1	
134	125	78e21b82fd6c4911	4			yes					-1	-1	135	-1	
135	134	eba383b67185f388	5			yes					-1	-1	-1	-1	136	
136	135	2909d6dd0962777d	4			yes					-1	-1	-1	-1	
137	125	d975ce47bf5ce5c0	4			yes					-1	-1	-1	-1	
138	125	478b0f66eee04ae3	4			yes					-1	-1	-1	-1	
139	0	31fef6b9585b1239	5			yes					140	152	163	175	-1	
140	139	61b09bc5a530c018	5			yes					141	144	149	151	-1	
141	140	10c5aa69fd95b434	4			yes					142	143	-1	-1	
142	141	3dbf5bafef9b5220	4			yes					-1	-1	-1	-1	
143	141	afce1d1f10c01daf	4			yes					-1	-1	-1	-1	
144	140	9c18cd453b7551c1	4			yes					-1	145	147	-1	
145	144	876876ca4f0f8d7b	5			yes					-1	-1	-1	-1	146	
146	145	45c223a137e8098e	4			yes					-1	-1	-1	-1	
147	144	219f2a428e5a1d85	5			yes					-1	-1	-1	-1	148	
148	147	e3357f29f6bd9970	4			yes					-1	-1	-1	-1	
149	140	3d8f18807945fd10	4			yes					-1	-1	150	-1	
150	149	983d57719b7fb64c	5			yes					-1	-1	-1	-1	-1	
151	140	2fd2998137ef6ee1	4			yes					-1	-1	-1	-1	
152	139	e36ed56ffac4de8e	5			yes					153	158	160	162	-1	
153	152	20b3a44eddf1a1c3	4			yes					154	155	156	-1	
154	153	803ccd5e755af2e0	4			yes					-1	-1	-1	-1	
155	153	5f79a2c65998c0e6	4			yes					-1	-1	-1	-1	
156	153	965d5eacdac92758	5			yes					-1	-1	-1	-1	157	
157	156	54f70bc7a22ea3ad	4			yes					-1	-1	-1	-1	
158	152	2eb08dc844e55aa0	4			yes					-1	-1	-1	-1	
159	158	7c41ce359aee4a29	4			yes					-1	-1	-1	-1	
160	152	bf51562a26b1e386	4			yes					-1	-1	161	-1	
161	160	45e8d7d2a126905d	5			yes					-1	-1	-1	-1	-1	
162	152	ad0cd72b681b7077	4			yes					-1	-1	-1	-1	
163	139	0e1645db6972134e	5			yes					164	169	173	174	-1	
164	163	cdcb34fa4e476c03	4			yes					165	-1	167	-1	
165	164	c5ccb54f597c2422	4			yes					-1	-1	-1	-1	
166	164	1227ec9f94fb2cb3	4			no					-1	-1	-1	-2	
167	164	16bcbf5f6c6b7dc8	5			yes					-1	-1	-1	-1	168	
168	167	d416ea34148cf93d	4			yes					-1	-1	-1	-1	
169	163	2bd7ee59e2978a31	4			yes					-1	-1	171	-1	
170	169	f81f9bc4334b3716	4			yes					-1	-1	-1	-1	
171	169	aff25fd7cb9cef42	5			yes					-1	-1	-1	-1	172	
172	171	6d580abcb37b6bb7	4			yes					-1	-1	-1	-1	
173	163	574ea50f1375fed7	4			yes					-1	-1	-1	-1	
174	163	4074479ffbadbdb7	4			yes					-1	-1	-1	-1	
175	139	d41977c97d30fc68	5			yes					176	179	181	182	-1	
176	175	17c406e85a058325	4			yes					177	178	-1	-1	
177	176	3b7970c004e0ad91	4			yes					-1	-1	-1	-1	
178	176	b6cd474da3eaa201	4			yes					-1	-1	-1	-1	
179	175	f1d8dc4bf6d56517	4			yes					-1	180	-1	-1	
180	179	a4d4eabebe64eb89	4			yes					-1	-1	-1	-1	
181	175	29b12149e3756db1	4			yes					-1	-1	-1	-1	
182	175	e484f1cb1fefc1f7	4			yes					-1	-1	-1	-1	
