Number of nodes
85
ID	PID	Hash_Value			File_Number	Fully_Enumerated	Number_of_children	Children
0	-1	3f93676a55104bdf	7			no					1					1	
1	0	aac6fd7a34a5bcad	4			no					1					2	
2	1	d639068a5a034f74	3			no					2					3	60	
3	2	4e2f1224baee4bb0	2			yes					2					4	4	
4	3	9a749cc73af22d1c	9			yes					9					5	17	27	37	45	51	55	57	59	
5	4	89b02c9af45b9059	8			yes					8					6	8	10	12	14	-1	-1	16	
6	5	e779c776385d73b2	7			yes					7					-1	-1	-1	-1	-1	-1	7	
7	6	b54bb606bd121c52	6			yes					6					-1	-1	-1	-1	-1	-1	
8	5	0fdf435b4d3cda98	7			yes					7					-1	-1	-1	-1	-1	-1	9	
9	8	5ded322bc873b578	6			yes					6					-1	-1	-1	-1	-1	-1	
10	5	df30a6e509d15adc	7			yes					7					-1	-1	-1	-1	-1	-1	11	
11	10	8d02d7958c9e353c	6			yes					6					-1	-1	-1	-1	-1	-1	
12	5	6bdc8aaf1c6b8ca7	7			yes					7					-1	-1	-1	-1	-1	-1	13	
13	12	39eefbdf9924e347	6			yes					6					-1	-1	-1	-1	-1	-1	
14	5	4cbf6dbe3d623a85	7			yes					7					-1	-1	-1	-1	-1	-1	15	
15	14	1e8d1cceb82d5565	6			yes					6					-1	-1	-1	-1	-1	-1	
16	5	db825dea7114ffb9	7			yes					7					7	9	11	13	15	-1	-1	
17	4	f4bd772bf6f4cef7	8			yes					8					6	18	20	22	24	-1	-1	26	
18	17	72d218ea4f938436	7			yes					7					-1	-1	-1	-1	-1	-1	19	
19	18	20e0699acadcebd6	6			yes					6					-1	-1	-1	-1	-1	-1	
20	17	a23dfd540b7e0472	7			yes					7					-1	-1	-1	-1	-1	-1	21	
21	20	f00f8c248e316b92	6			yes					6					-1	-1	-1	-1	-1	-1	
22	17	16d1d11e1ec4d209	7			yes					7					-1	-1	-1	-1	-1	-1	23	
23	22	44e3a06e9b8bbde9	6			yes					6					-1	-1	-1	-1	-1	-1	
24	17	31b2360f3fcd642b	7			yes					7					-1	-1	-1	-1	-1	-1	25	
25	24	6380477fba820bcb	6			yes					6					-1	-1	-1	-1	-1	-1	
26	17	a68f065b73bba117	7			yes					7					7	19	21	23	25	-1	-1	
27	4	1c1bf306839567dd	8			yes					8					8	18	28	30	32	-1	34	36	
28	27	4a9b79797e1fad58	7			yes					7					-1	-1	-1	-1	-1	-1	29	
29	28	18a90809fb50c2b8	6			yes					6					-1	-1	-1	-1	-1	-1	
30	27	fe7755336ba57b23	7			yes					7					-1	-1	-1	-1	-1	-1	31	
31	30	ac452443eeea14c3	6			yes					6					-1	-1	-1	-1	-1	-1	
32	27	d914b2224aaccd01	7			yes					7					-1	-1	-1	-1	-1	-1	33	
33	32	8b26c352cfe3a2e1	6			yes					6					-1	-1	-1	-1	-1	-1	
34	27	76ec256a8f4660ca	7			yes					7					-1	-1	-1	-1	-1	-1	35	
35	34	24de541a0a090f2a	6			yes					6					-1	-1	-1	-1	-1	-1	
36	27	4e29827606da083d	7			yes					7					9	19	29	31	33	-1	35	
37	4	ccf416b8c778e799	8			yes					8					10	20	28	38	40	-1	42	44	
38	37	2e98b08d2f48fb67	7			yes					7					-1	-1	-1	-1	-1	-1	39	
39	38	7caac1fdaa079487	6			yes					6					-1	-1	-1	-1	-1	-1	
40	37	09fb579c0e414d45	7			yes					7					-1	-1	-1	-1	-1	-1	41	
41	40	5bc926ec8b0e22a5	6			yes					6					-1	-1	-1	-1	-1	-1	
42	37	a603c0d4cbabe08e	7			yes					7					-1	-1	-1	-1	-1	-1	43	
43	42	f431b1a44ee48f6e	6			yes					6					-1	-1	-1	-1	-1	-1	
44	37	9ec667c842378879	7			yes					7					11	21	29	39	41	-1	43	
45	4	78183af2d2c231e2	8			yes					8					12	22	30	38	46	-1	48	50	
46	45	bd177bd61bfb9b3e	7			yes					7					-1	-1	-1	-1	-1	-1	47	
47	46	ef250aa69eb4f4de	6			yes					6					-1	-1	-1	-1	-1	-1	
48	45	12efec9ede1136f5	7			yes					7					-1	-1	-1	-1	-1	-1	49	
49	48	40dd9dee5b5e5915	6			yes					6					-1	-1	-1	-1	-1	-1	
50	45	2a2a4b82578d5e02	7			yes					7					13	23	31	39	47	-1	49	
51	4	5f7bdde3f3cb87c0	8			yes					8					14	24	32	40	46	-1	52	54	
52	51	358c0b8fff1880d7	7			yes					7					-1	-1	-1	-1	-1	-1	53	
53	52	67be7aff7a57ef37	6			yes					6					-1	-1	-1	-1	-1	-1	
54	51	0d49ac937684e820	7			yes					7					15	25	33	41	47	-1	53	
55	4	b244fe02eed7003f	8			yes					8					-1	-1	-1	-1	-1	-1	-1	56	
56	55	e0768f726b986fdf	7			yes					7					-1	-1	-1	-1	-1	-1	-1	
57	4	f0834aab36212a0b	8			yes					8					-1	-1	34	42	48	52	-1	58	
58	57	a2b13bdbb36e45eb	7			yes					7					-1	-1	35	43	49	53	-1	
59	4	c846edb7bfbd42fc	8			yes					8					16	26	36	44	50	54	56	58	
60	2	1e21cf217a0188c5	6			no					2					61	67	
61	60	2ac2f8a3aeaca7c8	6			yes					6					-1	62	64	-1	-1	66	
62	61	71065f23e79b8490	5			yes					5					-1	-1	-1	-1	63	
63	62	23342e5362d4eb70	4			yes					4					-1	-1	-1	-1	
64	61	d166280767b4af5d	5			yes					5					-1	-1	-1	-1	65	
65	64	83545977e2fbc0bd	4			yes					4					-1	-1	-1	-1	
66	61	78f089d32be3c828	5			yes					5					-1	63	65	-1	-1	
67	60	da36bd7f91848c49	7			no					5					68	76	80	-1	84	
68	67	c9f20d225f2d310c	6			yes					6					69	71	-1	-1	73	75	
69	68	a73be6ce932bd2e7	5			yes					5					-1	-1	-1	-1	70	
70	69	f50997be1664bd07	4			yes					4					-1	-1	-1	-1	
71	68	4f9d62e3e64a7bcd	5			yes					5					-1	-1	-1	-1	72	
72	71	1daf13936305142d	4			yes					4					-1	-1	-1	-1	
73	68	a305db4e53fe361b	5			yes					5					-1	-1	-1	-1	74	
74	73	f137aa3ed6b159fb	4			yes					4					-1	-1	-1	-1	
75	68	9bc07c52da625eec	5			yes					5					70	72	-1	-1	74	
76	67	b4ff56935d826fa2	6			yes					6					69	77	-1	-1	-1	79	
77	76	32903952e4e52563	5			yes					5					-1	-1	-1	-1	78	
78	77	60a2482261aa4a83	4			yes					4					-1	-1	-1	-1	
79	76	e6cd27e3d8cd0042	5			yes					5					70	78	-1	-1	-1	
80	67	5c59d2be28e3c688	6			yes					6					71	77	-1	-1	81	83	
81	80	36ae04d22430c19f	5			yes					5					-1	-1	-1	-1	82	
82	81	649c75a2a17fae7f	4			yes					4					-1	-1	-1	-1	
83	80	0e6ba3ceadaca968	5			yes					5					72	78	-1	-1	82	
84	67	f206dfba45a1a16a	6			no					1					-1	
