Number of nodes
351
ID	PID	Hash_Value			File_Number	Fully_Enumerated	Children
0	-1	0c411b042d33307d	6			yes					1	128	221	278	321	350	
1	0	c3193ed11668b933	5			yes					2	62	74	89	98	
2	1	9d38c6bb733a555e	5			yes					3	25	39	55	61	
3	2	de5ad2bdde2dfe7c	4			yes					4	6	9	12	
4	3	4e5b4b6c3ec1415d	4			yes					-1	-1	-1	5	
5	4	4f24f1fdb2c34622	3			yes					-1	-1	-1	
6	3	17e9ce3c3dec8682	4			yes					-1	7	-1	8	
7	6	ff43c6a59b67eedc	3			yes					-1	-1	-1	
8	6	760fcef580874276	3			yes					-1	-1	-1	
9	3	0af86d018e1b3ece	4			yes					-1	10	11	-1	
10	9	e252659828905690	3			yes					-1	-1	-1	
11	9	694ff1ca0598dc41	3			yes					-1	-1	-1	
12	3	b13a06fc4faa9d91	3			yes					13	14	19	
13	12	08c10e6aaaefbd1f	4			yes					-1	-1	-1	-1	
14	12	a52516f6997186da	5			yes					-1	15	-1	17	18	
15	14	4d8f1e6f3ffaee84	4			yes					-1	-1	-1	16	
16	15	c236c3096ee252f2	3			yes					-1	-1	-1	
17	14	f9b61393d19ffe00	4			yes					-1	-1	-1	-1	
18	14	2a9ccb90c8693aac	4			yes					-1	-1	-1	-1	
19	12	66723d7148c45bab	5			yes					-1	20	22	-1	24	
20	19	8ed835e8ee4f33f5	4			yes					-1	-1	-1	21	
21	20	0161e88ebf578f83	3			yes					-1	-1	-1	
22	19	05c5a1bac347b924	4			yes					-1	-1	-1	23	
23	22	8a7c7cdc925f0552	3			yes					-1	-1	-1	
24	19	e9cbe01719dce7dd	4			yes					-1	-1	-1	-1	
25	2	f580caa5d1746f02	4			yes					-1	26	31	35	
26	25	091965de36c8fcd0	5			yes					27	28	29	-1	30	
27	26	244747a408c79bde	4			yes					-1	-1	-1	-1	
28	26	42fdcbaec8968dcb	4			yes					-1	-1	-1	-1	
29	26	dc0be09e73ec4128	4			yes					-1	-1	-1	-1	
30	26	08ae24f7c21da720	4			yes					-1	-1	-1	-1	
31	25	6ce280c965a3b091	5			yes					32	33	-1	-1	34	
32	31	41bca2b35bacd79f	4			yes					-1	-1	-1	-1	
33	31	27062eb99bfdc18a	4			yes					-1	-1	-1	-1	
34	31	6903e91bd806d014	4			yes					-1	-1	-1	-1	
35	25	e381762e67f36f8c	5			yes					36	37	-1	-1	38	
36	35	cedf545459fc0882	4			yes					-1	-1	-1	-1	
37	35	a865d85e99ad1e97	4			yes					-1	-1	-1	-1	
38	35	a46489b97fdf94b1	4			yes					-1	-1	-1	-1	
39	2	a476e7393ffa2d76	4			yes					-1	-1	40	45	
40	39	3162ef418829a24b	5			yes					41	42	43	-1	44	
41	40	1c3ccd3bb626c545	4			yes					-1	-1	-1	-1	
42	40	d10ce0a27c2d79ad	4			yes					-1	-1	-1	-1	
43	40	d9c8e7d82ea2ca15	4			yes					-1	-1	-1	-1	
44	40	34838693358cc2ce	4			yes					-1	-1	-1	-1	
45	39	0232c08b476ca2e6	6			yes					46	48	50	-1	52	54	
46	45	2f6ce2f17963c5e8	5			yes					-1	-1	-1	-1	47	
47	46	a0d53f97287b799e	4			yes					-1	-1	-1	-1	
48	45	e25ccf68b3687900	5			yes					-1	-1	-1	-1	49	
49	48	6de5120ee270c576	4			yes					-1	-1	-1	-1	
50	45	ea98c812e1e7cab8	5			yes					-1	-1	-1	-1	51	
51	50	65211574b0ff76ce	4			yes					-1	-1	-1	-1	
52	45	5ea1c5ee0f82da3c	5			yes					-1	-1	-1	-1	53	
53	52	d11818885e9a664a	4			yes					-1	-1	-1	-1	
54	45	8d8b1ded16741e90	5			yes					-1	-1	-1	-1	-1	
55	2	7df4eddbd21e8abb	4			yes					-1	-1	-1	56	
56	55	1294399a4399e956	3			yes					-1	57	58	
57	56	d0238e4b5508a69b	5			yes					-1	-1	-1	-1	-1	
58	56	8da3e1c3b882b441	5			yes					59	60	-1	-1	-1	
59	58	a0fdc3b9868dd34f	4			yes					-1	-1	-1	-1	
60	58	6dcdee204c866fa7	4			yes					-1	-1	-1	-1	
61	2	f25812fae2bd36b3	4			yes					-1	-1	-1	-1	
62	1	d00f22e564f597c8	4			yes					63	68	71	73	
63	62	500f55032db0e6ed	3			yes					64	65	66	
64	63	3024a8af1d82538e	4			yes					-1	-1	-1	-1	
65	63	80dee41aa725e12d	4			yes					-1	-1	-1	-1	
66	63	60b18559276bd03c	5			yes					-1	-1	67	-1	-1	
67	66	03061992ace832b3	4			yes					-1	-1	-1	-1	
68	62	2ba8500ad1ab6160	3			yes					-1	69	70	
69	68	25fd1cc692980155	4			yes					-1	-1	-1	-1	
70	68	d55ae653e9e87510	5			yes					-1	-1	-1	-1	-1	
71	62	14c7d1486d9ce460	3			yes					-1	-1	72	
72	71	7ba70509fc1b878d	2			yes					-1	-1	
73	62	bf6ff6a4f572f425	3			yes					-1	-1	-1	
74	1	ca1317a33cd4821a	4			yes					75	78	86	88	
75	74	4a1360457591f33f	3			yes					76	-1	77	
76	75	be385ee9f48fa85d	4			yes					-1	-1	-1	-1	
77	75	164747a691465753	5			yes					-1	-1	-1	-1	-1	
78	74	7af1487333760d13	3			yes					-1	79	80	
79	78	0de7a2fe87071f34	4			yes					-1	-1	-1	-1	
80	78	2eb3af24ff2a1127	6			yes					81	83	-1	-1	-1	85	
81	80	03ed8d5ec1257629	5			yes					-1	-1	-1	-1	82	
82	81	8c545038903dca5f	4			yes					-1	-1	-1	-1	
83	80	772aaac6f2c2c458	5			yes					-1	-1	-1	-1	84	
84	83	f89377a0a3da782e	4			yes					-1	-1	-1	-1	
85	80	a10a7242ae32ad51	5			yes					-1	-1	-1	-1	-1	
86	74	5f82fc77d7609dc1	3			yes					-1	-1	87	
87	86	fcc4e81d1421df18	5			yes					-1	-1	-1	-1	-1	
88	74	a573c3e2ad53e1f7	3			yes					-1	-1	-1	
89	1	d07b00e32cbaef9f	4			yes					90	93	95	97	
90	89	507b770565ff9eba	3			yes					91	92	-1	
91	90	95d497675b6a8f9c	5			yes					-1	-1	-1	-1	-1	
92	90	06cc42ac7e498934	5			yes					-1	-1	-1	-1	-1	
93	89	60995f3323186096	3			yes					-1	94	-1	
94	93	38f113224b710dde	5			yes					-1	-1	-1	-1	-1	
95	89	e9352161607a97b7	3			yes					-1	-1	96	
96	95	8f7cd75d1258cf1e	5			yes					-1	-1	-1	-1	-1	
97	89	09ac09b40a278604	3			yes					-1	-1	-1	
98	1	0dd2749cbdd290f4	5			yes					99	111	119	126	127	
99	98	8dd2037af497e1d1	4			yes					100	102	104	105	
100	99	e042eaa9f9ae94c5	5			yes					-1	-1	-1	-1	101	
101	100	e02853d41419c6c7	4			yes					-1	-1	-1	-1	
102	99	63ce01a79f11129c	5			yes					-1	-1	-1	-1	103	
103	102	63a4b8da72a6409e	4			yes					-1	-1	-1	-1	
104	99	f8f7dbbaa0d3637e	4			yes					-1	-1	-1	-1	
105	99	69605532e24628c4	3			yes					106	108	110	
106	105	52b9a250cc3c8662	5			yes					-1	-1	-1	-1	107	
107	106	dd007f369d243a14	4			yes					-1	-1	-1	-1	
108	105	5cbed875b91fb4eb	5			yes					-1	-1	-1	-1	109	
109	108	d3070513e807089d	4			yes					-1	-1	-1	-1	
110	105	16ccc303729be7bb	5			yes					-1	-1	-1	-1	-1	
111	98	bd302b4cb2701ffd	4			yes					-1	112	115	116	
112	111	7b7580c05a211cac	5			yes					113	114	-1	-1	-1	
113	112	562ba2ba642e7ba2	4			yes					-1	-1	-1	-1	
114	112	22ec852257c9c9d3	4			yes					-1	-1	-1	-1	
115	111	4daf2c95c0f862b9	5			yes					-1	-1	-1	-1	-1	
116	111	59827d04a4a1d6e8	3			yes					-1	117	118	
117	116	dfeb416fb7d339cd	5			yes					-1	-1	-1	-1	-1	
118	116	5d9c623bae5d2b85	5			yes					-1	-1	-1	-1	-1	
119	98	349c551ef112e8dc	4			yes					-1	-1	120	125	
120	119	9f4f99f37cfd8622	5			yes					121	122	123	-1	124	
121	120	b211bb8942f2e12c	4			yes					-1	-1	-1	-1	
122	120	7dfea08e2223269b	4			yes					-1	-1	-1	-1	
123	120	77e5916ada76ee7c	4			yes					-1	-1	-1	-1	
124	120	365cb00d9f56b991	4			yes					-1	-1	-1	-1	
125	119	d02e0356e7c321c9	3			yes					-1	-1	-1	
126	98	ed1e5ffc1cf64f11	4			yes					-1	-1	-1	-1	
127	98	e96022d4ab0359e1	4			yes					-1	-1	-1	-1	
128	0	e26a3a0943a35f14	5			yes					-1	129	168	189	198	
129	128	7ce3fe184d3863f7	5			yes					130	145	154	164	167	
130	129	e26bbf11afd844a2	4			yes					131	132	136	139	
131	130	309cd307b8545c07	5			yes					-1	-1	-1	-1	-1	
132	130	4b972f25ba4020e1	5			yes					-1	133	-1	134	135	
133	132	5f5c638e916aed2a	4			yes					-1	-1	-1	-1	
134	132	c3682bbfe25531de	4			yes					-1	-1	-1	-1	
135	132	58ff1d55dc74729a	4			yes					-1	-1	-1	-1	
136	130	ee60f83855a9df9e	5			yes					-1	137	-1	-1	138	
137	136	faabb4937e831255	4			yes					-1	-1	-1	-1	
138	136	eb8191eae80cbf1b	4			yes					-1	-1	-1	-1	
139	130	8d0b6b503e5f274f	3			yes					140	141	144	
140	139	9913aad1373a6dbd	5			yes					-1	-1	-1	-1	-1	
141	139	415ce397f1597835	5			yes					-1	142	-1	143	-1	
142	141	5597af3cda73b5fe	4			yes					-1	-1	-1	-1	
143	141	c9a3e70da94c690a	4			yes					-1	-1	-1	-1	
144	139	52a1f6ba6502c994	5			yes					-1	-1	-1	-1	-1	
145	129	8ef4c1bd6c6d2ffa	4			yes					-1	146	148	149	
146	145	bf1b308214df823f	5			yes					-1	-1	-1	-1	147	
147	146	ac7302f272ebd044	4			yes					-1	-1	-1	-1	
148	145	869eadf82bf4d122	4			yes					-1	-1	-1	-1	
149	145	e19415fcfdea4c17	3			yes					-1	150	152	
150	149	3b170fa6cc1c4896	5			yes					-1	-1	-1	-1	151	
151	150	b4aed2c09d04f4e0	4			yes					-1	-1	-1	-1	
152	149	ea14fd88ed2bb447	5			yes					-1	-1	-1	-1	153	
153	152	65ad20eebc330831	4			yes					-1	-1	-1	-1	
154	129	e333818df316d750	4			yes					-1	-1	155	156	
155	154	93b933476e09cb34	5			yes					-1	-1	-1	-1	-1	
156	154	cf7d4109e05b6286	6			yes					157	159	161	-1	-1	163	
157	156	8ec3c9e70c6a4ff0	5			yes					-1	-1	-1	-1	158	
158	157	017a14815d72f386	4			yes					-1	-1	-1	-1	
159	156	2f134eea145fb960	5			yes					-1	-1	-1	-1	160	
160	159	a0aa938c45470516	4			yes					-1	-1	-1	-1	
161	156	a9b6bbe91fb95839	5			yes					-1	-1	-1	-1	162	
162	161	260f668f4ea1e44f	4			yes					-1	-1	-1	-1	
163	156	40c49c6fb143def0	5			yes					-1	-1	-1	-1	-1	
164	129	9c2fd578ec1cbc12	4			yes					-1	-1	-1	165	
165	164	f34f01397d9bdfff	3			yes					-1	-1	166	
166	165	2f783dc55ea2dd3e	5			yes					-1	-1	-1	-1	-1	
167	129	13832a59dcbf001a	4			yes					-1	-1	-1	-1	
168	128	f074ed36ce41cc03	4			yes					169	183	186	188	
169	168	6efcac3f2ca1eb56	3			yes					170	171	172	
170	169	c9635ba987250244	4			yes					-1	-1	-1	-1	
171	169	20324b3819d7e14c	4			yes					-1	-1	-1	-1	
172	169	6f52f22c7c18c9f4	6			yes					173	175	177	179	180	182	
173	172	655bb02c848b87aa	5			yes					-1	-1	-1	-1	174	
174	173	eae26d4ad5933bdc	4			yes					-1	-1	-1	-1	
175	172	0487361a57692856	5			yes					-1	-1	-1	-1	176	
176	175	8b3eeb7c06719420	4			yes					-1	-1	-1	-1	
177	172	04796fbb1c09af50	5			yes					-1	-1	-1	-1	178	
178	177	8bc0b2dd4d111326	4			yes					-1	-1	-1	-1	
179	172	4becb5bf725ff56a	5			yes					-1	-1	-1	-1	-1	
180	172	a1f08154ecac49b0	5			yes					-1	-1	-1	-1	181	
181	180	2e495c32bdb4f5c6	4			yes					-1	-1	-1	-1	
182	172	e0eb2f4a2d007582	5			yes					-1	-1	-1	-1	-1	
183	168	89a9de13987af51e	3			yes					-1	-1	184	
184	183	0114d47e48028301	5			yes					185	-1	-1	-1	-1	
185	184	40aa5c90a433ae77	4			yes					-1	-1	-1	-1	
186	168	8835a66d255c7da5	3			yes					-1	-1	187	
187	186	79ed1988e08a847a	5			yes					-1	-1	-1	-1	-1	
188	168	9f1439775fc6afee	3			yes					-1	-1	-1	
189	128	c292eb27f11edadc	4			yes					190	194	196	197	
190	189	5c1aaa2e13fefd89	3			yes					191	192	193	
191	190	45f788d17a13c155	5			yes					-1	-1	-1	-1	-1	
192	190	614f5d7539fe5365	5			yes					-1	-1	-1	-1	-1	
193	190	aae6fe0a08aca402	5			yes					-1	-1	-1	-1	-1	
194	189	bb4fd802a725e3c1	3			yes					-1	195	-1	
195	194	b48d6c9f3f762639	5			yes					-1	-1	-1	-1	-1	
196	189	3e827b7b924677d3	3			yes					-1	-1	-1	
197	189	1b45e270d783b347	3			yes					-1	-1	-1	
198	128	1f3b9f586076a5b7	5			yes					199	208	215	219	220	
199	198	81b3de51829682e2	4			yes					200	201	202	204	
200	199	70279d2157783919	4			yes					-1	-1	-1	-1	
201	199	32b91145aef19691	5			yes					-1	-1	-1	-1	-1	
202	199	ebce8eb439a3cec4	5			yes					-1	-1	-1	-1	203	
203	202	17736516866576df	4			yes					-1	-1	-1	-1	
204	199	6501881994474bf7	3			yes					205	207	-1	
205	204	b318b83a91b797aa	5			yes					-1	-1	-1	-1	206	
206	205	3ca1655cc0af2bdc	4			yes					-1	-1	-1	-1	
207	204	de8379c3e1958318	5			yes					-1	-1	-1	-1	-1	
208	198	66e6ac7d364d9caa	4			yes					-1	209	211	212	
209	208	22b33397457e8eca	5			yes					-1	-1	-1	-1	210	
210	209	22d98aeaa8c9dcc8	4			yes					-1	-1	-1	-1	
211	208	bde8e0b6cd966228	4			yes					-1	-1	-1	-1	
212	208	8254fa35209c55bf	3			yes					-1	213	214	
213	212	3b7a742885e4d667	5			yes					-1	-1	-1	-1	-1	
214	212	4fbe6648fa09283a	5			yes					-1	-1	-1	-1	-1	
215	198	e32b0f04032e08b8	4			yes					-1	-1	216	217	
216	215	b9375f9e0ae8960d	5			yes					-1	-1	-1	-1	-1	
217	215	0799594c15ffc1ad	3			yes					-1	-1	218	
218	217	a9041130644ddf31	5			yes					-1	-1	-1	-1	-1	
219	198	fff7b438c1527a52	4			yes					-1	-1	-1	-1	
220	198	fb89c91076a76ca2	4			yes					-1	-1	-1	-1	
221	0	70c67d6d00cd32ff	5			yes					-1	-1	222	248	257	
222	221	451c38fd5625a7d5	5			yes					223	235	242	244	247	
223	222	db9479f4b4c58080	4			yes					224	227	228	230	
224	223	a045b7dfe915f7a8	5			yes					-1	225	226	-1	-1	
225	224	2f7021c8e4d0521d	4			yes					-1	-1	-1	-1	
226	224	ef5202ba966ee3de	4			yes					-1	-1	-1	-1	
227	223	bd25a14de1023308	5			yes					-1	-1	-1	-1	-1	
228	223	6ef3b555e94371c1	5			yes					-1	-1	-1	-1	229	
229	228	903eb878bcb3c242	4			yes					-1	-1	-1	-1	
230	223	b4f4adb52542e36d	3			yes					231	233	234	
231	230	09cace09667bc612	5			yes					-1	-1	232	-1	-1	
232	231	46dd7b6c1900d264	4			yes					-1	-1	-1	-1	
233	230	14aad89b6e6c02b2	5			yes					-1	-1	-1	-1	-1	
234	230	083f405d65db5bf5	5			yes					-1	-1	-1	-1	-1	
235	222	b259888f582f8016	4			yes					-1	236	237	239	
236	235	5a52c91d6aa9fb05	5			yes					-1	-1	-1	-1	-1	
237	235	5b5ccefb82f6d434	5			yes					-1	-1	-1	-1	238	
238	237	a591c3d6d70667b7	4			yes					-1	-1	-1	-1	
239	235	dd395ccec9a8e3fb	3			yes					-1	240	241	
240	239	f3ddb0cbe5c7cabf	5			yes					-1	-1	-1	-1	-1	
241	239	3d903bf30e6efe00	5			yes					-1	-1	-1	-1	-1	
242	222	04cabcb98f63909c	4			yes					-1	-1	-1	243	
243	242	6baa68f81ee4f371	3			yes					-1	-1	-1	
244	222	477ba17ea42b5432	4			yes					-1	-1	-1	245	
245	244	7a72e222555f81ca	6			yes					-1	-1	-1	-1	-1	246	
246	245	f5cb3f4404473dbc	5			yes					-1	-1	-1	-1	-1	
247	222	2a7cecbcc7a2c438	4			yes					-1	-1	-1	-1	
248	221	ab3a323b1b795eca	4			yes					249	253	255	256	
249	248	35b27332f999799f	3			yes					250	252	-1	
250	249	64bc2dc27b0c2ea1	5			yes					-1	-1	-1	-1	251	
251	250	10ec0285c01fd1cf	4			yes					-1	-1	-1	-1	
252	249	491127e8516e3354	5			yes					-1	-1	-1	-1	-1	
253	248	5c7f824915737909	3			yes					-1	254	-1	
254	253	ae664fb8dac5fb59	5			yes					-1	-1	-1	-1	-1	
255	248	3c6ddbac07e2ce5d	3			yes					-1	-1	-1	
256	248	fe9a18ecf0719001	3			yes					-1	-1	-1	
257	221	3e1e0625040b382a	5			yes					258	268	274	276	277	
258	257	a096472ce6eb1f7f	4			yes					259	262	263	264	
259	258	714130e62bb1ae20	5			yes					-1	260	261	-1	-1	
260	259	fe74a6f126740b95	4			yes					-1	-1	-1	-1	
261	259	12f6ac2da0324caf	4			yes					-1	-1	-1	-1	
262	258	a41341b817f688de	5			yes					-1	-1	-1	-1	-1	
263	258	e5b337bb02adda33	5			yes					-1	-1	-1	-1	-1	
264	258	44241164f03ad66a	3			yes					265	266	267	
265	264	256ae7a7928330eb	5			yes					-1	-1	-1	-1	-1	
266	264	bdda0607d76cd073	5			yes					-1	-1	-1	-1	-1	
267	264	603bb1e8364df0ba	5			yes					-1	-1	-1	-1	-1	
268	257	c95bb6570a011fe9	4			yes					-1	269	270	271	
269	268	436429e89c5d40d3	5			yes					-1	-1	-1	-1	-1	
270	268	d01c4c1569187fc6	5			yes					-1	-1	-1	-1	-1	
271	268	2de9e01f1cd0d6fc	3			yes					-1	272	273	
272	271	5aad6e575cc7187e	5			yes					-1	-1	-1	-1	-1	
273	271	5594ca465df8554f	5			yes					-1	-1	-1	-1	-1	
274	257	a949efb21890a8bd	4			yes					-1	-1	-1	275	
275	274	4dfbb9fa0e4161a8	3			yes					-1	-1	-1	
276	257	1a284ea4e6a05914	4			yes					-1	-1	-1	-1	
277	257	daac506d12daf13f	4			yes					-1	-1	-1	-1	
278	0	d630adf7e6584561	5			yes					-1	-1	-1	279	298	
279	278	100c7f0e7694df7f	5			yes					280	287	292	295	297	
280	279	8e843e079474f82a	4			yes					281	283	285	286	
281	280	c0dc839703823732	5			yes					-1	-1	-1	-1	282	
282	281	b48cacd0b891c85c	4			yes					-1	-1	-1	-1	
283	280	68d783a564e1e03e	5			yes					-1	-1	-1	-1	284	
284	283	1c87ace2dff21f50	4			yes					-1	-1	-1	-1	
285	280	80bb5b8ef70b49c1	5			yes					-1	-1	-1	-1	-1	
286	280	79b742dc5c4502b8	5			yes					-1	-1	-1	-1	-1	
287	279	e749cf7c789ef8bc	4			yes					-1	288	290	291	
288	287	8fa0ebf5ef4a2833	5			yes					-1	-1	-1	-1	289	
289	288	fbf0c4b25459d75d	4			yes					-1	-1	-1	-1	
290	287	2bac1e757ea33195	5			yes					-1	-1	-1	-1	-1	
291	287	e60c27619281e9ca	5			yes					-1	-1	-1	-1	-1	
292	279	6f9ed78b513fd25d	4			yes					-1	-1	293	294	
293	292	dc4bfee69885fdc7	5			yes					-1	-1	-1	-1	-1	
294	292	4cbf6e68e86ac068	5			yes					-1	-1	-1	-1	-1	
295	279	8ee7762dcb1d58f8	4			yes					-1	-1	-1	296	
296	295	165f59fecb410db4	3			yes					-1	-1	-1	
297	279	88b450dd76c88a33	4			yes					-1	-1	-1	-1	
298	278	677ce4623624db7a	5			yes					299	309	316	319	320	
299	298	f9f4a56bd4c4fc2f	4			yes					300	303	305	306	
300	299	d5219eb3533fb7b3	5			yes					-1	301	302	-1	-1	
301	300	d2d48f5fd28cfd6c	4			yes					-1	-1	-1	-1	
302	300	9a362bd62c44a3c5	4			yes					-1	-1	-1	-1	
303	299	7d2a9e81345c60bf	5			yes					-1	-1	304	-1	-1	
304	303	7aa65e22e5aeec97	4			yes					-1	-1	-1	-1	
305	299	9b663fe0685e3afd	4			yes					-1	-1	-1	-1	
306	299	1d46f323c215353a	3			yes					307	308	-1	
307	306	810a49f2ea0d2978	5			yes					-1	-1	-1	-1	-1	
308	306	290149c08d6efe74	5			yes					-1	-1	-1	-1	-1	
309	298	90395410382efcb9	4			yes					-1	310	313	314	
310	309	9a5df6d1bff7a8b2	5			yes					311	-1	312	-1	-1	
311	310	dbe37e3f53c685c4	4			yes					-1	-1	-1	-1	
312	310	9dd136726e05249a	4			yes					-1	-1	-1	-1	
313	309	317ed950afacfe82	4			yes					-1	-1	-1	-1	
314	309	748b02582eff35ac	3			yes					-1	315	-1	
315	314	ce76219006c53679	5			yes					-1	-1	-1	-1	-1	
316	298	18ee4ce7118fd658	4			yes					-1	-1	317	318	
317	316	c69939c3498a32d0	4			yes					-1	-1	-1	-1	
318	316	fc5c1aaf075e1f4d	3			yes					-1	-1	-1	
319	298	f2ed0fb6dd90c4a1	4			yes					-1	-1	-1	-1	
320	298	83ceb22a20f5126f	4			yes					-1	-1	-1	-1	
321	0	e6a580ea9733c3c1	5			yes					-1	-1	-1	-1	322	
322	321	8785d442b35e91b9	4			yes					323	329	335	342	
323	322	ddc46ba2fa6e7eb0	4			yes					324	326	328	-1	
324	323	5dc41c44b32b0f95	3			yes					-1	325	-1	
325	324	15cec9a1f5ca894d	5			yes					-1	-1	-1	-1	-1	
326	323	6d263472f5ccf1b9	3			yes					-1	327	-1	
327	326	e10855d6bc191c15	5			yes					-1	-1	-1	-1	-1	
328	323	e48a4a20b6ae0698	3			yes					-1	-1	-1	
329	322	cf2d806627ca4bf3	4			yes					330	333	334	-1	
330	329	51a5c16fc52a6ca6	3			yes					331	332	-1	
331	330	56f503dcf190c12c	5			yes					-1	-1	-1	-1	-1	
332	330	b8b61b81ce9642ae	5			yes					-1	-1	-1	-1	-1	
333	329	b6f0b34371f172ee	3			yes					-1	-1	-1	
334	329	333d103a4492e6fc	3			yes					-1	-1	-1	
335	322	1e4dfae6ab5d5973	4			yes					336	339	341	-1	
336	335	80c5bbef49bd7e26	3			yes					337	338	-1	
337	336	bd456b368c643f6a	5			yes					-1	-1	-1	-1	-1	
338	336	5a13ace5daed332d	5			yes					-1	-1	-1	-1	-1	
339	335	e9084a94a5577eb0	3			yes					-1	340	-1	
340	339	bd64c4b55146fb20	5			yes					-1	-1	-1	-1	-1	
341	335	891a1371b7c6c9e4	3			yes					-1	-1	-1	
342	322	c455bdfe49630f0d	5			yes					343	346	348	349	-1	
343	342	5addfcf7ab832858	4			yes					344	345	-1	-1	
344	343	1925c563f4ea26f9	5			yes					-1	-1	-1	-1	-1	
345	343	b12ec5519389f1f5	5			yes					-1	-1	-1	-1	-1	
346	342	33100d8c476928ce	4			yes					-1	347	-1	-1	
347	346	5659ad01182239f8	5			yes					-1	-1	-1	-1	-1	
348	342	bbc7157b6ec8022f	4			yes					-1	-1	-1	-1	
349	342	5abeb4ddf4ea888a	4			yes					-1	-1	-1	-1	
350	0	6d614fac095e6205	5			yes					-1	-1	-1	-1	-1	
