Number of nodes
152
ID	PID	Hash_Value			File_Number	Fully_Enumerated	Children
0	-1	135a81a043c319df	5			yes					1	23	42	59	94	
1	0	6cb289c19443b83c	4			yes					2	9	16	22	
2	1	94fd694845c105f6	3			yes					3	5	7	
3	2	4bb68422aedaf383	4			yes					-1	-1	-1	4	
4	3	581c79390c1a39a5	3			yes					-1	-1	-1	
5	2	a7e421e141659795	4			yes					-1	-1	-1	6	
6	5	b44edcfae3a55db3	3			yes					-1	-1	-1	
7	2	1a711674f35e8566	5			yes					-1	-1	-1	-1	8	
8	7	f8d4740730b81715	4			yes					-1	-1	-1	-1	
9	1	b92ca3d34ab17dee	3			yes					-1	10	15	
10	9	2a8f70fddad8dc1d	5			yes					11	12	-1	13	14	
11	10	2879dc58db4c4c10	4			yes					-1	-1	-1	-1	
12	10	0cd78715d5beebbe	4			yes					-1	-1	-1	-1	
13	10	da3ed402ccaae4d3	4			yes					-1	-1	-1	-1	
14	10	39258de67818163b	4			yes					-1	-1	-1	-1	
15	9	8323402b123cadbf	5			yes					-1	-1	-1	-1	-1	
16	1	185bb5c61ba4f0c1	3			yes					-1	-1	17	
17	16	d9d6ed63e701adf7	5			yes					18	19	20	-1	21	
18	17	db2041c6e6953dfa	4			yes					-1	-1	-1	-1	
19	17	659db7bc8184aa18	4			yes					-1	-1	-1	-1	
20	17	527258f0e2093f1b	4			yes					-1	-1	-1	-1	
21	17	877766cdac5ad3e5	4			yes					-1	-1	-1	-1	
22	1	5938f69c809730e5	3			yes					-1	-1	-1	
23	0	d73c33ea08c10584	4			yes					24	34	39	41	
24	23	1483fd75c14ba0f4	3			yes					25	27	32	
25	24	328ae41d8799f7ce	4			yes					-1	-1	-1	26	
26	25	2120190625593de8	3			yes					-1	-1	-1	
27	24	9ba246c7ad0e310e	5			yes					-1	28	29	30	31	
28	27	595058ca96d3da09	4			yes					-1	-1	-1	-1	
29	27	93d13ae03cca7f30	4			yes					-1	-1	-1	-1	
30	27	e11a62aec0660a1d	4			yes					-1	-1	-1	-1	
31	27	8808bbdc0fcefb28	4			yes					-1	-1	-1	-1	
32	24	b73613820ff6a855	5			yes					-1	-1	-1	-1	33	
33	32	e94a5273f17674b9	4			yes					-1	-1	-1	-1	
34	23	5ee6b4e58557c3d9	3			yes					-1	35	37	
35	34	26139676f0cd1816	4			yes					-1	-1	-1	36	
36	35	35b96b6d520dd230	3			yes					-1	-1	-1	
37	34	9630a06b0e6800cb	5			yes					-1	-1	-1	-1	38	
38	37	7495c218cd8e92b8	4			yes					-1	-1	-1	-1	
39	23	7fef36cd50c8ebf4	3			yes					-1	-1	40	
40	39	a4eb2576a674106b	5			yes					-1	-1	-1	-1	-1	
41	23	e2b64cb71c158d5d	3			yes					-1	-1	-1	
42	0	497b03e5ff2e1a08	4			yes					43	52	56	58	
43	42	8ac4cd7a36a4bf78	3			yes					44	49	51	
44	43	32d2b3cf7e9064e9	5			yes					-1	45	46	47	48	
45	44	1a01fd393a9806e1	4			yes					-1	-1	-1	-1	
46	44	bc90a7179299d9ca	4			yes					-1	-1	-1	-1	
47	44	177148bd045efa0f	4			yes					-1	-1	-1	-1	
48	44	21784ed4dc50aecf	4			yes					-1	-1	-1	-1	
49	43	30d04d9bee3a83df	4			yes					-1	-1	-1	50	
50	49	237ab0804cfa49f9	3			yes					-1	-1	-1	
51	43	0b6702e0be54ea12	5			yes					-1	-1	-1	-1	-1	
52	42	2ec63d99bce7cb31	3			yes					-1	53	55	
53	52	f042c847831769d6	4			yes					-1	-1	-1	54	
54	53	e3e8355c21d7a3f0	3			yes					-1	-1	-1	
55	52	beadb63904b69be1	5			yes					-1	-1	-1	-1	-1	
56	42	243db7a41f6911d4	3			yes					-1	-1	57	
57	56	8d6bbe40cebff332	5			yes					-1	-1	-1	-1	-1	
58	42	c94444a26a047f95	3			yes					-1	-1	-1	
59	0	1d8f6d6147574662	5			yes					60	79	88	91	93	
60	59	de30a3fe8edde312	4			yes					61	66	71	72	
61	60	c3136c2460ce502d	5			yes					-1	62	63	64	65	
62	61	599a8094802a9eb7	4			yes					-1	-1	-1	-1	
63	61	0eca055136757558	4			yes					-1	-1	-1	-1	
64	61	e6b097561a00cecb	4			yes					-1	-1	-1	-1	
65	61	d0b9913fc20e9a0b	4			yes					-1	-1	-1	-1	
66	60	c651da2a722c1365	5			yes					-1	67	68	69	70	
67	66	76f751b2f753c33c	4			yes					-1	-1	-1	-1	
68	66	892a401b475f2219	4			yes					-1	-1	-1	-1	
69	66	e3f2215808e28d83	4			yes					-1	-1	-1	-1	
70	66	d5fb2731d0ecd943	4			yes					-1	-1	-1	-1	
71	60	0ae4359dd11aafad	4			yes					-1	-1	-1	-1	
72	60	f2f86d482a7f874e	3			yes					73	76	78	
73	72	64cd319a0fcb1f5f	5			yes					-1	-1	74	75	-1	
74	73	a91458ef59703a2a	4			yes					-1	-1	-1	-1	
75	73	416ecae8750581b9	4			yes					-1	-1	-1	-1	
76	72	618f87941d295c17	5			yes					-1	-1	-1	77	-1	
77	76	442c7ce667e7c2f1	4			yes					-1	-1	-1	-1	
78	72	3e73dc139fd1f4c3	4			yes					-1	-1	-1	-1	
79	59	7a32531d049e975b	4			yes					-1	80	85	86	
80	79	06c35ff61f01f96c	5			yes					81	-1	82	83	84	
81	80	f55084fad2502b94	4			yes					-1	-1	-1	-1	
82	80	49b8c5c72a72c810	4			yes					-1	-1	-1	-1	
83	80	2360a48465cf678a	4			yes					-1	-1	-1	-1	
84	80	1569a2edbdc1334a	4			yes					-1	-1	-1	-1	
85	79	54c38b7061380579	4			yes					-1	-1	-1	-1	
86	79	56fa9daba03cf307	3			yes					-1	87	-1	
87	86	a11d02487004b61e	5			yes					-1	-1	-1	-1	-1	
88	59	15523fb2d46ca500	4			yes					-1	-1	89	90	
89	88	b0dc9b4025b20276	4			yes					-1	-1	-1	-1	
90	88	399af10470cec15c	3			yes					-1	-1	-1	
91	59	80176c86bddaf377	4			yes					-1	-1	-1	92	
92	91	acdfa2301978972b	3			yes					-1	-1	-1	
93	59	3147a3d7e3f5223e	4			yes					-1	-1	-1	-1	
94	0	1e3a44543d5e5e01	4			yes					95	111	127	143	
95	94	7d499e1609c85ad7	5			yes					96	100	105	109	110	
96	95	85067e9fd84ae71d	4			yes					97	98	-1	99	
97	96	d1da56d2600557d3	4			yes					-1	-1	-1	-1	
98	96	3d88f3118fba33c5	4			yes					-1	-1	-1	-1	
99	96	a264dc6ba919a029	5			yes					-1	-1	-1	-1	-1	
100	95	a8d7b404d73a9f05	4			yes					-1	101	102	103	
101	100	b0e3a20d1407784d	5			yes					-1	-1	-1	-1	-1	
102	100	47b66574a136caa0	5			yes					-1	-1	-1	-1	-1	
103	100	f5b8c261e05a0cd9	3			yes					-1	104	-1	
104	103	614b91a0df6f7355	5			yes					-1	-1	-1	-1	-1	
105	95	09a0a211862f122a	4			yes					-1	-1	106	107	
106	105	71679f5c5308f35b	5			yes					-1	-1	-1	-1	-1	
107	105	54cfd474b14f81f6	3			yes					108	-1	-1	
108	107	ec20c0bc44d238dd	4			yes					-1	-1	-1	-1	
109	95	045780f9b7f7a339	4			yes					-1	-1	-1	-1	
110	95	2026e8733ea8c90b	4			yes					-1	-1	-1	-1	
111	94	c6c7243d954ae76f	5			yes					112	119	122	125	126	
112	111	0578eaa25cc0421f	4			yes					113	114	115	116	
113	112	a8e636ed4946539e	4			yes					-1	-1	-1	-1	
114	112	01ce943763d1955e	5			yes					-1	-1	-1	-1	-1	
115	112	e7fd3e718623e175	5			yes					-1	-1	-1	-1	-1	
116	112	58179cc76ba0d1c3	3			yes					117	118	-1	
117	116	794e0540822e5886	4			yes					-1	-1	-1	-1	
118	116	d066a79aa8b99e46	5			yes					-1	-1	-1	-1	-1	
119	111	4f1da33218dc2132	4			yes					-1	120	-1	121	
120	119	bc7f44863e12bc46	4			yes					-1	-1	-1	-1	
121	119	49882fed8e88483d	5			yes					-1	-1	-1	-1	-1	
122	111	6e14211acd43091f	4			yes					-1	-1	123	124	
123	122	0c5a5749127d4ec7	5			yes					-1	-1	-1	-1	-1	
124	122	337b577ffa239ac3	3			yes					-1	-1	-1	
125	111	bfd93ad22b751e81	4			yes					-1	-1	-1	-1	
126	111	9ba85258a22a74b3	4			yes					-1	-1	-1	-1	
127	94	52a0f39e338c376a	5			yes					128	135	139	141	142	
128	127	911f3d01fa06921a	4			yes					129	131	-1	132	
129	128	a8be613fb04fc0b9	5			yes					-1	130	-1	-1	-1	
130	129	806d2fc9f447a2b1	4			yes					-1	-1	-1	-1	
131	128	aabc9f6b20e5278f	4			yes					-1	-1	-1	-1	
132	128	cc704b64cd6601c6	3			yes					133	134	-1	
133	132	791652927b27cba1	5			yes					-1	-1	-1	-1	-1	
134	132	7b14acc6eb8d2c97	4			yes					-1	-1	-1	-1	
135	127	351dcde27045e653	4			yes					-1	136	-1	137	
136	135	6a2e1ab74dc8cd86	4			yes					-1	-1	-1	-1	
137	135	6872bb874725758f	3			yes					-1	138	-1	
138	137	bb86291a86a0c69e	4			yes					-1	-1	-1	-1	
139	127	3fe647dfd3cb3cb6	4			yes					-1	-1	-1	140	
140	139	dd31256e9fd5eb10	5			yes					-1	-1	-1	-1	-1	
141	127	942b32c75d64ec49	4			yes					-1	-1	-1	-1	
142	127	0fcf85fb04eca4b6	4			yes					-1	-1	-1	-1	
143	94	dcd6a1510d0aad14	5			yes					144	148	150	151	-1	
144	143	1f696fcec4800864	4			yes					145	147	-1	-1	
145	144	597fbed4ae11f47d	5			yes					-1	-1	146	-1	-1	
146	145	94a6d7a1f8aad108	4			yes					-1	-1	-1	-1	
147	144	5c3d08dabcf3b735	5			yes					-1	-1	-1	-1	-1	
148	143	bb6b9f2d4ec37c2d	4			yes					-1	149	-1	-1	
149	148	9caf8d06d1de5d3c	5			yes					-1	-1	-1	-1	-1	
150	143	d40bf3829e314e76	4			yes					-1	-1	-1	-1	
151	143	414ea0b6f7871801	4			yes					-1	-1	-1	-1	
