Number of nodes
529
ID	PID	Hash_Value			File_Number	Fully_Enumerated	Children
0	-1	23201a6694a8fcc5	6			yes					1	176	300	395	444	528	
1	0	89be0498765a8401	5			yes					2	96	112	137	151	
2	1	027da2d29492909f	5			yes					3	17	54	82	95	
3	2	d32cc33bcba69d69	4			yes					4	10	14	16	
4	3	2ec276f694dbe048	3			yes					5	7	9	
5	4	cd7b35e17a1793b7	5			yes					-1	-1	-1	-1	6	
6	5	d078ebcafadfa2b8	4			yes					-1	-1	-1	-1	
7	4	46d51b674edb6a7f	5			yes					-1	-1	-1	-1	8	
8	7	faf3f9fbcf8e5ffa	4			yes					-1	-1	-1	-1	
9	4	b300645aa066af1f	5			yes					-1	-1	-1	-1	-1	
10	3	df281fa67fbdcf20	3			yes					-1	11	13	
11	10	9f426a15211f5fb0	5			yes					-1	-1	-1	-1	12	
12	11	f3f358e2ed6ccc92	4			yes					-1	-1	-1	-1	
13	10	cae6f37c0375b479	5			yes					-1	-1	-1	-1	-1	
14	3	f618023ee5b215d5	3			yes					-1	-1	15	
15	14	f85dcb310a9e7a41	5			yes					-1	-1	-1	-1	-1	
16	3	d4dea855c572a7d4	3			yes					-1	-1	-1	
17	2	ff93171fcbefedbe	4			yes					-1	18	31	43	
18	17	3bd2a4fa4d63613f	6			yes					19	22	24	26	28	30	
19	18	bc4ac6b428bf83c9	5			yes					20	-1	-1	-1	21	
20	19	7db894a3cd4210f6	4			yes					-1	-1	-1	-1	
21	19	a149189fa877b2c6	4			yes					-1	-1	-1	-1	
22	18	fa20f6eda89ef200	5			yes					-1	-1	-1	-1	23	
23	22	e72328c62856c30f	4			yes					-1	-1	-1	-1	
24	18	07c1612a1ebc65e0	5			yes					-1	-1	-1	-1	25	
25	24	1ac2bf019e7454ef	4			yes					-1	-1	-1	-1	
26	18	571cade1efe9c336	5			yes					-1	-1	-1	-1	27	
27	26	4a1f73ca6f21f239	4			yes					-1	-1	-1	-1	
28	18	0bb422b9f1bce610	5			yes					-1	-1	-1	-1	29	
29	28	16b7fc927174d71f	4			yes					-1	-1	-1	-1	
30	18	26d17ad1cdab5030	5			yes					-1	-1	-1	-1	-1	
31	17	b07c8a7c79af98f7	6			yes					32	36	39	40	-1	42	
32	31	37e4e8321c737a01	5			yes					33	-1	34	-1	35	
33	32	f616ba25f98ee93e	4			yes					-1	-1	-1	-1	
34	32	a21c5873f9427b01	4			yes					-1	-1	-1	-1	
35	32	8bc20aae9d264f84	4			yes					-1	-1	-1	-1	
36	31	718ed86b9c520bc8	5			yes					-1	-1	37	-1	38	
37	36	e476682a79630ac8	4			yes					-1	-1	-1	-1	
38	36	cda83af71d073e4d	4			yes					-1	-1	-1	-1	
39	31	1e06ff70f1cfdd22	5			yes					-1	-1	-1	-1	-1	
40	31	25843a3d9c9e99f7	5			yes					-1	-1	-1	-1	41	
41	40	99a2d8a11dcbac72	4			yes					-1	-1	-1	-1	
42	31	0c5a68e0f8faad72	5			yes					-1	-1	-1	-1	-1	
43	17	45a9f54197125d97	6			yes					44	47	49	50	51	53	
44	43	c231970ff2cebf61	5			yes					45	-1	-1	-1	46	
45	44	03c3c51817332c5e	4			yes					-1	-1	-1	-1	
46	44	48073ce33ae3e1b3	4			yes					-1	-1	-1	-1	
47	43	845ba75672efcea8	5			yes					-1	-1	-1	-1	48	
48	47	0e6d0cbabac2907a	4			yes					-1	-1	-1	-1	
49	43	ebd3804d1f721842	5			yes					-1	-1	-1	-1	-1	
50	43	f69e204cc23f7fc3	5			yes					-1	-1	-1	-1	-1	
51	43	d1113bb49541489a	5			yes					-1	-1	-1	-1	52	
52	51	5b2790585d6c1648	4			yes					-1	-1	-1	-1	
53	43	cf9f5ead5f3f0345	5			yes					-1	-1	-1	-1	-1	
54	2	0e797e4f2089c2d6	4			yes					-1	-1	55	68	
55	54	69ebfb0e166bad38	6			yes					56	60	63	65	66	67	
56	55	ee73994073b74fce	5			yes					57	58	-1	-1	59	
57	56	2f81cb57964adcf1	4			yes					-1	-1	-1	-1	
58	56	5b3a143fb74b532b	4			yes					-1	-1	-1	-1	
59	56	82c2abb7bfc4dcec	4			yes					-1	-1	-1	-1	
60	55	a819a919f3963e07	5			yes					-1	61	-1	-1	62	
61	60	1d502466376a22e2	4			yes					-1	-1	-1	-1	
62	60	c4a89bee3fe5ad25	4			yes					-1	-1	-1	-1	
63	55	dca27671d297b1dd	5			yes					-1	-1	-1	-1	64	
64	63	b01344861ee422ff	4			yes					-1	-1	-1	-1	
65	55	ab391a336da76e42	5			yes					-1	-1	-1	-1	-1	
66	55	31f15c1b3f11ae56	4			yes					-1	-1	-1	-1	
67	55	055ac9f9da183e1a	5			yes					-1	-1	-1	-1	-1	
68	54	3c4f6267340146f1	6			yes					69	73	76	78	79	81	
69	68	bbd7002951dda407	5			yes					70	71	-1	-1	72	
70	69	7a25523eb4203738	4			yes					-1	-1	-1	-1	
71	69	0e9e8d569521b8e2	4			yes					-1	-1	-1	-1	
72	69	31e1abc599f0fad5	4			yes					-1	-1	-1	-1	
73	68	fdbd3070d1fcd5ce	5			yes					-1	74	-1	-1	75	
74	73	48f4bd0f1500c92b	4			yes					-1	-1	-1	-1	
75	73	778b9b9c19d18b1c	4			yes					-1	-1	-1	-1	
76	68	8906ef18f0fd5a14	5			yes					-1	-1	-1	-1	77	
77	76	033044f438d004c6	4			yes					-1	-1	-1	-1	
78	68	01157a191438ef44	5			yes					-1	-1	-1	-1	-1	
79	68	444f0eb4acc99a4b	5			yes					-1	-1	-1	-1	80	
80	79	ce79a55864e4c499	4			yes					-1	-1	-1	-1	
81	68	b679c98bfc2c1823	5			yes					-1	-1	-1	-1	-1	
82	2	274963d7ba861823	4			yes					-1	-1	-1	83	
83	82	20bb08b9b452229e	3			yes					-1	84	92	
84	83	8e9af6dba022920e	6			yes					85	87	-1	89	-1	91	
85	84	09029495c5fe70f8	5			yes					-1	-1	-1	-1	86	
86	85	ba89ebb3308a05f3	4			yes					-1	-1	-1	-1	
87	84	4f68a4cc45df0131	5			yes					-1	-1	-1	-1	88	
88	87	fce3dbeab0ab743a	4			yes					-1	-1	-1	-1	
89	84	1b62469a4513930e	5			yes					-1	-1	-1	-1	90	
90	89	a8e939bcb067e605	4			yes					-1	-1	-1	-1	
91	84	3d1189fd5556e705	5			yes					-1	-1	-1	-1	-1	
92	83	1b19e266cc70c504	5			yes					93	94	-1	-1	-1	
93	92	9c818028a9ac27f2	4			yes					-1	-1	-1	-1	
94	92	daebb071298d563b	4			yes					-1	-1	-1	-1	
95	2	058fc9bc9a46aa22	4			yes					-1	-1	-1	-1	
96	1	00ed09c533635a8e	4			yes					97	103	108	111	
97	96	7539a309b9da90a9	3			yes					98	99	100	
98	97	9198c31caed0ffe2	4			yes					-1	-1	-1	-1	
99	97	9b0e9ac6bf732b54	5			yes					-1	-1	-1	-1	-1	
100	97	a2e8185b1add5c07	5			yes					-1	101	102	-1	-1	
101	100	e02a8a95aa58498e	4			yes					-1	-1	-1	-1	
102	100	06bd094c43f6b27e	4			yes					-1	-1	-1	-1	
103	96	840857a93139e6fe	3			yes					-1	104	105	
104	103	643f0aaa33e55d6a	5			yes					-1	-1	-1	-1	-1	
105	103	95be2ca2377fc684	5			yes					106	107	-1	-1	-1	
106	105	12264eec52a32472	4			yes					-1	-1	-1	-1	
107	105	92fb1bdc71ee338f	4			yes					-1	-1	-1	-1	
108	96	f6c39fce86374cea	3			yes					-1	109	110	
109	108	1c5e5c2fc495d69c	5			yes					-1	-1	-1	-1	-1	
110	108	f131f4a088e37657	2			yes					-1	-1	
111	96	071f62ab3db76033	3			yes					-1	-1	-1	
112	1	31fdd5d79646c627	4			yes					113	120	134	136	
113	112	44297f1b1cff0c00	3			yes					114	116	117	
114	113	d0a13a6b3100906c	5			yes					-1	-1	-1	-1	115	
115	114	94d73e4e88e5be28	4			yes					-1	-1	-1	-1	
116	113	23dc8d4be6c8eb5c	5			yes					-1	-1	-1	-1	-1	
117	113	33cfdbe4f830b356	5			yes					-1	118	119	-1	-1	
118	117	8686569b3cccafb3	4			yes					-1	-1	-1	-1	
119	117	c03c2ba80bb97297	4			yes					-1	-1	-1	-1	
120	112	cc13601ac93bbb06	3			yes					-1	121	125	
121	120	a5e93acb9d5df79c	5			yes					122	123	-1	-1	124	
122	121	22715885f881156a	4			yes					-1	-1	-1	-1	
123	121	a2ac0db5dbcc0297	4			yes					-1	-1	-1	-1	
124	121	5b43e8cc598124ec	4			yes					-1	-1	-1	-1	
125	120	a1191a44c4e85dfa	6			yes					126	128	130	131	132	133	
126	125	2681780aa134bf0c	5			yes					-1	-1	-1	-1	127	
127	126	c7e13413c2c1e44b	4			yes					-1	-1	-1	-1	
128	125	a65c2d3a8279a8f1	5			yes					-1	-1	-1	-1	129	
129	128	473c6123e18cf3b6	4			yes					-1	-1	-1	-1	
130	125	a2c295b7ca5ad635	5			yes					-1	-1	-1	-1	-1	
131	125	b4a49f68d530cb2d	5			yes					-1	-1	-1	-1	-1	
132	125	77db13f65fd251a2	5			yes					-1	-1	-1	-1	-1	
133	125	4079565da71d06bd	5			yes					-1	-1	-1	-1	-1	
134	112	8fc8746fdb108dbb	3			yes					-1	-1	135	
135	134	b0e9bf1f41119c78	5			yes					-1	-1	-1	-1	-1	
136	112	360fbeb99892fc9a	3			yes					-1	-1	-1	
137	1	37ad8bb4b7a26d17	4			yes					138	143	148	150	
138	137	427921783d1ba730	3			yes					139	141	-1	
139	138	c4b0c2f8cdf4b8b2	5			yes					-1	-1	-1	140	-1	
140	139	e5c75463d522a52e	4			yes					-1	-1	-1	-1	
141	138	7ea93cf08776f1e6	5			yes					-1	-1	-1	142	-1	
142	141	5fdeaa6b9fa0ec7a	4			yes					-1	-1	-1	-1	
143	137	ca433e79e8df1036	3			yes					-1	144	146	
144	143	c647e2e45cc4427f	2			yes					145	-1	
145	144	b313a89511abd417	5			yes					-1	-1	-1	-1	-1	
146	143	cb239f6ad7465316	6			yes					-1	-1	-1	-1	-1	147	
147	146	ad72080ed0677330	5			yes					-1	-1	-1	-1	-1	
148	137	3ba9572903b93f5e	3			yes					-1	-1	149	
149	148	ddae870f6f1ca330	5			yes					-1	-1	-1	-1	-1	
150	137	843ec39c61dfe54f	3			yes					-1	-1	-1	
151	1	9bf6c1dd5296f637	5			yes					152	158	170	174	175	
152	151	ee226b11d82f3c10	4			yes					153	155	157	-1	
153	152	9d0e32be249ac26d	5			yes					-1	-1	-1	-1	154	
154	153	ba987a5f01d5a382	4			yes					-1	-1	-1	-1	
155	152	3baa81430ec81650	5			yes					-1	-1	-1	-1	156	
156	155	1c3cc9a22b8777bf	4			yes					-1	-1	-1	-1	
157	152	02e4b98ac48d2b92	5			yes					-1	-1	-1	-1	-1	
158	151	661874100deb8b16	4			yes					-1	159	165	169	
159	158	6a1ca88db9f0d95f	3			yes					160	162	164	
160	159	a358a457f598ff9c	5			yes					-1	-1	-1	-1	161	
161	160	9853477acf105c15	4			yes					-1	-1	-1	-1	
162	159	c2d8a2810886f1e3	5			yes					-1	-1	-1	-1	163	
163	162	e54eea602dc9900c	4			yes					-1	-1	-1	-1	
164	159	301e2e5c57be9146	5			yes					-1	-1	-1	-1	-1	
165	158	432cb51523ff03aa	3			yes					166	-1	167	
166	165	fdc896ed2e530274	5			yes					-1	-1	-1	-1	-1	
167	165	482d93b2034ef43a	6			yes					-1	-1	-1	-1	-1	168	
168	167	fba6ec94f63a8131	5			yes					-1	-1	-1	-1	-1	
169	158	5ce4b75410b610d2	3			yes					-1	-1	-1	
170	151	97f21d40e68da47e	4			yes					-1	-1	171	173	
171	170	b2c6dc45c8992cc2	3			yes					172	-1	-1	
172	171	45b73834ed017137	5			yes					-1	-1	-1	-1	-1	
173	170	ad0ede04fbd03fba	3			yes					-1	-1	-1	
174	151	bec200d87c827e8b	4			yes					-1	-1	-1	-1	
175	151	a10a02994fcb6df3	4			yes					-1	-1	-1	-1	
176	0	03d363ad0077d5cb	5			yes					-1	177	239	261	275	
177	176	4bc3260d28f5d786	5			yes					178	204	213	229	238	
178	177	df8ffe3490b3c43e	4			yes					-1	179	188	196	
179	178	b88af8d7dc897822	6			yes					180	181	183	185	186	187	
180	179	eb2d24b79202d00f	5			yes					-1	-1	-1	-1	-1	
181	179	32eda8047ca9cb01	5			yes					-1	-1	-1	-1	182	
182	181	2fee762ffc61fa0e	4			yes					-1	-1	-1	-1	
183	179	986bddc070360f27	5			yes					-1	-1	-1	-1	184	
184	183	856803ebf0fe3e28	4			yes					-1	-1	-1	-1	
185	179	d444f1cc7e03da2b	5			yes					-1	-1	-1	-1	-1	
186	179	88ec7e946056ff0d	5			yes					-1	-1	-1	-1	-1	
187	179	a58926fc5c41492d	5			yes					-1	-1	-1	-1	-1	
188	178	308929717c9a2929	6			yes					189	190	192	193	-1	195	
189	188	632ef51132118104	5			yes					-1	-1	-1	-1	-1	
190	188	baee79a2dcba9a0a	5			yes					-1	-1	-1	-1	191	
191	190	06c89b3e5defaf8f	4			yes					-1	-1	-1	-1	
192	188	792a8985d28f9f40	5			yes					-1	-1	-1	-1	-1	
193	188	5df7532fd461008c	5			yes					-1	-1	-1	-1	194	
194	193	e1d1b1b355343509	4			yes					-1	-1	-1	-1	
195	188	8cafcbedfdcf1cac	5			yes					-1	-1	-1	-1	-1	
196	178	9ee671b1a69787b1	6			yes					197	198	200	201	202	203	
197	196	cd41add1e81c2f9c	5			yes					-1	-1	-1	-1	-1	
198	196	1481216206b73492	5			yes					-1	-1	-1	-1	199	
199	198	f5e16d7b65426fd5	4			yes					-1	-1	-1	-1	
200	196	d745d145088231d8	5			yes					-1	-1	-1	-1	-1	
201	196	c0da3f99b973947c	5			yes					-1	-1	-1	-1	-1	
202	196	2f3f2e763cafe5ed	5			yes					-1	-1	-1	-1	-1	
203	196	7f863da8c562dcf6	5			yes					-1	-1	-1	-1	-1	
204	177	ba8eaecf2c9df3f0	4			yes					-1	205	209	211	
205	204	b68a72529886a1b9	3			yes					206	207	208	
206	205	9de779de5ea1cce1	5			yes					-1	-1	-1	-1	-1	
207	205	0c9fc4df4657fe1b	5			yes					-1	-1	-1	-1	-1	
208	205	593b5db6643d15d2	5			yes					-1	-1	-1	-1	-1	
209	204	9fba6fca02897b4c	3			yes					210	-1	-1	
210	209	04e6df787b6d5017	5			yes					-1	-1	-1	-1	-1	
211	204	bd7cc5a12249c94d	3			yes					212	-1	-1	
212	211	104050ac8134977f	5			yes					-1	-1	-1	-1	-1	
213	177	47c7fa909cee85cf	4			yes					-1	-1	214	223	
214	213	1d0f1ea0168a4c00	6			yes					215	217	219	221	-1	222	
215	214	19f886f107ce46a2	5			yes					-1	-1	-1	-1	216	
216	215	7549b406cbbdd580	4			yes					-1	-1	-1	-1	
217	214	dcfd4cb7f377df3f	5			yes					-1	-1	-1	-1	218	
218	217	b04c7e403f044c1d	4			yes					-1	-1	-1	-1	
219	214	5fcd8c6ea60f5989	5			yes					-1	-1	-1	-1	220	
220	219	337cbe996a7ccaab	4			yes					-1	-1	-1	-1	
221	214	dfddff9d6d468f7a	5			yes					-1	-1	-1	-1	-1	
222	214	71be2c57daf9df22	5			yes					-1	-1	-1	-1	-1	
223	213	48ab87c934e0a7c9	6			yes					224	225	226	-1	227	228	
224	223	4c5c1f9825a4ad6b	5			yes					-1	-1	-1	-1	-1	
225	223	8959d5ded11d34f6	5			yes					-1	-1	-1	-1	-1	
226	223	0a6915078465b240	5			yes					-1	-1	-1	-1	-1	
227	223	30abeb1aac287b73	5			yes					-1	-1	-1	-1	-1	
228	223	c29d2c25fccdf91b	5			yes					-1	-1	-1	-1	-1	
229	177	6ef7e70806e15f3a	4			yes					-1	-1	-1	230	
230	229	69058c6608356587	3			yes					231	-1	236	
231	230	0e6f55d6a51723d0	6			yes					-1	232	-1	233	-1	235	
232	231	84080505053790f3	5			yes					-1	-1	-1	-1	-1	
233	231	63112f880dec0a75	5			yes					-1	-1	-1	-1	234	
234	233	d09a50aef8987f7e	4			yes					-1	-1	-1	-1	
235	231	bde42af0506356db	5			yes					-1	-1	-1	-1	-1	
236	230	6ffd07c8cc91243c	5			yes					-1	-1	237	-1	-1	
237	236	2d3f95067c1431b5	4			yes					-1	-1	-1	-1	
238	177	4c314d632621ed3b	4			yes					-1	-1	-1	-1	
239	176	207e0a2cba429150	4			yes					240	253	258	260	
240	239	b432d215020482e8	3			yes					241	243	245	
241	240	0fb1dacbbee52443	5			yes					-1	-1	-1	-1	242	
242	241	4bc7deee07000a07	4			yes					-1	-1	-1	-1	
243	240	9e1c4126fb7b5553	5			yes					-1	-1	-1	-1	244	
244	243	60b693213fa78623	4			yes					-1	-1	-1	-1	
245	240	f9ba0462d73990ba	6			yes					246	247	248	250	251	252	
246	245	aa1dd80299b23897	5			yes					-1	-1	-1	-1	-1	
247	245	dcf32b8d077e4bb1	5			yes					-1	-1	-1	-1	-1	
248	245	54f1330877dbb2ee	5			yes					-1	-1	-1	-1	249	
249	248	b5917f11142ee9a9	4			yes					-1	-1	-1	-1	
250	245	ec07814ec6e1066d	5			yes					-1	-1	-1	-1	-1	
251	245	2f780dd04c039ce2	5			yes					-1	-1	-1	-1	-1	
252	245	18da487bb4cccbfd	5			yes					-1	-1	-1	-1	-1	
253	239	2d8b12effbc46299	3			yes					-1	254	255	
254	253	b001238181804af7	5			yes					-1	-1	-1	-1	-1	
255	253	a012752e9f7812fd	5			yes					256	-1	257	-1	-1	
256	255	a4e5ed7f8e3c185f	4			yes					-1	-1	-1	-1	
257	255	53e185626cf1d33c	4			yes					-1	-1	-1	-1	
258	239	9e4bab94f714dacc	3			yes					-1	-1	259	
259	258	f531206996e51218	5			yes					-1	-1	-1	-1	-1	
260	239	278c6142b496abed	3			yes					-1	-1	-1	
261	176	262e544f9ba63a60	4			yes					262	269	272	274	
262	261	b2628c7623e029d8	3			yes					263	266	268	
263	262	20630b1a77faade1	6			yes					-1	-1	264	-1	-1	265	
264	263	af5a942ab7fd3a31	5			yes					-1	-1	-1	-1	-1	
265	263	6945338bcd8e339f	5			yes					-1	-1	-1	-1	-1	
266	262	be6650eb97fb7b91	2			yes					267	-1	
267	266	e38fe4aa351d8b41	5			yes					-1	-1	-1	-1	-1	
268	262	4e0fec58f755a3f9	5			yes					-1	-1	-1	-1	-1	
269	261	2bdb4c8cda20c9a9	3			yes					-1	270	-1	
270	269	ed74923ae03e504d	5			yes					-1	-1	-1	271	-1	
271	270	cc0304a1f8e84dd1	4			yes					-1	-1	-1	-1	
272	261	2a2a88d22fbd6829	3			yes					-1	-1	273	
273	272	98761879b8e82d50	5			yes					-1	-1	-1	-1	-1	
274	261	95bd1c674ddbb238	3			yes					-1	-1	-1	
275	176	8a751e267e92a140	5			yes					276	290	294	298	299	
276	275	1e39c61fc6d4b2f8	4			yes					277	281	287	289	
277	276	eb98a585762f6da7	6			yes					-1	-1	278	-1	-1	280	
278	277	64a13ab5b628fa77	5			yes					-1	-1	-1	-1	279	
279	278	5faad9988ca059fe	4			yes					-1	-1	-1	-1	
280	277	d09346a84ca7ce2e	5			yes					-1	-1	-1	-1	-1	
281	276	123d1a8272cfe0b1	3			yes					282	284	286	
282	281	f3c4e868d12ea0ca	5			yes					-1	-1	-1	-1	283	
283	282	c8cf0b45eba60343	4			yes					-1	-1	-1	-1	
284	281	f92dd96c6ea0532c	5			yes					-1	-1	-1	-1	285	
285	284	debb918d4bef32c3	4			yes					-1	-1	-1	-1	
286	281	0beb55b131983389	5			yes					-1	-1	-1	-1	-1	
287	276	3b0d071ae8c03a44	3			yes					288	-1	-1	
288	287	efe6f39eba8c0956	5			yes					-1	-1	-1	-1	-1	
289	276	24c5055bdb89293c	3			yes					-1	-1	-1	
290	275	878006e53f145289	4			yes					-1	291	293	-1	
291	290	a8772f896980b7fb	5			yes					-1	-1	-1	-1	292	
292	291	8fe167684ccfd614	4			yes					-1	-1	-1	-1	
293	290	91391740a3c58a39	5			yes					-1	-1	-1	-1	-1	
294	275	8671c2bbca89f309	4			yes					-1	-1	295	297	
295	294	a34503bee49d7bb5	3			yes					-1	296	-1	
296	295	d66a96fe8a49d09c	5			yes					-1	-1	-1	-1	-1	
297	294	bc8d01ffd7d468cd	3			yes					-1	-1	-1	
298	275	af41df23508629fc	4			yes					-1	-1	-1	-1	
299	275	b089dd6263cf3a84	4			yes					-1	-1	-1	-1	
300	0	cc38973dbca18208	5			yes					-1	-1	301	360	371	
301	300	5f40cb9e7a7fadaf	5			yes					302	329	347	352	359	
302	301	cb0c13a7c239be17	4			yes					303	309	313	320	
303	302	b9618ce7c4e8a6cb	5			yes					304	305	306	307	308	
304	303	4503986bbd9c0441	4			yes					-1	-1	-1	-1	
305	303	fe1ff899ff5a23a2	4			yes					-1	-1	-1	-1	
306	303	4a927cab3761670a	4			yes					-1	-1	-1	-1	
307	303	a0af392642d0e989	4			yes					-1	-1	-1	-1	
308	303	5121257f3777a960	4			yes					-1	-1	-1	-1	
309	302	ada72d3cfa3cd145	3			yes					310	311	312	
310	309	5b84c3c5d3ff6380	5			yes					-1	-1	-1	-1	-1	
311	309	cf3c1251c9372a36	5			yes					-1	-1	-1	-1	-1	
312	309	e43ce35ef51c1fe0	5			yes					-1	-1	-1	-1	-1	
313	302	a6cd620cc8ecfe93	6			yes					-1	314	316	318	-1	319	
314	313	13390cf21219b77f	5			yes					-1	-1	-1	-1	315	
315	314	7f883e05de6a245d	4			yes					-1	-1	-1	-1	
316	313	c7df151d5320c5be	5			yes					-1	-1	-1	-1	317	
317	316	ab6e27ea9f53569c	4			yes					-1	-1	-1	-1	
318	313	5fe881d1f3cb6383	5			yes					-1	-1	-1	-1	-1	
319	313	ca7c50fb049f6db1	5			yes					-1	-1	-1	-1	-1	
320	302	25ede64333a6a125	6			yes					-1	322	324	326	327	328	
321	320	f6f9d968a82eb309	5			no					-1	-1	-1	-1	-2	
322	320	901988bde953e8c9	5			yes					-1	-1	-1	-1	323	
323	322	7179c4a48aa6b38e	4			yes					-1	-1	-1	-1	
324	320	44ff9152a86a9a08	5			yes					-1	-1	-1	-1	325	
325	324	a59fdd4bcb9fc14f	4			yes					-1	-1	-1	-1	
326	320	3050636f227e37f2	5			yes					-1	-1	-1	-1	-1	
327	320	f32feff1a89cad7d	5			yes					-1	-1	-1	-1	-1	
328	320	c48daa5a5053fa62	5			yes					-1	-1	-1	-1	-1	
329	301	d0214cc9a083ceeb	4			yes					-1	-1	330	338	
330	329	2ab9d826a9e64aa3	6			yes					331	333	334	336	-1	337	
331	330	2e4e4077b8a24001	5			yes					-1	-1	-1	-1	332	
332	331	42ff728074d1d323	4			yes					-1	-1	-1	-1	
333	330	c4daab8898d5aff1	5			yes					-1	-1	-1	-1	-1	
334	330	4babaf37322a718e	5			yes					-1	-1	-1	-1	335	
335	334	271a9dc0fe59e2ac	4			yes					-1	-1	-1	-1	
336	330	d39c3bfb92c1d7b3	5			yes					-1	-1	-1	-1	-1	
337	330	4608ead16595d981	5			yes					-1	-1	-1	-1	-1	
338	329	a9995c6952ac1515	6			yes					339	341	342	344	345	346	
339	338	ad6ec43843e81fb7	5			yes					-1	-1	-1	-1	340	
340	339	4c0e8821201d44f0	4			yes					-1	-1	-1	-1	
341	338	47fa2fc7639ff047	5			yes					-1	-1	-1	-1	-1	
342	338	c88b2b78c9602e38	5			yes					-1	-1	-1	-1	343	
343	342	29eb6761aa95757f	4			yes					-1	-1	-1	-1	
344	338	bc24d945437483c2	5			yes					-1	-1	-1	-1	-1	
345	338	7f5b55dbc996194d	5			yes					-1	-1	-1	-1	-1	
346	338	48f9107031594e52	5			yes					-1	-1	-1	-1	-1	
347	301	39ebf505427ac2fd	4			yes					-1	-1	348	350	
348	347	1cdf34006c6e4a41	3			yes					-1	349	-1	
349	348	83b4d9877bd32c50	5			yes					-1	-1	-1	-1	-1	
350	347	3e199e6b4caef840	3			yes					-1	351	-1	
351	350	a8b4288847f81986	5			yes					-1	-1	-1	-1	-1	
352	301	7a740a9b546b2513	4			yes					-1	-1	-1	353	
353	352	7d8661f55abf1fae	3			yes					354	357	-1	
354	353	d43f7b6412f796af	5			yes					-1	-1	356	-1	-1	
355	354	61cb159ac802df43	4			no					-1	-2	-2	-1	
356	354	b52d0c75893bad82	4			yes					-1	-1	-1	-1	
357	353	584bc14e73fd229f	5			yes					-1	-1	358	-1	-1	
358	357	3959b65fe83119b2	4			yes					-1	-1	-1	-1	
359	301	58b2a0f074ab9712	4			yes					-1	-1	-1	-1	
360	300	9f227da1736c4a80	4			yes					361	366	369	370	
361	360	0b6ea598cb2a5938	3			yes					362	364	-1	
362	361	840f22cf11d63a7c	2			yes					363	-1	
363	362	db8dcd09ed1a72c5	5			yes					-1	-1	-1	-1	-1	
364	361	c0df6518edba3750	5			yes					-1	-1	-1	365	-1	
365	364	e1a8f383f56c2acc	4			yes					-1	-1	-1	-1	
366	360	1043faf6a99029c4	3			yes					-1	367	-1	
367	366	8c57aece5f5e3136	5			yes					-1	-1	-1	368	-1	
368	367	ad20385547882caa	4			yes					-1	-1	-1	-1	
369	360	1bc723cd7136f6f0	3			yes					-1	-1	-1	
370	360	9fc8010260e0cc8c	3			yes					-1	-1	-1	
371	300	531a544dc8e9412c	5			yes					372	383	389	392	394	
372	371	c7568c7470af5294	4			yes					373	378	381	382	
373	372	48370b23aa5331d0	3			yes					374	376	377	
374	373	5d5ea406495f8669	5			yes					-1	-1	-1	-1	375	
375	374	6655472b73d725e0	4			yes					-1	-1	-1	-1	
376	373	69be65bda3e9af99	5			yes					-1	-1	-1	-1	-1	
377	373	ebf54b255fcbed2c	5			yes					-1	-1	-1	-1	-1	
378	372	43958009e48d99ce	6			yes					-1	-1	-1	379	-1	380	
379	378	458521f164c14f26	5			yes					-1	-1	-1	-1	-1	
380	378	789e6324de053a47	5			yes					-1	-1	-1	-1	-1	
381	372	31781a7fc5fb44f0	3			yes					-1	-1	-1	
382	372	fdaa4f306df2c950	3			yes					-1	-1	-1	
383	371	dc7bd31a12152268	4			yes					-1	384	387	388	
384	383	0f1d4bdf56699fa8	6			yes					-1	-1	-1	385	-1	386	
385	384	090dea27d6254940	5			yes					-1	-1	-1	-1	-1	
386	384	3416a8f26ce13c21	5			yes					-1	-1	-1	-1	-1	
387	383	2a554511a741340c	3			yes					-1	-1	-1	
388	383	e687105e0f48b9ac	3			yes					-1	-1	-1	
389	371	d7ff0a21cab3fd5c	4			yes					-1	-1	390	391	
390	389	63073cc86dd07e4e	5			yes					-1	-1	-1	-1	-1	
391	389	ed03c965d7ee6698	3			yes					-1	-1	-1	
392	371	a534c2467dbd5748	4			yes					-1	-1	393	-1	
393	392	249c0a35e9810b2e	5			yes					-1	-1	-1	-1	-1	
394	371	69e69709d5b4dae8	4			yes					-1	-1	-1	-1	
395	0	f23b1b47a7c57e95	5			yes					-1	-1	-1	396	421	
396	395	8c2f2c2787619f1b	5			yes					397	409	415	418	420	
397	396	1863f41e3f278ca3	4			yes					398	404	407	408	
398	397	97027349e5dbefe7	3			yes					399	402	403	
399	398	dfcac6f4f33b7c02	5			yes					-1	-1	400	401	-1	
400	399	a53ff112dd4bae96	4			yes					-1	-1	-1	-1	
401	399	febd506febed619e	4			yes					-1	-1	-1	-1	
402	398	a734346cc6127840	5			yes					-1	-1	-1	-1	-1	
403	398	66fb92c147ac22a2	5			yes					-1	-1	-1	-1	-1	
404	397	e58d41d3605af182	3			yes					-1	405	406	
405	404	70a3f683faf17d35	5			yes					-1	-1	-1	-1	-1	
406	404	298966c426850ddf	5			yes					-1	-1	-1	-1	-1	
407	397	9dd4f58e1a282c3b	3			yes					-1	-1	-1	
408	397	f738330aa08ebefd	3			yes					-1	-1	-1	
409	396	034eab705d9dfc5f	4			yes					-1	410	413	414	
410	409	fea01ebd02e0817e	3			yes					-1	411	412	
411	410	3c2b3d5548157b53	5			yes					-1	-1	-1	-1	-1	
412	410	6501ad1294610bb9	5			yes					-1	-1	-1	-1	-1	
413	409	86f9aae078925cc7	3			yes					-1	-1	-1	
414	409	ec156c64c234ce01	3			yes					-1	-1	-1	
415	396	71c199ead81ce23a	4			yes					-1	-1	416	417	
416	415	f476987afd1342a2	3			yes					-1	-1	-1	
417	415	9e9a5efe47b5d064	3			yes					-1	-1	-1	
418	396	09982db7a26e3f83	4			yes					-1	-1	-1	419	
419	418	e6c3eaa33dc70ddd	3			yes					-1	-1	-1	
420	396	6374eb3318c8ad45	4			yes					-1	-1	-1	-1	
421	395	620a885f6dccdd85	5			yes					422	433	439	442	443	
422	421	f6465066d58ace3d	4			yes					423	428	431	432	
423	422	7927d7310f76ad79	3			yes					424	426	427	
424	423	370a835bca0c6813	5			yes					-1	-1	-1	-1	425	
425	424	109ccbbaef4309fc	4			yes					-1	-1	-1	-1	
426	423	ae3a989d2f4286c2	5			yes					-1	-1	-1	-1	-1	
427	423	deb32311b9e13ddf	5			yes					-1	-1	-1	-1	-1	
428	422	0ba8e5ab8af7b31c	3			yes					-1	429	430	
429	428	0ba018ecd8b0b22f	5			yes					-1	-1	-1	-1	-1	
430	428	91c1d714d8c812a2	5			yes					-1	-1	-1	-1	-1	
431	422	6787bb3b5a5adb10	5			yes					-1	-1	-1	-1	-1	
432	422	ccba9322c8d755f9	3			yes					-1	-1	-1	
433	421	ed6b0f08b730bec1	4			yes					-1	434	437	438	
434	433	1085bac5e84dc3e0	3			yes					-1	435	436	
435	434	4728d33a6a54b449	5			yes					-1	-1	-1	-1	-1	
436	434	dd491cc26a2c14c4	5			yes					-1	-1	-1	-1	-1	
437	433	69f70ed9253683a5	5			yes					-1	-1	-1	-1	-1	
438	433	d797cc4caa6d2505	3			yes					-1	-1	-1	
439	421	9fe43d9232b1a0a4	4			yes					-1	-1	440	441	
440	439	41b7589e7c1e19b7	5			yes					-1	-1	-1	-1	-1	
441	439	a518fed62fec3b60	3			yes					-1	-1	-1	
442	421	dc3f29e7209a9619	4			yes					-1	-1	-1	-1	
443	421	58f64b1b70914641	4			yes					-1	-1	-1	-1	
444	0	7cdd81eb8b8c51de	5			yes					-1	-1	-1	-1	445	
445	444	b46eeb4f6d49ad57	4			yes					446	467	486	504	
446	445	18430917d19662ce	5			yes					447	453	462	465	466	
447	446	6d97a3db5b2fa8e9	4			yes					448	450	-1	452	
448	447	0b502c1d3758efb0	6			yes					-1	-1	-1	-1	-1	449	
449	448	305bcf300dd04c39	5			yes					-1	-1	-1	-1	-1	
450	447	b149d2157ddaa6e4	6			yes					-1	-1	-1	-1	-1	451	
451	450	8a4231384752056d	5			yes					-1	-1	-1	-1	-1	
452	447	9844aba54733fb9d	6			yes					-1	-1	-1	-1	-1	-1	
453	446	e5adbcda8eeb1fef	4			yes					-1	454	459	460	
454	453	67be3c9329f329c9	6			yes					455	456	-1	-1	457	458	
455	454	e0265edd4c2fcb3f	5			yes					-1	-1	-1	-1	-1	
456	454	60fb0bed6f62dcc2	5			yes					-1	-1	-1	-1	-1	
457	454	30d04bdbeedfdd0b	5			yes					-1	-1	-1	-1	-1	
458	454	402874720cbc4826	5			yes					-1	-1	-1	-1	-1	
459	453	1c6017b54c8d97a7	6			yes					-1	-1	-1	-1	-1	-1	
460	453	c056702646f1b45a	3			yes					-1	461	-1	
461	460	6bdf1cc7db695a3b	6			yes					-1	-1	-1	-1	-1	-1	
462	446	1447d58a658d3087	4			yes					-1	-1	463	464	
463	462	57a4a942c796d9be	6			yes					-1	-1	-1	-1	-1	-1	
464	462	31bc1976ad979b32	3			yes					-1	-1	-1	
465	446	a1c50f60a9c54efa	4			yes					-1	-1	-1	-1	
466	446	3db8c5eb198cc97b	4			yes					-1	-1	-1	-1	
467	445	09c0d6ecfd9235b9	5			yes					468	477	481	484	485	
468	467	9d8c0ed545d42601	4			yes					469	470	474	475	
469	468	c4d06b6edbbac483	6			yes					-1	-1	-1	-1	-1	-1	
470	468	5c4b477e4fd58b06	6			yes					-1	-1	-1	471	472	473	
471	470	f7c3d4a4f4d724c0	5			yes					-1	-1	-1	-1	-1	
472	470	0b25303688f97fc4	5			yes					-1	-1	-1	-1	-1	
473	470	7bdd0f9f6a9aeae9	5			yes					-1	-1	-1	-1	-1	
474	468	c405c2155fdfd977	6			yes					-1	-1	-1	-1	-1	-1	
475	468	b877c2298dce8db4	3			yes					-1	476	-1	
476	475	502a672abd4ff8f4	6			yes					-1	-1	-1	-1	-1	-1	
477	467	0435ce2fbc14c670	4			yes					-1	478	-1	480	
478	477	22947cdf1a92074f	6			yes					-1	-1	-1	-1	-1	479	
479	478	199f9ff2201aa4c6	5			yes					-1	-1	-1	-1	-1	
480	477	0b99056f207b5a36	6			yes					-1	-1	-1	-1	-1	-1	
481	467	05c40a71498967f0	4			yes					-1	-1	482	483	
482	481	127c3634106257de	6			yes					-1	-1	-1	-1	-1	-1	
483	481	203fc68d8193cc45	3			yes					-1	-1	-1	
484	467	b046d09b85c1198d	4			yes					-1	-1	-1	-1	
485	467	2c3b1a1035889e0c	4			yes					-1	-1	-1	-1	
486	445	af636a51af373e9c	5			yes					487	496	500	502	503	
487	486	3b2fb26817712d24	4			yes					488	492	-1	494	
488	487	2ab3c73e84c63028	6			yes					-1	-1	489	-1	490	491	
489	488	8ee6d629ddedde51	5			yes					-1	-1	-1	-1	-1	
490	488	7dddb07643eac4ea	5			yes					-1	-1	-1	-1	-1	
491	488	0d258fdfa18951c7	5			yes					-1	-1	-1	-1	-1	
492	487	0f3f8bfd17166052	6			yes					-1	-1	-1	-1	-1	493	
493	492	343468d02d9ec3db	5			yes					-1	-1	-1	-1	-1	
494	487	1ed47e94df6b8691	3			yes					495	-1	-1	
495	494	26d2e76a765c43da	6			yes					-1	-1	-1	-1	-1	-1	
496	486	2002ed0675cb5dd8	4			yes					-1	497	-1	499	
497	496	43b7402ba5f26634	6			yes					-1	-1	-1	-1	-1	498	
498	497	78bca3069f7ac5bd	5			yes					-1	-1	-1	-1	-1	
499	496	05f921fabdd1f66d	3			yes					-1	-1	-1	
500	486	2b86343dad6d82ec	4			yes					-1	-1	-1	501	
501	500	ce20cd2bebf30ede	6			yes					-1	-1	-1	-1	-1	-1	
502	486	ba33cdfea8fa6739	4			yes					-1	-1	-1	-1	
503	486	8a98a6ad672d9529	4			yes					-1	-1	-1	-1	
504	445	3b49fc4e17212df0	5			yes					505	517	525	527	-1	
505	504	af052477af673e48	4			yes					506	511	516	-1	
506	505	0a2318d3e36f6e23	6			yes					-1	507	-1	508	509	510	
507	506	da7e3c42a344e093	5			yes					-1	-1	-1	-1	-1	
508	506	6bfd1b2d239245c1	5			yes					-1	-1	-1	-1	-1	
509	506	5d4d6f9b24439ae1	5			yes					-1	-1	-1	-1	-1	
510	506	2db55032c6200fcc	5			yes					-1	-1	-1	-1	-1	
511	505	4551ecd68246415e	6			yes					-1	-1	-1	513	514	515	
512	511	ac29b2515b5efbb3	5			no					-1	-2	-2	-2	-2	
513	511	248fef2842bb6abc	5			yes					-1	-1	-1	-1	-1	
514	511	123f9b9e456ab59c	5			yes					-1	-1	-1	-1	-1	
515	511	62c7a437a70920b1	5			yes					-1	-1	-1	-1	-1	
516	505	76673b9e69eab1e2	6			yes					-1	-1	-1	-1	-1	-1	
517	504	b4287b19cddd4eb4	4			yes					-1	518	524	-1	
518	517	09d9270030a24738	6			yes					519	-1	520	521	522	523	
519	518	0d2ebf5121e64d9a	5			yes					-1	-1	-1	-1	-1	
520	518	e0a17987e9bafdd5	5			yes					-1	-1	-1	-1	-1	
521	518	680724fef05f6cda	5			yes					-1	-1	-1	-1	-1	
522	518	5eb75048f78eb3fa	5			yes					-1	-1	-1	-1	-1	
523	518	2e4f6fe115ed26d7	5			yes					-1	-1	-1	-1	-1	
524	517	78178e7c1686e957	6			yes					-1	-1	-1	-1	-1	-1	
525	504	c6a74983485c50d1	4			yes					-1	-1	526	-1	
526	525	5057d83b4fae7345	6			yes					-1	-1	-1	-1	-1	-1	
527	504	befefdde322e8d68	4			yes					-1	-1	-1	-1	
528	0	eb9370c2726d004c	5			yes					-1	-1	-1	-1	-1	
