Number of nodes
492
ID	PID	Hash_Value			File_Number	Fully_Enumerated	Children
0	-1	50174f639b7b178d	6			yes					1	152	264	352	425	491	
1	0	90984c0493d95098	5			yes					2	54	80	98	113	
2	1	cc2dd41db6b85061	5			yes					3	12	32	42	53	
3	2	13d97bd8ef6a6aed	4			yes					4	5	7	9	
4	3	3c2002d6144c21dd	4			yes					-1	-1	-1	-1	
5	3	16d99988a1352e27	4			yes					-1	6	-1	-1	
6	5	42f81e2445e6159b	3			yes					-1	-1	-1	
7	3	62abb50b93ce9e3b	5			yes					-1	8	-1	-1	-1	
8	7	368a32a7771da587	4			yes					-1	-1	-1	-1	
9	3	a42fc67ce7d7d627	3			yes					10	11	-1	
10	9	a3f17011d8b2c499	4			yes					-1	-1	-1	-1	
11	9	8436753c1d1f114f	4			yes					-1	-1	-1	-1	
12	2	937e34623b938cf7	4			yes					-1	13	21	27	
13	12	c14b6895cbbfaec7	5			yes					14	17	-1	19	20	
14	13	ebd1742a56681d01	4			yes					15	-1	16	-1	
15	14	4c7cb89c01eb7c42	3			yes					-1	-1	-1	
16	14	46f98c2b502660c8	3			yes					-1	-1	-1	
17	13	66e6a4239c3ccf84	4			yes					-1	-1	18	-1	
18	17	cbce5c229a72b24d	3			yes					-1	-1	-1	
19	13	6c639094cdf1d30e	4			yes					-1	-1	-1	-1	
20	13	139f7f415aface82	4			yes					-1	-1	-1	-1	
21	12	8428bc7d59d8b0b4	5			yes					22	24	-1	-1	26	
22	21	aeb2a0c2c40f0372	4			yes					-1	-1	-1	23	
23	22	d09c4d444647982c	3			yes					-1	-1	-1	
24	21	238570cb0e5bd1f7	4			yes					-1	-1	-1	25	
25	24	5dab9d4d8c134aa9	3			yes					-1	-1	-1	
26	21	fa0651fbdb902bea	4			yes					-1	-1	-1	-1	
27	12	4920a7c3d3adb671	5			yes					28	29	30	31	-1	
28	27	63babb7c4e7a05b7	4			yes					-1	-1	-1	-1	
29	27	ee8d6b75842ed732	4			yes					-1	-1	-1	-1	
30	27	ab8367290328af6d	4			yes					-1	-1	-1	-1	
31	27	990b671b46d62149	4			yes					-1	-1	-1	-1	
32	2	989301c580d1e3b7	4			yes					-1	-1	33	38	
33	32	fbed6069a65197b8	5			yes					34	35	36	-1	37	
34	33	d1777cd63b86247e	4			yes					-1	-1	-1	-1	
35	33	5c40acdff1d2f6fb	4			yes					-1	-1	-1	-1	
36	33	a9c12af19d66a291	4			yes					-1	-1	-1	-1	
37	33	f9af7c7b24224b22	4			yes					-1	-1	-1	-1	
38	32	f14133e4901353eb	5			yes					39	40	41	-1	-1	
39	38	dbdb2f5b0dc4e02d	4			yes					-1	-1	-1	-1	
40	38	56ecff52c79032a8	4			yes					-1	-1	-1	-1	
41	38	a36d797cab2466c2	4			yes					-1	-1	-1	-1	
42	2	63ef27c6ea2de906	4			yes					-1	-1	-1	43	
43	42	d4d403ee678f3beb	6			yes					44	46	48	50	-1	52	
44	43	fe4e1f51fa58882d	5			yes					-1	-1	-1	-1	45	
45	44	5e9e7de503404ea9	4			yes					-1	-1	-1	-1	
46	43	7379cf58300c5aa8	5			yes					-1	-1	-1	-1	47	
47	46	d3a9adecc9149c2c	4			yes					-1	-1	-1	-1	
48	43	86f849765cb80ec2	5			yes					-1	-1	-1	-1	49	
49	48	26282bc2a5a0c846	4			yes					-1	-1	-1	-1	
50	43	c3558549d6354cdb	5			yes					-1	-1	-1	-1	51	
51	50	6385e7fd2f2d8a5f	4			yes					-1	-1	-1	-1	
52	43	7404615a9e97fd6f	5			yes					-1	-1	-1	-1	-1	
53	2	7bdb69b9be05ecab	4			yes					-1	-1	-1	-1	
54	1	c8491ea8b3da6552	4			yes					55	60	68	79	
55	54	76198c6e2b06553b	3			yes					56	57	59	
56	55	ac3b8dd524d981f8	4			yes					-1	-1	-1	-1	
57	55	960cd7c3762dffe2	4			yes					-1	-1	-1	58	
58	57	b4be06e2aa785b3c	3			yes					-1	-1	-1	
59	55	c4d6fa27dc860eaf	4			yes					-1	-1	-1	-1	
60	54	a664dcb9ccf435c4	3			yes					-1	61	64	
61	60	90c6fb699c097356	5			yes					-1	62	-1	-1	63	
62	61	c9e0ad830361d431	4			yes					-1	-1	-1	-1	
63	61	0397cc8ac952d8b8	4			yes					-1	-1	-1	-1	
64	60	a011800ecfaa8da7	5			yes					65	66	-1	67	-1	
65	64	8a8b9cb1527d3e61	4			yes					-1	-1	-1	-1	
66	64	f937d6e450c22ac0	4			yes					-1	-1	-1	-1	
67	64	0d39780fc9e4f06e	4			yes					-1	-1	-1	-1	
68	54	678bed73ef4fdc35	3			yes					-1	-1	69	
69	68	4b158e4ea7985357	6			yes					70	72	74	76	-1	78	
70	69	618f92f13a4fe091	5			yes					-1	-1	-1	-1	71	
71	70	c15ff045c3572615	4			yes					-1	-1	-1	-1	
72	69	1233d8a438f0f430	5			yes					-1	-1	-1	-1	73	
73	72	b2e3ba10c1e832b4	4			yes					-1	-1	-1	-1	
74	69	7873d32a9453c8e6	5			yes					-1	-1	-1	-1	75	
75	74	d8a3b19e6d4b0e62	4			yes					-1	-1	-1	-1	
76	69	5c9408e916222467	5			yes					-1	-1	-1	-1	77	
77	76	fc446a5def3ae2e3	4			yes					-1	-1	-1	-1	
78	69	ebc5ecfa5e8095d3	5			yes					-1	-1	-1	-1	-1	
79	54	7fbfa30cbb67d998	3			yes					-1	-1	-1	
80	1	44e2efdf18c10ae6	4			yes					81	87	95	97	
81	80	fab27d19801d3a8f	3			yes					82	84	85	
82	81	50ea7ce2cee6a950	4			yes					-1	-1	-1	83	
83	82	823e6b365fa3c915	3			yes					-1	-1	-1	
84	81	f2b63f8668131699	4			yes					-1	-1	-1	-1	
85	81	4dcc590766801e36	5			yes					-1	86	-1	-1	-1	
86	85	19eddeab8253258a	4			yes					-1	-1	-1	-1	
87	80	1bb10fa095ead670	3			yes					-1	88	90	
88	87	86fc78b7669a38b0	5			yes					-1	-1	-1	-1	89	
89	88	6cbcc045940e4b01	4			yes					-1	-1	-1	-1	
90	87	5836ea752e0930c3	5			yes					91	92	93	94	-1	
91	90	72acf6cab3de8305	4			yes					-1	-1	-1	-1	
92	90	0110bc9fb16197a4	4			yes					-1	-1	-1	-1	
93	90	7adf970689a1c90b	4			yes					-1	-1	-1	-1	
94	90	a2d6e8a1ad979d48	4			yes					-1	-1	-1	-1	
95	80	56f5cf1d1d4a5035	3			yes					-1	-1	96	
96	95	0d176c407fc4dc87	5			yes					-1	-1	-1	-1	-1	
97	80	f314527b107cb62c	3			yes					-1	-1	-1	
98	1	844e584113f7a1ec	4			yes					99	103	110	112	
99	98	3a1eca878b2b9185	3			yes					100	101	-1	
100	99	a586f8b5f9b6c05e	4			yes					-1	-1	-1	-1	
101	99	24df7266fea3e9e5	5			yes					-1	102	-1	-1	-1	
102	101	70fef5ca1a70d259	4			yes					-1	-1	-1	-1	
103	98	db1db83e9edc7d7a	3			yes					-1	104	109	
104	103	e128b2293db521ba	5			yes					105	106	-1	107	108	
105	104	cbb2ae96a062927c	4			yes					-1	-1	-1	-1	
106	104	b80ee4c3a2dd86dd	4			yes					-1	-1	-1	-1	
107	104	a9baf243ed2fbd3e	4			yes					-1	-1	-1	-1	
108	104	33fca5fdacf041ff	4			yes					-1	-1	-1	-1	
109	103	cbfe2cfa4c129945	5			yes					-1	-1	-1	-1	-1	
110	98	d0f08d99259e123a	3			yes					-1	-1	111	
111	110	f82f68d5c4719bed	5			yes					-1	-1	-1	-1	-1	
112	98	b5bda761239e5f29	3			yes					-1	-1	-1	
113	1	ec57468cc964ad5f	5			yes					114	121	138	150	151	
114	113	5207d44a51b89d36	4			yes					115	117	120	-1	
115	114	cd800ee1e5ffb1a5	5			yes					-1	-1	-1	-1	116	
116	115	5140eae596e35f79	4			yes					-1	-1	-1	-1	
117	114	3f5e5372f1bd572a	5			yes					-1	118	-1	-1	119	
118	117	6b7fd4de156e6c96	4			yes					-1	-1	-1	-1	
119	117	e073bc6e28db67cd	4			yes					-1	-1	-1	-1	
120	114	72e973f44d7554ba	5			yes					-1	-1	-1	-1	-1	
121	113	b304a6f3444f71c9	4			yes					-1	122	132	136	
122	121	ce60fefef2e7f89b	6			yes					123	125	-1	127	129	131	
123	122	e4fae2416f304b5d	5			yes					-1	-1	-1	-1	124	
124	123	783a06451c2ca581	4			yes					-1	-1	-1	-1	
125	122	9746a8146d8f5ffc	5			yes					-1	-1	-1	-1	126	
126	125	0b864c101e93b120	4			yes					-1	-1	-1	-1	
127	122	634806fff4a98552	5			yes					-1	-1	-1	-1	128	
128	127	ff88e2fb87b56b8e	4			yes					-1	-1	-1	-1	
129	122	71d40119e10de67a	5			yes					-1	-1	-1	-1	130	
130	129	ed14e51d921108a6	4			yes					-1	-1	-1	-1	
131	122	52a01afa81fb1647	5			yes					-1	-1	-1	-1	-1	
132	121	55c78124ca603185	5			yes					133	134	-1	-1	135	
133	132	7f5d9d9b57b78243	4			yes					-1	-1	-1	-1	
134	132	0ce1d7ce550896e2	4			yes					-1	-1	-1	-1	
135	132	8aea6e3813060162	4			yes					-1	-1	-1	-1	
136	121	452cb4c5f2203ad8	3			yes					-1	-1	137	
137	136	951cd57230f02d89	5			yes					-1	-1	-1	-1	-1	
138	113	b8e99354ff0d1e89	4			yes					-1	-1	139	149	
139	138	968d334bf8d70722	6			yes					140	142	144	-1	146	147	
140	139	bc172ff46500b4e4	5			yes					-1	-1	-1	-1	141	
141	140	20d7cbf0161c5a38	4			yes					-1	-1	-1	-1	
142	139	cfab65a167bfa045	5			yes					-1	-1	-1	-1	143	
143	142	536b81a514a34e99	4			yes					-1	-1	-1	-1	
144	139	c4a179d3c3e0320b	5			yes					-1	-1	-1	-1	145	
145	144	58619dd7b0fcdcd7	4			yes					-1	-1	-1	-1	
146	139	9be402239fd563da	5			yes					-1	-1	-1	-1	-1	
147	139	0a4dd74f8bcbe9fe	5			yes					-1	-1	-1	-1	148	
148	147	0724e627ecc98d06	4			yes					-1	-1	-1	-1	
149	138	4ec1816249625598	3			yes					-1	-1	-1	
150	113	4395b55795f11438	4			yes					-1	-1	-1	-1	
151	113	1a7f54ba7f0be64e	4			yes					-1	-1	-1	-1	
152	0	52a27e69c0b39ff3	5			yes					-1	153	201	218	232	
153	152	65fd605d96cc2c58	5			yes					154	172	179	189	200	
154	153	e90f2d90478202e7	4			yes					155	156	162	167	
155	154	7c0835ee7168772d	4			yes					-1	-1	-1	-1	
156	154	97f504fbf922bbe0	5			yes					157	158	-1	160	161	
157	156	4871d60e64d6a26e	4			yes					-1	-1	-1	-1	
158	156	af040107e5bfaf31	4			yes					-1	-1	159	-1	
159	158	33eec72a46eea0b5	3			yes					-1	-1	-1	
160	156	0b1fc2d65a73b464	4			yes					-1	-1	-1	-1	
161	156	4521132f6867dba5	4			yes					-1	-1	-1	-1	
162	154	3479f9f8c215b6de	5			yes					163	164	165	-1	166	
163	162	ebfd2b0d5fe1af50	4			yes					-1	-1	-1	-1	
164	162	0c88fc04de88a20f	4			yes					-1	-1	-1	-1	
165	162	f543f086e9728323	4			yes					-1	-1	-1	-1	
166	162	16cb28d91e401200	4			yes					-1	-1	-1	-1	
167	154	66a3d41c68be4793	5			yes					168	169	170	171	-1	
168	167	b92706e9f54a5e1d	4			yes					-1	-1	-1	-1	
169	167	5e52d1e074235342	4			yes					-1	-1	-1	-1	
170	167	a799dd6243d9726e	4			yes					-1	-1	-1	-1	
171	167	1aafc87a142e7331	4			yes					-1	-1	-1	-1	
172	153	c078d66ab30f98c4	4			yes					-1	173	175	176	
173	172	ddb93a005bc91227	4			yes					-1	-1	-1	-1	
174	173	1b234ed2a6a8b47c	3			no					-1	-2	-2	
175	172	7bb4e5fba629bba5	5			yes					-1	-1	-1	-1	-1	
176	172	778e6bcebbb2240e	3			yes					177	178	-1	
177	176	e3d94729bd969269	4			yes					-1	-1	-1	-1	
178	176	d8fe57d2ab6d4d9e	4			yes					-1	-1	-1	-1	
179	153	3143b585a0a59f8e	4			yes					-1	-1	180	185	
180	179	76a71ff8ce1b2cbd	5			yes					181	182	183	-1	184	
181	180	b03d6b2a337a8ae6	4			yes					-1	-1	-1	-1	
182	180	d10ad34e99984dfe	4			yes					-1	-1	-1	-1	
183	180	45c1429cfdd0b70c	4			yes					-1	-1	-1	-1	
184	180	74e503ea4c68f027	4			yes					-1	-1	-1	-1	
185	179	7c0b4c75f859e8ee	5			yes					186	187	188	-1	-1	
186	185	ba9138a705384eb5	4			yes					-1	-1	-1	-1	
187	185	dba680c3afda89ad	4			yes					-1	-1	-1	-1	
188	185	4f6d1111cb92735f	4			yes					-1	-1	-1	-1	
189	153	ca3f9386ca59953f	4			yes					-1	-1	-1	190	
190	189	599e7c7f0fc580ee	6			yes					191	193	195	197	-1	199	
191	190	9f0408adf2a426b5	5			yes					-1	-1	-1	-1	192	
192	191	3fd46a190bbce031	4			yes					-1	-1	-1	-1	
193	190	fe33b0c95846e1ad	5			yes					-1	-1	-1	-1	194	
194	193	5ee3d27da15e2729	4			yes					-1	-1	-1	-1	
195	190	6af8211b3c0e1b5f	5			yes					-1	-1	-1	-1	196	
196	195	ca2843afc516dddb	4			yes					-1	-1	-1	-1	
197	190	4e1ffad8be7ff7de	5			yes					-1	-1	-1	-1	198	
198	197	eecf986c4767315a	4			yes					-1	-1	-1	-1	
199	190	f94e1ecbf6dd466a	5			yes					-1	-1	-1	-1	-1	
200	153	d20bddf99e719092	4			yes					-1	-1	-1	-1	
201	152	b1deb0b8f381b12a	4			yes					202	211	215	217	
202	201	3d2cfd7522cf9f95	3			yes					203	205	206	
203	202	4cee15a36cd71955	4			yes					-1	-1	-1	204	
204	203	9e3a0277fd927910	3			yes					-1	-1	-1	
205	202	a425e31bdc186486	4			yes					-1	-1	-1	-1	
206	202	8f7227f746dc38e4	5			yes					207	208	209	210	-1	
207	206	50f6f502db28216a	4			yes					-1	-1	-1	-1	
208	206	bd9325cd7d3e9d08	4			yes					-1	-1	-1	-1	
209	206	e4060d9c2d0861c8	4			yes					-1	-1	-1	-1	
210	206	75922523c542956f	4			yes					-1	-1	-1	-1	
211	201	2913d0abdc78c8a6	3			yes					-1	212	213	
212	211	aaa53c24907ddbea	4			yes					-1	-1	-1	-1	
213	211	3ea32c4f35896e51	4			yes					214	-1	-1	-1	
214	213	f839589dc8e8c80a	3			yes					-1	-1	-1	
215	201	a3c9907af60aebf9	3			yes					-1	-1	216	
216	215	1f9c9e71d7990f3e	5			yes					-1	-1	-1	-1	-1	
217	201	06280d1cfb3c0de0	3			yes					-1	-1	-1	
218	152	71720726f8b71a20	4			yes					219	227	229	231	
219	218	fd804aeb29f9349f	3			yes					220	221	226	
220	219	236684ef7a5b83ab	4			yes					-1	-1	-1	-1	
221	219	c89767444a80b30e	5			yes					222	223	-1	224	225	
222	221	1713b5b1d774aa80	4			yes					-1	-1	-1	-1	
223	221	fa76657e716216e2	4			yes					-1	-1	-1	-1	
224	221	8005272e9a1a2f8a	4			yes					-1	-1	-1	-1	
225	221	1a437090dbc5d34b	4			yes					-1	-1	-1	-1	
226	219	591668716d77557c	5			yes					-1	-1	-1	-1	-1	
227	218	e9bf6735d74e63ac	3			yes					-1	228	-1	
228	227	fbb58e143a57c8cf	4			yes					-1	-1	-1	-1	
229	218	25ccd2fecedea9f6	3			yes					-1	-1	230	
230	229	eaa49ae46c2c4854	5			yes					-1	-1	-1	-1	-1	
231	218	4081f806c8dee4e5	3			yes					-1	-1	-1	
232	152	196b19eb22241693	5			yes					233	246	250	262	263	
233	232	95995426f36a382c	4			yes					234	236	241	243	
234	233	8da839d980dbe755	5			yes					-1	-1	-1	-1	235	
235	234	1168ddddf3c70989	4			yes					-1	-1	-1	-1	
236	233	b38af544068ae157	5			yes					237	238	-1	239	240	
237	236	6c0e27b19b7ef8d9	4			yes					-1	-1	-1	-1	
238	236	816bf77e3d6844bb	4			yes					-1	-1	-1	-1	
239	236	67a5e8d1ecfb7a70	4			yes					-1	-1	-1	-1	
240	236	6ca71a58dfecd1b0	4			yes					-1	-1	-1	-1	
241	233	468553853ebaf5f6	5			yes					-1	-1	-1	-1	242	
242	241	99a8bc99e7dcc511	4			yes					-1	-1	-1	-1	
243	233	63b146104505733d	3			yes					-1	244	245	
244	243	5fe0657c2d67b82d	5			yes					-1	-1	-1	-1	-1	
245	243	44e8e09a6fe9ecfb	5			yes					-1	-1	-1	-1	-1	
246	232	81a679f80ddd6f1f	4			yes					-1	247	249	-1	
247	246	f620885e1a464db7	5			yes					-1	-1	-1	-1	248	
248	247	6ae06c5a695aa36b	4			yes					-1	-1	-1	-1	
249	246	6bf6230478927124	5			yes					-1	-1	-1	-1	-1	
250	232	4dd5cc33144da545	4			yes					-1	-1	251	261	
251	250	8406c17a508ad49b	6			yes					252	254	256	-1	258	260	
252	251	429cb5a8adeb72c0	5			yes					-1	-1	-1	-1	253	
253	252	de5c51acdef79c1c	4			yes					-1	-1	-1	-1	
254	251	23ab0dcc0709b5d8	5			yes					-1	-1	-1	-1	255	
255	254	bf6be9c874155b04	4			yes					-1	-1	-1	-1	
256	251	d62a8be26bbde1b2	5			yes					-1	-1	-1	-1	257	
257	256	4aea6fe618a10f6e	4			yes					-1	-1	-1	-1	
258	251	896ff0123788b063	5			yes					-1	-1	-1	-1	259	
259	258	15af141644945ebf	4			yes					-1	-1	-1	-1	
260	251	18c6257e23963a47	5			yes					-1	-1	-1	-1	-1	
261	250	bbfdde05a222ee54	3			yes					-1	-1	-1	
262	232	b6a9ea307eb1aff4	4			yes					-1	-1	-1	-1	
263	232	ef430bdd944b5d82	4			yes					-1	-1	-1	-1	
264	0	446a060c6b3a8f10	5			yes					-1	-1	265	312	326	
265	264	79003f09aa4f7676	5			yes					266	281	295	300	311	
266	265	f5f272c47b0158c9	4			yes					267	271	272	277	
267	266	03b6446e08ae7fe6	4			yes					-1	268	269	270	
268	267	14f8c36d6469065b	3			yes					-1	-1	-1	
269	267	f95646ba8b30d26d	3			yes					-1	-1	-1	
270	267	a8ae7ce5da089055	3			yes					-1	-1	-1	
271	266	262a318421161a61	4			yes					-1	-1	-1	-1	
272	266	dd1baa20c084b401	5			yes					-1	273	274	275	276	
273	272	4e5734babc0f2cdd	4			yes					-1	-1	-1	-1	
274	272	ca552d23ac43cdbc	4			yes					-1	-1	-1	-1	
275	272	f01fb53adb4486f9	4			yes					-1	-1	-1	-1	
276	272	8063559f49bef410	4			yes					-1	-1	-1	-1	
277	266	a40497d6d9601b42	5			yes					-1	278	279	280	-1	
278	277	3748094ca5eb839e	4			yes					-1	-1	-1	-1	
279	277	b34a10d5b5a762ff	4			yes					-1	-1	-1	-1	
280	277	5ee495025afeb6c9	4			yes					-1	-1	-1	-1	
281	265	5cc12fd8eeb0d8d4	4			yes					-1	282	284	290	
282	281	cf597205ff040fe2	4			yes					283	-1	-1	-1	
283	282	09c306d70265a9b9	3			yes					-1	-1	-1	
284	281	e26ca7850b7252c2	5			yes					285	286	287	288	289	
285	284	24f6d357f613f499	4			yes					-1	-1	-1	-1	
286	284	a1a81374035cad0f	4			yes					-1	-1	-1	-1	
287	284	f522208667b52b7f	4			yes					-1	-1	-1	-1	
288	284	cf68b89f10b2603a	4			yes					-1	-1	-1	-1	
289	284	bf14583a824812d3	4			yes					-1	-1	-1	-1	
290	281	9b739a731296fd81	5			yes					291	292	293	294	-1	
291	290	5de9eea1eff75bda	4			yes					-1	-1	-1	-1	
292	290	d8b72e821ab8024c	4			yes					-1	-1	-1	-1	
293	290	8c3d1d707e51843c	4			yes					-1	-1	-1	-1	
294	290	619398a79108500a	4			yes					-1	-1	-1	-1	
295	265	b1071363c19985b0	4			yes					-1	-1	296	297	
296	295	7cc69304fcbf66cb	5			yes					-1	-1	-1	-1	-1	
297	295	06f1aec7c924397a	3			yes					298	299	-1	
298	297	b9fb4343ede8ff25	4			yes					-1	-1	-1	-1	
299	297	a4230a2b12521ff5	4			yes					-1	-1	-1	-1	
300	265	d6c2ccd2f6dacf11	4			yes					-1	-1	-1	301	
301	300	22d37e71cc2e4959	6			yes					302	304	306	308	-1	310	
302	301	e4490aa3314fef02	5			yes					-1	-1	-1	-1	303	
303	302	44996817c8572986	4			yes					-1	-1	-1	-1	
304	301	7bf5289b5346ee3e	5			yes					-1	-1	-1	-1	305	
305	304	db254a2faa5e28ba	4			yes					-1	-1	-1	-1	
306	301	11b52315ffe5d2e8	5			yes					-1	-1	-1	-1	307	
307	306	b16541a106fd146c	4			yes					-1	-1	-1	-1	
308	301	b0946084769431fa	5			yes					-1	-1	-1	-1	309	
309	308	104402308f8cf77e	4			yes					-1	-1	-1	-1	
310	301	82031cc535368fdd	5			yes					-1	-1	-1	-1	-1	
311	265	cef682ada2f2cabc	4			yes					-1	-1	-1	-1	
312	264	f6ed602ddaf62e4e	4			yes					313	321	324	325	
313	312	7a1f2de00bb800f1	3			yes					314	319	320	
314	313	ceab5a0e4680ea42	5			yes					-1	315	316	317	318	
315	314	0f9153706de7dfbf	4			yes					-1	-1	-1	-1	
316	314	1e7ca7f25fe98d5f	4			yes					-1	-1	-1	-1	
317	314	86391a64961a76c6	4			yes					-1	-1	-1	-1	
318	314	1c7f4ddad7c58a07	4			yes					-1	-1	-1	-1	
319	313	167bb9f85de9d0bb	4			yes					-1	-1	-1	-1	
320	313	20e9f08b154bf0dc	5			yes					-1	-1	-1	-1	-1	
321	312	d32c70fc9e0980ec	3			yes					-1	322	323	
322	321	7404a6bc1f03f599	4			yes					-1	-1	-1	-1	
323	321	1f9efd2edebd161f	5			yes					-1	-1	-1	-1	-1	
324	312	98c0a23ca5d87ed8	3			yes					-1	-1	-1	
325	312	c71e9f0dea9fd08b	3			yes					-1	-1	-1	
326	264	9ef47ee0006522fd	5			yes					327	339	347	350	351	
327	326	1206332dd12b0c42	4			yes					328	332	334	337	
328	327	770149922011d55d	5			yes					-1	329	-1	-1	331	
329	328	b63b40ec0b76e0a0	4			yes					-1	-1	-1	330	
330	329	2afba4e8786a0e7c	3			yes					-1	-1	-1	
331	328	ebc1ad96530d3b81	4			yes					-1	-1	-1	-1	
332	327	d78a3db3d0a58a19	5			yes					-1	-1	-1	-1	333	
333	332	4b4ad9b7a3b964c5	4			yes					-1	-1	-1	-1	
334	327	3a5d9c4894afd62b	5			yes					-1	335	-1	-1	336	
335	334	a91102d2e8244ef7	4			yes					-1	-1	-1	-1	
336	334	e57073544dc9e6cc	4			yes					-1	-1	-1	-1	
337	327	e42e211b67444753	3			yes					-1	-1	338	
338	337	3fb58fce93d2456a	5			yes					-1	-1	-1	-1	-1	
339	326	bb356e31449a8c5f	4			yes					-1	340	342	345	
340	339	82805ca8422cc48a	5			yes					-1	-1	-1	-1	341	
341	340	1e40b8ac31302a56	4			yes					-1	-1	-1	-1	
342	339	052a91ed5f5930e8	5			yes					343	-1	-1	-1	344	
343	342	c3b0e53fa23896b3	4			yes					-1	-1	-1	-1	
344	342	da077ef1863f000f	4			yes					-1	-1	-1	-1	
345	339	4d1d7c07f2f5c74e	3			yes					-1	-1	346	
346	345	00c2826b5824a3a9	5			yes					-1	-1	-1	-1	-1	
347	326	f0d9bcf17f4b726b	4			yes					-1	-1	348	-1	
348	347	3f7442f1a8200b86	5			yes					-1	-1	-1	-1	349	
349	348	a3b4a6f5db3ce55a	4			yes					-1	-1	-1	-1	
350	326	31368d3b5cf09b9a	4			yes					-1	-1	-1	-1	
351	326	68dc6cd6b60a69ec	4			yes					-1	-1	-1	-1	
352	0	ec8dc792c8c837df	5			yes					-1	-1	-1	353	391	
353	352	8fda62ef91fd90db	5			yes					354	368	380	388	390	
354	353	03282f2240b3be64	4			yes					355	361	365	366	
355	354	53cdc971f83de4e7	5			yes					-1	356	358	359	360	
356	355	07ec4edd1ceedf5b	4			yes					-1	357	-1	-1	
357	356	95ab5028a654a7f8	3			yes					-1	-1	-1	
358	355	c18ad78442879c44	4			yes					-1	-1	-1	-1	
359	355	46ece81b57ba5288	4			yes					-1	-1	-1	-1	
360	355	2d0ae3d669526bc4	4			yes					-1	-1	-1	-1	
361	354	e07dd8ef41339f44	5			yes					-1	-1	362	363	364	
362	361	1c9ce7135f920b50	4			yes					-1	-1	-1	-1	
363	361	a8ef988591a903c0	4			yes					-1	-1	-1	-1	
364	361	32a9cf3bd076ff01	4			yes					-1	-1	-1	-1	
365	354	2312421e2189fb9e	3			yes					-1	-1	-1	
366	354	d04ec60ae80742fe	5			yes					-1	-1	-1	-1	-1	
367	366	c56fe7604780f491	4			no					-1	-2	-2	-2	
368	353	aa1b723ed5023e79	4			yes					-1	369	374	375	
369	368	5167995ee1e9db2e	5			yes					370	-1	371	372	373	
370	369	97fded8c1c887d75	4			yes					-1	-1	-1	-1	
371	369	ad86a6a2ff484f3a	4			yes					-1	-1	-1	-1	
372	369	19f5d934317347aa	4			yes					-1	-1	-1	-1	
373	369	83b38e8a70acbb6b	4			yes					-1	-1	-1	-1	
374	368	8a211f02b4387b83	3			yes					-1	-1	-1	
375	368	f431919d50295218	6			yes					376	-1	377	378	-1	379	
376	375	32abe54fad48f443	5			yes					-1	-1	-1	-1	-1	
377	375	391556ce65726e1a	5			yes					-1	-1	-1	-1	-1	
378	375	08d0ae614e88c60c	5			yes					-1	-1	-1	-1	-1	
379	375	1bcd11549140133c	5			yes					-1	-1	-1	-1	-1	
380	353	d08982901cd64c4d	4			yes					-1	-1	381	383	
381	380	f0b3efac7dec09b7	3			yes					-1	382	-1	
382	381	bd70958377f587ad	4			yes					-1	-1	-1	-1	
383	380	88dbbfa92a517517	6			yes					384	385	-1	386	-1	387	
384	383	4e41cb7bd730d34c	5			yes					-1	-1	-1	-1	-1	
385	383	d1fde943b539d270	5			yes					-1	-1	-1	-1	-1	
386	383	743a805534f0e103	5			yes					-1	-1	-1	-1	-1	
387	383	67273f60eb383433	5			yes					-1	-1	-1	-1	-1	
388	353	afe00fd3f0c7d521	4			yes					-1	-1	-1	389	
389	388	f660bd63189a5c8b	3			yes					-1	-1	-1	
390	353	d65ad05f79a01971	4			yes					-1	-1	-1	-1	
391	352	125f8f97ab7e4d49	5			yes					392	412	420	423	424	
392	391	9eadc25a7a3063f6	4			yes					393	405	408	410	
393	392	23bd27f75bcd6b0a	6			yes					-1	394	398	400	402	404	
394	393	779ca05bbf1e50b6	5			yes					-1	395	-1	396	397	
395	394	e5dbbeae05a42815	4			yes					-1	-1	-1	-1	
396	394	c8285fbcacf44e57	4			yes					-1	-1	-1	-1	
397	394	eb5c445fcc02be6a	4			yes					-1	-1	-1	-1	
398	393	b1fa3902e17713a9	5			yes					-1	-1	-1	-1	399	
399	398	2d3add06926bfd75	4			yes					-1	-1	-1	-1	
400	393	1b5fd95fa6232d96	5			yes					-1	-1	-1	-1	401	
401	400	879f3d5bd53fc34a	4			yes					-1	-1	-1	-1	
402	393	9c09d810482775eb	5			yes					-1	-1	-1	-1	403	
403	402	00c93c143b3b9b37	4			yes					-1	-1	-1	-1	
404	393	bf7dc3f328d185d6	5			yes					-1	-1	-1	-1	-1	
405	392	499cf5960b876383	5			yes					-1	-1	-1	406	407	
406	405	a3175d6544b56afd	4			yes					-1	-1	-1	-1	
407	405	96b11a8ad2e15364	4			yes					-1	-1	-1	-1	
408	392	bd4dbc856b1de413	5			yes					-1	-1	-1	-1	409	
409	408	218d588118010acf	4			yes					-1	-1	-1	-1	
410	392	6885d06ccc5f28e7	3			yes					-1	411	-1	
411	410	8fb96dfe95532a3b	4			yes					-1	-1	-1	-1	
412	391	379e9f46ef81e3eb	4			yes					-1	413	417	419	
413	412	f886b427ab5d27e9	5			yes					414	-1	-1	415	416	
414	413	3e1cc0f5563c81b2	4			yes					-1	-1	-1	-1	
415	413	120d1cd4e46f2e97	4			yes					-1	-1	-1	-1	
416	413	27ab5b3b723b170e	4			yes					-1	-1	-1	-1	
417	412	7362038317313280	5			yes					-1	-1	-1	-1	418	
418	417	efa2e787642ddc5c	4			yes					-1	-1	-1	-1	
419	412	c1b68d7059eea8fa	3			yes					-1	-1	-1	
420	391	4d0c6fe8265591df	4			yes					-1	-1	421	422	
421	420	b12a3751861658e8	5			yes					-1	-1	-1	-1	-1	
422	420	bb247dde903adace	3			yes					-1	-1	-1	
423	391	0048af55aef5179a	4			yes					-1	-1	-1	-1	
424	391	e4779da11d110658	4			yes					-1	-1	-1	-1	
425	0	dc4a9f9ee853e2ec	5			yes					-1	-1	-1	-1	426	
426	425	82697dd4bf4746d3	6			yes					427	457	474	485	488	490	
427	426	0e9b30196e09686c	5			yes					428	440	448	454	456	
428	427	2b5a20c82af6c6ce	4			yes					429	431	-1	435	
429	428	29836807adf34f21	5			yes					-1	-1	-1	-1	-1	
430	429	f6ae871b74957fc6	4			no					-1	-1	-1	-2	
431	428	d57f7e510f10799d	6			yes					-1	432	-1	-1	-1	434	
432	431	815ef9fdebc34221	5			yes					-1	-1	-1	-1	-1	
433	432	1d9e1df998dfacfd	4			no					-1	-1	-2	-2	
434	431	49bf9a557c0c9741	5			yes					-1	-1	-1	-1	-1	
435	428	b570c32b5bf584e4	6			yes					-1	436	437	-1	438	439	
436	435	e1514487bf26bf58	5			yes					-1	-1	-1	-1	-1	
437	435	a2f1458cea4ff3d4	5			yes					-1	-1	-1	-1	-1	
438	435	989f962247b9b45f	5			yes					-1	-1	-1	-1	-1	
439	435	85232e8d7e1e54ec	5			yes					-1	-1	-1	-1	-1	
440	427	51c8d066e322b4fa	4			yes					-1	441	-1	443	
441	440	5eb3524fd97665f2	5			yes					-1	-1	-1	-1	-1	
442	441	819ebd5300105515	4			no					-1	-1	-2	-2	
443	440	6cbd47fbf0257454	6			yes					-1	-1	-1	445	-1	446	
444	443	e8c503a15a9c75bf	5			no					-1	-1	-2	-2	-2	
445	443	242f079120bfe8d0	5			yes					-1	-1	-1	-1	-1	
446	443	92d114a9736a5869	5			yes					-1	-1	-1	-1	-1	
447	446	da4354c3a3f0c4ed	4			no					-1	-1	-1	-2	
448	427	5a25e5c15860dbba	4			yes					-1	-1	-1	449	
449	448	82884845200472a4	6			yes					-1	-1	-1	450	-1	453	
450	449	ca1a082ff09eee20	5			yes					-1	-1	-1	-1	-1	
451	450	34765b7d73d1c21d	4			no					-1	-1	-1	-2	
452	449	3d3cb7a233ee6c45	5			no					-1	-1	-1	-2	-2	
453	449	7ce41b17a34b5e99	5			yes					-1	-1	-1	-1	-1	
454	427	f2d000eab539abd4	4			yes					-1	-1	-1	455	
455	454	2e2c2576ffbdc1e2	3			yes					-1	-1	-1	
456	427	d2671585248d025a	4			yes					-1	-1	-1	-1	
457	426	a7a86d05fbb8e871	5			yes					-1	458	465	471	473	
458	457	f8fb8d7a769334e7	4			yes					-1	459	-1	461	
459	458	77b01ea66e1247b0	5			yes					-1	-1	-1	-1	-1	
460	459	a89df1bab7747757	4			no					-1	-1	-1	-2	
461	458	ac6f93db6e12a17a	6			yes					-1	-1	462	-1	463	464	
462	461	748ffec92574156c	5			yes					-1	-1	-1	-1	-1	
463	461	8180c6d2725e91c1	5			yes					-1	-1	-1	-1	-1	
464	461	9c3c7e7d4bf97172	5			yes					-1	-1	-1	-1	-1	
465	457	f316b8ddcdd15ba7	4			yes					-1	-1	-1	466	
466	465	9130128e15cfefa4	6			yes					467	-1	-1	468	-1	469	
467	466	57aa665ce8ae49ff	5			yes					-1	-1	-1	-1	-1	
468	466	d9a252e4c5557320	5			yes					-1	-1	-1	-1	-1	
469	466	6f5c41dc9680c399	5			yes					-1	-1	-1	470	-1	
470	469	27ce01b6461a5f1d	4			yes					-1	-1	-1	-1	
471	457	5be35df620882bc9	4			yes					-1	-1	-1	472	
472	471	871f786a6a0c41ff	3			yes					-1	-1	-1	
473	457	7b544899b13c8247	4			yes					-1	-1	-1	-1	
474	426	dd3a9dab326c9a45	5			yes					-1	-1	475	482	484	
475	474	8984487304052993	4			yes					-1	-1	-1	476	
476	475	9e2461255ce366be	6			yes					-1	478	-1	479	-1	481	
477	476	58be15f7a182c0e5	5			no					-1	-1	-1	-1	-2	
478	476	c70237cfc38bc1d9	5			yes					-1	-1	-1	-1	-1	
479	476	d6b6214f8c79fa3a	5			yes					-1	-1	-1	-1	480	
480	479	28da721d0f36d607	4			yes					-1	-1	-1	-1	
481	476	60483277dfac4a83	5			yes					-1	-1	-1	-1	-1	
482	474	2171ad58e95c59fd	4			yes					-1	-1	-1	483	
483	482	fd8d88c4a3d833cb	3			yes					-1	-1	-1	
484	474	01c6b83778e8f073	4			yes					-1	-1	-1	-1	
485	426	d6d7a80c892ef505	5			yes					-1	-1	-1	486	487	
486	485	2a9c98ff521e36bd	4			yes					-1	-1	-1	-1	
487	485	0a2b8d90c3aa9f33	4			yes					-1	-1	-1	-1	
488	426	7e224d276477856b	5			yes					-1	-1	-1	-1	489	
489	488	a2de68bb2ef3ef5d	4			yes					-1	-1	-1	-1	
490	426	5e955848f5c32ce5	5			yes					-1	-1	-1	-1	-1	
491	0	e680230e83b082c5	5			yes					-1	-1	-1	-1	-1	
