Number of nodes
121
ID	PID	Hash_Value			File_Number	Fully_Enumerated	Children
0	-1	f4d806fef9b283d2	6			yes					1	22	39	55	73	85	
1	0	decf4931874022a4	5			yes					2	6	13	19	21	
2	1	a09ac45afa7eacd5	4			yes					3	4	-1	5	
3	2	4b454d25fa79b92a	4			yes					-1	-1	-1	-1	
4	2	935d8ac23102abdb	3			yes					-1	-1	-1	
5	2	d410f1fc5e9a5754	4			yes					-1	-1	-1	-1	
6	1	c31774ec4ae35bd0	4			yes					-1	7	9	10	
7	6	dfacbf0e542fde56	4			yes					8	-1	-1	-1	
8	7	402493f41857ea21	3			yes					-1	-1	-1	
9	6	26e5d55e6c8d0ebf	4			yes					-1	-1	-1	-1	
10	6	98c370bdfd4ba7a3	5			yes					11	-1	-1	-1	12	
11	10	074b5c47b13393d4	4			yes					-1	-1	-1	-1	
12	10	135ea160040d8359	4			yes					-1	-1	-1	-1	
13	1	c3491446c91cf4c3	4			yes					-1	-1	14	15	
14	13	e624fdb5b6af3455	4			yes					-1	-1	-1	-1	
15	13	2b7755fc6d330377	5			yes					16	-1	-1	-1	18	
16	15	b4ff7906214b3700	4			yes					-1	-1	-1	-1	
17	15	2f8ed83288bde975	4			no					-1	-1	-1	-2	
18	15	a0ea84219475278d	4			yes					-1	-1	-1	-1	
19	1	2a4e4365dfc00c06	4			yes					-1	-1	-1	20	
20	19	7e0bedc1fec12162	3			yes					-1	-1	-1	
21	1	8a8ae795a6410fc0	4			yes					-1	-1	-1	-1	
22	0	d96f383cb8555b1a	5			yes					23	30	32	36	38	
23	22	5190272cadef524c	4			yes					24	25	27	28	
24	23	8facdbfc43a9718b	4			yes					-1	-1	-1	-1	
25	23	930076f3a2f2f342	4			yes					-1	-1	-1	26	
26	25	0034338d9eb83db4	3			yes					-1	-1	-1	
27	23	47c8f2d3ea98dd3d	4			yes					-1	-1	-1	-1	
28	23	f9ee57307b5e7421	5			yes					-1	-1	-1	-1	29	
29	28	727386ed821850db	4			yes					-1	-1	-1	-1	
30	22	35bde6972267dcf7	4			yes					-1	-1	-1	-1	
31	30	66672f3db3f12f88	4			yes					-1	-1	-1	-1	
32	22	c4e9654bf6098d7d	4			yes					-1	-1	33	34	
33	32	4115ac96d1794f1a	4			yes					-1	-1	-1	-1	
34	32	8c4604df0ae57838	5			yes					-1	-1	-1	-1	35	
35	34	07dbd502f3a35cc2	4			yes					-1	-1	-1	-1	
36	22	2dee3268e0d575b8	4			yes					-1	-1	-1	37	
37	36	79ab9cccc1d458dc	3			yes					-1	-1	-1	
38	22	8d2a96989954767e	4			yes					-1	-1	-1	-1	
39	0	02dedfea0d29d969	5			yes					40	46	50	52	54	
40	39	8a21c0fa1893d03f	4			yes					41	-1	43	44	
41	40	7b6151c169e568a3	4			yes					-1	-1	-1	42	
42	41	e85514bf55afa655	3			yes					-1	-1	-1	
43	40	56b5edbd7d3e36ef	4			yes					-1	-1	-1	-1	
44	40	e893485eecf89ff3	5			yes					-1	-1	-1	-1	45	
45	44	630e998315bebb09	4			yes					-1	-1	-1	-1	
46	39	035b3a80e10ce836	4			yes					-1	-1	47	48	
47	46	9085b4e35f380044	4			yes					-1	-1	-1	-1	
48	46	2ea31100cefea958	5			yes					-1	-1	-1	-1	49	
49	48	a53ec0dd37b88da2	4			yes					-1	-1	-1	-1	
50	39	29be5e8a801e3bcf	4			yes					-1	-1	-1	51	
51	50	0c3af9983c329380	4			yes					-1	-1	-1	-1	
52	39	f65fd5be55a9f7cb	4			yes					-1	-1	-1	53	
53	52	a21a7b1a74a8daaf	3			yes					-1	-1	-1	
54	39	569b714e2c28f40d	4			yes					-1	-1	-1	-1	
55	0	29a554b056d44d9f	5			yes					56	63	68	71	72	
56	55	a15a4ba0436e44c9	4			yes					57	59	-1	61	
57	56	bd7ca08ef1c979fb	4			yes					-1	-1	-1	58	
58	57	2e48e5f0cd83b70d	3			yes					-1	-1	-1	
59	56	60a38ff9c224a00d	4			yes					-1	-1	-1	60	
60	59	f397ca87fe6e6efb	3			yes					-1	-1	-1	
61	56	040d250dd527bd89	5			yes					-1	-1	-1	-1	62	
62	61	8f90f4d02c619973	4			yes					-1	-1	-1	-1	
63	55	2820b1dabaf17cc0	4			yes					-1	64	-1	66	
64	63	f130d79cef0fedb5	4			yes					-1	-1	-1	65	
65	64	620492e2d3452343	3			yes					-1	-1	-1	
66	63	8b2b4a76269c9152	5			yes					-1	-1	-1	-1	67	
67	66	00b69babdfdab5a8	4			yes					-1	-1	-1	-1	
68	55	347d696d9b7734eb	4			yes					-1	-1	-1	69	
69	68	2235164837af7870	5			yes					-1	-1	-1	-1	70	
70	69	a9a8c795cee95c8a	4			yes					-1	-1	-1	-1	
71	55	c0e76903153d6c19	4			yes					-1	-1	-1	-1	
72	55	7de0fa1477d560fb	4			yes					-1	-1	-1	-1	
73	0	f4f6ed84529bd867	5			yes					74	78	81	83	84	
74	73	7c09f2944721d131	4			yes					75	76	77	-1	
75	74	33ff829f42bae39a	4			yes					-1	-1	-1	-1	
76	74	d1cefd67436ccc0a	4			yes					-1	-1	-1	-1	
77	74	18ca726532925a19	4			yes					-1	-1	-1	-1	
78	73	f57308eebebee938	4			yes					-1	79	80	-1	
79	78	81252b45eefc871c	4			yes					-1	-1	-1	-1	
80	78	97ec1d1ec12976c2	4			yes					-1	-1	-1	-1	
81	73	e92ed0599f38a113	4			yes					-1	-1	82	-1	
82	81	c4e90d6f451956c7	4			yes					-1	-1	-1	-1	
83	73	e970b0f31cc70e00	4			yes					-1	-1	-1	-1	
84	73	89249ad07a60971a	4			yes					-1	-1	-1	-1	
85	0	4fb8ca49b932de83	5			yes					86	94	102	109	116	
86	85	a365e00898def2f6	5			yes					87	88	90	91	-1	
87	86	d71eb856e58e5bb3	4			yes					-1	-1	-1	-1	
88	86	bebdddd5557d8b82	4			yes					-1	89	-1	-1	
89	88	57ed8a41997d2c61	4			yes					-1	-1	-1	-1	
90	86	bee3bd7fd6822491	4			yes					-1	-1	-1	-1	
91	86	57e4ea5cc05edc54	4			yes					-1	92	93	-1	
92	91	12bb88ab82e8f9bc	4			yes					-1	-1	-1	-1	
93	91	ea2fc9c17dc99cb3	5			yes					-1	-1	-1	-1	-1	
94	85	a4c59105a7cb8b48	5			yes					95	98	99	101	-1	
95	94	2c3a8e15b271821e	4			yes					-1	96	97	-1	
96	95	88a7abfadcea15a9	4			yes					-1	-1	-1	-1	
97	95	7396af2604fd2a3e	4			yes					-1	-1	-1	-1	
98	94	ff6fd4f1955b7f09	4			yes					-1	-1	-1	-1	
99	94	b943cc72e9975d2f	4			yes					-1	-1	-1	-1	
100	99	4d1e98e21a1fe7fc	5			yes					-1	-1	-1	-1	-1	
101	94	50449b51ff4ba5ea	4			yes					-1	-1	-1	-1	
102	85	7f7476d312b7093b	5			yes					103	105	106	107	-1	
103	102	f78b69c3070d006d	4			yes					104	-1	-1	-1	
104	103	60c68cc817fd8e48	4			yes					-1	-1	-1	-1	
105	102	7ef193b9fe923864	4			yes					-1	-1	-1	-1	
106	102	a33079ea0bfdc177	4			yes					-1	-1	-1	-1	
107	102	8bf57c874a372799	4			yes					-1	-1	-1	-1	
108	107	62ebb048935bc1ec	4			no					-1	-2	-2	-1	
109	85	540ffd89494a9dcd	5			yes					110	113	115	-1	-1	
110	109	dcf0e2995cf0949b	4			yes					111	112	-1	-1	
111	110	a6db7d878fd19f10	4			yes					-1	-1	-1	-1	
112	110	7b0452f0bc3c46e6	4			yes					-1	-1	-1	-1	
113	109	558a18e3a56fac92	4			yes					-1	114	-1	-1	
114	113	ea970a9591170b5e	4			yes					-1	-1	-1	-1	
115	109	49d7c05484e9e4b9	4			yes					-1	-1	-1	-1	
116	85	1d8740efbfab19d2	5			yes					117	118	119	120	-1	
117	116	95785fffaa111084	4			yes					-1	-1	-1	-1	
118	116	1c02a585538e288d	4			yes					-1	-1	-1	-1	
119	116	005f7d32720860a6	4			yes					-1	-1	-1	-1	
120	116	00011d98f1f7cfb5	4			yes					-1	-1	-1	-1	
