Number of nodes
286
ID	PID	Hash_Value			File_Number	Fully_Enumerated	Children
0	-1	45bb56998d3f1c7d	6			yes					1	85	149	208	253	285	
1	0	68a40736405e0e8d	5			yes					2	37	46	56	65	
2	1	c880160517255265	5			yes					3	12	25	33	36	
3	2	646f7779cc066fe9	4			yes					4	5	7	8	
4	3	3c8d454cb3aacd42	4			yes					-1	-1	-1	-1	
5	3	6966823837e4d0c8	4			yes					-1	6	-1	-1	
6	5	c613a86aca4a3188	3			yes					-1	-1	-1	
7	3	89628d8d24293ebb	4			yes					-1	-1	-1	-1	
8	3	6a96614017f9876c	3			yes					9	10	11	
9	8	668d3c72c7aca4d9	4			yes					-1	-1	-1	-1	
10	8	0d89ba01806e08fc	4			yes					-1	-1	-1	-1	
11	8	d40d74b53cda6bab	4			yes					-1	-1	-1	-1	
12	2	d900980ee000ef63	4			yes					-1	13	17	21	
13	12	fdcf68d76bf4e056	5			yes					14	15	-1	-1	16	
14	13	b547fc42b2ac0edd	4			yes					-1	-1	-1	-1	
15	13	2a7a20a686bf7500	4			yes					-1	-1	-1	-1	
16	13	ef02e3d03d31f6ed	4			yes					-1	-1	-1	-1	
17	12	e363a6625bbb3cf2	5			yes					18	19	-1	20	-1	
18	17	abeb32f782e3d279	4			yes					-1	-1	-1	-1	
19	17	34d6ee13b6f0a9a4	4			yes					-1	-1	-1	-1	
20	17	b8672efee9fdf95a	4			yes					-1	-1	-1	-1	
21	12	20c4df42930f81ca	5			yes					22	23	-1	-1	24	
22	21	684c4bd74a576f41	4			yes					-1	-1	-1	-1	
23	21	f77197337e44149c	4			yes					-1	-1	-1	-1	
24	21	c46e89c9f54adcd2	4			yes					-1	-1	-1	-1	
25	2	0dfa66fdee13b69d	4			yes					-1	-1	26	30	
26	25	98f710bff25cc57f	5			yes					27	28	-1	-1	29	
27	26	d07f842a2b042bf4	4			yes					-1	-1	-1	-1	
28	26	49be17ed96dfa29e	4			yes					-1	-1	-1	-1	
29	26	e7be4c42ab81bc12	4			yes					-1	-1	-1	-1	
30	25	030370c435ec5e18	3			yes					-1	31	32	
31	30	71b68b40479b1391	5			yes					-1	-1	-1	-1	-1	
32	30	9e0160604f83a20e	5			yes					-1	-1	-1	-1	-1	
33	2	76ec89b60ecf8cf7	4			yes					-1	-1	-1	34	
34	33	78159f8fd5306472	3			yes					-1	35	-1	
35	34	ca2cad0c44dba5f8	5			yes					-1	-1	-1	-1	-1	
36	2	c679003cccdabae0	4			yes					-1	-1	-1	-1	
37	1	b02a1053f8d7c296	4			yes					38	41	43	45	
38	37	1164435c7bf2ae6a	3			yes					-1	-1	39	
39	38	ef1b8ed7fc40145d	5			yes					-1	40	-1	-1	-1	
40	39	050762329a2f70f4	4			yes					-1	-1	-1	-1	
41	37	5070499a080d1e52	3			yes					-1	-1	42	
42	41	21c594a3dcd5f298	5			yes					-1	-1	-1	-1	-1	
43	37	4fed1cffa80058bd	3			yes					-1	-1	44	
44	43	41140ac673ffb038	2			yes					-1	-1	
45	37	bed3066a23282a13	3			yes					-1	-1	-1	
46	1	81f22fe7fab47027	4			yes					47	50	53	55	
47	46	20bc7ce879911cdb	3			yes					48	-1	49	
48	47	352b0fc81a498b39	4			yes					-1	-1	-1	-1	
49	47	4b135cce31f53672	5			yes					-1	-1	-1	-1	-1	
50	46	ae847d9365c70e7a	3			yes					-1	-1	51	
51	50	a07d6baabe38e6ff	2			yes					52	-1	
52	51	ee9420a73bda3b56	4			yes					-1	-1	-1	-1	
53	46	80c11742c7a9fa24	3			yes					-1	-1	54	
54	53	ebcc0b4e1668c069	5			yes					-1	-1	-1	-1	-1	
55	46	8f0b39de214b98a2	3			yes					-1	-1	-1	
56	1	a1d70eec42936521	4			yes					57	60	62	64	
57	56	00995de3c1b609dd	3			yes					58	59	-1	
58	57	985bd9e2d237593f	5			yes					-1	-1	-1	-1	-1	
59	57	c97cd179e246500f	5			yes					-1	-1	-1	-1	-1	
60	56	8ea15c98dde01b7c	3			yes					-1	61	-1	
61	60	8248a06e955b633d	5			yes					-1	-1	-1	-1	-1	
62	56	64ad7e14bba581d9	3			yes					-1	-1	63	
63	62	8dd82c99e9c10174	5			yes					-1	-1	-1	-1	-1	
64	56	4b427183e560f659	3			yes					-1	-1	-1	
65	1	cb3470c2b9eea8a4	5			yes					66	74	80	83	84	
66	65	6a7a23cd3acbc458	4			yes					67	68	70	71	
67	66	72d4d1462262d5fe	5			yes					-1	-1	-1	-1	-1	
68	66	aa86e37c69c7a25e	5			yes					-1	-1	-1	-1	69	
69	68	e11df533dbb7309a	4			yes					-1	-1	-1	-1	
70	66	40e8d89de259357e	4			yes					-1	-1	-1	-1	
71	66	5460bd3f7faf4437	3			yes					72	73	-1	
72	71	a127c29ace69e78e	5			yes					-1	-1	-1	-1	-1	
73	71	c1e9de8ac55900ae	5			yes					-1	-1	-1	-1	-1	
74	65	e44222b6269dd6f9	4			yes					-1	75	76	77	
75	74	8683d694f6662824	5			yes					-1	-1	-1	-1	-1	
76	74	15f9f721e56ab7fc	5			yes					-1	-1	-1	-1	-1	
77	74	da58bc4463f95696	3			yes					-1	78	79	
78	77	fcdbdc5ddbd78f02	5			yes					-1	-1	-1	-1	-1	
79	77	b69f9ed5f5798698	5			yes					-1	-1	-1	-1	-1	
80	65	0e4e003a40d84c5c	4			yes					-1	-1	81	82	
81	80	255decbd2beda89d	5			yes					-1	-1	-1	-1	-1	
82	80	30549ec805bccc33	3			yes					-1	-1	-1	
83	65	7558ef71a0047636	4			yes					-1	-1	-1	-1	
84	65	f52eee30fc8a28cb	4			yes					-1	-1	-1	-1	
85	0	bd3a0dbe20902810	5			yes					-1	86	114	122	131	
86	85	ce881b816706bb34	5			yes					87	102	106	111	113	
87	86	ba166261f3a8e675	4			yes					88	89	93	96	
88	87	8e6795ff5dd8ab1b	4			yes					-1	-1	-1	-1	
89	87	99e2a31bc5e1ddd3	5			yes					-1	90	91	-1	92	
90	89	1e2402e46cac52f1	4			yes					-1	-1	-1	-1	
91	89	af82bed5e7254944	4			yes					-1	-1	-1	-1	
92	89	e2ca5aeabc0ff9b4	4			yes					-1	-1	-1	-1	
93	87	004ca586432f01d8	5			yes					-1	94	-1	-1	95	
94	93	878a0479ea628efa	4			yes					-1	-1	-1	-1	
95	93	7f05f97b1af278b5	4			yes					-1	-1	-1	-1	
96	87	b4ef745828570ef0	3			yes					97	98	101	
97	96	ed8afc611e728e10	4			yes					-1	-1	-1	-1	
98	96	ccaf61b7d4cf7f1c	5			yes					-1	99	100	-1	-1	
99	98	4b69c0487d82f03e	4			yes					-1	-1	-1	-1	
100	98	facf7c79f60beb8b	4			yes					-1	-1	-1	-1	
101	96	06bad559fef066a9	5			yes					-1	-1	-1	-1	-1	
102	86	01718092af8d8fae	4			yes					-1	103	-1	104	
103	102	3b3223b6d5c434a0	5			yes					-1	-1	-1	-1	-1	
104	102	0f8896ab7472672b	3			yes					-1	105	-1	
105	104	cc8e1534a427059c	5			yes					-1	-1	-1	-1	-1	
106	86	0bf26b799e305fcc	4			yes					-1	-1	107	109	
107	106	ea8259a5ffc67c76	5			yes					-1	-1	-1	-1	108	
108	107	95cb0558a61b051b	4			yes					-1	-1	-1	-1	
109	106	050b7d4045cfb749	3			yes					-1	-1	110	
110	109	ec74297a42191b07	5			yes					-1	-1	-1	-1	-1	
111	86	70e484327eec65a6	4			yes					-1	-1	-1	112	
112	111	7e1d920ba5138d23	3			yes					-1	-1	-1	
113	86	c0710db8bcf953b1	4			yes					-1	-1	-1	-1	
114	85	91c4773ccfcce3ea	4			yes					115	118	120	121	
115	114	e55a0edc5b62beab	3			yes					116	-1	117	
116	115	ac96b6be23254bb1	4			yes					-1	-1	-1	-1	
117	115	1e35fffe8560644b	2			yes					-1	-1	
118	114	1675c01b957b3602	3			yes					-1	-1	119	
119	118	3df9480d2c12d9c8	6			yes					-1	-1	-1	-1	-1	-1	
120	114	08403fe5101b5249	3			yes					-1	-1	-1	
121	114	6aab861e11ce390a	3			yes					-1	-1	-1	
122	85	4c1f9bbe13f1ce27	4			yes					123	127	129	130	
123	122	3881e25e875f9366	3			yes					124	125	126	
124	123	47e3beb0b73cce78	5			yes					-1	-1	-1	-1	-1	
125	123	94f60aa470aa12ad	5			yes					-1	-1	-1	-1	-1	
126	123	b581063a253eb662	5			yes					-1	-1	-1	-1	-1	
127	122	cbae2c9949461bcf	3			yes					-1	128	-1	
128	127	2375ca6b5a17c65c	5			yes					-1	-1	-1	-1	-1	
129	122	19bab1a869ea1bd1	3			yes					-1	-1	-1	
130	122	a68ae4d1b4025d5f	3			yes					-1	-1	-1	
131	85	26fce590e88c03a2	5			yes					132	139	143	147	148	
132	131	52629c707c225ee3	4			yes					133	134	135	136	
133	132	7d92f5db903471b5	5			yes					-1	-1	-1	-1	-1	
134	132	7400636feeea8e4a	5			yes					-1	-1	-1	-1	-1	
135	132	1d04c61ee7121f8b	5			yes					-1	-1	-1	-1	-1	
136	132	6c7802823946de8c	3			yes					137	138	-1	
137	136	ae61e6077c3f43c5	5			yes					-1	-1	-1	-1	-1	
138	136	2fabe7afab9d58a8	5			yes					-1	-1	-1	-1	-1	
139	131	a14d52b7b23bd64a	4			yes					-1	140	141	142	
140	139	a7e128c208b9a76c	5			yes					-1	-1	-1	-1	-1	
141	139	aed5fb5ac754d2b2	4			yes					-1	-1	-1	-1	
142	139	9f57cc45f75f5625	3			yes					-1	-1	-1	
143	131	7359cf869297d654	4			yes					-1	-1	144	145	
144	143	b9ed0166c6508a73	5			yes					-1	-1	-1	-1	-1	
145	143	4d435174d7f3563b	3			yes					-1	-1	146	
146	145	1168c142047c239a	5			yes					-1	-1	-1	-1	-1	
147	131	98907a23f166dd30	4			yes					-1	-1	-1	-1	
148	131	18e67b62ade883cd	4			yes					-1	-1	-1	-1	
149	0	c4deffe628917e31	5			yes					-1	-1	150	176	185	
150	149	65fd3b96b53d77c0	5			yes					151	164	171	173	175	
151	150	1163427621932a81	4			yes					152	155	156	158	
152	151	5d33ddc241a7e277	5			yes					-1	153	154	-1	-1	
153	152	6e95921ac23ad5ee	4			yes					-1	-1	-1	-1	
154	152	304c870122e7d90d	4			yes					-1	-1	-1	-1	
155	151	e83095c19e896e81	5			yes					-1	-1	-1	-1	-1	
156	151	5f01350f1802a106	5			yes					-1	-1	-1	-1	157	
157	156	ec869b36dca99f97	4			yes					-1	-1	-1	-1	
158	151	1f9a544ffa6cc204	3			yes					159	162	163	
159	158	a37f4e535730b68c	5			yes					-1	160	161	-1	-1	
160	159	90d9018bd4ad8115	4			yes					-1	-1	-1	-1	
161	159	ce00149034708df6	4			yes					-1	-1	-1	-1	
162	158	167c0650881e3a7a	5			yes					-1	-1	-1	-1	-1	
163	158	d85bc4dc386a1940	5			yes					-1	-1	-1	-1	-1	
164	150	9927f03d48c310db	4			yes					-1	165	166	168	
165	164	a1e919e87626c11e	5			yes					-1	-1	-1	-1	-1	
166	164	972ccff7562ed214	5			yes					-1	-1	-1	-1	167	
167	166	24ab61ce9285ec85	4			yes					-1	-1	-1	-1	
168	164	97dee604933cf85e	3			yes					-1	169	170	
169	168	5fa58a7960b195e5	5			yes					-1	-1	-1	-1	-1	
170	168	10763e2476466a52	5			yes					-1	-1	-1	-1	-1	
171	150	9573468607d2534b	4			yes					-1	-1	-1	172	
172	171	9b8a50bfdc2dbbce	3			yes					-1	-1	-1	
173	150	7633d9620040f654	4			yes					-1	-1	-1	174	
174	173	48228bdaf0d5b600	5			yes					-1	-1	-1	-1	-1	
175	150	6b042daf6ec29f45	4			yes					-1	-1	-1	-1	
176	149	468ee6c383f11fd5	4			yes					177	181	183	184	
177	176	32109f23175f4294	3			yes					178	180	-1	
178	177	a4b410ad89a10029	5			yes					-1	-1	-1	-1	179	
179	178	14d300c9e3094b07	4			yes					-1	-1	-1	-1	
180	177	3a6e5a6875c3f249	5			yes					-1	-1	-1	-1	-1	
181	176	ba542d687e0f78ce	3			yes					-1	182	-1	
182	181	f2dbca8bc759006b	5			yes					-1	-1	-1	-1	-1	
183	176	c1d3f09ad52695cc	3			yes					-1	-1	-1	
184	176	0f19a4123f87b043	3			yes					-1	-1	-1	
185	149	68dd83528c04f384	5			yes					186	196	203	206	207	
186	185	1c43fab218aaaec5	4			yes					187	190	191	192	
187	186	3908073ccdc01749	5			yes					-1	188	189	-1	-1	
188	187	0aae48e44e5d20d0	4			yes					-1	-1	-1	-1	
189	187	1df3074cd87bbf86	4			yes					-1	-1	-1	-1	
190	186	e6c91dea94a25369	5			yes					-1	-1	-1	-1	-1	
191	186	7efbd6f2bb542124	5			yes					-1	-1	-1	-1	-1	
192	186	225964405dce2eaa	3			yes					193	194	195	
193	192	eafb14e021cb2539	5			yes					-1	-1	-1	-1	-1	
194	192	353a0e3678a96119	5			yes					-1	-1	-1	-1	-1	
195	192	e5a8f0c8b61ac953	5			yes					-1	-1	-1	-1	-1	
196	185	940748f971fa949f	4			yes					-1	197	199	200	
197	196	26647d33b2c3de30	5			yes					-1	-1	-1	-1	198	
198	197	6dff6b7c00b34cf4	4			yes					-1	-1	-1	-1	
199	196	b6d62c0af5785236	5			yes					-1	-1	-1	-1	-1	
200	196	aa1dd60b349e14f0	3			yes					-1	201	202	
201	200	4d0b40c51e5d7cc0	5			yes					-1	-1	-1	-1	-1	
202	200	2d850a30f836ba41	5			yes					-1	-1	-1	-1	-1	
203	185	ef80950bdad3799d	4			yes					-1	-1	204	205	
204	203	66aab6d518d29786	4			yes					-1	-1	-1	-1	
205	203	d19a0bf99fb7f9f2	3			yes					-1	-1	-1	
206	185	31033ae07ae3302c	4			yes					-1	-1	-1	-1	
207	185	56c71da0c96073eb	4			yes					-1	-1	-1	-1	
208	0	249925a9a1b63a3d	5			yes					-1	-1	-1	209	229	
209	208	a0eba9e42d0abe77	5			yes					210	218	223	226	228	
210	209	d475d004b9a4e336	4			yes					211	213	216	217	
211	210	f04f389827df9148	5			yes					-1	-1	-1	-1	212	
212	211	402828fc4d77da66	4			yes					-1	-1	-1	-1	
213	210	7124d3fdf7dc73d4	6			yes					-1	-1	-1	-1	214	215	
214	213	de5b971730c4c864	5			yes					-1	-1	-1	-1	-1	
215	213	a66ccec698d172dc	5			yes					-1	-1	-1	-1	-1	
216	210	c28912d230f5706d	5			yes					-1	-1	-1	-1	-1	
217	210	a9ab9e0daf2a5e31	5			yes					-1	-1	-1	-1	-1	
218	209	5c31624fd0f4d96c	4			yes					-1	219	221	222	
219	218	140ff11be64182a0	5			yes					-1	-1	-1	-1	220	
220	219	a468e17f8ce9c98e	4			yes					-1	-1	-1	-1	
221	218	bbf9e1d588f88569	5			yes					-1	-1	-1	-1	-1	
222	218	0b46fa00be6f0013	5			yes					-1	-1	-1	-1	-1	
223	209	19b4b3032e4309b6	4			yes					-1	-1	224	225	
224	223	90744f44ba6a3f19	5			yes					-1	-1	-1	-1	-1	
225	223	8f64554d0be46989	5			yes					-1	-1	-1	-1	-1	
226	209	5cbdfa0dc6d6f563	4			yes					-1	-1	-1	227	
227	226	311ba8ac6a198d9b	3			yes					-1	-1	-1	
228	209	cd4dfb4581c5c68f	4			yes					-1	-1	-1	-1	
229	208	0e320efb126087f7	5			yes					230	241	248	251	252	
230	229	7aac771b86cedab6	4			yes					231	234	237	238	
231	230	6df32f0963be8628	5			yes					-1	232	233	-1	-1	
232	231	432a125738a6b365	4			yes					-1	-1	-1	-1	
233	231	008c75ca00febd52	4			yes					-1	-1	-1	-1	
234	230	19623ad4317b2bc3	5			yes					-1	235	236	-1	-1	
235	234	a3344ef98fe2fe8f	4			yes					-1	-1	-1	-1	
236	234	c9cdd4b60e55c529	4			yes					-1	-1	-1	-1	
237	230	ab69cf443a2ceb63	4			yes					-1	-1	-1	-1	
238	230	44b6e9e9c3aa5ad9	3			yes					239	240	-1	
239	238	be003cd58fb5b458	5			yes					-1	-1	-1	-1	-1	
240	238	96bba8c44c47a479	5			yes					-1	-1	-1	-1	-1	
241	229	f2e8c550ef9ee0ec	4			yes					-1	242	245	246	
242	241	89b3e68aa22095c0	5			yes					243	-1	244	-1	-1	
243	242	72e12c0e00fa9cd6	4			yes					-1	-1	-1	-1	
244	242	db18871acbfd5f60	4			yes					-1	-1	-1	-1	
245	241	883f189f67dd5008	5			yes					-1	-1	-1	-1	-1	
246	241	ccf25ba2aafa6083	3			yes					-1	247	-1	
247	246	5a40f5564e2ba7b0	5			yes					-1	-1	-1	-1	-1	
248	229	b76d141c11293036	4			yes					-1	-1	249	250	
249	248	f99492d2b0b3a417	4			yes					-1	-1	-1	-1	
250	248	89778aee544db059	3			yes					-1	-1	-1	
251	229	0f01365e2f7d0df4	4			yes					-1	-1	-1	-1	
252	229	3028900957040798	4			yes					-1	-1	-1	-1	
253	0	2a761d590406562b	5			yes					-1	-1	-1	-1	254	
254	253	35d9d0c7e9e96291	4			yes					255	261	267	274	
255	254	360b9450561c7e27	4			yes					256	258	260	-1	
256	255	9745c75fd53912db	3			yes					-1	257	-1	
257	256	55afda0d3f3bc3c3	5			yes					-1	-1	-1	-1	-1	
258	255	197dc624c96f007a	3			yes					-1	259	-1	
259	258	af9b98c8722c68ce	5			yes					-1	-1	-1	-1	-1	
260	255	f371e4a8af2a9adf	3			yes					-1	-1	-1	
261	254	dbc30102077ed521	4			yes					262	265	266	-1	
262	261	af5d78e293d08860	3			yes					263	264	-1	
263	262	db30b5c46a415db4	5			yes					-1	-1	-1	-1	-1	
264	262	b925320297dd195e	5			yes					-1	-1	-1	-1	-1	
265	261	5c72b6255dc900c9	3			yes					-1	-1	-1	
266	261	8e662b147d6500d7	3			yes					-1	-1	-1	
267	254	324c59b1c9accb97	4			yes					268	271	273	-1	
268	267	46d220515d0296d6	3			yes					269	270	-1	
269	268	8967280b6ed60bda	5			yes					-1	-1	-1	-1	-1	
270	268	a6bd511ca8be6185	5			yes					-1	-1	-1	-1	-1	
271	267	ce96921a3452ac8c	3			yes					-1	272	-1	
272	271	6e08c1ff1a2493a7	5			yes					-1	-1	-1	-1	-1	
273	267	b5114fe89f7b418e	3			yes					-1	-1	-1	
274	254	a41577dc1770d31a	5			yes					275	279	282	284	-1	
275	274	d08b0e3c83de8e5b	4			yes					276	277	278	-1	
276	275	dd9c003ec0a89abb	5			yes					-1	-1	-1	-1	-1	
277	275	edf7d8892aa1e018	6			yes					-1	-1	-1	-1	-1	-1	
278	275	ef5a2a74d7827b9e	5			yes					-1	-1	-1	-1	-1	
279	274	58cfbc77ea8eb401	4			yes					-1	280	281	-1	
280	279	39dcc9bd01368953	5			yes					-1	-1	-1	-1	-1	
281	279	962ad9736f8f8e9a	5			yes					-1	-1	-1	-1	-1	
282	274	1d4a6d3b143964db	4			yes					-1	-1	283	-1	
283	282	bda777e25d1d34ea	5			yes					-1	-1	-1	-1	-1	
284	274	58432435fcac980e	4			yes					-1	-1	-1	-1	
285	0	5a149b0760d028c7	5			yes					-1	-1	-1	-1	-1	
