Number of nodes
182
ID	PID	Hash_Value			File_Number	Fully_Enumerated	Children
0	-1	a5a462e401ff19ea	6			yes					1	29	49	73	95	139	
1	0	92de859a081a7786	5			yes					2	8	20	25	28	
2	1	0cf0d3f27cb6a5ec	4			yes					3	4	-1	5	
3	2	7f01252cc6759baa	4			yes					-1	-1	-1	-1	
4	2	b4f20e3f5f08645b	4			yes					-1	-1	-1	-1	
5	2	43db1af13263c6d3	3			yes					6	7	-1	
6	5	177da722fdb76430	4			yes					-1	-1	-1	-1	
7	5	46c629adc63ff715	4			yes					-1	-1	-1	-1	
8	1	bbc6675580428246	4			yes					-1	9	13	16	
9	8	738924a7a355fa69	5			yes					10	-1	-1	-1	12	
10	9	cf65f74fae3f447f	4			yes					-1	-1	-1	11	
11	10	df4c466d34d169af	3			yes					-1	-1	-1	
12	9	63a0958539bbd7b9	4			yes					-1	-1	-1	-1	
13	8	146cd15da08b68bc	5			yes					14	-1	-1	-1	15	
14	13	a88002b5ade1d6aa	4			yes					-1	-1	-1	-1	
15	13	0445607f3a65456c	4			yes					-1	-1	-1	-1	
16	8	f4edae56ce97e179	3			yes					-1	17	19	
17	16	13dd11e5723df648	5			yes					18	-1	-1	-1	-1	
18	17	af31c20d7f57485e	4			yes					-1	-1	-1	-1	
19	16	7d73296125371de3	4			yes					-1	-1	-1	-1	
20	1	2f91d98c38206551	4			yes					-1	-1	21	23	
21	20	493dcdc48e3aeb0c	5			yes					22	-1	-1	-1	-1	
22	21	f5d11e2c8350551a	4			yes					-1	-1	-1	-1	
23	20	60ba108f76f5066e	3			yes					-1	-1	24	
24	23	fb7cafa52e72065e	5			yes					-1	-1	-1	-1	-1	
25	1	455221b2821b5642	4			yes					-1	-1	-1	27	
26	25	44fdd9981ffac587	4			no					-1	-2	-2	-2	
27	25	0a79e8b1ccce357d	3			yes					-1	-1	-1	
28	1	ddf54c9946cf14b9	4			yes					-1	-1	-1	-1	
29	0	8a537328418fd608	5			yes					30	38	42	46	48	
30	29	b69fd7c6fccb1603	4			yes					31	32	33	34	
31	30	8e12717580dc8ae5	4			yes					-1	-1	-1	-1	
32	30	5c26c47bd581d12e	4			yes					-1	-1	-1	-1	
33	30	ac2913dc957370f2	4			yes					-1	-1	-1	-1	
34	30	f9b41ec5b21e753c	3			yes					35	36	37	
35	34	ee46443751b486c4	4			yes					-1	-1	-1	-1	
36	34	ae12e3e94cb64260	4			yes					-1	-1	-1	-1	
37	34	803c070e2fbe6315	4			yes					-1	-1	-1	-1	
38	29	192495d349aa9027	4			yes					-1	39	-1	40	
39	38	74adc8d8079df04a	4			yes					-1	-1	-1	-1	
40	38	560f5cd0077ff318	3			yes					-1	41	-1	
41	40	8699ef4a9eaa6304	4			yes					-1	-1	-1	-1	
42	29	371c2f3e71b5c4df	4			yes					-1	-1	43	44	
43	42	987695ba1a4ba23d	5			yes					-1	-1	-1	-1	-1	
44	42	7837e63d3f60a7e0	3			yes					-1	-1	45	
45	44	2a37f7dbba034f6f	5			yes					-1	-1	-1	-1	-1	
46	29	5ddfd700cb8ef7cc	4			yes					-1	-1	-1	47	
47	46	12f41e03855b94f3	3			yes					-1	-1	-1	
48	29	c578ba2b0f5ab537	4			yes					-1	-1	-1	-1	
49	0	7554e295583cc356	5			yes					50	61	67	70	72	
50	49	4998467be578035d	4			yes					51	55	56	57	
51	50	e00d29754b8f91e3	5			yes					-1	52	53	-1	54	
52	51	9bb84bfd1df7b824	4			yes					-1	-1	-1	-1	
53	51	549721fc92e0991e	4			yes					-1	-1	-1	-1	
54	51	f0249857d161bc33	4			yes					-1	-1	-1	-1	
55	50	fc27c1a8a81177f2	4			yes					-1	-1	-1	-1	
56	50	7a22e5e79c274628	4			yes					-1	-1	-1	-1	
57	50	06b38f78abad6062	3			yes					58	59	60	
58	57	80591c379ae79dc2	5			yes					-1	-1	-1	-1	-1	
59	57	477b28e83796f4dc	4			yes					-1	-1	-1	-1	
60	57	5637f13526ea55cf	4			yes					-1	-1	-1	-1	
61	49	ab4825dcb381581f	4			yes					-1	62	63	64	
62	61	b9f6d1a8013b4b19	4			yes					-1	-1	-1	-1	
63	61	8fa2ad714b7fe50f	4			yes					-1	-1	-1	-1	
64	61	e463ecdffd543b20	3			yes					-1	65	66	
65	64	6ae6c0895d0d0cc2	4			yes					-1	-1	-1	-1	
66	64	f3342992ed2f5d59	4			yes					-1	-1	-1	-1	
67	49	7a770e8c922d19b9	4			yes					-1	-1	-1	69	
68	67	fddc794f184d645c	4			no					-1	-2	-1	-1	
69	67	355cc78fdcf87a86	3			yes					-1	-1	-1	
70	49	a2d846bdd23de292	4			yes					-1	-1	-1	71	
71	70	edf38fbe9ce881ad	3			yes					-1	-1	-1	
72	49	3a7f2b9616e9a069	4			yes					-1	-1	-1	-1	
73	0	5716fb172cad6375	5			yes					74	83	90	92	94	
74	73	6bda5ff991e9a37e	4			yes					75	78	-1	79	
75	74	30ade102460c4f09	5			yes					-1	76	77	-1	-1	
76	75	d984b0ce7494954c	4			yes					-1	-1	-1	-1	
77	75	6a1aacf07c24fb46	4			yes					-1	-1	-1	-1	
78	74	01990b12c35b085b	4			yes					-1	-1	-1	-1	
79	74	24f196fadf3cc041	3			yes					80	82	-1	
80	79	f2ab9659f5b156e1	5			yes					-1	-1	81	-1	-1	
81	80	a81cdbabcf99e2ae	4			yes					-1	-1	-1	-1	
82	79	c39f7c4970e611b3	4			yes					-1	-1	-1	-1	
83	73	890a3c5ec710f83c	4			yes					-1	84	-1	87	
84	83	f0f227e51e99db18	5			yes					85	-1	86	-1	-1	
85	84	d58e24f69d9c13f4	4			yes					-1	-1	-1	-1	
86	84	aa456a1724b16f57	4			yes					-1	-1	-1	-1	
87	83	c621f55d89c59b03	3			yes					-1	88	-1	
88	87	32f450bead24c2f0	5			yes					-1	-1	89	-1	-1	
89	88	68431d4c970c76bf	4			yes					-1	-1	-1	-1	
90	73	7e0e19d8a4f596b5	4			yes					-1	-1	-1	91	
91	90	3125d0dbea20f58a	3			yes					-1	-1	-1	
92	73	84e3486b9074cdbd	4			yes					-1	-1	-1	93	
93	92	e7c17f6aba55610e	5			yes					-1	-1	-1	-1	-1	
94	73	183d32146278004a	4			yes					-1	-1	-1	-1	
95	0	83750f08f5a098f3	5			yes					96	101	107	112	127	
96	95	ebace56305cf2583	4			yes					97	98	100	-1	
97	96	d1fe0f8771dc0029	5			yes					-1	-1	-1	-1	-1	
98	96	c2b407ac8d97d043	3			yes					-1	99	-1	
99	98	d0e63111fde69821	5			yes					-1	-1	-1	-1	-1	
100	96	56e3b97535f53754	3			yes					-1	-1	-1	
101	95	f32113d14c5a840d	4			yes					102	105	106	-1	
102	101	cfedb73ff11e4406	3			yes					-1	103	-1	
103	102	b3b6795af0f7dd6f	5			yes					-1	-1	-1	-1	104	
104	103	553e8540018e483a	4			yes					-1	-1	-1	-1	
105	101	11a1c96029499438	5			yes					-1	-1	-1	-1	-1	
106	101	4e6e4fc77c6096da	3			yes					-1	-1	-1	
107	95	0c26826c55e99153	4			yes					108	110	111	-1	
108	107	30ea2682e8ad5158	3			yes					109	-1	-1	
109	108	43623cc3153cf3ab	5			yes					-1	-1	-1	-1	-1	
110	107	d23a4525be540a1a	3			yes					-1	-1	-1	
111	107	68dfaf50766ba1f2	5			yes					-1	-1	-1	-1	-1	
112	95	5945665184f1d08d	5			yes					113	119	122	124	125	
113	112	6589c2bf39b51086	4			yes					114	116	-1	-1	
114	113	e0f36a83a00536d3	6			yes					-1	-1	-1	-1	-1	115	
115	114	067b9699517ca386	5			yes					-1	-1	-1	-1	-1	
116	113	d1c7809325527181	5			yes					-1	-1	-1	-1	117	
117	116	374f7c89d42be4d4	4			yes					-1	-1	-1	-1	
118	113	f8d0a02924537a0a	5			no					-1	-2	-2	-2	-2	
119	112	8759a1186f4c4bc4	4			yes					-1	120	-1	-1	
120	119	20acac64f890a2c2	6			yes					-1	-1	-1	-1	-1	121	
121	120	c624507e09e93797	5			yes					-1	-1	-1	-1	-1	
122	112	705d849e0ca9254d	4			yes					-1	-1	-1	-1	
123	122	f5ee157309047740	5			no					-1	-2	-1	-1	-1	
124	112	9c190cf5991817ca	4			yes					-1	-1	-1	-1	
125	112	0e94ebccc34869c5	4			yes					-1	126	-1	-1	
126	125	36876aca6c246077	5			yes					-1	-1	-1	-1	-1	
127	95	8f9a95cdc1047466	5			yes					128	132	135	137	138	
128	127	b35631237c40b46d	4			yes					129	130	131	-1	
129	128	5a903d21e2735d05	5			yes					-1	-1	-1	-1	-1	
130	128	fac897aa9bde7c10	5			yes					-1	-1	-1	-1	-1	
131	128	c1d9ebe9a667cd97	5			yes					-1	-1	-1	-1	-1	
132	127	518652842ab9ef2f	4			yes					-1	133	134	-1	
133	132	9acffbc6bae6c914	5			yes					-1	-1	-1	-1	-1	
134	132	8c3ab21f55377874	5			yes					-1	-1	-1	-1	-1	
135	127	a6827702495c81a6	4			yes					-1	-1	136	-1	
136	135	e3b19df6e5c4fcde	5			yes					-1	-1	-1	-1	-1	
137	127	32d5c9dbf13e66b1	4			yes					-1	-1	-1	-1	
138	127	7687dd7eee9bbc55	4			yes					-1	-1	-1	-1	
139	0	5e7964a22051524e	5			yes					140	151	161	171	-1	
140	139	623247fbc3f58445	5			yes					141	144	148	150	-1	
141	140	fc1c1193b759562f	4			yes					142	143	-1	-1	
142	141	8aecef3f271742ce	4			yes					-1	-1	-1	-1	
143	141	98d55b076fefb5df	4			yes					-1	-1	-1	-1	
144	140	4b2aa5344bad7185	4			yes					-1	145	147	-1	
145	144	3be7467433ed3dc2	5			yes					146	-1	-1	-1	-1	
146	145	870b959c3e8783d4	4			yes					-1	-1	-1	-1	
147	144	53e32d4e81954cb0	4			yes					-1	-1	-1	-1	
148	140	df7d1bedf3cf9692	4			yes					-1	-1	149	-1	
149	148	2696ada3e707772c	5			yes					-1	-1	-1	-1	-1	
150	140	b5bee3d349f4a581	4			yes					-1	-1	-1	-1	
151	139	7abfb1498a6025cb	5			yes					152	156	158	160	-1	
152	151	467315a73724e5c0	4			yes					153	154	155	-1	
153	152	c67c13a610644d4e	4			yes					-1	-1	-1	-1	
154	152	70019143e56600aa	4			yes					-1	-1	-1	-1	
155	152	52256807bd3a93e9	4			yes					-1	-1	-1	-1	
156	151	e9c857b2824563e4	4			yes					-1	157	-1	-1	
157	156	588a9de0377a21ce	4			yes					-1	-1	-1	-1	
158	151	c7f0ed5fba5a371c	4			yes					-1	-1	159	-1	
159	158	f7ddf5dd73763e1d	5			yes					-1	-1	-1	-1	-1	
160	151	ad3315610061040f	4			yes					-1	-1	-1	-1	
161	139	85b820f493d33095	5			yes					162	166	169	170	-1	
162	161	b974841a2e97f09e	4			yes					163	164	165	-1	
163	162	a8634ba6db375648	5			yes					-1	-1	-1	-1	-1	
164	162	a92882467f622818	4			yes					-1	-1	-1	-1	
165	162	842e9e3cb46ea533	4			yes					-1	-1	-1	-1	
166	161	5ba4e7bd786eabdc	4			yes					-1	167	168	-1	
167	166	e8de3bed7a796929	4			yes					-1	-1	-1	-1	
168	166	5d2d66c8c02a8347	4			yes					-1	-1	-1	-1	
169	161	8a9bcced59c2ea7a	4			yes					-1	-1	-1	-1	
170	161	523484dc19d21151	4			yes					-1	-1	-1	-1	
171	139	a7fa3976e74290b6	5			yes					172	176	180	181	-1	
172	171	9b369d985a0650bd	4			yes					173	175	-1	-1	
173	172	2d11490054ed3d15	5			yes					-1	-1	174	-1	-1	
174	173	77a604f26ec5895a	4			yes					-1	-1	-1	-1	
175	172	1c25a310d1ba7a47	4			yes					-1	-1	-1	-1	
176	171	79e6fe3f0cff0bff	4			yes					-1	177	-1	-1	
177	176	ed4e8fe70c78a904	5			yes					178	-1	179	-1	-1	
178	177	c8328cf48f7d61e8	4			yes					-1	-1	-1	-1	
179	177	b7f9c21536501d4b	4			yes					-1	-1	-1	-1	
180	171	8ee2dbb96f1a6576	4			yes					-1	-1	-1	-1	
181	171	740f8a0a5b9b3e7e	4			yes					-1	-1	-1	-1	
