Number of nodes
107
ID	PID	Hash_Value			File_Number	Fully_Enumerated	Children
0	-1	b08753780c5103d5	5			yes					1	23	48	71	95	
1	0	934208a90435eb85	5			yes					2	6	13	18	22	
2	1	49bcf32501701358	4			yes					3	4	-1	5	
3	2	b7602b7e2a2c82fc	4			yes					-1	-1	-1	-1	
4	2	a0072b79b3823afa	3			yes					-1	-1	-1	
5	2	5a4dd7f0fb6f391b	4			yes					-1	-1	-1	-1	
6	1	2f4f32436996b1c4	4			yes					-1	7	9	10	
7	6	042565ee482946a9	4			yes					8	-1	-1	-1	
8	7	48094bf822749902	3			yes					-1	-1	-1	
9	6	4007b1284a721153	4			yes					-1	-1	-1	-1	
10	6	6087f314e91f4a56	5			yes					11	-1	-1	-1	12	
11	10	2cabdd02834295fd	4			yes					-1	-1	-1	-1	
12	10	60ff34a08926bb8c	4			yes					-1	-1	-1	-1	
13	1	edcb6ebd7407247f	4			yes					-1	-1	14	15	
14	13	e4f95810977c11fe	4			yes					-1	-1	-1	-1	
15	13	3df5c24bcec253da	5			yes					-1	16	-1	-1	17	
16	15	ba1719712da60b25	4			yes					-1	-1	-1	-1	
17	15	3d8d05ffaefba200	4			yes					-1	-1	-1	-1	
18	1	126d94c7382c3ca3	4			yes					-1	-1	-1	19	
19	18	187aa77218d46d66	3			yes					-1	20	21	
20	19	cdc9e130dfa9c36b	4			yes					-1	-1	-1	-1	
21	19	1f60240dfaf0aaee	5			yes					-1	-1	-1	-1	-1	
22	1	99553b1c24cdba40	4			yes					-1	-1	-1	-1	
23	0	58dfd2b6a752d3ff	5			yes					24	33	36	43	47	
24	23	a7922a4e5564d0d8	4			yes					25	26	28	29	
25	24	913cb337f2c4340d	4			yes					-1	-1	-1	-1	
26	24	a35d48a75288a52a	4			yes					-1	-1	-1	27	
27	26	b2321a77238219fd	3			yes					-1	-1	-1	
28	24	b49a942c7e6770bc	4			yes					-1	-1	-1	-1	
29	24	941ad610dd0a2bb9	5			yes					-1	30	-1	-1	32	
30	29	3b38fd2fa6528707	4			yes					-1	-1	-1	-1	
31	29	f5ca4dfb372bb1d9	4			no					-1	-1	-1	-2	
32	29	946211a4bd33da63	4			yes					-1	-1	-1	-1	
33	23	0afc31379ee54a3e	4			yes					-1	34	-1	35	
34	33	09452e3b0d82444f	4			yes					-1	-1	-1	-1	
35	33	0710d9d123360c83	4			yes					-1	-1	-1	-1	
36	23	2656b4a2d7601c05	4			yes					-1	-1	37	38	
37	36	60cd505f8860f158	4			yes					-1	-1	-1	-1	
38	36	b9c1ca04d1deb37c	5			yes					39	40	41	-1	42	
39	38	04f22a8dfd32a54e	4			yes					-1	-1	-1	-1	
40	38	4b08d7ee6b17c2bc	4			yes					-1	-1	-1	-1	
41	38	16e3e13baa861fc2	4			yes					-1	-1	-1	-1	
42	38	b9b90db0b1e742a6	4			yes					-1	-1	-1	-1	
43	23	d9f04ed89b4b04d9	4			yes					-1	-1	-1	44	
44	43	d3e77d6dbbb3551c	3			yes					45	-1	46	
45	44	3954c434ebbca284	4			yes					-1	-1	-1	-1	
46	44	9b542c42e5ec4a48	5			yes					-1	-1	-1	-1	-1	
47	23	52c8e10387aa823a	4			yes					-1	-1	-1	-1	
48	0	77b1f54e34e1df4d	5			yes					49	58	64	66	70	
49	48	88fc0db6c6d7dc6a	4			yes					50	52	53	54	
50	49	7188024520a9f41e	4			yes					-1	-1	-1	51	
51	50	60e7509551a348c9	3			yes					-1	-1	-1	
52	49	b7aa815144eb6141	3			yes					-1	-1	-1	
53	49	3f106df256943522	4			yes					-1	-1	-1	-1	
54	49	1f902fcef5f96e27	5			yes					-1	55	56	-1	57	
55	54	0708061827e91b12	4			yes					-1	-1	-1	-1	
56	54	7e40b4251fd8f447	4			yes					-1	-1	-1	-1	
57	54	1fe8e87a95c09ffd	4			yes					-1	-1	-1	-1	
58	48	80adb7309d115726	4			yes					-1	59	60	61	
59	58	ccbb4e2cac8a5ad0	4			yes					-1	-1	-1	-1	
60	58	08ea9fde6e6d15fe	4			yes					-1	-1	-1	-1	
61	58	286adde2cd004efb	5			yes					62	-1	-1	-1	63	
62	61	95593d6be1ec58c9	4			yes					-1	-1	-1	-1	
63	61	28121a56ad39bf21	4			yes					-1	-1	-1	-1	
64	48	8369155d47270daf	4			yes					-1	-1	-1	65	
65	64	c223736347f04ee1	4			yes					-1	-1	-1	-1	
66	48	f69e692008f8086b	4			yes					-1	-1	-1	67	
67	66	fc895a95280059ae	3			yes					68	69	-1	
68	67	b2de3deac34fe71a	4			yes					-1	-1	-1	-1	
69	67	8524cfc6fbb6c7c6	4			yes					-1	-1	-1	-1	
70	48	7da6c6fb14198e88	4			yes					-1	-1	-1	-1	
71	0	41b282cb196c84cc	5			yes					72	81	88	93	94	
72	71	beff7a33eb5a87eb	4			yes					73	75	-1	77	
73	72	4d54b26e05a2620d	4			yes					-1	-1	-1	74	
74	73	5c3be0be74a8deda	3			yes					-1	-1	-1	
75	72	d44ebd26923c6fc2	4			yes					-1	-1	-1	76	
76	75	c521eff6e336d315	3			yes					-1	-1	-1	
77	72	d549de0267a550e8	5			yes					-1	78	79	-1	80	
78	77	7a6bf53d1cfdfc56	4			yes					-1	-1	-1	-1	
79	77	c9fab6ccb6902dcc	4			yes					-1	-1	-1	-1	
80	77	d53119b6079ca132	4			yes					-1	-1	-1	-1	
81	71	b6aec0b5b09c0ca7	4			yes					-1	82	-1	84	
82	81	d6fcd9a100a9d299	4			yes					-1	-1	-1	83	
83	82	c7938b7171a36e4e	3			yes					-1	-1	-1	
84	81	d55b4e65caab09b4	5			yes					85	-1	86	-1	87	
85	84	6868aeece6471f86	4			yes					-1	-1	-1	-1	
86	84	c9e826ab1b9e7490	4			yes					-1	-1	-1	-1	
87	84	d52389d1aa92f86e	4			yes					-1	-1	-1	-1	
88	71	fdbfb82174cfde8d	4			yes					-1	-1	-1	89	
89	88	87c90262c97cccbe	5			yes					-1	91	-1	-1	92	
90	89	3afae2ebe590da8c	4			no					-1	-1	-1	-2	
91	89	002bd9582a189441	4			yes					-1	-1	-1	-1	
92	89	87b1c5d6a9453d64	4			yes					-1	-1	-1	-1	
93	71	be4bb3d9169d80c8	4			yes					-1	-1	-1	-1	
94	71	4ba5b17e3994d509	4			yes					-1	-1	-1	-1	
95	0	5c9a647ca0ad3c85	5			yes					96	100	103	104	106	
96	95	a3d79c84529b3fa2	4			yes					97	98	99	-1	
97	96	9b9e2b084e15fcd7	4			yes					-1	-1	-1	-1	
98	96	12dbeb5350a7a872	4			yes					-1	-1	-1	-1	
99	96	ed2cd858c56bfd2d	4			yes					-1	-1	-1	-1	
100	95	ab862602095db4ee	4			yes					-1	101	102	-1	
101	100	ba778a95be1ff4a4	4			yes					-1	-1	-1	-1	
102	100	ed3e483f6865a471	4			yes					-1	-1	-1	-1	
103	95	e0975e96cd0e66c4	4			yes					-1	-1	-1	-1	
104	95	22130268d09ff37f	4			yes					-1	-1	105	-1	
105	104	58ea558f6b39b6de	5			yes					-1	-1	-1	-1	-1	
106	95	cad5e67846571ef7	4			yes					-1	-1	-1	-1	
