Number of nodes
398
ID	PID	Hash_Value			File_Number	Fully_Enumerated	Children
0	-1	e405900dda6a9279	6			yes					1	46	80	118	156	286	
1	0	19db707ff6629975	5			yes					2	14	33	42	45	
2	1	2e241f44e82d1f2d	4			yes					3	5	7	11	
3	2	7c0abf4be844b093	4			yes					-1	-1	-1	4	
4	3	0cc0a40773789518	3			yes					-1	-1	-1	
5	2	3f21a08e990efffd	4			yes					-1	6	-1	-1	
6	5	e205ecc1b8ba73b5	3			yes					-1	-1	-1	
7	2	29c271ef1e663079	5			yes					-1	8	9	-1	10	
8	7	f4e63da03fd2bc31	4			yes					-1	-1	-1	-1	
9	7	70a7d27d0cb4a4e7	4			yes					-1	-1	-1	-1	
10	7	623aca9d14d6f5f8	4			yes					-1	-1	-1	-1	
11	2	1639f8874a784ef6	5			yes					-1	12	13	-1	-1	
12	11	cb1db4c86bccc2be	4			yes					-1	-1	-1	-1	
13	11	4f5c5b1558aada68	4			yes					-1	-1	-1	-1	
14	1	9b553b7f398803b2	4			yes					-1	15	26	31	
15	14	37ad17872685e0a9	3			yes					16	17	21	
16	15	7a6abe2800d045cf	4			yes					-1	-1	-1	-1	
17	15	e3fe8e8da87dbe9e	5			yes					18	19	-1	-1	20	
18	17	35926450151a280d	4			yes					-1	-1	-1	-1	
19	17	a1211592df3c5183	4			yes					-1	-1	-1	-1	
20	17	a80635ffa2cd7b1f	4			yes					-1	-1	-1	-1	
21	15	dc0507e5fc63c011	5			yes					22	23	-1	24	25	
22	21	0a69ed3841045682	4			yes					-1	-1	-1	-1	
23	21	9eda9cfa8b222f0c	4			yes					-1	-1	-1	-1	
24	21	0c6bc3fc28d44fea	4			yes					-1	-1	-1	-1	
25	21	7caae2dd2f891b48	4			yes					-1	-1	-1	-1	
26	14	6a60de0b5fdd6bc3	3			yes					27	-1	28	
27	26	657be7971fd1c0f4	4			yes					-1	-1	-1	-1	
28	26	3636bece7fcd5505	5			yes					-1	-1	-1	-1	30	
29	28	e05a5413c2aac396	4			no					-1	-1	-1	-2	
30	28	3a39e9a87af8f3c9	4			yes					-1	-1	-1	-1	
31	14	6a32a6b767170d32	3			yes					32	-1	-1	
32	31	ac6f413fa0924e41	4			yes					-1	-1	-1	-1	
33	1	b5235c87e96f7a6e	4			yes					-1	-1	34	40	
34	33	4416b9f38f3a121f	3			yes					35	-1	36	
35	34	bf771c0ba5f9b9de	4			yes					-1	-1	-1	-1	
36	34	537cd465eccf56ec	5			yes					37	38	39	-1	-1	
37	36	85103eb851a8c07f	4			yes					-1	-1	-1	-1	
38	36	11a34f7a9b8eb9f1	4			yes					-1	-1	-1	-1	
39	36	8e58982acd7bdaa4	4			yes					-1	-1	-1	-1	
40	33	4444c14fb7f074ee	3			yes					41	-1	-1	
41	40	d2c4c496c87f4682	4			yes					-1	-1	-1	-1	
42	1	e8ee950b9037f104	4			yes					-1	-1	-1	43	
43	42	198908c3cea8ff84	3			yes					44	-1	-1	
44	43	11ecf595dbed890e	5			yes					-1	-1	-1	-1	-1	
45	1	e8bcedb7a8fd97f5	4			yes					-1	-1	-1	-1	
46	0	6e56148b9f153375	5			yes					47	62	70	76	79	
47	46	d1458ec8d64aeb7d	4			yes					48	50	56	60	
48	47	1062ffb7f557a70a	4			yes					-1	-1	-1	49	
49	48	60a8e4fb6e6b8281	3			yes					-1	-1	-1	
50	47	7dbda230c9470866	3			yes					51	53	54	
51	50	eb8e658aa398ae74	4			yes					-1	-1	52	-1	
52	51	401cda58a993f254	3			yes					-1	-1	-1	
53	50	53601f2afc0c6e1f	4			yes					-1	-1	-1	-1	
54	50	98b7780e4768fb66	5			yes					-1	-1	-1	-1	55	
55	54	cf42ff9ac8ebd054	4			yes					-1	-1	-1	-1	
56	47	20706bbcb01f830c	3			yes					57	-1	58	
57	56	f50675dc088b1d14	4			yes					-1	-1	-1	-1	
58	56	18adc2dd38e74abe	5			yes					-1	-1	-1	-1	59	
59	58	aeaf9b3fc76e4706	4			yes					-1	-1	-1	-1	
60	47	2022130088d5e5fd	3			yes					61	-1	-1	
61	60	c00701c3bd8159d8	4			yes					-1	-1	-1	-1	
62	46	13b9ce076e985de2	4			yes					-1	63	65	67	
63	62	332a182656a77864	4			yes					64	-1	-1	-1	
64	63	2cb63395f5795290	3			yes					-1	-1	-1	
65	62	25c9c947d1cfb7e0	5			yes					-1	-1	-1	-1	66	
66	65	6e317235db7f7261	4			yes					-1	-1	-1	-1	
67	62	1a32402f85d1c96f	5			yes					68	-1	69	-1	-1	
68	67	05ae6b9c260fe39b	4			yes					-1	-1	-1	-1	
69	67	4357e3bd97035df1	4			yes					-1	-1	-1	-1	
70	46	c2ae38738018d06e	4			yes					-1	-1	71	74	
71	70	339bdd07e64db81f	3			yes					-1	72	73	
72	71	b37ca4a36a503e47	4			yes					-1	-1	-1	-1	
73	71	17a88d36f4f68b55	5			yes					-1	-1	-1	-1	-1	
74	70	33c9a5bbde87deee	3			yes					-1	75	-1	
75	74	decf7c3e07d6c11b	4			yes					-1	-1	-1	-1	
76	46	9f63f1fff9405b04	4			yes					-1	-1	-1	77	
77	76	6e046c37a7df5584	3			yes					-1	78	-1	
78	77	1de74d3d14440e97	5			yes					-1	-1	-1	-1	-1	
79	46	9f318943c18a3df5	4			yes					-1	-1	-1	-1	
80	0	d9b415bf978f6e19	5			yes					81	98	108	114	117	
81	80	66a78ffcded0b611	4			yes					82	90	92	96	
82	81	5e6e997ffc2cbcec	3			yes					-1	83	86	
83	82	9ae3730870ef38c0	5			yes					-1	-1	84	-1	85	
84	83	c386d09a623dac5e	4			yes					-1	-1	-1	-1	
85	83	d11bc87a7a5ffd41	4			yes					-1	-1	-1	-1	
86	82	a518fa6024f1464f	5			yes					-1	-1	87	88	89	
87	86	fc7d59f23623d2d1	4			yes					-1	-1	-1	-1	
88	86	75763e79f046c9b4	4			yes					-1	-1	-1	-1	
89	86	05b71f58f71b9d16	4			yes					-1	-1	-1	-1	
90	81	9d63aba2456e1f88	4			yes					-1	-1	-1	91	
91	90	eda9b0eede523a03	3			yes					-1	-1	-1	
92	81	97926a88b885de60	3			yes					-1	93	94	
93	92	26a914d951b85102	4			yes					-1	-1	-1	-1	
94	92	39c004b205d6cfc7	5			yes					-1	-1	-1	-1	95	
95	94	8fc25d50fa5fc27f	4			yes					-1	-1	-1	-1	
96	81	97c01234804fb891	3			yes					-1	97	-1	
97	96	4d0655d60db8e15a	4			yes					-1	-1	-1	-1	
98	80	e17d033cb57364e4	4			yes					-1	99	101	106	
99	98	9543141cf190e227	4			yes					100	-1	-1	-1	
100	99	8adf3faf524ec8d3	3			yes					-1	-1	-1	
101	98	1048e648d3260c95	3			yes					-1	102	103	
102	101	a6772c7ce8f0cb41	4			yes					-1	-1	-1	-1	
103	101	55d49298c34bba26	5			yes					-1	-1	-1	-1	105	
104	103	4a48b92b609590d2	4			no					-1	-2	-1	-2	
105	103	59dbc5fec67e1cea	4			yes					-1	-1	-1	-1	
106	98	101a9ef4ebec6a64	3			yes					-1	107	-1	
107	106	18824dadfe8685c4	4			yes					-1	-1	-1	-1	
108	80	8788f47c5369b404	4			yes					-1	-1	109	112	
109	108	2a0e4fe3b6c402f9	5			yes					-1	110	-1	-1	111	
110	109	68d1d4fcc185ede4	4			yes					-1	-1	-1	-1	
111	109	61f6f491bc74c778	4			yes					-1	-1	-1	-1	
112	108	15f5c68be2da7c76	5			yes					-1	113	-1	-1	-1	
113	112	572a5d94959b936b	4			yes					-1	-1	-1	-1	
114	80	2881f0cbf1da0668	4			yes					-1	-1	-1	115	
115	114	d9e66d03af4508e8	3			yes					-1	-1	116	
116	115	1220cb99734fbb8e	5			yes					-1	-1	-1	-1	-1	
117	80	28d38877c9106099	4			yes					-1	-1	-1	-1	
118	0	ca683931641dcf67	5			yes					119	133	146	153	155	
119	118	757ba3722d42176f	4			yes					120	127	130	131	
120	119	4db2b5f10fbe1d92	3			yes					121	123	124	
121	120	d16aaae1b88e6a07	4			yes					-1	122	-1	-1	
122	121	f29eb7e74e606d8f	3			yes					-1	-1	-1	
123	120	b488b79cc66da568	4			yes					-1	-1	-1	-1	
124	120	7c808cf0f8590e1d	5			yes					-1	125	-1	-1	-1	
125	124	a1a4c0bfd9ed8255	4			yes					-1	-1	-1	-1	
126	124	dc2f69c82bb3d544	4			yes					-1	-1	-1	-1	
127	119	f7f5e872e2a88da8	3			yes					-1	128	129	
128	127	bf39d9daf275ea38	4			yes					-1	-1	-1	-1	
129	127	38baf228e29b21f4	4			yes					-1	-1	-1	-1	
130	119	8439b93f4b0709c8	4			yes					-1	-1	-1	-1	
131	119	841c3eba73dd19ef	3			yes					-1	-1	132	
132	131	1c7965c5102ebbd0	4			yes					-1	-1	-1	-1	
133	118	f2a12fb246e1c59a	4			yes					-1	134	140	143	
134	133	702f64b2890b5f5d	3			yes					-1	135	136	
135	134	b8830f3409c422f1	4			yes					-1	-1	-1	-1	
136	134	708b345837f08984	5			yes					137	-1	-1	138	139	
137	136	6f171feb942ea370	4			yes					-1	-1	-1	-1	
138	136	a0e5f041e347067f	4			yes					-1	-1	-1	-1	
139	136	d024d160e41a52dd	4			yes					-1	-1	-1	-1	
140	133	3b2850cb78aa7ff7	5			yes					141	-1	-1	-1	142	
141	140	24b47b78db745503	4			yes					-1	-1	-1	-1	
142	140	b3eebfe2bdaa6332	4			yes					-1	-1	-1	-1	
143	133	03c6b27a187ecb1a	3			yes					-1	-1	144	
144	143	50a03bb9e8dac266	5			yes					-1	-1	-1	-1	145	
145	144	0755bc2d6759e954	4			yes					-1	-1	-1	-1	
146	118	48e67231abf755a0	4			yes					-1	-1	147	151	
147	146	e08eeb6e11c6d508	5			yes					148	-1	-1	-1	150	
148	147	ff12c0ddb218fffc	4			yes					-1	-1	-1	-1	
149	147	a251707166873a15	4			no					-1	-1	-1	-2	
150	147	c2dcf435aec2773e	4			yes					-1	-1	-1	-1	
151	146	b981eff9f5685b20	3			yes					-1	-1	152	
152	151	7877c947f9dacfca	5			yes					-1	-1	-1	-1	-1	
153	118	f4335a08fad646b2	4			yes					-1	-1	-1	154	
154	153	9332edb13798d01b	5			yes					-1	-1	-1	-1	-1	
155	118	3b0fa4f93a82c1e7	4			yes					-1	-1	-1	-1	
156	0	68747de7fd3595b0	5			yes					157	168	180	193	223	
157	156	daad11f395982859	4			yes					158	161	167	-1	
158	157	ed527ec88bd7ae01	3			yes					159	160	-1	
159	158	e8617a022f14690f	4			yes					-1	-1	-1	-1	
160	158	241535a30a111bbb	5			yes					-1	-1	-1	-1	-1	
161	157	58235af35a72b29e	3			yes					-1	162	166	
162	161	016fbb32eb08dca4	5			yes					163	164	-1	165	-1	
163	162	d70351ef566f4a37	4			yes					-1	-1	-1	-1	
164	162	43b0202d9c4933b9	4			yes					-1	-1	-1	-1	
165	162	e3cd321238fdf38a	4			yes					-1	-1	-1	-1	
166	161	fe695d9ba9feecbb	5			yes					-1	-1	-1	-1	-1	
167	157	76553d0b8a95cb42	3			yes					-1	-1	-1	
168	156	ad207507fcef8259	4			yes					169	177	179	-1	
169	168	1233ef44b5b05a51	3			yes					170	171	176	
170	169	3915cee00ebbe40c	4			yes					-1	-1	-1	-1	
171	169	cb2b43864635b70e	5			yes					172	173	-1	174	175	
172	171	466b0f5e73c9edcf	4			yes					-1	-1	-1	-1	
173	171	33ced7208e8fccd7	4			yes					-1	-1	-1	-1	
174	171	b5c54f5bfcdbe704	4			yes					-1	-1	-1	-1	
175	171	bbe158cadd099285	4			yes					-1	-1	-1	-1	
176	169	b7afb2ed57d402b2	5			yes					-1	-1	-1	-1	-1	
177	168	d0cfaf8b0d62ecce	3			yes					-1	178	-1	
178	177	281e8d0bc5b89c22	5			yes					-1	-1	-1	-1	-1	
179	168	01d859ffe3e26142	3			yes					-1	-1	-1	
180	156	1ac27433f475df35	4			yes					181	188	192	-1	
181	180	a5d1ee70bd2a073d	3			yes					182	186	187	
182	181	787246b7339a5afa	5			yes					-1	183	184	185	-1	
183	182	1677081f7ca7de0b	4			yes					-1	-1	-1	-1	
184	182	2117e5252148ce64	4			yes					-1	-1	-1	-1	
185	182	9ad0cf97e06f75d4	4			yes					-1	-1	-1	-1	
186	181	2f7d19b7b77bbea5	4			yes					-1	-1	-1	-1	
187	181	96c274826ae587cb	5			yes					-1	-1	-1	-1	-1	
188	180	220b62b0d689d5c8	3			yes					-1	189	191	
189	188	18f099f3d68dea2d	5			yes					-1	-1	-1	190	-1	
190	189	661e952e6c63ba27	4			yes					-1	-1	-1	-1	
191	188	b52b8163757d17a7	5			yes					-1	-1	-1	-1	-1	
192	180	44fe95f030930528	3			yes					-1	-1	-1	
193	156	f87618a12e35cfc8	5			yes					194	208	217	221	222	
194	193	476582e2676a17c0	4			yes					195	200	204	205	
195	194	a1ea3027ef3212a8	5			yes					-1	196	197	198	199	
196	195	7cce7c68ce869ee0	4			yes					-1	-1	-1	-1	
197	195	9236e7c24fc1c6dd	4			yes					-1	-1	-1	-1	
198	195	4348b9073cc73d86	4			yes					-1	-1	-1	-1	
199	195	eee324f12cf17591	4			yes					-1	-1	-1	-1	
200	194	d6638b9cac552296	5			yes					-1	-1	201	202	203	
201	200	5ab9a5f37bc1ea21	4			yes					-1	-1	-1	-1	
202	200	a88d874116bb729c	4			yes					-1	-1	-1	-1	
203	200	a6a990d03769071d	4			yes					-1	-1	-1	-1	
204	194	f480faf7c96ba460	4			yes					-1	-1	-1	-1	
205	194	167211a58dc27fd7	5			yes					-1	-1	206	-1	-1	
206	205	25aec6402d31aba2	4			yes					-1	-1	-1	-1	
207	205	f4d098855e3750f9	4			no					-1	-2	-2	-2	
208	193	c0bf0e220cc9c535	4			yes					-1	209	214	215	
209	208	ade1888f209b9531	5			yes					210	-1	211	212	213	
210	209	b27da33c8345bfc5	4			yes					-1	-1	-1	-1	
211	209	9e3d5f6a80684144	4			yes					-1	-1	-1	-1	
212	209	4f4301aff36eba1f	4			yes					-1	-1	-1	-1	
213	209	e2e89c59e358f208	4			yes					-1	-1	-1	-1	
214	208	2727b979fe446706	5			yes					-1	-1	-1	-1	-1	
215	208	ef1e9c94364d9b26	5			yes					216	-1	-1	-1	-1	
216	215	f082b7279593b1d2	4			yes					-1	-1	-1	-1	
217	193	7af853a1e1df550f	4			yes					-1	-1	218	219	
218	217	d76f29e00dedd6f0	5			yes					-1	-1	-1	-1	-1	
219	217	6117c0e16e4f5688	6			yes					-1	-1	-1	-1	220	-1	
220	219	11959934d23e94b6	5			yes					-1	-1	-1	-1	-1	
221	193	9c759fc053c05db1	4			yes					-1	-1	-1	-1	
222	193	615740a1d9bcda4b	4			yes					-1	-1	-1	-1	
223	156	76033931df644db4	6			yes					224	250	269	280	283	285	
224	223	c910a372963b95bc	5			yes					225	231	237	242	243	
225	224	982f9f526a4bc4a0	6			yes					-1	226	227	228	229	230	
226	225	450bd31d4bff48e8	5			yes					-1	-1	-1	-1	-1	
227	225	c14a3cc07899503e	5			yes					-1	-1	-1	-1	-1	
228	225	7a8d1672b9beeb8e	5			yes					-1	-1	-1	-1	-1	
229	225	642b45ec671c82a5	5			yes					-1	-1	-1	-1	-1	
230	225	785e8a389387737f	5			yes					-1	-1	-1	-1	-1	
231	224	620b74af12c98197	6			yes					-1	-1	232	233	235	236	
232	231	11217cd1125c1482	5			yes					-1	-1	-1	-1	-1	
233	231	1ce57872a827d19d	5			yes					-1	-1	-1	-1	234	
234	233	5e314346c1f703a4	4			yes					-1	-1	-1	-1	
235	231	1165ae04f2c4640e	5			yes					-1	-1	-1	-1	-1	
236	231	20df4f9b7b1953ae	5			yes					-1	-1	-1	-1	-1	
237	224	55d4c1d3959aa530	6			yes					-1	-1	-1	238	240	241	
238	237	2b3acd0e2f74f53a	5			yes					-1	-1	-1	-1	239	
239	238	69eef63a46a42703	4			yes					-1	-1	-1	-1	
240	237	26ba1b78759740a9	5			yes					-1	-1	-1	-1	-1	
241	237	1700fae7fc4a7709	5			yes					-1	-1	-1	-1	-1	
242	224	902a1604833b9962	4			yes					-1	-1	-1	-1	
243	224	4f85c40de71b7fff	4			yes					244	246	248	-1	
244	243	8b336e8a8d591bc5	6			yes					-1	-1	-1	-1	245	-1	
245	244	7737b434800e5dc0	5			yes					-1	-1	-1	-1	-1	
246	243	4142f3fa2ae7410f	6			yes					-1	-1	-1	247	-1	-1	
247	246	3facff2790091105	5			yes					-1	-1	-1	-1	-1	
248	243	769d4686adb465a8	6			yes					-1	-1	-1	249	-1	-1	
249	248	08734a5b175a35a2	5			yes					-1	-1	-1	-1	-1	
250	223	4eca2fb2fd984749	5			yes					-1	251	257	263	264	
251	250	942427faa5e24339	6			yes					252	-1	253	254	255	256	
252	251	8bb80c49063c69cd	5			yes					-1	-1	-1	-1	-1	
253	251	cd418468b730d7a7	5			yes					-1	-1	-1	-1	-1	
254	251	7686aeda76176c17	5			yes					-1	-1	-1	-1	-1	
255	251	6820fd44a8b5053c	5			yes					-1	-1	-1	-1	-1	
256	251	745532905c2ef4e6	5			yes					-1	-1	-1	-1	-1	
257	250	03090f2114904a17	6			yes					258	-1	-1	259	-1	262	
258	257	1c952492b74e60e3	5			yes					-1	-1	-1	-1	-1	
259	257	7de703fcae7e1a1d	5			yes					-1	-1	-1	-1	260	
260	259	3f3338c8c7aec824	4			yes					-1	-1	-1	-1	
261	257	7067d58af49daf8e	5			no					-1	-1	-1	-1	-2	
262	257	41dd34157d40982e	5			yes					-1	-1	-1	-1	-1	
263	250	17f09ac4e8984b97	4			yes					-1	-1	-1	-1	
264	250	c85f48cd8cb8ad0a	4			yes					-1	265	267	-1	
265	264	8738d62242f09c5c	6			yes					-1	-1	-1	-1	266	-1	
266	265	7b3c0c9c4fa7da59	5			yes					-1	-1	-1	-1	-1	
267	264	204088742cbe8a8f	6			yes					-1	-1	-1	268	-1	-1	
268	267	5eae84a99650da85	5			yes					-1	-1	-1	-1	-1	
269	223	f48d7231108ed773	5			yes					-1	-1	270	276	277	
270	269	9be3a15ec2e9f620	6			yes					271	272	-1	273	274	275	
271	270	847f8aed6137dcd4	5			yes					-1	-1	-1	-1	-1	
272	270	d93c3a41b5a8193d	5			yes					-1	-1	-1	-1	-1	
273	270	7941287e111cd90e	5			yes					-1	-1	-1	-1	-1	
274	270	67e77be0cfbeb025	5			yes					-1	-1	-1	-1	-1	
275	270	7b92b4343b2541ff	5			yes					-1	-1	-1	-1	-1	
276	269	adb7c747058edbad	4			yes					-1	-1	-1	-1	
277	269	7218154e61ae3d30	4			yes					-1	-1	278	-1	
278	277	88ff508625fb2945	6			yes					-1	-1	-1	-1	279	-1	
279	278	74fb8a3828ac6f40	5			yes					-1	-1	-1	-1	-1	
280	223	dafb15c9c069aeaf	5			yes					-1	-1	-1	281	282	
281	280	83c1a0bfd569a271	4			yes					-1	-1	-1	-1	
282	280	5c6e72b6b14944ec	4			yes					-1	-1	-1	-1	
283	223	2f398c47ca64416a	5			yes					-1	-1	-1	-1	284	
284	283	a9aceb38bb44ab29	4			yes					-1	-1	-1	-1	
285	223	f0965e4eae44a7f7	5			yes					-1	-1	-1	-1	-1	
286	0	d9784712eab432f9	5			yes					287	317	343	368	-1	
287	286	1ac94937e0743baa	5			yes					288	294	308	316	-1	
288	287	2d36260cfe3bbdf2	4			yes					289	291	293	-1	
289	288	3d7a4598faa5a2b8	5			yes					-1	-1	-1	-1	290	
290	289	7fae7eac93757081	4			yes					-1	-1	-1	-1	
291	288	38736f3f7758e555	5			yes					-1	-1	-1	-1	292	
292	291	d8027a558e94528a	4			yes					-1	-1	-1	-1	
293	288	7a6e155e515389cf	5			yes					-1	-1	-1	-1	-1	
294	287	984702372f9ea16d	4			yes					-1	295	304	-1	
295	294	4d100342a6542ce8	6			yes					296	298	-1	300	302	303	
296	295	9b7ce99f1b33ba7b	5			yes					-1	-1	-1	-1	297	
297	296	d9a8d2ab72e36842	4			yes					-1	-1	-1	-1	
298	295	0fcf985dd115c3f5	5			yes					-1	-1	-1	-1	299	
299	298	4d1ba369b8c511cc	4			yes					-1	-1	-1	-1	
300	295	9d7ec75b72e3a313	5			yes					-1	-1	-1	-1	301	
301	300	dfaafc6f1b33712a	4			yes					-1	-1	-1	-1	
302	295	3e7ed9e94659c971	5			yes					-1	-1	-1	-1	-1	
303	295	0fc43876cf84fed1	5			yes					-1	-1	-1	-1	-1	
304	294	ecece164b0594a23	5			yes					305	306	-1	-1	307	
305	304	3a800bb90d3edcb0	4			yes					-1	-1	-1	-1	
306	304	ae337a7bc718a53e	4			yes					-1	-1	-1	-1	
307	304	0c9df40e4995fdfc	4			yes					-1	-1	-1	-1	
308	287	b63165cfff79d8b1	4			yes					-1	-1	309	-1	
309	308	834f76d351c96ad1	6			yes					310	311	313	-1	314	315	
310	309	55239c0eecaefc42	5			yes					-1	-1	-1	-1	-1	
311	309	c190edcc268885cc	5			yes					-1	-1	-1	-1	-1	
312	311	8344d6f84f5857f5	4			no					-1	-2	-1	-1	
313	309	5e6b3a9c707de699	5			yes					-1	-1	-1	-1	-1	
314	309	b57dde1a0139215d	5			yes					-1	-1	-1	-1	-1	
315	309	c19b4de73819b8e8	5			yes					-1	-1	-1	-1	-1	
316	287	ebfcac43862153db	4			yes					-1	-1	-1	-1	
317	286	6d442dc3890391aa	5			yes					318	328	332	342	-1	
318	317	d257b780c05c49a2	4			yes					319	321	326	-1	
319	318	51120564e7b6b521	5			yes					-1	-1	-1	-1	320	
320	319	13c63e508e666718	4			yes					-1	-1	-1	-1	
321	318	2ede72c9ef31164b	5			yes					322	323	-1	324	325	
322	321	a39e3e11dacd4c8a	4			yes					-1	-1	-1	-1	
323	321	d63be66f278b6d92	4			yes					-1	-1	-1	-1	
324	321	73f61bbe3938b1ac	4			yes					-1	-1	-1	-1	
325	321	ceaf67a316fda194	4			yes					-1	-1	-1	-1	
326	318	732f2216b2594a7f	5			yes					-1	-1	-1	-1	327	
327	326	935e377c4b95fda0	4			yes					-1	-1	-1	-1	
328	317	10abf74f788eff3d	4			yes					-1	329	331	-1	
329	328	3478d797b8f162cc	5			yes					-1	-1	-1	-1	330	
330	329	d409c2fd413dd513	4			yes					-1	-1	-1	-1	
331	328	7665adf69efa0e56	5			yes					-1	-1	-1	-1	-1	
332	317	c1bc013b960e72b1	4			yes					-1	-1	333	-1	
333	332	c79b2f8049f0b768	6			yes					334	335	337	-1	339	340	
334	333	d8070433ea2e9d9c	5			yes					-1	-1	-1	-1	-1	
335	333	08602ca2383139ab	5			yes					-1	-1	-1	-1	336	
336	335	4ab4179651e1eb92	4			yes					-1	-1	-1	-1	
337	333	1abf63cf68443b20	5			yes					-1	-1	-1	-1	338	
338	337	586b58fb0194e919	4			yes					-1	-1	-1	-1	
339	333	f1a987491900fce4	5			yes					-1	-1	-1	-1	-1	
340	333	854f14b420206551	5			yes					-1	-1	-1	-1	-1	
341	340	9ad33f0783fe4fa5	4			no					-1	-2	-1	-1	
342	317	9c71c8b7ef56f9db	4			yes					-1	-1	-1	-1	
343	286	daa62cf78199ccc6	5			yes					344	359	365	367	-1	
344	343	65b5b6b4c8c614ce	4			yes					345	354	356	-1	
345	344	340dfec77ec6aab6	6			yes					-1	346	348	350	352	353	
346	345	5a08b06f31fb2e47	5			yes					-1	-1	-1	-1	347	
347	346	18dc8b5b582bfc7e	4			yes					-1	-1	-1	-1	
348	345	6d685d556c143e28	5			yes					-1	-1	-1	-1	349	
349	348	2fbc666105c4ec11	4			yes					-1	-1	-1	-1	
350	345	e4633adeaa71254d	5			yes					-1	-1	-1	-1	351	
351	350	a6b701eac3a1f774	4			yes					-1	-1	-1	-1	
352	345	4763246c9ecb4f2f	5			yes					-1	-1	-1	-1	-1	
353	345	76d9c5f31716788f	5			yes					-1	-1	-1	-1	-1	
354	344	dc135171578f0da3	5			yes					-1	-1	-1	-1	355	
355	354	9ec76a453e5fdf9a	4			yes					-1	-1	-1	-1	
356	344	5242e4798f68cf06	5			yes					-1	-1	357	-1	358	
357	356	0b2747eb9dba5b98	4			yes					-1	-1	-1	-1	
358	356	b233f11376a478d9	4			yes					-1	-1	-1	-1	
359	343	e26f3a74a365c63b	4			yes					-1	360	362	-1	
360	359	b010de0b960994da	5			yes					-1	-1	-1	-1	361	
361	360	f2c4e53fffd946e3	4			yes					-1	-1	-1	-1	
362	359	c3557bf9b696092e	5			yes					363	-1	-1	-1	364	
363	362	dcc9504a154823da	4			yes					-1	-1	-1	-1	
364	362	23246e934f5abef1	4			yes					-1	-1	-1	-1	
365	343	849acd34457f16db	4			yes					-1	-1	366	-1	
366	365	79a22b52f9f1bb4f	5			yes					-1	-1	-1	-1	-1	
367	343	2b93c983e7cca4b7	4			yes					-1	-1	-1	-1	
368	286	c97a0079720b6db8	5			yes					369	383	395	397	-1	
369	368	76699a3a3b54b5b0	4			yes					370	379	381	-1	
370	369	ed958857a26ee2e4	6			yes					-1	371	373	375	377	378	
371	370	30b1c41883da6eac	5			yes					-1	-1	-1	-1	372	
372	371	7265ff2cea0abc95	4			yes					-1	-1	-1	-1	
373	370	de495fb2029d3691	5			yes					-1	-1	-1	-1	374	
374	373	9c9d64866b4de4a8	4			yes					-1	-1	-1	-1	
375	370	3dfb4c4e76d96d1f	5			yes					-1	-1	-1	-1	376	
376	375	7f2f777a1f09bf26	4			yes					-1	-1	-1	-1	
377	370	9efb52fc4263077d	5			yes					-1	-1	-1	-1	-1	
378	370	af41b363cbbe30dd	5			yes					-1	-1	-1	-1	-1	
379	369	c2be8693b3201ca6	5			yes					-1	-1	-1	-1	380	
380	379	806abda7daf0ce9f	4			yes					-1	-1	-1	-1	
381	369	7b30ab995cf557c4	5			yes					-1	-1	-1	-1	382	
382	381	39e490ad352585fd	4			yes					-1	-1	-1	-1	
383	368	f1b316fa50f76745	4			yes					-1	384	393	-1	
384	383	e19e30ff6dc7657d	6			yes					385	-1	387	389	391	392	
385	384	fe021b4cce194f89	5			yes					-1	-1	-1	-1	386	
386	385	bcd62078a7c99db0	4			yes					-1	-1	-1	-1	
387	384	d242e71acd34b108	5			yes					-1	-1	-1	-1	388	
388	387	9096dc2ea4e46331	4			yes					-1	-1	-1	-1	
389	384	31f0f4e6b970ea86	5			yes					-1	-1	-1	-1	390	
390	389	7324cfd2d0a038bf	4			yes					-1	-1	-1	-1	
391	384	92f0ea548dca80e4	5			yes					-1	-1	-1	-1	-1	
392	384	a34a0bcb0417b744	5			yes					-1	-1	-1	-1	-1	
393	383	c9503c09d29e3bfc	5			yes					-1	-1	-1	-1	394	
394	393	8b84073dbb4ee9c5	4			yes					-1	-1	-1	-1	
395	368	4bf44b79bde1f77f	4			yes					-1	-1	396	-1	
396	395	31ec340c5d7b806f	5			yes					-1	-1	-1	-1	-1	
397	368	f7216340ecc0e46d	4			yes					-1	-1	-1	-1	
