Number of nodes
252
ID	PID	Hash_Value			File_Number	Fully_Enumerated	Children
0	-1	b70444088945b354	7			no					1	-2	-2	-2	-2	-2	-2	
1	0	fe48ba1d379bd852	6			no					186	-2	-2	-2	-2	-2	
2	1	f671bdfe4d797d0f	6			no					123	-2	-2	-2	-2	-2	
3	2	23907ce4a2ea5ef6	5			no					31	-2	-2	-2	-2	
4	3	474c83427e817dce	5			no					90	-2	-2	-2	-2	
5	4	6cccfdb91a9abe19	4			no					145	-2	-2	-2	
6	5	90aca6d1829c2a6f	5			yes					7	39	53	60	65	
7	6	d3cb38c9dc354fa0	4			yes					-1	8	11	12	
8	7	4e696442c2cbbb1b	3			yes					-1	-1	9	
9	8	3af371b5c6f64b57	5			yes					-1	-1	-1	-1	10	
10	9	c8be91e5fbe8465d	4			yes					-1	-1	-1	-1	
11	7	0a39aa5d5f78eb0d	4			yes					-1	-1	-1	-1	
12	7	2081281d47ed18b6	3			yes					-1	23	35	
13	12	fd47ece25b6a5595	6			yes					-1	-1	-1	-1	-1	19	
14	3	ecf156605c4d1e49	5			no					15	-2	-2	-2	-2	
15	14	129955d27d126142	4			no					196	-2	-2	-2	
16	15	0cb5ee491e1b0ec0	6			no					17	192	221	-2	-2	-2	
17	16	72b6bbc26037b6d1	5			yes					18	51	129	-1	169	
18	17	d91237662b8fc8bb	4			yes					-1	-1	-1	-1	
19	13	80a6e15883e6ec88	5			yes					-1	-1	-1	-1	-1	
20	5	20f68666607fd42b	5			no					21	75	148	-2	-2	
21	20	bace5046ac4d6916	4			yes					-1	-1	-1	74	
22	12	668dc3bde35203cf	7			no					-1	-2	-2	-2	-2	-2	-2	
23	12	d4af19f69105d7e3	6			yes					-1	-1	-1	-1	-1	24	
24	23	a94e144c49896efe	5			yes					-1	-1	-1	-1	-1	
25	21	4e28e53260e7edc6	7			yes					-1	-1	-1	-1	-1	-1	47	
26	21	f7bbb37537b9435c	5			yes					-1	-1	-1	-1	50	
27	21	fe9ee1307f079fe7	7			no					-1	-1	-1	-1	-1	-1	71	
28	4	3f72f6cce2e2c131	6			no					29	-2	-2	-2	-2	-2	
29	28	3bdb1eab46ad8d31	5			no					30	138	-2	-2	-2	
30	29	35c64f03893930fd	4			yes					-1	-1	-1	85	
31	3	291e0bd2a240022f	6			no					32	-2	-2	-2	-2	-2	
32	31	a685592fd8364f48	5			no					110	-2	-2	-2	-2	
33	32	820e584948e98eea	5			no					34	-2	-2	-2	-2	
34	33	bb57ca8b5f8c8e41	4			no					-1	-2	-2	-2	
35	12	b034c5b71601b0d8	4			yes					-1	-1	-1	-1	
36	6	9ad5efc30808ea30	4			yes					-1	-1	-1	-1	
37	6	661287cad54e9583	6			no					-1	38	-1	-1	-1	-2	
38	37	48a731229e55805a	5			yes					-1	-1	-1	-1	46	
39	6	db8a476ce5ae43ee	5			yes					-1	-1	-1	45	49	
40	15	60186bd8042dd678	5			no					41	99	142	210	-2	
41	40	47724163c3cdf5a4	4			yes					-1	-1	-1	77	
42	5	6937c93130c0dc76	6			no					43	237	-2	-2	-2	-2	
43	42	6d9e2156948f9076	5			yes					-1	-1	48	115	230	
44	43	5159645070da10fd	7			no					-1	-2	-2	-2	-2	-2	-2	
45	39	8b493c6a1631d91c	4			yes					-1	-1	-1	-1	
46	38	bd77a9e7726dddac	4			yes					-1	-1	-1	-1	
47	25	6d92beb5a5142a56	6			yes					-1	-1	-1	-1	-1	-1	
48	43	f3db65f09c771835	4			yes					-1	-1	-1	-1	
49	39	2e5adfa909961e18	4			yes					-1	-1	-1	-1	
50	26	026b2bb0db811eaa	4			yes					-1	-1	-1	-1	
51	17	cca4df6634eac5ea	4			yes					-1	-1	-1	97	
52	37	1b8e908a5f50fe4b	5			no					-1	-2	-1	-1	-2	
53	6	0d0efa5a9c62ded4	4			yes					-1	-1	54	56	
54	53	19f2071aecc65076	5			yes					-1	-1	-1	-1	55	
55	54	76c9e4c5bfebc4d3	4			yes					-1	-1	-1	-1	
56	53	fe44ea8e07ba89c2	3			yes					-1	-1	59	
57	56	ee2312b5e1fa7168	6			no					-1	-1	-1	-1	-1	68	
58	56	2f76babdf80c2e03	4			no					-1	-1	-1	-2	
59	56	e2288db0a7922728	5			yes					-1	-1	-1	-1	-1	
60	6	afd69d862c6452cd	5			yes					61	62	-1	-1	64	
61	60	d7a1b450f9fbf4b4	4			yes					-1	-1	-1	-1	
62	60	a21b2408be319843	4			yes					-1	-1	-1	63	
63	62	5bfd3e15c24376b1	3			yes					-1	-1	-1	
64	60	5630879b5016bc3f	4			yes					-1	-1	-1	-1	
65	6	63e6b60519447d79	4			yes					-1	67	-1	69	
66	65	edf436c0f4706018	4			yes					-1	-1	-1	-1	
67	65	53bbd213d11aa705	5			yes					-1	-1	-1	-1	-1	
68	57	93c21f0f3976c875	5			yes					-1	-1	-1	-1	-1	
69	65	a47d67cb6d08b135	5			yes					-1	70	-1	-1	-1	
70	69	a9b0de45ff5d7bbb	4			yes					-1	-1	-1	-1	
71	27	155fd7f0c0c936b3	6			no					-1	-2	-2	-1	-2	-2	
72	15	668eebbdc3f766f9	6			no					73	231	-2	-2	-2	-2	
73	72	86ef95cdd3d1cb3b	5			yes					-1	93	174	-1	215	
74	21	c65af85996ff81f1	3			yes					-1	-1	-1	
75	20	beeb5279840c8ef7	4			yes					76	79	-1	86	
76	75	24d38459483e33ca	3			yes					-1	-1	-1	
77	41	ca475478401b2a4b	3			yes					-1	-1	-1	
78	75	c8d8ef0f9c59f3cc	5			no					-1	-1	-1	-1	80	
79	75	a41707fabe16c74c	7			yes					-1	-1	-1	-1	-1	-1	84	
80	78	3d0877ca7061ae3a	4			yes					-1	-1	-1	-1	
81	43	c24727b7b11060a8	7			yes					82	-1	-1	-1	-1	112	-1	
82	81	7e153328ce8dfe17	6			yes					-1	-1	-1	-1	-1	-1	
83	43	fe83145bda927de3	7			yes					-1	-1	-1	-1	-1	-1	118	
84	79	87ad5c7d7be500dc	6			yes					-1	-1	-1	-1	-1	-1	
85	30	2369d218c5cb1fb7	3			yes					-1	-1	-1	
86	75	c27ffa66bebe6610	3			yes					-1	-1	-1	
87	20	d17858f60b082b97	4			no					-1	-1	-1	116	
88	87	22ce79fa45f687a9	7			no					89	-2	-2	-2	-2	-2	-2	
89	88	714448f5bdf474f7	6			no					-1	-1	-1	-1	-1	-2	
90	4	ca6feb18bd813d84	6			no					91	-2	-2	-2	-2	-2	
91	90	50573d3871b380b9	5			no					-1	132	-2	-1	-2	
92	91	f017cf35d83360be	7			no					-1	-1	-1	-1	-1	-1	-2	
93	73	4d50f8b29bee0f92	4			yes					-1	-1	-1	130	
94	87	01692b637261770f	6			yes					95	-1	-1	-1	100	104	
95	94	7573172067dd0d93	5			yes					-1	-1	-1	-1	96	
96	95	72add0da6d902260	4			yes					-1	-1	-1	-1	
97	51	cfcf95efc41d53a2	3			yes					-1	-1	-1	
98	94	7f32258c68abd570	5			no					-1	-1	-1	-2	-2	
99	40	86e80817904e7336	4			yes					-1	106	-1	134	
100	94	bbab86dde6ae1ff8	5			yes					-1	-1	-1	-1	103	
101	87	9fd74bfeec261424	8			yes					102	121	131	153	-1	156	161	166	
102	101	cc5d7af11424e77a	7			yes					-1	-1	-1	-1	-1	-1	107	
103	100	bc754127ece3300b	4			yes					-1	-1	-1	-1	
104	94	06b7ec99782c58fc	5			yes					-1	-1	-1	-1	-1	
105	104	78ece27662e6fa83	4			no					-1	-1	-1	-2	
106	99	213d9cce5ce74ee7	4			yes					-1	-1	-1	-1	
107	102	b822fc8b1d628f16	6			yes					-1	-1	-1	-1	-1	-1	
108	87	15c49f58eb102055	6			yes					109	120	-1	-1	172	176	
109	108	0e5bf71fa06eb694	5			yes					-1	-1	-1	-1	119	
110	32	060b30e600ade6fa	6			no					111	-2	-2	-2	-2	-2	
111	110	3f564a44af00a8c3	5			no					-1	-1	-1	168	-2	
112	81	106997fa9c1b05e0	6			yes					-1	-1	-1	-1	-1	-1	
113	43	0c74fd6ac7422320	7			no					-1	-1	-1	-1	-2	-1	-2	
114	91	a2d92f78064644a4	7			no					-1	-1	-1	-1	-1	-2	-2	
115	43	2caed5eb77599df2	8			yes					-1	-1	-1	-1	-1	-1	-1	225	
116	87	366edbc365723a8d	9			no					117	-2	-2	-2	-2	-2	-2	-2	-2	
117	116	6b6749819b8d931f	8			no					-1	-1	-1	-1	-1	-1	-1	209	
118	83	1542229b655cd4b7	6			yes					-1	-1	-1	-1	-1	-1	
119	109	7a247165a928def8	4			yes					-1	-1	-1	-1	
120	108	8d2acf5d249e0756	5			yes					-1	-1	-1	-1	139	
121	101	464eae571312d30b	7			yes					-1	-1	-1	-1	-1	-1	122	
122	121	3231282d1a54bb67	6			yes					-1	-1	-1	-1	-1	-1	
123	2	e80b36bb2fda88a7	6			no					124	-2	-2	-2	-2	-2	
124	123	166335090e85f7ac	5			no					125	-2	-2	-2	-2	
125	124	daab0af0f73375dd	4			no					179	-2	-2	-2	
126	125	4cd1dbe4a3739b1c	5			no					127	-2	-2	-2	-2	
127	126	32d28e6fdd5f230d	4			no					-1	201	-2	-2	
128	17	3be9abee67358071	4			yes					-1	-1	-1	-1	
129	17	7e14ad0c22524860	7			yes					-1	-1	-1	-1	-1	-1	151	
130	93	5b373082a261581e	3			yes					-1	-1	-1	
131	101	844823b9a75882e5	7			yes					-1	-1	-1	-1	-1	-1	135	
132	91	61a13316cc80ce10	4			no					-1	200	-1	-2	
133	99	9cf2d2cd23abb696	8			no					-1	-2	-1	-1	-2	-2	-2	-2	
134	99	0bdd1d0c1398acd9	3			yes					-1	-1	-1	
135	131	f037a5c3ae1eea89	6			yes					-1	-1	-1	-1	-1	-1	
136	128	c4595ae2d4a673ae	6			no					-1	-1	-1	-1	-1	-2	
137	132	fdf2b015fd8b8ffa	6			yes					-1	-1	-1	-1	-1	158	
138	29	90a9bb3a8782ac9d	4			no					-1	183	-1	-2	
139	120	f95549272dd86f3a	4			yes					-1	-1	-1	-1	
140	132	e1db6f3c94dc2925	7			yes					-1	-1	-1	-1	-1	-1	193	
141	138	aad49c75f0d5f0e2	8			no					-1	-2	-2	-1	-2	-2	-2	-2	
142	40	75fd50c869290c89	4			yes					-1	-1	-1	164	
143	142	b4c55f142eabe766	8			no					-1	-2	-2	-2	-1	-2	-2	-2	
144	142	8e66dde136f83527	6			no					-1	-2	-2	-1	-2	-2	
145	5	6cd258401f402225	7			no					146	-2	-2	-2	-2	-2	-2	
146	145	2115d790ee38d6ec	6			no					182	-2	-2	-2	-2	-2	
147	146	43d2d6bf2201bb60	8			no					-1	-2	-2	-2	-2	-2	-2	-2	
148	20	8fc3538e8196bd76	8			no					149	-2	-2	-2	-2	-2	-2	-2	
149	148	dc49628179944e28	7			no					150	163	184	-1	-2	-2	-2	
150	149	05d0872886a08907	6			yes					-1	-1	-1	-1	-1	157	
151	129	95d59bcc9d9ce134	6			yes					-1	-1	-1	-1	-1	-1	
152	127	9c7d6773133256c5	7			yes					-1	-1	-1	-1	-1	-1	195	
153	101	07391bfb23a83327	7			yes					-1	-1	-1	-1	-1	-1	155	
154	132	e053e932a33e2977	8			no					-1	-2	-2	-2	-2	-2	-2	-2	
155	153	73469d812aee5b4b	6			yes					-1	-1	-1	-1	-1	-1	
156	101	2108022b0184d799	7			yes					-1	-1	-1	-1	-1	-1	-1	
157	150	266adcaf43534e97	5			yes					-1	-1	-1	-1	-1	
158	137	de48eb923878486a	5			yes					-1	-1	-1	-1	-1	
159	73	fea17a3aed540ea0	8			no					-1	-1	-1	-1	-1	-1	-1	167	
160	138	695fdaa614fd9efe	8			no					-1	-2	-2	-2	-2	-2	-2	-2	
161	101	4ced81526dc512a6	7			yes					-1	-1	-1	-1	-1	-1	162	
162	161	3892072864837aca	6			yes					-1	-1	-1	-1	-1	-1	
163	149	c7d60ac632ead8e9	6			yes					-1	-1	-1	-1	-1	173	
164	142	f8c845d3eaffd366	3			yes					165	-1	204	
165	164	f5a8f225869a398f	6			yes					-1	-1	-1	-1	-1	177	
166	101	eba8cd84e5607c48	7			yes					-1	-1	-1	-1	-1	-1	-1	
167	159	c03515a2cd267b9e	7			yes					-1	-1	-1	-1	-1	-1	-1	
168	111	bd2f6b98eaa8acec	4			no					-1	-1	-1	208	
169	17	71ddf14b90c02099	4			yes					-1	-1	-1	-1	
170	125	83bd32b3c20620eb	5			no					171	-2	-2	-2	-2	
171	170	a4d7180805e60337	4			no					-1	219	-2	-2	
172	108	c6fe55f46af326d7	5			yes					-1	-1	-1	-1	175	
173	163	e46c5141f7191f79	5			yes					-1	-1	-1	-1	-1	
174	73	3d95d19f51caefcd	4			yes					-1	-1	-1	-1	
175	172	b281d38e63b54ebb	4			yes					-1	-1	-1	-1	
176	108	61bb1922e2564839	5			yes					-1	-1	-1	-1	-1	
177	165	1394801659e8981c	5			yes					-1	-1	-1	-1	-1	
178	177	8aa113966e240ef3	4			no					-1	-2	-1	-2	
179	125	b41ab5325129791d	6			no					180	-2	-2	-2	-2	-2	
180	179	547bcb42410fd4df	5			no					181	-2	-2	-2	-2	
181	180	e8fcc8d66cfc0346	4			no					-1	-2	-2	-2	
182	146	4dd595751e5db618	5			no					-1	-1	-1	-2	-2	
183	138	57c6f04fd99dd706	6			no					-1	-1	-1	-1	-2	-2	
184	149	44a73284b61a692b	6			yes					-1	-1	-1	-1	-1	185	
185	184	671d690373e9aebb	5			yes					-1	-1	-1	-1	-1	
186	1	024c12f20bc60a43	6			no					187	-2	-2	-2	-2	-2	
187	186	24cc7b918ea570aa	5			no					188	-2	-2	-2	-2	
188	187	68cba812f3be015e	5			no					189	-2	-2	-2	-2	
189	188	4aed3d306393a854	4			no					222	-2	-2	-2	
190	189	31cc93342d85b842	5			no					191	212	-2	-2	-2	
191	190	4e02ecf9ee055522	4			yes					-1	-1	-1	-1	
192	16	a71162ed55a370aa	5			yes					-1	194	206	-1	214	
193	140	0a1a59fc2b128071	6			yes					-1	-1	-1	-1	-1	-1	
194	192	19030649017e0391	4			yes					-1	-1	-1	-1	
195	152	77bc51b3acfcff91	6			yes					-1	-1	-1	-1	-1	-1	
196	15	25a7b86d189d4406	7			no					197	-2	-2	-2	-2	-2	-2	
197	196	24f71fca7bc385da	6			no					198	-2	-2	-2	-2	-2	
198	197	cae9cf5938b0577a	5			no					-1	-1	-1	-1	211	
199	192	4d1173c852f2e53a	5			no					-1	-2	-1	-2	-2	
200	132	cd17fcfe611cba07	8			no					-1	-2	-2	-2	-2	-1	-2	-2	
201	127	fce8782aefcdfcd6	7			no					202	-2	-2	-2	-2	-2	-2	
202	201	2671cb0632c0223e	6			no					-1	-1	-1	-1	-2	-2	
203	192	9a6b04c26d3734d6	5			no					-1	-1	-1	-1	205	
204	164	0970edf221b5cf47	5			yes					-1	-1	-1	-1	-1	
205	203	b9d15f45a8c4f346	4			yes					-1	-1	-1	-1	
206	192	fb0dad364dad03bb	7			yes					-1	-1	-1	-1	-1	-1	207	
207	206	10cc9bf6f263aaef	6			yes					-1	-1	-1	-1	-1	-1	
208	168	e3019f7662bfd6a8	3			yes					-1	-1	-1	
209	117	8bc8b81cab048e55	7			no					-1	-1	-1	-1	-1	-1	-2	
210	40	594a677fbd51838c	4			no					-1	-1	-1	248	
211	198	330fd54444c2b988	4			no					-1	-1	-1	-2	
212	190	e3454511124be14a	4			no					-1	-1	-1	-2	
213	210	1e5c383078e379a8	6			no					-1	-2	-1	-2	-1	-2	
214	192	a47a2864a554e6e2	4			yes					-1	218	-1	-1	
215	73	90885dfdea5e9cb7	4			yes					-1	-1	-1	-1	
216	210	d47f72643e875c63	3			yes					220	-1	226	
217	216	7eef8e18e430b047	6			yes					-1	-1	-1	-1	-1	-1	
218	214	1a684cc0f18995d9	3			yes					-1	-1	-1	
219	171	625c21a212671f74	3			no					-1	-2	-2	
220	216	e1ad6f94dfc73a2a	6			yes					-1	-1	-1	-1	-1	-1	
221	16	b2a78aed4ac67dfb	5			no					-1	-1	234	-2	-2	
222	189	37e1efecd0d10fd9	5			no					223	-2	-2	-2	-2	
223	222	83ce3c0649b1eb78	4			no					-1	-1	-1	-2	
224	210	8cc4b2fe16170246	7			no					-1	245	-1	-2	-2	-2	-1	
225	115	123aba73572be8cc	7			yes					-1	-1	-1	-1	-1	-1	-1	
226	216	3b56ebba7111fe89	5			yes					-1	-1	-1	-1	-1	
227	221	fbf89ac14dc44b5b	4			no					228	-1	-1	250	
228	227	c8a0488d65071a05	7			yes					-1	-1	-1	-1	-1	-1	229	
229	228	23617e4ddac9b351	6			yes					-1	-1	-1	-1	-1	-1	
230	43	b61abe1cdb73c778	6			yes					-1	-1	-1	-1	-1	-1	
231	72	715fa42be6e77a94	5			no					232	233	-2	-2	-2	
232	231	913eda5bf6c1d756	4			yes					-1	-1	-1	-1	
233	231	bae0c954aed8be3d	4			no					-1	-1	-1	-2	
234	221	c6dde8ee903130e9	8			no					235	-2	-2	-2	-2	-2	-2	-2	
235	234	51d4cbc099894962	7			no					-1	-1	-1	-1	-1	-1	-2	
236	227	b06e94cab12c4d29	6			no					-1	-1	-1	-1	241	-2	
237	42	a261ac8381522d7c	5			no					-1	-1	238	247	-2	
238	237	3c24e82589aaa53f	4			yes					-1	-1	-1	-1	
239	227	412ff093f07d1aa3	6			no					-1	244	-1	-1	-2	-2	
240	237	be130f6dd4c2cd52	8			yes					-1	-1	-1	-1	-1	-1	-1	242	
241	236	d150f60d0b0a9e19	5			no					-1	-1	-1	-1	243	
242	240	55d239ad6b0c6406	7			yes					-1	-1	-1	-1	-1	-1	-1	
243	241	0325a5ff86c61e1c	4			yes					-1	-1	-1	-1	
244	239	ef8d2f8a8d992b3f	5			yes					-1	-1	-1	-1	-1	
245	224	169ed551dbfa5fda	6			no					-1	-1	-2	-2	-2	-1	
246	237	809459187ee38e95	4			no					-1	-1	-2	-2	
247	237	ba1dec0754bf473d	6			no					-1	-2	-2	-2	-2	-2	
248	210	a9dc0ec178acb2ee	6			no					249	-2	-2	-2	-2	-2	
249	248	fcdd02b31e3abcdf	5			no					-1	-2	-2	-2	-1	
250	227	f7332e6def22fc22	8			no					251	-2	-2	-2	-2	-2	-2	-2	
251	250	603a0d43e69a85a9	7			no					-1	-1	-1	-1	-1	-2	-2	
