Number of nodes
1115
ID	PID	Hash_Value			File_Number	Fully_Enumerated	Children
0	-1	895c1edc7eb0ad88	6			yes					1	273	668	-1	-1	-1	
1	0	e9968754b40cc578	4			yes					2	66	126	-1	
2	1	f0999df79ecd452d	5			yes					3	11	27	39	-1	
3	2	9cbb0ff1b258ce78	4			yes					4	5	7	-1	
4	3	ac43c6d40f42e9af	5			yes					-1	-1	-1	-1	-1	
5	3	f079f3b7c33633bf	4			yes					-1	-1	-1	6	
6	5	44362a5f6da53d97	3			yes					-1	-1	-1	
7	3	b668492f8d2381bd	5			yes					-1	-1	8	9	10	
8	7	99ab650bfae4b6b8	5			yes					-1	-1	-1	-1	-1	
9	7	3877183091b277e5	4			yes					-1	-1	-1	-1	
10	7	65f3271958da4fd1	4			yes					-1	-1	-1	-1	
11	2	fbf98cee1b21438f	4			yes					-1	12	16	-1	
12	11	4fae31fa6f1b0c7a	5			yes					13	14	-1	-1	15	
13	12	72c7e7fa7c3a71c1	4			yes					-1	-1	-1	-1	
14	12	0b6497a1596e3074	4			yes					-1	-1	-1	-1	
15	12	fbe1e812c1880252	4			yes					-1	-1	-1	-1	
16	11	09bf8b62210ebe78	6			yes					17	19	-1	21	-1	23	
17	16	c0b14496e9d7abe5	5			yes					-1	-1	-1	-1	18	
18	17	8319a0789ec0080c	4			yes					-1	-1	-1	-1	
19	16	557e74a452c78c19	6			yes					-1	-1	-1	-1	-1	20	
20	19	16d6904a25d02ff0	5			yes					-1	-1	-1	-1	-1	
21	16	a7cecfb5e3b7919f	5			yes					-1	-1	-1	-1	22	
22	21	e4662b5b94a03276	4			yes					-1	-1	-1	-1	
23	16	da24e554f4f77014	5			yes					24	25	-1	26	-1	
24	23	3de565ea08ad62e7	5			yes					-1	-1	-1	-1	-1	
25	23	a82a55d8b3bd451b	6			yes					-1	-1	-1	-1	-1	-1	
26	23	5a9aeec902cd589d	5			yes					-1	-1	-1	-1	-1	
27	2	e8e97229bf5ed062	4			yes					-1	-1	28	-1	
28	27	73f098a8fbf03147	5			yes					29	31	33	-1	35	
29	28	9174a486c7e842f1	5			yes					-1	-1	-1	-1	30	
30	29	d2dc4068b0ffe118	4			yes					-1	-1	-1	-1	
31	28	982a639b3ef7e394	6			yes					-1	-1	-1	-1	-1	32	
32	31	db82877549e0407d	5			yes					-1	-1	-1	-1	-1	
33	28	cd9ce224ec8579eb	6			yes					-1	-1	-1	-1	-1	34	
34	33	8e3406ca9b92da02	5			yes					-1	-1	-1	-1	-1	
35	28	a06bf69e2e09ff2b	4			yes					36	37	38	-1	
36	35	6c2085fa26928bf3	5			yes					-1	-1	-1	-1	-1	
37	35	657e42e7df8d2a96	6			yes					-1	-1	-1	-1	-1	-1	
38	35	30c8c3580dffb0e9	6			yes					-1	-1	-1	-1	-1	-1	
39	2	08881077c0d24fc1	6			yes					40	50	56	58	62	64	
40	39	35e1c677d3f3327a	5			yes					41	43	44	46	47	
41	40	19ff50527c7fb251	5			yes					-1	-1	-1	-1	42	
42	41	5a57b4bc0b6811b8	4			yes					-1	-1	-1	-1	
43	40	9795b81e170a3bd2	5			yes					-1	-1	-1	-1	-1	
44	40	13720aefdbed836d	4			yes					-1	-1	-1	45	
45	44	50daee01acfa2084	3			yes					-1	-1	-1	
46	40	9225b4aa5d228f0c	4			yes					-1	-1	-1	-1	
47	40	e67aa841060afc16	4			yes					48	-1	49	-1	
48	47	e4ab712e9d057b53	5			yes					-1	-1	-1	-1	-1	
49	47	ee262b933a974a6f	4			yes					-1	-1	-1	-1	
50	39	4c42b62cf6a773cf	5			yes					-1	51	52	-1	54	
51	50	328490ac9ffe3592	5			yes					-1	-1	-1	-1	-1	
52	50	a12cbff62c9869e5	5			yes					-1	-1	-1	-1	53	
53	52	e2845b185b8fca0c	4			yes					-1	-1	-1	-1	
54	50	9fd9d81a235ebda3	4			yes					-1	-1	55	-1	
55	54	5c789e8acde2a0e7	5			yes					-1	-1	-1	-1	-1	
56	39	74316e27a02b3973	6			yes					-1	-1	-1	-1	-1	57	
57	56	37998ac9d73c9a9a	5			yes					-1	-1	-1	-1	-1	
58	39	333462042be95d7b	5			yes					-1	-1	59	-1	60	
59	58	8b9ddce2d4f14bfb	5			yes					-1	-1	-1	-1	-1	
60	58	0d82fdaa8db648ce	5			yes					-1	-1	-1	-1	61	
61	60	b37e38381bdb2225	4			yes					-1	-1	-1	-1	
62	39	86974168dc43b999	5			yes					-1	-1	-1	-1	63	
63	62	550c2f5e09ba77f5	4			yes					-1	-1	-1	-1	
64	39	db137e41152b81ad	5			yes					-1	-1	65	-1	-1	
65	64	89654f5b4151f071	6			yes					-1	-1	-1	-1	-1	-1	
66	1	d002ec9d5c6202b2	5			yes					67	88	100	111	122	
67	66	dff405af88f15a63	4			yes					68	73	75	80	
68	67	0c1c45d8869fc3a2	5			yes					69	70	71	-1	72	
69	68	1e77ce7c5c19c300	4			yes					-1	-1	-1	-1	
70	68	aaaeb02898174952	4			yes					-1	-1	-1	-1	
71	68	98ad5096d748f276	4			yes					-1	-1	-1	-1	
72	68	8c6f8a773115031c	4			yes					-1	-1	-1	-1	
73	67	e1dccc04622dc4f1	4			yes					-1	-1	-1	74	
74	73	61af03abd5a7044f	3			yes					-1	-1	-1	
75	67	20cc89da1e5304a6	5			yes					-1	76	77	-1	79	
76	75	036480e66dc3211c	4			yes					-1	-1	-1	-1	
77	75	b47d9c944f843572	4			yes					-1	-1	-1	-1	
78	75	7f58ab39edaebacd	4			no					-1	-2	-2	-2	
79	75	a8d998b92afbbe06	4			yes					-1	-1	-1	-1	
80	67	4f6e8df288584b72	5			yes					81	82	85	-1	87	
81	80	0f3a2bda73195f71	4			yes					-1	-1	-1	-1	
82	80	6cc684cefbc86ec8	4			yes					-1	83	-1	84	
83	82	f8779180aa1f5f1c	3			yes					-1	-1	-1	
84	82	78e2520b0e5a9d4d	3			yes					-1	-1	-1	
85	80	dbdf98bcd98f7aa6	4			yes					-1	-1	-1	86	
86	85	cffb4e792c1d8923	3			yes					-1	-1	-1	
87	80	5b4a5b377dcab8f7	4			yes					-1	-1	-1	-1	
88	66	ee87586384b7e2ef	4			yes					-1	89	91	94	
89	88	08101b3a8b814a00	5			yes					90	-1	-1	-1	-1	
90	89	28644834f0881a91	4			yes					-1	-1	-1	-1	
91	88	669a673e4d2659c4	5			yes					-1	-1	92	-1	93	
92	91	f22b72701cf16810	4			yes					-1	-1	-1	-1	
93	91	ee8f765d798ee364	4			yes					-1	-1	-1	-1	
94	88	09386316db2d1610	5			yes					95	96	97	-1	99	
95	94	294c3018a0244681	4			yes					-1	-1	-1	-1	
96	94	0ce671e87b802a5a	4			yes					-1	-1	-1	-1	
97	94	9d8976588afa27c4	4			yes					-1	-1	-1	98	
98	97	89ada09d7f68d441	3			yes					-1	-1	-1	
99	94	1d1cb5d32ebfe595	4			yes					-1	-1	-1	-1	
100	66	debaa49a0dcfeaa1	4			yes					-1	-1	101	103	
101	100	43e488b325f1de5d	5			yes					-1	-1	-1	-1	102	
102	101	cbf199d0115964fd	4			yes					-1	-1	-1	-1	
103	100	2c468c9bb3fa9189	5			yes					104	106	108	109	110	
104	103	0c32df95c8f3c118	4			yes					-1	-1	-1	105	
105	104	181609503d61329d	3			yes					-1	-1	-1	
106	103	15ab2048a07db358	4			yes					-1	-1	-1	107	
107	106	018ff68d55ef40dd	3			yes					-1	-1	-1	
108	103	a1bac87539d0395f	4			yes					-1	-1	-1	-1	
109	103	80416df617362913	4			yes					-1	-1	-1	-1	
110	103	38625a5e4668620c	4			yes					-1	-1	-1	-1	
111	66	7901d02f8d9c62e5	6			yes					112	113	114	117	119	121	
112	111	59758321f6953274	5			yes					-1	-1	-1	-1	-1	
113	111	40ec7cfc9e1b4034	5			yes					-1	-1	-1	-1	-1	
114	111	5aa9d913fe0c475f	5			yes					-1	-1	115	-1	116	
115	114	ce18cc5dafdb768b	4			yes					-1	-1	-1	-1	
116	114	d2bcc870caa4fdff	4			yes					-1	-1	-1	-1	
117	111	edb0c561dc4b5331	5			yes					-1	-1	-1	-1	118	
118	117	65a5d402e8e3e991	4			yes					-1	-1	-1	-1	
119	111	2695f2cc7e61dc8e	5			yes					-1	-1	-1	-1	-1	
120	119	053dfbf00df1f934	4			no					-1	-1	-2	-2	
121	111	f114c14cb934d845	5			yes					-1	-1	-1	-1	-1	
122	66	7e0d6b46864b62d3	4			yes					-1	-1	-1	123	
123	122	30f4f4ab5703186e	5			yes					-1	-1	124	125	-1	
124	123	135cfd9724933dd4	4			yes					-1	-1	-1	-1	
125	123	a445e1e506d429ba	4			yes					-1	-1	-1	-1	
126	1	718830ea14c40af2	6			yes					127	149	169	189	206	223	
127	126	6f323e9080a15bf4	5			yes					128	133	141	146	148	
128	127	2f6698b87be04ff7	4			yes					129	130	-1	131	
129	128	b1a18ac526164469	4			yes					-1	-1	-1	-1	
130	128	e4e22be82384edb9	4			yes					-1	-1	-1	-1	
131	128	bdb0d12738b6ed7e	5			yes					-1	-1	-1	-1	132	
132	131	190f5d86c996bd28	4			yes					-1	-1	-1	-1	
133	127	d99e9f074a88b417	4			yes					-1	134	136	137	
134	133	3629af6b4a017e09	5			yes					135	-1	-1	-1	-1	
135	134	8ebde1e22b8daadb	4			yes					-1	-1	-1	-1	
136	133	9868e2a3a8bb8fd8	4			yes					-1	-1	-1	-1	
137	133	4f47b7dc93d33c19	3			yes					-1	139	140	
138	137	32be57a8db9dc133	4			no					-1	-1	-1	-2	
139	137	617f62d4cfb61b0a	5			yes					-1	-1	-1	-1	-1	
140	137	740d840e1adfeaa0	4			yes					-1	-1	-1	-1	
141	127	548e4ce36b9a494e	4			yes					-1	-1	142	143	
142	141	3fcab4a0b19e00f8	5			yes					-1	-1	-1	-1	-1	
143	141	c2576438b2c1c140	3			yes					-1	-1	145	
144	143	efddac14928d6d1c	4			no					-1	-2	-1	-2	
145	143	7ac7380fed591bc9	5			yes					-1	-1	-1	-1	-1	
146	127	5b9d5d1703086154	4			yes					-1	-1	-1	147	
147	146	cd4475ccda53e95a	3			yes					-1	-1	-1	
148	127	f9eb164b59fad3fa	4			yes					-1	-1	-1	-1	
149	126	ce8b7e3bc237fc9e	5			yes					150	158	162	166	168	
150	149	eeff2d35b93eac0f	4			yes					151	152	153	154	
151	150	d041f36ed36ed9d4	5			yes					-1	-1	-1	-1	-1	
152	150	70aa046543704174	4			yes					-1	-1	-1	-1	
153	150	4825aa95c2dc8349	4			yes					-1	-1	-1	-1	
154	150	782605ee60652401	3			yes					155	156	157	
155	154	5792c1773c584d25	5			yes					-1	-1	-1	-1	-1	
156	154	7b958399f279c1d1	4			yes					-1	-1	-1	-1	
157	154	ecc3ff120e5a2b2b	4			yes					-1	-1	-1	-1	
158	149	b9be6a21cac0f085	4			yes					-1	159	-1	160	
159	158	e3cdbdc1e53c3b80	4			yes					-1	-1	-1	-1	
160	158	6a79140da88e2eee	5			yes					-1	-1	-1	-1	161	
161	160	cec698ac59ae7eb8	4			yes					-1	-1	-1	-1	
162	149	f5370c48290cee24	4			yes					-1	-1	163	164	
163	162	620b48681d8ea444	5			yes					-1	-1	-1	-1	-1	
164	162	63ee2493f057662a	3			yes					-1	-1	165	
165	164	2706c4c74149bf75	5			yes					-1	-1	-1	-1	-1	
166	149	fa241dbc419ec63e	4			yes					-1	-1	-1	167	
167	166	6cfd356798c54e30	3			yes					-1	-1	-1	
168	149	585256e01b6c7490	4			yes					-1	-1	-1	-1	
169	126	339440eb6ddb5b30	5			yes					170	179	184	186	188	
170	169	13e013e516d20ba1	4			yes					171	173	174	175	
171	170	f2c3101606282882	5			yes					-1	-1	-1	-1	172	
172	171	d1afaeae183eec25	4			yes					-1	-1	-1	-1	
173	170	bbde54b5ad4a8add	4			yes					-1	-1	-1	-1	
174	170	b0c9e4bd68970956	4			yes					-1	-1	-1	-1	
175	170	85393b3ecf8983af	3			yes					176	-1	178	
176	175	7510220fe91ebc73	5			yes					-1	-1	-1	-1	-1	
177	175	644a26e75aa8caba	4			no					-1	-1	-1	-2	
178	175	142fb13aa411a134	4			yes					-1	-1	-1	-1	
179	169	0a79ec387e5c79e1	4			yes					-1	180	181	182	
180	179	1c600ef18d4cbf9d	5			yes					-1	-1	-1	-1	-1	
181	179	bb2dd477fe100554	4			yes					-1	-1	-1	-1	
182	179	9ca0c4e3a707f1ef	3			yes					-1	-1	183	
183	182	1fcb81f03296ad36	4			yes					-1	-1	-1	-1	
184	169	bbefb481327cc0ee	4			yes					-1	-1	-1	185	
185	184	1a118f991e44249a	5			yes					-1	-1	-1	-1	-1	
186	169	073b236cee726190	4			yes					-1	-1	-1	187	
187	186	91e20bb73729e99e	3			yes					-1	-1	-1	
188	169	a54d6830b480d33e	4			yes					-1	-1	-1	-1	
189	126	e8724b3dcb22d664	5			yes					190	197	201	203	204	
190	189	c8061833b02b86f5	4			yes					191	193	-1	194	
191	190	58d5897506711352	5			yes					-1	-1	-1	-1	192	
192	191	7bb937cd1867d7f5	4			yes					-1	-1	-1	-1	
193	190	21bf0b12b7616424	4			yes					-1	-1	-1	-1	
194	190	5edf30e869700efb	3			yes					195	196	-1	
195	194	df06bb6ce94787a3	5			yes					-1	-1	-1	-1	-1	
196	194	75b49c8414b070cb	4			yes					-1	-1	-1	-1	
197	189	d19fe7eed8a5f4b5	4			yes					-1	198	-1	199	
198	197	e3fd64770dbf7ff7	5			yes					-1	-1	-1	-1	-1	
199	197	4746cf3501fe7cbb	3			yes					-1	200	-1	
200	199	b7f6f3e1ae6e6b18	5			yes					-1	-1	-1	-1	-1	
201	189	5edeeaaa010b3987	4			yes					-1	-1	-1	202	
202	201	c807c271d850b189	3			yes					-1	-1	-1	
203	189	ef2db9c6d1a8bb0f	5			yes					-1	-1	-1	-1	-1	
204	189	7eab63e612795e6a	4			yes					-1	-1	-1	205	
205	204	1f67b0f10f6832ac	5			yes					-1	-1	-1	-1	-1	
206	126	43cb5ef2155aefc3	5			yes					207	213	218	221	222	
207	206	63bf0dfc6e53bf52	4			yes					208	210	211	-1	
208	207	a8301be26ef626dc	5			yes					-1	-1	-1	-1	-1	
209	208	a091bd9a878f1d23	4			no					-1	-1	-2	-2	
210	207	3a447efd7ffd333d	4			yes					-1	-1	-1	-1	
211	207	430e46680cb762cc	5			yes					-1	-1	-1	-1	212	
212	211	6062f8d012a1a66b	4			yes					-1	-1	-1	-1	
213	206	7a26f22106ddcd12	4			yes					-1	214	216	-1	
214	213	d9492b0f300caa44	5			yes					-1	-1	-1	-1	215	
215	214	d1e88d77d97591bb	4			yes					-1	-1	-1	-1	
216	213	e8de132f487f5c6b	5			yes					-1	-1	-1	-1	217	
217	216	cbb2ad97566998cc	4			yes					-1	-1	-1	-1	
218	206	f567ff65df730020	4			yes					-1	-1	219	-1	
219	218	27ea5bb689b184bd	6			yes					-1	-1	-1	-1	-1	220	
220	219	0486e50e97a7401a	5			yes					-1	-1	-1	-1	-1	
221	206	78772c81fe61fd79	4			yes					-1	-1	-1	-1	
222	206	94892c39499c8f19	4			yes					-1	-1	-1	-1	
223	126	a387aa5db8d7648c	5			yes					224	234	244	254	262	
224	223	5dde8457bf526549	5			yes					225	226	230	233	-1	
225	224	1d8a227f4413714a	4			yes					-1	-1	-1	-1	
226	224	eb7225c0757b8aaa	4			yes					227	228	229	-1	
227	226	92d11ddb317856c0	4			yes					-1	-1	-1	-1	
228	226	d7c8d7a79b66d653	5			yes					-1	-1	-1	-1	-1	
229	226	fe65f63025b9222b	4			yes					-1	-1	-1	-1	
230	224	6662f624546977f3	4			yes					231	-1	232	-1	
231	230	4441084e34d327ed	4			yes					-1	-1	-1	-1	
232	230	f4f912c5d0509508	5			yes					-1	-1	-1	-1	-1	
233	224	6971e7d03cfb5fe9	4			yes					-1	-1	-1	-1	
234	223	fc67c4fcfdc4c223	5			yes					235	239	241	243	-1	
235	234	dc1397f286cd92b2	4			yes					236	237	238	-1	
236	235	01a0a027f18fc9df	5			yes					-1	-1	-1	-1	-1	
237	235	d00927c354278b20	4			yes					-1	-1	-1	-1	
238	235	d7e95a3e3e70fd53	4			yes					-1	-1	-1	-1	
239	234	8b52d0e6f533ce38	4			yes					-1	240	-1	-1	
240	239	ba7e09c86ae7c532	4			yes					-1	-1	-1	-1	
241	234	c7dbb68f16ffd099	4			yes					-1	-1	242	-1	
242	241	a938ee0d7c4031b4	5			yes					-1	-1	-1	-1	-1	
243	234	c8c8a77b7e6df883	4			yes					-1	-1	-1	-1	
244	223	0178fa2c5228658d	5			yes					245	249	252	253	-1	
245	244	210ca9222921351c	4			yes					246	247	248	-1	
246	245	2322435f24c93889	5			yes					-1	-1	-1	-1	-1	
247	245	74f92f6ab4ccb6f4	4			yes					-1	-1	-1	-1	
248	245	2f051416943b774c	4			yes					-1	-1	-1	-1	
249	244	389556ff41af475c	4			yes					-1	250	251	-1	
250	249	cd815db8afadaf96	5			yes					-1	-1	-1	-1	-1	
251	249	24e124dc02bc7b4e	4			yes					-1	-1	-1	-1	
252	244	89030e460d8ffe53	4			yes					-1	-1	-1	-1	
253	244	35d799abd1815f2d	4			yes					-1	-1	-1	-1	
254	223	da9ef1faf4d1e8d9	5			yes					255	258	260	261	-1	
255	254	faeaa2f48fd8b848	4			yes					256	257	-1	-1	
256	255	8934da3c24900359	5			yes					-1	-1	-1	-1	-1	
257	255	ad66d31da7d3ecfc	4			yes					-1	-1	-1	-1	
258	254	e3735d29e756ca08	4			yes					-1	259	-1	-1	
259	258	6f24bc781d0df72f	5			yes					-1	-1	-1	-1	-1	
260	254	6c32506d3ef8073a	4			yes					-1	-1	-1	-1	
261	254	a3e0dbabaa06ec9b	5			yes					-1	-1	-1	-1	-1	
262	223	db9c8206dc74e32a	5			yes					263	267	270	272	-1	
263	262	fbe8d108a77db3bb	4			yes					264	265	266	-1	
264	263	95523a6adbc1ba6d	5			yes					-1	-1	-1	-1	-1	
265	263	07265f75cacaaf8c	4			yes					-1	-1	-1	-1	
266	263	92ef15212e5672c7	5			yes					-1	-1	-1	-1	-1	
267	262	e2712ed5cff3c1fb	4			yes					-1	268	269	-1	
268	267	e42b0a87853b36f5	5			yes					-1	-1	-1	-1	-1	
269	267	393f40666a9e4c60	5			yes					-1	-1	-1	-1	-1	
270	262	6d302391165d0cc9	4			yes					-1	-1	271	-1	
271	270	f60b08ffab5094b6	6			yes					-1	-1	-1	-1	-1	-1	
272	262	e020f075374ff190	4			yes					-1	-1	-1	-1	
273	0	a76b6a78f57d3f2b	4			yes					274	376	455	504	
274	273	498b340ab2170a22	5			yes					275	284	322	351	369	
275	274	e4e6d24bb2c3d50b	5			yes					276	277	279	281	283	
276	275	038822fa501504e5	4			yes					-1	-1	-1	-1	
277	275	78cc457224ab2e97	4			yes					-1	-1	-1	278	
278	277	3bc906d0df2414c7	5			yes					-1	-1	-1	-1	-1	
279	275	df5aa03859f8c7b1	4			yes					-1	-1	-1	280	
280	279	314b4843e63f4b7e	4			yes					-1	-1	-1	-1	
281	275	cc24a7c6360e6e9e	4			yes					-1	-1	-1	282	
282	281	d529499362e7de54	4			yes					-1	-1	-1	-1	
283	275	683a60761b48835d	4			yes					-1	-1	-1	-1	
284	274	d754ec08dcd1a3c3	4			yes					285	289	301	305	
285	284	7e67df033492e350	4			yes					286	-1	-1	287	
286	285	99092fb2d64432be	3			yes					-1	-1	-1	
287	285	f2bb6d3e9d19b506	3			yes					-1	-1	288	
288	287	daaa88b687d88334	4			yes					-1	-1	-1	-1	
289	284	2e22b401b462a7f7	5			yes					290	293	296	298	300	
290	289	1259ed36d58562a9	4			yes					-1	-1	-1	291	
291	290	d93f8fedebc4dd2e	5			yes					-1	-1	-1	-1	292	
292	291	42baaf153b4f3907	4			yes					-1	-1	-1	-1	
293	289	06dd3ff5d34790de	4			yes					-1	-1	-1	294	
294	293	b4ff888abed7c4f2	5			yes					-1	-1	-1	-1	295	
295	294	2f7aa8726e5c20db	4			yes					-1	-1	-1	-1	
296	289	ed4cbbfce0b56b2f	4			yes					-1	-1	-1	-1	
297	296	05e60ec8857f0ff3	5			yes					-1	-1	-1	-1	-1	
298	289	5b366f03fb9e68f9	4			yes					-1	-1	-1	299	
299	298	bd6006d3d8e8e6c7	5			yes					-1	-1	-1	-1	-1	
300	289	a2fe063c1de9f1a1	4			yes					-1	-1	-1	-1	
301	284	77317462f1468cf8	4			yes					302	303	-1	304	
302	301	4b4a2d5590a149a6	3			yes					-1	-1	-1	
303	301	5fceff969663bbd1	3			yes					-1	-1	-1	
304	301	9cff26a9596569a9	3			yes					-1	-1	-1	
305	284	d888b30fe2b65613	5			yes					306	314	319	320	321	
306	305	e4f3ea388351934d	4			yes					307	-1	309	310	
307	306	7219fb6528f90e07	5			yes					-1	-1	-1	-1	308	
308	307	5c2e7bdf499ebdcb	4			yes					-1	-1	-1	-1	
309	306	2c172a54847c8fe4	4			yes					-1	-1	-1	-1	
310	306	88460a13bc4f1762	3			yes					311	-1	312	
311	310	c7ab5b27991559e2	5			yes					-1	-1	-1	-1	-1	
312	310	cec8ad327c5e3785	5			yes					-1	-1	-1	-1	313	
313	312	fbb383abc4caae17	4			yes					-1	-1	-1	-1	
314	305	f07738fb8593613a	4			yes					-1	-1	315	316	
315	314	a42a11a479d3cbf3	4			yes					-1	-1	-1	-1	
316	314	9cc2d8d0ba8de515	3			yes					-1	-1	317	
317	316	46f596c281f17392	5			yes					-1	-1	-1	-1	318	
318	317	738eb85b3965ea00	4			yes					-1	-1	-1	-1	
319	305	e2733afe1c04c246	5			yes					-1	-1	-1	-1	-1	
320	305	f04ac682667bed86	4			yes					-1	-1	-1	-1	
321	305	b43d5324dda8d23c	4			yes					-1	-1	-1	-1	
322	274	51fbdbd493849f6d	4			yes					323	-1	327	333	
323	322	ce9e65616383b008	4			yes					324	-1	-1	325	
324	323	29f095d0815561e6	3			yes					-1	-1	-1	
325	323	4242d75cca08e65e	3			yes					-1	326	-1	
326	325	39569ffe1cc396fd	5			yes					-1	-1	-1	-1	-1	
327	322	ba44af77a4c972a2	5			yes					328	329	330	331	332	
328	327	863ff640c52eb7fc	4			yes					-1	-1	-1	-1	
329	327	92bb2483c3ec458b	4			yes					-1	-1	-1	-1	
330	327	0ce80ee06ee09d41	4			yes					-1	-1	-1	-1	
331	327	a0f61d29d037a874	4			yes					-1	-1	-1	-1	
332	327	b89ac10ab815c742	4			yes					-1	-1	-1	-1	
333	322	f79b23ab4d435597	5			yes					334	342	347	349	350	
334	333	cbe07a9c2ca490c9	4			yes					335	337	-1	339	
335	334	69efcd81291d8d90	5			yes					-1	-1	-1	-1	336	
336	335	47d84d3b487a3e5c	4			yes					-1	-1	-1	-1	
337	334	e81382d02b2a4360	4			yes					-1	-1	-1	338	
338	337	c624026a4a4df0ac	3			yes					-1	-1	-1	
339	334	a7559ab713ba14e6	3			yes					340	341	-1	
340	339	dc5d6dc398f1da75	5			yes					-1	-1	-1	-1	-1	
341	339	5da122929ac61485	4			yes					-1	-1	-1	-1	
342	333	df64a85f2a6662be	4			yes					-1	343	-1	345	
343	342	6bb770e342ab86c9	5			yes					-1	-1	-1	-1	344	
344	343	4580f05923cc3505	4			yes					-1	-1	-1	-1	
345	342	b3d148741578e691	3			yes					-1	346	-1	
346	345	de05d0a1f347d12c	5			yes					-1	-1	-1	-1	-1	
347	333	4137823c876aba74	4			yes					-1	-1	-1	348	
348	347	2d826217b8743e5b	3			yes					-1	-1	-1	
349	333	380e6bbe65790cdc	5			yes					-1	-1	-1	-1	-1	
350	333	9b2ec380725dd1b8	4			yes					-1	-1	-1	-1	
351	274	4c2ce8f517db9513	4			yes					352	-1	-1	354	
352	351	ab36473037a6dd99	4			yes					353	-1	-1	-1	
353	352	4c58b781d5700c77	3			yes					-1	-1	-1	
354	351	d681af18b238631d	5			yes					355	361	365	367	368	
355	354	eafaf62fd3dfa643	4			yes					356	358	360	-1	
356	355	da9f6443d8849a78	5			yes					-1	-1	-1	-1	357	
357	356	f4a8e4f9b9e329b4	4			yes					-1	-1	-1	-1	
358	355	3f6065834d3a3b1a	4			yes					-1	-1	-1	359	
359	358	1157e5392c5d88d6	3			yes					-1	-1	-1	
360	355	1d68348575e1a23e	4			yes					-1	-1	-1	-1	
361	354	fe7e24ecd51d5434	4			yes					-1	362	364	-1	
362	361	88b543413425666d	5			yes					-1	-1	-1	-1	363	
363	362	a682c3fb5542d5a1	4			yes					-1	-1	-1	-1	
364	361	3070a51d581a3446	4			yes					-1	-1	-1	-1	
365	354	602d0e8f78118cfe	4			yes					-1	-1	366	-1	
366	365	f715f2bdb36ef3cb	5			yes					-1	-1	-1	-1	-1	
367	354	ed3ddd6b590371a7	4			yes					-1	-1	-1	-1	
368	354	9994012727d00f2e	4			yes					-1	-1	-1	-1	
369	274	749f94c319b8528d	4			yes					370	-1	-1	-1	
370	369	048f805d24560772	5			yes					371	372	374	375	-1	
371	370	e3e170ecc680d69c	4			yes					-1	-1	-1	-1	
372	370	8e7ba6926ec84322	5			yes					-1	-1	-1	-1	373	
373	372	a04c26280faff0ee	4			yes					-1	-1	-1	-1	
374	370	64538195b6cbb338	4			yes					-1	-1	-1	-1	
375	370	d472ebe0b90defc3	4			yes					-1	-1	-1	-1	
376	273	cd4221148c20ff4a	5			yes					377	390	409	430	445	
377	376	73e9f0c085fa092d	5			yes					378	380	384	386	389	
378	377	9f98079f08b925c2	4			yes					379	-1	-1	-1	
379	378	eee093d06acb47b9	3			yes					-1	-1	-1	
380	377	0291648fe7886b56	4			yes					-1	-1	381	383	
381	380	2a5311026345d0c3	3			yes					-1	-1	382	
382	381	1ac9d7c5f4002585	5			yes					-1	-1	-1	-1	-1	
383	380	8e4dd6b24e033d00	3			yes					-1	-1	-1	
384	377	3917a4a0c277a357	4			yes					-1	-1	-1	385	
385	384	813fcd0d86d73a44	5			yes					-1	-1	-1	-1	-1	
386	377	5b2b854d0137b2b8	4			yes					-1	-1	-1	387	
387	386	e51adac7e9da5be8	6			yes					-1	-1	-1	388	-1	-1	
388	387	673950eb68889a1b	5			yes					-1	-1	-1	-1	-1	
389	377	ff3542fd2c715f7b	4			yes					-1	-1	-1	-1	
390	376	7951a369dc09022a	4			yes					391	397	399	401	
391	390	007f795853720202	5			yes					392	393	394	395	396	
392	391	1214f2fc89f402a0	4			yes					-1	-1	-1	-1	
393	391	8dc93e671cfbffdb	4			yes					-1	-1	-1	-1	
394	391	3bc30b2bb84910b8	4			yes					-1	-1	-1	-1	
395	391	28bd0cd5d7bfb997	4			yes					-1	-1	-1	-1	
396	391	8ca3cb65faf95454	4			yes					-1	-1	-1	-1	
397	390	844b9ef46ba4862d	5			yes					-1	-1	-1	-1	398	
398	397	08972cc9c22fd07b	4			yes					-1	-1	-1	-1	
399	390	efadf36bbb7bf16b	4			yes					400	-1	-1	-1	
400	399	ec7f4b4c1d0888d1	3			yes					-1	-1	-1	
401	390	40143406a88b2b80	5			yes					402	403	405	406	408	
402	401	43c68c210ef8523a	4			yes					-1	-1	-1	-1	
403	401	c626499210f9f267	4			yes					-1	-1	-1	404	
404	403	aa93a9b92fe77648	3			yes					-1	-1	-1	
405	401	c1975015a5d29fe7	4			yes					-1	-1	-1	-1	
406	401	68d6418b2c469015	4			yes					-1	-1	-1	407	
407	406	0463a1a01358143a	3			yes					-1	-1	-1	
408	401	2ca1d42d9795afaf	4			yes					-1	-1	-1	-1	
409	376	85c04f119b32d963	4			yes					410	-1	415	418	
410	409	821523419a250565	5			yes					-1	411	-1	-1	413	
411	410	f36db70ef857671e	4			yes					-1	-1	-1	412	
412	411	40abb141234e9ba9	6			yes					-1	-1	-1	-1	-1	-1	
413	410	0ec9917c33ae5333	4			yes					-1	-1	-1	414	
414	413	c743a249dafd9a82	6			yes					-1	-1	-1	-1	-1	-1	
415	409	44be64f1d163a5ea	5			yes					-1	416	417	-1	-1	
416	415	2266f942347058a2	4			yes					-1	-1	-1	-1	
417	415	35c6f0beb311c791	4			yes					-1	-1	-1	-1	
418	409	eb07a39cc2937f01	6			yes					419	420	423	425	428	429	
419	418	16f969268d0ec9a3	5			yes					-1	-1	-1	-1	-1	
420	418	8ddf3e2f27808249	5			yes					-1	421	-1	-1	422	
421	420	fca7aa6045f2e032	4			yes					-1	-1	-1	-1	
422	420	e16ade04189e0666	4			yes					-1	-1	-1	-1	
423	418	9a7f37d3a0e11d7a	5			yes					-1	-1	-1	-1	424	
424	423	f6cad7f89fff9955	4			yes					-1	-1	-1	-1	
425	418	5005247d9ac1d933	5			yes					-1	426	-1	-1	427	
426	425	36ddb9ce7fd2247b	4			yes					-1	-1	-1	-1	
427	425	3cb0c456a5df5d1c	4			yes					-1	-1	-1	-1	
428	418	c3c5d611465ec494	5			yes					-1	-1	-1	-1	-1	
429	418	87b243b7fd8dfb2e	5			yes					-1	-1	-1	-1	-1	
430	376	c8e5fdeb29ec607b	4			yes					431	-1	-1	434	
431	430	3c3965bb009f01bf	4			yes					432	433	-1	-1	
432	431	d04892e48ddc2d50	3			yes					-1	-1	-1	
433	431	4d41f1f462ed63c4	3			yes					-1	-1	-1	
434	430	11994b84f37720c0	5			yes					435	438	441	443	444	
435	434	124bf3a35504597a	4			yes					436	437	-1	-1	
436	435	ee160e89127cc9a5	6			yes					-1	-1	-1	-1	-1	-1	
437	435	2f4503db327fcd46	5			yes					-1	-1	-1	-1	-1	
438	434	7741d6371664dd88	4			yes					-1	439	-1	440	
439	438	063942787416bff3	3			yes					-1	-1	-1	
440	438	38547808838cb1bb	3			yes					-1	-1	-1	
441	434	60e1dfcb910542bb	4			yes					-1	-1	-1	442	
442	441	2ff471f404ed2e88	3			yes					-1	-1	-1	
443	434	5b671fe4b4fa8aba	4			yes					-1	-1	-1	-1	
444	434	5e8ce5bb669f4cf3	4			yes					-1	-1	-1	-1	
445	376	f05681dd278fa7e5	4			yes					446	-1	-1	-1	
446	445	9380a2d6136fdb54	5			yes					447	448	450	451	-1	
447	446	7ff155899e2cf7bb	4			yes					-1	-1	-1	-1	
448	446	e2f83699711db92f	4			yes					-1	-1	449	-1	
449	448	1b9275b62fea1412	5			yes					-1	-1	-1	-1	-1	
450	446	60502fb80b8121ee	5			yes					-1	-1	-1	-1	-1	
451	446	bb42d75b97a260c1	4			yes					-1	-1	-1	453	
452	451	cbfb10f3847cc8d4	5			no					-1	-2	-2	-1	-2	
453	451	069effd2ca12d21e	7			yes					-1	-1	-1	-1	-1	-1	454	
454	453	33e5d14b72864b8c	6			yes					-1	-1	-1	-1	-1	-1	
455	273	1083a6e2eb0d967a	5			yes					456	465	483	492	499	
456	455	d643db16109f3229	5			yes					457	458	461	463	464	
457	456	b805c0308ad1417e	4			yes					-1	-1	-1	-1	
458	456	60ef7a81dab6ddca	4			yes					-1	459	460	-1	
459	458	1ce6cb061a171c53	3			yes					-1	-1	-1	
460	458	426e49d3382161b2	3			yes					-1	-1	-1	
461	456	aa4a6a91d03ef3b0	4			yes					-1	-1	462	-1	
462	461	88cb59c332a94fc8	3			yes					-1	-1	-1	
463	456	f4c2e844f2088e51	4			yes					-1	-1	-1	-1	
464	456	866238647251e155	4			yes					-1	-1	-1	-1	
465	455	97d9b4913014858c	4			yes					466	470	476	479	
466	465	43e4eae0ef991c1c	5			yes					467	-1	468	469	-1	
467	466	518f6144351f1cbe	4			yes					-1	-1	-1	-1	
468	466	3fed5b672f38dd85	4			yes					-1	-1	-1	-1	
469	466	6165d9b20d0ea064	4			yes					-1	-1	-1	-1	
470	465	aacbbf7911667c3d	5			yes					471	472	473	474	475	
471	470	a919075eb7150587	4			yes					-1	-1	-1	-1	
472	470	56eb67a7d5e22bb9	4			yes					-1	-1	-1	-1	
473	470	8d52b0d9e2ae413a	4			yes					-1	-1	-1	-1	
474	470	884a8c2bf3f1c045	4			yes					-1	-1	-1	-1	
475	470	faea5c0b73a8af41	4			yes					-1	-1	-1	-1	
476	465	baba6e3a8edd0845	4			yes					477	-1	-1	478	
477	476	b968d61d28ae71ff	3			yes					-1	-1	-1	
478	476	3666dc0727565e13	3			yes					-1	-1	-1	
479	465	7cf4f8666f5bf79b	5			yes					-1	-1	480	482	-1	
480	479	00fd49e1affa3602	4			yes					-1	-1	481	-1	
481	480	227c7ab34d6d8a7a	3			yes					-1	-1	-1	
482	479	5e75cb348dcc4be3	4			yes					-1	-1	-1	-1	
483	455	8e5c7ee085cb3f9b	4			yes					484	-1	486	490	
484	483	d1de6aa3be5d9c5f	4			yes					-1	-1	485	-1	
485	484	f35f59f15cca2027	3			yes					-1	-1	-1	
486	483	12bd870a7d8b98b9	5			yes					487	488	-1	-1	489	
487	486	116f3f2ddbf8e103	4			yes					-1	-1	-1	-1	
488	486	3a420cfe1aaeaf90	4			yes					-1	-1	-1	-1	
489	486	9e613537d400ceef	4			yes					-1	-1	-1	-1	
490	483	20d62cdebbe75d5a	5			yes					-1	-1	-1	491	-1	
491	490	02571f8c5970e122	4			yes					-1	-1	-1	-1	
492	455	d81c928d00da55be	4			yes					493	-1	-1	497	
493	492	a46e23c2afbb3136	4			yes					-1	494	495	496	
494	493	12c282556592ded5	3			yes					-1	-1	-1	
495	493	5436088cf9eccae2	3			yes					-1	-1	-1	
496	493	28b291ff06306760	3			yes					-1	-1	-1	
497	492	7b07d36e5ed3fa9d	5			yes					-1	-1	-1	-1	498	
498	497	c38d6a1b38ebfe7e	4			yes					-1	-1	-1	-1	
499	455	d87a4f449b709a4e	4			yes					500	-1	-1	-1	
500	499	6220b59e4e3dcee8	5			yes					-1	501	502	503	-1	
501	500	9bc763ef74d2b136	5			yes					-1	-1	-1	-1	-1	
502	500	1e2904198e9c0f71	4			yes					-1	-1	-1	-1	
503	500	40a186ccacaa7290	4			yes					-1	-1	-1	-1	
504	273	6f872d62515e8ad5	6			yes					505	556	603	637	660	667	
505	504	66e79c3894266948	5			yes					506	521	528	535	541	
506	505	e52108dfe9e654f2	5			yes					507	509	511	515	519	
507	506	f74a837b33605450	4			yes					-1	-1	-1	508	
508	507	4c58071d1a111b0c	3			yes					-1	-1	-1	
509	506	2d252064fcb954f6	5			yes					-1	-1	-1	-1	510	
510	509	0e66002412b98c1a	4			yes					-1	-1	-1	-1	
511	506	de9d7aac02dd4648	4			yes					-1	512	513	514	
512	511	21dcaec269c53bec	5			yes					-1	-1	-1	-1	-1	
513	511	1074d6e0a0dc3b3f	5			yes					-1	-1	-1	-1	-1	
514	511	72574809bdaba147	5			yes					-1	-1	-1	-1	-1	
515	506	cde37d526d2bef67	4			yes					-1	516	-1	517	
516	515	723b07a22c7ae66b	4			yes					-1	-1	-1	-1	
517	515	238ab49f6a7c9fc4	6			yes					-1	-1	-1	-1	-1	518	
518	517	16f19a06d2e80656	5			yes					-1	-1	-1	-1	-1	
519	506	5e338cb9c0971bae	4			yes					-1	520	-1	-1	
520	519	95e320dcc2326833	5			yes					-1	-1	-1	-1	-1	
521	505	75ed1ea768551c40	4			yes					522	523	524	527	
522	521	1d6bb2b22824179f	5			yes					-1	-1	-1	-1	-1	
523	521	3d65075169530ee2	5			yes					-1	-1	-1	-1	-1	
524	521	5d2f6b2aec98a7d5	3			yes					-1	-1	525	
525	524	986bbad455944318	6			yes					-1	-1	-1	-1	-1	526	
526	525	ad10944ded00da8a	5			yes					-1	-1	-1	-1	-1	
527	521	ceff9ac14124531c	3			yes					-1	-1	-1	
528	505	5afe8e03c7a01fc4	4			yes					529	530	533	534	
529	528	343ed7ede477d87e	5			yes					-1	-1	-1	-1	-1	
530	528	ec522f940d89f027	3			yes					-1	-1	531	
531	530	a7289c84b44830e7	5			yes					-1	-1	-1	-1	532	
532	531	3cadbc7c64c3d4ce	4			yes					-1	-1	-1	-1	
533	528	6092bf7dcadbf6e9	5			yes					-1	-1	-1	-1	-1	
534	528	e1ec0a65eed15098	3			yes					-1	-1	-1	
535	505	cb359503db266650	4			yes					536	537	539	540	
536	535	874e7e2f15eecf96	5			yes					-1	-1	-1	-1	-1	
537	535	7d993494110f89b3	3			yes					-1	538	-1	
538	537	37da9eccf85c1240	5			yes					-1	-1	-1	-1	-1	
539	535	f089e770301d74ea	3			yes					-1	-1	-1	
540	535	e356c8c2bb5c8e0e	3			yes					-1	-1	-1	
541	505	a7215d64008fb1b4	5			yes					542	543	550	554	555	
542	541	c96746429ac1c2e3	4			yes					-1	-1	-1	-1	
543	541	118dfcf3caa65e57	4			yes					-1	544	546	547	
544	543	fc8cbf78f79d4a04	5			yes					-1	-1	-1	-1	-1	
545	544	d2bb3fc296faf9c8	4			no					-1	-2	-1	-1	
546	543	a3796ece1aa37602	4			yes					-1	-1	-1	-1	
547	543	7d381cd8f5b8da78	3			yes					-1	548	549	
548	547	493e1f3a46711de1	5			yes					-1	-1	-1	-1	-1	
549	547	7efd0aa85f3f005f	4			yes					-1	-1	-1	-1	
550	541	9c9d2f17ebb4a30e	4			yes					-1	-1	551	552	
551	550	8f31b6e23d8203d3	5			yes					-1	-1	-1	-1	-1	
552	550	f028cf3cd4aa2721	3			yes					-1	-1	553	
553	552	7037b6a9a8b9f136	5			yes					-1	-1	-1	-1	-1	
554	541	8fe328e984420a21	4			yes					-1	-1	-1	-1	
555	541	cb94bd4f3f91359b	4			yes					-1	-1	-1	-1	
556	504	e8dd3f118a479923	5			yes					-1	557	571	578	584	
557	556	720295b900b177c0	5			yes					558	563	565	566	570	
558	557	71d02d9ea6c20e7a	4			yes					-1	559	560	561	
559	558	8dc89aeddfc02def	4			yes					-1	-1	-1	-1	
560	558	7fd1282cb5d69a58	4			yes					-1	-1	-1	-1	
561	558	98090f525b9e1400	5			yes					-1	-1	-1	-1	562	
562	561	038c2faa8b15f029	4			yes					-1	-1	-1	-1	
563	557	8e224d67c4352044	4			yes					-1	-1	-1	564	
564	563	3530c901ed446f18	3			yes					-1	-1	-1	
565	557	6c229112cf4bdaf7	4			yes					-1	-1	-1	-1	
566	557	5ac0e034847ccc55	4			yes					-1	-1	-1	567	
567	566	e1d26452ad0d8309	3			yes					568	-1	-1	
568	567	3653a18e80aabe33	5			yes					-1	-1	-1	-1	569	
569	568	03288f17383e27a1	4			yes					-1	-1	-1	-1	
570	557	c91011df29c0389c	4			yes					-1	-1	-1	-1	
571	556	442ac3fbe6c626b7	4			yes					572	575	576	577	
572	571	47f87bdc40b55f0d	3			yes					-1	-1	573	
573	572	7299fb4c6da73926	5			yes					-1	-1	-1	-1	574	
574	573	e91cdbb4bd2cdd0f	4			yes					-1	-1	-1	-1	
575	571	81c68c9531b4faca	3			yes					-1	-1	-1	
576	571	7d2c732f5870ea9b	3			yes					-1	-1	-1	
577	571	ff38479dcfb769eb	3			yes					-1	-1	-1	
578	556	d5e1d8fbfa405f23	4			yes					579	581	582	583	
579	578	d63360dc5c332699	3			yes					-1	580	-1	
580	579	2aaf0643475a48c7	4			yes					-1	-1	-1	-1	
581	578	100d97952d32835e	3			yes					-1	-1	-1	
582	578	ee5daa88117b4d99	3			yes					-1	-1	-1	
583	578	fd82853a9a3ab77d	3			yes					-1	-1	-1	
584	556	8a685a792fe14002	4			yes					585	590	596	598	
585	584	32866c92ff899f81	5			yes					586	587	588	589	-1	
586	585	20ede736250f9f23	4			yes					-1	-1	-1	-1	
587	585	2051809e73de3fd6	5			yes					-1	-1	-1	-1	-1	
588	585	629ca4a68cd8d47c	5			yes					-1	-1	-1	-1	-1	
589	585	c15533f9925e27a5	5			yes					-1	-1	-1	-1	-1	
590	584	a5a5f1f416debcb3	5			yes					591	592	593	594	-1	
591	590	2dbbaf10ea7243e5	5			yes					-1	-1	-1	-1	-1	
592	590	5985292ad25aeb37	4			yes					-1	-1	-1	-1	
593	590	bb85f55fd9241184	4			yes					-1	-1	-1	-1	
594	590	8d67847992130726	4			yes					595	-1	-1	-1	
595	594	d48c26e878880652	4			yes					-1	-1	-1	-1	
596	584	938da7b6f0a9edc4	4			yes					597	-1	-1	-1	
597	596	c72b5b0edc4b6ec3	5			yes					-1	-1	-1	-1	-1	
598	584	b2972b050fd2db4e	4			yes					599	-1	601	-1	
599	598	745bf2cc2dd2792b	5			yes					-1	-1	-1	-1	600	
600	599	5a6c72764cb5cae7	4			yes					-1	-1	-1	-1	
601	598	892b5976e4e9c9f4	3			yes					602	-1	-1	
602	601	3802f767f6580ec8	4			yes					-1	-1	-1	-1	
603	504	f158f5603f982334	5			yes					-1	-1	604	615	621	
604	603	2645634af30c0219	5			yes					605	608	611	613	614	
605	604	2597db6d557f7ba3	4			yes					606	-1	607	-1	
606	605	233deb0b438c7874	5			yes					-1	-1	-1	-1	-1	
607	605	11a63eb075059069	4			yes					-1	-1	-1	-1	
608	604	0ebae8be94293530	4			yes					-1	-1	-1	609	
609	608	b5a86cd8bd587a6c	3			yes					610	-1	-1	
610	609	9bfbebb37d0744b1	5			yes					-1	-1	-1	-1	-1	
611	604	e52b6cb7a7dbcec1	4			yes					-1	-1	-1	612	
612	611	5e39e8d18eaa819d	3			yes					-1	-1	-1	
613	604	5351b848bcf0cd17	4			yes					-1	-1	-1	-1	
614	604	9d57e72cda7d4d45	4			yes					-1	-1	-1	-1	
615	603	8b359a78fe8b3d13	4			yes					616	618	619	620	
616	615	88e7225f58f844a9	3			yes					617	-1	-1	
617	616	75b07e5e1aa93257	5			yes					-1	-1	-1	-1	-1	
618	615	a3ca118c99ae0a3a	3			yes					-1	-1	-1	
619	615	034e6e12a12ca6cd	3			yes					-1	-1	-1	
620	615	a356c7b99ef1d54d	3			yes					-1	-1	-1	
621	603	93ed90089a3efa15	4			yes					622	-1	626	632	
622	621	a24a7aea7e3ad733	4			yes					623	624	625	-1	
623	622	101f1248a7437cbf	5			yes					-1	-1	-1	-1	-1	
624	622	3011a7abe63465c2	5			yes					-1	-1	-1	-1	-1	
625	622	7ab43db2adb6fb79	5			yes					-1	-1	-1	-1	-1	
626	621	f1e20707e563c96a	5			yes					627	628	630	631	-1	
627	626	6c8d2faf5a288acb	5			yes					-1	-1	-1	-1	-1	
628	626	d91d8cf38246fe43	4			yes					629	-1	-1	-1	
629	628	2e494bf1cceb1354	5			yes					-1	-1	-1	-1	-1	
630	626	328c08fab1b405b2	4			yes					-1	-1	-1	-1	
631	626	84f6dc05aa9f0664	4			yes					-1	-1	-1	-1	
632	621	ec4369860b19b97e	4			yes					633	635	-1	-1	
633	632	dffd866dabb19d23	5			yes					-1	-1	-1	-1	634	
634	633	f1ca06d7cad62eef	4			yes					-1	-1	-1	-1	
635	632	c4bce2726c3c8e57	3			yes					636	-1	-1	
636	635	78c4dea495ce5977	5			yes					-1	-1	-1	-1	-1	
637	504	77f7c2bc70cd1f9a	5			yes					-1	-1	-1	638	647	
638	637	e7d9e6584ca45f13	5			yes					639	643	644	645	646	
639	638	e40b5e7fead726a9	4			yes					640	641	-1	642	
640	639	6e4648ba1b4db1c0	5			yes					-1	-1	-1	-1	-1	
641	639	49312eccea05db77	4			yes					-1	-1	-1	-1	
642	639	07711c171292bb8c	5			yes					-1	-1	-1	-1	-1	
643	638	cf266dac2b81683a	4			yes					-1	-1	-1	-1	
644	638	517547cf868db0f0	4			yes					-1	-1	-1	-1	
645	638	fd6b5406385a85c5	4			yes					-1	-1	-1	-1	
646	638	8733201a7f817ba6	4			yes					-1	-1	-1	-1	
647	637	1542a7d4d56bc6bb	4			yes					648	-1	-1	652	
648	647	8d59ea4ed1cfd4b7	4			yes					649	650	651	-1	
649	648	394a77176b10b35e	5			yes					-1	-1	-1	-1	-1	
650	648	129a3cc605a46702	5			yes					-1	-1	-1	-1	-1	
651	648	ea6cf6eb9f49ab58	5			yes					-1	-1	-1	-1	-1	
652	647	df5a47749f98fff3	5			yes					653	655	657	659	-1	
653	652	e89cbd2de2c59545	5			yes					-1	-1	-1	-1	654	
654	653	c6ab3d9783a22689	4			yes					-1	-1	-1	-1	
655	652	f7a5cc80f8bdc8da	4			yes					656	-1	-1	-1	
656	655	6332e840942adae0	5			yes					-1	-1	-1	-1	-1	
657	652	69f6e6e355b11010	4			yes					658	-1	-1	-1	
658	657	5b9cdfe85b079d78	4			yes					-1	-1	-1	-1	
659	652	c5e8f52aeb662525	4			yes					-1	-1	-1	-1	
660	504	6a20f19df49215e4	5			yes					-1	-1	-1	-1	661	
661	660	089594f55134ccc5	4			yes					662	-1	-1	-1	
662	661	ac4366fd2eb4e23d	4			yes					663	664	666	-1	
663	662	8a3aded59a89a4b6	5			yes					-1	-1	-1	-1	-1	
664	662	e03329c6a212566a	5			yes					-1	-1	-1	-1	665	
665	664	ce04a97cc375e5a6	4			yes					-1	-1	-1	-1	
666	662	cb7ba546395941cf	5			yes					-1	-1	-1	-1	-1	
667	504	0d32480af4f853f4	5			yes					-1	-1	-1	-1	-1	
668	0	3c3162f5e2beec42	5			yes					669	-1	823	883	1114	
669	668	e5c95fa455f64b7e	6			yes					670	698	726	754	778	822	
670	669	b4caa95d5a952dbf	6			yes					671	673	683	689	695	697	
671	670	6b113e1ce526254b	5			yes					-1	-1	-1	-1	672	
672	671	25f414d8e820d8e3	4			yes					-1	-1	-1	-1	
673	670	026608ca90bcc25c	5			yes					-1	674	676	678	682	
674	673	f442960f6b7cee1f	6			yes					-1	-1	-1	-1	-1	675	
675	674	baa7bccb667a13b7	5			yes					-1	-1	-1	-1	-1	
676	673	ac6c712dd4432680	5			yes					-1	-1	-1	-1	677	
677	676	e2895be9d945db28	4			yes					-1	-1	-1	-1	
678	673	8298e08b32457ae0	6			yes					-1	-1	-1	-1	-1	681	
679	678	191dc073e2ce9ec9	5			no					-1	-1	-1	-1	680	
680	679	57f8eab7efc86361	4			yes					-1	-1	-1	-1	
681	678	cc7dca4f3f438748	5			yes					-1	-1	-1	-1	-1	
682	673	4c83220e9dba3ff4	4			yes					-1	-1	-1	-1	
683	670	8f76db2eb1ae3f05	5			yes					-1	-1	684	686	688	
684	683	5a8077e0b5ee7981	6			yes					-1	-1	-1	-1	-1	685	
685	684	14655d24b8e88429	5			yes					-1	-1	-1	-1	-1	
686	683	5c3e75bc98e790f8	6			yes					-1	-1	-1	-1	-1	687	
687	686	12db5f7895e16d50	5			yes					-1	-1	-1	-1	-1	
688	683	c193f1eabca8c2ad	4			yes					-1	-1	-1	-1	
689	670	9c08dcd0de58962a	5			yes					-1	-1	-1	690	694	
690	689	0de3892a4f30ae7b	7			yes					-1	-1	-1	-1	-1	691	693	
691	690	3898a7b3f7a437e9	6			yes					-1	-1	-1	-1	-1	692	
692	691	767d8d77faa2ca41	5			yes					-1	-1	-1	-1	-1	
693	690	4306a3ee423653d3	6			yes					-1	-1	-1	-1	-1	-1	
694	689	d2edf614d35e6b82	4			yes					-1	-1	-1	-1	
695	670	34ec1bec176ab390	5			yes					-1	-1	-1	-1	696	
696	695	7a0931281a6c4e38	4			yes					-1	-1	-1	-1	
697	670	fa2f83995793d017	5			yes					-1	-1	-1	-1	-1	
698	669	800c0045db9ef365	6			yes					699	707	711	717	723	725	
699	698	e20074c5cab83b44	5			yes					-1	700	702	704	706	
700	699	c50f4c4e624f271d	5			yes					-1	-1	-1	-1	701	
701	700	8bea668a6f49dab5	4			yes					-1	-1	-1	-1	
702	699	4d2cfca0ef735254	5			yes					-1	-1	-1	-1	703	
703	702	03c9d664e275affc	4			yes					-1	-1	-1	-1	
704	699	0749f8429fafb20e	6			yes					-1	-1	-1	-1	-1	705	
705	704	49acd28692a94fa6	5			yes					-1	-1	-1	-1	-1	
706	699	ace55e01c7bec6ec	4			yes					-1	-1	-1	-1	
707	698	bfb1eb0b3e290289	5			yes					-1	-1	-1	708	710	
708	707	f06ace4016f27ec7	6			yes					-1	-1	-1	-1	-1	709	
709	708	be8fe4841bf4836f	5			yes					-1	-1	-1	-1	-1	
710	707	f154c1cf332fff21	4			yes					-1	-1	-1	-1	
711	698	bbb0723630a5e1df	5			yes					-1	-1	712	714	716	
712	711	daa196319708ac12	5			yes					-1	-1	-1	-1	713	
713	712	9444bcf59a0e51ba	4			yes					-1	-1	-1	-1	
714	711	adc272adb395636e	5			yes					-1	-1	-1	-1	715	
715	714	e3275869be939ec6	4			yes					-1	-1	-1	-1	
716	711	f55558f23da31c77	4			yes					-1	-1	-1	-1	
717	698	a8ce75c85f5348f0	5			yes					-1	-1	-1	718	722	
718	717	32c40f4e38dbccc4	6			yes					-1	-1	-1	-1	719	721	
719	718	07bf21d7804f5556	5			yes					-1	-1	-1	-1	720	
720	719	495a0b138d49a8fe	4			yes					-1	-1	-1	-1	
721	718	7c21258a35dd316c	5			yes					-1	-1	-1	-1	-1	
722	717	e62b5f0c5255b558	4			yes					-1	-1	-1	-1	
723	698	002ab2f496616d4a	5			yes					-1	-1	-1	-1	724	
724	723	4ecf98309b6790e2	4			yes					-1	-1	-1	-1	
725	698	cee92a81d6980ecd	5			yes					-1	-1	-1	-1	-1	
726	669	5a5c1d33b54b5d6e	5			yes					727	735	743	747	753	
727	726	385069b3a46d954f	4			yes					728	-1	730	734	
728	727	342e97a387eb9d3d	5			yes					-1	-1	-1	-1	729	
729	728	7acbbd678aed6095	4			yes					-1	-1	-1	-1	
730	727	1aebcec200f08ad0	6			yes					-1	-1	-1	-1	731	733	
731	730	816eee3ad07b6ef9	5			yes					-1	-1	-1	-1	732	
732	731	cf8bc4fedd7d9351	4			yes					-1	-1	-1	-1	
733	730	540ee4060df67778	5			yes					-1	-1	-1	-1	-1	
734	727	76b54377a96b68e7	3			yes					-1	-1	-1	
735	726	6f4fc9ee0d5dff50	6			yes					-1	-1	736	738	740	742	
736	735	4c4b63468741d758	5			yes					-1	-1	-1	-1	737	
737	736	02ae49828a472af0	4			yes					-1	-1	-1	-1	
738	735	22eb2b1ba201637d	5			yes					-1	-1	-1	-1	739	
739	738	6c0e01dfaf079ed5	4			yes					-1	-1	-1	-1	
740	735	d24262bb8ad7da76	5			yes					-1	-1	-1	-1	741	
741	740	9ca7487f87d127de	4			yes					-1	-1	-1	-1	
742	735	21aae32a005b02f8	5			yes					-1	-1	-1	-1	-1	
743	726	d50bf92b0a66c5bc	6			yes					-1	744	-1	-1	-1	746	
744	743	98f38b99f56a7192	5			yes					-1	-1	-1	-1	745	
745	744	d616a15df86c8c3a	4			yes					-1	-1	-1	-1	
746	743	9beed3ef07603814	5			yes					-1	-1	-1	-1	-1	
747	726	da7aaf82f8b4c341	4			yes					-1	748	750	752	
748	747	49c742435a5c3e5f	6			yes					-1	-1	-1	-1	-1	749	
749	748	07226887575ac3f7	5			yes					-1	-1	-1	-1	-1	
750	747	7562665569e884b1	6			yes					-1	-1	-1	-1	-1	751	
751	750	3b874c9164ee7919	5			yes					-1	-1	-1	-1	-1	
752	747	949f8546f5b23ee9	3			yes					-1	-1	-1	
753	726	14b937f7b84da0c6	4			yes					-1	-1	-1	-1	
754	669	4a00000ddb7322ee	5			yes					755	761	769	775	777	
755	754	280c748dca55eacf	4			yes					756	758	-1	760	
756	755	03212ab0b83208fd	5			yes					-1	-1	-1	-1	757	
757	756	4dc40074b534f555	4			yes					-1	-1	-1	-1	
758	755	9b9f0042532ab30f	5			yes					-1	-1	-1	-1	759	
759	758	d57a2a865e2c4ea7	4			yes					-1	-1	-1	-1	
760	755	66e95e49c7531767	3			yes					-1	-1	-1	
761	754	dc3f602cfcc4e8b8	6			yes					-1	-1	762	764	766	768	
762	761	469646873a768028	5			yes					-1	-1	-1	-1	763	
763	762	08736c4337707d80	4			yes					-1	-1	-1	-1	
764	761	9b46a718eeaf23e5	5			yes					-1	-1	-1	-1	765	
765	764	d5a38ddce3a9de4d	4			yes					-1	-1	-1	-1	
766	761	6132cb797b4ecd9e	5			yes					-1	-1	-1	-1	767	
767	766	2fd7e1bd76483036	4			yes					-1	-1	-1	-1	
768	761	92da4ae8f1c21510	5			yes					-1	-1	-1	-1	-1	
769	754	71bc727e30483054	4			yes					-1	770	772	774	
770	769	d72723b553232c58	5			yes					-1	-1	-1	-1	771	
771	770	99c209715e25d1f0	4			yes					-1	-1	-1	-1	
772	769	1e009b3feadaed12	6			yes					-1	-1	-1	-1	-1	773	
773	772	50e5b1fbe7dc10ba	5			yes					-1	-1	-1	-1	-1	
774	769	3f5958ba3d4ecdfc	3			yes					-1	-1	-1	
775	754	d8c06d25ad391dd7	4			yes					-1	-1	-1	776	
776	775	962547e1a03fe07f	3			yes					-1	-1	-1	
777	754	04e52ac9d675df46	4			yes					-1	-1	-1	-1	
778	669	9cb7f88316ea226d	6			yes					779	795	803	817	819	821	
779	778	febb8c0307ccea4c	5			yes					780	782	784	786	794	
780	779	d0372894e722f83d	5			yes					-1	-1	-1	-1	781	
781	780	9ed20250ea240595	4			yes					-1	-1	-1	-1	
782	779	4c0afc2471ce2bc3	5			yes					-1	-1	-1	-1	783	
783	782	02efd6e07cc8d66b	4			yes					-1	-1	-1	-1	
784	779	efc36b7b6f48d81a	5			yes					-1	-1	-1	-1	785	
785	784	a12641bf624e25b2	4			yes					-1	-1	-1	-1	
786	779	920e6c2838d26e63	4			yes					-1	787	789	793	
787	786	5cc1108b40bd5ef8	5			yes					-1	-1	-1	-1	788	
788	787	12243a4f4dbba350	4			yes					-1	-1	-1	-1	
789	786	0d1cec1d976a607b	6			yes					-1	-1	-1	-1	790	792	
790	789	3867c2842ffef9e9	5			yes					-1	-1	-1	-1	791	
791	790	7682e84022f80441	4			yes					-1	-1	-1	-1	
792	789	43f9c6d99a6c9dd3	5			yes					-1	-1	-1	-1	-1	
793	786	dceb46ec35d493cb	3			yes					-1	-1	-1	
794	779	b05ea6c70aca17e4	4			yes					-1	-1	-1	-1	
795	778	5322b9914cc81889	5			yes					-1	796	800	-1	802	
796	795	c533318e25c53c22	5			yes					-1	-1	-1	797	799	
797	796	eb04b13444a28fee	4			yes					-1	-1	-1	798	
798	797	a5e19bf049a47246	3			yes					-1	-1	-1	
799	796	8bd61b4a28c3c18a	4			yes					-1	-1	-1	-1	
800	795	bcefe7fa35e46c95	5			yes					-1	-1	-1	-1	801	
801	800	f20acd3e38e2913d	4			yes					-1	-1	-1	-1	
802	795	1dc7935541cee521	4			yes					-1	-1	-1	-1	
803	778	a70b8af0fdd130d7	5			yes					-1	-1	804	812	816	
804	803	e1069b747fe11ff7	6			yes					-1	805	807	-1	809	811	
805	804	acfee9c680edabd9	5			yes					-1	-1	-1	-1	806	
806	805	e21bc3028deb5671	4			yes					-1	-1	-1	-1	
807	804	8f9ca4c2964ddd62	5			yes					-1	-1	-1	-1	808	
808	807	c1798e069b4b20ca	4			yes					-1	-1	-1	-1	
809	804	e0d3a57d631e9b96	5			yes					-1	-1	-1	-1	810	
810	809	ae368fb96e18663e	4			yes					-1	-1	-1	-1	
811	804	afe3b1b072e7e25f	5			yes					-1	-1	-1	-1	-1	
812	803	cbbe6adbc2cfb4f8	4			yes					-1	813	-1	815	
813	812	708191cc94296bc7	5			yes					-1	-1	-1	-1	814	
814	813	3e64bb08992f966f	4			yes					-1	-1	-1	-1	
815	812	855b401fcfc94950	3			yes					-1	-1	-1	
816	803	e9eea034f0d7cd7f	4			yes					-1	-1	-1	-1	
817	778	b4758d0e922799f8	5			yes					-1	-1	-1	-1	818	
818	817	fa90a7ca9f216450	4			yes					-1	-1	-1	-1	
819	778	f00218a829f4a642	5			yes					-1	-1	-1	-1	820	
820	819	bee7326c24f25bea	4			yes					-1	-1	-1	-1	
821	778	d252d2471becdfc5	5			yes					-1	-1	-1	-1	-1	
822	669	ab2c756058f0b6d6	5			yes					-1	-1	-1	-1	-1	
823	668	bc4bb47393b488c4	6			yes					824	-1	841	855	866	882	
824	823	32d5689977aa7a7b	6			yes					825	829	831	836	838	840	
825	824	54b2dead1f23d320	5			yes					-1	-1	-1	-1	827	
826	825	ded1431c8932e7a1	6			no					-1	-1	-2	-1	-1	-2	
827	825	1a57f46912252e88	4			yes					-1	-1	-1	828	
828	827	903469d884341a09	5			yes					-1	-1	-1	-1	-1	
829	824	46b4183b0fd628ef	5			yes					-1	-1	-1	-1	830	
830	829	085132ff02d0d547	4			yes					-1	-1	-1	-1	
831	824	a6647dd7267d4baf	5			yes					-1	-1	-1	832	835	
832	831	2ef1c5457fa1e3e2	7			yes					-1	-1	-1	-1	-1	-1	833	
833	832	6014ef8172a71e4a	6			yes					-1	-1	-1	-1	-1	-1	
834	833	fb91cf79a22cfa63	5			yes					-1	-1	-1	-1	-1	
835	831	e88157132b7bb607	4			yes					-1	-1	-1	-1	
836	824	02ae2b39e156d07a	7			yes					-1	-1	-1	-1	-1	-1	837	
837	836	4c4b01fdec502dd2	6			yes					-1	-1	-1	-1	-1	-1	
838	824	b2f3da283a55e454	5			yes					-1	-1	-1	-1	839	
839	838	fc16f0ec375319fc	4			yes					-1	-1	-1	-1	
840	824	7c30425d7aac87d3	5			yes					-1	-1	-1	-1	-1	
841	823	b2f3fc74c21960d7	5			yes					842	-1	848	850	854	
842	841	49b025efdc21ccf4	6			yes					-1	-1	-1	843	845	847	
843	842	ae986251b2b3a72e	6			yes					-1	-1	-1	-1	-1	844	
844	843	e07d4895bfb55a86	5			yes					-1	-1	-1	-1	-1	
845	842	e4fd66b3c26f4774	7			yes					-1	-1	-1	-1	-1	-1	846	
846	845	aa184c77cf69badc	6			yes					-1	-1	-1	-1	-1	-1	
847	842	07550f2bd127315c	5			yes					-1	-1	-1	-1	-1	
848	841	2a331c0cafe04e2b	5			yes					-1	-1	-1	-1	849	
849	848	64d636c8a2e6b383	4			yes					-1	-1	-1	-1	
850	841	634a392ab7cf5188	4			yes					851	-1	-1	853	
851	850	514fc6f173831091	7			yes					-1	-1	-1	-1	-1	-1	852	
852	851	1faaec357e85ed39	6			yes					-1	-1	-1	-1	-1	-1	
853	850	2daf13eebac9ac20	3			yes					-1	-1	-1	
854	841	fc16d6b0cf1f9d7f	4			yes					-1	-1	-1	-1	
855	823	111d95591293e166	5			yes					856	-1	-1	860	865	
856	855	3736444d91dab151	5			yes					-1	-1	857	-1	859	
857	856	3a637d5e5d1ea43e	7			yes					-1	-1	-1	-1	-1	-1	858	
858	857	7486579a50185996	6			yes					-1	-1	-1	-1	-1	-1	
859	856	79d36e899cdc4cf9	4			yes					-1	-1	-1	-1	
860	855	c0a450076745d039	4			yes					861	-1	-1	864	
861	860	e83661c302fa72b1	7			yes					-1	-1	-1	-1	-1	-1	863	
862	861	b2cc18a7ac7a4df2	6			no					-1	-1	-2	-1	-1	-2	
863	861	a6d34b070ffc8f19	6			yes					-1	-1	-1	-1	-1	-1	
864	860	8e417ac36a432d91	3			yes					-1	-1	-1	
865	855	5ff8bf9d1f951cce	4			yes					-1	-1	-1	-1	
866	823	6df2712de662b99b	5			yes					867	-1	-1	-1	881	
867	866	de463a03054b607b	6			yes					868	870	872	878	-1	880	
868	867	aa17f30a6fe6c57b	6			yes					-1	-1	-1	-1	-1	869	
869	868	e4f2d9ce62e038d3	5			yes					-1	-1	-1	-1	-1	
870	867	89fa163e3e137623	5			yes					-1	-1	-1	-1	871	
871	870	c71f3cfa33158b8b	4			yes					-1	-1	-1	-1	
872	867	9b436507ce4db407	7			yes					-1	-1	-1	-1	-1	874	875	
873	872	c1b91c6360cd8b44	6			no					-1	-1	-1	-1	-2	-2	
874	872	b574e5bdaf2a07cb	6			yes					-1	-1	-1	-1	-1	-1	
875	872	d5a64fc3c34b49af	6			yes					-1	876	877	-1	-1	-1	
876	875	8f5c36a76dcb76ec	5			yes					-1	-1	-1	-1	-1	
877	875	7b656a0eb7c4f7c4	5			yes					-1	-1	-1	-1	-1	
878	867	919400d607bb4690	7			yes					-1	-1	-1	-1	-1	-1	879	
879	878	df712a120abdbb38	6			yes					-1	-1	-1	-1	-1	-1	
880	867	90a310c7084d9dd3	5			yes					-1	-1	-1	-1	-1	
881	866	23175be9eb644433	4			yes					-1	-1	-1	-1	
882	823	f2ae9eb79eb2756c	5			yes					-1	-1	-1	-1	-1	
883	668	8ee775262e6a8a54	7			yes					884	-1	938	1035	1075	1089	1113	
884	883	45aac7f803c8e8d8	7			yes					885	889	893	905	919	927	937	
885	884	23cd71cc6b414183	6			yes					-1	-1	-1	-1	886	888	
886	885	b5145917b21ac98d	5			yes					-1	-1	-1	-1	887	
887	886	fbf173d3bf1c3425	4			yes					-1	-1	-1	-1	
888	885	6d285b086647bc2b	5			yes					-1	-1	-1	-1	-1	
889	884	d89362c078fff124	7			yes					-1	-1	-1	-1	-1	890	892	
890	889	fbffdc7866e93583	6			yes					-1	-1	-1	-1	-1	891	
891	890	b51af6bc6befc82b	5			yes					-1	-1	-1	-1	-1	
892	889	9676480475f90c8c	6			yes					-1	-1	-1	-1	-1	-1	
893	884	ca628aa2ec52978b	7			yes					-1	894	-1	-1	898	902	904	
894	893	9098f3c642d2a8c8	6			yes					-1	-1	-1	-1	895	897	
895	894	b3f44d7e5cc46c6f	5			yes					-1	-1	-1	-1	896	
896	895	fd1167ba51c291c7	4			yes					-1	-1	-1	-1	
897	894	de7dd9024fd45560	5			yes					-1	-1	-1	-1	-1	
898	893	45c57cd04d37879c	6			yes					-1	-1	-1	-1	899	901	
899	898	66a9c2685321433b	5			yes					-1	-1	-1	-1	900	
900	899	284ce8ac5e27be93	4			yes					-1	-1	-1	-1	
901	898	0b20561440317a34	5			yes					-1	-1	-1	-1	-1	
902	893	e90e341af244532c	6			yes					-1	-1	-1	-1	-1	903	
903	902	a7eb1edeff42ae84	5			yes					-1	-1	-1	-1	-1	
904	893	8487a066e1546a23	6			yes					-1	-1	-1	-1	-1	-1	
905	884	a9282093d41f300c	6			yes					-1	-1	906	910	912	918	
906	905	26afc627c131ebf1	7			yes					-1	-1	-1	-1	-1	907	909	
907	906	05c3789fdf272f56	6			yes					-1	-1	-1	-1	-1	908	
908	907	4b26525bd221d2fe	5			yes					-1	-1	-1	-1	-1	
909	906	684aece3cc371659	6			yes					-1	-1	-1	-1	-1	-1	
910	905	b45f9956c3584a47	6			yes					-1	-1	-1	-1	-1	911	
911	910	fabab392ce5eb7ef	5			yes					-1	-1	-1	-1	-1	
912	905	3ff108480d44b802	5			yes					-1	-1	913	915	917	
913	912	a17cf43e2e077f00	7			yes					-1	-1	-1	-1	-1	-1	914	
914	913	ef99defa230182a8	6			yes					-1	-1	-1	-1	-1	-1	
915	912	10b9ccd10fdee225	6			yes					-1	-1	-1	-1	-1	916	
916	915	5e5ce61502d81f8d	5			yes					-1	-1	-1	-1	-1	
917	912	7114228c004245aa	4			yes					-1	-1	-1	-1	
918	905	e7cd0a57d919cda4	5			yes					-1	-1	-1	-1	-1	
919	884	1219fa07a8fc3e82	6			yes					-1	-1	920	-1	922	926	
920	919	2354b41bad299ba8	6			yes					-1	-1	-1	-1	-1	921	
921	920	6db19edfa02f6600	5			yes					-1	-1	-1	-1	-1	
922	919	84c0d2dc71a7b68c	5			yes					-1	-1	923	-1	925	
923	922	702d36f659b314b1	6			yes					-1	-1	-1	-1	-1	924	
924	923	3ec81c3254b5e919	5			yes					-1	-1	-1	-1	-1	
925	922	ca25f8187ca14b24	4			yes					-1	-1	-1	-1	
926	919	5cfcd0c3a5fac32a	5			yes					-1	-1	-1	-1	-1	
927	884	d373ef23da9360d6	6			yes					-1	928	930	-1	-1	936	
928	927	5f4050d997c965d5	7			yes					-1	-1	-1	-1	-1	-1	929	
929	928	11a57a1d9acf987d	6			yes					-1	-1	-1	-1	-1	-1	
930	927	4db1b8bb0364037a	7			yes					-1	931	-1	-1	933	-1	935	
931	930	174bc1dfade43c39	6			yes					-1	-1	-1	-1	-1	932	
932	931	59aeeb1ba0e2c191	5			yes					-1	-1	-1	-1	-1	
933	930	c2164ec9a201136d	6			yes					-1	-1	-1	-1	-1	934	
934	933	8cf3640daf07eec5	5			yes					-1	-1	-1	-1	-1	
935	930	0354927f0e62fed2	6			yes					-1	-1	-1	-1	-1	-1	
936	927	9d96c5e7d7959d7e	5			yes					-1	-1	-1	-1	-1	
937	884	0b4fed3c0ece1570	6			yes					-1	-1	-1	-1	-1	-1	
938	883	1038ad2440ac23b5	6			yes					939	-1	973	1011	1021	1034	
939	938	320bb1d84bccabf8	7			yes					940	944	947	951	956	959	972	
940	939	92c5d0b5c48bf692	7			yes					-1	-1	-1	-1	-1	941	943	
941	940	b1a96e0dda9d3235	6			yes					-1	-1	-1	-1	-1	942	
942	941	ff4c44c9d79bcf9d	5			yes					-1	-1	-1	-1	-1	
943	940	dc20fa71c98d0b3a	6			yes					-1	-1	-1	-1	-1	-1	
944	939	f245e30eed21cd84	7			yes					-1	-1	-1	-1	-1	-1	946	
945	944	d1295db6f3370923	6			no					-1	-1	-1	-2	-2	-2	
946	944	bca0c9cae027302c	6			yes					-1	-1	-1	-1	-1	-1	
947	939	22fc6a8ceb055f19	7			yes					-1	-1	-1	-1	-1	948	950	
948	947	0190d434f5139bbe	6			yes					-1	-1	-1	-1	-1	949	
949	948	4f75fef0f8156616	5			yes					-1	-1	-1	-1	-1	
950	947	6c194048e603a2b1	6			yes					-1	-1	-1	-1	-1	-1	
951	939	ae92bdb76d612f2f	7			yes					-1	-1	-1	-1	-1	953	955	
952	951	f468c4d3c3e1106c	6			no					-1	-1	-1	-1	-1	-2	
953	951	8dfe030f7377eb88	6			yes					-1	-1	-1	-1	-1	954	
954	953	c31b29cb7e711620	5			yes					-1	-1	-1	-1	-1	
955	951	e07797736067d287	6			yes					-1	-1	-1	-1	-1	-1	
956	939	8599ed1231382dcd	7			yes					-1	-1	-1	-1	-1	-1	958	
957	956	df6394769fb8128e	6			no					-1	-2	-2	-2	-2	-2	
958	956	cb7cc7d63c3ed065	6			yes					-1	-1	-1	-1	-1	-1	
959	939	a4d29903929723f6	6			yes					960	962	964	966	969	971	
960	959	1516e2ac2bbd6263	7			yes					-1	-1	-1	-1	-1	-1	961	
961	960	5bf3c86826bb9fcb	6			yes					-1	-1	-1	-1	-1	-1	
962	959	7596d11702175975	7			yes					-1	-1	-1	-1	-1	-1	963	
963	962	3b73fbd30f11a4dd	6			yes					-1	-1	-1	-1	-1	-1	
964	959	a52f58950433cbe8	7			yes					-1	-1	-1	-1	-1	-1	965	
965	964	ebca725109353640	6			yes					-1	-1	-1	-1	-1	-1	
966	959	29418fae8257bbde	7			yes					-1	-1	-1	-1	-1	-1	967	
967	966	67a4a56a8f514676	6			yes					-1	-1	-1	-1	-1	-1	
968	967	3d5edc0e21d17935	5			no					-1	-1	-2	-1	-2	
969	959	d6e06fffc5a2a2d4	7			yes					-1	-1	-1	-1	-1	-1	970	
970	969	9805453bc8a45f7c	6			yes					-1	-1	-1	-1	-1	-1	
971	959	ea37b3c79f91de5e	5			yes					-1	-1	-1	-1	-1	
972	939	7cee9b1c46ca5650	6			yes					-1	-1	-1	-1	-1	-1	
973	938	084842fa613fb6fa	5			yes					974	-1	993	995	1010	
974	973	d5025fa83ced6176	8			yes					-1	975	-1	-1	980	984	988	990	
975	974	8ff826cc926d5e35	7			yes					-1	-1	-1	-1	-1	976	978	
976	975	ac9498748c7b9a92	6			yes					-1	-1	-1	-1	-1	977	
977	976	e271b2b0817d673a	5			yes					-1	-1	-1	-1	-1	
978	975	c11d0c089f6ba39d	6			yes					-1	-1	-1	-1	-1	-1	
979	974	b5e45178b5e97c71	7			no					-1	-2	-2	-2	-2	-2	-2	
980	974	905c70ba1b80f25e	7			yes					-1	-1	-1	-1	-1	981	983	
981	980	b330ce02059636f9	6			yes					-1	-1	-1	-1	-1	982	
982	981	fdd5e4c60890cb51	5			yes					-1	-1	-1	-1	-1	
983	980	deb95a7e16860ff6	6			yes					-1	-1	-1	-1	-1	-1	
984	974	5aa5a9da9d887161	7			yes					-1	-1	-1	-1	-1	985	987	
985	984	79c91762839eb5c6	6			yes					-1	-1	-1	-1	-1	986	
986	985	372c3da68e98486e	5			yes					-1	-1	-1	-1	-1	
987	984	1440831e908e8cc9	6			yes					-1	-1	-1	-1	-1	-1	
988	974	f66ee11022fba5d1	7			yes					-1	-1	-1	-1	-1	-1	989	
989	988	b88bcbd42ffd5879	6			yes					-1	-1	-1	-1	-1	-1	
990	974	9be7756c31eb9cde	7			yes					-1	-1	991	992	-1	-1	-1	
991	990	fb017bbcb8ef81d9	6			yes					-1	-1	-1	-1	-1	-1	
992	990	b8e3dfc4bbf7b4d6	6			yes					-1	-1	-1	-1	-1	-1	
993	973	26e414070a63ba92	6			yes					-1	-1	-1	-1	-1	994	
994	993	68013ec30765473a	5			yes					-1	-1	-1	-1	-1	
995	973	da47d84dcd2cd884	4			yes					996	-1	1007	1009	
996	995	04e30ce11e0c717d	8			yes					-1	997	-1	-1	1000	1002	-1	1004	
997	996	5e197585b08c4e3e	7			yes					-1	-1	-1	-1	-1	-1	998	
998	997	10fc5f41bd8ab396	6			yes					-1	-1	-1	-1	-1	-1	
999	996	6405023197086c7a	7			no					-1	-2	-2	-2	-2	-2	-2	
1000	996	41bd23f33961e255	7			yes					-1	-1	-1	-1	-1	-1	1001	
1001	1000	0f58093734671ffd	6			yes					-1	-1	-1	-1	-1	-1	
1002	996	8b44fa93bf69616a	7			yes					-1	-1	-1	-1	-1	-1	1003	
1003	1002	c5a1d057b26f9cc2	6			yes					-1	-1	-1	-1	-1	-1	
1004	996	4a062625130a8cd5	7			yes					-1	-1	1005	-1	-1	-1	-1	
1005	1004	2ae028f59a0e91d2	6			yes					-1	-1	-1	-1	-1	-1	
1006	1004	69028c8d9916a4dd	6			no					-1	-2	-2	-2	-2	-2	
1007	995	e1d26dfea74304ec	6			yes					-1	-1	-1	-1	-1	1008	
1008	1007	af37473aaa45f944	5			yes					-1	-1	-1	-1	-1	
1009	995	94a2f289c02a252c	3			yes					-1	-1	-1	
1010	973	46ad683e6c394b52	4			yes					-1	-1	-1	-1	
1011	938	04636d69bb68c31b	5			yes					1012	-1	-1	1016	1020	
1012	1011	1565d082f271b6c8	7			yes					-1	-1	-1	-1	-1	1013	1015	
1013	1012	1dc476fa1b088d37	6			yes					-1	-1	-1	-1	-1	1014	
1014	1013	53215c3e160e709f	5			yes					-1	-1	-1	-1	-1	
1015	1012	5b80fa46ff774b60	6			yes					-1	-1	-1	-1	-1	-1	
1016	1011	d66cf7de177bad65	4			yes					1017	-1	-1	1019	
1017	1016	2807f10a47462a79	7			yes					-1	-1	-1	-1	-1	-1	1018	
1018	1017	66e2dbce4a40d7d1	6			yes					-1	-1	-1	-1	-1	-1	
1019	1016	9889dd1a1a7d50cd	3			yes					-1	-1	-1	
1020	1011	4a8647adb66e3eb3	4			yes					-1	-1	-1	-1	
1021	938	c2373793ecbf4dcb	5			yes					1022	-1	-1	-1	1033	
1022	1021	00e70b1f743f9545	7			yes					1023	-1	-1	1027	1029	-1	1031	
1023	1022	432483fce66ae699	7			yes					-1	-1	-1	-1	-1	-1	1024	
1024	1023	0dc1a938eb6c1b31	6			yes					-1	-1	-1	-1	-1	-1	
1025	1022	23a4b047cfc0dd8f	7			no					-1	-1	-1	-1	-1	-1	1026	
1026	1025	6d419a83c2c62027	6			no					-1	-1	-1	-1	-1	-2	
1027	1022	7f73eefe4f803f24	7			yes					-1	-1	-1	-1	-1	-1	1028	
1028	1027	3196c43a4286c28c	6			yes					-1	-1	-1	-1	-1	-1	
1029	1022	fa495dfb74b86530	7			yes					-1	-1	-1	-1	-1	-1	1030	
1030	1029	b4ac773f79be9898	6			yes					-1	-1	-1	-1	-1	-1	
1031	1022	4e0221db793968ed	6			yes					-1	-1	1032	-1	-1	-1	
1032	1031	bdf81301c4e2b2ba	6			yes					-1	-1	-1	-1	-1	-1	
1033	1021	8cd21d57e1b9b063	4			yes					-1	-1	-1	-1	
1034	938	5edd87e04daade1d	5			yes					-1	-1	-1	-1	-1	
1035	883	96979af80ff91f1b	6			yes					1036	-1	-1	1054	1064	1074	
1036	1035	f948169a985f0799	6			yes					1037	1041	-1	1043	1046	1053	
1037	1036	25146dd0e88d6998	7			yes					-1	-1	-1	-1	-1	1038	1040	
1038	1037	0678d368f69bad3f	6			yes					-1	-1	-1	-1	-1	1039	
1039	1038	489df9acfb9d5097	5			yes					-1	-1	-1	-1	-1	
1040	1037	6bf14714e58b9430	6			yes					-1	-1	-1	-1	-1	-1	
1041	1036	75ee60ed97a0d899	7			yes					-1	-1	-1	-1	-1	-1	1042	
1042	1041	3b0b4a299aa62531	6			yes					-1	-1	-1	-1	-1	-1	
1043	1036	324850771d3eb2c7	7			yes					-1	-1	-1	-1	-1	-1	1045	
1044	1043	68b22913b3be8d84	6			no					-1	-2	-2	-2	-2	-2	
1045	1043	7cad7ab310384f6f	6			yes					-1	-1	-1	-1	-1	-1	
1046	1036	6f913e4141048f97	5			yes					1047	-1	-1	1049	1051	
1047	1046	a2c75fc907bbfd69	7			yes					-1	-1	-1	-1	-1	-1	1048	
1048	1047	ec22750d0abd00c1	6			yes					-1	-1	-1	-1	-1	-1	
1049	1046	6131d29ae9a43dde	7			yes					-1	-1	-1	-1	-1	-1	1050	
1050	1049	2fd4f85ee4a2c076	6			yes					-1	-1	-1	-1	-1	-1	
1051	1046	217414854c02723f	4			yes					-1	1052	-1	-1	
1052	1051	bcd878307590b1c0	6			yes					-1	-1	-1	-1	-1	-1	
1053	1036	b7ad3c5e9559fa31	5			yes					-1	-1	-1	-1	-1	
1054	1035	82cc5ab5f43dffb5	5			yes					1055	-1	-1	1059	1063	
1055	1054	a2b46de7de7729c2	7			yes					-1	-1	-1	-1	-1	1056	1058	
1056	1055	aa15cb9f370e123d	6			yes					-1	-1	-1	-1	-1	1057	
1057	1056	e4f0e15b3a08ef95	5			yes					-1	-1	-1	-1	-1	
1058	1055	ec514723d371d46a	6			yes					-1	-1	-1	-1	-1	-1	
1059	1054	50c3c002582e91cb	4			yes					1060	-1	-1	1062	
1060	1059	9fd64c6f6b40b573	7			yes					-1	-1	-1	-1	-1	-1	1061	
1061	1060	d13366ab664648db	6			yes					-1	-1	-1	-1	-1	-1	
1062	1059	1e26eac655286c63	3			yes					-1	-1	-1	
1063	1054	cc297071f93b021d	4			yes					-1	-1	-1	-1	
1064	1035	4498004fa3ea7165	5			yes					1065	-1	-1	-1	1073	
1065	1064	cba4ac5da7ac3924	6			yes					1066	-1	-1	1070	-1	1072	
1066	1065	f4f53e99ca6c7993	7			yes					-1	-1	-1	-1	-1	-1	1067	
1067	1066	ba10145dc76a843b	6			yes					-1	-1	-1	-1	-1	-1	
1068	1065	a40f33a4b541c892	7			no					-1	-1	-1	-1	-1	-1	1069	
1069	1068	eaea1960b847353a	6			yes					-1	-1	-1	-1	-1	-1	
1070	1065	4d98e09e58befa3a	7			yes					-1	-1	-1	-1	-1	-1	1071	
1071	1070	037dca5a55b80792	6			yes					-1	-1	-1	-1	-1	-1	
1072	1065	85418699aaaac48c	5			yes					-1	-1	-1	-1	-1	
1073	1064	0a7d2a8baeec8ccd	4			yes					-1	-1	-1	-1	
1074	1035	d872b03c02ffe2b3	5			yes					-1	-1	-1	-1	-1	
1075	883	9abcb56bd5ae6afa	6			yes					1076	-1	-1	-1	1082	1088	
1076	1075	bf00477cfab60e82	5			yes					-1	-1	1077	-1	1081	
1077	1076	a8fe085cc47fcc5d	7			yes					-1	-1	-1	-1	-1	1078	1080	
1078	1077	8b92b6e4da6908fa	6			yes					-1	-1	-1	-1	-1	1079	
1079	1078	c5779c20d76ff552	5			yes					-1	-1	-1	-1	-1	
1080	1077	e61b2298c97931f5	6			yes					-1	-1	-1	-1	-1	-1	
1081	1076	f1e56db8f7b0f32a	4			yes					-1	-1	-1	-1	
1082	1075	48b32fdc79bd0484	5			yes					1083	-1	-1	-1	1087	
1083	1082	27579b883398026b	5			yes					-1	-1	1084	-1	1086	
1084	1083	791f5b15e69edc56	7			yes					-1	-1	-1	-1	-1	-1	1085	
1085	1084	37fa71d1eb9821fe	6			yes					-1	-1	-1	-1	-1	-1	
1086	1083	69b2b14c3e9effc3	4			yes					-1	-1	-1	-1	
1087	1082	0656051874bbf92c	4			yes					-1	-1	-1	-1	
1088	1075	d4599fafd8a89752	5			yes					-1	-1	-1	-1	-1	
1089	883	5ce8ef918279e42a	6			yes					1090	-1	-1	-1	-1	1112	
1090	1089	77467d3f3c3bd665	7			yes					1091	1093	1095	1101	1107	-1	1111	
1091	1090	1121cb0b54b27f3e	6			yes					-1	-1	-1	-1	-1	1092	
1092	1091	5fc4e1cf59b48296	5			yes					-1	-1	-1	-1	-1	
1093	1090	097231895a1ee12f	7			yes					-1	-1	-1	-1	-1	-1	1094	
1094	1093	47971b4d57181c87	6			yes					-1	-1	-1	-1	-1	-1	
1095	1090	1b83d9ebceb38780	7			yes					-1	1096	-1	-1	1098	-1	1100	
1096	1095	4179a08f6033b8c3	6			yes					-1	-1	-1	-1	-1	1097	
1097	1096	0f9c8a4b6d35456b	5			yes					-1	-1	-1	-1	-1	
1098	1095	94242f996fd69797	6			yes					-1	-1	-1	-1	-1	1099	
1099	1098	dac1055d62d06a3f	5			yes					-1	-1	-1	-1	-1	
1100	1095	5566f32fc3b57a28	6			yes					-1	-1	-1	-1	-1	-1	
1101	1090	9bc49a54ebec0eb1	6			yes					-1	-1	1102	1104	-1	1106	
1102	1101	f74e956ee3d0fbfa	7			yes					-1	-1	-1	-1	-1	-1	1103	
1103	1102	b9abbfaaeed60652	6			yes					-1	-1	-1	-1	-1	-1	
1104	1101	2b9369fd3ff4345d	6			yes					-1	-1	-1	-1	-1	1105	
1105	1104	6576433932f2c9f5	5			yes					-1	-1	-1	-1	-1	
1106	1101	d521b090e6eaf319	5			yes					-1	-1	-1	-1	-1	
1107	1090	20f540c0970f003f	6			yes					-1	-1	1108	-1	-1	1110	
1108	1107	5c8404f2e8a9d355	6			yes					-1	-1	-1	-1	-1	1109	
1109	1108	12612e36e5af2efd	5			yes					-1	-1	-1	-1	-1	
1110	1107	6e106a049a09fd97	5			yes					-1	-1	-1	-1	-1	
1111	1090	39a357fb313d2bcd	6			yes					-1	-1	-1	-1	-1	-1	
1112	1089	120dc5558f7f1982	5			yes					-1	-1	-1	-1	-1	
1113	883	c0025fe2236c77fc	6			yes					-1	-1	-1	-1	-1	-1	
1114	668	72d44831efb811ea	4			yes					-1	-1	-1	-1	
