Number of nodes
151
ID	PID	Hash_Value			File_Number	Fully_Enumerated	Children
0	-1	8cf62d8f7ed67856	6			yes					1	23	44	65	82	99	
1	0	41df3eda9948e751	5			yes					2	7	16	20	22	
2	1	508614338150bae5	4			yes					3	4	-1	5	
3	2	6c057ce7c997693b	4			yes					-1	-1	-1	-1	
4	2	a69da5d8ab60eebb	4			yes					-1	-1	-1	-1	
5	2	f1fae73dacf3e085	5			yes					-1	-1	-1	-1	6	
6	5	7ed9b3cf27c68179	4			yes					-1	-1	-1	-1	
7	1	2a709cb607106c27	4			yes					-1	8	10	11	
8	7	c1aca0c4ff5aa245	5			yes					9	-1	-1	-1	-1	
9	8	cf53ed60f351e13e	4			yes					-1	-1	-1	-1	
10	7	5368582cf559cc0f	4			yes					-1	-1	-1	-1	
11	7	44f7abf2ea4b08fe	3			yes					12	13	15	
12	11	cee1e6faebd837a0	4			yes					-1	-1	-1	-1	
13	11	5cdc5ef933c109e0	5			yes					14	-1	-1	-1	-1	
14	13	5223135d3fca4a9b	4			yes					-1	-1	-1	-1	
15	11	14e0a8dec8671a85	4			yes					-1	-1	-1	-1	
16	1	711270a2f059efea	4			yes					-1	-1	17	18	
17	16	2d53533a26a8a7ae	5			yes					-1	-1	-1	-1	-1	
18	16	1f9547e61d028b33	3			yes					-1	-1	19	
19	18	1898284a4245e0f3	5			yes					-1	-1	-1	-1	-1	
20	1	24bcf1b9020abaa0	4			yes					-1	-1	-1	21	
21	20	4a3bc6fdef51de79	3			yes					-1	-1	-1	
22	1	2f58099e74138388	4			yes					-1	-1	-1	-1	
23	0	b8abe8a99c4139c3	5			yes					24	32	36	41	43	
24	23	241cec05a72f9ba6	4			yes					25	26	27	28	
25	24	4bfdd33c5028a5f5	5			yes					-1	-1	-1	-1	-1	
26	24	5b417148a25d067a	4			yes					-1	-1	-1	-1	
27	24	5767eb524ce82934	4			yes					-1	-1	-1	-1	
28	24	4a9bdb414a74ff7f	3			yes					-1	30	31	
29	28	8ade71480c79e1a1	5			no					-1	-1	-1	-1	-2	
30	28	75bba7c2e1f94b9a	4			yes					-1	-1	-1	-1	
31	28	f2370c619bcad0cf	4			yes					-1	-1	-1	-1	
32	23	a79eb2f3246693f6	4			yes					-1	33	-1	34	
33	32	88044f983b63c446	4			yes					-1	-1	-1	-1	
34	32	a084a996a1ca9587	5			yes					-1	-1	-1	-1	35	
35	34	2fa7fd642afff47b	4			yes					-1	-1	-1	-1	
36	23	8866a6d1f5503178	4			yes					-1	-1	37	38	
37	36	08dbb8c86dc220cc	5			yes					-1	-1	-1	-1	-1	
38	36	e6e19195180b55a1	3			yes					-1	39	40	
39	38	80e6e6e38b927708	4			yes					-1	-1	-1	-1	
40	38	3d10c3b8092f6791	5			yes					-1	-1	-1	-1	-1	
41	23	ddc827ca07036432	4			yes					-1	-1	-1	42	
42	41	b34f108eea5800eb	3			yes					-1	-1	-1	
43	23	d62cdfed711a5d1a	4			yes					-1	-1	-1	-1	
44	0	1e8709b7e954dec9	5			yes					45	54	60	62	64	
45	44	82300d1bd23a7cac	4			yes					46	48	49	50	
46	45	0acab9e1f127d72a	5			yes					-1	-1	-1	-1	47	
47	46	44ca4f672643f282	4			yes					-1	-1	-1	-1	
48	45	1855ed944c953da2	4			yes					-1	-1	-1	-1	
49	45	afce8c29ba147607	4			yes					-1	-1	-1	-1	
50	45	ecb73a5f3f611875	3			yes					51	-1	53	
51	50	cbe91b95ad76937e	5			yes					-1	-1	-1	-1	-1	
52	50	b6e185e72d7aa73f	4			no					-1	-1	-1	-2	
53	50	0a9e6b1a6d368ffc	4			yes					-1	-1	-1	-1	
54	44	53f48789b303cc21	4			yes					-1	55	57	58	
55	54	a286d95ff00261be	5			yes					-1	-1	-1	-1	56	
56	55	ec862fd927664416	4			yes					-1	-1	-1	-1	
57	54	1e8effe5cc2dde01	4			yes					-1	-1	-1	-1	
58	54	3d73b0cd5e58a8f8	3			yes					-1	-1	59	
59	58	bbde18d61b0f27fa	4			yes					-1	-1	-1	-1	
60	44	da2072b5172089a5	4			yes					-1	-1	-1	61	
61	60	33b48daec756e6bb	5			yes					-1	-1	-1	-1	-1	
62	44	7be4c6d472168338	4			yes					-1	-1	-1	63	
63	62	1563f1909f4de7e1	3			yes					-1	-1	-1	
64	44	70003ef3040fba10	4			yes					-1	-1	-1	-1	
65	0	e4db40b1f0ac32e1	5			yes					66	73	77	79	80	
66	65	786c441dcbc29084	4			yes					67	69	-1	70	
67	66	032d0b9b62f6f96d	5			yes					-1	-1	-1	-1	68	
68	67	4d2dfd1db592dcc5	4			yes					-1	-1	-1	-1	
69	66	34e0e01d1b4c544f	4			yes					-1	-1	-1	-1	
70	66	16eb73592699f45d	3			yes					71	72	-1	
71	70	c20ea9ef3ea7bd39	5			yes					-1	-1	-1	-1	-1	
72	70	060d57f98db97175	4			yes					-1	-1	-1	-1	
73	65	a9a8ce8faafb2009	4			yes					-1	74	-1	75	
74	73	1a6bbe86602103bc	5			yes					-1	-1	-1	-1	-1	
75	73	c72ff9cb47a044d0	3			yes					-1	76	-1	
76	75	28860962f6d42686	5			yes					-1	-1	-1	-1	-1	
77	65	8f74e2dd6ef4b997	4			yes					-1	-1	-1	78	
78	77	e1f3d59983afdd4e	3			yes					-1	-1	-1	
79	65	f2f1b96e37508579	5			yes					-1	-1	-1	-1	-1	
80	65	8a5c77f51df75638	4			yes					-1	-1	-1	81	
81	80	da0fddb97c77857b	5			yes					-1	-1	-1	-1	-1	
82	0	c4078405d9fa0a21	5			yes					83	90	94	97	98	
83	82	58b080a9e294a844	4			yes					84	86	88	-1	
84	83	13729ae38ff7b704	5			yes					-1	-1	-1	-1	85	
85	84	f2ba658fa13d293e	4			yes					-1	-1	-1	-1	
86	83	8ed75768ad8537d5	4			yes					-1	-1	-1	87	
87	86	6f1fa804834fa9ef	3			yes					-1	-1	-1	
88	83	0e74e55329120b5f	5			yes					-1	-1	-1	-1	89	
89	88	407413d5fe762ef7	4			yes					-1	-1	-1	-1	
90	82	89740a3b83ad18c9	4			yes					-1	91	92	-1	
91	90	e8c01471485bbd88	5			yes					-1	-1	-1	-1	-1	
92	90	669e642b0a674834	5			yes					-1	-1	-1	-1	93	
93	92	289e92addd036d9c	4			yes					-1	-1	-1	-1	
94	82	afa8266947a28157	4			yes					-1	-1	95	-1	
95	94	7548d88c8eb824f5	6			yes					-1	-1	-1	-1	-1	96	
96	95	3b482e0a59dc015d	5			yes					-1	-1	-1	-1	-1	
97	82	f4caca7db0eb029a	4			yes					-1	-1	-1	-1	
98	82	8aa6668696703340	4			yes					-1	-1	-1	-1	
99	0	fc881ea5b8b42d0d	5			yes					100	111	122	132	140	
100	99	586ef9b859d86254	5			yes					101	104	108	110	-1	
101	100	4937d35141c03fe0	4			yes					102	-1	-1	-1	
102	101	57369c076781452b	4			yes					-1	-1	-1	-1	
103	101	ebbbb06c11a25e7b	4			yes					-1	-1	-1	-1	
104	100	33c15bd4c780e922	4			yes					-1	105	107	-1	
105	104	215d70eab8e494a3	5			yes					106	-1	-1	-1	-1	
106	105	2fa23d4eb4efd7d8	4			yes					-1	-1	-1	-1	
107	104	884af1d35fc92150	4			yes					-1	-1	-1	-1	
108	100	68a3b7c030c96aef	4			yes					-1	-1	109	-1	
109	108	3ada858b28250d0d	5			yes					-1	-1	-1	-1	-1	
110	100	3d0d36dbc29a3fa5	4			yes					-1	-1	-1	-1	
111	99	a11a2fcb5cd1bcc6	5			yes					112	117	119	121	-1	
112	111	3dad2b6767bf1ea3	4			yes					113	115	116	-1	
113	112	607e3990c5406bfe	5			yes					-1	-1	-1	-1	-1	
114	113	05fd25ba874c805d	4			no					-1	-2	-2	-1	
115	112	166764fc189fb6ba	4			yes					-1	-1	-1	-1	
116	112	5a501b8e59fefa6d	4			yes					-1	-1	-1	-1	
117	111	be2f7591e4f616f3	4			yes					-1	118	-1	-1	
118	117	77594a37983a3446	4			yes					-1	-1	-1	-1	
119	111	91d761b335c0b47d	4			yes					-1	-1	120	-1	
120	119	1f526e79634f8a6f	5			yes					-1	-1	-1	-1	-1	
121	111	c479e0a8c793e137	4			yes					-1	-1	-1	-1	
122	99	0736ced529c45bcc	5			yes					123	127	130	131	-1	
123	122	9b81ca7912aaf9a9	4			yes					124	125	126	-1	
124	123	2149534d644f1921	5			yes					-1	-1	-1	-1	-1	
125	123	7a2974915649bc31	4			yes					-1	-1	-1	-1	
126	123	a2f97cf5af02a55e	4			yes					-1	-1	-1	-1	
127	122	4a4540eb73934924	4			yes					-1	-1	129	-1	
128	127	890533f3656aafb5	5			yes					-1	-1	-1	-1	-1	
129	127	13b90f39d93b0d58	4			yes					-1	-1	-1	-1	
130	122	c391b5d7d7b00ca0	4			yes					-1	-1	-1	-1	
131	122	625501b6b286063d	4			yes					-1	-1	-1	-1	
132	99	fd6a87d3303cb7e4	5			yes					133	136	138	139	-1	
133	132	61dd837f0b521581	4			yes					134	135	-1	-1	
134	133	28aee137f79e3766	5			yes					-1	-1	-1	-1	-1	
135	133	8882ae4896721969	4			yes					-1	-1	-1	-1	
136	132	b01909ed6a6ba50c	4			yes					-1	137	-1	-1	
137	136	a609f0d3ed1f4e9a	5			yes					-1	-1	-1	-1	-1	
138	132	96c525bfae643c92	4			yes					-1	-1	-1	-1	
139	132	afe147143d3a7485	5			yes					-1	-1	-1	-1	-1	
140	99	f0041d61564b389a	5			yes					141	145	148	150	-1	
141	140	6cb319cd6d259aff	4			yes					142	143	144	-1	
142	141	0e5d209782964f97	5			yes					-1	-1	-1	-1	-1	
143	141	93f8ed1ca0e4cf46	4			yes					-1	-1	-1	-1	
144	141	25f70fffbc7ac554	5			yes					-1	-1	-1	-1	-1	
145	140	bd77935f0c1c2a72	4			yes					-1	146	147	-1	
146	145	f5efae05453a451b	5			yes					-1	-1	-1	-1	-1	
147	145	4d1d8e879f0f863f	5			yes					-1	-1	-1	-1	-1	
148	140	9babbf0dc813b3ec	4			yes					-1	-1	149	-1	
149	148	5ecb32201bd0eafe	6			yes					-1	-1	-1	-1	-1	-1	
150	140	c0c953193f5a3021	4			yes					-1	-1	-1	-1	
