Number of nodes
161
ID	PID	Hash_Value			File_Number	Fully_Enumerated	Children
0	-1	5a74bd891e8d2425	5			yes					1	25	46	65	102	
1	0	c9bb60f2eabd6b4b	4			yes					2	11	18	24	
2	1	f278ee7b726cf5c4	3			yes					3	7	9	
3	2	5f162fb81b3038e8	5			yes					-1	-1	4	5	6	
4	3	e679c5f7fa7f43e0	4			yes					-1	-1	-1	-1	
5	3	b23310ff723bcff8	4			yes					-1	-1	-1	-1	
6	3	fb81c536be034e61	4			yes					-1	-1	-1	-1	
7	2	c49336832ab31a44	4			yes					-1	-1	-1	8	
8	7	6004dc0d8f806ccd	3			yes					-1	-1	-1	
9	2	0312c282fe41afcd	5			yes					-1	-1	-1	-1	10	
10	9	ff8863c534b40980	4			yes					-1	-1	-1	-1	
11	1	0fbec9588db6d980	3			yes					-1	12	17	
12	11	ded81978d4b3143d	5			yes					13	14	-1	15	16	
13	12	ddba07a5ffca0913	4			yes					-1	-1	-1	-1	
14	12	83b89711548464f2	4			yes					-1	-1	-1	-1	
15	12	31a6874a706425f0	4			yes					-1	-1	-1	-1	
16	12	7a4ff3f6718062b4	4			yes					-1	-1	-1	-1	
17	11	9af3bf979d8e35c7	5			yes					-1	-1	-1	-1	-1	
18	1	a8ec860c4b4c9459	3			yes					-1	-1	19	
19	18	3303b7f7841e0b50	5			yes					20	21	22	-1	23	
20	19	3061a92aaf67167e	4			yes					-1	-1	-1	-1	
21	19	fa56b9fa12a5110d	4			yes					-1	-1	-1	-1	
22	19	eaded31f87f5ab1b	4			yes					-1	-1	-1	-1	
23	19	e97e78f9027a81c8	4			yes					-1	-1	-1	-1	
24	1	9c91c1dd5e2bd356	3			yes					-1	-1	-1	
25	0	7ae72537b1f02c3c	4			yes					26	38	43	45	
26	25	ca449cae397802d3	3			yes					27	31	36	
27	26	4cd14a6200ff3b48	5			yes					-1	-1	28	29	30	
28	27	ef2e27d7ac1ca737	4			yes					-1	-1	-1	-1	
29	27	a1f4752569f4cc58	4			yes					-1	-1	-1	-1	
30	27	e846a0eca5cc4dc1	4			yes					-1	-1	-1	-1	
31	26	1092b3a4c99972d7	5			yes					-1	32	33	34	35	
32	31	5c6d211490749570	4			yes					-1	-1	-1	-1	
33	31	efe50b4ea6ca8692	4			yes					-1	-1	-1	-1	
34	31	4233b668a0005188	4			yes					-1	-1	-1	-1	
35	31	b405592a6caa045e	4			yes					-1	-1	-1	-1	
36	26	8a8646c0a9b85ea5	5			yes					-1	-1	-1	-1	37	
37	36	c2393ca891f71c09	4			yes					-1	-1	-1	-1	
38	25	21e08a7f944a7e7f	3			yes					-1	39	41	
39	38	5c1b59e6aa328371	4			yes					-1	-1	-1	40	
40	39	f88cb3680f01f5f8	3			yes					-1	-1	-1	
41	38	e9f5a802ad48a1b7	5			yes					-1	-1	-1	-1	42	
42	41	156f094567bd07fa	4			yes					-1	-1	-1	-1	
43	25	be8eb7fe19a4c4b1	3			yes					-1	-1	44	
44	43	fa8a6df87d1a4593	5			yes					-1	-1	-1	-1	-1	
45	25	2fcd841805669421	3			yes					-1	-1	-1	
46	0	9537355845278d66	4			yes					47	58	62	64	
47	46	25948cc1cdafa389	3			yes					48	53	57	
48	47	c4f33f69a822f2eb	5			yes					-1	49	50	51	52	
49	48	019ad5977449b885	4			yes					-1	-1	-1	-1	
50	48	a55b4e79e2349657	4			yes					-1	-1	-1	-1	
51	48	29d6002ec12905fb	4			yes					-1	-1	-1	-1	
52	48	6064d5e70d118462	4			yes					-1	-1	-1	-1	
53	47	2859bd41c25404ad	5			yes					-1	54	-1	55	56	
54	53	6ab6b59e28bc2cb4	4			yes					-1	-1	-1	-1	
55	53	c57c8206ab5ff3bd	4			yes					-1	-1	-1	-1	
56	53	8cce57cf67677224	4			yes					-1	-1	-1	-1	
57	47	9cfd83f8dd324af9	5			yes					-1	-1	-1	-1	-1	
58	46	91031ba7940d1e2a	3			yes					-1	59	61	
59	58	5e8b8ec475d21fbe	4			yes					-1	-1	-1	60	
60	59	fa1c644ad0e16937	3			yes					-1	-1	-1	
61	58	a98c97f606ce1ba6	5			yes					-1	-1	-1	-1	-1	
62	46	dd15971eee85b584	3			yes					-1	-1	63	
63	62	b88ed506ef7e5909	5			yes					-1	-1	-1	-1	-1	
64	46	fcb53520f2008541	3			yes					-1	-1	-1	
65	0	5e315175eb9a536e	5			yes					66	86	96	99	101	
66	65	ee92e8ec63127d81	4			yes					67	73	78	79	
67	66	ebde9e7f641c4766	5			yes					-1	68	69	71	72	
68	67	f194eeeb80845acc	4			yes					-1	-1	-1	-1	
69	67	0529ee0b6cc5fb12	4			yes					-1	-1	-1	70	
70	69	a1be0485c9f68d9b	3			yes					-1	-1	-1	
71	67	79aa9b20bb158af7	4			yes					-1	-1	-1	-1	
72	67	4f4974f1c12f31ef	4			yes					-1	-1	-1	-1	
73	66	960425280fcaf009	5			yes					-1	74	75	76	77	
74	73	d4eb2df7e522d810	4			yes					-1	-1	-1	-1	
75	73	3cce02d7b8bd77a5	4			yes					-1	-1	-1	-1	
76	73	04702077d0c33d98	4			yes					-1	-1	-1	-1	
77	73	3293cfa6aaf98680	4			yes					-1	-1	-1	-1	
78	66	85df464d7107276e	4			yes					-1	-1	-1	-1	
79	66	a490f88c38b3b3ed	3			yes					80	82	85	
80	79	86446b726cbce5a5	5			yes					-1	-1	81	-1	-1	
81	80	68b31b06646559d1	4			yes					-1	-1	-1	-1	
82	79	fb9ed025076a52ca	5			yes					-1	83	84	-1	-1	
83	82	b971d8faed827ad3	4			yes					-1	-1	-1	-1	
84	82	5154f7dab01dd566	4			yes					-1	-1	-1	-1	
85	79	f913dd27bdc957b7	4			yes					-1	-1	-1	-1	
86	65	5a057f8a3ab0c022	4			yes					-1	87	92	93	
87	86	c73bd9e4013b0336	5			yes					88	-1	89	90	91	
88	87	8c8591e9d2c1b2f0	4			yes					-1	-1	-1	-1	
89	87	fb849eba277514c4	4			yes					-1	-1	-1	-1	
90	87	2a1ee6a36830f426	4			yes					-1	-1	-1	-1	
91	87	63ac336aa40875bf	4			yes					-1	-1	-1	-1	
92	86	1b84e265f2e852df	4			yes					-1	-1	-1	-1	
93	86	10076fea61110e4e	3			yes					-1	94	-1	
94	93	aaa12ce9099ba1f5	5			yes					-1	-1	-1	95	-1	
95	94	478413ae609056e5	4			yes					-1	-1	-1	-1	
96	65	2fdb8c1f0dec430e	4			yes					-1	-1	97	98	
97	96	b5f527335b118d1d	4			yes					-1	-1	-1	-1	
98	96	65d99c7f564d8d62	3			yes					-1	-1	-1	
99	65	8f7f5a6ce47563af	4			yes					-1	-1	-1	100	
100	99	c57d4a0cbfd4adc3	3			yes					-1	-1	-1	
101	65	14334115b03b9d02	4			yes					-1	-1	-1	-1	
102	0	85befd9a7c344731	4			yes					103	119	135	151	
103	102	a5744323668e1229	5			yes					104	108	113	117	118	
104	103	9eb7cdaafe5f8ca6	4			yes					105	106	-1	107	
105	104	79fb3c92c85fe8b8	5			yes					-1	-1	-1	-1	-1	
106	104	e27e25a9f9dcca14	4			yes					-1	-1	-1	-1	
107	104	65a17da8f1ad9c74	5			yes					-1	-1	-1	-1	-1	
108	103	6371ea890185a0e2	4			yes					-1	109	110	111	
109	108	f8350a5207dcc46d	5			yes					-1	-1	-1	-1	-1	
110	108	898b8cea9b0f5693	5			yes					-1	-1	-1	-1	-1	
111	108	51b8cfef5b2541f0	3			yes					-1	112	-1	
112	111	ded2e8d72588d677	5			yes					-1	-1	-1	-1	-1	
113	103	c423a5ddc77fed3b	4			yes					-1	-1	114	115	
114	113	207b848a829f6804	5			yes					-1	-1	-1	-1	-1	
115	113	f6ea80bb9ddf0c29	3			yes					116	-1	-1	
116	115	c499c72cdb88d80e	4			yes					-1	-1	-1	-1	
117	103	ae58e4bb048b3244	4			yes					-1	-1	-1	-1	
118	103	97bd66453c2ef33b	4			yes					-1	-1	-1	-1	
119	102	162806e63dc3555e	5			yes					120	127	130	133	134	
120	119	a68bbf7fb54b7bb1	4			yes					121	122	123	124	
121	120	6a3c5948d390eb18	5			yes					-1	-1	-1	-1	-1	
122	120	367fa08e1af6a287	5			yes					-1	-1	-1	-1	-1	
123	120	ca7bd671b7cf3f29	5			yes					-1	-1	-1	-1	-1	
124	120	94429a19efeb9aa3	3			yes					125	126	-1	
125	124	4cdbbbcdf1c4f902	5			yes					-1	-1	-1	-1	-1	
126	124	1098420b38a2b09d	5			yes					-1	-1	-1	-1	-1	
127	119	4d2fa9ae1879071d	4			yes					-1	128	-1	129	
128	127	7af64acc795d5321	4			yes					-1	-1	-1	-1	
129	127	222aee6aa27dfa30	5			yes					-1	-1	-1	-1	-1	
130	119	d241942f9597bdd3	4			yes					-1	-1	131	132	
131	130	e9f25e857b9b26c7	5			yes					-1	-1	-1	-1	-1	
132	130	e088b149cf375cc1	3			yes					-1	-1	-1	
133	119	1d04a17e5fc67533	4			yes					-1	-1	-1	-1	
134	119	24e123806763b44c	4			yes					-1	-1	-1	-1	
135	102	b6820166249549e1	5			yes					136	143	147	149	150	
136	135	0621b8ffac1d670e	4			yes					137	139	-1	140	
137	136	e21e2c437b4d22bb	5			yes					-1	138	-1	-1	-1	
138	137	2777c6bda72668d5	4			yes					-1	-1	-1	-1	
139	136	0eb4ae6b113bd4fd	5			yes					-1	-1	-1	-1	-1	
140	136	34e89d99f6bd861c	3			yes					141	142	-1	
141	140	c4f9cec6591930a1	5			yes					-1	-1	-1	-1	-1	
142	140	28534cee336fc6e7	5			yes					-1	-1	-1	-1	-1	
143	135	b2b62f99f5bfdaad	4			yes					-1	144	-1	145	
144	143	78669deea6bdcfee	4			yes					-1	-1	-1	-1	
145	143	807f0affaf1f3bbf	3			yes					-1	146	-1	
146	145	5e817f6b84e9ddf4	4			yes					-1	-1	-1	-1	
147	135	fea0a3208f377103	4			yes					-1	-1	-1	148	
148	147	c2eb3df5d95bfd6b	5			yes					-1	-1	-1	-1	-1	
149	135	ce7c1046a8a06453	4			yes					-1	-1	-1	-1	
150	135	844b24007e35a8f3	4			yes					-1	-1	-1	-1	
151	102	fda4705f95f206d9	5			yes					152	157	159	160	-1	
152	151	4d07c9c61d7a2836	4			yes					153	155	-1	-1	
153	152	cd338d55b7739736	5			yes					-1	-1	154	-1	-1	
154	153	23c4fd21bfaa2b42	4			yes					-1	-1	-1	-1	
155	152	b0e93602dca52059	5			yes					-1	156	-1	-1	-1	
156	155	f2063edd364d0840	4			yes					-1	-1	-1	-1	
157	151	f9905ea044d89595	4			yes					-1	158	-1	-1	
158	157	e1d6caced254d366	5			yes					-1	-1	-1	-1	-1	
159	151	8c4ead35738416b9	4			yes					-1	-1	-1	-1	
160	151	2cea7b469a1d3618	4			yes					-1	-1	-1	-1	
