Number of nodes
537
ID	PID	Hash_Value			File_Number	Fully_Enumerated	Children
0	-1	f43bd8ae6bf92f4f	6			yes					1	167	298	406	486	536	
1	0	73fd65907beeddd4	5			yes					2	56	88	109	127	
2	1	cd1a49dc34fc7b7d	5			yes					3	16	34	44	55	
3	2	76743524a7d2434f	4			yes					4	5	8	13	
4	3	0319d07a1c9799c2	4			yes					-1	-1	-1	-1	
5	3	51015b8fb301fe12	5			yes					-1	6	-1	-1	7	
6	5	879c4a5a1aa08e97	4			yes					-1	-1	-1	-1	
7	5	de1fc8f9e88ce3a6	4			yes					-1	-1	-1	-1	
8	3	92ae36ffee46c353	3			yes					9	10	11	
9	8	eeb3b3ac7418578d	4			yes					-1	-1	-1	-1	
10	8	0e6ec7ce8c898629	4			yes					-1	-1	-1	-1	
11	8	121e3b0a93d178f0	5			yes					-1	-1	-1	-1	12	
12	11	d20b0c643f668510	4			yes					-1	-1	-1	-1	
13	3	8724d378acbd75f2	3			yes					14	15	-1	
14	13	aec67864c3b950ad	4			yes					-1	-1	-1	-1	
15	13	a8cf660473a92a62	4			yes					-1	-1	-1	-1	
16	2	702c861b22558675	4			yes					-1	17	24	29	
17	16	d5264736bbf5cfe1	5			yes					18	20	21	22	23	
18	17	1bb7ccb5a2d5612f	4			yes					19	-1	-1	-1	
19	18	bf1fd1537756d58a	3			yes					-1	-1	-1	
20	17	718e5ad06e767b44	4			yes					-1	-1	-1	-1	
21	17	d38c9313a613017b	4			yes					-1	-1	-1	-1	
22	17	1bce9b4e879e30a9	4			yes					-1	-1	-1	-1	
23	17	a27b9e38ed2e2bb9	4			yes					-1	-1	-1	-1	
24	16	16b589290e103827	5			yes					25	26	-1	27	28	
25	24	d82402aa173096e9	4			yes					-1	-1	-1	-1	
26	24	b21d94cfdb938c82	4			yes					-1	-1	-1	-1	
27	24	a8ab83844a3711fb	4			yes					-1	-1	-1	-1	
28	24	c40eb125b384ab82	4			yes					-1	-1	-1	-1	
29	16	56c042e1b9b13f07	5			yes					30	31	32	33	-1	
30	29	9851c962a09191c9	4			yes					-1	-1	-1	-1	
31	29	f2685f076c328ba2	4			yes					-1	-1	-1	-1	
32	29	46e96f0c82b1a732	4			yes					-1	-1	-1	-1	
33	29	7bdedd01f446a903	4			yes					-1	-1	-1	-1	
34	2	13d256b8c77c739b	4			yes					-1	-1	35	40	
35	34	f668fd4bf681e983	5			yes					36	37	38	-1	39	
36	35	38f976c8efa1474d	4			yes					-1	-1	-1	-1	
37	35	52c0e0ad23025d26	4			yes					-1	-1	-1	-1	
38	35	20f5ec9e5f209906	4			yes					-1	-1	-1	-1	
39	35	a96da7bdf46328e8	4			yes					-1	-1	-1	-1	
40	34	50c95c8109a145c8	5			yes					41	42	43	-1	-1	
41	40	9e58d7021081eb06	4			yes					-1	-1	-1	-1	
42	40	f4614167dc22f16d	4			yes					-1	-1	-1	-1	
43	40	86544d54a000354d	4			yes					-1	-1	-1	-1	
44	2	29c04a077d68fb61	4			yes					-1	-1	-1	45	
45	44	ea18018fe9d9175a	6			yes					46	48	50	52	-1	54	
46	45	24898a0cf0f9b994	5			yes					-1	-1	-1	-1	47	
47	46	e49cbd625c4e4474	4			yes					-1	-1	-1	-1	
48	45	4eb01c693c5aa3ff	5			yes					-1	-1	-1	-1	49	
49	48	8ea52b0790ed5e1f	4			yes					-1	-1	-1	-1	
50	45	3c85105a407867df	5			yes					-1	-1	-1	-1	51	
51	50	fc902734eccf9a3f	4			yes					-1	-1	-1	-1	
52	45	34b9b0e5d090333b	5			yes					-1	-1	-1	-1	53	
53	52	f4ac878b7c27cedb	4			yes					-1	-1	-1	-1	
54	45	2a0d36e1456eeaba	5			yes					-1	-1	-1	-1	-1	
55	2	3c4aaf803f934dc0	4			yes					-1	-1	-1	-1	
56	1	e47c2c652dc57f54	4			yes					57	67	76	87	
57	56	1e05f86d05b87e66	3			yes					58	59	63	
58	57	2d207db3c1fda04b	4			yes					-1	-1	-1	-1	
59	57	b0030e14368d8798	5			yes					-1	60	61	-1	62	
60	59	cdb3d92684839f55	4			yes					-1	-1	-1	-1	
61	59	6ea2bf7e0fc4a3f9	4			yes					-1	-1	-1	-1	
62	59	4fdf6bef95777b0e	4			yes					-1	-1	-1	-1	
63	57	a65c5d4c83f8eaf4	5			yes					-1	64	65	-1	-1	
64	63	dbec8a7e31f6f239	4			yes					-1	-1	-1	-1	
65	63	78fdec26bab1ce95	4			yes					-1	-1	-1	-1	
66	63	ffc616c00187b625	4			yes					-1	-1	-1	-1	
67	56	eff3318f6a86b793	3			yes					-1	68	72	
68	67	cbd8b2527e5197f1	5			yes					69	70	-1	-1	71	
69	68	054939d16771393f	4			yes					-1	-1	-1	-1	
70	68	49169b0a0fa7aea1	4			yes					-1	-1	-1	-1	
71	68	3404d7a9ddab6b67	4			yes					-1	-1	-1	-1	
72	67	dd87e10acb24fa9d	5			yes					73	74	-1	-1	75	
73	72	13166a89d2045453	4			yes					-1	-1	-1	-1	
74	72	5f49c852bad2c3cd	4			yes					-1	-1	-1	-1	
75	72	841daa86495ba64c	4			yes					-1	-1	-1	-1	
76	56	00a62fbe6451ff48	3			yes					-1	-1	77	
77	76	6753f3d65603f2e7	6			yes					78	80	82	84	-1	86	
78	77	a9c278554f235c29	5			yes					-1	-1	-1	-1	79	
79	78	69d74f3be394a1c9	4			yes					-1	-1	-1	-1	
80	77	e59dda8e27f5cbb7	5			yes					-1	-1	-1	-1	81	
81	80	2588ede08b423657	4			yes					-1	-1	-1	-1	
82	77	1ae324e4e40dea2a	5			yes					-1	-1	-1	-1	83	
83	82	daf6138a48ba17ca	4			yes					-1	-1	-1	-1	
84	77	b9f242bc6f4ad686	5			yes					-1	-1	-1	-1	85	
85	84	79e775d2c3fd2b66	4			yes					-1	-1	-1	-1	
86	77	a746c4b8fab40f07	5			yes					-1	-1	-1	-1	-1	
87	56	152cca3926aa49e9	3			yes					-1	-1	-1	
88	1	b5c2b8ac68b39847	4			yes					89	96	106	108	
89	88	4fbb6ca440ce9975	3			yes					90	92	93	
90	89	0ba04da9d4365f69	5			yes					-1	-1	-1	-1	91	
91	90	e6ddfb4b50551cf6	4			yes					-1	-1	-1	-1	
92	89	65874ce361630d5c	4			yes					-1	-1	-1	-1	
93	89	276cf0ceee21420d	5			yes					-1	94	95	-1	-1	
94	93	f1f1e11b47803288	4			yes					-1	-1	-1	-1	
95	93	d3d02ac1a11ea6dd	4			yes					-1	-1	-1	-1	
96	88	08f4776b7e1a654f	3			yes					-1	97	101	
97	96	74b75760fa22ddd5	5			yes					98	99	-1	-1	100	
98	97	ba26dce3e302731b	4			yes					-1	-1	-1	-1	
99	97	f6797e388bd4e485	4			yes					-1	-1	-1	-1	
100	97	ccec2d2ccf08b2ba	4			yes					-1	-1	-1	-1	
101	96	db367757d7c6f15d	5			yes					102	103	104	105	-1	
102	101	15a7fcd4cee65f93	4			yes					-1	-1	-1	-1	
103	101	59f85e0fa630c80d	4			yes					-1	-1	-1	-1	
104	101	b6f680b80222a997	4			yes					-1	-1	-1	-1	
105	101	3ceb9b6fc255b07d	4			yes					-1	-1	-1	-1	
106	88	b61ffd9335bbca87	3			yes					-1	-1	107	
107	106	de4aa945df8651b0	5			yes					-1	-1	-1	-1	-1	
108	88	44925ef063dcaefa	3			yes					-1	-1	-1	
109	1	910bc556cd301432	4			yes					110	117	124	126	
110	109	6b72115ee54d1500	3			yes					111	114	-1	
111	110	2611e04ccacf77e1	5			yes					-1	-1	-1	113	-1	
112	111	811c375732350819	4			no					-1	-2	-2	-2	
113	111	52468f18238a7654	4			yes					-1	-1	-1	-1	
114	110	f2190185c43db6e8	5			yes					-1	-1	-1	116	-1	
115	114	248410506d9cc66d	4			no					-1	-1	-2	-2	
116	114	864e6ed12d78b75d	4			yes					-1	-1	-1	-1	
117	109	2c3d0a91db99e93a	3			yes					-1	118	123	
118	117	95209d5378836dbb	5			yes					119	120	-1	121	122	
119	118	5bb116d061a3c375	4			yes					-1	-1	-1	-1	
120	118	17eeb40b097554eb	4			yes					-1	-1	-1	-1	
121	118	8657e92654bf8ef6	4			yes					-1	-1	-1	-1	
122	118	5982028b590cba49	4			yes					-1	-1	-1	-1	
123	117	71e612a4e847c8ac	5			yes					-1	-1	-1	-1	-1	
124	109	4fc3da323eb01cd4	3			yes					-1	-1	125	
125	124	a16ae9a58d35f012	5			yes					-1	-1	-1	-1	-1	
126	109	998704abcd54f4dc	3			yes					-1	-1	-1	
127	1	f0a473faca598481	5			yes					128	135	153	165	166	
128	127	0adda7f2e22485b3	4			yes					129	131	134	-1	
129	128	bceca9044c2d28bb	5			yes					-1	-1	-1	-1	130	
130	129	b1dc98c7fa282f8b	4			yes					-1	-1	-1	-1	
131	128	188462e0abff98e6	5			yes					-1	-1	-1	-1	133	
132	131	ce197335025ee863	4			no					-1	-1	-2	-2	
133	131	15b453231dfa9fd6	4			yes					-1	-1	-1	-1	
134	128	234710f8a9657687	5			yes					-1	-1	-1	-1	-1	
135	127	4d92bc3ddcf07989	4			yes					-1	136	145	152	
136	135	600334c38349a373	6			yes					137	139	-1	141	143	144	
137	136	ae92bf409a690dbd	5			yes					-1	-1	-1	-1	138	
138	137	cfa6a9841345f289	4			yes					-1	-1	-1	-1	
139	136	e2cd1d9bf2bf9a23	5			yes					-1	-1	-1	-1	140	
140	139	83f90b5f7b936517	4			yes					-1	-1	-1	-1	
141	136	aeebe8bbbf225c3b	5			yes					-1	-1	-1	-1	142	
142	141	cfdffe7f360ea30f	4			yes					-1	-1	-1	-1	
143	136	e529bc42c0775978	5			yes					-1	-1	-1	-1	-1	
144	136	013722070a655c47	5			yes					-1	-1	-1	-1	-1	
145	135	2636b6c3cd5fe4a0	6			yes					146	148	-1	150	-1	151	
146	145	e8a73d40d47f4a6e	5			yes					-1	-1	-1	-1	147	
147	146	89932b845d53b55a	4			yes					-1	-1	-1	-1	
148	145	a4f89f9bbca9ddf0	5			yes					-1	-1	-1	-1	149	
149	148	c5cc895f358522c4	4			yes					-1	-1	-1	-1	
150	145	9828bc6e8978cd7c	5			yes					-1	-1	-1	-1	-1	
151	145	4702a00744731b94	5			yes					-1	-1	-1	-1	-1	
152	135	c06bc8b7926989c8	3			yes					-1	-1	-1	
153	127	2e6c6c9e39d98c67	4			yes					-1	-1	154	164	
154	153	db45e07117f39ffc	6			yes					155	157	159	-1	161	163	
155	154	15d46bf20ed33132	5			yes					-1	-1	-1	-1	156	
156	155	74e07d3687ffce06	4			yes					-1	-1	-1	-1	
157	154	598bc9296605a6ac	5			yes					-1	-1	-1	-1	158	
158	157	38bfdfedef295998	4			yes					-1	-1	-1	-1	
159	154	0dd8f1a4be52ef79	5			yes					-1	-1	-1	-1	160	
160	159	6cece760377e104d	4			yes					-1	-1	-1	-1	
161	154	ee3f85c7d93a5a29	5			yes					-1	-1	-1	-1	162	
162	161	8f0b93035016a51d	4			yes					-1	-1	-1	-1	
163	154	ba71f6b59edf60c8	5			yes					-1	-1	-1	-1	-1	
164	153	a395181477407c26	3			yes					-1	-1	-1	
165	127	147e702183cd049d	4			yes					-1	-1	-1	-1	
166	127	7d5d077084c074c0	4			yes					-1	-1	-1	-1	
167	0	e480c90fd6beaa27	5			yes					-1	168	220	240	258	
168	167	f087e2c3dc532994	5			yes					169	188	198	208	219	
169	168	cd3c1be5ba395a8c	4			yes					170	171	177	183	
170	169	2bd34a4651d45561	4			yes					-1	-1	-1	-1	
171	169	38f8b83bd46ae345	5			yes					172	173	174	175	176	
172	171	387e14b7694edd29	4			yes					-1	-1	-1	-1	
173	171	e4341699c3e6e361	4			yes					-1	-1	-1	-1	
174	171	9b554dec27c1897a	4			yes					-1	-1	-1	-1	
175	171	08ba2ef70fd8b02f	4			yes					-1	-1	-1	-1	
176	171	4fa5613582b1071d	4			yes					-1	-1	-1	-1	
177	169	e6f58c553c83881d	5			yes					178	179	180	181	182	
178	177	e67320d981a7b671	4			yes					-1	-1	-1	-1	
179	177	3a3922f72b0f8839	4			yes					-1	-1	-1	-1	
180	177	fb46378a45a3e013	4			yes					-1	-1	-1	-1	
181	177	9efce307d16a972d	4			yes					-1	-1	-1	-1	
182	177	b9f0d6a33e614976	4			yes					-1	-1	-1	-1	
183	169	c62a8e24c80281cb	5			yes					184	185	186	187	-1	
184	183	c6ac22a87526bfa7	4			yes					-1	-1	-1	-1	
185	183	1ae62086df8e81ef	4			yes					-1	-1	-1	-1	
186	183	db9935fbb122e9c5	4			yes					-1	-1	-1	-1	
187	183	c51fae8271e2b110	4			yes					-1	-1	-1	-1	
188	168	f6f903c5d711cd5f	4			yes					-1	189	192	195	
189	188	32b5676ce88ecad2	5			yes					190	-1	-1	-1	191	
190	189	11427cc446f1cc6c	4			yes					-1	-1	-1	-1	
191	189	bdabf41ab303d766	4			yes					-1	-1	-1	-1	
192	188	1223001e9e854d43	3			yes					193	194	-1	
193	192	83e018ce8fc8b6df	4			yes					-1	-1	-1	-1	
194	192	6ddafb2dd706b2e9	4			yes					-1	-1	-1	-1	
195	188	07a9e599dc7efbe2	3			yes					196	197	-1	
196	195	8554e34f9696268f	4			yes					-1	-1	-1	-1	
197	195	cb7b5ae728261ea2	4			yes					-1	-1	-1	-1	
198	168	2e4ffda72fd32172	4			yes					-1	-1	199	204	
199	198	b023ab875a7129bb	5			yes					200	201	202	-1	203	
200	199	93d4b02ff40e2f05	4			yes					-1	-1	-1	-1	
201	199	148bb6618ff29d1e	4			yes					-1	-1	-1	-1	
202	199	cd937cb5e87f3176	4			yes					-1	-1	-1	-1	
203	199	ef26f1715893e8d0	4			yes					-1	-1	-1	-1	
204	198	16820a4da55185f0	5			yes					205	206	207	-1	-1	
205	204	357511e50b2e834e	4			yes					-1	-1	-1	-1	
206	204	b22a17ab70d23155	4			yes					-1	-1	-1	-1	
207	204	6b32dd7f175f9d3d	4			yes					-1	-1	-1	-1	
208	168	145de11895c7a988	4			yes					-1	-1	-1	209	
209	208	ac5357434529d762	6			yes					210	212	214	216	-1	218	
210	209	8fa44cebeb56d1dc	5			yes					-1	-1	-1	-1	211	
211	210	4fb17b8547e12c3c	4			yes					-1	-1	-1	-1	
212	209	08fb4aa590aa63c7	5			yes					-1	-1	-1	-1	213	
213	212	c8ee7dcb3c1d9e27	4			yes					-1	-1	-1	-1	
214	209	d1e38071f727cfaf	5			yes					-1	-1	-1	-1	215	
215	214	11f6b71f5b90324f	4			yes					-1	-1	-1	-1	
216	209	72f2e6297c60f303	5			yes					-1	-1	-1	-1	217	
217	216	b2e7d147d0d70ee3	4			yes					-1	-1	-1	-1	
218	209	6c46602de99e2a82	5			yes					-1	-1	-1	-1	-1	
219	168	01d7049fd73c1f29	4			yes					-1	-1	-1	-1	
220	167	93098eb5f694c7fb	4			yes					221	232	237	239	
221	220	aeb2779390feb4e3	3			yes					222	225	227	
222	221	11f0a64bd1260c59	5			yes					-1	223	-1	-1	224	
223	222	b4feed9529fbb976	4			yes					-1	-1	-1	-1	
224	222	fc8d10a955454fc6	4			yes					-1	-1	-1	-1	
225	221	2e84fc36c1d34e09	5			yes					-1	-1	-1	-1	226	
226	225	96df867af4f92166	4			yes					-1	-1	-1	-1	
227	221	970122b755ff121d	5			yes					228	229	230	231	-1	
228	227	97878e3be8db2c71	4			yes					-1	-1	-1	-1	
229	227	556dce83f0c2f7ff	4			yes					-1	-1	-1	-1	
230	227	384362db72ede587	4			yes					-1	-1	-1	-1	
231	227	70dcce8f406c533d	4			yes					-1	-1	-1	-1	
232	220	cf365a45300d1765	3			yes					-1	233	234	
233	232	063370003aec399c	4			yes					-1	-1	-1	-1	
234	232	44d8cc2db5ae76cd	5			yes					235	-1	236	-1	-1	
235	234	672fd7851bd17073	4			yes					-1	-1	-1	-1	
236	234	b0641622fa91921d	4			yes					-1	-1	-1	-1	
237	220	90d4cb8aab9c953b	3			yes					-1	-1	238	
238	237	154a0dd0ccac7435	5			yes					-1	-1	-1	-1	-1	
239	220	625968e9fdfbf146	3			yes					-1	-1	-1	
240	167	b7c0f34f53174b8e	4			yes					241	251	255	257	
241	240	8a7b0a69357d3896	3			yes					242	245	250	
242	241	1b1fa682fb37887e	5			yes					-1	-1	243	244	-1	
243	242	d6e0c002962881c8	4			yes					-1	-1	-1	-1	
244	242	6f48c9d6127289cb	4			yes					-1	-1	-1	-1	
245	241	3daca21f2a4bd3c9	5			yes					246	247	-1	248	249	
246	245	3d2a0e93976feda5	4			yes					-1	-1	-1	-1	
247	245	ffc04e2b8f76362b	4			yes					-1	-1	-1	-1	
248	245	49fbcd4bc30ed27c	4			yes					-1	-1	-1	-1	
249	245	4af17b117c903791	4			yes					-1	-1	-1	-1	
250	241	6826136726f679b9	5			yes					-1	-1	-1	-1	-1	
251	240	ebff27bf958e9b10	3			yes					-1	252	-1	
252	251	91ad3d669fb28228	5			yes					253	-1	-1	254	-1	
253	252	b25a26ce31cd8496	4			yes					-1	-1	-1	-1	
254	252	e5fa523276f7839d	4			yes					-1	-1	-1	-1	
255	240	6908ec2ba0974368	3			yes					-1	-1	256	
256	255	6a6a4d309e1fd597	5			yes					-1	-1	-1	-1	-1	
257	240	bf4c32b25373ab60	3			yes					-1	-1	-1	
258	167	d66f45e3547edb3d	5			yes					259	278	284	296	297	
259	258	ebd4bcc53214a825	4			yes					260	262	272	275	
260	259	a84c7ba750847506	5			yes					-1	-1	-1	-1	261	
261	260	c9786d63d9a88a32	4			yes					-1	-1	-1	-1	
262	259	d32209aa17335e6a	6			yes					263	265	-1	267	269	271	
263	262	d3a4a526aa176006	5			yes					-1	-1	-1	-1	264	
264	263	b290b3e2233b9f32	4			yes					-1	-1	-1	-1	
265	262	114ee59eb20ebb88	5			yes					-1	-1	-1	-1	266	
266	265	707af35a3b2244bc	4			yes					-1	-1	-1	-1	
267	262	423ba8b8083134e2	5			yes					-1	-1	-1	-1	268	
268	267	230fbe7c811dcbd6	4			yes					-1	-1	-1	-1	
269	262	5608812b540da461	5			yes					-1	-1	-1	-1	270	
270	269	373c97efdd215b55	4			yes					-1	-1	-1	-1	
271	262	b2161f6e9e1fa15e	5			yes					-1	-1	-1	-1	-1	
272	259	c0375262a4c316b5	5			yes					-1	273	-1	-1	274	
273	272	025bbe5601fef357	4			yes					-1	-1	-1	-1	
274	272	cd0763a112c61185	4			yes					-1	-1	-1	-1	
275	259	662dc84f7c8d5864	3			yes					-1	276	277	
276	275	6ea6dc635f5e0784	5			yes					-1	-1	-1	-1	-1	
277	275	bb1a525e99d30384	5			yes					-1	-1	-1	-1	-1	
278	258	8a50911392e70ba3	4			yes					-1	279	282	-1	
279	278	7b305e03f070ac26	5			yes					-1	-1	-1	-1	281	
280	279	58c745ab5e0faa98	4			no					-1	-1	-1	-2	
281	279	76006fc04675ab16	4			yes					-1	-1	-1	-1	
282	278	40f32c1bf2ea4247	5			yes					-1	-1	-1	-1	-1	
283	282	4dc31dd844ef4577	4			no					-1	-1	-2	-1	
284	258	08a75a87a7fed3db	4			yes					-1	-1	285	295	
285	284	104544e404d9ba79	6			yes					286	288	290	-1	292	294	
286	285	33b25f4caaa6bcc7	5			yes					-1	-1	-1	-1	287	
287	286	52864988238a43f3	4			yes					-1	-1	-1	-1	
288	285	b4ed5902d15a0edc	5			yes					-1	-1	-1	-1	289	
289	288	d5d94fc65876f1e8	4			yes					-1	-1	-1	-1	
290	285	c6d85531ad78cafc	5			yes					-1	-1	-1	-1	291	
291	290	a7ec43f5245435c8	4			yes					-1	-1	-1	-1	
292	285	253f2152ca107fac	5			yes					-1	-1	-1	-1	293	
293	292	440b3796433c8098	4			yes					-1	-1	-1	-1	
294	285	717152208df5454d	5			yes					-1	-1	-1	-1	-1	
295	284	855e2e0de967239a	3			yes					-1	-1	-1	
296	258	32b546381dea5b21	4			yes					-1	-1	-1	-1	
297	258	5b9631691ae72b7c	4			yes					-1	-1	-1	-1	
298	0	15d0d87580251e46	5			yes					-1	-1	299	352	368	
299	298	f725ec5b9bd993c9	5			yes					300	319	333	340	351	
300	299	ca9e157dfdb3e0d1	4			yes					301	308	309	314	
301	300	a286a4ab212a92cc	5			yes					302	303	305	306	307	
302	301	30b9084b9781e70d	4			yes					-1	-1	-1	-1	
303	301	df36739993248a01	4			yes					-1	304	-1	-1	
304	303	2b8aa996dc1b6ed1	3			yes					-1	-1	-1	
305	301	563a7ea46e15761c	4			yes					-1	-1	-1	-1	
306	301	6c6e78d31d416d84	4			yes					-1	-1	-1	-1	
307	301	d5db7da577f17694	4			yes					-1	-1	-1	-1	
308	300	8b80313b79bcdcbf	4			yes					-1	-1	-1	-1	
309	300	c8b408ac6c831e52	5			yes					-1	310	311	312	313	
310	309	e7cc888ff4f05e1e	4			yes					-1	-1	-1	-1	
311	309	e91c6178fa1ff06a	4			yes					-1	-1	-1	-1	
312	309	7ed4855a467eeafd	4			yes					-1	-1	-1	-1	
313	309	1a0f30a0d1178df7	4			yes					-1	-1	-1	-1	
314	300	56c69f35911e4751	5			yes					315	316	317	318	-1	
315	314	f479cb94641b907d	4			yes					-1	-1	-1	-1	
316	314	79be1f16096d071d	4			yes					-1	-1	-1	-1	
317	314	776ef6e10782a969	4			yes					-1	-1	-1	-1	
318	314	b11b730d848d0671	4			yes					-1	-1	-1	-1	
319	299	eb86f89eb29cc8ed	4			yes					-1	320	322	328	
320	319	2fe24b3d20887975	4			yes					321	-1	-1	-1	
321	320	0c1550958ef77fcb	3			yes					-1	-1	-1	
322	319	aa4b3f4922b27470	5			yes					323	324	325	326	327	
323	322	89bc24e18ccd72ce	4			yes					-1	-1	-1	-1	
324	322	6684c786af8a8f8c	4			yes					-1	-1	-1	-1	
325	322	8be3569db42e9a48	4			yes					-1	-1	-1	-1	
326	322	1c2bb2bf084f80df	4			yes					-1	-1	-1	-1	
327	322	78f007459f26e7d5	4			yes					-1	-1	-1	-1	
328	319	3439a8d0df2f2d73	5			yes					329	330	331	332	-1	
329	328	17ceb37871502bcd	4			yes					-1	-1	-1	-1	
330	328	f8f6501f5217d68f	4			yes					-1	-1	-1	-1	
331	328	1591c10449b3c34b	4			yes					-1	-1	-1	-1	
332	328	d3e444e8cabc6c53	4			yes					-1	-1	-1	-1	
333	299	349208640dd49e9d	4			yes					-1	-1	334	337	
334	333	d0480bbf44401e81	3			yes					335	336	-1	
335	334	160b0b97437dc03d	4			yes					-1	-1	-1	-1	
336	334	b26971911a4965f7	4			yes					-1	-1	-1	-1	
337	333	c5c2ee3806bba820	3			yes					338	339	-1	
338	337	2b7b6dc754b4bc0c	4			yes					-1	-1	-1	-1	
339	337	8f1917c10d8019c6	4			yes					-1	-1	-1	-1	
340	299	13ffef80d24d13d5	4			yes					-1	-1	-1	341	
341	340	a0280898972a9a26	6			yes					342	344	346	348	-1	350	
342	341	83df133039559c98	5			yes					-1	-1	-1	-1	343	
343	342	43ca245e95e26178	4			yes					-1	-1	-1	-1	
344	341	22e621c0e6dca376	5			yes					-1	-1	-1	-1	345	
345	344	e2f316ae4a6b5e96	4			yes					-1	-1	-1	-1	
346	341	dd98dfaa252482eb	5			yes					-1	-1	-1	-1	347	
347	346	1d8de8c489937f0b	4			yes					-1	-1	-1	-1	
348	341	5494d297d8157ef6	5			yes					-1	-1	-1	-1	349	
349	348	9481e5f974a28316	4			yes					-1	-1	-1	-1	
350	341	603d3ff63b9d67c6	5			yes					-1	-1	-1	-1	-1	
351	299	06750a0790b6a574	4			yes					-1	-1	-1	-1	
352	298	221b31f408080015	4			yes					353	362	366	367	
353	352	1fa0c8d26e62730d	3			yes					354	359	361	
354	353	eefb2115305f7dd2	5			yes					-1	355	356	357	358	
355	354	934bf6278251651f	4			yes					-1	-1	-1	-1	
356	354	305a907f091659b3	4			yes					-1	-1	-1	-1	
357	354	fd8c55601c639e9f	4			yes					-1	-1	-1	-1	
358	354	2259becd11d0aa20	4			yes					-1	-1	-1	-1	
359	353	143666147bc46841	5			yes					-1	-1	-1	360	-1	
360	359	60610940928169f4	4			yes					-1	-1	-1	-1	
361	353	c61c7aa9249cb551	5			yes					-1	-1	-1	-1	-1	
362	352	3eb82531214d5b31	3			yes					-1	363	365	
363	362	b0541c1222f0cd8b	5			yes					-1	-1	-1	364	-1	
364	363	c4037346cbb5cc3e	4			yes					-1	-1	-1	-1	
365	362	a4e34d4c6aaddf73	5			yes					-1	-1	-1	-1	-1	
366	352	29942c1e4f4bc8d2	3			yes					-1	-1	-1	
367	352	2a97f009086ce0fb	3			yes					-1	-1	-1	
368	298	43b487580f6190a6	5			yes					369	389	401	404	405	
369	368	7e0f7e7e690be3be	4			yes					370	379	381	388	
370	369	1bd88885cb95b31a	6			yes					-1	371	373	375	377	378	
371	370	66685fb7799babd7	5			yes					-1	-1	-1	-1	372	
372	371	075c4973f0b754e3	4			yes					-1	-1	-1	-1	
373	370	c57939eff2dc977b	5			yes					-1	-1	-1	-1	374	
374	373	a44d2f2b7bf0684f	4			yes					-1	-1	-1	-1	
375	370	d53054fdf7fe4c52	5			yes					-1	-1	-1	-1	376	
376	375	b40442397ed2b366	4			yes					-1	-1	-1	-1	
377	370	9ef2000488ab4911	5			yes					-1	-1	-1	-1	-1	
378	370	7aec9e4142b94c2e	5			yes					-1	-1	-1	-1	-1	
379	369	60d230f53266987c	5			yes					-1	-1	-1	-1	380	
380	379	6de2013684639f4c	4			yes					-1	-1	-1	-1	
381	369	bc33737dbe5adabf	6			yes					-1	382	-1	-1	385	387	
382	381	934bf35e26299af3	5			yes					-1	-1	-1	-1	383	
383	382	f27fe59aaf0565c7	4			yes					-1	-1	-1	-1	
384	381	a180c8a2c77ab2b1	5			no					-1	-1	-1	-1	-2	
385	381	894916cb70931f6a	5			yes					-1	-1	-1	-1	386	
386	385	e87d000ff9bfe05e	4			yes					-1	-1	-1	-1	
387	381	dd0765b93776258b	5			yes					-1	-1	-1	-1	-1	
388	369	f3f60af4279213ff	3			yes					-1	-1	-1	
389	368	5f17939d2624cb82	4			yes					-1	390	393	400	
390	389	c4b04af36b523db6	5			yes					391	-1	-1	-1	392	
391	390	e747515bc52d3b08	4			yes					-1	-1	-1	-1	
392	390	c9807b30dd573a86	4			yes					-1	-1	-1	-1	
393	389	decc4498f06bb09d	6			yes					394	-1	396	-1	397	399	
394	393	fd3b5f305e14b623	5			yes					-1	-1	-1	-1	395	
395	394	9c0f49f4d7384917	4			yes					-1	-1	-1	-1	
396	393	c37fff47894bd893	5			yes					-1	-1	-1	-1	-1	
397	393	ebb6212e3ea27548	5			yes					-1	-1	-1	-1	398	
398	397	8a8237eab78e8a7c	4			yes					-1	-1	-1	-1	
399	393	bff8525c79474fa9	5			yes					-1	-1	-1	-1	-1	
400	389	d2eee71768bd3bc3	3			yes					-1	-1	-1	
401	368	483b9ab248225861	4			yes					-1	-1	402	-1	
402	401	1ed7fa724d49a6d6	5			yes					-1	-1	-1	-1	403	
403	402	13e7cbb1fb4ca1e6	4			yes					-1	-1	-1	-1	
404	368	a76e848346f510ba	4			yes					-1	-1	-1	-1	
405	368	ce4df3d241f860e7	4			yes					-1	-1	-1	-1	
406	0	3468b0356d400054	5			yes					-1	-1	-1	407	448	
407	406	60ce47746b4b3b41	5			yes					408	425	438	445	447	
408	407	5d75be520d214859	4			yes					409	414	418	421	
409	408	6fcb8c975d86d52b	5			yes					-1	410	411	412	413	
410	409	b9569d42f427a5ae	4			yes					-1	-1	-1	-1	
411	409	9b77569812b931fb	4			yes					-1	-1	-1	-1	
412	409	7cbcf8e271ba3666	4			yes					-1	-1	-1	-1	
413	409	a369134f7c0902d9	4			yes					-1	-1	-1	-1	
414	408	1b927925e54990df	5			yes					-1	-1	415	416	417	
415	414	70176f457cc6601a	4			yes					-1	-1	-1	-1	
416	414	6fc516710c0c916a	4			yes					-1	-1	-1	-1	
417	414	6ccfa02bb3927487	4			yes					-1	-1	-1	-1	
418	408	09a79154c9853a0e	3			yes					419	420	-1	
419	418	412ca4e246c23c65	4			yes					-1	-1	-1	-1	
420	418	0db0ee8dff89a606	4			yes					-1	-1	-1	-1	
421	408	5677f7420485eff1	6			yes					-1	-1	422	423	-1	424	
422	421	4fb48339105500e3	5			yes					-1	-1	-1	-1	-1	
423	421	3df2e1229d0a1f34	5			yes					-1	-1	-1	-1	-1	
424	421	14987587a5501a25	5			yes					-1	-1	-1	-1	-1	
425	407	7c6d53b1420e6065	4			yes					-1	426	431	433	
426	425	0c7fb0740609e1eb	5			yes					427	-1	428	429	430	
427	426	2f88abdca876e755	4			yes					-1	-1	-1	-1	
428	426	f8c36a7b4936053b	4			yes					-1	-1	-1	-1	
429	426	1f08c4012a3502a6	4			yes					-1	-1	-1	-1	
430	426	c0dd2fac27863619	4			yes					-1	-1	-1	-1	
431	425	28bf7cb786aa1232	3			yes					-1	432	-1	
432	431	229898011d4d08a5	4			yes					-1	-1	-1	-1	
433	425	3692c6ee09d1dbc4	6			yes					434	-1	435	436	-1	437	
434	433	1565dd46a7aedd7a	5			yes					-1	-1	-1	-1	-1	
435	433	ff566aef156bff4d	5			yes					-1	-1	-1	-1	-1	
436	433	5d17d08e905e2b01	5			yes					-1	-1	-1	-1	-1	
437	433	747d442ba8042e10	5			yes					-1	-1	-1	-1	-1	
438	407	ddf888b37de2c649	4			yes					-1	-1	439	440	
439	438	892aa7b5b946b41e	3			yes					-1	-1	-1	
440	438	5e8030ce67dd98b7	6			yes					441	442	-1	443	-1	444	
441	440	7d772b66c9a29e09	5			yes					-1	-1	-1	-1	-1	
442	440	dc4e1996162ba1e7	5			yes					-1	-1	-1	-1	-1	
443	440	350526aefe526872	5			yes					-1	-1	-1	-1	-1	
444	440	1c6fb20bc6086d63	5			yes					-1	-1	-1	-1	-1	
445	407	341c6872afef4916	4			yes					-1	-1	-1	446	
446	445	9c2e22245986d534	3			yes					-1	-1	-1	
447	407	c8fc0d229d22a763	4			yes					-1	-1	-1	-1	
448	406	120a13914a1777b5	5			yes					449	467	480	484	485	
449	448	2fb1eab72c7d04ad	4			yes					450	460	464	465	
450	449	9ae82507a64c1be3	6			yes					-1	451	453	455	457	459	
451	450	4c7534d20fed6b66	5			yes					-1	-1	-1	-1	452	
452	451	2d41221686c19452	4			yes					-1	-1	-1	-1	
453	450	6e54ff08e973ff33	5			yes					-1	-1	-1	-1	454	
454	453	0f60e9cc605f0007	4			yes					-1	-1	-1	-1	
455	450	5400f97f9a27e4ab	5			yes					-1	-1	-1	-1	456	
456	455	3534efbb130b1b9f	4			yes					-1	-1	-1	-1	
457	450	1fc2ad86e572e1e8	5			yes					-1	-1	-1	-1	458	
458	457	7ef6bb426c5e1edc	4			yes					-1	-1	-1	-1	
459	450	fbdc33c32f60e4d7	5			yes					-1	-1	-1	-1	-1	
460	449	0224aa73a84ef01c	5			yes					-1	-1	461	462	463	
461	460	e5f9464bbdddb13c	4			yes					-1	-1	-1	-1	
462	460	99f004e460cec3e7	4			yes					-1	-1	-1	-1	
463	460	0f149bb01e4bf72c	4			yes					-1	-1	-1	-1	
464	449	247051b8b1702e6e	5			yes					-1	-1	-1	-1	-1	
465	449	a2489e3d62e4f4ec	3			yes					-1	466	-1	
466	465	89b4fb7ca9acbbfe	4			yes					-1	-1	-1	-1	
467	448	0ea9075463522c91	4			yes					-1	468	478	479	
468	467	f95c19e4fdc32f23	6			yes					469	-1	471	473	475	477	
469	468	daab024c53bc299d	5			yes					-1	-1	-1	-1	470	
470	469	bb9f1488da90d6a9	4			yes					-1	-1	-1	-1	
471	468	0de0c3ebb2fccbf3	5			yes					-1	-1	-1	-1	472	
472	471	6cd4d52f3bd034c7	4			yes					-1	-1	-1	-1	
473	468	37b4c59cc1a8d06b	5			yes					-1	-1	-1	-1	474	
474	473	5680d35848842f5f	4			yes					-1	-1	-1	-1	
475	468	7c769165befdd528	5			yes					-1	-1	-1	-1	476	
476	475	1d4287a137d12a1c	4			yes					-1	-1	-1	-1	
477	468	98680f2074efd017	5			yes					-1	-1	-1	-1	-1	
478	467	2043b591dab24608	5			yes					-1	-1	-1	-1	-1	
479	467	835073de2dcbdcd0	3			yes					-1	-1	-1	
480	448	af3cdc565cbe8abd	4			yes					-1	-1	481	483	
481	480	9ba977d0a743d83b	5			yes					-1	-1	-1	-1	482	
482	481	969946131146df0b	4			yes					-1	-1	-1	-1	
483	480	22c5a8dc12277afc	3			yes					-1	-1	-1	
484	448	11d756ae171f2575	4			yes					-1	-1	-1	-1	
485	448	9ff3671b048e87f4	4			yes					-1	-1	-1	-1	
486	0	5e15f443da01774b	5			yes					-1	-1	-1	-1	487	
487	486	a2e8c762e015b193	6			yes					488	510	522	530	533	535	
488	487	9f533e44867fc28b	5			yes					489	498	505	507	509	
489	488	83f02a81af3a99af	4			yes					490	493	-1	496	
490	489	b552a70756069686	6			yes					-1	-1	-1	-1	-1	492	
491	490	c105c853bf439733	5			no					-1	-1	-2	-2	-2	
492	490	d466b1c3df2a69b2	5			yes					-1	-1	-1	-1	-1	
493	489	615a46ce58f4578f	6			yes					-1	-1	-1	-1	-1	495	
494	493	150d299ab1b1563a	5			no					-1	-1	-1	-1	-2	
495	493	006e500ad1d8a8bb	5			yes					-1	-1	-1	-1	-1	
496	489	7aafba32a33ae9cd	6			yes					-1	-1	-1	-1	-1	497	
497	496	abe3f8108bbe5a80	5			yes					-1	-1	-1	-1	-1	
498	488	2265f18390d63f83	4			yes					-1	499	-1	502	
499	498	e5f15066acc3ad74	5			yes					-1	-1	-1	500	501	
500	499	c766d05c2d02359c	4			yes					-1	-1	-1	-1	
501	499	e8c161a51ac6aa44	4			yes					-1	-1	-1	-1	
502	498	5805bcd6f0dfc3b2	6			yes					-1	-1	503	-1	-1	504	
503	502	203d0520452f6770	5			yes					-1	-1	-1	-1	-1	
504	502	8949fef4d85b70ff	5			yes					-1	-1	-1	-1	-1	
505	488	419b212075ffca6d	4			yes					-1	-1	-1	506	
506	505	e93f3ff9475c57ad	5			yes					-1	-1	-1	-1	-1	
507	488	d430956f68159fc2	4			yes					-1	-1	-1	508	
508	507	7f5dc466cc6caeca	3			yes					-1	-1	-1	
509	488	343e6f4d2206f383	4			yes					-1	-1	-1	-1	
510	487	be4bd3a7c950eab7	5			yes					-1	511	517	519	521	
511	510	037d1c60dff917bf	4			yes					-1	512	-1	515	
512	511	02ee7a2d037b634f	6			yes					-1	-1	-1	-1	-1	514	
513	512	76b91579ea3e62fa	5			no					-1	-1	-1	-1	-2	
514	512	63da6ce98a579c7b	5			yes					-1	-1	-1	-1	-1	
515	511	191b86d1f8b5dd0d	6			yes					-1	-1	-1	-1	-1	516	
516	515	c857c4f3d0316e40	5			yes					-1	-1	-1	-1	-1	
517	510	6083ccc33ad0e251	4			yes					-1	-1	-1	518	
518	517	c7029c7ca9a22420	5			yes					-1	-1	-1	-1	-1	
519	510	f528788c273ab7fe	4			yes					-1	-1	-1	520	
520	519	5e452985834386f6	3			yes					-1	-1	-1	
521	510	152682ae6d29dbbf	4			yes					-1	-1	-1	-1	
522	487	1fde08a5f6bc4c9b	5			yes					-1	-1	523	527	529	
523	522	c11617c1053c447d	4			yes					-1	-1	-1	524	
524	523	473f50b84716399c	6			yes					-1	-1	-1	-1	-1	526	
525	524	65a8d082c6d7a174	5			no					-1	-1	-1	-1	-2	
526	524	9673129a6f928ad1	5			yes					-1	-1	-1	-1	-1	
527	522	54bda38e18d611d2	4			yes					-1	-1	-1	528	
528	527	ffd0f287bcaf20da	3			yes					-1	-1	-1	
529	522	b4b359ac52c57d93	4			yes					-1	-1	-1	-1	
530	487	7c20d8061395b975	5			yes					-1	-1	-1	531	532	
531	530	3743732dfdffe43c	4			yes					-1	-1	-1	-1	
532	530	d74d890fb7ec887d	4			yes					-1	-1	-1	-1	
533	487	e98b6c490e7fecda	5			yes					-1	-1	-1	-1	534	
534	533	42e63d40aa06ddd2	4			yes					-1	-1	-1	-1	
535	487	0985966b446c809b	5			yes					-1	-1	-1	-1	-1	
536	0	1cebe832f1cd31e5	5			yes					-1	-1	-1	-1	-1	
