Number of nodes
658
ID	PID	Hash_Value			File_Number	Fully_Enumerated	Children
0	-1	8fdb2e12d961cef4	7			no					1	-2	-2	-2	-2	-2	-2	
1	0	78670e24a297b18f	4			no					2	-2	-2	-2	
2	1	4975a7cf35636eef	5			no					3	-2	-2	-2	-2	
3	2	98d8fc5686ca820d	4			no					4	-2	-2	-2	
4	3	1b75f661bf12354d	3			no					5	-2	-2	
5	4	f4304d1a7ac231eb	5			no					6	-2	-2	-2	-2	
6	5	ae488c7a0058a461	4			no					7	-2	-2	-2	
7	6	b4736ea67c891f07	3			no					8	-2	-2	
8	7	346efece03a2c3ba	4			no					9	493	-2	-2	
9	8	2a3b34116e88fad0	3			yes					10	37	84	
10	9	1046f229a3655a8b	5			yes					11	14	17	23	-1	
11	10	0812fb8cec68ba5e	4			yes					-1	-1	12	-1	
12	11	bc73c6b587db8d8e	6			yes					-1	-1	-1	-1	-1	13	
13	12	04d178a6c7299975	5			yes					-1	-1	-1	-1	-1	
14	10	a0abd96a38310a33	4			yes					-1	-1	15	-1	
15	14	efb8858fe030a764	6			yes					-1	-1	-1	-1	-1	16	
16	15	571a3b9ca0c2b39f	5			yes					-1	-1	-1	-1	-1	
17	10	3098c98c3a2b034f	4			yes					-1	-1	18	-1	
18	17	60361461f6b24ca1	6			yes					19	20	-1	21	-1	22	
19	18	9bc0f45c2bb1d0ed	5			yes					-1	-1	-1	-1	-1	
20	18	7c89be2e471ad1f9	5			yes					-1	-1	-1	-1	-1	
21	18	58f81f5e7b9b68f2	5			yes					-1	-1	-1	-1	-1	
22	18	d894aa72b640585a	5			yes					-1	-1	-1	-1	-1	
23	10	eb08b76d4f7ba093	7			yes					24	26	28	30	32	34	36	
24	23	10fe575092783cdf	6			yes					-1	-1	-1	-1	-1	25	
25	24	a85ce943d28a2824	5			yes					-1	-1	-1	-1	-1	
26	23	f7b71d22fed33dcb	6			yes					-1	-1	-1	-1	-1	27	
27	26	4f15a331be212930	5			yes					-1	-1	-1	-1	-1	
28	23	fe1df9a78eb5cfc7	6			yes					-1	-1	-1	-1	-1	29	
29	28	46bf47b4ce47db3c	5			yes					-1	-1	-1	-1	-1	
30	23	d3c6bc52c25284c0	6			yes					-1	-1	-1	-1	-1	31	
31	30	6b64024182a0903b	5			yes					-1	-1	-1	-1	-1	
32	23	badb34a106fd8e96	6			yes					-1	-1	-1	-1	-1	33	
33	32	02798ab2460f9a6d	5			yes					-1	-1	-1	-1	-1	
34	23	23e33258293870ed	6			yes					-1	-1	-1	-1	-1	35	
35	34	9b418c4b69ca6416	5			yes					-1	-1	-1	-1	-1	
36	23	53aa097e0f89b468	6			yes					-1	-1	-1	-1	-1	-1	
37	9	eb30d8e5241c3f71	4			yes					38	42	48	71	
38	37	56737a30b96b85ec	6			yes					-1	-1	39	40	41	-1	
39	38	a2b00db182619c52	5			yes					-1	-1	-1	-1	-1	
40	38	30d7cfeab551a701	5			yes					-1	-1	-1	-1	-1	
41	38	1cc97d70ad7f74c7	5			yes					-1	-1	-1	-1	-1	
42	37	9914fc35c0b1a70b	3			yes					43	44	47	
43	42	4304ab93096b9de9	5			yes					-1	-1	-1	-1	-1	
44	42	796ffe9179d82833	5			yes					45	46	-1	-1	-1	
45	44	82991eaca4dbb47f	4			yes					-1	-1	-1	-1	
46	44	65d054dec870b56b	4			yes					-1	-1	-1	-1	
47	42	ed113d21a14fd1e8	5			yes					-1	-1	-1	-1	-1	
48	37	488cf9ed09aa55f7	7			yes					49	55	60	64	67	68	70	
49	48	b37a19d0d4a9c9bb	6			yes					50	51	52	-1	53	54	
50	49	afc5b39f650154e3	5			yes					-1	-1	-1	-1	-1	
51	49	821acc91404b6257	5			yes					-1	-1	-1	-1	-1	
52	49	5953e9ba808297b4	5			yes					-1	-1	-1	-1	-1	
53	49	baa4b8afe513bf5b	5			yes					-1	-1	-1	-1	-1	
54	49	4207dcee8d78aa5a	5			yes					-1	-1	-1	-1	-1	
55	48	543353a2b802c8af	6			yes					-1	56	57	-1	58	59	
56	55	655386e32ce06343	5			yes					-1	-1	-1	-1	-1	
57	55	be1aa3c8ec2996a0	5			yes					-1	-1	-1	-1	-1	
58	55	5dedf2dd89b8be4f	5			yes					-1	-1	-1	-1	-1	
59	55	a54e969ce1d3ab4e	5			yes					-1	-1	-1	-1	-1	
60	48	79ec2cac9d48fe1b	6			yes					-1	-1	61	-1	62	63	
61	60	93c5dcc6c963a014	5			yes					-1	-1	-1	-1	-1	
62	60	70328dd3acf288fb	5			yes					-1	-1	-1	-1	-1	
63	60	8891e992c4999dfa	5			yes					-1	-1	-1	-1	-1	
64	48	a2a509875d810bf8	6			yes					-1	-1	-1	-1	65	66	
65	64	ab7ba8f86c3b7d18	5			yes					-1	-1	-1	-1	-1	
66	64	53d8ccb904506819	5			yes					-1	-1	-1	-1	-1	
67	48	c4a30b18c409e1f6	6			yes					-1	-1	-1	-1	-1	-1	
68	48	4152589238102317	6			yes					-1	-1	-1	-1	-1	69	
69	68	b02f9dac61c140f6	5			yes					-1	-1	-1	-1	-1	
70	48	b9f13cd3507b3616	6			yes					-1	-1	-1	-1	-1	-1	
71	37	d6d39d3818139999	7			yes					72	74	75	78	81	83	-1	
72	71	2d257d05c51005d5	6			yes					-1	-1	-1	-1	-1	-1	
73	72	c70c8d6f913b5bda	5			no					-1	-2	-2	-2	-1	
74	71	ca6c3777a9bb04c1	6			yes					-1	-1	-1	-1	-1	-1	
75	71	e7b348798cf13275	6			yes					-1	-1	76	77	-1	-1	
76	75	0d9ab813d8da6c7a	5			yes					-1	-1	-1	-1	-1	
77	75	13703ff8b7fb2bcb	5			yes					-1	-1	-1	-1	-1	
78	71	3cfa6d524c38c796	6			yes					-1	-1	-1	79	80	-1	
79	78	c8391ad37732de28	5			yes					-1	-1	-1	-1	-1	
80	78	5a5ed8884002e57b	5			yes					-1	-1	-1	-1	-1	
81	71	2210eab923198027	6			yes					-1	-1	-1	-1	82	-1	
82	81	44b45f632f23a2ca	5			yes					-1	-1	-1	-1	-1	
83	71	b07728e21429bb74	6			yes					-1	-1	-1	-1	-1	-1	
84	9	3af84bb6b94961b6	6			yes					85	144	227	301	377	492	
85	84	22ac4213f6448163	5			yes					86	93	97	105	124	
86	85	9151d5250d3c3476	6			yes					-1	-1	87	89	91	92	
87	86	f7f560ff0106169b	5			yes					-1	-1	-1	-1	-1	
88	87	cb557db56316276c	4			no					-1	-1	-2	-2	
89	86	adf1c86f6f2c0581	5			yes					-1	-1	-1	-1	90	
90	89	8322303e98a16be5	4			yes					-1	-1	-1	-1	
91	86	39c211e7852a5132	5			yes					-1	-1	-1	-1	-1	
92	86	bf822d74fab15a12	5			yes					-1	-1	-1	-1	-1	
93	85	1f95ffea2160dc30	5			yes					-1	-1	-1	95	96	
94	93	f1596f483667034a	4			no					-1	-1	-1	-2	
95	93	b7063b28a976b974	4			yes					-1	-1	-1	-1	
96	93	314607bbd6edb254	4			yes					-1	-1	-1	-1	
97	85	55efddd44fbb5740	6			yes					-1	98	99	102	-1	104	
98	97	bb234d7658bc883a	5			yes					-1	-1	-1	-1	-1	
99	97	a12caa5574b14efe	5			yes					-1	-1	100	-1	101	
100	99	c7881f8f788b6c13	4			yes					-1	-1	-1	-1	
101	99	7ceeacc18daa92b5	4			yes					-1	-1	-1	-1	
102	97	334b680e438175ad	5			yes					-1	-1	-1	-1	103	
103	102	ee896e9aba9aa9e6	4			yes					-1	-1	-1	-1	
104	97	882ddb40b6a08b0b	5			yes					-1	-1	-1	-1	-1	
105	85	ef38be869291b029	7			yes					106	108	109	114	118	121	123	
106	105	ad55c920121142a4	6			yes					-1	-1	-1	-1	-1	107	
107	106	b81635a85d53c676	5			yes					-1	-1	-1	-1	-1	
108	105	01f42e2485966f53	6			yes					-1	-1	-1	-1	-1	-1	
109	105	1bfbc907a99ba997	6			yes					-1	-1	110	111	112	113	
110	109	7d5f7cdda5a18b7a	5			yes					-1	-1	-1	-1	-1	
111	109	275bd44dcb8b9860	5			yes					-1	-1	-1	-1	-1	
112	109	e3e6b31cb6efba3f	5			yes					-1	-1	-1	-1	-1	
113	109	0eb8358fe6d92d45	5			yes					-1	-1	-1	-1	-1	
114	105	899c0b5c9eab92c4	6			yes					-1	-1	-1	115	116	117	
115	114	b53c1616fcbba333	5			yes					-1	-1	-1	-1	-1	
116	114	7181714781df816c	5			yes					-1	-1	-1	-1	-1	
117	114	9cdff7d4d1e91616	5			yes					-1	-1	-1	-1	-1	
118	105	d398a3ccf08181de	6			yes					-1	-1	-1	-1	119	120	
119	118	2b85d9d7eff59276	5			yes					-1	-1	-1	-1	-1	
120	118	c6db5f44bfc3050c	5			yes					-1	-1	-1	-1	-1	
121	105	1725c49d8de5a381	6			yes					-1	-1	-1	-1	-1	122	
122	121	02663815c2a72753	5			yes					-1	-1	-1	-1	-1	
123	105	fa7b420eddd334fb	6			yes					-1	-1	-1	-1	-1	-1	
124	85	be79d6373afe42dc	4			yes					125	128	129	132	
125	124	9558d9b28d06beda	6			yes					-1	-1	126	127	-1	-1	
126	125	f3fc6c68813c9c37	5			yes					-1	-1	-1	-1	-1	
127	125	a9f8c4f8ef168f2d	5			yes					-1	-1	-1	-1	-1	
128	124	1b9cf37da15a569c	5			yes					-1	-1	-1	-1	-1	
129	124	d3423054d2fd488d	6			yes					-1	-1	130	131	-1	-1	
130	129	278147d5e9f75133	5			yes					-1	-1	-1	-1	-1	
131	129	b5e6858edec76a60	5			yes					-1	-1	-1	-1	-1	
132	124	ce2d9d0a32714caf	7			yes					133	134	135	139	141	143	-1	
133	132	8c40eaacb2f1be22	6			yes					-1	-1	-1	-1	-1	-1	
134	132	20e10da8257693d5	6			yes					-1	-1	-1	-1	-1	-1	
135	132	3aeeea8b097b5511	6			yes					-1	-1	136	137	138	-1	
136	135	5c4a5f51054177fc	5			yes					-1	-1	-1	-1	-1	
137	135	064ef7c16b6b64e6	5			yes					-1	-1	-1	-1	-1	
138	135	c2f39090160f46b9	5			yes					-1	-1	-1	-1	-1	
139	132	a88928d03e4b6e42	6			yes					-1	-1	-1	140	-1	-1	
140	139	9429359a5c5b5fb5	5			yes					-1	-1	-1	-1	-1	
141	132	f28d804050617d58	6			yes					-1	-1	-1	-1	142	-1	
142	141	0a90fa5b4f156ef0	5			yes					-1	-1	-1	-1	-1	
143	132	3630e7112d055f07	6			yes					-1	-1	-1	-1	-1	-1	
144	84	48dc6f665de4f9cc	5			yes					-1	145	157	186	210	
145	144	3992490715d5995f	6			yes					146	150	152	153	155	156	
146	145	c264a93ac8d60513	5			yes					147	-1	-1	-1	149	
147	146	dedb0375797e984b	4			yes					-1	-1	-1	-1	
148	146	9a3db3c5b3913813	4			no					-1	-1	-2	-2	
149	146	ecb7516b3f5b6b77	4			yes					-1	-1	-1	-1	
150	145	252de348a47d0407	5			yes					-1	-1	-1	-1	151	
151	150	0bfe1b1953f06a63	4			yes					-1	-1	-1	-1	
152	145	39506c1e68773734	5			yes					-1	-1	-1	-1	-1	
153	145	61cb53f86e92a45f	5			yes					-1	-1	-1	-1	154	
154	153	4f18aba9991fca3b	4			yes					-1	-1	-1	-1	
155	145	91018dc59dc3fc1b	5			yes					-1	-1	-1	-1	-1	
156	145	1741b156e258f73b	5			yes					-1	-1	-1	-1	-1	
157	144	680254c3c4aaa008	4			yes					158	159	169	173	
158	157	40980c77ffbb4f45	5			yes					-1	-1	-1	-1	-1	
159	157	f7a522f990f935a6	6			yes					160	163	-1	-1	166	168	
160	159	0c53c2c44dfaa9ea	5			yes					-1	-1	-1	161	162	
161	160	60273bb35281c8bb	4			yes					-1	-1	-1	-1	
162	160	19103e4c02b82d38	4			yes					-1	-1	-1	-1	
163	159	eb1a88b62151a8fe	5			yes					-1	-1	-1	164	165	
164	163	876e71c13e2ac9af	4			yes					-1	-1	-1	-1	
165	163	fe59743e6e132c2c	4			yes					-1	-1	-1	-1	
166	159	9bd1db8e8f8254f7	5			yes					-1	-1	-1	-1	167	
167	166	8e922706c0c0d025	4			yes					-1	-1	-1	-1	
168	159	e2e6de71dfbbb174	5			yes					-1	-1	-1	-1	-1	
169	157	8b6b85c8cb0a5441	5			yes					170	171	-1	172	-1	
170	169	709d65f51609c80d	4			yes					-1	-1	-1	-1	
171	169	97d42f877aa2c919	4			yes					-1	-1	-1	-1	
172	169	edcf3012c73076ac	4			yes					-1	-1	-1	-1	
173	157	782118105044d9fc	6			yes					174	178	181	182	184	185	
174	173	83d7f82d8d4745b0	5			yes					175	-1	176	-1	177	
175	174	9f6852623cefd8e8	4			yes					-1	-1	-1	-1	
176	174	e5734df7817d675d	4			yes					-1	-1	-1	-1	
177	174	d8b81339e91a8636	4			yes					-1	-1	-1	-1	
178	173	649eb25fe1ec44a4	5			yes					-1	-1	179	-1	180	
179	178	023a0785edd66649	4			yes					-1	-1	-1	-1	
180	178	3ff1594b85b18722	4			yes					-1	-1	-1	-1	
181	173	6c69eaa312db7dd0	5			yes					-1	-1	-1	-1	-1	
182	173	1e85adca5c7efb11	5			yes					-1	-1	-1	-1	183	
183	182	45ea46de38233897	4			yes					-1	-1	-1	-1	
184	173	cecae60f46534453	5			yes					-1	-1	-1	-1	-1	
185	173	234ef30434191a7a	5			yes					-1	-1	-1	-1	-1	
186	144	445b96c210282158	7			yes					187	193	198	199	204	207	209	
187	186	bfad76ffcd2bbd14	6			yes					188	-1	189	190	191	192	
188	187	a312dcb07c83204c	5			yes					-1	-1	-1	-1	-1	
189	187	d909c325c1119ff9	5			yes					-1	-1	-1	-1	-1	
190	187	830d6bb5af3b8ce3	5			yes					-1	-1	-1	-1	-1	
191	187	47b00ce4d25faebc	5			yes					-1	-1	-1	-1	-1	
192	187	aaee8a77826939c6	5			yes					-1	-1	-1	-1	-1	
193	186	58e43c8da180bc00	6			yes					-1	-1	194	195	196	197	
194	193	3e408957adba9eed	5			yes					-1	-1	-1	-1	-1	
195	193	644421c7c3908df7	5			yes					-1	-1	-1	-1	-1	
196	193	a0f94696bef4afa8	5			yes					-1	-1	-1	-1	-1	
197	193	4da7c005eec238d2	5			yes					-1	-1	-1	-1	-1	
198	186	5013647152b78574	6			yes					-1	-1	-1	-1	-1	-1	
199	186	22ff23181c1203b5	6			yes					-1	-1	-1	200	202	203	
200	199	1e5f3e527e023242	5			yes					-1	-1	-1	-1	201	
201	200	a38e129d7ff1a000	7			yes					-1	-1	-1	-1	-1	-1	-1	
202	199	dae259030366101d	5			yes					-1	-1	-1	-1	-1	
203	199	37bcdf9053508767	5			yes					-1	-1	-1	-1	-1	
204	186	78fb8b88723810af	6			yes					-1	-1	-1	-1	205	206	
205	204	80e6f1936d4c0307	5			yes					-1	-1	-1	-1	-1	
206	204	6db877003d7a947d	5			yes					-1	-1	-1	-1	-1	
207	186	bc46ecd90f5c32f0	6			yes					-1	-1	-1	-1	-1	208	
208	207	a9051051401eb622	5			yes					-1	-1	-1	-1	-1	
209	186	51186a4a5f6aa58a	6			yes					-1	-1	-1	-1	-1	-1	
210	144	d409fb42915e3a73	4			yes					-1	211	-1	216	
211	210	3d9b459095ef13f3	6			yes					212	213	-1	214	215	-1	
212	211	c66da5ad48ec8fbf	5			yes					-1	-1	-1	-1	-1	
213	211	2124efdf24478eab	5			yes					-1	-1	-1	-1	-1	
214	211	65c25f6feea82ef3	5			yes					-1	-1	-1	-1	-1	
215	211	950881521df976b7	5			yes					-1	-1	-1	-1	-1	
216	210	654eb54eb0c8ddde	7			yes					217	219	221	222	224	226	-1	
217	216	9eb855736dcb4192	6			yes					-1	-1	-1	218	-1	-1	
218	217	a21848390fdb7065	5			yes					-1	-1	-1	-1	-1	
219	216	79f11f0101604086	6			yes					-1	-1	-1	220	-1	-1	
220	219	4551024b63707171	5			yes					-1	-1	-1	-1	-1	
221	216	710647fdf25779f2	6			yes					-1	-1	-1	-1	-1	-1	
222	216	03ea0094bcf2ff33	6			yes					-1	-1	-1	223	-1	-1	
223	222	3f4a1ddedee2cec4	5			yes					-1	-1	-1	-1	-1	
224	216	59eea804d2d8ec29	6			yes					-1	-1	-1	-1	225	-1	
225	224	a1f3d21fcdacff81	5			yes					-1	-1	-1	-1	-1	
226	216	9d53cf55afbcce76	6			yes					-1	-1	-1	-1	-1	-1	
227	84	f79562c3d8867a3a	5			yes					-1	-1	228	256	279	
228	227	be2b968d5a74c560	7			yes					229	238	246	250	252	253	255	
229	228	45dd76b08777592c	6			yes					230	232	235	-1	-1	237	
230	229	5962dcff36dfc474	5			yes					-1	-1	-1	-1	-1	
231	230	4c212077799d40a6	4			yes					-1	-1	-1	-1	
232	229	74bda3f11395f2c0	5			yes					-1	233	-1	-1	234	
233	232	9e94539b47beaccf	4			yes					-1	-1	-1	-1	
234	232	61fe5f795cd77612	4			yes					-1	-1	-1	-1	
235	229	aff486dad35c0723	5			yes					-1	-1	-1	-1	236	
236	235	bab77a529c1e83f1	4			yes					-1	-1	-1	-1	
237	229	509e8a38c835ddfe	5			yes					-1	-1	-1	-1	-1	
238	228	a2943cc2ebdc5838	6			yes					-1	239	242	-1	-1	245	
239	238	93f4e9837f3ef3d4	5			yes					-1	240	-1	-1	241	
240	239	79dd19e92b15addb	4			yes					-1	-1	-1	-1	
241	239	86b7150b307c7706	4			yes					-1	-1	-1	-1	
242	238	48bdcca8bff70637	5			yes					-1	-1	-1	-1	244	
243	242	b34b2c9562f49a7b	4			no					-1	-1	-2	-2	
244	242	5dfe3020f0b582e5	4			yes					-1	-1	-1	-1	
245	238	b7d7c04aa49edcea	5			yes					-1	-1	-1	-1	-1	
246	228	8f4b43ccce966e8c	6			yes					-1	-1	247	-1	-1	249	
247	246	6562b3a69abd3083	5			yes					-1	-1	-1	-1	248	
248	247	70214f2ed5ffb451	4			yes					-1	-1	-1	-1	
249	246	9a08bf4481d4ea5e	5			yes					-1	-1	-1	-1	-1	
250	228	540266e70e5f9b6f	6			yes					-1	-1	-1	-1	-1	251	
251	250	41419a6f411d1fbd	5			yes					-1	-1	-1	-1	-1	
252	228	94b88e99c6427553	6			yes					-1	-1	-1	-1	-1	-1	
253	228	03d08bc57f16c016	6			yes					-1	-1	-1	-1	-1	254	
254	253	1693774d305444c4	5			yes					-1	-1	-1	-1	-1	
255	228	ab686a05153641b2	6			yes					-1	-1	-1	-1	-1	-1	
256	227	e42acdb73528996a	7			yes					257	263	267	271	274	275	278	
257	256	1fdc2d8ae82b0526	6			yes					258	259	260	-1	261	262	
258	257	036387c55983987e	5			yes					-1	-1	-1	-1	-1	
259	257	92f90debc18d22d5	7			yes					-1	-1	-1	-1	-1	-1	-1	
260	257	f5f5dde0bc005b29	5			yes					-1	-1	-1	-1	-1	
261	257	e7c15791f75f168e	5			yes					-1	-1	-1	-1	-1	
262	257	0a9fd102a76981f4	5			yes					-1	-1	-1	-1	-1	
263	256	f89567f884800432	6			yes					-1	-1	265	-1	-1	266	
264	263	89abe7db7b2fa134	6			yes					-1	-1	-1	-1	-1	-1	
265	263	12bc9792d0ab5a3d	5			yes					-1	-1	-1	-1	-1	
266	263	edd69b70cbc280e0	5			yes					-1	-1	-1	-1	-1	
267	256	d54a18f6a1ca3286	6			yes					-1	-1	268	-1	-1	270	
268	267	3f63e89cf5e16c89	5			yes					-1	-1	-1	-1	-1	
269	268	f7834b65bcd39ff1	7			no					-1	-2	-1	-2	-2	-1	-2	
270	267	c009e47eee88b654	5			yes					-1	-1	-1	-1	-1	
271	256	0e033ddd6103c765	6			yes					-1	-1	-1	-1	272	273	
272	271	f61e47c67e77d4cd	5			yes					-1	-1	-1	-1	-1	
273	271	1b40c1552e4143b7	5			yes					-1	-1	-1	-1	-1	
274	256	d15ee9cafc54638d	6			yes					-1	-1	-1	-1	-1	-1	
275	256	1c37b7ac2a5c8ac2	6			yes					-1	276	-1	-1	-1	277	
276	275	00881de39bf4179a	5			yes					-1	-1	-1	-1	-1	
277	275	09744b24651e0e10	5			yes					-1	-1	-1	-1	-1	
278	256	f169313f7a6a1db8	6			yes					-1	-1	-1	-1	-1	-1	
279	227	6b40f6e7143cb985	4			yes					-1	-1	280	292	
280	279	9f3eb501fa9439e6	7			yes					281	284	288	290	-1	291	-1	
281	280	64c8553c2797a5aa	6			yes					-1	282	283	-1	-1	-1	
282	281	55a8807db3750e46	5			yes					-1	-1	-1	-1	-1	
283	281	8ee1a55673bcfba5	5			yes					-1	-1	-1	-1	-1	
284	280	83811f4e4b3ca4be	6			yes					-1	286	287	-1	-1	-1	
285	284	7877ff73963f38f2	5			no					-1	-2	-1	-2	-2	
286	284	b2e1ca0fdfde0f52	5			yes					-1	-1	-1	-1	-1	
287	284	69a8ef241f17fab1	5			yes					-1	-1	-1	-1	-1	
288	280	ae5e60406e76920a	6			yes					-1	-1	289	-1	-1	-1	
289	288	4477902a3a5dcc05	5			yes					-1	-1	-1	-1	-1	
290	280	7517456baebf67e9	6			yes					-1	-1	-1	-1	-1	-1	
291	280	22c5a849dff63c90	6			yes					-1	-1	-1	-1	-1	-1	
292	279	c53fee3b95c865ec	7			yes					293	294	295	297	298	299	-1	
293	292	3ec90e0648cbf9a0	6			yes					-1	-1	-1	-1	-1	-1	
294	292	d98044742460f8b4	6			yes					-1	-1	-1	-1	-1	-1	
295	292	f45f3b7a012ace00	6			yes					-1	-1	296	-1	-1	-1	
296	295	4af1fa70d37160e5	7			yes					-1	-1	-1	-1	-1	-1	-1	
297	292	2f161e51c1e33be3	6			yes					-1	-1	-1	-1	-1	-1	
298	292	f04bca465cb49f0b	6			yes					-1	-1	-1	-1	-1	-1	
299	292	3d2294208abc7644	6			yes					-1	-1	-1	300	-1	-1	
300	299	d70b644ade97284b	5			yes					-1	-1	-1	-1	-1	
301	84	1a26701320073872	5			yes					-1	-1	-1	302	333	
302	301	b0a925d172561c30	7			yes					303	310	316	323	328	331	332	
303	302	4b5fc5ecaf55807c	6			yes					304	305	306	308	309	-1	
304	303	57e06fa31efd1d24	5			yes					-1	-1	-1	-1	-1	
305	303	7a3f10ad3bb72b90	5			yes					-1	-1	-1	-1	-1	
306	303	a1763586fb7ede73	5			yes					-1	-1	307	-1	-1	
307	306	9eaf82e8b1ea2b8b	6			yes					-1	-1	-1	-1	-1	-1	
308	303	bf9cb26d945f99c2	5			yes					-1	-1	-1	-1	-1	
309	303	2dfb7036a36fa291	5			yes					-1	-1	-1	-1	-1	
310	302	ac168f9ec3fe8168	6			yes					-1	311	312	314	315	-1	
311	310	9d765adf571c2a84	5			yes					-1	-1	-1	-1	-1	
312	310	463f7ff497d5df67	5			yes					-1	-1	-1	-1	-1	
313	312	785a04bfe68ec6e9	5			no					-1	-1	-1	-2	-1	
314	310	58d5f81ff8f498d6	5			yes					-1	-1	-1	-1	-1	
315	310	cab23a44cfc4a385	5			yes					-1	-1	-1	-1	-1	
316	302	81c9f090e6b4b7dc	6			yes					-1	-1	317	320	322	-1	
317	316	6be000fab29fe9d3	5			yes					-1	-1	318	319	-1	
318	317	62222d3b8d0a0295	6			yes					-1	-1	-1	-1	-1	-1	
319	317	d3fd02b62d1a097f	5			yes					-1	-1	-1	-1	-1	
320	316	750a8711ddbeae62	5			yes					-1	-1	-1	321	-1	
321	320	6b4ecc133011e853	6			yes					-1	-1	-1	-1	-1	-1	
322	316	e76d454aea8e9531	5			yes					-1	-1	-1	-1	-1	
323	302	5a80d5bb267d423f	6			yes					-1	-1	-1	324	326	327	
324	323	ae43a23a1d775b81	5			yes					-1	-1	-1	325	-1	
325	324	45c9b59778cc845d	6			yes					-1	-1	-1	-1	-1	-1	
326	323	3c2460612a4760d2	5			yes					-1	-1	-1	-1	-1	
327	323	444e5d68cf7991ab	5			yes					-1	-1	-1	-1	-1	
328	302	446a5250495c058e	6			yes					-1	-1	-1	-1	329	330	
329	328	22cee78a45662763	5			yes					-1	-1	-1	-1	-1	
330	328	5aa4da83a058d61a	5			yes					-1	-1	-1	-1	-1	
331	302	d60d900b7e6c3edd	6			yes					-1	-1	-1	-1	-1	-1	
332	302	ae67ad029b52cfa4	6			yes					-1	-1	-1	-1	-1	-1	
333	301	86f3e437ecbdfbcd	4			yes					-1	-1	-1	334	
334	333	d46e76796a96e1f3	8			yes					335	344	352	361	368	373	375	376	
335	334	2f989644b7957dbf	7			yes					336	-1	337	339	341	-1	343	
336	335	33273c0b063de0e7	6			yes					-1	-1	-1	-1	-1	-1	
337	335	c5b1662ee3be23b0	6			yes					-1	-1	-1	-1	-1	338	
338	337	9dc92684d4fb1573	5			yes					-1	-1	-1	-1	-1	
339	335	db5be1c58c9f6401	6			yes					-1	-1	-1	-1	-1	340	
340	339	8323a16fbbda52c2	5			yes					-1	-1	-1	-1	-1	
341	335	493c239ebbaf5f52	6			yes					-1	-1	-1	-1	-1	342	
342	341	114463348cea6991	5			yes					-1	-1	-1	-1	-1	
343	335	77e0d6ee80d04b7c	6			yes					-1	-1	-1	-1	-1	-1	
344	334	c8d1dc36db3e7cab	7			yes					-1	-1	345	347	349	-1	351	
345	344	22f82c5c8f1522a4	6			yes					-1	-1	-1	-1	-1	346	
346	345	7a806cf6b8501467	5			yes					-1	-1	-1	-1	-1	
347	344	3c12abb7e0346515	6			yes					-1	-1	-1	-1	-1	348	
348	347	646aeb1dd77153d6	5			yes					-1	-1	-1	-1	-1	
349	344	ae7569ecd7045e46	6			yes					-1	-1	-1	-1	-1	350	
350	349	f60d2946e0416885	5			yes					-1	-1	-1	-1	-1	
351	344	90a99c9cec7b4a68	6			yes					-1	-1	-1	-1	-1	-1	
352	334	e50ea338fe744a1f	7			yes					-1	-1	353	355	357	-1	359	
353	352	0f275352aa5f1410	6			yes					-1	-1	-1	-1	-1	354	
354	353	575f13f89d1a22d3	5			yes					-1	-1	-1	-1	-1	
355	352	11cdd4b9c57e53a1	6			yes					-1	-1	-1	-1	-1	356	
356	355	49b59413f23b6562	5			yes					-1	-1	-1	-1	-1	
357	352	b9b82594b6184e58	7			yes					-1	-1	-1	-1	-1	-1	358	
358	357	2f9542aba6141d8b	6			yes					-1	-1	-1	-1	-1	-1	
359	352	bd76e392c9317cdc	6			yes					-1	-1	-1	-1	-1	-1	
360	359	a5d7f630196e7ed7	7			yes					-1	-1	-1	-1	-1	-1	-1	
361	334	3e4786133ebdbffc	7			yes					-1	-1	-1	362	364	366	367	
362	361	ca84f19205b7a642	6			yes					-1	-1	-1	-1	-1	363	
363	362	92fcb13832f29081	5			yes					-1	-1	-1	-1	-1	
364	361	58e333c932879d11	6			yes					-1	-1	-1	-1	-1	365	
365	364	009b736305c2abd2	5			yes					-1	-1	-1	-1	-1	
366	361	1c361dc2f83ca768	6			yes					-1	-1	-1	-1	-1	-1	
367	361	663fc6b909f8893f	6			yes					-1	-1	-1	-1	-1	-1	
368	334	20ad01f8519cf84d	7			yes					-1	-1	-1	-1	369	371	372	
369	368	4609b4225da6daa0	6			yes					-1	-1	-1	-1	-1	370	
370	369	1e71f4886ae3ec63	5			yes					-1	-1	-1	-1	-1	
371	368	02dc9a29971de0d9	6			yes					-1	-1	-1	-1	-1	-1	
372	368	78d5415266d9ce8e	6			yes					-1	-1	-1	-1	-1	-1	
373	334	b2cac3a366acc31e	7			yes					-1	-1	-1	-1	-1	-1	374	
374	373	eab2830951e9f5dd	6			yes					-1	-1	-1	-1	-1	-1	
375	334	f61feda8ac17f967	7			yes					-1	-1	-1	-1	-1	-1	-1	
376	334	8c1636d35dd3d730	7			yes					-1	-1	-1	-1	-1	-1	-1	
377	84	1b16ab819f9bf958	5			yes					-1	-1	-1	-1	378	
378	377	5e8c1557099495af	9			yes					379	407	430	450	469	479	486	489	491	
379	378	a57af56ad49709e3	8			yes					380	385	387	392	396	399	401	406	
380	379	b9c55f25653f94bb	7			yes					-1	381	382	-1	383	-1	384	
381	380	53ecaf4f3114cab4	6			yes					-1	-1	-1	-1	-1	-1	
382	380	4d0628a45e358d05	6			yes					-1	-1	-1	-1	-1	-1	
383	380	8565426f072fa54c	6			yes					-1	-1	-1	-1	-1	-1	
384	380	8d9380218a9decef	6			yes					-1	-1	-1	-1	-1	-1	
385	379	941a202b4075a20f	7			yes					-1	-1	-1	-1	-1	-1	386	
386	385	a04cff2fafd7da5b	6			yes					-1	-1	-1	-1	-1	-1	
387	379	4f53050080bc57ec	7			yes					-1	-1	388	389	390	-1	391	
388	387	bb907281bbb64e52	6			yes					-1	-1	-1	-1	-1	-1	
389	387	29f7b0da8c867501	6			yes					-1	-1	-1	-1	-1	-1	
390	387	73f3184ae2ac661b	6			yes					-1	-1	-1	-1	-1	-1	
391	387	7b05da046f1e2fb8	6			yes					-1	-1	-1	-1	-1	-1	
392	379	51b982ebef9d105d	7			yes					-1	-1	-1	393	394	-1	395	
393	392	371d3731e3a732b0	6			yes					-1	-1	-1	-1	-1	-1	
394	392	6d199fa18d8d21aa	6			yes					-1	-1	-1	-1	-1	-1	
395	392	65ef5def003f6809	6			yes					-1	-1	-1	-1	-1	-1	
396	379	c3de40b0d8ad2b0e	7			yes					-1	-1	-1	-1	397	-1	398	
397	396	ff7e5dfababd1af9	6			yes					-1	-1	-1	-1	-1	-1	
398	396	f7889fb4370f535a	6			yes					-1	-1	-1	-1	-1	-1	
399	379	99dae820b6873814	7			yes					-1	-1	-1	-1	-1	-1	400	
400	399	ad8c372459254040	6			yes					-1	-1	-1	-1	-1	-1	
401	379	5d678f71cbe31a4b	7			yes					-1	-1	402	403	-1	404	405	
402	401	b74e7f1b9fc84444	6			yes					-1	-1	-1	-1	-1	-1	
403	401	a9a4f8f0f0e903f5	6			yes					-1	-1	-1	-1	-1	-1	
404	401	61c7923ba9f32bbc	6			yes					-1	-1	-1	-1	-1	-1	
405	401	693150752441621f	6			yes					-1	-1	-1	-1	-1	-1	
406	379	912c2a6e3b3571b7	7			yes					-1	-1	-1	-1	-1	-1	-1	
407	378	4233bf18b83c08f7	8			yes					-1	408	410	415	419	422	424	429	
408	407	73536a592cdea31b	7			yes					-1	-1	-1	-1	-1	-1	409	
409	408	4705b55dc37cdb4f	6			yes					-1	-1	-1	-1	-1	-1	
410	407	a81a4f72ec1756f8	7			yes					-1	-1	411	412	413	-1	414	
411	410	5cd938f3d71d4f46	6			yes					-1	-1	-1	-1	-1	-1	
412	410	cebefaa8e02d7415	6			yes					-1	-1	-1	-1	-1	-1	
413	410	94ba52388e07670f	6			yes					-1	-1	-1	-1	-1	-1	
414	410	9c4c907603b52eac	6			yes					-1	-1	-1	-1	-1	-1	
415	407	b6f0c89983361149	7			yes					-1	-1	-1	416	417	-1	418	
416	415	d0547d438f0c33a4	6			yes					-1	-1	-1	-1	-1	-1	
417	415	8a50d5d3e12620be	6			yes					-1	-1	-1	-1	-1	-1	
418	415	82a6179d6c94691d	6			yes					-1	-1	-1	-1	-1	-1	
419	407	24970ac2b4062a1a	7			yes					-1	-1	-1	-1	420	-1	421	
420	419	18371788d6161bed	6			yes					-1	-1	-1	-1	-1	-1	
421	419	10c1d5c65ba4524e	6			yes					-1	-1	-1	-1	-1	-1	
422	407	7e93a252da2c3900	7			yes					-1	-1	-1	-1	-1	-1	423	
423	422	4ac57d56358e4154	6			yes					-1	-1	-1	-1	-1	-1	
424	407	ba2ec503a7481b5f	7			yes					-1	-1	425	426	-1	427	428	
425	424	50073569f3634550	6			yes					-1	-1	-1	-1	-1	-1	
426	424	4eedb2829c4202e1	6			yes					-1	-1	-1	-1	-1	-1	
427	424	868ed849c5582aa8	6			yes					-1	-1	-1	-1	-1	-1	
428	424	8e781a0748ea630b	6			yes					-1	-1	-1	-1	-1	-1	
429	407	7665601c579e70a3	7			yes					-1	-1	-1	-1	-1	-1	-1	
430	378	6fecc0169d763e43	8			yes					-1	-1	431	435	439	442	444	449	
431	430	85c5307cc95d604c	7			yes					-1	-1	-1	432	433	-1	434	
432	431	8690bdaeae86c70d	6			yes					-1	-1	-1	-1	-1	-1	
433	431	b9652d36ab4d51bb	6			yes					-1	-1	-1	-1	-1	-1	
434	431	b193ef7826ff1818	6			yes					-1	-1	-1	-1	-1	-1	
435	430	9b2fb797a67c27fd	7			yes					-1	-1	-1	436	437	-1	438	
436	435	3c920bf3d46a1801	6			yes					-1	-1	-1	-1	-1	-1	
437	435	a78faaddc46c160a	6			yes					-1	-1	-1	-1	-1	-1	
438	435	af79689349de5fa9	6			yes					-1	-1	-1	-1	-1	-1	
439	430	094875cc914c1cae	7			yes					-1	-1	-1	-1	440	-1	441	
440	439	bc3300d089bff35d	7			yes					-1	-1	-1	-1	-1	-1	-1	
441	439	3d1eaac87eee64fa	6			yes					-1	-1	-1	-1	-1	-1	
442	430	534cdd5cff660fb4	7			yes					-1	-1	-1	-1	-1	-1	443	
443	442	671a025810c477e0	6			yes					-1	-1	-1	-1	-1	-1	
444	430	97f1ba0d82022deb	7			yes					-1	-1	445	446	-1	447	448	
445	444	7dd84a67d62973e4	6			yes					-1	-1	-1	-1	-1	-1	
446	444	6332cd8cb9083455	6			yes					-1	-1	-1	-1	-1	-1	
447	444	ab51a747e0121c1c	6			yes					-1	-1	-1	-1	-1	-1	
448	444	a3a765096da055bf	6			yes					-1	-1	-1	-1	-1	-1	
449	430	5bba1f1272d44617	7			yes					-1	-1	-1	-1	-1	-1	-1	
450	378	b4a5e53d5dbfcba0	8			yes					-1	-1	-1	451	459	463	466	468	
451	450	406692bc66b5d21e	7			yes					-1	-1	-1	452	454	456	458	
452	451	26c227666a8ff0f3	6			yes					-1	-1	-1	-1	-1	-1	
453	452	e90234bca3070b90	6			no					-1	-2	-2	-1	-1	-2	
454	451	7cc68ff604a5e3e9	6			yes					-1	-1	-1	-1	-1	455	
455	454	489050f2eb079bbd	5			yes					-1	-1	-1	-1	-1	
456	451	b87be8a779c1c1b6	6			yes					-1	-1	-1	-1	-1	457	
457	456	8c2d37a39663b9e2	5			yes					-1	-1	-1	-1	-1	
458	451	74304db88917aa4a	6			yes					-1	-1	-1	-1	-1	-1	
459	450	d20150e75185e94d	7			yes					-1	-1	-1	-1	460	461	462	
460	459	eea14dad3395d8ba	6			yes					-1	-1	-1	-1	-1	-1	
461	459	2a1c2afc4ef1fae5	6			yes					-1	-1	-1	-1	-1	-1	
462	459	e6578fe3be279119	6			yes					-1	-1	-1	-1	-1	-1	
463	450	8805f8773faffa57	7			yes					-1	-1	-1	-1	-1	464	465	
464	463	7018826c20dbe9ff	6			yes					-1	-1	-1	-1	-1	-1	
465	463	bc532773d00d8203	6			yes					-1	-1	-1	-1	-1	-1	
466	450	4cb89f2642cbd808	7			yes					-1	-1	-1	-1	-1	-1	467	
467	466	78ee4022ad69a05c	6			yes					-1	-1	-1	-1	-1	-1	
468	450	80f33a39b21db3f4	7			yes					-1	-1	-1	-1	-1	-1	-1	
469	378	aa4f62d6329e8c11	8			yes					-1	-1	-1	-1	470	473	476	478	
470	469	ccebd70c3ea4aefc	7			yes					-1	-1	-1	-1	-1	471	472	
471	470	34f6ad1721d0bd54	6			yes					-1	-1	-1	-1	-1	-1	
472	470	f8bd0808d106d6a8	6			yes					-1	-1	-1	-1	-1	-1	
473	469	96ef7f9c508ebde6	7			yes					-1	-1	-1	-1	-1	474	475	
474	473	6ef205874ffaae4e	6			yes					-1	-1	-1	-1	-1	-1	
475	473	a2b9a098bf2cc5b2	6			yes					-1	-1	-1	-1	-1	-1	
476	469	525218cd2dea9fb9	7			yes					-1	-1	-1	-1	-1	-1	477	
477	476	6604c7c9c248e7ed	6			yes					-1	-1	-1	-1	-1	-1	
478	469	9e19bdd2dd3cf445	7			yes					-1	-1	-1	-1	-1	-1	-1	
479	378	3828a08d05aeb742	8			yes					-1	-1	-1	-1	-1	480	483	485	
480	479	0488bdc767be86b5	7			yes					-1	-1	-1	-1	-1	481	482	
481	480	fc95c7dc78ca951d	6			yes					-1	-1	-1	-1	-1	-1	
482	480	30de62c3881cfee1	6			yes					-1	-1	-1	-1	-1	-1	
483	479	c035da961adaa4ea	7			yes					-1	-1	-1	-1	-1	-1	484	
484	483	f4630592f578dcbe	6			yes					-1	-1	-1	-1	-1	-1	
485	479	0c7e7f89ea0ccf16	7			yes					-1	-1	-1	-1	-1	-1	-1	
486	378	622c081d6b84a458	8			yes					-1	-1	-1	-1	-1	-1	487	488	
487	486	9a31720674f0b7f0	7			yes					-1	-1	-1	-1	-1	-1	-1	
488	486	567ad7198426dc0c	7			yes					-1	-1	-1	-1	-1	-1	-1	
489	378	a6916f4c16e08607	8			yes					-1	-1	-1	-1	-1	-1	-1	490	
490	489	92c7b048f942fe53	7			yes					-1	-1	-1	-1	-1	-1	-1	
491	378	6adaca53e636edfb	8			yes					-1	-1	-1	-1	-1	-1	-1	-1	
492	84	a62ddf9275f3a209	5			yes					-1	-1	-1	-1	-1	
493	8	29f68ac0b730179a	3			no					-1	494	542	
494	493	d365450f8d719657	4			yes					495	518	531	534	
495	494	5d00fd0e4e86db39	7			yes					496	497	503	508	512	515	517	
496	495	e0b8b669d9cfe082	6			yes					-1	-1	-1	-1	-1	-1	
497	495	257ab1bac2179db6	6			yes					-1	498	499	500	501	502	
498	497	c230b37c27522c66	5			yes					-1	-1	-1	-1	-1	
499	497	1db4ba854f3eb9e5	5			yes					-1	-1	-1	-1	-1	
500	497	9a9f26df974ebb39	5			yes					-1	-1	-1	-1	-1	
501	497	2ca410c5f3adeb56	5			yes					-1	-1	-1	-1	-1	
502	497	d40774849bc6fe57	5			yes					-1	-1	-1	-1	-1	
503	495	ba4affc8abc36ae9	6			yes					-1	-1	504	505	506	507	
504	503	8284f4f726ea4eba	5			yes					-1	-1	-1	-1	-1	
505	503	05af68adfe9a4c66	5			yes					-1	-1	-1	-1	-1	
506	503	b3945eb79a791c09	5			yes					-1	-1	-1	-1	-1	
507	503	4b373af6f2120908	5			yes					-1	-1	-1	-1	-1	
508	495	65cef631c3afff6a	6			yes					-1	-1	-1	509	510	511	
509	508	da2b615496f6d9e5	5			yes					-1	-1	-1	-1	-1	
510	508	6c10574ef215898a	5			yes					-1	-1	-1	-1	-1	
511	508	94b3330f9a7e9c8b	5			yes					-1	-1	-1	-1	-1	
512	495	e2e56a6b1bdffdb6	6			yes					-1	-1	-1	-1	513	514	
513	512	eb3bcb142a658b56	5			yes					-1	-1	-1	-1	-1	
514	512	1398af55420e9e57	5			yes					-1	-1	-1	-1	-1	
515	495	54de5c717f3cadd9	6			yes					-1	-1	-1	-1	-1	516	
516	515	a5a3994f26edce38	5			yes					-1	-1	-1	-1	-1	
517	495	ac7d38301757b8d8	6			yes					-1	-1	-1	-1	-1	-1	
518	494	b397d4b71572ba10	6			yes					519	523	524	527	529	530	
519	518	8e9f4b2324a83709	5			yes					-1	-1	521	522	-1	
520	519	327c5d68b0078662	4			yes					-1	-1	-1	-1	
521	519	fb3cfd35ceaa3229	4			yes					-1	-1	-1	-1	
522	519	c4254c6330bcc622	4			yes					-1	-1	-1	-1	
523	518	9cfd60a656abaa1a	5			yes					-1	-1	-1	-1	-1	
524	518	0f74c2fc81dd0b7b	5			yes					-1	-1	525	526	-1	
525	524	7ad774ea6bdf0e5b	4			yes					-1	-1	-1	-1	
526	524	45cec5bc95c9fa50	4			yes					-1	-1	-1	-1	
527	518	c63462a1ff70bf30	5			yes					-1	-1	-1	528	-1	
528	527	8c8e65e1eb644e1b	4			yes					-1	-1	-1	-1	
529	518	f92dd3f701664b3b	5			yes					-1	-1	-1	-1	-1	
530	518	91988c9818bad873	5			yes					-1	-1	-1	-1	-1	
531	494	64cbf7df5e6d1480	6			yes					-1	532	533	-1	-1	-1	
532	531	4065ff1f847d75dc	5			yes					-1	-1	-1	-1	-1	
533	531	1cb1bb6bd2fc520f	5			yes					-1	-1	-1	-1	-1	
534	494	f04c0fb9aef9450b	7			yes					535	536	538	539	540	-1	541	
535	534	cd44902d9f23c812	6			yes					-1	-1	-1	-1	-1	-1	
536	534	d4e2077974e92457	6			yes					-1	537	-1	-1	-1	-1	
537	536	ac984bcdf87862d8	5			yes					-1	-1	-1	-1	-1	
538	534	8836430d22680384	6			yes					-1	-1	-1	-1	-1	-1	
539	534	17060d7f4bbcf4db	6			yes					-1	-1	-1	-1	-1	-1	
540	534	c882048623d06158	6			yes					-1	-1	-1	-1	-1	-1	
541	534	25c828a18c62ab34	6			yes					-1	-1	-1	-1	-1	-1	
542	493	02add65c1024c890	6			no					543	647	-2	-2	-2	-2	
543	542	a5daad5555f61326	5			yes					544	557	561	592	613	
544	543	c961f756d1ee34ec	6			yes					545	546	550	553	555	556	
545	544	cea4631efd423692	5			yes					-1	-1	-1	-1	-1	
546	544	e898202897980308	5			yes					-1	547	548	-1	549	
547	546	d0562b171ab1275b	4			yes					-1	-1	-1	-1	
548	546	b94ba3e4de1e2d0d	4			yes					-1	-1	-1	-1	
549	546	c64bd87960156d6c	4			yes					-1	-1	-1	-1	
550	544	f1affc695cc710bf	5			yes					-1	-1	551	-1	552	
551	550	a07c7fa515413eba	4			yes					-1	-1	-1	-1	
552	550	df7c0438ab4a7edb	4			yes					-1	-1	-1	-1	
553	544	98b2749a98681ae9	5			yes					-1	-1	-1	-1	554	
554	553	b6618ccb6fe5748d	4			yes					-1	-1	-1	-1	
555	544	61f2339459f851a8	5			yes					-1	-1	-1	-1	-1	
556	544	e7b20f0726635a88	5			yes					-1	-1	-1	-1	-1	
557	543	b631eb5f9caf1307	6			yes					-1	558	-1	559	-1	560	
558	557	ce4ba7eb103e5588	5			yes					-1	-1	-1	-1	-1	
559	557	2a7235fa61103cad	5			yes					-1	-1	-1	-1	-1	
560	557	98e2130e6b227d63	5			yes					-1	-1	-1	-1	-1	
561	543	e44de5b2a27ea4ad	7			yes					562	568	578	584	588	589	591	
562	561	59f5aed535379f16	6			yes					563	-1	-1	-1	565	567	
563	562	218fe261b9a6d999	5			yes					-1	-1	-1	564	-1	
564	563	340de0f55467ca44	4			yes					-1	-1	-1	-1	
565	562	4c77ac41d8f68ccb	5			yes					-1	-1	-1	-1	566	
566	565	593450c997b40819	4			yes					-1	-1	-1	-1	
567	562	4cb6525d7a751bc4	5			yes					-1	-1	-1	-1	-1	
568	561	9c37a9062eefe222	6			yes					-1	569	572	-1	575	577	
569	568	7b7dabc0cbaa53f2	5			yes					-1	-1	-1	570	571	
570	569	6effa954266b402f	4			yes					-1	-1	-1	-1	
571	569	6e3e574884e8d720	4			yes					-1	-1	-1	-1	
572	568	a4f9a239a3c6c671	5			yes					-1	-1	-1	573	574	
573	572	b17ba0ad4e07d5ac	4			yes					-1	-1	-1	-1	
574	572	b1ba5eb1ec8442a3	4			yes					-1	-1	-1	-1	
575	568	89b5ab92c32ef1ff	5			yes					-1	-1	-1	-1	576	
576	575	9cf6571a8c6c752d	4			yes					-1	-1	-1	-1	
577	568	8974558e61ad66f0	5			yes					-1	-1	-1	-1	-1	
578	561	0307e774473b157d	6			yes					-1	-1	579	-1	581	583	
579	578	3bc9ec4bca12312e	5			yes					-1	-1	-1	580	-1	
580	579	2e4beedf27d322f3	4			yes					-1	-1	-1	-1	
581	578	1685e5e0aafa06a0	5			yes					-1	-1	-1	-1	582	
582	581	03c61968e5b88272	4			yes					-1	-1	-1	-1	
583	578	16441bfc087991af	5			yes					-1	-1	-1	-1	-1	
584	561	dc83ee8d2f5780fe	6			yes					-1	-1	-1	-1	585	587	
585	584	c901ec19c2969323	5			yes					-1	-1	-1	-1	586	
586	585	dc4210918dd417f1	4			yes					-1	-1	-1	-1	
587	584	c9c012056015042c	5			yes					-1	-1	-1	-1	-1	
588	561	1a87f036d1377fb8	6			yes					-1	-1	-1	-1	-1	-1	
589	561	f1cfe7264fbfb770	6			yes					-1	-1	-1	-1	-1	590	
590	589	e48c1bae00fd33a2	5			yes					-1	-1	-1	-1	-1	
591	561	f10e193aed3c207f	6			yes					-1	-1	-1	-1	-1	-1	
592	543	a6cb0b756a0451c8	7			yes					593	595	601	604	606	608	612	
593	592	1b734012fd4d6a73	6			yes					-1	-1	-1	-1	-1	594	
594	593	0e30bc9ab20feea1	5			yes					-1	-1	-1	-1	-1	
595	592	deb147c1e6951747	6			yes					-1	596	597	598	599	600	
596	595	39fb450703d0a697	5			yes					-1	-1	-1	-1	-1	
597	595	e67f4cfe6bbc3314	5			yes					-1	-1	-1	-1	-1	
598	595	8f62c40daf133942	5			yes					-1	-1	-1	-1	-1	
599	595	26ac3ddaf9e104ef	5			yes					-1	-1	-1	-1	-1	
600	595	cbf2bb49a9d79395	5			yes					-1	-1	-1	-1	-1	
601	592	418109b38f41e018	6			yes					-1	-1	602	-1	-1	603	
602	601	794f028c0268c44b	5			yes					-1	-1	-1	-1	-1	
603	601	54c2f53bc00364ca	5			yes					-1	-1	-1	-1	-1	
604	592	9e05004ae72d759b	6			yes					-1	-1	-1	-1	-1	605	
605	604	8b46fcc2a86ff149	5			yes					-1	-1	-1	-1	-1	
606	592	f71888b923827fcd	6			yes					-1	-1	-1	-1	-1	607	
607	606	e25b74316cc0fb1f	5			yes					-1	-1	-1	-1	-1	
608	592	5ed6716e75704260	6			yes					-1	-1	609	610	-1	611	
609	608	b99c73a89035f3b0	5			yes					-1	-1	-1	-1	-1	
610	608	66187a51f8596633	5			yes					-1	-1	-1	-1	-1	
611	608	4b958de63a32c6b2	5			yes					-1	-1	-1	-1	-1	
612	592	b388f7fd2546d51a	6			yes					-1	-1	-1	-1	-1	-1	
613	543	390f3971994cd099	4			yes					614	619	620	637	
614	613	cd68fbc151d4be40	6			yes					-1	615	616	617	618	-1	
615	614	ec912cbf17a289a4	5			yes					-1	-1	-1	-1	-1	
616	614	f5a6f0fedcfd9a13	5			yes					-1	-1	-1	-1	-1	
617	614	9cbb780d18529045	5			yes					-1	-1	-1	-1	-1	
618	614	65fb3f03d9c2db04	5			yes					-1	-1	-1	-1	-1	
619	613	b238e7c81c9599ab	6			yes					-1	-1	-1	-1	-1	-1	
620	613	c558c63e029e582b	7			yes					621	623	629	633	635	636	-1	
621	620	78e08d5995d76390	6			yes					-1	-1	-1	-1	622	-1	
622	621	6d628fcd7816704d	5			yes					-1	-1	-1	-1	-1	
623	620	bd228a8a8e0f1ea4	6			yes					-1	624	626	-1	628	-1	
624	623	5a68884c6b4aaf74	5			yes					-1	-1	-1	625	-1	
625	624	4fea8ad8868bbca9	4			yes					-1	-1	-1	-1	
626	623	85ec81b503263af7	5			yes					-1	-1	-1	627	-1	
627	626	906e8321eee7292a	4			yes					-1	-1	-1	-1	
628	623	a8a0881e63ce0d79	5			yes					-1	-1	-1	-1	-1	
629	620	2212c4f8e7dbe9fb	6			yes					-1	-1	-1	-1	632	-1	
630	629	1adccfc76af2cda8	5			no					-1	-1	-1	631	-2	
631	630	0f5ecd538733de75	4			no					-1	-2	-1	-2	
632	629	3790c66c0a1afa26	5			yes					-1	-1	-1	-1	-1	
633	620	fd96cd018fb77c78	6			yes					-1	-1	-1	-1	634	-1	
634	633	e814cf9562766fa5	5			yes					-1	-1	-1	-1	-1	
635	620	3b92d3ba71d7833e	6			yes					-1	-1	-1	-1	-1	-1	
636	620	d0dac4aaef5f4bf6	6			yes					-1	-1	-1	-1	-1	-1	
637	613	87de28f9cae4ad4e	7			yes					638	639	642	643	644	645	-1	
638	637	3a66639e5dad96f5	6			yes					-1	-1	-1	-1	-1	-1	
639	637	ffa4644d4675ebc1	6			yes					-1	640	641	-1	-1	-1	
640	639	18ee668ba3305a11	5			yes					-1	-1	-1	-1	-1	
641	639	c76a6f72cb5ccf92	5			yes					-1	-1	-1	-1	-1	
642	637	60942a3f2fa11c9e	6			yes					-1	-1	-1	-1	-1	-1	
643	637	bf1023c647cd891d	6			yes					-1	-1	-1	-1	-1	-1	
644	637	d60dab358362834b	6			yes					-1	-1	-1	-1	-1	-1	
645	637	7fc352e2d590bee6	6			yes					-1	646	-1	-1	-1	-1	
646	645	07b91e565901f869	5			yes					-1	-1	-1	-1	-1	
647	542	8a7f1ffcada0899b	5			no					-1	648	650	-2	-2	
648	647	26dc6fa4d8caeca3	5			yes					-1	-1	-1	-1	649	
649	648	080f97f52f4782c7	4			yes					-1	-1	-1	-1	
650	647	b00b7353e3a268bc	6			no					651	655	657	-2	-2	-2	
651	650	8d03ecc7d278e5a5	5			yes					-1	652	653	-1	654	
652	651	31e0fa8c46d754ce	4			yes					-1	-1	-1	-1	
653	651	f8a05ad1387ae085	4			yes					-1	-1	-1	-1	
654	651	50c1ea532b6339ee	4			yes					-1	-1	-1	-1	
655	650	9f61c742a07b78b6	5			yes					-1	-1	-1	-1	656	
656	655	42a3c1d65960a4fd	4			yes					-1	-1	-1	-1	
657	650	0ce86518770dd9d7	5			no					-1	-1	-2	-2	-2	
