Number of nodes
493
ID	PID	Hash_Value			File_Number	Fully_Enumerated	Children
0	-1	86c8a205b3106ea8	6			yes					1	137	248	337	411	492	
1	0	1c7ac085671a0b43	5			yes					2	51	75	92	106	
2	1	2551d6f51807bd2b	5			yes					3	13	23	39	50	
3	2	13c5f5f32790f870	4			yes					4	5	7	8	
4	3	58a3a740ff94fe81	4			yes					-1	-1	-1	-1	
5	3	e9d5106f534c9bef	4			yes					-1	6	-1	-1	
6	5	bd2cddbe77fed4e8	3			yes					-1	-1	-1	
7	3	5b822cbe704d7306	4			yes					-1	-1	-1	-1	
8	3	a2b4559e136365cb	3			yes					9	10	12	
9	8	f4c1738413ce073e	4			yes					-1	-1	-1	-1	
10	8	468ce2e8fd0deb0f	5			yes					-1	-1	-1	-1	11	
11	10	85bcf062a65163c3	4			yes					-1	-1	-1	-1	
12	8	74a452519d560572	5			yes					-1	-1	-1	-1	-1	
13	2	0351b908eef44309	4			yes					-1	14	17	20	
14	13	89c8ebb61921e35a	5			yes					15	16	-1	-1	-1	
15	14	0151832e96c40b7e	4			yes					-1	-1	-1	-1	
16	14	61daf185cd453ec6	4			yes					-1	-1	-1	-1	
17	13	afb1cefa4d8f5856	5			yes					18	19	-1	-1	-1	
18	17	2728a662c26ab072	4			yes					-1	-1	-1	-1	
19	17	47a3d4c999eb85ca	4			yes					-1	-1	-1	-1	
20	13	5f22879bdc823126	5			yes					21	22	-1	-1	-1	
21	20	d7bbef035367d902	4			yes					-1	-1	-1	-1	
22	20	b7309da808e6ecba	4			yes					-1	-1	-1	-1	
23	2	e48f704c597bab96	4			yes					-1	-1	24	29	
24	23	04ed2883e627a1f9	5			yes					25	26	27	-1	28	
25	24	8c74401b69c249dd	4			yes					-1	-1	-1	-1	
26	24	82b286f7425232dd	4			yes					-1	-1	-1	-1	
27	24	5014e552c295eefe	4			yes					-1	-1	-1	-1	
28	24	78646118e8971144	4			yes					-1	-1	-1	-1	
29	23	470dc25b2a99a86d	6			yes					30	32	34	-1	36	38	
30	29	cf94aac3a57c4049	5			yes					-1	-1	-1	-1	31	
31	30	0ca4b849fe20c885	4			yes					-1	-1	-1	-1	
32	29	c1526c2f8eec3b49	5			yes					-1	-1	-1	-1	33	
33	32	02627ea5d5b0b385	4			yes					-1	-1	-1	-1	
34	29	13f40f8a0e2be76a	5			yes					-1	-1	-1	-1	35	
35	34	d0c41d0055776fa6	4			yes					-1	-1	-1	-1	
36	29	3a7bc177dac2b30c	5			yes					-1	-1	-1	-1	37	
37	36	f94bd3fd819e3bc0	4			yes					-1	-1	-1	-1	
38	29	843dd0d171c520a1	5			yes					-1	-1	-1	-1	-1	
39	2	603b4a2fbceb307f	4			yes					-1	-1	-1	40	
40	39	752572e24ac24610	6			yes					41	43	45	47	-1	49	
41	40	fdbc1a7ac527ae34	5			yes					-1	-1	-1	-1	42	
42	41	3e8c08f09e7b26f8	4			yes					-1	-1	-1	-1	
43	40	f37adc96eeb7d534	5			yes					-1	-1	-1	-1	44	
44	43	304ace1cb5eb5df8	4			yes					-1	-1	-1	-1	
45	40	21dcbf336e700917	5			yes					-1	-1	-1	-1	46	
46	45	e2ecadb9352c81db	4			yes					-1	-1	-1	-1	
47	40	2eb3068a6ef83789	5			yes					-1	-1	-1	-1	48	
48	47	ed83140035a4bf45	4			yes					-1	-1	-1	-1	
49	40	b6156068119ecedc	5			yes					-1	-1	-1	-1	-1	
50	2	942076982cf42090	4			yes					-1	-1	-1	-1	
51	1	3db7ed980f9b4d0c	4			yes					52	58	63	74	
52	51	214776b54bd06f69	3			yes					53	54	55	
53	52	e79e7b67eda5f356	4			yes					-1	-1	-1	-1	
54	52	b63d7b3d34122fc1	4			yes					-1	-1	-1	-1	
55	52	10c356e7734582a6	5			yes					-1	-1	56	-1	57	
56	55	4b55228f577ff33f	4			yes					-1	-1	-1	-1	
57	55	02875a0090c834ba	4			yes					-1	-1	-1	-1	
58	51	e8eba79ad454328a	3			yes					-1	59	60	
59	58	ba2bab657e5118df	4			yes					-1	-1	-1	-1	
60	58	3092f06ed0467bdd	5			yes					61	62	-1	-1	-1	
61	60	b80b98f65fa393f9	4			yes					-1	-1	-1	-1	
62	60	afd8e11e729455fe	4			yes					-1	-1	-1	-1	
63	51	78dd7142ab77c058	3			yes					-1	-1	64	
64	63	8dc824722b93ac97	6			yes					65	67	69	71	-1	73	
65	64	05514ceaa47644b3	5			yes					-1	-1	-1	-1	66	
66	65	c6615e60ff2acc7f	4			yes					-1	-1	-1	-1	
67	64	12823502894182b4	5			yes					-1	-1	-1	-1	68	
68	67	d1b22788d21d0a78	4			yes					-1	-1	-1	-1	
69	64	38c9003768d7b410	5			yes					-1	-1	-1	-1	70	
70	69	fbf912bd338b3cdc	4			yes					-1	-1	-1	-1	
71	64	d65e501a0fa9dd0e	5			yes					-1	-1	-1	-1	72	
72	71	156e429054f555c2	4			yes					-1	-1	-1	-1	
73	64	4ef836f870cf245b	5			yes					-1	-1	-1	-1	-1	
74	51	8cc64df53b68d0b7	3			yes					-1	-1	-1	
75	1	821c38cbced97348	4			yes					76	81	89	91	
76	75	9eeca3e68a92512d	3			yes					77	-1	78	
77	76	1f8b7728d96e23aa	4			yes					-1	-1	-1	-1	
78	76	de30a174d2668f66	5			yes					-1	-1	79	-1	80	
79	78	a37f2c9e07dc5a89	4			yes					-1	-1	-1	-1	
80	78	cc74ad9331eb397a	4			yes					-1	-1	-1	-1	
81	75	ae34783ea098e9a5	3			yes					-1	82	83	
82	81	fba18025e47be399	4			yes					-1	-1	-1	-1	
83	81	cb04d93c08806aa5	5			yes					84	85	86	87	88	
84	83	439db1a487658281	4			yes					-1	-1	-1	-1	
85	83	544ec84caa524486	4			yes					-1	-1	-1	-1	
86	83	accf8793d1353c02	4			yes					-1	-1	-1	-1	
87	83	85d093e55fa62eec	4			yes					-1	-1	-1	-1	
88	83	3ecc6d9ea3a4d4e9	4			yes					-1	-1	-1	-1	
89	75	81a97bb51ef92533	3			yes					-1	-1	90	
90	89	b3c2ec5eb2414908	5			yes					-1	-1	-1	-1	-1	
91	75	336d98a6fa2aeef3	3			yes					-1	-1	-1	
92	1	81d54479eaeac3b6	4			yes					93	96	103	105	
93	92	9d25df54aea1e1d3	3			yes					94	95	-1	
94	93	3584a7efcac553a0	5			yes					-1	-1	-1	-1	-1	
95	93	89796fb660197e7f	5			yes					-1	-1	-1	-1	-1	
96	92	adfd048c84ab595b	3			yes					-1	97	102	
97	96	a7ed09f2eebac268	5			yes					98	99	-1	100	101	
98	97	2f74616a615f2a4c	4			yes					-1	-1	-1	-1	
99	97	38a718824c68ec4b	4			yes					-1	-1	-1	-1	
100	97	a19ddbaa655d8292	4			yes					-1	-1	-1	-1	
101	97	18fb4a3b253b4a13	4			yes					-1	-1	-1	-1	
102	96	82a733834a1daa6c	5			yes					-1	-1	-1	-1	-1	
103	92	400be2c0ab96d50b	3			yes					-1	-1	104	
104	103	302e187ad6ee893b	5			yes					-1	-1	-1	-1	-1	
105	92	f1067d616b76ae35	3			yes					-1	-1	-1	
106	1	75b4e48915dc99f3	5			yes					107	117	129	135	136	
107	106	69447fa45197bb96	4			yes					108	110	112	114	
108	107	e78e5a34cd187a0b	5			yes					-1	-1	-1	-1	109	
109	108	7bc705827ae118bd	4			yes					-1	-1	-1	-1	
110	107	db60c2deea6ff222	5			yes					-1	-1	-1	-1	111	
111	110	47299d685d969094	4			yes					-1	-1	-1	-1	
112	107	7b84246de9ab4b3f	5			yes					-1	-1	-1	-1	113	
113	112	e7cd7bdb5e522989	4			yes					-1	-1	-1	-1	
114	107	a89c7a968bd10104	3			yes					115	116	-1	
115	114	948948f9d3e1887b	5			yes					-1	-1	-1	-1	-1	
116	114	4319bb7ae9f11e7e	5			yes					-1	-1	-1	-1	-1	
117	106	599ca47c7b9d031e	4			yes					-1	118	122	125	
118	117	ea26317e360905d1	5			yes					119	120	-1	121	-1	
119	118	62bf59e6b9ecedf5	4			yes					-1	-1	-1	-1	
120	118	756c200e94db2bf2	4			yes					-1	-1	-1	-1	
121	118	8141f1321402725f	4			yes					-1	-1	-1	-1	
122	117	eacf0fe144562f9d	5			yes					123	124	-1	-1	-1	
123	122	62566779cbb3c7b9	4			yes					-1	-1	-1	-1	
124	122	75851e91e68401be	4			yes					-1	-1	-1	-1	
125	117	9844a14ea1dbb98c	3			yes					-1	126	-1	
126	125	0cee7abd7cff04b7	5			yes					127	128	-1	-1	-1	
127	126	84771225f31aec93	4			yes					-1	-1	-1	-1	
128	126	93a46bcdde2d2a94	4			yes					-1	-1	-1	-1	
129	106	b46a423054a08f4e	4			yes					-1	-1	130	134	
130	129	58462418d8a50cca	5			yes					131	132	133	-1	-1	
131	130	d0df4c805740e4ee	4			yes					-1	-1	-1	-1	
132	130	c70c35687a7722e9	4			yes					-1	-1	-1	-1	
133	130	0cbfe9c9fc1743cd	4			yes					-1	-1	-1	-1	
134	129	75b247028ee635dc	3			yes					-1	-1	-1	
135	106	30de7853b13014a7	4			yes					-1	-1	-1	-1	
136	106	b46ce1bbcf9a2361	4			yes					-1	-1	-1	-1	
137	0	055e7ce1e0b776f2	5			yes					-1	138	191	208	220	
138	137	ce33f80068211e22	5			yes					139	156	163	179	190	
139	138	b1b15e985e962c6f	4			yes					140	141	147	151	
140	139	8b226f960bbfbc29	4			yes					-1	-1	-1	-1	
141	139	250bb6264feec819	5			yes					142	143	144	145	146	
142	141	e41520b7d4abd9c7	4			yes					-1	-1	-1	-1	
143	141	8cd9d86a13985c59	4			yes					-1	-1	-1	-1	
144	141	27d707248ab8706d	4			yes					-1	-1	-1	-1	
145	141	4e6c766a6de5bf97	4			yes					-1	-1	-1	-1	
146	141	01778993206e4a64	4			yes					-1	-1	-1	-1	
147	139	761f89658286dbae	5			yes					-1	148	149	-1	150	
148	147	dfcde729def04fee	4			yes					-1	-1	-1	-1	
149	147	97264267cb80e2a4	4			yes					-1	-1	-1	-1	
150	147	7c7a8ad722bfc4b8	4			yes					-1	-1	-1	-1	
151	139	ebaa664f55a32a74	5			yes					152	153	154	-1	155	
152	151	2ab4f0decee63baa	4			yes					-1	-1	-1	-1	
153	151	4278080309d5be34	4			yes					-1	-1	-1	-1	
154	151	0a93ad4d1ca5137e	4			yes					-1	-1	-1	-1	
155	151	db975ddb8b54ab54	4			yes					-1	-1	-1	-1	
156	138	4a473c96e7d4341f	4			yes					-1	157	158	159	
157	156	19f7e642008b00b2	4			yes					-1	-1	-1	-1	
158	156	3f95d0808bd9683c	4			yes					-1	-1	-1	-1	
159	156	fb369cfbd327a9a4	3			yes					160	161	-1	
160	159	d9ed6280ecdb5723	4			yes					-1	-1	-1	-1	
161	159	99b2c6a57f4371ed	5			yes					-1	-1	-1	-1	162	
162	161	5a82d42f241ff921	4			yes					-1	-1	-1	-1	
163	138	0fed5eb9295d089f	4			yes					-1	-1	164	169	
164	163	3726d0350735972b	5			yes					165	166	167	-1	168	
165	164	6d8ca98f0e341e5d	4			yes					-1	-1	-1	-1	
166	164	b1797e41a340040f	4			yes					-1	-1	-1	-1	
167	164	8227f47044718fac	4			yes					-1	-1	-1	-1	
168	164	4baf99ae09852796	4			yes					-1	-1	-1	-1	
169	163	74c63aedcb8b9ebf	6			yes					170	172	174	-1	176	178	
170	169	2e6c4357c28a17c9	5			yes					-1	-1	-1	-1	171	
171	170	ed5c51dd99d69f05	4			yes					-1	-1	-1	-1	
172	169	f29994996ffe0d9b	5			yes					-1	-1	-1	-1	173	
173	172	31a9861334a28557	4			yes					-1	-1	-1	-1	
174	169	c1c71ea888cf8638	5			yes					-1	-1	-1	-1	175	
175	174	02f70c22d3930ef4	4			yes					-1	-1	-1	-1	
176	169	09b039c13bd085de	5			yes					-1	-1	-1	-1	177	
177	176	ca802b4b608c0d12	4			yes					-1	-1	-1	-1	
178	169	b7f6286790d71673	5			yes					-1	-1	-1	-1	-1	
179	138	8b5964dacccd9376	4			yes					-1	-1	-1	180	
180	179	46ee8a54abd070c2	6			yes					181	183	185	187	-1	189	
181	180	1c44f3eea2d1f9b4	5			yes					-1	-1	-1	-1	182	
182	181	df74e164f98d7178	4			yes					-1	-1	-1	-1	
183	180	c0b124200fa5e3e6	5			yes					-1	-1	-1	-1	184	
184	183	038136aa54f96b2a	4			yes					-1	-1	-1	-1	
185	180	f3efae11e8946845	5			yes					-1	-1	-1	-1	186	
186	185	30dfbc9bb3c8e089	4			yes					-1	-1	-1	-1	
187	180	1d78fe3c8fea015b	5			yes					-1	-1	-1	-1	188	
188	187	de48ecb6d4b68997	4			yes					-1	-1	-1	-1	
189	180	85de98def08cf80e	5			yes					-1	-1	-1	-1	-1	
190	138	7f42586d5cd28399	4			yes					-1	-1	-1	-1	
191	137	617233f818d4b2fd	4			yes					192	201	205	207	
192	191	1ef095602e6380b0	3			yes					193	194	195	
193	192	27c3a6e53ca12237	4			yes					-1	-1	-1	-1	
194	192	37ae575dc4036c04	4			yes					-1	-1	-1	-1	
195	192	84af82e0cc3b78cc	5			yes					196	197	198	199	200	
196	195	45b11471577e6912	4			yes					-1	-1	-1	-1	
197	195	f6c75097f675449e	4			yes					-1	-1	-1	-1	
198	195	086aba9d5d09d789	4			yes					-1	-1	-1	-1	
199	195	ca7bc8399b1d3c85	4			yes					-1	-1	-1	-1	
200	195	71673642671fc680	4			yes					-1	-1	-1	-1	
201	191	cd46458bd264f98d	3			yes					-1	-1	202	
202	201	ada86185475d0376	5			yes					203	-1	-1	-1	204	
203	202	f702183f4e5c8a00	4			yes					-1	-1	-1	-1	
204	202	bfec6d62a4d0b56a	4			yes					-1	-1	-1	-1	
205	191	62c77086c8f4e486	3			yes					-1	-1	206	
206	205	78e442783202955d	5			yes					-1	-1	-1	-1	-1	
207	191	d00393952c272f46	3			yes					-1	-1	-1	
208	137	62bb4f4a3ce70203	4			yes					209	215	217	219	
209	208	1d39e9d20a50304e	3			yes					210	211	214	
210	209	27307ef83dce8c09	5			yes					-1	-1	-1	-1	-1	
211	209	1c4a52de4c10d279	5			yes					-1	-1	-1	212	213	
212	211	f2c87be9f7e6e538	4			yes					-1	-1	-1	-1	
213	211	433072eb4802fca8	4			yes					-1	-1	-1	-1	
214	209	d6bcd9fb2032ed31	5			yes					-1	-1	-1	-1	-1	
215	208	ce8f3939f6574973	3			yes					-1	216	-1	
216	215	96b0523909cee931	5			yes					-1	-1	-1	-1	-1	
217	208	a365e9f37d9b14be	3			yes					-1	-1	218	
218	217	fb08b65c56ad556e	5			yes					-1	-1	-1	-1	-1	
219	208	12687652bd7b6f80	3			yes					-1	-1	-1	
220	137	96daefbac3d15846	5			yes					221	235	240	246	247	
221	220	e9584922f5666a0b	4			yes					222	224	229	231	
222	221	42ae60ecea97ba89	5			yes					-1	-1	-1	-1	223	
223	222	dee73f5a5d6ed83f	4			yes					-1	-1	-1	-1	
224	221	3de2a406c0065908	5			yes					225	226	-1	227	228	
225	224	fcfc32975b4348d6	4			yes					-1	-1	-1	-1	
226	224	4f8a7671fa48655a	4			yes					-1	-1	-1	-1	
227	224	2eb3672358870cea	4			yes					-1	-1	-1	-1	
228	224	c6b3a6a1d7e9fd7c	4			yes					-1	-1	-1	-1	
229	221	7937728ad7e50aa2	5			yes					-1	-1	-1	-1	230	
230	229	e57e2d3c601c6814	4			yes					-1	-1	-1	-1	
231	221	28804c102f20d099	3			yes					-1	232	233	
232	231	d4f7aa4634644b60	5			yes					-1	-1	-1	-1	-1	
233	231	cf06095a3babfcc9	5			yes					-1	-1	-1	-1	234	
234	233	0c361bd060f77405	4			yes					-1	-1	-1	-1	
235	220	3aee99c909611336	4			yes					-1	236	238	-1	
236	235	5087a0cfbb9173eb	5			yes					-1	-1	-1	-1	237	
237	236	ccceff790c68115d	4			yes					-1	-1	-1	-1	
238	235	1a0681c106c3a574	5			yes					-1	-1	-1	-1	239	
239	238	864fde77b13ac7c2	4			yes					-1	-1	-1	-1	
240	220	5704490382ad4efb	4			yes					-1	-1	241	245	
241	240	93608a3e58e6d09f	5			yes					242	243	244	-1	-1	
242	241	c9caf38451e759e9	4			yes					-1	-1	-1	-1	
243	241	153f244afc9343bb	4			yes					-1	-1	-1	-1	
244	241	c79947ef7c549f98	4			yes					-1	-1	-1	-1	
245	240	96dc4c3158ebf469	3			yes					-1	-1	-1	
246	220	d3b07360673dd512	4			yes					-1	-1	-1	-1	
247	220	5702ea881997e2d4	4			yes					-1	-1	-1	-1	
248	0	52243a8890386432	5			yes					-1	-1	249	297	311	
249	248	5609b10c12b84d9e	5			yes					250	267	280	285	296	
250	249	298b1794240f7fd3	4			yes					251	256	257	262	
251	250	73514df2edaeaf02	5			yes					-1	252	253	254	255	
252	251	cecf3e3e079f8b47	4			yes					-1	-1	-1	-1	
253	251	0e1ec01838147aed	4			yes					-1	-1	-1	-1	
254	251	9c411f97c5b5c183	4			yes					-1	-1	-1	-1	
255	251	2c2b6dc7e9bc81d3	4			yes					-1	-1	-1	-1	
256	250	4402926edeab1d7b	4			yes					-1	-1	-1	-1	
257	250	f36d6fd939a1da9d	5			yes					-1	258	259	260	261	
258	257	6e6c22cfc21950d0	4			yes					-1	-1	-1	-1	
259	257	6a1e9de3218a1ec5	4			yes					-1	-1	-1	-1	
260	257	535bb06a823b9c10	4			yes					-1	-1	-1	-1	
261	257	8fe4264237116a20	4			yes					-1	-1	-1	-1	
262	250	94ce078a7089d6a8	5			yes					-1	263	264	265	266	
263	262	09cf4a9c8b315ce5	4			yes					-1	-1	-1	-1	
264	262	0dbdf5b068a212f0	4			yes					-1	-1	-1	-1	
265	262	da1a4d5327af92e1	4			yes					-1	-1	-1	-1	
266	262	6106b328dbad68e4	4			yes					-1	-1	-1	-1	
267	249	3ee07a0d89ac6ffa	4			yes					-1	268	269	274	
268	267	1a7f5148a3fce470	4			yes					-1	-1	-1	-1	
269	267	8d33e46a5b1b49c8	5			yes					270	-1	271	272	273	
270	269	d7999dd0521ac0be	4			yes					-1	-1	-1	-1	
271	269	1440165043308d90	4			yes					-1	-1	-1	-1	
272	269	2d053bd9e0810f45	4			yes					-1	-1	-1	-1	
273	269	f1baadf155abf975	4			yes					-1	-1	-1	-1	
274	267	ea908c39123345fd	5			yes					275	276	277	278	279	
275	274	b03af5831b32cc8b	4			yes					-1	-1	-1	-1	
276	274	78c575fbed28b72b	4			yes					-1	-1	-1	-1	
277	274	73e37e030a1881a5	4			yes					-1	-1	-1	-1	
278	274	a444c6e0451501b4	4			yes					-1	-1	-1	-1	
279	274	1f58389bb917fbb1	4			yes					-1	-1	-1	-1	
280	249	e370512e3dbc00c6	4			yes					-1	-1	281	282	
281	280	6818ba47f8b5798d	4			yes					-1	-1	-1	-1	
282	280	5201f143094f9d7d	3			yes					283	284	-1	
283	282	4324b3b6f355c115	5			yes					-1	-1	-1	-1	-1	
284	282	1d5970908e02381e	5			yes					-1	-1	-1	-1	-1	
285	249	13632dd6b654c0ca	4			yes					-1	-1	-1	286	
286	285	7922ccd25cf769b3	6			yes					287	289	291	293	-1	295	
287	286	2388b56855f6e0c5	5			yes					-1	-1	-1	-1	288	
288	287	e0b8a7e20eaa6809	4			yes					-1	-1	-1	-1	
289	286	e668dda2fe254790	5			yes					-1	-1	-1	-1	290	
290	289	2558cf28a579cf5c	4			yes					-1	-1	-1	-1	
291	286	cc23e8971fb37134	5			yes					-1	-1	-1	-1	292	
292	291	0f13fa1d44eff9f8	4			yes					-1	-1	-1	-1	
293	286	046d4138894dbc5c	5			yes					-1	-1	-1	-1	294	
294	293	c75d53b2d2113490	4			yes					-1	-1	-1	-1	
295	286	ba12de5807abe17f	5			yes					-1	-1	-1	-1	-1	
296	249	e7781161264bd025	4			yes					-1	-1	-1	-1	
297	248	b2e41e83f7f0022c	4			yes					298	306	309	310	
298	297	cd66b81bc1473061	3			yes					299	304	305	
299	298	1e660fa841047752	5			yes					-1	300	301	302	303	
300	299	a3f87c64ab355317	4			yes					-1	-1	-1	-1	
301	299	45f07bc0653e06cb	4			yes					-1	-1	-1	-1	
302	299	5af485e9fba6c35f	4			yes					-1	-1	-1	-1	
303	299	a1704c618a85ff29	4			yes					-1	-1	-1	-1	
304	298	92e1e64f8007bb05	5			yes					-1	-1	-1	-1	-1	
305	298	a953a70d41a4db44	5			yes					-1	-1	-1	-1	-1	
306	297	da0dd5826ce42048	3			yes					-1	307	308	
307	306	cc9c2569fd50420e	5			yes					-1	-1	-1	-1	-1	
308	306	d70d2cbe231e4811	5			yes					-1	-1	-1	-1	-1	
309	297	67b854812c3f7daa	3			yes					-1	-1	-1	
310	297	c237279b766c6faf	3			yes					-1	-1	-1	
311	248	4685be7308c65869	5			yes					312	325	332	335	336	
312	311	390718eb3e716a24	4			yes					313	318	320	323	
313	312	f1a396e20fd381d1	5			yes					-1	314	315	316	317	
314	313	4c3de52ee5e2a594	4			yes					-1	-1	-1	-1	
315	313	aa35e28a2be9f048	4			yes					-1	-1	-1	-1	
316	313	1eb3c48727c8ef50	4			yes					-1	-1	-1	-1	
317	313	0af29445183c25a5	4			yes					-1	-1	-1	-1	
318	312	b8558a2e1eb65c0d	5			yes					-1	-1	-1	-1	319	
319	318	241cd598a94f3ebb	4			yes					-1	-1	-1	-1	
320	312	9491763a36749a23	5			yes					-1	321	-1	-1	322	
321	320	09903b2ccdcc106e	4			yes					-1	-1	-1	-1	
322	320	a21779c1712ca9d3	4			yes					-1	-1	-1	-1	
323	312	f8df1dd9e437d0b6	3			yes					324	-1	-1	
324	323	18b698a2fbb193b9	5			yes					-1	-1	-1	-1	-1	
325	311	2e6c757293d27a0d	4			yes					-1	326	328	331	
326	325	e628490863e1a506	5			yes					-1	-1	-1	-1	327	
327	326	7a6116bed418c7b0	4			yes					-1	-1	-1	-1	
328	325	eacffd8954ce0976	5			yes					329	-1	-1	-1	330	
329	328	b06584335dcf8000	4			yes					-1	-1	-1	-1	
330	328	dc49f27213963a86	4			yes					-1	-1	-1	-1	
331	325	efb470404994c09f	3			yes					-1	-1	-1	
332	311	93d9f471d30927ef	4			yes					-1	-1	333	-1	
333	332	737c569b57782b60	5			yes					-1	-1	-1	-1	334	
334	333	ef35092de08149d6	4			yes					-1	-1	-1	-1	
335	311	03ef22a9ac2ad53d	4			yes					-1	-1	-1	-1	
336	311	875dbb41d280e2fb	4			yes					-1	-1	-1	-1	
337	0	ea31f9876537076c	5			yes					-1	-1	-1	338	378	
338	337	3a97ea2017902bac	5			yes					339	355	367	375	377	
339	338	45154cb8212719e1	4			yes					340	345	349	350	
340	339	8a97f83654e6a730	5			yes					-1	341	342	343	344	
341	340	852185e65ab5f761	4			yes					-1	-1	-1	-1	
342	340	f7d875dc815c72df	4			yes					-1	-1	-1	-1	
343	340	ce057277ee44133d	4			yes					-1	-1	-1	-1	
344	340	3581bbff9f672f4b	4			yes					-1	-1	-1	-1	
345	339	13df600550415869	5			yes					-1	-1	346	347	348	
346	345	75f052eccb5c8781	4			yes					-1	-1	-1	-1	
347	345	574dea44eae3ec64	4			yes					-1	-1	-1	-1	
348	345	acc923cc9bc0d012	4			yes					-1	-1	-1	-1	
349	339	44c4ed83c2576b79	4			yes					-1	-1	-1	-1	
350	339	c9e7e9ccf8b8e019	6			yes					-1	-1	351	352	353	354	
351	350	1c46103c637f935e	5			yes					-1	-1	-1	-1	-1	
352	350	8f12bc74ab141792	5			yes					-1	-1	-1	-1	-1	
353	350	a48f9933d4847db5	5			yes					-1	-1	-1	-1	-1	
354	350	d3dd944f9b403259	5			yes					-1	-1	-1	-1	-1	
355	338	527e21218c8409c8	4			yes					-1	356	361	362	
356	355	4da2a3232d16a162	5			yes					357	-1	358	359	360	
357	356	1708da9924172814	4			yes					-1	-1	-1	-1	
358	356	2b8d91cab60b7e8a	4			yes					-1	-1	-1	-1	
359	356	0930296297b4156f	4			yes					-1	-1	-1	-1	
360	356	f2b4e0eae6972919	4			yes					-1	-1	-1	-1	
361	355	3207c62241b33b92	5			yes					-1	-1	-1	-1	-1	
362	355	4d1341e46ab23e39	6			yes					363	-1	-1	364	365	366	
363	362	17b9385e63b3b74f	5			yes					-1	-1	-1	-1	-1	
364	362	0be6145c391ec9b2	5			yes					-1	-1	-1	-1	-1	
365	362	207b311b468ea395	5			yes					-1	-1	-1	-1	-1	
366	362	57293c67094aec79	5			yes					-1	-1	-1	-1	-1	
367	338	16bfaad579d1b141	4			yes					-1	-1	368	369	
368	367	71d9a5af7b1033be	5			yes					-1	-1	-1	-1	-1	
369	367	938c6ea16e0e4995	6			yes					370	371	-1	372	373	374	
370	369	c926171b670fc0e3	5			yes					-1	-1	-1	-1	-1	
371	369	0cc67fd1ccdc67b6	5			yes					-1	-1	-1	-1	-1	
372	369	d5793b193da2be1e	5			yes					-1	-1	-1	-1	-1	
373	369	fee41e5e4232d439	5			yes					-1	-1	-1	-1	-1	
374	369	89b613220df69bd5	5			yes					-1	-1	-1	-1	-1	
375	338	e0929ab37160d3bc	4			yes					-1	-1	-1	376	
376	375	3b432d6cc3e28ac4	3			yes					-1	-1	-1	
377	338	e1465dffa51272d4	4			yes					-1	-1	-1	-1	
378	337	f92e6b20c984662d	5			yes					379	395	405	409	410	
379	378	86accdb8ff335460	4			yes					380	385	390	392	
380	379	6552617c1a3151b3	5			yes					-1	381	382	383	384	
381	380	6ae41cac146201e2	4			yes					-1	-1	-1	-1	
382	380	181dec96cf8b845c	4			yes					-1	-1	-1	-1	
383	380	8a423319322a3f32	4			yes					-1	-1	-1	-1	
384	380	9e0363db0ddef5c7	4			yes					-1	-1	-1	-1	
385	379	fc1af94f1e96aeea	5			yes					-1	386	387	388	389	
386	385	59ce24f6cbf177a5	4			yes					-1	-1	-1	-1	
387	385	9a35cba6858b7102	4			yes					-1	-1	-1	-1	
388	385	130aab2a368dc06b	4			yes					-1	-1	-1	-1	
389	385	074bfbe809790a9e	4			yes					-1	-1	-1	-1	
390	379	bcaa238ff7a769ad	5			yes					-1	-1	-1	-1	391	
391	390	20e37c39405e0b1b	4			yes					-1	-1	-1	-1	
392	379	4774c88a2575eef2	3			yes					393	394	-1	
393	392	8c476f3cee5343db	5			yes					-1	-1	-1	-1	-1	
394	392	150ff70feaf4bc82	5			yes					-1	-1	-1	-1	-1	
395	378	91c7a02152904449	4			yes					-1	396	401	403	
396	395	a2673a6963c157e1	5			yes					397	-1	398	399	400	
397	396	f8cd43d36ac0de97	4			yes					-1	-1	-1	-1	
398	396	c4480880f8dc8809	4			yes					-1	-1	-1	-1	
399	396	4d77680c4bda3960	4			yes					-1	-1	-1	-1	
400	396	593638ce742ef395	4			yes					-1	-1	-1	-1	
401	395	1c6a1cfa3f9c9ede	5			yes					-1	-1	-1	-1	402	
402	401	8023434c8865fc68	4			yes					-1	-1	-1	-1	
403	395	501fa51388d6fedb	3			yes					-1	404	-1	
404	403	4b72342997a34589	5			yes					-1	-1	-1	-1	-1	
405	378	d5062bd5a7c5fcc0	4			yes					-1	-1	406	408	
406	405	5fb47f77053f96f2	5			yes					-1	-1	-1	-1	407	
407	406	c3fd20c1b2c6f444	4			yes					-1	-1	-1	-1	
408	405	14de2ee77d834652	3			yes					-1	-1	-1	
409	378	fa9b285e19a43056	4			yes					-1	-1	-1	-1	
410	378	38f66e1213c2dcbf	4			yes					-1	-1	-1	-1	
411	0	ff26114527467a28	5			yes					-1	-1	-1	-1	412	
412	411	a1317f6b72a21eef	4			yes					413	435	454	476	
413	412	fa959e8f52131c92	5			yes					414	419	429	432	434	
414	413	e66505a216583ef7	4			yes					415	416	-1	417	
415	414	91af857dd938d905	5			yes					-1	-1	-1	-1	-1	
416	414	2d524d2473e4f4da	5			yes					-1	-1	-1	-1	-1	
417	414	646b929d6a6c9776	6			yes					-1	-1	-1	-1	-1	418	
418	417	87657df55c52a51a	5			yes					-1	-1	-1	-1	-1	
419	413	d6bdde7a3c52867f	4			yes					-1	420	-1	425	
420	419	42f8e44d9c42ca3f	6			yes					421	422	-1	-1	423	424	
421	420	ca618cd513a7221b	5			yes					-1	-1	-1	-1	-1	
422	420	ddb2f53d3e90e41c	5			yes					-1	-1	-1	-1	-1	
423	420	84b2158d92c228a5	5			yes					-1	-1	-1	-1	-1	
424	420	deb1bbfb2bbba889	5			yes					-1	-1	-1	-1	-1	
425	419	84b308912c8da393	3			yes					426	427	-1	
426	425	685870823b2b7e5b	5			yes					-1	-1	-1	-1	-1	
427	425	3dbf54931d859ae5	6			yes					-1	-1	-1	-1	428	-1	
428	427	fbf5a5531305787f	5			yes					-1	-1	-1	-1	-1	
429	413	3b4b3836136f0a2f	4			yes					-1	-1	-1	430	
430	429	6945eedd03b02fc3	3			yes					431	-1	-1	
431	430	d4a5b8db91f75384	5			yes					-1	-1	-1	-1	-1	
432	413	a308ab8a7ba98bd9	4			yes					-1	-1	-1	-1	
433	432	e542710708c7442c	5			no					-1	-1	-2	-1	-1	
434	413	a89b486442cc397e	4			yes					-1	-1	-1	-1	
435	412	19fb95bc841edd27	5			yes					436	444	448	451	453	
436	435	66793324b2a9ef6a	4			yes					437	438	-1	440	
437	436	831b5c6a2e3306ac	5			yes					-1	-1	-1	-1	-1	
438	436	b861704c5fed58dc	5			yes					-1	-1	-1	439	-1	
439	438	56e3597be41b6f9d	4			yes					-1	-1	-1	-1	
440	436	3477e5cfa276ca86	3			yes					441	442	-1	
441	440	7aeca995cc20a1f2	5			yes					-1	-1	-1	-1	-1	
442	440	419685b3bdfeff82	5			yes					-1	-1	-1	443	-1	
443	442	af14ac840608c8c3	4			yes					-1	-1	-1	-1	
444	435	b5cfe3cf4eae9657	4			yes					-1	445	-1	446	
445	444	329b70ab1a336394	5			yes					-1	-1	-1	-1	-1	
446	444	05e937318504793d	6			yes					-1	-1	-1	-1	-1	447	
447	446	e6e7d859b33a4b51	5			yes					-1	-1	-1	-1	-1	
448	435	d8253305c562cb9a	4			yes					-1	-1	-1	449	
449	448	8a2be5eed5bdee76	3			yes					-1	450	-1	
450	449	cb6c8554f820c4ca	5			yes					-1	-1	-1	-1	-1	
451	435	4066a0b9ada44a6c	4			yes					-1	-1	452	-1	
452	451	2e64df2188849879	5			yes					-1	-1	-1	-1	-1	
453	435	4bf5435794c1f8cb	4			yes					-1	-1	-1	-1	
454	412	c9a4c4754f09dd08	5			yes					455	466	470	473	475	
455	454	b62662ed79beef45	4			yes					456	460	-1	462	
456	455	fb73e21733fc7f05	6			yes					-1	-1	457	-1	458	459	
457	456	a0e5967f17c60e9c	5			yes					-1	-1	-1	-1	-1	
458	456	3d3913d73d7c9d9f	5			yes					-1	-1	-1	-1	-1	
459	456	673abda184051db3	5			yes					-1	-1	-1	-1	-1	
460	455	36cac4dd93fa31a0	5			yes					-1	-1	-1	-1	-1	
461	455	50a9220bc4d0fbeb	5			no					-1	-1	-1	-1	-2	
462	455	e428b4066961caa9	3			yes					463	465	-1	
463	462	843452c9b23b2fdf	6			yes					-1	-1	-1	-1	464	-1	
464	463	427ea309bcbbcd45	5			yes					-1	-1	-1	-1	-1	
465	462	cf3d312271e996fe	5			yes					-1	-1	-1	-1	-1	
466	454	a14d0f74d41dff6c	4			yes					-1	467	-1	468	
467	466	68b707fbeeadc8ab	5			yes					-1	-1	-1	-1	-1	
468	466	f343d99fc4c2da80	3			yes					-1	469	-1	
469	468	9140f2040cbe6ff5	5			yes					-1	-1	-1	-1	-1	
470	454	1cf88e7794c6a28e	4			yes					-1	-1	-1	471	
471	470	8fe4e692373a0d8b	6			yes					-1	-1	-1	-1	-1	472	
472	471	6cea09fa01043fe7	5			yes					-1	-1	-1	-1	-1	
473	454	9039f17066b34a43	4			yes					-1	474	-1	-1	
474	473	2ef7a9b8a66a68be	5			yes					-1	-1	-1	-1	-1	
475	454	9baa129e5fd6f8e4	4			yes					-1	-1	-1	-1	
476	412	8541dc3b6352c5d8	5			yes					477	485	490	491	-1	
477	476	fac37aa355e5f795	4			yes					478	482	-1	-1	
478	477	6f821589261eaf67	6			yes					-1	-1	479	-1	480	481	
479	478	12cd9863f3a47a88	5			yes					-1	-1	-1	-1	-1	
480	478	a9c8e449289e4dfd	5			yes					-1	-1	-1	-1	-1	
481	478	f3cb4a3f91e7cdd1	5			yes					-1	-1	-1	-1	-1	
482	477	f6ca8dba22b9503e	6			yes					-1	-1	-1	-1	483	484	
483	482	30807c7a2c39b2a4	5			yes					-1	-1	-1	-1	-1	
484	482	6a83d20c95403288	5			yes					-1	-1	-1	-1	-1	
485	476	eda8173af846e7bc	4			yes					-1	486	-1	-1	
486	485	a8b74e9c5feea935	6			yes					487	-1	-1	-1	488	489	
487	486	f21d372656ef2043	5			yes					-1	-1	-1	-1	-1	
488	486	6efdbf5c516e4baf	5			yes					-1	-1	-1	-1	-1	
489	486	34fe112ae817cb83	5			yes					-1	-1	-1	-1	-1	
490	476	a9699cce0d135f35	4			yes					-1	-1	-1	-1	
491	476	5f44aca805a23dc8	4			yes					-1	-1	-1	-1	
492	0	d8dfcc2be6f40a6f	5			yes					-1	-1	-1	-1	-1	
