Number of nodes
334
ID	PID	Hash_Value			File_Number	Fully_Enumerated	Children
0	-1	1a2f8d758fbb3f68	6			yes					1	108	196	261	304	333	
1	0	e689bf29bb66910c	5			yes					2	44	56	71	80	
2	1	2062f35d9fd565f9	5			yes					3	14	27	40	43	
3	2	33261f39fcb91dc8	4			yes					4	5	7	8	
4	3	63907090db1133c2	4			yes					-1	-1	-1	-1	
5	3	42c71353a79bea19	4			yes					-1	6	-1	-1	
6	5	4b020fa1064caa24	3			yes					-1	-1	-1	
7	3	261a6065bd4fbad1	4			yes					-1	-1	-1	-1	
8	3	0103fe089ca17178	3			yes					9	10	12	
9	8	aacea3a0830c58fa	4			yes					-1	-1	-1	-1	
10	8	3050700724ed6327	5			yes					-1	-1	-1	-1	11	
11	10	c9136a88ed1b1914	4			yes					-1	-1	-1	-1	
12	8	c1a0a6dfe4d55ef7	5			yes					-1	-1	-1	-1	13	
13	12	38e3bc502d2324c4	4			yes					-1	-1	-1	-1	
14	2	682d674beab6b8d6	4			yes					-1	15	19	23	
15	14	2bea7a779e58776b	5			yes					16	17	-1	-1	18	
16	15	540e15a602e9ddf0	4			yes					-1	-1	-1	-1	
17	15	59654f547e86166f	4			yes					-1	-1	-1	-1	
18	15	b02b46077e994d66	4			yes					-1	-1	-1	-1	
19	14	e86e438f835d6d07	5			yes					20	21	-1	-1	22	
20	19	978a2c5e1fecc79c	4			yes					-1	-1	-1	-1	
21	19	9ae176ac63830c03	4			yes					-1	-1	-1	-1	
22	19	c2b0c665f4d784e8	4			yes					-1	-1	-1	-1	
23	14	ed49f6caadf7367c	5			yes					24	25	-1	-1	26	
24	23	92ad991b31469ce7	4			yes					-1	-1	-1	-1	
25	23	9fc6c3e94d295778	4			yes					-1	-1	-1	-1	
26	23	a91842625a4eb3be	4			yes					-1	-1	-1	-1	
27	2	170a731f7e9c2f62	4			yes					-1	-1	28	33	
28	27	085bbaaefa0e3493	5			yes					29	30	31	-1	32	
29	28	77bfd57f66bf9e08	4			yes					-1	-1	-1	-1	
30	28	ebac889dc26bf8fe	4			yes					-1	-1	-1	-1	
31	28	019ea65c5bd974ae	4			yes					-1	-1	-1	-1	
32	28	22853f448d84dd7c	4			yes					-1	-1	-1	-1	
33	27	252f922e1e8443d2	3			yes					-1	34	37	
34	33	4fcb07344f808368	5			yes					35	36	-1	-1	-1	
35	34	302f68e5d33129f3	4			yes					-1	-1	-1	-1	
36	34	3d443217af5ee26c	4			yes					-1	-1	-1	-1	
37	33	b8a87995ec79b898	5			yes					38	39	-1	-1	-1	
38	37	c74c164470c81203	4			yes					-1	-1	-1	-1	
39	37	5b5f4ba6d41c74f5	4			yes					-1	-1	-1	-1	
40	2	5e461901975e8335	4			yes					-1	-1	-1	41	
41	40	6c63f830f746ef85	3			yes					-1	42	-1	
42	41	589d80b4952ae10c	5			yes					-1	-1	-1	-1	-1	
43	2	1247126cffcd0949	4			yes					-1	-1	-1	-1	
44	1	96078a59ecc584f5	4			yes					45	50	53	55	
45	44	d4ae1e0d0811ef94	3			yes					46	47	48	
46	45	0ed57c25abeeb325	4			yes					-1	-1	-1	-1	
47	45	1a1d0fcab66c00a1	5			yes					-1	-1	-1	-1	-1	
48	45	e9b3d5001eb988a2	5			yes					-1	49	-1	-1	-1	
49	48	9ce9b725f6f73ac7	4			yes					-1	-1	-1	-1	
50	44	042550721feb6aad	3			yes					-1	51	52	
51	50	1ac7762a4ba0e3f5	5			yes					-1	-1	-1	-1	-1	
52	50	9428ba8c5db6d7f8	5			yes					-1	-1	-1	-1	-1	
53	44	e2aeaf4e77e2e989	3			yes					-1	-1	54	
54	53	d08b4e7f17fa8539	2			yes					-1	-1	
55	44	a4226b688cdde845	3			yes					-1	-1	-1	
56	1	47d055f1c74f76ed	4			yes					57	60	68	70	
57	56	0579c1a5239b1d8c	3			yes					58	-1	59	
58	57	a497eabfb3fe0956	4			yes					-1	-1	-1	-1	
59	57	1d927d743ff547d7	5			yes					-1	-1	-1	-1	-1	
60	56	06cb227b2813014f	3			yes					-1	61	62	
61	60	7251c1ad0f61bb4f	4			yes					-1	-1	-1	-1	
62	60	e45501fc17d109ad	6			yes					63	65	-1	-1	-1	67	
63	62	9bb16e2d8b60a336	5			yes					-1	-1	-1	-1	64	
64	63	62f274a24296d905	4			yes					-1	-1	-1	-1	
65	62	b36e4c7e921222ad	5			yes					-1	-1	-1	-1	66	
66	65	4a2d56f15be4589e	4			yes					-1	-1	-1	-1	
67	62	1d161b73de27739e	5			yes					-1	-1	-1	-1	-1	
68	56	319702ef6b907073	3			yes					-1	-1	69	
69	68	4b5bee4b8de920fa	5			yes					-1	-1	-1	-1	-1	
70	56	75f5b4c0a7571a5d	3			yes					-1	-1	-1	
71	1	1ef8dd0b32319a08	4			yes					72	75	77	79	
72	71	5c51495fd6e5f169	3			yes					73	74	-1	
73	72	9ac95978f2f5979b	5			yes					-1	-1	-1	-1	-1	
74	72	741a3ccd34a44bb3	5			yes					-1	-1	-1	-1	-1	
75	71	5fe3aa81dd6dedaa	3			yes					-1	76	-1	
76	75	b922e4bdc9e6ad98	5			yes					-1	-1	-1	-1	-1	
77	71	29905d49d378d093	3			yes					-1	-1	78	
78	77	a1341a7597240177	5			yes					-1	-1	-1	-1	-1	
79	71	34da639ceac15658	3			yes					-1	-1	-1	
80	1	c8032f7841c41c76	5			yes					81	91	99	106	107	
81	80	8aaabb2ca5107717	4			yes					82	83	84	85	
82	81	288d548bc2b70ce7	4			yes					-1	-1	-1	-1	
83	81	e8d4661318e44e13	4			yes					-1	-1	-1	-1	
84	81	a66e33ff5a758aee	4			yes					-1	-1	-1	-1	
85	81	08571d94069edbf5	3			yes					86	88	90	
86	85	6e1e696a5891d504	5			yes					-1	-1	-1	-1	87	
87	86	975d73e59167af37	4			yes					-1	-1	-1	-1	
88	85	a4e2297a694e4616	5			yes					-1	-1	-1	-1	89	
89	88	5da133f5a0b83c25	4			yes					-1	-1	-1	-1	
90	85	eaa249f5adb066e6	5			yes					-1	-1	-1	-1	-1	
91	80	891858f2ae986bd4	4			yes					-1	92	95	96	
92	91	504e59988d46c948	5			yes					93	94	-1	-1	-1	
93	92	2faa364911f763d3	4			yes					-1	-1	-1	-1	
94	92	0775141a0885e248	4			yes					-1	-1	-1	-1	
95	91	146460d5ec1d0407	5			yes					-1	-1	-1	-1	-1	
96	91	0be5fe4a0d16c736	3			yes					-1	97	98	
97	96	9ffaef6438bfb260	5			yes					-1	-1	-1	-1	-1	
98	96	addaf3336a2f3c9d	5			yes					-1	-1	-1	-1	-1	
99	80	ff6baf3aa08d56ed	4			yes					-1	-1	100	105	
100	99	188a8993111639ed	5			yes					101	102	103	-1	104	
101	100	676ee6428da79376	4			yes					-1	-1	-1	-1	
102	100	e2e1d840522e4c6f	4			yes					-1	-1	-1	-1	
103	100	114f9561b0c179d0	4			yes					-1	-1	-1	-1	
104	100	3b195ca4f6d96493	4			yes					-1	-1	-1	-1	
105	99	7d9609820303fa0f	3			yes					-1	-1	-1	
106	80	b627c524494ffaba	4			yes					-1	-1	-1	-1	
107	80	4afe89c0e24ab094	4			yes					-1	-1	-1	-1	
108	0	98bd0beaf29c50c4	5			yes					-1	109	151	164	173	
109	108	36c98046bd7d0518	5			yes					110	124	134	145	150	
110	109	b8be676f5b923ac7	4			yes					111	112	116	119	
111	110	bc9127127c1b6b3f	5			yes					-1	-1	-1	-1	-1	
112	110	d5973f7ecb48b5e9	5			yes					-1	113	-1	114	115	
113	112	a216b538f6a367a4	4			yes					-1	-1	-1	-1	
114	112	71b43dc0b6af24a9	4			yes					-1	-1	-1	-1	
115	112	3450166dd825177e	4			yes					-1	-1	-1	-1	
116	110	151e711d4234556e	5			yes					-1	117	-1	-1	118	
117	116	629ffb5b7fdf8723	4			yes					-1	-1	-1	-1	
118	116	3fc0f4f735bebc81	4			yes					-1	-1	-1	-1	
119	110	63ba8bccbdf5f62d	5			yes					120	121	122	-1	123	
120	119	6a199e115a7109bc	4			yes					-1	-1	-1	-1	
121	119	143b018a801e2460	4			yes					-1	-1	-1	-1	
122	119	0966759f89ac95c4	4			yes					-1	-1	-1	-1	
123	119	de2e955aef49a634	4			yes					-1	-1	-1	-1	
124	109	93abf9faa1e7cbab	4			yes					-1	125	127	128	
125	124	6c440eaded07ae58	5			yes					-1	-1	-1	-1	126	
126	125	8d8327befe6a0ccf	4			yes					-1	-1	-1	-1	
127	124	5feca580b3e8d225	4			yes					-1	-1	-1	-1	
128	124	a18e18cbc1ffa71b	3			yes					129	130	132	
129	128	535271abc6cc8515	5			yes					-1	-1	-1	-1	-1	
130	128	d4dd6d0690139eb0	5			yes					-1	-1	-1	-1	131	
131	130	2d9e778959e5e483	4			yes					-1	-1	-1	-1	
132	128	b856633aea723603	5			yes					-1	-1	-1	-1	133	
133	132	411579b523844c30	4			yes					-1	-1	-1	-1	
134	109	671495f892e67b10	4			yes					-1	-1	135	136	
135	134	1662568d22eac4b8	5			yes					-1	-1	-1	-1	-1	
136	134	10cf2c44e1e1e429	6			yes					137	139	141	-1	143	144	
137	136	0198f04ab02508e2	5			yes					-1	-1	-1	-1	138	
138	137	f8dbeac579d372d1	4			yes					-1	-1	-1	-1	
139	136	f3381e77d9842844	5			yes					-1	-1	-1	-1	140	
140	139	0a7b04f810725277	4			yes					-1	-1	-1	-1	
141	136	0d3415954d8bf3b5	5			yes					-1	-1	-1	-1	142	
142	141	f4770f1a847d8986	4			yes					-1	-1	-1	-1	
143	136	60a46c3dc8d78372	5			yes					-1	-1	-1	-1	-1	
144	136	e98c36cb28179e1a	5			yes					-1	-1	-1	-1	-1	
145	109	48ed6a1ab5f6e3d4	4			yes					-1	-1	-1	146	
146	145	7ac88b2bd5ee8f64	3			yes					147	-1	149	
147	146	a5edb2265443d965	5			yes					-1	148	-1	-1	-1	
148	147	d26c386069a80b28	4			yes					-1	-1	-1	-1	
149	146	a69195b6349d48b3	5			yes					-1	-1	-1	-1	-1	
150	109	04ec6177dd6569a8	4			yes					-1	-1	-1	-1	
151	108	2dafefab7b0f92c8	4			yes					152	158	161	163	
152	151	a3d808829de0ad17	3			yes					153	154	155	
153	152	1e604b9e1df91a27	4			yes					-1	-1	-1	-1	
154	152	8ccae28d662735e8	4			yes					-1	-1	-1	-1	
155	152	91fde9b3fdf8c1a7	2			yes					156	-1	
156	155	d25416d4ab782a6f	5			yes					-1	-1	-1	-1	157	
157	156	2b170c5b628e505c	4			yes					-1	-1	-1	-1	
158	151	04e73605c586548c	3			yes					-1	-1	159	
159	158	f6e79820940e6255	5			yes					160	-1	-1	-1	-1	
160	159	e7b0442ec5ca8e9e	4			yes					-1	-1	-1	-1	
161	151	951adfb6387e952b	3			yes					-1	-1	162	
162	161	e6dc66876891336d	5			yes					-1	-1	-1	-1	-1	
163	151	1f8a0e9a1b17fe78	3			yes					-1	-1	-1	
164	108	2420837dbf2f8ab3	4			yes					165	169	171	172	
165	164	aa57645459c0b56c	3			yes					166	167	168	
166	165	f35dfb896ea7a627	5			yes					-1	-1	-1	-1	-1	
167	165	0f8cbc0fdd7e4eba	5			yes					-1	-1	-1	-1	-1	
168	165	9b223d2704d48b97	5			yes					-1	-1	-1	-1	-1	
169	164	0d685ad301a64cf7	3			yes					-1	170	-1	
170	169	00d2e8f3681d9f07	5			yes					-1	-1	-1	-1	-1	
171	164	8d1d8010809635cb	3			yes					-1	-1	-1	
172	164	0e023dea67df46e3	3			yes					-1	-1	-1	
173	108	f2db710eccda0ccd	5			yes					174	183	190	194	195	
174	173	7cac96272a353312	4			yes					175	176	177	179	
175	174	e24ec2aae102dcc2	4			yes					-1	-1	-1	-1	
176	174	54baa84a8d6dbd91	5			yes					-1	-1	-1	-1	-1	
177	174	af7dfcc7f631c0eb	5			yes					-1	-1	-1	-1	178	
178	177	64a10d8457387ad0	4			yes					-1	-1	-1	-1	
179	174	fe51309f89bb9ff0	3			yes					180	182	-1	
180	179	445eacd122e847f5	5			yes					-1	-1	-1	-1	181	
181	180	bd1db65eeb1e3dc6	4			yes					-1	-1	-1	-1	
182	179	c3ee48861925c431	5			yes					-1	-1	-1	-1	-1	
183	173	db93a8a07253ca89	4			yes					-1	184	186	187	
184	183	17cee3828863cd8d	5			yes					-1	-1	-1	-1	185	
185	184	17430eac467e3449	4			yes					-1	-1	-1	-1	
186	183	dd8f60068698d386	4			yes					-1	-1	-1	-1	
187	183	596e0e18d1dd666b	3			yes					-1	188	189	
188	187	9974c07ebc411c90	5			yes					-1	-1	-1	-1	-1	
189	187	d7dad0e0c35bc423	5			yes					-1	-1	-1	-1	-1	
190	173	5be67263f363b3b5	4			yes					-1	-1	191	192	
191	190	19d5af52f6af7812	5			yes					-1	-1	-1	-1	-1	
192	190	d91bd4db50ed1f57	3			yes					-1	-1	193	
193	192	a06b3cb4709d4088	5			yes					-1	-1	-1	-1	-1	
194	173	8cff9b52c451ea01	4			yes					-1	-1	-1	-1	
195	173	7026d7b66f54a02f	4			yes					-1	-1	-1	-1	
196	0	e41f5b88c2ed8247	5			yes					-1	-1	197	231	240	
197	196	80388f63d8ca2b05	5			yes					198	212	223	227	230	
198	197	0e4f684a3e2514da	4			yes					199	202	203	205	
199	198	3b3037395b98b53c	5			yes					-1	200	201	-1	-1	
200	199	f351a1de2992ae92	4			yes					-1	-1	-1	-1	
201	199	7ac52439dec42c4a	4			yes					-1	-1	-1	-1	
202	198	8d44245e2b24fd65	5			yes					-1	-1	-1	-1	-1	
203	198	d2850c43bddd28f7	5			yes					-1	-1	-1	-1	204	
204	203	4ec1b4ba66cf120f	4			yes					-1	-1	-1	-1	
205	198	32a032be91c99dcb	6			yes					-1	206	208	-1	210	211	
206	205	ca42bb9f19ad6a2b	5			yes					-1	-1	-1	-1	207	
207	206	3301a110d05b1018	4			yes					-1	-1	-1	-1	
208	205	40cbb0a26750d38e	5			yes					-1	-1	-1	-1	209	
209	208	b988aa2daea6a9bd	4			yes					-1	-1	-1	-1	
210	205	129466af05e0a824	5			yes					-1	-1	-1	-1	-1	
211	205	cbe32831583fe7f8	5			yes					-1	-1	-1	-1	-1	
212	197	85959e92610fe56b	4			yes					-1	213	214	216	
213	212	657072d874bbd5dc	5			yes					-1	-1	-1	-1	-1	
214	212	6ca71e497a41262e	5			yes					-1	-1	-1	-1	215	
215	214	f0e3a6b0a1531cd6	4			yes					-1	-1	-1	-1	
216	212	8c8220b456559312	6			yes					217	-1	219	-1	221	222	
217	216	9dd5fcba07917fd9	5			yes					-1	-1	-1	-1	218	
218	217	6496e635ce6705ea	4			yes					-1	-1	-1	-1	
219	216	fee9a2a8a0ccdd57	5			yes					-1	-1	-1	-1	220	
220	219	07aab827693aa764	4			yes					-1	-1	-1	-1	
221	216	acb674a5c27ca6fd	5			yes					-1	-1	-1	-1	-1	
222	216	75c13a3b9fa3e921	5			yes					-1	-1	-1	-1	-1	
223	197	92c2d3ed21260162	4			yes					-1	-1	-1	224	
224	223	a0e732dc413e6dd2	3			yes					225	226	-1	
225	224	628772e791f3134f	5			yes					-1	-1	-1	-1	-1	
226	224	8ab32461ce6c3bf6	5			yes					-1	-1	-1	-1	-1	
227	197	ab054b67c6deb766	4			yes					-1	-1	-1	228	
228	227	56f3b902a28b5a4c	6			yes					-1	-1	-1	-1	-1	229	
229	228	afb0a38d6b7d207f	5			yes					-1	-1	-1	-1	-1	
230	197	b21d6e52b8d247b5	4			yes					-1	-1	-1	-1	
231	196	6e48516c0d60c58c	4			yes					232	236	238	239	
232	231	e03fb645eb8ffa53	3			yes					233	235	-1	
233	232	3dc0587ecca14105	5			yes					-1	-1	-1	-1	234	
234	233	55732434e46bd968	4			yes					-1	-1	-1	-1	
235	232	4a70a48fa1f44529	5			yes					-1	-1	-1	-1	-1	
236	231	6be5409db4a50be2	3			yes					-1	237	-1	
237	236	a244f209fe6b6d90	5			yes					-1	-1	-1	-1	-1	
238	231	4e512e4d94fa19f3	3			yes					-1	-1	-1	
239	231	abc389f9c6b02dce	3			yes					-1	-1	-1	
240	196	0ac7a229ef9dfeff	5			yes					241	251	257	259	260	
241	240	84b045000972c120	4			yes					242	245	246	247	
242	241	23c1dfb228118f3f	5			yes					-1	243	244	-1	-1	
243	242	eba049555a1b9491	4			yes					-1	-1	-1	-1	
244	242	a3f1d30e2361a06a	4			yes					-1	-1	-1	-1	
245	241	2e3cb153d0adc56f	5			yes					-1	-1	-1	-1	-1	
246	241	82275a75fcbac6db	5			yes					-1	-1	-1	-1	-1	
247	241	064de3b8aafc6dc2	3			yes					248	249	250	
248	247	15367e3c6f63ed35	5			yes					-1	-1	-1	-1	-1	
249	247	a08692afe48f1472	5			yes					-1	-1	-1	-1	-1	
250	247	c34ca6ae66feca7f	5			yes					-1	-1	-1	-1	-1	
251	240	0f6ab3d856583091	4			yes					-1	252	253	254	
252	251	c608e7d58f32edd6	5			yes					-1	-1	-1	-1	-1	
253	251	3c05487f3b26c802	5			yes					-1	-1	-1	-1	-1	
254	251	8d971560f5d69c73	3			yes					-1	255	256	
255	254	48b2c429bb103ccb	5			yes					-1	-1	-1	-1	-1	
256	254	7d6eb4a4a162c4a6	5			yes					-1	-1	-1	-1	-1	
257	240	2adedd0876072280	4			yes					-1	-1	-1	258	
258	257	a8237bb0d5898e62	3			yes					-1	-1	-1	
259	240	293e2f41653e812c	4			yes					-1	-1	-1	-1	
260	240	883a04914c13521d	4			yes					-1	-1	-1	-1	
261	0	a006944cb1793082	5			yes					-1	-1	-1	262	281	
262	261	9497f0f9cb94f262	5			yes					263	270	275	278	280	
263	262	1ae017d02d7bcdbd	4			yes					264	266	268	269	
264	263	623c3bf4acd6f616	5			yes					-1	-1	-1	-1	265	
265	264	0a8f47be841c6e7b	4			yes					-1	-1	-1	-1	
266	263	cd0f8928a6b38b42	5			yes					-1	-1	-1	-1	267	
267	266	a5bcf5628e79132f	4			yes					-1	-1	-1	-1	
268	263	8f58f77cc96a3d0d	3			yes					-1	-1	-1	
269	263	cc171ef82259fbaa	5			yes					-1	-1	-1	-1	-1	
270	262	913ae10872513c0c	4			yes					-1	271	273	274	
271	270	253bdfaef92ca3fb	5			yes					-1	-1	-1	-1	272	
272	271	4d88a3e4d1e63b96	4			yes					-1	-1	-1	-1	
273	270	048201a49640ccbc	3			yes					-1	-1	-1	
274	270	a19bc6134657e686	5			yes					-1	-1	-1	-1	-1	
275	262	f5f6067dcb7e11ec	4			yes					-1	-1	276	277	
276	275	2f6e0f1c546ab33e	5			yes					-1	-1	-1	-1	-1	
277	275	4103a675764a2405	5			yes					-1	-1	-1	-1	-1	
278	262	012f10552f8502d2	4			yes					-1	-1	-1	279	
279	278	eabb005c5fc0123f	3			yes					-1	-1	-1	
280	262	7f03e0f0bbd1e28f	4			yes					-1	-1	-1	-1	
281	261	1e01f1fa5091b843	5			yes					282	292	299	302	303	
282	281	907616d3b67e879c	4			yes					283	286	288	289	
283	282	7c3dbc384866382c	5			yes					-1	284	285	-1	-1	
284	283	2a6556e9d43722b2	4			yes					-1	-1	-1	-1	
285	283	3dc8af38cd3aa15a	4			yes					-1	-1	-1	-1	
286	282	d30e0ee442034578	5			yes					-1	-1	287	-1	-1	
287	286	7a9f06b47f82fc64	4			yes					-1	-1	-1	-1	
288	282	f7fabdd74597ba3e	4			yes					-1	-1	-1	-1	
289	282	128bb06b15f02b7e	3			yes					290	291	-1	
290	289	4aca1db60f145a26	5			yes					-1	-1	-1	-1	-1	
291	289	e5f9af6a05712772	5			yes					-1	-1	-1	-1	-1	
292	281	1bace00be954762d	4			yes					-1	293	296	297	
293	292	3b3a58621d9c6dc1	5			yes					294	-1	295	-1	-1	
294	293	2a6d846c4c58810a	4			yes					-1	-1	-1	-1	
295	293	92ab5032201dd4dd	4			yes					-1	-1	-1	-1	
296	292	519867c956f54808	4			yes					-1	-1	-1	-1	
297	292	995146b34adadacf	3			yes					-1	298	-1	
298	297	0dcdf9ec5aee0fcb	5			yes					-1	-1	-1	-1	-1	
299	281	7f60077e507b5bcd	4			yes					-1	-1	300	301	
300	299	39b7eab4bcdba610	4			yes					-1	-1	-1	-1	
301	299	fd9da1c6f3f5f72f	3			yes					-1	-1	-1	
302	281	6846a6e4fc4ebedd	4			yes					-1	-1	-1	-1	
303	281	9cfc5742f31f14a1	4			yes					-1	-1	-1	-1	
304	0	f5db7652a07d83c4	5			yes					-1	-1	-1	-1	305	
305	304	3a2d7b073a6e730d	4			yes					306	312	318	325	
306	305	8d50c2e4f58ad55b	4			yes					307	309	311	-1	
307	306	cff956b0115ebe3a	3			yes					-1	308	-1	
308	307	9550f8f0e9d410e0	5			yes					-1	-1	-1	-1	-1	
309	306	cc4bb56e1ad6a2f9	3			yes					-1	310	-1	
310	309	bdbcb943b1b2a1b8	5			yes					-1	-1	-1	-1	-1	
311	306	ba3842a614c39fc0	3			yes					-1	-1	-1	
312	305	b7889c927894c5e0	4			yes					313	316	317	-1	
313	312	39ff7bbb9e7bfa3f	3			yes					314	315	-1	
314	313	12173fb4b3d7fd74	5			yes					-1	-1	-1	-1	-1	
315	313	0b12e1f1a52a429a	5			yes					-1	-1	-1	-1	-1	
316	312	9ec0453cc61d03a4	3			yes					-1	-1	-1	
317	312	1eb59fff472d7a98	3			yes					-1	-1	-1	
318	305	73ae91f990ef8d1c	4			yes					319	322	324	-1	
319	318	fdd976d07600b2c3	3			yes					320	321	-1	
320	319	395e0580b4f54d25	5			yes					-1	-1	-1	-1	-1	
321	319	ab3a60b27c841e7a	5			yes					-1	-1	-1	-1	-1	
322	318	76038008292a4372	3			yes					-1	323	-1	
323	322	430e3634231b36c3	5			yes					-1	-1	-1	-1	-1	
324	318	53b7eed809755163	3			yes					-1	-1	-1	
325	305	5249e129179543f6	5			yes					326	329	331	332	-1	
326	325	dc3e0600f17a7c29	4			yes					327	328	-1	-1	
327	326	66a2660ad482fa36	5			yes					-1	-1	-1	-1	-1	
328	326	c991d4d6dee78762	5			yes					-1	-1	-1	-1	-1	
329	325	57e4f0d8ae508d98	4			yes					-1	330	-1	-1	
330	329	21a582508178afdb	5			yes					-1	-1	-1	-1	-1	
331	325	332817ad177fa078	4			yes					-1	-1	-1	-1	
332	325	c7f10185f384b346	4			yes					-1	-1	-1	-1	
333	0	d5d9802015a8cfa1	5			yes					-1	-1	-1	-1	-1	
