Number of nodes
298
ID	PID	Hash_Value			File_Number	Fully_Enumerated	Children
0	-1	75629722c6856874	6			yes					1	87	158	221	264	297	
1	0	15b190ff9b785534	5			yes					2	37	46	56	67	
2	1	6c0a130336ee7fff	5			yes					3	12	25	33	36	
3	2	aa66586ab2e08013	4			yes					4	5	7	8	
4	3	03ed616d5fefbd73	4			yes					-1	-1	-1	-1	
5	3	59aed01331ab90e3	4			yes					-1	6	-1	-1	
6	5	c56293f4f361739b	3			yes					-1	-1	-1	
7	3	7aefc96e6a29ce21	4			yes					-1	-1	-1	-1	
8	3	996893387967ab4a	3			yes					9	10	11	
9	8	06ae1ba3fa3229bb	4			yes					-1	-1	-1	-1	
10	8	ad57b7cabe548121	4			yes					-1	-1	-1	-1	
11	8	e8ebd0f880ecd4f5	4			yes					-1	-1	-1	-1	
12	2	b3791f08046b12ec	4			yes					-1	13	17	21	
13	12	7ffc976dc8889d30	5			yes					14	15	-1	-1	16	
14	13	24df3944936c7419	4			yes					-1	-1	-1	-1	
15	13	2e1943d0f72d7ea4	4			yes					-1	-1	-1	-1	
16	13	2ab11be940d3d8a2	4			yes					-1	-1	-1	-1	
17	12	332b91f6870ada83	5			yes					18	19	-1	20	-1	
18	17	68083fdfdcee33aa	4			yes					-1	-1	-1	-1	
19	17	62ce454bb8af3917	4			yes					-1	-1	-1	-1	
20	17	ffc897b23497b72c	4			yes					-1	-1	-1	-1	
21	12	2cb8ae5a25c3dd8c	5			yes					22	23	-1	-1	24	
22	21	779b00737e2734a5	4			yes					-1	-1	-1	-1	
23	21	7d5d7ae71a663e18	4			yes					-1	-1	-1	-1	
24	21	5aa1597cc2d49636	4			yes					-1	-1	-1	-1	
25	2	cb48a33474e3b86a	4			yes					-1	-1	26	30	
26	25	468b14aaedc414b8	5			yes					27	28	-1	-1	29	
27	26	1da8ba83b620fd91	4			yes					-1	-1	-1	-1	
28	26	10ab59df6001583b	4			yes					-1	-1	-1	-1	
29	26	affd7bc48876fc5a	4			yes					-1	-1	-1	-1	
30	25	f8466866bf649333	3			yes					-1	31	32	
31	30	e68fcdc4890ca068	5			yes					-1	-1	-1	-1	-1	
32	30	74c913cc0ccc13d8	5			yes					-1	-1	-1	-1	-1	
33	2	8d533c073f017e33	4			yes					-1	-1	-1	34	
34	33	be5df755f486556a	3			yes					-1	35	-1	
35	34	a811a19bbf80d1c5	5			yes					-1	-1	-1	-1	-1	
36	2	5f04d851fd6954a6	4			yes					-1	-1	-1	-1	
37	1	618ec9654694029c	4			yes					38	41	43	45	
38	37	71e75e88d89474a9	3			yes					-1	-1	39	
39	38	657044f1160bfc9d	5			yes					-1	40	-1	-1	-1	
40	39	b11b9c4576999917	4			yes					-1	-1	-1	-1	
41	37	da9539ee4692e79f	3			yes					-1	-1	42	
42	41	8d8a2bfcfa7b0ec6	5			yes					-1	-1	-1	-1	-1	
43	37	987cac345581b86f	3			yes					-1	-1	44	
44	43	ab7267669e069336	2			yes					-1	-1	
45	37	528002378d1329c5	3			yes					-1	-1	-1	
46	1	cf187fa721482d13	4			yes					47	50	53	55	
47	46	df71e84abf485b26	3			yes					48	-1	49	
48	47	1abe1dfe6978b577	4			yes					-1	-1	-1	-1	
49	47	2de93ed0a6fb4970	5			yes					-1	-1	-1	-1	-1	
50	46	09022b1b13a9cbe5	3			yes					-1	-1	51	
51	50	3a0ce049d82ee0bc	2			yes					52	-1	
52	51	8624fc99933409c8	4			yes					-1	-1	-1	-1	
53	46	e57d08036766bb9a	3			yes					-1	-1	54	
54	53	a787b483534b9a7b	5			yes					-1	-1	-1	-1	-1	
55	46	fc16b4f5eacf064a	3			yes					-1	-1	-1	
56	1	4bf6be642144e228	4			yes					57	61	64	66	
57	56	5b9f2989bf44941d	3			yes					58	60	-1	
58	57	fd03d1e67a436cc5	6			yes					-1	-1	-1	-1	-1	59	
59	58	30ceb59e839fdb12	5			yes					-1	-1	-1	-1	-1	
60	57	8f52f09d31bbf695	5			yes					-1	-1	-1	-1	-1	
61	56	8decead813a504de	3			yes					-1	62	-1	
62	61	7e922826c502b035	6			yes					-1	-1	-1	-1	-1	63	
63	62	b35f4c5e3cde07e2	5			yes					-1	-1	-1	-1	-1	
64	56	ecb40e53634925bd	3			yes					-1	-1	65	
65	64	aaf2499325b600af	5			yes					-1	-1	-1	-1	-1	
66	56	71317366eeec5756	3			yes					-1	-1	-1	
67	1	338fe3458412d324	5			yes					68	76	82	85	86	
68	67	23e674a81a12a511	4			yes					69	70	72	73	
69	68	8c6ad15271accdb4	5			yes					-1	-1	-1	-1	-1	
70	68	020aa3eb7b4b493e	5			yes					-1	-1	-1	-1	71	
71	70	4dd98d2535f74524	4			yes					-1	-1	-1	-1	
72	68	3a7220c9639ae96e	4			yes					-1	-1	-1	-1	
73	68	8001cb8f790320af	3			yes					74	75	-1	
74	73	7bbd65ec4190d32b	5			yes					-1	-1	-1	-1	-1	
75	73	716fb3ae64d2e5f4	5			yes					-1	-1	-1	-1	-1	
76	67	f595b7f9b6f335d2	4			yes					-1	77	78	79	
77	76	54a4240368fd53ee	5			yes					-1	-1	-1	-1	-1	
78	76	978a8c5fc5590233	5			yes					-1	-1	-1	-1	-1	
79	76	567208ded5e2b06c	3			yes					-1	80	81	
80	79	004ae23f7c91ee21	5			yes					-1	-1	-1	-1	-1	
81	79	31ca19ca1b25152d	5			yes					-1	-1	-1	-1	-1	
82	67	94cd5372c61f14b1	4			yes					-1	-1	83	84	
83	82	de716a41d9362edf	5			yes					-1	-1	-1	-1	-1	
84	82	372aec55a50e910f	3			yes					-1	-1	-1	
85	67	d2d6cc418dfdd2e8	4			yes					-1	-1	-1	-1	
86	67	90685c62e703569a	4			yes					-1	-1	-1	-1	
87	0	95673276150cf42d	5			yes					-1	88	120	128	139	
88	87	c589b51cb6b8665e	5			yes					89	102	108	116	119	
89	88	4351eb7fd4fa4dfe	4			yes					90	91	95	98	
90	89	31c0536a7770f4ef	5			yes					-1	-1	-1	-1	-1	
91	89	ae61999f7dd6e79b	5			yes					-1	92	-1	93	94	
92	91	0c4167180039cdb4	4			yes					-1	-1	-1	-1	
93	91	3d724f3601f01ef8	4			yes					-1	-1	-1	-1	
94	91	3d3d7bc899545934	4			yes					-1	-1	-1	-1	
95	89	82e8106b0fb530d9	5			yes					-1	96	-1	-1	97	
96	95	20c8eeec725a1af6	4			yes					-1	-1	-1	-1	
97	95	6b9e7f056a07d83b	4			yes					-1	-1	-1	-1	
98	89	705f202d1f7d66a7	3			yes					99	100	101	
99	98	5b8035a1b3da372e	5			yes					-1	-1	-1	-1	-1	
100	98	018b4543c871f9e4	5			yes					-1	-1	-1	-1	-1	
101	98	b0aa170deebd37b9	5			yes					-1	-1	-1	-1	-1	
102	88	1a2ba39521451e01	4			yes					-1	103	104	105	
103	102	ea6042f7d44044a4	5			yes					-1	-1	-1	-1	-1	
104	102	9c2aec97e9716677	4			yes					-1	-1	-1	-1	
105	102	292568c7eac23558	3			yes					-1	106	107	
106	105	458a9e2b61e75adb	5			yes					-1	-1	-1	-1	-1	
107	105	0e2ef50103b47ca3	4			yes					-1	-1	-1	-1	
108	88	8b2dacbc37d7796a	4			yes					-1	-1	109	110	
109	108	36344f447f0fa115	5			yes					-1	-1	-1	-1	-1	
110	108	0b61c653e5d38d09	6			yes					111	112	113	-1	114	115	
111	110	45b9a4d0bcd41aca	5			yes					-1	-1	-1	-1	-1	
112	110	5d418b266816c18a	5			yes					-1	-1	-1	-1	-1	
113	110	184813c63d973f0b	5			yes					-1	-1	-1	-1	-1	
114	110	d18acd5706c1a869	5			yes					-1	-1	-1	-1	-1	
115	110	37d7f8d8b4f62dd9	5			yes					-1	-1	-1	-1	-1	
116	88	24d09a18bf576792	4			yes					-1	-1	-1	117	
117	116	17de514a74d04ccb	3			yes					-1	-1	118	
118	117	047648229e07a675	5			yes					-1	-1	-1	-1	-1	
119	88	f6877e4e7d3f4d07	4			yes					-1	-1	-1	-1	
120	87	239fd16a7db40165	4			yes					121	124	126	127	
121	120	a5478f091ff62ac5	3			yes					122	-1	123	
122	121	65c44dddf0ed42d5	4			yes					-1	-1	-1	-1	
123	121	01626114f90e4a65	2			yes					-1	-1	
124	120	e63de42ad1a6b9ea	3			yes					-1	-1	125	
125	124	05ecab6ea5594007	6			yes					-1	-1	-1	-1	-1	-1	
126	120	e75f853e28a8f38f	3			yes					-1	-1	-1	
127	120	87ba3f779b4c61c5	3			yes					-1	-1	-1	
128	87	1ba561cd737eb819	4			yes					129	135	137	138	
129	128	9d7d3fae113c93b9	3			yes					130	132	134	
130	129	a2d34c253ff03c8d	6			yes					-1	-1	-1	-1	-1	131	
131	130	6f1e285dc62c8b5a	5			yes					-1	-1	-1	-1	-1	
132	129	e1ee5f7ef77345cf	6			yes					-1	-1	-1	-1	-1	133	
133	132	2c233b060eaff218	5			yes					-1	-1	-1	-1	-1	
134	129	5dee6527d7bc7e78	5			yes					-1	-1	-1	-1	-1	
135	128	de07548ddf6c0096	3			yes					-1	136	-1	
136	135	0d17aced421a2ddc	5			yes					-1	-1	-1	-1	-1	
137	128	79bda62101f82651	3			yes					-1	-1	-1	
138	128	2162accfbcd60d67	3			yes					-1	-1	-1	
139	87	63dc3cecd6288915	5			yes					140	147	152	156	157	
140	139	e504628fb46aa2b5	4			yes					141	142	143	144	
141	140	d3ba4c91341f9dfc	5			yes					-1	-1	-1	-1	-1	
142	140	9f6154c386d57881	5			yes					-1	-1	-1	-1	-1	
143	140	296d46f52b3c5008	5			yes					-1	-1	-1	-1	-1	
144	140	46e3dda8d77b270b	3			yes					145	146	-1	
145	144	246df82f04238363	5			yes					-1	-1	-1	-1	-1	
146	144	13ae828e85f11cba	5			yes					-1	-1	-1	-1	-1	
147	139	a67e09ac7a3a319a	4			yes					-1	148	149	150	
148	147	b607603b5012ca7b	5			yes					-1	-1	-1	-1	-1	
149	147	1aa7a64adc70fb9e	4			yes					-1	-1	-1	-1	
150	147	0599b68b192bb424	3			yes					-1	151	-1	
151	150	c562707e4f8b66b1	5			yes					-1	-1	-1	-1	-1	
152	139	01c4fb00a4ae175d	4			yes					-1	-1	153	154	
153	152	38b99700bafded66	5			yes					-1	-1	-1	-1	-1	
154	152	a2234427c7bf92e3	3			yes					-1	-1	155	
155	154	4c3ab4d2467dc316	5			yes					-1	-1	-1	-1	-1	
156	139	828513e8dfc788d9	4			yes					-1	-1	-1	-1	
157	139	c03b83cbb5390cab	4			yes					-1	-1	-1	-1	
158	0	bb748cdf98e92ab4	5			yes					-1	-1	159	186	197	
159	158	638e5b6a78ad3aae	5			yes					160	174	181	183	185	
160	159	e55605091aef110e	4			yes					161	164	165	168	
161	160	c340fc9077787995	5			yes					-1	162	163	-1	-1	
162	161	d6564ddabb734a2c	4			yes					-1	-1	-1	-1	
163	161	b9ef3bce4761a528	4			yes					-1	-1	-1	-1	
164	160	7b23a60ed640a5a6	5			yes					-1	-1	-1	-1	-1	
165	160	e6c3707564e9b7bc	5			yes					-1	-1	166	167	-1	
166	165	074470033ffedfbc	4			yes					-1	-1	-1	-1	
167	165	7f41b9ebe7b508bf	4			yes					-1	-1	-1	-1	
168	160	d658ce5bd1683a57	3			yes					169	172	173	
169	168	a9009a5bb3d2ba54	5			yes					-1	170	171	-1	-1	
170	169	bc162b117fd989ed	4			yes					-1	-1	-1	-1	
171	169	d3af5d0583cb66e9	4			yes					-1	-1	-1	-1	
172	168	d4c97ad263e7bbd9	5			yes					-1	-1	-1	-1	-1	
173	168	7df940185c63bcfa	5			yes					-1	-1	-1	-1	-1	
174	159	500549cc7832d62a	4			yes					-1	175	176	178	
175	174	fd63ea3cc7d22404	5			yes					-1	-1	-1	-1	-1	
176	174	faf80337d2fbd9e6	5			yes					-1	-1	-1	177	-1	
177	176	637acaa951a766e5	4			yes					-1	-1	-1	-1	
178	174	630b829eb3b5fd73	3			yes					-1	179	180	
179	178	528936e072753a7b	5			yes					-1	-1	-1	-1	-1	
180	178	61c2335aea71d2a0	5			yes					-1	-1	-1	-1	-1	
181	159	6704a893a0b5edb1	4			yes					-1	-1	-1	182	
182	181	540a63c16b32c6e8	3			yes					-1	-1	-1	
183	159	82d7746e71423b62	4			yes					-1	-1	-1	184	
184	183	b1d9bf3cbac5103b	3			yes					-1	-1	-1	
185	159	50809038b32a11f7	4			yes					-1	-1	-1	-1	
186	158	7cd058824c0a6085	4			yes					187	193	195	196	
187	186	fa0806e12e484b25	3			yes					188	192	-1	
188	187	17af55a3f60fff7e	6			yes					-1	-1	-1	-1	189	191	
189	188	b9e3ece8b22df49e	5			yes					-1	-1	-1	-1	190	
190	189	742e88904bf14349	4			yes					-1	-1	-1	-1	
191	188	da6231db0fd348a9	5			yes					-1	-1	-1	-1	-1	
192	187	be8f6c545fb1dcc6	5			yes					-1	-1	-1	-1	-1	
193	186	4f5b4a244c958c01	3			yes					-1	194	-1	
194	193	38cf20664e235d64	5			yes					-1	-1	-1	-1	-1	
195	186	56d1ac4ba71d63e4	3			yes					-1	-1	-1	
196	186	9f52b80c89cac445	3			yes					-1	-1	-1	
197	158	57f075576ecc4d8e	5			yes					198	209	216	219	220	
198	197	d1282b340c8e662e	4			yes					199	202	204	205	
199	198	66c65517fde05e0f	5			yes					-1	200	201	-1	-1	
200	199	73d0e45d31eb6db6	4			yes					-1	-1	-1	-1	
201	199	2478e9bbb3f77876	4			yes					-1	-1	-1	-1	
202	198	fb056ccd4607773a	5			yes					-1	-1	-1	-1	203	
203	202	b4d6420308bb7b20	4			yes					-1	-1	-1	-1	
204	198	aa791805617a2068	5			yes					-1	-1	-1	-1	-1	
205	198	72cf94136f9fe390	3			yes					206	207	208	
206	205	9111e1a9cddc4090	5			yes					-1	-1	-1	-1	-1	
207	205	88607c88599edbf0	5			yes					-1	-1	-1	-1	-1	
208	205	7050ea20733bf0b0	5			yes					-1	-1	-1	-1	-1	
209	197	647b67f16e53a10a	4			yes					-1	210	212	213	
210	209	7d4520ff5795f698	5			yes					-1	-1	-1	-1	211	
211	210	32960e311929fa82	4			yes					-1	-1	-1	-1	
212	209	b6426b47d7684e32	5			yes					-1	-1	-1	-1	-1	
213	209	c79cd8d60d4224b4	3			yes					-1	214	215	
214	213	0e2030ba480c5a52	5			yes					-1	-1	-1	-1	-1	
215	213	6c6b9962c5299eea	5			yes					-1	-1	-1	-1	-1	
216	197	7df1819e85db4eef	4			yes					-1	-1	217	218	
217	216	d13cc5f3fb95fff3	4			yes					-1	-1	-1	-1	
218	216	de163eb9e6cacb51	3			yes					-1	-1	-1	
219	197	3cb5072beadb41fb	4			yes					-1	-1	-1	-1	
220	197	f417ca700dddc830	4			yes					-1	-1	-1	-1	
221	0	c42a31313436369a	5			yes					-1	-1	-1	222	241	
222	221	bb1a193dca165cdc	5			yes					223	231	236	238	240	
223	222	3dc2475ea854777c	4			yes					224	226	-1	228	
224	223	0c91f0f75d59fc73	5			yes					-1	-1	-1	-1	225	
225	224	a2dd49bc197bf793	4			yes					-1	-1	-1	-1	
226	223	c5f243e08f5e2181	5			yes					-1	-1	-1	-1	227	
227	226	6bbefaabcb7c2a61	4			yes					-1	-1	-1	-1	
228	223	f4619f90c36b1bb0	3			yes					229	230	-1	
229	228	bb5a2c3a19d89793	5			yes					-1	-1	-1	-1	-1	
230	228	72399f2dcbdf4a61	5			yes					-1	-1	-1	-1	-1	
231	222	88910b9bca89b058	4			yes					-1	232	-1	234	
232	231	43b20fd29ecca023	5			yes					-1	-1	-1	-1	233	
233	232	edfeb699daeeabc3	4			yes					-1	-1	-1	-1	
234	231	4132d355a1b6dc94	3			yes					-1	235	-1	
235	234	f479d31fda4dcbc3	5			yes					-1	-1	-1	-1	-1	
236	222	a7f6732ac73f1598	4			yes					-1	-1	-1	237	
237	236	6e55abe4ac007954	3			yes					-1	-1	-1	
238	222	601cfe1c04cbe2ac	4			yes					-1	-1	-1	239	
239	238	a9bf26d26ff48e60	3			yes					-1	-1	-1	
240	222	72b9c1f3a1293010	4			yes					-1	-1	-1	-1	
241	221	203dee514acb9d57	5			yes					242	252	259	262	263	
242	241	a6e5b0322889b6f7	4			yes					243	246	248	249	
243	242	b035943baf6aead5	5			yes					-1	244	245	-1	-1	
244	243	4bc19faf4fe59772	4			yes					-1	-1	-1	-1	
245	243	ca9a53659f733668	4			yes					-1	-1	-1	-1	
246	242	7956272c7d6d3727	5			yes					-1	-1	247	-1	-1	
247	246	cfa80bb47c4ff5bc	4			yes					-1	-1	-1	-1	
248	242	11197cef98478d1d	4			yes					-1	-1	-1	-1	
249	242	05020f154b983349	3			yes					250	251	-1	
250	249	47e220859f56f44a	5			yes					-1	-1	-1	-1	-1	
251	249	8e8193924d5129b8	5			yes					-1	-1	-1	-1	-1	
252	241	13b6fcf74a5471d3	4			yes					-1	253	256	257	
253	252	ff166b1e6cffb685	5			yes					254	-1	255	-1	-1	
254	253	b1ce099d35f82146	4			yes					-1	-1	-1	-1	
255	253	49e847866ddd741e	4			yes					-1	-1	-1	-1	
256	252	be57cc528bebdec3	5			yes					-1	-1	-1	-1	-1	
257	252	b05143d02945f46d	3			yes					-1	258	-1	
258	257	08c1dfa05cc3a81a	5			yes					-1	-1	-1	-1	-1	
259	241	3cd1844647e2d413	4			yes					-1	-1	260	261	
260	259	c09758eff13793df	4			yes					-1	-1	-1	-1	
261	259	9f363b6124f351ad	3			yes					-1	-1	-1	
262	241	0a5899f50ce50bde	4			yes					-1	-1	-1	-1	
263	241	83da517629da18e9	4			yes					-1	-1	-1	-1	
264	0	a00008538b088c27	5			yes					-1	-1	-1	-1	265	
265	264	ff881f6722abbd37	4			yes					266	273	281	289	
266	265	423a0968296cb5f2	4			yes					267	269	272	-1	
267	266	52539e85b76cc3c7	3			yes					-1	268	-1	
268	267	e5623fd52e66f0c2	5			yes					-1	-1	-1	-1	-1	
269	266	84205dd41b8d5304	3			yes					-1	270	-1	
270	269	996eb97f0b073db2	6			yes					-1	-1	-1	-1	-1	271	
271	270	54a3dd07f2db8a65	5			yes					-1	-1	-1	-1	-1	
272	266	e578b95f6b617267	3			yes					-1	-1	-1	
273	265	1269d6c17b56efc3	4			yes					274	279	280	-1	
274	273	94b188a21914c463	3			yes					275	277	-1	
275	274	452fdd7cf1f5b10a	6			yes					-1	-1	-1	-1	-1	276	
276	275	88e2b904082906dd	5			yes					-1	-1	-1	-1	-1	
277	274	0612ce273976c848	6			yes					-1	-1	-1	-1	-1	278	
278	277	cbdfaa5fc0aa7f9f	5			yes					-1	-1	-1	-1	-1	
279	273	d7cbe381d744574c	3			yes					-1	-1	-1	
280	273	7071112d09d0718b	3			yes					-1	-1	-1	
281	265	8f6ab0cf61c9815e	4			yes					282	286	288	-1	
282	281	09b2eeac038baafe	3			yes					283	285	-1	
283	282	f053c4fa380a72f9	6			yes					-1	-1	-1	-1	-1	284	
284	283	3d9ea082c1d6c52e	5			yes					-1	-1	-1	-1	-1	
285	282	d4bfa31c406cda91	5			yes					-1	-1	-1	-1	-1	
286	281	bce1a26961566dda	3			yes					-1	287	-1	
287	286	52ffef2e51fe5b33	5			yes					-1	-1	-1	-1	-1	
288	281	a56b44068ade823f	3			yes					-1	-1	-1	
289	265	164d00dbf79533d0	5			yes					290	293	295	296	-1	
290	289	90955eb895d71870	4			yes					291	292	-1	-1	
291	290	eb6d61ae935c71f4	5			yes					-1	-1	-1	-1	-1	
292	290	220ed2b9415bac06	5			yes					-1	-1	-1	-1	-1	
293	289	25c6127df70adf54	4			yes					-1	294	-1	-1	
294	293	a44e9e8b50c92da4	5			yes					-1	-1	-1	-1	-1	
295	289	0aa16accfabc7a94	4			yes					-1	-1	-1	-1	
296	289	cd4be7fa39488da0	4			yes					-1	-1	-1	-1	
297	0	2aea80166f265964	5			yes					-1	-1	-1	-1	-1	
