Number of nodes
573
ID	PID	Hash_Value			File_Number	Fully_Enumerated	Children
0	-1	d3f5c082deff643a	6			yes					1	188	325	436	528	572	
1	0	823ed5409fdba637	5			yes					2	71	103	134	155	
2	1	094428fce9bc2c48	5			yes					3	17	39	59	70	
3	2	873b0e849a111b8e	4			yes					4	6	9	14	
4	3	10825170126f76b1	5			yes					-1	-1	-1	-1	5	
5	4	767de1d0f8fb9a3e	4			yes					-1	-1	-1	-1	
6	3	52cc7f038dcd7749	5			yes					-1	7	-1	-1	8	
7	6	cd8536bd8a96772c	4			yes					-1	-1	-1	-1	
8	6	191a7b7e4f4a352c	4			yes					-1	-1	-1	-1	
9	3	d8173362f969f0a3	3			yes					10	11	12	
10	9	74f03607b5d123fd	4			yes					-1	-1	-1	-1	
11	9	a26b55d67381abe1	4			yes					-1	-1	-1	-1	
12	9	d7baff6214c600d7	5			yes					-1	-1	-1	-1	13	
13	12	d22f01fef6e17ced	4			yes					-1	-1	-1	-1	
14	3	a252d5fa3e2c15d3	3			yes					15	16	-1	
15	14	f8358c54bc10f428	4			yes					-1	-1	-1	-1	
16	14	2b3f12da33190de1	5			yes					-1	-1	-1	-1	-1	
17	2	9d85c949dc4e96d2	4			yes					-1	18	25	32	
18	17	ea4b74a18f756ef1	5			yes					19	21	22	23	24	
19	18	944d25c5b8cc698e	4			yes					20	-1	-1	-1	
20	19	43a37c2abf2f84f9	3			yes					-1	-1	-1	
21	18	3da52d4e88968386	4			yes					-1	-1	-1	-1	
22	18	ea5648b93df00b3a	4			yes					-1	-1	-1	-1	
23	18	abd1517365d7df4b	4			yes					-1	-1	-1	-1	
24	18	e86f1141687d3e79	4			yes					-1	-1	-1	-1	
25	17	3544d82201520d18	5			yes					26	28	29	30	31	
26	25	4b42894636eb0a67	4			yes					27	-1	-1	-1	
27	26	9cacd0a93108e710	3			yes					-1	-1	-1	
28	25	e2aa81cd06b1e06f	4			yes					-1	-1	-1	-1	
29	25	04549d969cf611a8	4			yes					-1	-1	-1	-1	
30	25	0bb606d75a676381	4			yes					-1	-1	-1	-1	
31	25	a60a93caf6cb9821	4			yes					-1	-1	-1	-1	
32	17	b98162710893dacd	5			yes					33	35	36	37	38	
33	32	c78733153f2addb2	4			yes					34	-1	-1	-1	
34	33	10696afa38c930c5	3			yes					-1	-1	-1	
35	32	6e6f3b9e0f7037ba	4			yes					-1	-1	-1	-1	
36	32	889127c59537c67d	4			yes					-1	-1	-1	-1	
37	32	b632bc16e00698e1	4			yes					-1	-1	-1	-1	
38	32	974b9358456bb494	4			yes					-1	-1	-1	-1	
39	2	60fb2155811a682c	4			yes					-1	-1	40	47	
40	39	e3dfbbf3c7028504	5			yes					41	43	44	45	46	
41	40	9dd9ea97f0bb827b	4			yes					42	-1	-1	-1	
42	41	4a37b378f7586f0c	3			yes					-1	-1	-1	
43	40	3431e21cc0e16873	4			yes					-1	-1	-1	-1	
44	40	7c96f24dc0598561	4			yes					-1	-1	-1	-1	
45	40	a5ef0addc0987f54	4			yes					-1	-1	-1	-1	
46	40	7091f01b309b103d	4			yes					-1	-1	-1	-1	
47	39	6a8bfcff879a2304	6			yes					48	52	55	-1	57	58	
48	47	148dad9bb023247b	5			yes					49	50	-1	-1	51	
49	48	c363f474b7c0c90c	4			yes					-1	-1	-1	-1	
50	48	8bc4e425b778241e	4			yes					-1	-1	-1	-1	
51	48	ea5e02324556511d	4			yes					-1	-1	-1	-1	
52	47	bd65a5108079ce73	5			yes					-1	-1	-1	-1	54	
53	52	222cecae8722ce16	4			yes					-1	-1	-1	-1	
54	52	43b60ab9750cbb15	4			yes					-1	-1	-1	-1	
55	47	f5c2b54180c12361	5			yes					-1	-1	-1	-1	56	
56	55	0b111ae875b45607	4			yes					-1	-1	-1	-1	
57	47	f501bdbc4737520f	5			yes					-1	-1	-1	-1	-1	
58	47	9458535672ef5662	5			yes					-1	-1	-1	-1	-1	
59	2	5668151a8ac4c765	4			yes					-1	-1	-1	60	
60	59	960e1147a0452e32	6			yes					61	63	65	67	-1	69	
61	60	e808402397fc294d	5			yes					-1	-1	-1	-1	62	
62	61	ed9dbebf75db5577	4			yes					-1	-1	-1	-1	
63	60	41e048a8a7a6c345	5			yes					-1	-1	-1	-1	64	
64	63	4475b6344581bf7f	4			yes					-1	-1	-1	-1	
65	60	094758f9a71e2e57	5			yes					-1	-1	-1	-1	66	
66	65	0cd2a6654539526d	4			yes					-1	-1	-1	-1	
67	60	3df1f503fc0f6327	5			yes					-1	-1	-1	-1	68	
68	67	38640b9f1e281f1d	4			yes					-1	-1	-1	-1	
69	60	939befdb42625208	5			yes					-1	-1	-1	-1	-1	
70	2	2c2df3824d812215	4			yes					-1	-1	-1	-1	
71	1	9343df4b37fc9d03	4			yes					72	82	91	102	
72	71	c4fe9bdaefeb47e7	3			yes					73	74	78	
73	72	e5991583803fb06f	4			yes					-1	-1	-1	-1	
74	72	2d97907ad92e8825	5			yes					-1	75	76	-1	77	
75	74	b0322b3d76db23cf	4			yes					-1	-1	-1	-1	
76	74	8668743e8564c530	4			yes					-1	-1	-1	-1	
77	74	34790aaeaf519091	4			yes					-1	-1	-1	-1	
78	72	4187e4f1af563d75	5			yes					-1	79	80	-1	81	
79	78	dc225fb600a3969f	4			yes					-1	-1	-1	-1	
80	78	ea7800b5f31c7060	4			yes					-1	-1	-1	-1	
81	78	2a0fa87e128a72ae	4			yes					-1	-1	-1	-1	
82	71	2df8a2091f523f94	3			yes					-1	83	87	
83	82	acd35d10e28add00	5			yes					84	85	-1	-1	86	
84	83	d2d50c74d533da7f	4			yes					-1	-1	-1	-1	
85	83	ab661105a52b892d	4			yes					-1	-1	-1	-1	
86	83	b53dc7c494f5c5b4	4			yes					-1	-1	-1	-1	
87	82	c0c3299b94f26850	5			yes					88	89	-1	-1	90	
88	87	bec578ffa34b6f2f	4			yes					-1	-1	-1	-1	
89	87	c776658ed3533c7d	4			yes					-1	-1	-1	-1	
90	87	ab4b6514292e278b	4			yes					-1	-1	-1	-1	
91	71	cc6fe2ad5484762e	3			yes					-1	-1	92	
92	91	44b9f64448a93ce7	6			yes					93	95	97	99	-1	101	
93	92	3abfa7207f103b98	5			yes					-1	-1	-1	-1	94	
94	93	3f2a59bc9d3747a2	4			yes					-1	-1	-1	-1	
95	92	430cba510f0868ca	5			yes					-1	-1	-1	-1	96	
96	95	469944cded2f14f0	4			yes					-1	-1	-1	-1	
97	92	d91c4d03e75c970d	5			yes					-1	-1	-1	-1	98	
98	97	dc89b39f057beb37	4			yes					-1	-1	-1	-1	
99	92	ef46120014e371f2	5			yes					-1	-1	-1	-1	100	
100	99	ead3ec9cf6c40dc8	4			yes					-1	-1	-1	-1	
101	92	412c08d8aa8e40dd	5			yes					-1	-1	-1	-1	-1	
102	71	b62a043593c1935e	3			yes					-1	-1	-1	
103	1	5b630344a7369c66	4			yes					104	113	131	133	
104	103	0cde47d57f214682	3			yes					105	108	109	
105	104	b1125aca247dae83	5			yes					-1	106	-1	-1	107	
106	105	ac14522bc9799792	4			yes					-1	-1	-1	-1	
107	105	2eb705210ac68873	4			yes					-1	-1	-1	-1	
108	104	35f6b5468be32c61	4			yes					-1	-1	-1	-1	
109	104	8fdb776a9f96a160	5			yes					-1	110	111	-1	112	
110	109	10923ed498cda105	4			yes					-1	-1	-1	-1	
111	109	e894f24c5bb2dbef	4			yes					-1	-1	-1	-1	
112	109	e4533be5224aeebb	4			yes					-1	-1	-1	-1	
113	103	cfa2e2f192c426fc	3			yes					-1	114	118	
114	113	5242f383006b858b	5			yes					115	116	-1	-1	117	
115	114	2c44a2e737d282f4	4			yes					-1	-1	-1	-1	
116	114	55f7bf9647cad1a6	4			yes					-1	-1	-1	-1	
117	114	763f9e1f67607d10	4			yes					-1	-1	-1	-1	
118	113	5b8416d92b47e86f	6			yes					119	122	124	126	127	129	
119	118	258247bd1cfeef10	5			yes					120	-1	-1	-1	121	
120	119	22370ba85b5fbb3d	4			yes					-1	-1	-1	-1	
121	119	2017b921fed9932a	4			yes					-1	-1	-1	-1	
122	118	5c315acc6ce6bc42	5			yes					-1	-1	-1	-1	123	
123	122	59a4a4508ec1c078	4			yes					-1	-1	-1	-1	
124	118	46821e38c643d17e	5			yes					-1	-1	-1	-1	125	
125	124	4317e0a42464ad44	4			yes					-1	-1	-1	-1	
126	118	eba27fa522b0f000	5			yes					-1	-1	-1	-1	-1	
127	118	d106827076cc0e16	5			yes					-1	-1	-1	-1	128	
128	127	d4937cec94eb722c	4			yes					-1	-1	-1	-1	
129	118	5e11e845c9609455	5			yes					-1	-1	-1	-1	-1	
130	129	ee378139c0978c3a	4			no					-1	-2	-1	-1	
131	103	e6157e5a49d86e23	3			yes					-1	-1	132	
132	131	d165e361345169ec	5			yes					-1	-1	-1	-1	-1	
133	103	7e0ad83a030b923b	3			yes					-1	-1	-1	
134	1	9998a686eda80afb	4			yes					135	141	152	154	
135	134	ce25e21735bfd01f	3			yes					136	138	-1	
136	135	509c447f16ef2898	5			yes					-1	-1	-1	137	-1	
137	136	2ab71c8abeae0b1b	4			yes					-1	-1	-1	-1	
138	135	bfe9fe4ed8098b4a	5			yes					-1	139	-1	140	-1	
139	138	20a0b7f0df528b2f	4			yes					-1	-1	-1	-1	
140	138	c5c2a6bb7048a8c9	4			yes					-1	-1	-1	-1	
141	134	0d594733d85ab061	3			yes					-1	142	151	
142	141	9e7081c7df443189	6			yes					143	145	-1	147	149	150	
143	142	e076d0a3e8fd36f6	5			yes					-1	-1	-1	-1	144	
144	143	a122eee0f00678cf	4			yes					-1	-1	-1	-1	
145	142	99c5cdd298e565a4	5			yes					-1	-1	-1	-1	146	
146	145	d891f391801e2b9d	4			yes					-1	-1	-1	-1	
147	142	3ba2ff2dc71f68ed	5			yes					-1	-1	-1	-1	-1	
148	147	7af6c16edfe426d4	4			yes					-1	-1	-1	-1	
149	142	dc7c5f83dac66ffd	4			yes					-1	-1	-1	-1	
150	142	df24bf84c7bf7fb0	5			yes					-1	-1	-1	-1	-1	
151	141	b10005d3ddb4abd0	5			yes					-1	-1	-1	-1	-1	
152	134	f027af2f850e4e9f	3			yes					-1	-1	153	
153	152	679b66021be423cc	5			yes					-1	-1	-1	-1	-1	
154	134	aac3ac8d8543241a	3			yes					-1	-1	-1	
155	1	7b69089bb4bfedc7	5			yes					156	164	182	186	187	
156	155	2cd44c0a6ca83723	4			yes					157	159	162	-1	
157	156	531acd21cf89b6c1	5			yes					-1	-1	-1	-1	158	
158	157	6a5ad25560d39f04	4			yes					-1	-1	-1	-1	
159	156	a037e45f9d2ba106	5			yes					-1	160	-1	-1	161	
160	159	3f7eade19a70a163	4			yes					-1	-1	-1	-1	
161	159	9977fb2b327188c3	4			yes					-1	-1	-1	-1	
162	156	ab171b8d31878886	5			yes					-1	-1	-1	-1	163	
163	162	925704f99edda143	4			yes					-1	-1	-1	-1	
164	155	efa8e92e814d575d	4			yes					-1	165	175	180	
165	164	b6e819372d0fb5b0	6			yes					166	168	170	171	173	174	
166	165	c8ee48531ab6b2cf	5			yes					-1	-1	-1	-1	167	
167	166	b02c1d8e0420d1da	4			yes					-1	-1	-1	-1	
168	165	b15d55226aaee19d	5			yes					-1	-1	-1	-1	169	
169	168	c99f00ff74388288	4			yes					-1	-1	-1	-1	
170	165	b6f5252f9f8ad07b	5			yes					-1	-1	-1	-1	-1	
171	165	f7723ce5c7ad040a	5			yes					-1	-1	-1	-1	172	
172	171	8fb06938d93b671f	4			yes					-1	-1	-1	-1	
173	165	40f6516636a9e436	5			yes					-1	-1	-1	-1	-1	
174	165	ce2a4cea3399d6a5	5			yes					-1	-1	-1	-1	-1	
175	164	b084d4c8e235bc70	3			yes					176	177	-1	
176	175	267163e92fd0d720	5			yes					-1	-1	-1	-1	-1	
177	175	02bd4aaaa0f132b0	5			yes					178	-1	-1	-1	179	
178	177	7cbb1bce974835cf	4			yes					-1	-1	-1	-1	
179	177	3bfd55de0fab1b75	4			yes					-1	-1	-1	-1	
180	164	612e70ded3c975ad	3			yes					-1	181	-1	
181	180	842926eaf4906014	5			yes					-1	-1	-1	-1	-1	
182	155	12d60132dc19a9a3	4			yes					-1	-1	183	185	
183	182	4dfa3cd4bf61428e	3			yes					184	-1	-1	
184	183	f0ea0038e9805f3c	5			yes					-1	-1	-1	-1	-1	
185	182	9c5098c28e9d8b53	3			yes					-1	-1	-1	
186	155	2445357dd7c706ea	4			yes					-1	-1	-1	-1	
187	155	f5ef916be63bcf37	4			yes					-1	-1	-1	-1	
188	0	08ec70d224614b17	5			yes					-1	189	249	273	291	
189	188	838016fb81d477a6	5			yes					190	210	222	237	248	
190	189	bc7e16b932c46746	4			yes					191	193	199	205	
191	190	5ceb42e4b146b590	5			yes					-1	-1	-1	-1	192	
192	191	60c94aeb226d9e93	4			yes					-1	-1	-1	-1	
193	190	d0758067c27523c2	5			yes					194	195	196	197	198	
194	193	cddfdefa504f6e4c	4			yes					-1	-1	-1	-1	
195	193	5b2ae11c48b1724e	4			yes					-1	-1	-1	-1	
196	193	d54b7fd41554fd30	4			yes					-1	-1	-1	-1	
197	193	91efa5b528d79278	4			yes					-1	-1	-1	-1	
198	193	d251e587257d734a	4			yes					-1	-1	-1	-1	
199	190	9d2d1f41f5b87870	5			yes					200	201	202	203	204	
200	199	808741dc678235fe	4			yes					-1	-1	-1	-1	
201	199	16727e3a7f7c29fc	4			yes					-1	-1	-1	-1	
202	199	e467028d843ea6db	4			yes					-1	-1	-1	-1	
203	199	7cf169c29ee15790	4			yes					-1	-1	-1	-1	
204	199	0e6354a90221ed49	4			yes					-1	-1	-1	-1	
205	190	ffc0cc8fdb748242	5			yes					206	207	208	209	-1	
206	205	e26a9212494ecfcc	4			yes					-1	-1	-1	-1	
207	205	749fadf451b0d3ce	4			yes					-1	-1	-1	-1	
208	205	868ad143aaf25ce9	4			yes					-1	-1	-1	-1	
209	205	b97b95783fc8ec62	4			yes					-1	-1	-1	-1	
210	189	2c04ef731cf3b1f4	4			yes					-1	211	215	219	
211	210	4d3b0eb70ebfdd50	5			yes					212	-1	-1	213	-1	
212	211	5eca21e97638810d	4			yes					-1	-1	-1	-1	
213	211	7fa8634d0de1d135	4			yes					-1	-1	-1	-1	
214	211	920685ff536fdd0b	4			no					-1	-1	-1	-2	
215	210	7328d2957f8b5ad9	3			yes					216	217	218	
216	215	fa40aaeb65a0e02d	5			yes					-1	-1	-1	-1	-1	
217	215	968fbc2e231c3f23	4			yes					-1	-1	-1	-1	
218	215	2eb6d51d8800fd7f	5			yes					-1	-1	-1	-1	-1	
219	210	096d340db8cebfa9	3			yes					220	221	-1	
220	219	4e2dc79215ba178f	5			yes					-1	-1	-1	-1	-1	
221	219	f98ec970eeb392d0	5			yes					-1	-1	-1	-1	-1	
222	189	ea3f1f52e97233c2	4			yes					-1	-1	223	228	
223	222	8cc43730209275a9	5			yes					224	225	226	-1	227	
224	223	9f35186e581529f4	4			yes					-1	-1	-1	-1	
225	223	5b2a6edf277198de	4			yes					-1	-1	-1	-1	
226	223	11618c778f67de43	4			yes					-1	-1	-1	-1	
227	223	1f8a7cd8d70be090	4			yes					-1	-1	-1	-1	
228	222	0590703c600ad3a9	6			yes					229	231	233	-1	235	236	
229	228	16615f62188d8ff4	5			yes					-1	-1	-1	-1	230	
230	229	e8b2f0cbedf8fa92	4			yes					-1	-1	-1	-1	
231	228	d27e29d367e93ede	5			yes					-1	-1	-1	-1	232	
232	231	2cad867a929c4bb8	4			yes					-1	-1	-1	-1	
233	228	9835cb7bcfff7843	5			yes					-1	-1	-1	-1	234	
234	233	66e664d23a8a0d25	4			yes					-1	-1	-1	-1	
235	228	9a1a317fa0a7a2a2	5			yes					-1	-1	-1	-1	-1	
236	228	fb43df95957fa6cf	5			yes					-1	-1	-1	-1	-1	
237	189	dcac2b1de2ac9c8b	4			yes					-1	-1	-1	238	
238	237	f9159d8447d5de9f	6			yes					239	241	243	245	-1	247	
239	238	eae4b2da3f5282c2	5			yes					-1	-1	-1	-1	240	
240	239	ef714c46dd75fef8	4			yes					-1	-1	-1	-1	
241	238	2efbc46b403633e8	5			yes					-1	-1	-1	-1	242	
242	241	2b6e3af7a2114fd2	4			yes					-1	-1	-1	-1	
243	238	64b026c3e8207575	5			yes					-1	-1	-1	-1	244	
244	243	6125d85f0a07094f	4			yes					-1	-1	-1	-1	
245	238	52ea79c01b9f938a	5			yes					-1	-1	-1	-1	246	
246	245	577f875cf9b8efb0	4			yes					-1	-1	-1	-1	
247	238	fc806318a5f2a2a5	5			yes					-1	-1	-1	-1	-1	
248	189	a6e9cd8525e979fb	4			yes					-1	-1	-1	-1	
249	188	878703f172b7de3b	4			yes					250	265	270	272	
250	249	b87903b3c1a7cedb	3			yes					251	253	255	
251	250	2b1239130697d5ba	5			yes					-1	-1	-1	-1	252	
252	251	b4b766f8282cf34a	4			yes					-1	-1	-1	-1	
253	250	a09370830441bb48	5			yes					-1	-1	-1	-1	254	
254	253	84ee1d1f634a43d3	4			yes					-1	-1	-1	-1	
255	250	0c66a014d09d0914	6			yes					256	258	260	262	263	264	
256	255	11ccfe8942a7449a	5			yes					-1	-1	-1	-1	257	
257	256	14590015a08038a0	4			yes					-1	-1	-1	-1	
258	255	0dd78a520171dfe2	5			yes					-1	-1	-1	-1	259	
259	258	084274cee356a3d8	4			yes					-1	-1	-1	-1	
260	255	232a7792f58d1954	5			yes					-1	-1	-1	-1	261	
261	260	26bf890e17aa656e	4			yes					-1	-1	-1	-1	
262	255	bc40c968d96a117b	5			yes					-1	-1	-1	-1	-1	
263	255	86e434bd8d16ef6d	5			yes					-1	-1	-1	-1	-1	
264	255	09f35e8832ba752e	5			yes					-1	-1	-1	-1	-1	
265	249	a7e1a622f9c3ecf8	3			yes					-1	266	267	
266	265	25bcc490404c8334	5			yes					-1	-1	-1	-1	-1	
267	265	06e6d1d0beeccba0	5			yes					268	-1	-1	-1	269	
268	267	1517fe8ec66b97fd	4			yes					-1	-1	-1	-1	
269	267	6d6e9d5f0330847b	4			yes					-1	-1	-1	-1	
270	249	3af17eef9c592c7e	3			yes					-1	-1	271	
271	270	6cc988a13b2d8b94	5			yes					-1	-1	-1	-1	-1	
272	249	a2eed88fd68ad066	3			yes					-1	-1	-1	
273	188	457ca633382948a6	4			yes					274	285	288	290	
274	273	7a82a6718b395846	3			yes					275	277	284	
275	274	7f9fe05d49dfc9ce	5			yes					-1	-1	-1	276	-1	
276	275	05b4b8a8e19eea4d	4			yes					-1	-1	-1	-1	
277	274	6ca102c7db6e0f4a	6			yes					278	279	280	281	282	283	
278	277	710b5c5a495442c4	5			yes					-1	-1	-1	-1	-1	
279	277	6d1028810a82d9bc	5			yes					-1	-1	-1	-1	-1	
280	277	fbc5d4755e0f9c68	5			yes					-1	-1	-1	-1	-1	
281	277	c9737c2dc335562e	5			yes					-1	-1	-1	-1	-1	
282	277	2eaddc83deec513e	4			yes					-1	-1	-1	-1	
283	277	2df53c84c3954173	5			yes					-1	-1	-1	-1	-1	
284	274	5b978ce867cdfcbd	5			yes					-1	-1	-1	-1	-1	
285	273	651a03e0b35d7a65	3			yes					-1	286	-1	
286	285	11b59a363c25dde4	5			yes					-1	-1	-1	287	-1	
287	286	6b9ec2c39464fe67	4			yes					-1	-1	-1	-1	
288	273	2cc3af9a508f0cc2	3			yes					-1	-1	289	
289	288	da370dc21498c1b4	5			yes					-1	-1	-1	-1	-1	
290	273	7627ac3850c26647	3			yes					-1	-1	-1	
291	188	a78d082e613eaf9a	5			yes					292	312	319	323	324	
292	291	9873086cd22ebf7a	4			yes					293	295	306	310	
293	292	998391b22f49aa24	5			yes					-1	-1	-1	-1	294	
294	293	a0c38ec6801383e1	4			yes					-1	-1	-1	-1	
295	292	44399a3729258b73	6			yes					296	298	300	302	304	305	
296	295	5993c4aabb1fc6fd	5			yes					-1	-1	-1	-1	297	
297	296	21519177a589a5e8	4			yes					-1	-1	-1	-1	
298	295	4588b071f8c95d85	5			yes					-1	-1	-1	-1	299	
299	298	3d4ae5ace65f3e90	4			yes					-1	-1	-1	-1	
300	295	d35d4c85ac441851	5			yes					-1	-1	-1	-1	301	
301	300	ab9f1958b2d27b44	4			yes					-1	-1	-1	-1	
302	295	05a3bfe5c3873ac9	5			yes					-1	-1	-1	-1	303	
303	302	7d61ea38dd1159dc	4			yes					-1	-1	-1	-1	
304	295	b227d2663283daf5	5			yes					-1	-1	-1	-1	-1	
305	295	3cfbcfea37b3e866	5			yes					-1	-1	-1	-1	-1	
306	292	c75f358ab1565457	3			yes					307	308	-1	
307	306	20fd9bccfbf6d4fd	5			yes					-1	-1	-1	-1	-1	
308	306	f06cc9aaa4db0c73	5			yes					-1	-1	-1	-1	309	
309	308	c92cd6de0b8125b6	4			yes					-1	-1	-1	-1	
310	292	16f5919c80aa9d8a	3			yes					-1	311	-1	
311	310	76f8a5eaf0ba5ed7	5			yes					-1	-1	-1	-1	-1	
312	291	87ebadfdea4a9d59	4			yes					-1	313	318	-1	
313	312	0078b8773f756d5d	6			yes					-1	-1	-1	315	-1	316	
314	313	1389972947f23100	5			no					-1	-1	-2	-2	-2	
315	313	32ebd58d3c2b6138	5			yes					-1	-1	-1	-1	-1	
316	313	78baedaa21e30e48	5			yes					-1	-1	-1	317	-1	
317	316	4a29805022bd022d	4			yes					-1	-1	-1	-1	
318	312	a24485514765fc70	5			yes					-1	-1	-1	-1	-1	
319	291	ce3201870998ebfe	4			yes					-1	-1	320	322	
320	319	911e3c616ae000d3	3			yes					-1	321	-1	
321	320	c40ee9c0b91dcbfe	5			yes					-1	-1	-1	-1	-1	
322	319	40b498775b1cc90e	3			yes					-1	-1	-1	
323	291	f8a135c8024644b7	4			yes					-1	-1	-1	-1	
324	291	290b91de33ba8d6a	4			yes					-1	-1	-1	-1	
325	0	9e4e197ddca42bd1	5			yes					-1	-1	326	390	406	
326	325	c89696ff638901cd	5			yes					327	351	371	378	389	
327	326	f76896bdd099112d	4			yes					328	335	337	342	
328	327	6489f4aaf747557d	5			yes					329	330	332	333	334	
329	328	64805adfe79b1797	4			yes					-1	-1	-1	-1	
330	328	4c72b1c8ecc46882	4			yes					-1	331	-1	-1	
331	330	2b3d34ee28e0120d	3			yes					-1	-1	-1	
332	328	03c6718c33632ff2	4			yes					-1	-1	-1	-1	
333	328	9080e57992ab05c1	4			yes					-1	-1	-1	-1	
334	328	bbb47fe2aa975526	4			yes					-1	-1	-1	-1	
335	327	84182227723ff4dc	5			yes					-1	-1	-1	-1	336	
336	335	0084d2f76764ef79	4			yes					-1	-1	-1	-1	
337	327	e55f93f8b4111eff	5			yes					-1	338	339	340	341	
338	337	43a243d9dc5fdb51	4			yes					-1	-1	-1	-1	
339	337	9c075ea13a2c0f83	4			yes					-1	-1	-1	-1	
340	337	7ec4396f625f311e	4			yes					-1	-1	-1	-1	
341	337	7611d81043888bc6	4			yes					-1	-1	-1	-1	
342	327	d2bb71ce239d260b	6			yes					-1	344	346	348	349	350	
343	342	e0941e31502856fe	5			no					-1	-2	-1	-1	-2	
344	342	7446a1ef4bd3e3a5	5			yes					-1	-1	-1	-1	345	
345	344	71d35f73a9f49f9f	4			yes					-1	-1	-1	-1	
346	342	abe3bc97ada03777	5			yes					-1	-1	-1	-1	347	
347	346	ae76420b4f874b4d	4			yes					-1	-1	-1	-1	
348	342	629d18b22a6a3e64	5			yes					-1	-1	-1	-1	-1	
349	342	5839e5677e16c072	5			yes					-1	-1	-1	-1	-1	
350	342	d72e8f52c1ba5a31	5			yes					-1	-1	-1	-1	-1	
351	326	7a9195e6443ce22e	4			yes					-1	352	355	361	
352	351	4fa98ce7aa734f22	5			yes					-1	-1	-1	-1	354	
353	352	5c58a3b9d2f4137f	4			no					-1	-1	-1	-2	
354	352	cb357c37bf285487	4			yes					-1	-1	-1	-1	
355	351	65a6e84bd3f33555	5			yes					356	357	358	359	360	
356	355	7657c715ab746908	4			yes					-1	-1	-1	-1	
357	355	627c0378d76df7f9	4			yes					-1	-1	-1	-1	
358	355	1cfe25125dce2429	4			yes					-1	-1	-1	-1	
359	355	fe3d42dc05bd1ab4	4			yes					-1	-1	-1	-1	
360	355	f6e8a3a3246aa06c	4			yes					-1	-1	-1	-1	
361	351	52420a7d447f0da1	6			yes					362	364	365	367	368	369	
362	361	41b325233cf851fc	5			yes					-1	-1	-1	-1	363	
363	362	4426dbbfdedf2dc6	4			yes					-1	-1	-1	-1	
364	361	5598e14e40e1cf0d	5			yes					-1	-1	-1	-1	-1	
365	361	2b1ac724ca421cdd	5			yes					-1	-1	-1	-1	366	
366	365	2e8f39b8286560e7	4			yes					-1	-1	-1	-1	
367	361	e26463014d8815ce	5			yes					-1	-1	-1	-1	-1	
368	361	d8c09ed419f4ebd8	5			yes					-1	-1	-1	-1	-1	
369	361	57d7f4e1a658719b	5			yes					-1	370	-1	-1	-1	
370	369	500d1fd2a2c6b337	4			yes					-1	-1	-1	-1	
371	326	f7bce5c353e01673	4			yes					-1	-1	372	375	
372	371	a890d8253098fd5e	3			yes					373	374	-1	
373	372	836673ad066a35c8	4			yes					-1	-1	-1	-1	
374	372	48d7dd6dde268e36	4			yes					-1	-1	-1	-1	
375	371	d2d53ebdf7dd182e	3			yes					376	377	-1	
376	375	d321fca2a8566645	5			yes					-1	-1	-1	-1	-1	
377	375	18905262701addbb	5			yes					-1	-1	-1	-1	-1	
378	326	97baab1900f1eae0	4			yes					-1	-1	-1	379	
379	378	e5fee91c9ff9505f	6			yes					380	382	384	386	-1	388	
380	379	f60fc642e77e0c02	5			yes					-1	-1	-1	-1	381	
381	380	f39a38de05597038	4			yes					-1	-1	-1	-1	
382	379	e24ba509d8580472	5			yes					-1	-1	-1	-1	383	
383	382	e7de5b953a7f7848	4			yes					-1	-1	-1	-1	
384	379	785b525b300cfbb5	5			yes					-1	-1	-1	-1	385	
385	384	7dceacc7d22b878f	4			yes					-1	-1	-1	-1	
386	379	82b16c3a5bdd2ad0	5			yes					-1	-1	-1	-1	387	
387	386	872492a6b9fa56ea	4			yes					-1	-1	-1	-1	
388	379	e06b17807dde2c65	5			yes					-1	-1	-1	-1	-1	
389	326	edff4d81c7b40f90	4			yes					-1	-1	-1	-1	
390	325	00197412d4e07f75	4			yes					391	400	404	405	
391	390	3fe7745067f06f95	3			yes					392	398	399	
392	391	b9f468699d2b4aec	6			yes					-1	393	394	395	396	397	
393	392	910f2d0b86a87713	5			yes					-1	-1	-1	-1	-1	
394	392	120b8c2dc16107f9	5			yes					-1	-1	-1	-1	-1	
395	392	c101d11752976c74	5			yes					-1	-1	-1	-1	-1	
396	392	fbf8b62d98a91498	4			yes					-1	-1	-1	-1	
397	392	f8a0562a85d004d5	5			yes					-1	-1	-1	-1	-1	
398	391	15fe7980bb817785	5			yes					-1	-1	-1	-1	-1	
399	391	cb1557726a19cebb	5			yes					-1	-1	-1	-1	-1	
400	390	b21e770bf3559c96	3			yes					-1	401	403	
401	400	de4fd74063cdcc7b	5			yes					-1	-1	-1	402	-1	
402	401	a4648fb5cb8ceff8	4			yes					-1	-1	-1	-1	
403	400	4bec2cc10dfbe511	5			yes					-1	-1	-1	-1	-1	
404	390	bea20950fc4edde2	3			yes					-1	-1	-1	
405	390	33427e19bc0b5194	3			yes					-1	-1	-1	
406	325	e2e8da0f8df79849	5			yes					407	426	432	434	435	
407	406	dd16da4d3ee788a9	4			yes					408	418	420	424	
408	407	e57a23085ee3d2ea	6			yes					-1	409	411	413	415	417	
409	408	cd81666a4560ef15	5			yes					-1	-1	-1	-1	410	
410	409	b54333b75bf68c00	4			yes					-1	-1	-1	-1	
411	408	4e85c74c02a99fff	5			yes					-1	-1	-1	-1	412	
412	411	364792911c3ffcea	4			yes					-1	-1	-1	-1	
413	408	117332db3b0f8256	5			yes					-1	-1	-1	-1	414	
414	413	69b167062599e143	4			yes					-1	-1	-1	-1	
415	408	0fc64b5d2c6f01a9	5			yes					-1	-1	-1	-1	416	
416	415	77041e8032f962bc	4			yes					-1	-1	-1	-1	
417	408	9db876d54075b1ff	5			yes					-1	-1	-1	-1	-1	
418	407	a7e78e6b67aec7bd	5			yes					-1	-1	-1	-1	419	
419	418	9ea7911fc8f4ee78	4			yes					-1	-1	-1	-1	
420	407	823ae7ab5d9f6384	3			yes					421	423	-1	
421	420	f4f05f8ab95a331b	5			yes					-1	-1	-1	-1	422	
422	421	cdb040fe16001ade	4			yes					-1	-1	-1	-1	
423	420	d1e726439c6bc115	5			yes					-1	-1	-1	-1	-1	
424	407	539043bd6c63aa59	3			yes					425	-1	-1	
425	424	1c8c520f8f252d67	5			yes					-1	-1	-1	-1	-1	
426	406	50efd916aa427baa	4			yes					-1	427	429	431	
427	426	6c5620abbfe27c43	5			yes					-1	-1	-1	-1	428	
428	427	55163fdf10b85586	4			yes					-1	-1	-1	-1	
429	426	0fc3e4f0c93a9087	3			yes					-1	430	-1	
430	429	1a56888344277aeb	5			yes					-1	-1	-1	-1	-1	
431	426	de6940e6f8c6595a	3			yes					-1	-1	-1	
432	406	5c53a74da5593ade	4			yes					-1	-1	433	-1	
433	432	45485a24edb32d0e	5			yes					-1	-1	-1	-1	-1	
434	406	bdc4e7e9ee8f7364	4			yes					-1	-1	-1	-1	
435	406	6c6e43ffdf73bab9	4			yes					-1	-1	-1	-1	
436	0	8fce93b862020c96	5			yes					-1	-1	-1	437	483	
437	436	dbcb6c1ee6305258	5			yes					438	457	471	480	482	
438	437	e4356c5c552042b8	4			yes					439	445	451	453	
439	438	3440cf4449362fec	6			yes					-1	440	441	442	443	444	
440	439	5dbf4c691ec64089	5			yes					-1	-1	-1	-1	-1	
441	439	530f4a628d125563	5			yes					-1	-1	-1	-1	-1	
442	439	4cb5763a868a0974	5			yes					-1	-1	-1	-1	-1	
443	439	764c11004cb47198	4			yes					-1	-1	-1	-1	
444	439	7514f10751cd61d5	5			yes					-1	-1	-1	-1	-1	
445	438	098b68dd87327757	6			yes					-1	446	447	448	449	450	
446	445	984d2548b2d888ac	5			yes					-1	-1	-1	-1	-1	
447	445	991045508c61f7e2	5			yes					-1	-1	-1	-1	-1	
448	445	717ed1a3488e51cf	5			yes					-1	-1	-1	-1	-1	
449	445	4b87b69982b02923	4			yes					-1	-1	-1	-1	
450	445	48df569e9fc9396e	5			yes					-1	-1	-1	-1	-1	
451	438	1386c48a1d5279f5	3			yes					-1	-1	-1	
452	451	0f8d1736ad24625c	5			no					-1	-1	-1	-1	-2	
453	438	a04872169fbcf20e	6			yes					-1	-1	454	455	-1	456	
454	453	b51c208b5cdc34e2	5			yes					-1	-1	-1	-1	-1	
455	453	5fdb7437d0239b54	5			yes					-1	-1	-1	-1	-1	
456	453	af2c119f79b91e0d	5			yes					-1	-1	-1	-1	-1	
457	437	69cc6f07c185b1bb	4			yes					-1	458	465	466	
458	457	c23ac61d5f7ecca9	6			yes					459	-1	461	462	463	464	
459	458	d1cbe94327f990f4	5			yes					-1	-1	-1	-1	-1	
460	459	909fd7003f02decd	4			no					-1	-2	-2	-2	
461	458	52a1eb90542d4c1c	5			yes					-1	-1	-1	-1	-1	
462	458	bacf7f6390c2ea31	5			yes					-1	-1	-1	-1	-1	
463	458	803618595afc92dd	4			yes					-1	-1	-1	-1	
464	458	836ef85e47858290	5			yes					-1	-1	-1	-1	-1	
465	457	9e7fc7d189f78af6	3			yes					-1	-1	-1	
466	457	d93abeaa00c16f1a	6			yes					467	-1	468	469	-1	470	
467	466	cacb91f478463347	5			yes					-1	-1	-1	-1	-1	
468	466	9abe111775e168a3	5			yes					-1	-1	-1	-1	-1	
469	466	26a9b88b4f5e0640	5			yes					-1	-1	-1	-1	-1	
470	466	d65edd23e6c48319	5			yes					-1	-1	-1	-1	-1	
471	437	4f0a8dabd3c2e8c2	4			yes					-1	-1	472	475	
472	471	b8b9257d9bb0d38f	3			yes					-1	474	-1	
473	472	6b803c5d56aec2d5	5			no					-1	-2	-2	-2	-2	
474	472	a031929d8ee2792b	5			yes					-1	-1	-1	-1	-1	
475	471	4248a4326f791134	6			yes					476	477	-1	478	-1	479	
476	475	51b98b6c17fe4d69	5			yes					-1	-1	-1	-1	-1	
477	475	45fde82728d84519	5			yes					-1	-1	-1	-1	-1	
478	475	bddba21320e6786e	5			yes					-1	-1	-1	-1	-1	
479	475	4d2cc7bb897cfd37	5			yes					-1	-1	-1	-1	-1	
480	437	2c78c4c8ae426915	4			yes					-1	-1	-1	481	
481	480	1938e2eea1574999	3			yes					-1	-1	-1	
482	437	ee8b4a38e92572d4	4			yes					-1	-1	-1	-1	
483	436	2ac806001d3d992c	5			yes					484	509	523	526	527	
484	483	15360642ae2d89cc	4			yes					485	495	505	506	
485	484	68ce84258afeb7ea	6			yes					-1	486	488	490	492	494	
486	485	01310708dd0ed88f	5			yes					-1	-1	-1	-1	487	
487	486	79f352d5c398bb9a	4			yes					-1	-1	-1	-1	
488	485	0f8101034edacd65	5			yes					-1	-1	-1	-1	489	
489	488	774354de504cae70	4			yes					-1	-1	-1	-1	
490	485	9cc795f6ef12e756	5			yes					-1	-1	-1	-1	491	
491	490	e405c02bf1848443	4			yes					-1	-1	-1	-1	
492	485	8272ec70f87264a9	5			yes					-1	-1	-1	-1	493	
493	492	fab0b9ade6e407bc	4			yes					-1	-1	-1	-1	
494	485	100cd1f89468d4ff	5			yes					-1	-1	-1	-1	-1	
495	484	550523bc44faef51	6			yes					-1	496	498	500	502	504	
496	495	c4c36e29711010aa	5			yes					-1	-1	-1	-1	497	
497	496	bc013bf46f8673bf	4			yes					-1	-1	-1	-1	
498	495	c59e0e314fa96fe4	5			yes					-1	-1	-1	-1	499	
499	498	bd5c5bec513f0cf1	4			yes					-1	-1	-1	-1	
500	495	a10c326f2116bfed	5			yes					-1	-1	-1	-1	501	
501	500	d9ce67b23f80dcf8	4			yes					-1	-1	-1	-1	
502	495	bfb94be936763c12	5			yes					-1	-1	-1	-1	503	
503	502	c77b1e3428e05f07	4			yes					-1	-1	-1	-1	
504	495	2dc776615a6c8c44	5			yes					-1	-1	-1	-1	-1	
505	484	64800d4382ccd770	5			yes					-1	-1	-1	-1	-1	
506	484	9bb09fb2fca9ab3c	3			yes					507	508	-1	
507	506	9138f5225b384867	5			yes					-1	-1	-1	-1	-1	
508	506	acf352bb953c10dc	5			yes					-1	-1	-1	-1	-1	
509	483	98cf05193a887acf	4			yes					-1	510	520	521	
510	509	9eb48d7c9cb654af	6			yes					511	-1	513	515	517	519	
511	510	8d45a222e43108f2	5			yes					-1	-1	-1	-1	512	
512	511	f587f7fffaa76be7	4			yes					-1	-1	-1	-1	
513	510	0e2fa0f197e5d41a	5			yes					-1	-1	-1	-1	514	
514	513	76edf52c8973b70f	4			yes					-1	-1	-1	-1	
515	510	6abd9caff95a0413	5			yes					-1	-1	-1	-1	516	
516	515	127fc972e7cc6706	4			yes					-1	-1	-1	-1	
517	510	7408e529ee3a87ec	5			yes					-1	-1	-1	-1	518	
518	517	0ccab0f4f0ace4f9	4			yes					-1	-1	-1	-1	
519	510	e676d8a1822037ba	5			yes					-1	-1	-1	-1	-1	
520	509	f0eab115475e30e0	5			yes					-1	-1	-1	-1	-1	
521	509	16499ce9680c583f	3			yes					-1	522	-1	
522	521	6742fc7b4d70ab22	5			yes					-1	-1	-1	-1	-1	
523	483	be09e7b528cf23b6	4			yes					-1	-1	524	525	
524	523	6f4a3490efcf6992	5			yes					-1	-1	-1	-1	-1	
525	523	308f7e457a4b0146	3			yes					-1	-1	-1	
526	483	97be7b1ef3d36b69	4			yes					-1	-1	-1	-1	
527	483	a44e9ff04fb9bbdc	4			yes					-1	-1	-1	-1	
528	0	dfee1daefd0f8f65	5			yes					-1	-1	-1	-1	529	
529	528	fd2bf0cd82fad2b5	6			yes					530	547	559	566	569	571	
530	529	c2d5f08f31eac255	5			yes					531	537	541	544	546	
531	530	70d2f396165f21b6	4			yes					532	534	-1	536	
532	531	32dc569d781579c3	6			yes					-1	-1	-1	-1	-1	533	
533	532	4a1e034066831ad6	5			yes					-1	-1	-1	-1	-1	
534	531	ec49cac62d6dd240	6			yes					-1	-1	-1	-1	-1	535	
535	534	948b9f1b33fbb155	5			yes					-1	-1	-1	-1	-1	
536	531	fedb1e7ebb5adaf3	6			yes					-1	-1	-1	-1	-1	-1	
537	530	5614113a041878cf	4			yes					-1	538	-1	540	
538	537	58bdcf408a4bc788	6			yes					-1	-1	-1	-1	-1	539	
539	538	207f9a9d94dda49d	5			yes					-1	-1	-1	-1	-1	
540	537	3412425c54872ab3	6			yes					-1	-1	-1	-1	-1	-1	
541	530	ab6af926594c8631	4			yes					-1	-1	-1	542	
542	541	554395bd22930130	6			yes					-1	-1	-1	-1	-1	543	
543	542	b121d0dda648e2c6	5			yes					-1	-1	-1	-1	-1	
544	530	73f1ba6a33b4ed0f	4			yes					-1	-1	-1	545	
545	544	4f79eb057ae11d1d	3			yes					-1	-1	-1	
546	530	fe5da1e078bf3247	4			yes					-1	-1	-1	-1	
547	529	4f2cf3d4a54f3156	5			yes					-1	548	553	556	558	
548	547	dbed126190bd8bcc	4			yes					-1	549	-1	551	
549	548	930c618052077c76	6			yes					-1	-1	-1	-1	-1	550	
550	549	ebce345d4c911f63	5			yes					-1	-1	-1	-1	-1	
551	548	ffa3ec9c8ccb914d	6			yes					-1	-1	-1	-1	-1	-1	
552	551	6e662b544dbc38d2	5			no					-1	-1	-1	-1	-2	
553	547	2693fa7dcde97532	4			yes					-1	-1	-1	554	
554	553	6a0cca2052e9f15c	6			yes					-1	-1	-1	-1	-1	-1	
555	554	fbc90de8939e58c3	5			no					-1	-1	-1	-1	-2	
556	547	fe08b931a7111e0c	4			yes					-1	-1	-1	557	
557	556	c280e85eee44ee1e	3			yes					-1	-1	-1	
558	547	73a4a2bbec1ac144	4			yes					-1	-1	-1	-1	
559	529	69ea1178b708682f	5			yes					-1	-1	560	563	565	
560	559	005518d1dfae2c4b	4			yes					-1	-1	-1	561	
561	560	f5ac4fa5fa78a82e	6			yes					-1	-1	-1	-1	-1	562	
562	561	6469886d3b0f01b1	5			yes					-1	-1	-1	-1	-1	
563	559	d8ce5b9db5564775	4			yes					-1	-1	-1	564	
564	563	e4460af2fc03b767	3			yes					-1	-1	-1	
565	559	55624017fe5d983d	4			yes					-1	-1	-1	-1	
566	529	9494f964ea5c96d1	5			yes					-1	-1	-1	567	568	
567	566	25b0b381e802b98b	4			yes					-1	-1	-1	-1	
568	566	a81ca80ba30966c3	4			yes					-1	-1	-1	-1	
569	529	4c0fba2880a4fdef	5			yes					-1	-1	-1	-1	570	
570	569	7087eb47c9f10dfd	4			yes					-1	-1	-1	-1	
571	529	c1a3a1a2cbaf22a7	5			yes					-1	-1	-1	-1	-1	
572	0	9749f27b26ec2138	5			yes					-1	-1	-1	-1	-1	
