Number of nodes
523
ID	PID	Hash_Value			File_Number	Fully_Enumerated	Children
0	-1	bb077d2fb3c71e1b	6			yes					1	155	284	374	437	522	
1	0	82caa8437c8dff4a	5			yes					2	61	86	105	123	
2	1	29bff7522df4beec	5			yes					3	12	32	49	60	
3	2	0312ca35c449afe0	4			yes					4	5	6	7	
4	3	6d296dd2242a3a97	4			yes					-1	-1	-1	-1	
5	3	2f6ae3faa6d3bd3b	4			yes					-1	-1	-1	-1	
6	3	dbd537bcb37227d6	4			yes					-1	-1	-1	-1	
7	3	961380a3a026e04e	3			yes					8	9	11	
8	7	739946856130ee89	4			yes					-1	-1	-1	-1	
9	7	cd6325e9e9132b0a	5			yes					-1	-1	-1	-1	10	
10	9	e3bdc6fefac453d6	4			yes					-1	-1	-1	-1	
11	7	fa744981f4cb1bd6	5			yes					-1	-1	-1	-1	-1	
12	2	ac43e9c604568857	4			yes					-1	13	20	25	
13	12	f9c186d0ab0285a3	5			yes					14	16	17	18	19	
14	13	1da4938c6bad936d	4			yes					15	-1	-1	-1	
15	14	8a695599d4f6b7bf	3			yes					-1	-1	-1	
16	13	6e0c40c51459a171	4			yes					-1	-1	-1	-1	
17	13	2ac5b3a237289044	4			yes					-1	-1	-1	-1	
18	13	d49448ef8671f414	4			yes					-1	-1	-1	-1	
19	13	8df92804cead564c	4			yes					-1	-1	-1	-1	
20	12	9fba35b6bf717ce2	5			yes					21	22	-1	23	24	
21	20	7bdf20ea7fde6a2c	4			yes					-1	-1	-1	-1	
22	20	0877f3a3002a5830	4			yes					-1	-1	-1	-1	
23	20	419c998058f9f11e	4			yes					-1	-1	-1	-1	
24	20	192000bcfb415864	4			yes					-1	-1	-1	-1	
25	12	afc2cfa72ff21cc5	5			yes					26	28	29	30	31	
26	25	4ba7dafbef5d0a0b	4			yes					27	-1	-1	-1	
27	26	dc6a1cee50062ed9	3			yes					-1	-1	-1	
28	25	380f09b290a93817	4			yes					-1	-1	-1	-1	
29	25	1b6cb0644ccffb41	4			yes					-1	-1	-1	-1	
30	25	1cec83944a324bae	4			yes					-1	-1	-1	-1	
31	25	7428e0b9790982f3	4			yes					-1	-1	-1	-1	
32	2	b161d765c355049b	4			yes					-1	-1	33	38	
33	32	1a24b684a8491428	5			yes					34	35	36	-1	37	
34	33	fe41a3d868e602e6	4			yes					-1	-1	-1	-1	
35	33	8de97091171230fa	4			yes					-1	-1	-1	-1	
36	33	3c1af6b214747230	4			yes					-1	-1	-1	-1	
37	33	9cbe838eec7930ae	4			yes					-1	-1	-1	-1	
38	32	df1b2baa4117c096	6			yes					39	42	44	-1	46	48	
39	38	3b7e3ef681b8d658	5			yes					40	-1	-1	-1	41	
40	39	acb3f8e33ee3f28a	4			yes					-1	-1	-1	-1	
41	39	15a0dde1926fae84	4			yes					-1	-1	-1	-1	
42	38	48d6edbffe4ce444	5			yes					-1	-1	-1	-1	43	
43	42	66080ea8ed9b9c98	4			yes					-1	-1	-1	-1	
44	38	f9256b9cfd2aa68e	5			yes					-1	-1	-1	-1	45	
45	44	d7fb888beefdde52	4			yes					-1	-1	-1	-1	
46	38	1936aca2b9a89f16	5			yes					-1	-1	-1	-1	47	
47	46	37e84fb5aa7fe7ca	4			yes					-1	-1	-1	-1	
48	38	f1c5c8bd52c0b84a	5			yes					-1	-1	-1	-1	-1	
49	2	a28e49524ad1d26e	4			yes					-1	-1	-1	50	
50	49	e80c47c25ccff04a	6			yes					51	53	55	57	-1	59	
51	50	0c69529e9c60e684	5			yes					-1	-1	-1	-1	52	
52	51	22b7b1898fb79e58	4			yes					-1	-1	-1	-1	
53	50	7fc181d7e394d498	5			yes					-1	-1	-1	-1	54	
54	53	511f62c0f043ac44	4			yes					-1	-1	-1	-1	
55	50	ce3207f4e0f29652	5			yes					-1	-1	-1	-1	56	
56	55	e0ece4e3f325ee8e	4			yes					-1	-1	-1	-1	
57	50	3c37eec5c64cb493	5			yes					-1	-1	-1	-1	58	
58	57	12e90dd2d59bcc4f	4			yes					-1	-1	-1	-1	
59	50	c6d2a4d54f188896	5			yes					-1	-1	-1	-1	-1	
60	2	bcbebdc4499bf142	4			yes					-1	-1	-1	-1	
61	1	aa3a289b35dda1b9	4			yes					62	69	74	85	
62	61	5e855a96df3fa0ea	3			yes					63	64	65	
63	62	08b358e62ac908de	4			yes					-1	-1	-1	-1	
64	62	3c8dd0bd9008d4d6	4			yes					-1	-1	-1	-1	
65	62	f76e215132b6fcfc	5			yes					-1	66	67	-1	68	
66	65	42962b265696d3ba	4			yes					-1	-1	-1	-1	
67	65	23558856a835b825	4			yes					-1	-1	-1	-1	
68	65	a209188bbc76936c	4			yes					-1	-1	-1	-1	
69	61	ea8f869be9a8227f	3			yes					-1	70	71	
70	69	22af551429b6e676	4			yes					-1	-1	-1	-1	
71	69	40229b2995251a86	5			yes					72	73	-1	-1	-1	
72	71	a4478e75558a0c48	4			yes					-1	-1	-1	-1	
73	71	25af475de63963e0	4			yes					-1	-1	-1	-1	
74	61	210b969b52f8cd3b	3			yes					-1	-1	75	
75	74	a216ba4799e76df5	6			yes					76	78	80	82	-1	84	
76	75	4673af1b59487b3b	5			yes					-1	-1	-1	-1	77	
77	76	68ad4c0c4a9f03e7	4			yes					-1	-1	-1	-1	
78	75	c79b6633eafb1493	5			yes					-1	-1	-1	-1	79	
79	78	e9458524f92c6c4f	4			yes					-1	-1	-1	-1	
80	75	3c721d952cb5cbe6	5			yes					-1	-1	-1	-1	81	
81	80	12acfe823f62b33a	4			yes					-1	-1	-1	-1	
82	75	762d13400364292c	5			yes					-1	-1	-1	-1	83	
83	82	58f3f05710b351f0	4			yes					-1	-1	-1	-1	
84	75	8cc859508a301529	5			yes					-1	-1	-1	-1	-1	
85	61	3f3b620d51b2ee17	3			yes					-1	-1	-1	
86	1	5117fc13a8cd830d	4			yes					87	94	102	104	
87	86	a5a88e1e422f825e	3			yes					88	89	90	
88	87	a3dea4e727723364	4			yes					-1	-1	-1	-1	
89	87	48c7396374d08ecf	4			yes					-1	-1	-1	-1	
90	87	75684d88ddbd87de	5			yes					-1	91	92	-1	93	
91	90	27c8a0fe9ae75b98	4			yes					-1	-1	-1	-1	
92	90	c40d6f578b4f4b25	4			yes					-1	-1	-1	-1	
93	90	200f7452537de84e	4			yes					-1	-1	-1	-1	
94	86	d4ebe287816fb5b6	3			yes					-1	95	96	
95	94	931b51e0cbb71bf3	4			yes					-1	-1	-1	-1	
96	94	fab63fc559c2cb72	5			yes					97	98	99	100	101	
97	96	1ed32a99996dddbc	4			yes					-1	-1	-1	-1	
98	96	9f3be3b12adeb214	4			yes					-1	-1	-1	-1	
99	96	0f2242c0bedbcfed	4			yes					-1	-1	-1	-1	
100	96	41e0b1b4129ffed2	4			yes					-1	-1	-1	-1	
101	96	cf2a3a5c1ff75e97	4			yes					-1	-1	-1	-1	
102	86	e442260fa72f7846	3			yes					-1	-1	103	
103	102	f9e0d670b30042fc	5			yes					-1	-1	-1	-1	-1	
104	86	c416b685cca2cca3	3			yes					-1	-1	-1	
105	1	2039908aa3e35709	4			yes					106	113	120	122	
106	105	d486e2874901565a	3			yes					107	110	-1	
107	106	aa0853b844643514	5			yes					-1	-1	-1	108	109	
108	107	58689cb669bb9360	4			yes					-1	-1	-1	-1	
109	107	16a53d94b46c2095	4			yes					-1	-1	-1	-1	
110	106	a551dd17257f694c	5			yes					-1	-1	-1	111	112	
111	110	5731121908a0cf38	4			yes					-1	-1	-1	-1	
112	110	19fcb33bd5777ccd	4			yes					-1	-1	-1	-1	
113	105	a5c58e1e8a4161b2	3			yes					-1	114	119	
114	113	38fec818e48b6a34	5			yes					115	116	-1	117	118	
115	114	dc9bdd4424247cfa	4			yes					-1	-1	-1	-1	
116	114	5d73146c97971352	4			yes					-1	-1	-1	-1	
117	114	17e9b634fee5e13f	4			yes					-1	-1	-1	-1	
118	114	7dfb827635f7f144	4			yes					-1	-1	-1	-1	
119	113	b0556fbff07bac19	5			yes					-1	-1	-1	-1	-1	
120	105	b8e7b0bd4d42ed7e	3			yes					-1	-1	121	
121	120	35cbec8de743c4d3	5			yes					-1	-1	-1	-1	-1	
122	105	e99d4cae2de18d9f	3			yes					-1	-1	-1	
123	1	199477ce2698f85d	5			yes					124	131	146	153	154	
124	123	ed2b05c3cc7af90e	4			yes					125	127	129	-1	
125	124	6c0e6eb555b2c669	5			yes					-1	-1	-1	-1	126	
126	125	a045b9b39aefc33b	4			yes					-1	-1	-1	-1	
127	124	73a48a12a062924a	5			yes					-1	-1	-1	-1	128	
128	127	bfef5d146f3f9718	4			yes					-1	-1	-1	-1	
129	124	29b7e1030957d492	5			yes					-1	-1	-1	-1	130	
130	129	e5fc3605c60ad1c0	4			yes					-1	-1	-1	-1	
131	123	9c68695a0f3acee6	4			yes					-1	132	137	142	
132	131	ffe7214b686a508c	5			yes					133	134	-1	135	136	
133	132	1b823417a8c54642	4			yes					-1	-1	-1	-1	
134	132	9a6afd3f1b7629ea	4			yes					-1	-1	-1	-1	
135	132	d2b2ef744519213b	4			yes					-1	-1	-1	-1	
136	132	7fb9326502ea0bf8	4			yes					-1	-1	-1	-1	
137	131	eef84451bc9910d5	5			yes					138	139	-1	140	141	
138	137	0a9d510d7c36061b	4			yes					-1	-1	-1	-1	
139	137	8b759825cf8569b3	4			yes					-1	-1	-1	-1	
140	137	30dee8675b119d29	4			yes					-1	-1	-1	-1	
141	137	eb601add370605d0	4			yes					-1	-1	-1	-1	
142	131	e750ec3a6366d7a6	3			yes					-1	143	-1	
143	142	af0dd0f1e1d8c796	5			yes					144	145	-1	-1	-1	
144	143	4b68c5ad2177d158	4			yes					-1	-1	-1	-1	
145	143	ca800c8592c4bef0	4			yes					-1	-1	-1	-1	
146	123	814a57f9c839422a	4			yes					-1	-1	147	152	
147	146	6b66c763aba1781f	5			yes					148	149	150	-1	151	
148	147	8f03d23f6b0e6ed1	4			yes					-1	-1	-1	-1	
149	147	0eeb1b17d8bd0179	4			yes					-1	-1	-1	-1	
150	147	4d588755179c1e07	4			yes					-1	-1	-1	-1	
151	147	6efe99ef203e6d1a	4			yes					-1	-1	-1	-1	
152	146	fa72d299a4655b6a	3			yes					-1	-1	-1	
153	123	92a5c9ce41bd94df	4			yes					-1	-1	-1	-1	
154	123	62acf2ae4ac4e11d	4			yes					-1	-1	-1	-1	
155	0	87eaa683c91d1892	5			yes					-1	156	213	232	252	
156	155	647a0928dbefbb20	5			yes					157	176	185	201	212	
157	156	39399d1343876c23	4			yes					158	159	165	170	
158	157	0f99efdd2bdbd819	4			yes					-1	-1	-1	-1	
159	157	4d10c63611a4b0df	5			yes					160	161	162	163	164	
160	159	47d476c995ce4fc9	4			yes					-1	-1	-1	-1	
161	159	cee086900a8011a8	4			yes					-1	-1	-1	-1	
162	159	d05990b2d792fc39	4			yes					-1	-1	-1	-1	
163	159	604508093cd7c168	4			yes					-1	-1	-1	-1	
164	159	392868e2740b6330	4			yes					-1	-1	-1	-1	
165	157	5c720784002e90db	5			yes					166	167	168	-1	169	
166	165	56b6b77b84446fcd	4			yes					-1	-1	-1	-1	
167	165	df8247221b0a31ac	4			yes					-1	-1	-1	-1	
168	165	b3538f067141e78d	4			yes					-1	-1	-1	-1	
169	165	5b1ac0b1cb12b391	4			yes					-1	-1	-1	-1	
170	157	26ac0c4fe555588d	5			yes					171	172	173	174	175	
171	170	2c68bcb0613fa79b	4			yes					-1	-1	-1	-1	
172	170	a55c4ce9fe71f9fa	4			yes					-1	-1	-1	-1	
173	170	c98d84cd943a2fdb	4			yes					-1	-1	-1	-1	
174	170	48a8df58727218fa	4			yes					-1	-1	-1	-1	
175	170	0811abcc79066940	4			yes					-1	-1	-1	-1	
176	156	dbad409a75834e58	4			yes					-1	177	179	180	
177	176	dea55165e3a0a879	4			yes					178	-1	-1	-1	
178	177	760d3bb8e6dde6a5	3			yes					-1	-1	-1	
179	176	57de18ed20ca8aae	4			yes					-1	-1	-1	-1	
180	176	4eac0a0c11ec01f6	3			yes					181	182	184	
181	180	d03e832ebd994ddc	4			yes					-1	-1	-1	-1	
182	180	c9e3e35fc6f205e3	5			yes					-1	-1	-1	-1	183	
183	182	e73d0048d5257d3f	4			yes					-1	-1	-1	-1	
184	180	767f66d06773b6ae	5			yes					-1	-1	-1	-1	-1	
185	156	fca4291f354e0157	4			yes					-1	-1	186	191	
186	185	eeb32ee164f48c31	5			yes					187	188	189	-1	190	
187	186	461b443c6189c2ed	4			yes					-1	-1	-1	-1	
188	186	797ee8f4dbafa8e3	4			yes					-1	-1	-1	-1	
189	186	70d78933d1a62a22	4			yes					-1	-1	-1	-1	
190	186	68291beb20c4a8b7	4			yes					-1	-1	-1	-1	
191	185	2b8cb3cf8daa588f	6			yes					192	194	196	-1	198	200	
192	191	8324d91288d71653	5			yes					-1	-1	-1	-1	193	
193	192	adfa3a059b006e8f	4			yes					-1	-1	-1	-1	
194	191	bc4175da32f17c5d	5			yes					-1	-1	-1	-1	195	
195	194	929f96cd21260481	4			yes					-1	-1	-1	-1	
196	191	b5e8141d38f8fe9c	5			yes					-1	-1	-1	-1	197	
197	196	9b36f70a2b2f8640	4			yes					-1	-1	-1	-1	
198	191	eda134c77515070f	5			yes					-1	-1	-1	-1	199	
199	198	c37fd7d066c27fd3	4			yes					-1	-1	-1	-1	
200	191	055250d89e7d2053	5			yes					-1	-1	-1	-1	-1	
201	156	ef4bb728bccad7a2	4			yes					-1	-1	-1	202	
202	201	1c9bdfa790726853	6			yes					203	205	207	209	-1	211	
203	202	b433b57a950f268f	5			yes					-1	-1	-1	-1	204	
204	203	9aed566d86d85e53	4			yes					-1	-1	-1	-1	
205	202	8b5619b22f294c81	5			yes					-1	-1	-1	-1	206	
206	205	a588faa53cfe345d	4			yes					-1	-1	-1	-1	
207	202	82ff78752520ce40	5			yes					-1	-1	-1	-1	208	
208	207	ac219b6236f7b69c	4			yes					-1	-1	-1	-1	
209	202	c8a076a00af12c8a	5			yes					-1	-1	-1	-1	210	
210	209	e67e95b719265456	4			yes					-1	-1	-1	-1	
211	202	32453cb083a5108f	5			yes					-1	-1	-1	-1	-1	
212	156	f17b43bebf80f48e	4			yes					-1	-1	-1	-1	
213	155	983c330a1613d798	4			yes					214	223	229	231	
214	213	c57fa7318e7b009b	3			yes					215	216	217	
215	214	5b3dcc78d024bdcd	4			yes					-1	-1	-1	-1	
216	214	1db032e18b51fb75	4			yes					-1	-1	-1	-1	
217	214	123d62886d4da7c0	5			yes					218	219	220	221	222	
218	217	18f9d277e92758d6	4			yes					-1	-1	-1	-1	
219	217	63ae830deba3504b	4			yes					-1	-1	-1	-1	
220	217	f59dda920feca8d8	4			yes					-1	-1	-1	-1	
221	217	a96becf926109260	4			yes					-1	-1	-1	-1	
222	217	27a167112b783225	4			yes					-1	-1	-1	-1	
223	213	7d1704b1f3e563e6	3			yes					-1	224	225	
224	223	5c3891c83538cf84	4			yes					-1	-1	-1	-1	
225	223	13f35f8597b1c5f4	5			yes					226	-1	227	-1	228	
226	225	bb5b355892cc8b28	4			yes					-1	-1	-1	-1	
227	225	8ec0925c5d3c587d	4			yes					-1	-1	-1	-1	
228	225	4694665f1971aa64	4			yes					-1	-1	-1	-1	
229	213	2d69e91619f12cd3	3			yes					-1	-1	230	
230	229	476db390ba95475a	5			yes					-1	-1	-1	-1	-1	
231	213	0d3d799c727c9836	3			yes					-1	-1	-1	
232	155	e9125f931d3d039c	4			yes					233	245	249	251	
233	232	b451cba88555d49f	3			yes					234	237	243	
234	233	1006a82ed2f014b2	5			yes					-1	-1	-1	235	236	
235	234	e2666720ff2fb2c6	4			yes					-1	-1	-1	-1	
236	234	acabc60222f80133	4			yes					-1	-1	-1	-1	
237	233	b655ab19a46d8ab2	5			yes					238	239	240	241	242	
238	237	bc911be6200775a4	4			yes					-1	-1	-1	-1	
239	237	c7c64a9c22837d39	4			yes					-1	-1	-1	-1	
240	237	11456538c99618e6	4			yes					-1	-1	-1	-1	
241	237	9942d535be0301b9	4			yes					-1	-1	-1	-1	
242	237	f350e177751111c2	4			yes					-1	-1	-1	-1	
243	233	e0f3a2a3cad10780	5			yes					-1	-1	-1	-1	244	
244	243	598aa5a971b9c23c	4			yes					-1	-1	-1	-1	
245	232	0c396828f8cbb7e2	3			yes					-1	246	-1	
246	245	7d260aab5aa56277	5			yes					-1	-1	-1	247	248	
247	246	8f46c5a5777ac403	4			yes					-1	-1	-1	-1	
248	246	c18b6487aaad77f6	4			yes					-1	-1	-1	-1	
249	232	71cc7fa4f39cb9eb	3			yes					-1	-1	250	
250	249	8b46896deed6c175	5			yes					-1	-1	-1	-1	-1	
251	232	20b683b7933fd90a	3			yes					-1	-1	-1	
252	155	d0bfb8d79846acc8	5			yes					253	269	275	282	283	
253	252	8dfc2cec002e7bcb	4			yes					254	256	262	265	
254	253	7686406f91514625	5			yes					-1	-1	-1	-1	255	
255	254	bacd97695e0c4377	4			yes					-1	-1	-1	-1	
256	253	714c424a288cb00a	5			yes					257	258	259	260	261	
257	256	7b88f2b5ace64f1c	4			yes					-1	-1	-1	-1	
258	256	00dfa3cfae624781	4			yes					-1	-1	-1	-1	
259	256	d65c8c6b4577225e	4			yes					-1	-1	-1	-1	
260	256	5c198c7505ffc1bd	4			yes					-1	-1	-1	-1	
261	256	f1125164420ceb7e	4			yes					-1	-1	-1	-1	
262	253	171bf9a1e951130e	5			yes					-1	263	-1	-1	264	
263	262	668818246fbfe485	4			yes					-1	-1	-1	-1	
264	262	db502ea7260c165c	4			yes					-1	-1	-1	-1	
265	253	f6c4a98c6c72628b	3			yes					-1	266	267	
266	265	21a6b3f0a13e2710	5			yes					-1	-1	-1	-1	-1	
267	265	bef01cfd2291ab4c	5			yes					-1	-1	-1	-1	268	
268	267	902effea3146d390	4			yes					-1	-1	-1	-1	
269	252	35948f6c7db018b6	4			yes					-1	270	273	-1	
270	269	aa131b9891acc13b	5			yes					271	-1	-1	-1	272	
271	270	02bb714594d18fe7	4			yes					-1	-1	-1	-1	
272	270	6658cc9e5ef1c469	4			yes					-1	-1	-1	-1	
273	269	a5bcce529aef79ea	5			yes					-1	-1	-1	-1	274	
274	273	69f7195455b27cb8	4			yes					-1	-1	-1	-1	
275	252	486198e076e716bf	4			yes					-1	-1	276	281	
276	275	d5eba283a2347db9	5			yes					277	278	279	-1	280	
277	276	7d43c85ea7493365	4			yes					-1	-1	-1	-1	
278	276	422664961d6f596b	4			yes					-1	-1	-1	-1	
279	276	f3d5e2b51e091ba1	4			yes					-1	-1	-1	-1	
280	276	d073fc0f29ab68bc	4			yes					-1	-1	-1	-1	
281	275	33591d801abb0fff	3			yes					-1	-1	-1	
282	252	5b8e06d7ff63c04a	4			yes					-1	-1	-1	-1	
283	252	ab873db7f41ab588	4			yes					-1	-1	-1	-1	
284	0	ed9a18a238f23b83	5			yes					-1	-1	285	334	348	
285	284	340ac49f680ae973	5			yes					286	304	317	322	333	
286	285	694950a4f0623e70	4			yes					287	293	294	299	
287	286	ce1e8abc9a1d315a	5			yes					288	289	290	291	292	
288	287	b1b5f36a50bda8b9	4			yes					-1	-1	-1	-1	
289	287	a4e7fe940218dbb4	4			yes					-1	-1	-1	-1	
290	287	7f7ba863cceffda1	4			yes					-1	-1	-1	-1	
291	287	189a410df45faa77	4			yes					-1	-1	-1	-1	
292	287	72b3e4906a1524db	4			yes					-1	-1	-1	-1	
293	286	3be4eced0f655897	4			yes					-1	-1	-1	-1	
294	286	4aa8dda21912a807	5			yes					-1	295	296	297	298	
295	294	f7e9bf274ea3cab1	4			yes					-1	-1	-1	-1	
296	294	8d37be3b1fa7ea56	4			yes					-1	-1	-1	-1	
297	294	908b2f694db2e5b9	4			yes					-1	-1	-1	-1	
298	294	cc32e8a85d228c81	4			yes					-1	-1	-1	-1	
299	286	98db918b04ea617a	5			yes					-1	300	301	302	303	
300	299	259af30e535b03cc	4			yes					-1	-1	-1	-1	
301	299	5f44f212025f232b	4			yes					-1	-1	-1	-1	
302	299	238d1ffa4fb754da	4			yes					-1	-1	-1	-1	
303	299	ad47941242dff49f	4			yes					-1	-1	-1	-1	
304	285	d9a23eb6c2b4df1e	4			yes					-1	305	306	311	
305	304	005ebc173eeadc0e	4			yes					-1	-1	-1	-1	
306	304	cb84427a38bd9189	5			yes					307	-1	308	309	310	
307	306	632c28a73dc0df55	4			yes					-1	-1	-1	-1	
308	306	0c1b21e33e08d3d8	4			yes					-1	-1	-1	-1	
309	306	11a7b0b16c1ddc37	4			yes					-1	-1	-1	-1	
310	306	4d1e77707c8db50f	4			yes					-1	-1	-1	-1	
311	304	19f70e53254558f4	5			yes					312	313	314	315	316	
312	311	b15f648e20381628	4			yes					-1	-1	-1	-1	
313	311	e1fd82ac0ea0acc8	4			yes					-1	-1	-1	-1	
314	311	de686dca23f01aa5	4			yes					-1	-1	-1	-1	
315	311	a2a180226e186d54	4			yes					-1	-1	-1	-1	
316	311	2c6b0bca6370cd11	4			yes					-1	-1	-1	-1	
317	285	aedb9a84319cc242	4			yes					-1	-1	318	319	
318	317	6e622a95ec64be64	4			yes					-1	-1	-1	-1	
319	317	3bdad01255f38dec	3			yes					320	321	-1	
320	319	d0e99355f8b802d4	5			yes					-1	-1	-1	-1	-1	
321	319	eb53c3afc937864d	5			yes					-1	-1	-1	-1	-1	
322	285	bf3b7a9f0f2f85f1	4			yes					-1	-1	-1	323	
323	322	8b854e1e9044bdc5	6			yes					324	326	328	330	-1	332	
324	323	232d24c39539f319	5			yes					-1	-1	-1	-1	325	
325	324	0df3c7d486ee8bc5	4			yes					-1	-1	-1	-1	
326	323	ee08926ae358c4a3	5			yes					-1	-1	-1	-1	327	
327	326	c0d6717df08fbc7f	4			yes					-1	-1	-1	-1	
328	323	15e1e9cc25161bd6	5			yes					-1	-1	-1	-1	329	
329	328	3b3f0adb36c1630a	4			yes					-1	-1	-1	-1	
330	323	3ae06cc1c6b6713e	5			yes					-1	-1	-1	-1	331	
331	330	143e8fd6d56109e2	4			yes					-1	-1	-1	-1	
332	323	a55bad098393c519	5			yes					-1	-1	-1	-1	-1	
333	285	a10b8e090c65a6dd	4			yes					-1	-1	-1	-1	
334	284	39fa1c3660a1b83e	4			yes					335	343	346	347	
335	334	64b9880df8c96f3d	3			yes					336	341	342	
336	335	89069f92d753ac61	5			yes					-1	337	338	339	340	
337	336	e3ffebba4f56468f	4			yes					-1	-1	-1	-1	
338	336	5d3d36954dd0e8b8	4			yes					-1	-1	-1	-1	
339	336	846cee97195aaca4	4			yes					-1	-1	-1	-1	
340	336	cc03d5fc062f3711	4			yes					-1	-1	-1	-1	
341	335	00be66de8cebbd41	5			yes					-1	-1	-1	-1	-1	
342	335	234cf11459279e76	5			yes					-1	-1	-1	-1	-1	
343	334	d452e61fca1f8e53	3			yes					-1	344	345	
344	343	3b043624bd6439d8	5			yes					-1	-1	-1	-1	-1	
345	343	a2606ecc7888a7f8	5			yes					-1	-1	-1	-1	-1	
346	334	794fb236bcd43bf8	3			yes					-1	-1	-1	
347	334	f05ec012eea362a8	3			yes					-1	-1	-1	
348	284	0057fb72e5da176a	5			yes					349	362	369	372	373	
349	348	5d146f497db2c069	4			yes					350	355	357	360	
350	349	d873288a535d8c9a	5			yes					-1	351	352	353	354	
351	350	b28a5ca2cb586674	4			yes					-1	-1	-1	-1	
352	350	0c48818dc9dec843	4			yes					-1	-1	-1	-1	
353	350	0ef7e33b3d1f17b7	4			yes					-1	-1	-1	-1	
354	350	17ed6f48a664acf9	4			yes					-1	-1	-1	-1	
355	349	1888843674c4f5ca	5			yes					-1	-1	-1	-1	356	
356	355	d4c35330bb99f098	4			yes					-1	-1	-1	-1	
357	349	f3f653a2c9c5e2f8	5			yes					-1	358	-1	-1	359	
358	357	4eb731279e74804e	4			yes					-1	-1	-1	-1	
359	357	03a049125b6b6e9e	4			yes					-1	-1	-1	-1	
360	349	262cea2911eed929	3			yes					361	-1	-1	
361	360	428a569228a4c369	5			yes					-1	-1	-1	-1	-1	
362	348	edff015b4f642107	4			yes					-1	363	365	368	
363	362	2332d4cc454b7153	5			yes					-1	-1	-1	-1	364	
364	363	ef7903ca8a167401	4			yes					-1	-1	-1	-1	
365	362	72dacc7ae86adb76	5			yes					366	-1	-1	-1	367	
366	365	da72a6a7ed1795aa	4			yes					-1	-1	-1	-1	
367	365	828cd6ca7ac45710	4			yes					-1	-1	-1	-1	
368	362	96c7843b23383847	3			yes					-1	-1	-1	
369	348	40e2557239af94ac	4			yes					-1	-1	370	-1	
370	369	ab46b82d0d308034	5			yes					-1	-1	-1	-1	371	
371	370	670d6f2bc26d8566	4			yes					-1	-1	-1	-1	
372	348	8b66457282ff7be8	4			yes					-1	-1	-1	-1	
373	348	7b6f7e1289860e2a	4			yes					-1	-1	-1	-1	
374	0	35408bb637522bd2	5			yes					-1	-1	-1	375	405	
375	374	aa0c52ad6fb7ffc8	5			yes					376	390	399	402	404	
376	375	f74fc696f7df28cb	4			yes					377	382	386	389	
377	376	7682143b150de5ec	5			yes					-1	378	379	380	381	
378	377	86a160628327cead	4			yes					-1	-1	-1	-1	
379	377	c7e736e443ff2917	4			yes					-1	-1	-1	-1	
380	377	7be8653edb04e529	4			yes					-1	-1	-1	-1	
381	377	33875e55c4717e9c	4			yes					-1	-1	-1	-1	
382	376	410731a31ace423d	5			yes					-1	-1	383	384	385	
383	382	3cea96a87cfd2806	4			yes					-1	-1	-1	-1	
384	382	4c6d40a6d4c742f8	4			yes					-1	-1	-1	-1	
385	382	04027bcdcbb2d94d	4			yes					-1	-1	-1	-1	
386	376	e76c2f5d07210983	3			yes					387	388	-1	
387	386	9a2dd7451c86dcf0	4			yes					-1	-1	-1	-1	
388	386	c911a967fb485dfd	4			yes					-1	-1	-1	-1	
389	376	3e88ea2ff5fe5f36	5			yes					-1	-1	-1	-1	-1	
390	375	47a4a884c509c9a5	4			yes					-1	391	396	398	
391	390	7abd61592b41c6a4	5			yes					392	-1	393	394	395	
392	391	d2150b842e3c8878	4			yes					-1	-1	-1	-1	
393	391	0750c6524d72ac9f	4			yes					-1	-1	-1	-1	
394	391	77d7105ce548c661	4			yes					-1	-1	-1	-1	
395	391	3fb82b37fa3d5dd4	4			yes					-1	-1	-1	-1	
396	390	5787414f35f7e8ed	3			yes					-1	397	-1	
397	396	f2abf99dcac7d964	4			yes					-1	-1	-1	-1	
398	390	921ece6d3f95f683	5			yes					-1	-1	-1	-1	-1	
399	375	2ff04c394615c973	4			yes					-1	-1	400	401	
400	399	3fd3a5f2b6ebe83b	3			yes					-1	-1	-1	
401	399	a4cf2628c182a805	5			yes					-1	-1	-1	-1	-1	
402	375	ba2fbb669f49de80	4			yes					-1	-1	-1	403	
403	402	351770861b74d7d5	3			yes					-1	-1	-1	
404	375	2534994deb8af69d	4			yes					-1	-1	-1	-1	
405	374	fb7a2ffa78ca35de	5			yes					406	421	431	435	436	
406	405	a639bbc1e0a2e2dd	4			yes					407	412	417	418	
407	406	27f7a3239103c517	5			yes					-1	408	409	410	411	
408	407	d7d4d77a0729ee56	4			yes					-1	-1	-1	-1	
409	407	969281fcc7f109ec	4			yes					-1	-1	-1	-1	
410	407	f1736892ff415e3a	4			yes					-1	-1	-1	-1	
411	407	e869e4e1643ae574	4			yes					-1	-1	-1	-1	
412	406	107286bb9ec062c6	5			yes					-1	413	414	415	416	
413	412	08383007a5ce30ad	4			yes					-1	-1	-1	-1	
414	412	6d9f21b0f8f308fd	4			yes					-1	-1	-1	-1	
415	412	c6f64d0af082f9eb	4			yes					-1	-1	-1	-1	
416	412	dfecc1796bf942a5	4			yes					-1	-1	-1	-1	
417	406	58a634ba642986dd	4			yes					-1	-1	-1	-1	
418	406	dd013ea18cfefb9d	3			yes					419	420	-1	
419	418	bd0edd3beafa8ae4	5			yes					-1	-1	-1	-1	-1	
420	418	8a8bf8a3e5392d35	5			yes					-1	-1	-1	-1	-1	
421	405	16d2d5d3d27403b3	4			yes					-1	422	427	429	
422	421	2bc8d641af4fe65f	5			yes					423	-1	424	425	426	
423	422	8360bc9caa32a883	4			yes					-1	-1	-1	-1	
424	422	5625714ac97c8c64	4			yes					-1	-1	-1	-1	
425	422	fd4c1df0c10d7d72	4			yes					-1	-1	-1	-1	
426	422	e45691835a76c63c	4			yes					-1	-1	-1	-1	
427	421	8a4a090825dc9f32	5			yes					-1	-1	-1	-1	428	
428	427	4601de0eea819a60	4			yes					-1	-1	-1	-1	
429	421	6dea50b3be281af3	3			yes					-1	430	-1	
430	429	b131a859d4b6a9ac	5			yes					-1	-1	-1	-1	-1	
431	405	7e86316e51680365	4			yes					-1	-1	432	434	
432	431	c3be487b7e554992	5			yes					-1	-1	-1	-1	433	
433	432	0ff59f7db1084cc0	4			yes					-1	-1	-1	-1	
434	431	05beb40e3d341a25	3			yes					-1	-1	-1	
435	405	4e2ff5e67728ce95	4			yes					-1	-1	-1	-1	
436	405	8042aa9a14962c9e	4			yes					-1	-1	-1	-1	
437	0	bb7034ee937cfa26	5			yes					-1	-1	-1	-1	438	
438	437	ddfa9dd4ba30f789	4			yes					439	461	480	501	
439	438	4f2a9a2e290ad1e3	5			yes					440	445	455	459	460	
440	439	bb95e823c3e8d0b0	4			yes					441	442	-1	443	
441	440	d93b7a56415500f6	5			yes					-1	-1	-1	-1	-1	
442	440	d662f4f9204e5cae	5			yes					-1	-1	-1	-1	-1	
443	440	27c85b7a6e6e9a38	6			yes					-1	-1	-1	-1	-1	444	
444	443	268b310dafd69a2e	5			yes					-1	-1	-1	-1	-1	
445	439	cad684ba00a8e758	4			yes					-1	446	-1	451	
446	445	098421436a3b95bc	6			yes					447	448	-1	-1	449	450	
447	446	ede1341faa948372	5			yes					-1	-1	-1	-1	-1	
448	446	6c09fd371927ecda	5			yes					-1	-1	-1	-1	-1	
449	446	b1b05570faaaf416	5			yes					-1	-1	-1	-1	-1	
450	446	c5cff645a56690ee	5			yes					-1	-1	-1	-1	-1	
451	445	bbdaf9e4a0303583	3			yes					452	453	-1	
452	451	98b9fc3ff46e4663	5			yes					-1	-1	-1	-1	-1	
453	451	c48c9c3264de90f8	6			yes					-1	-1	-1	-1	454	-1	
454	453	7cb8e801f44ff152	5			yes					-1	-1	-1	-1	-1	
455	439	d7f4ba19c7ab6b94	4			yes					-1	-1	456	457	
456	455	fd22d56662a11388	5			yes					-1	-1	-1	-1	-1	
457	455	a6f8c7476733b94f	3			yes					458	-1	-1	
458	457	97e0729095751a3b	5			yes					-1	-1	-1	-1	-1	
459	439	989131f08d795f44	4			yes					-1	-1	-1	-1	
460	439	3e26e77089920338	4			yes					-1	-1	-1	-1	
461	438	8601553797d48576	5			yes					462	471	475	478	479	
462	461	db42c10c0fbc5275	4			yes					463	464	-1	467	
463	462	633581c0d7c12150	5			yes					-1	-1	-1	-1	-1	
464	462	872f42422add753a	6			yes					-1	-1	-1	-1	465	466	
465	464	3f1b3671ba4c1490	5			yes					-1	-1	-1	-1	-1	
466	464	4b649544e5807068	5			yes					-1	-1	-1	-1	-1	
467	462	aa4ebc52af2480ae	3			yes					468	469	-1	
468	467	22b707a962fa67c5	5			yes					-1	-1	-1	-1	-1	
469	467	4a27ff332438707e	6			yes					-1	-1	-1	-1	470	-1	
470	469	f2138b00b4a911d4	5			yes					-1	-1	-1	-1	-1	
471	461	632a628c72223108	4			yes					-1	472	-1	473	
472	471	0e1523455f945795	5			yes					-1	-1	-1	-1	-1	
473	471	abc3742bfdd63740	6			yes					-1	-1	-1	-1	-1	474	
474	473	aa801e5c3c6e3756	5			yes					-1	-1	-1	-1	-1	
475	461	1edf750079753f01	4			yes					-1	-1	-1	476	
476	475	6fd3085ed9ededda	3			yes					-1	477	-1	
477	476	4f97a52ceaaf1100	5			yes					-1	-1	-1	-1	-1	
478	461	51bafee933a70bd1	4			yes					-1	-1	-1	-1	
479	461	f70d2869374c57ad	4			yes					-1	-1	-1	-1	
480	438	56e91692ea483ed4	5			yes					481	492	496	499	500	
481	480	0baa82a97220e9d7	4			yes					482	486	-1	488	
482	481	b87c76c959e353e9	6			yes					-1	-1	483	-1	484	485	
483	482	6c47dfcec3601730	5			yes					-1	-1	-1	-1	-1	
484	482	004802fac9723243	5			yes					-1	-1	-1	-1	-1	
485	482	7437a1cf96be56bb	5			yes					-1	-1	-1	-1	-1	
486	481	738d4f3089da88a3	5			yes					-1	-1	-1	-1	-1	
487	481	7117387bda729a35	5			no					-1	-2	-2	-2	-2	
488	481	7aa6fff7d2b83b0c	3			yes					489	491	-1	
489	488	7574cbb8570656ad	6			yes					-1	-1	-1	-1	490	-1	
490	489	cd40bf8bc7973707	5			yes					-1	-1	-1	-1	-1	
491	488	320fc9593ce1ce36	5			yes					-1	-1	-1	-1	-1	
492	480	bb41ecbb40f608b9	4			yes					-1	493	-1	494	
493	492	48371fcab8550c3a	5			yes					-1	-1	-1	-1	-1	
494	492	ca4d91e5e06eda62	3			yes					-1	495	-1	
495	494	09b599a30d6e4aaf	5			yes					-1	-1	-1	-1	-1	
496	480	165cb892363dbd12	4			yes					-1	-1	-1	497	
497	496	6acf433f5e4ec9b5	6			yes					-1	-1	-1	-1	-1	498	
498	497	6b8c29489ff6c9a3	5			yes					-1	-1	-1	-1	-1	
499	480	8152bd4c4e3bb073	4			yes					-1	-1	-1	-1	
500	480	27e56bcc4ad0ec0f	4			yes					-1	-1	-1	-1	
501	438	d98ecebbe9b7c934	5			yes					502	511	518	521	-1	
502	501	84cd5a8071df1e37	4			yes					503	507	510	-1	
503	502	47f8fd609bbd1a64	6			yes					-1	-1	504	-1	505	506	
504	503	f69ddfbfcd4fd69f	5			yes					-1	-1	-1	-1	-1	
505	503	ffcc89530b2c7bce	5			yes					-1	-1	-1	-1	-1	
506	503	8bb32a6654e01f36	5			yes					-1	-1	-1	-1	-1	
507	502	707dd8f8947ebdb5	6			yes					-1	-1	-1	-1	508	509	
508	507	c849accb04efdc1f	5			yes					-1	-1	-1	-1	-1	
509	507	bc360ffe5b23b8e7	5			yes					-1	-1	-1	-1	-1	
510	502	83b490e54ef92e93	5			yes					-1	-1	-1	-1	-1	
511	501	342634924309ff59	4			yes					-1	512	516	-1	
512	511	4bc78802a5f1392c	6			yes					513	-1	-1	-1	514	515	
513	512	e36fe2dfa08c77f0	5			yes					-1	-1	-1	-1	-1	
514	512	f3f3fc3135605886	5			yes					-1	-1	-1	-1	-1	
515	512	878c5f046aac3c7e	5			yes					-1	-1	-1	-1	-1	
516	511	fff7f0afffdcbc01	6			yes					-1	-1	-1	-1	-1	517	
517	516	33bc27a93081b953	5			yes					-1	-1	-1	-1	-1	
518	501	5c72d02fc015ff8f	4			yes					-1	-1	519	-1	
519	518	b603b1dca4556aa1	6			yes					-1	-1	-1	-1	-1	520	
520	519	7a4866da6b086ff3	5			yes					-1	-1	-1	-1	-1	
521	501	c9ad27701949e87c	4			yes					-1	-1	-1	-1	
522	0	dd8dd4159a8b13b4	5			yes					-1	-1	-1	-1	-1	
