Number of nodes
301
ID	PID	Hash_Value			File_Number	Fully_Enumerated	Children
0	-1	c5cd184af3594348	6			yes					1	83	165	228	271	300	
1	0	2c06fbc7651ab493	5			yes					2	35	43	55	64	
2	1	38cc5268ca8713e8	5			yes					3	10	24	32	34	
3	2	2f48c2d1d7f87010	4			yes					4	5	-1	6	
4	3	8fdcf26491e7cd26	4			yes					-1	-1	-1	-1	
5	3	a163b903e798b7f5	4			yes					-1	-1	-1	-1	
6	3	246b341ba0e86d9a	3			yes					7	9	-1	
7	6	48536cb17fbbf952	5			yes					-1	-1	-1	-1	8	
8	7	5f1cf49bbdab5bdf	4			yes					-1	-1	-1	-1	
9	6	a4d2da10f7c27177	5			yes					-1	-1	-1	-1	-1	
10	2	1e329e1ac1279d28	4			yes					-1	11	15	19	
11	10	dffcd85f42e23127	5			yes					12	13	-1	-1	14	
12	11	6cecf59f9877ac24	4			yes					-1	-1	-1	-1	
13	11	b1e7e3317ec195ac	4			yes					-1	-1	-1	-1	
14	11	83d078a4d95f13d0	4			yes					-1	-1	-1	-1	
15	10	280ac4d416e6bf36	5			yes					16	17	-1	-1	18	
16	15	9b1ae914cc732235	4			yes					-1	-1	-1	-1	
17	15	4611ffba2ac51bbd	4			yes					-1	-1	-1	-1	
18	15	5671fba90a95c67e	4			yes					-1	-1	-1	-1	
19	10	151168d0b63780a2	3			yes					-1	20	23	
20	19	585007d77d8fabfe	5			yes					21	22	-1	-1	-1	
21	20	eb402a17a71a36fd	4			yes					-1	-1	-1	-1	
22	20	364b3cb941ac0f75	4			yes					-1	-1	-1	-1	
23	19	71c4ddf80d8ee232	5			yes					-1	-1	-1	-1	-1	
24	2	dae6c64d9bbe9dd1	4			yes					-1	-1	25	30	
25	24	29399ef267b0f935	5			yes					26	27	28	-1	29	
26	25	9a29b332bd256436	4			yes					-1	-1	-1	-1	
27	25	4722a59c5b935dbe	4			yes					-1	-1	-1	-1	
28	25	b6ef4ee2e90a9d03	4			yes					-1	-1	-1	-1	
29	25	5742a18f7bc3807d	4			yes					-1	-1	-1	-1	
30	24	d1c53087ecae805b	3			yes					-1	-1	31	
31	30	70f787de7cd8a431	5			yes					-1	-1	-1	-1	-1	
32	2	d8733e2430f67e8b	4			yes					-1	-1	-1	33	
33	32	d350c8ee47e66301	3			yes					-1	-1	-1	
34	2	33efa4a2bd970e62	4			yes					-1	-1	-1	-1	
35	1	57cf3924e2940bb7	4			yes					36	38	40	42	
36	35	58b2dd30817b467a	3			yes					-1	-1	37	
37	36	b13e6aec86d7e8c1	5			yes					-1	-1	-1	-1	-1	
38	35	d112346535ecb75c	3			yes					-1	-1	39	
39	38	ba815a44751ee262	5			yes					-1	-1	-1	-1	-1	
40	35	82831f9fc387ecac	3			yes					-1	-1	41	
41	40	89a0e955b497f126	2			yes					-1	-1	
42	35	5ceccfee9584163d	3			yes					-1	-1	-1	
43	1	57193657fac60e17	4			yes					44	47	52	54	
44	43	5864d243992943da	3			yes					45	-1	46	
45	44	48dfa9d8e7d24351	4			yes					-1	-1	-1	-1	
46	44	fbb3920298b2eff2	5			yes					-1	-1	-1	-1	-1	
47	43	7242748c24832351	3			yes					-1	-1	48	
48	47	6eea31acd72fdf63	6			yes					49	50	-1	-1	-1	51	
49	48	ddfa1c6c0dba4260	5			yes					-1	-1	-1	-1	-1	
50	48	18587fbd59557260	5			yes					-1	-1	-1	-1	-1	
51	48	79a5a986153f7dee	5			yes					-1	-1	-1	-1	-1	
52	43	21055005caba7d01	3			yes					-1	-1	53	
53	52	c44dac3921ff4d5b	5			yes					-1	-1	-1	-1	-1	
54	43	5c3ac09d8dd6139d	3			yes					-1	-1	-1	
55	1	ecf2e3154cf181c6	4			yes					56	59	61	63	
56	55	e38f07012f1ecc0b	3			yes					57	58	-1	
57	56	cc82a042383956b0	5			yes					-1	-1	-1	-1	-1	
58	56	5b4a9e98958573d4	5			yes					-1	-1	-1	-1	-1	
59	55	c9a9a1ce92b4ac80	3			yes					-1	60	-1	
60	59	7ed137ea461f8128	5			yes					-1	-1	-1	-1	-1	
61	55	0ed877301dc80fff	3			yes					-1	-1	62	
62	61	94f87f70371777d8	5			yes					-1	-1	-1	-1	-1	
63	55	c80c32eaec93eeb2	3			yes					-1	-1	-1	
64	1	f68fd78de7affa47	5			yes					65	72	78	81	82	
65	64	f9f233998440b78a	4			yes					66	67	68	69	
66	65	777e714d8f4af526	4			yes					-1	-1	-1	-1	
67	65	25da8631a9d85fa2	4			yes					-1	-1	-1	-1	
68	65	3f5e7ef8d23219a8	4			yes					-1	-1	-1	-1	
69	65	27cebab2750dce1c	3			yes					-1	70	-1	
70	69	5433458a2fc037a5	5			yes					-1	-1	-1	-1	71	
71	70	437cdda0edd09528	4			yes					-1	-1	-1	-1	
72	64	d3d4955639ead701	4			yes					-1	73	74	75	
73	72	74e79307aa85c1b7	5			yes					-1	-1	-1	-1	-1	
74	72	6ec40f794cec24a9	5			yes					-1	-1	-1	-1	-1	
75	72	0de81c7dc8a7ae97	3			yes					-1	76	77	
76	75	1e4fc0fec8f37404	5			yes					-1	-1	-1	-1	-1	
77	75	94d990b605d11b89	5			yes					-1	-1	-1	-1	-1	
78	64	14a543a8b696747e	4			yes					-1	-1	79	80	
79	78	6ee5e0bf7e2a48f8	5			yes					-1	-1	-1	-1	-1	
80	78	ca99ca8347db0de8	3			yes					-1	-1	-1	
81	64	1630bbc11dde9724	4			yes					-1	-1	-1	-1	
82	64	28b35ea616e283d1	4			yes					-1	-1	-1	-1	
83	0	d4c09fa6d8b0ca00	5			yes					-1	84	121	136	145	
84	83	0db2663666369bb3	5			yes					85	98	106	116	120	
85	84	84d3e8c3cfe7ecd6	4			yes					86	87	91	94	
86	85	f5d35f19493bd7ff	5			yes					-1	-1	-1	-1	-1	
87	85	3f85ded018aae676	5			yes					-1	88	-1	89	90	
88	87	c58a5effd133eb8a	4			yes					-1	-1	-1	-1	
89	87	7ae845794517bc62	4			yes					-1	-1	-1	-1	
90	87	6c5294095b7dc9c7	4			yes					-1	-1	-1	-1	
91	85	05beb7f99e3c3bef	5			yes					-1	92	-1	-1	93	
92	91	ffb137d657a53613	4			yes					-1	-1	-1	-1	
93	91	7bc58884824f42a7	4			yes					-1	-1	-1	-1	
94	85	9af4cac48073e141	5			yes					-1	95	96	-1	97	
95	94	60fb4aeb49eaecbd	4			yes					-1	-1	-1	-1	
96	94	931e4e62e5069d96	4			yes					-1	-1	-1	-1	
97	94	78def7caf623834e	4			yes					-1	-1	-1	-1	
98	84	e285be479c78148d	4			yes					-1	99	100	101	
99	98	9592a0817de4bba2	4			yes					-1	-1	-1	-1	
100	98	ac466fbb6084467c	4			yes					-1	-1	-1	-1	
101	98	e9a6488deb680907	3			yes					102	103	105	
102	101	3a453f2b1ab1c4ca	5			yes					-1	-1	-1	-1	-1	
103	101	f65182ba2802007c	5			yes					-1	-1	-1	-1	104	
104	103	e11e1a90ea12a2f1	4			yes					-1	-1	-1	-1	
105	101	dedd2b0f2f50a210	5			yes					-1	-1	-1	-1	-1	
106	84	8dcacc02defe88b2	4			yes					-1	-1	107	108	
107	106	37697597375d1054	5			yes					-1	-1	-1	-1	-1	
108	106	d4697a4e98e5e20a	6			yes					109	111	113	-1	-1	115	
109	108	9c94337e068e345c	5			yes					-1	-1	-1	-1	110	
110	109	8bdbab54c49e96d1	4			yes					-1	-1	-1	-1	
111	108	ba724120a4c64681	5			yes					-1	-1	-1	-1	112	
112	111	ad3dd90a66d6e40c	4			yes					-1	-1	-1	-1	
113	108	9f38ec32f749dbda	5			yes					-1	-1	-1	-1	114	
114	113	8877741835597957	4			yes					-1	-1	-1	-1	
115	108	c326e2645af54087	5			yes					-1	-1	-1	-1	-1	
116	84	ed0d0a7a9c47f6d0	4			yes					-1	-1	-1	117	
117	116	e62efcb0eb57eb5a	3			yes					118	-1	119	
118	117	5c70aed5855466eb	5			yes					-1	-1	-1	-1	-1	
119	117	6ea76cbb2c354d50	5			yes					-1	-1	-1	-1	-1	
120	84	069190fc11268639	4			yes					-1	-1	-1	-1	
121	83	325584170aa88975	4			yes					122	131	133	135	
122	121	bb340ae2a379fe10	3			yes					123	-1	124	
123	122	a5d9290f266dbbb9	4			yes					-1	-1	-1	-1	
124	122	4ec97e4f960d48fe	6			yes					-1	125	127	-1	129	130	
125	124	1d4e2e01397eb626	5			yes					-1	-1	-1	-1	126	
126	125	0a01b62bfb6e14ab	4			yes					-1	-1	-1	-1	
127	124	3af1299b1ef5f2a9	5			yes					-1	-1	-1	-1	128	
128	127	2dbeb1b1dce55024	4			yes					-1	-1	-1	-1	
129	124	fcbc77e520848ab5	5			yes					-1	-1	-1	-1	-1	
130	124	5986e665541dea73	5			yes					-1	-1	-1	-1	-1	
131	121	bc21dba72bd69a5e	3			yes					-1	-1	132	
132	131	2be487eeb0884295	5			yes					-1	-1	-1	-1	-1	
133	121	0c36278fffbf79c4	3			yes					-1	-1	134	
134	133	5ed4860bf228cb90	5			yes					-1	-1	-1	-1	-1	
135	121	397672dd7db894ff	3			yes					-1	-1	-1	
136	83	d7c97d4374f1243e	4			yes					137	141	143	144	
137	136	5ea8f3b6dd20535b	3			yes					138	139	140	
138	137	bbd0cd190dcf821a	5			yes					-1	-1	-1	-1	-1	
139	137	e5fb617faa97a081	5			yes					-1	-1	-1	-1	-1	
140	137	1600d3d5fc7a8535	5			yes					-1	-1	-1	-1	-1	
141	136	59bd22f3558f3715	3			yes					-1	142	-1	
142	141	bbbce2757e15ea76	5			yes					-1	-1	-1	-1	-1	
143	136	23eb00ba28cd0b3a	3			yes					-1	-1	-1	
144	136	f337acbcd4934b4a	3			yes					-1	-1	-1	
145	83	cdb449dbdfaf5fbf	5			yes					146	155	159	163	164	
146	145	44d5c72e767e28da	4			yes					147	148	149	151	
147	146	6db1129527a3dbaf	4			yes					-1	-1	-1	-1	
148	146	e3c1d8611ccfe357	5			yes					-1	-1	-1	-1	-1	
149	146	7ec007e3c3b254e1	5			yes					-1	-1	-1	-1	150	
150	149	4edd373534e07771	4			yes					-1	-1	-1	-1	
151	146	9ae94e058733514c	3			yes					152	154	-1	
152	151	ed4e124c265bff05	5			yes					-1	-1	-1	-1	153	
153	152	fa018a66e44b5d88	4			yes					-1	-1	-1	-1	
154	151	1ee4c4b39fa03e50	5			yes					-1	-1	-1	-1	-1	
155	145	43c0166bfed14c94	4			yes					-1	156	157	158	
156	155	44acb56acee49bc7	5			yes					-1	-1	-1	-1	-1	
157	155	3086143ef6d9eb89	4			yes					-1	-1	-1	-1	
158	155	9dfc9f400f9c3502	3			yes					-1	-1	-1	
159	145	39963422839370bb	4			yes					-1	-1	160	161	
160	159	87159651a1a36631	5			yes					-1	-1	-1	-1	-1	
161	159	e7aabd0972de092d	3			yes					-1	-1	162	
162	161	7d08099ee89e5911	5			yes					-1	-1	-1	-1	-1	
163	145	2d0b259725de32dc	4			yes					-1	-1	-1	-1	
164	145	1388c0f02ee22629	4			yes					-1	-1	-1	-1	
165	0	80f6a31576edc925	5			yes					-1	-1	166	198	207	
166	165	ce651ce91be7fb1f	5			yes					167	182	191	194	197	
167	166	4704921cb2368c7a	4			yes					168	171	172	174	
168	167	f195e1f91d30b783	5			yes					-1	169	170	-1	-1	
169	168	ba14239e0cf136ca	4			yes					-1	-1	-1	-1	
170	168	4e57634547eab93f	4			yes					-1	-1	-1	-1	
171	167	4a86316645ee3059	5			yes					-1	-1	-1	-1	-1	
172	167	66c46399c45fef25	5			yes					-1	-1	-1	-1	173	
173	172	fd72bc65ea20b8bf	4			yes					-1	-1	-1	-1	
174	167	1b86374f90d37ced	6			yes					-1	175	177	-1	179	181	
175	174	23510d4debafb654	5			yes					-1	-1	-1	-1	176	
176	175	341e956729bf14d9	4			yes					-1	-1	-1	-1	
177	174	f005b9bcd682c91f	5			yes					-1	-1	-1	-1	178	
178	177	e74a219614926b92	4			yes					-1	-1	-1	-1	
179	174	a9f33ee5265abea6	5			yes					-1	-1	-1	-1	180	
180	179	bebca6cfe44a1c2b	4			yes					-1	-1	-1	-1	
181	174	0cc9af6552c3de60	5			yes					-1	-1	-1	-1	-1	
182	166	8d7de7eecb519f8e	4			yes					-1	183	184	186	
183	182	2c514fab21fb7b7c	5			yes					-1	-1	-1	-1	-1	
184	182	7e8ef34617adb61f	5			yes					-1	-1	-1	-1	185	
185	184	e5382cba39d2e185	4			yes					-1	-1	-1	-1	
186	182	865e1124bc418204	3			yes					187	189	190	
187	186	3e0381cb4ebaa4b6	5			yes					-1	-1	188	-1	-1	
188	187	81c103771460aa0a	4			yes					-1	-1	-1	-1	
189	186	e3c72f9972716849	5			yes					-1	-1	-1	-1	-1	
190	186	00459525dd812001	5			yes					-1	-1	-1	-1	-1	
191	166	b39431c274de8286	4			yes					-1	-1	-1	192	
192	191	b8b7c70803ce9f0c	3			yes					193	-1	-1	
193	192	851051541664236c	5			yes					-1	-1	-1	-1	-1	
194	166	bcabae13614e77e7	4			yes					-1	-1	-1	195	
195	194	0f543b62bc7b02c7	6			yes					-1	-1	-1	-1	-1	196	
196	195	181ba3487e6ba04a	5			yes					-1	-1	-1	-1	-1	
197	166	c546ea236cf7e695	4			yes					-1	-1	-1	-1	
198	165	8be8f902ff13d10e	4			yes					199	203	205	206	
199	198	028977f756c2a66b	3			yes					200	202	-1	
200	199	f5d19a615d6357d7	5			yes					-1	-1	-1	-1	201	
201	200	1362bc8afd91174d	4			yes					-1	-1	-1	-1	
202	199	2c6145cfa71626e0	5			yes					-1	-1	-1	-1	-1	
203	198	c8f002052fa5b59f	3			yes					-1	204	-1	
204	203	d48a6c20ff002c92	5			yes					-1	-1	-1	-1	-1	
205	198	2ecd0bb0f6ae1099	3			yes					-1	-1	-1	
206	198	6f5c874070dad263	3			yes					-1	-1	-1	
207	165	6f160834ec1bdb37	5			yes					208	218	224	226	227	
208	207	e67786c145caac52	4			yes					209	212	213	214	
209	208	2aaf38f51e71f499	5			yes					-1	210	211	-1	-1	
210	209	612efa920fb075d0	4			yes					-1	-1	-1	-1	
211	209	39e7387c0e03b1b0	4			yes					-1	-1	-1	-1	
212	208	e7fab86afe2229bd	5			yes					-1	-1	-1	-1	-1	
213	208	6354080158931598	5			yes					-1	-1	-1	-1	-1	
214	208	384b0feab487d5c4	3			yes					215	216	217	
215	214	928903fe0412ef23	5			yes					-1	-1	-1	-1	-1	
216	214	fad202a9900133f5	5			yes					-1	-1	-1	-1	-1	
217	214	d9694ae34efee84d	5			yes					-1	-1	-1	-1	-1	
218	207	2c0ef3333cadbfa6	4			yes					-1	219	220	221	
219	218	61459ab59bde4250	5			yes					-1	-1	-1	-1	-1	
220	218	7b1e98de8b614ca2	5			yes					-1	-1	-1	-1	-1	
221	218	f2327a18cde0c630	3			yes					-1	222	223	
222	221	7c6d2076f5fd5818	5			yes					-1	-1	-1	-1	-1	
223	221	c123da3c9d0cb177	5			yes					-1	-1	-1	-1	-1	
224	207	ca33fa86e5a61aa0	4			yes					-1	-1	-1	225	
225	224	140f73ad14eb6336	3			yes					-1	-1	-1	
226	207	b1600e6b8197abf5	4			yes					-1	-1	-1	-1	
227	207	b12a811f1d56a2a1	4			yes					-1	-1	-1	-1	
228	0	ce5d577f969a96dc	5			yes					-1	-1	-1	229	248	
229	228	61f64287f34037ed	5			yes					230	237	242	245	247	
230	229	e897cc725a914088	4			yes					231	233	235	236	
231	230	583cdaccd33d1b64	5			yes					-1	-1	-1	-1	232	
232	231	be8ffc2773cf5bfe	4			yes					-1	-1	-1	-1	
233	230	a1aa15eb4032907d	5			yes					-1	-1	-1	-1	234	
234	233	47193300e0c0d0e7	4			yes					-1	-1	-1	-1	
235	230	141fbd0c95277e03	5			yes					-1	-1	-1	-1	-1	
236	230	40a1c4a1271bb4ec	5			yes					-1	-1	-1	-1	-1	
237	229	22eeb98023f6537c	4			yes					-1	238	240	241	
238	237	a0badc18e9baa3af	5			yes					-1	-1	-1	-1	239	
239	238	4609faf34948e335	4			yes					-1	-1	-1	-1	
240	237	ed8ef477d800c8ae	5			yes					-1	-1	-1	-1	-1	
241	237	9e525657123a4cc2	5			yes					-1	-1	-1	-1	-1	
242	229	47088ef5f8e0b92d	4			yes					-1	-1	243	244	
243	242	ea3a59cec040b6cb	5			yes					-1	-1	-1	-1	-1	
244	242	d043bb683fb508e0	5			yes					-1	-1	-1	-1	-1	
245	229	765a505a0d94091a	4			yes					-1	-1	-1	246	
246	245	ec87b98072c79d34	3			yes					-1	-1	-1	
247	229	fb2bab5d8c13a3c3	4			yes					-1	-1	-1	-1	
248	228	44a756f9b3f697b4	5			yes					249	259	266	269	270	
249	248	cdc6d80c1a27e0d1	4			yes					250	253	255	256	
250	249	87427858902fb82a	5			yes					-1	251	252	-1	-1	
251	250	cda478a745183e45	4			yes					-1	-1	-1	-1	
252	250	3880fae4caf5b696	4			yes					-1	-1	-1	-1	
253	249	7ed4b77f03203333	5			yes					-1	254	-1	-1	-1	
254	253	46cd11cdab10afa0	4			yes					-1	-1	-1	-1	
255	249	738b4f6ec818f3cd	4			yes					-1	-1	-1	-1	
256	249	13fa5127eb6a9947	3			yes					257	258	-1	
257	256	3f6443538a4ca390	5			yes					-1	-1	-1	-1	-1	
258	256	c6f28c7419432889	5			yes					-1	-1	-1	-1	-1	
259	248	07bfadfe6340f325	4			yes					-1	260	263	264	
260	259	7fc47e8caaa800e1	5			yes					261	-1	262	-1	-1	
261	260	373937bc34c3d6b7	4			yes					-1	-1	-1	-1	
262	260	5883be327104c021	4			yes					-1	-1	-1	-1	
263	259	80d04c90b7ee8d43	4			yes					-1	-1	-1	-1	
264	259	d98324d5920d8ab3	3			yes					-1	265	-1	
265	264	c7e24587b0cb1b5b	5			yes					-1	-1	-1	-1	-1	
266	248	62599a8bb8561974	4			yes					-1	-1	267	268	
267	266	8764e129afaef326	4			yes					-1	-1	-1	-1	
268	266	bc6513a0491b60e2	3			yes					-1	-1	-1	
269	248	32bb30ab838ae4a2	4			yes					-1	-1	-1	-1	
270	248	9a9bdfd242bbee22	4			yes					-1	-1	-1	-1	
271	0	e9a736d746cded8a	5			yes					-1	-1	-1	-1	272	
272	271	b66d900b5ddd216a	4			yes					273	279	285	292	
273	272	ebf861ac562f8674	4			yes					274	276	278	-1	
274	273	e48585b835c0cbb9	3			yes					-1	275	-1	
275	274	ec64750485e98b08	5			yes					-1	-1	-1	-1	-1	
276	273	cea32377886aab32	3			yes					-1	277	-1	
277	276	7f1102ca63400a8a	5			yes					-1	-1	-1	-1	-1	
278	273	09d2f5890716084d	3			yes					-1	-1	-1	
279	272	d0c3fffa6e2f238c	4			yes					280	283	284	-1	
280	279	59a2710fc7fe54e9	3			yes					281	282	-1	
281	280	0cfe26851da37ac6	5			yes					-1	-1	-1	-1	-1	
282	280	e43b545f8fc82b23	5			yes					-1	-1	-1	-1	-1	
283	279	5eb7a04a4f5130a7	3			yes					-1	-1	-1	
284	279	24e1820332130c88	3			yes					-1	-1	-1	
285	272	a8ebc74c3d1a14f4	4			yes					286	289	291	-1	
286	285	218a49b994cb6391	3			yes					287	288	-1	
287	286	f411af41783cdc75	5			yes					-1	-1	-1	-1	-1	
288	286	9b4fae53b77ade3c	5			yes					-1	-1	-1	-1	-1	
289	285	ebf33c4bedac7065	3			yes					-1	290	-1	
290	289	63a487bcef6cd44e	5			yes					-1	-1	-1	-1	-1	
291	285	0dce35fe34a7d563	3			yes					-1	-1	-1	
292	272	536d9390ce2d490a	5			yes					293	296	298	299	-1	
293	292	da0c1d6567fc3e6f	4			yes					294	295	-1	-1	
294	293	59fcefecf66290c6	5			yes					-1	-1	-1	-1	-1	
295	293	a06a20cb656d1bdf	5			yes					-1	-1	-1	-1	-1	
296	292	107568971e9b2d9b	4			yes					-1	297	-1	-1	
297	296	a17ae938cce5280d	5			yes					-1	-1	-1	-1	-1	
298	292	75935fe2c58dc7ca	4			yes					-1	-1	-1	-1	
299	292	44c1814d30f977fd	4			yes					-1	-1	-1	-1	
300	0	9a07be96e8498fa8	5			yes					-1	-1	-1	-1	-1	
