Number of nodes
822
ID	PID	Hash_Value			File_Number	Fully_Enumerated	Children
0	-1	e8e6430837aebda6	7			no					1	-2	-2	-2	-2	-2	-2	
1	0	df8f6a8aec5c2fac	6			no					2	-2	-2	-2	-2	-2	
2	1	25f3ac08d4f2e0f3	5			no					3	-2	-2	-2	-2	
3	2	fa9ce91febf9d83a	4			no					4	-2	-2	-2	
4	3	5c1126b044aaebb6	3			no					5	-2	-2	
5	4	f909fca9cfe5a4ed	4			no					6	-2	-2	-2	
6	5	115244dcf4ea731a	3			no					7	-2	-2	
7	6	1da30543f5adae85	5			no					8	-2	-2	-2	-2	
8	7	8691532fce49365f	4			no					9	-2	-2	-2	
9	8	f963271a9b464066	3			no					10	-2	-2	
10	9	63c310d41b02185f	5			no					11	467	802	-2	-2	
11	10	1c1968ec5e45aa18	4			yes					12	69	118	322	
12	11	b2cbe6dab17489ce	5			yes					13	20	25	40	59	
13	12	5e9671926669de88	4			yes					-1	-1	14	17	
14	13	c3d57339a055f98b	5			yes					-1	15	-1	-1	16	
15	14	4a58bb5b9a0197bf	4			yes					-1	-1	-1	-1	
16	14	16e9f9e28c71a69d	4			yes					-1	-1	-1	-1	
17	13	c9b2b9b17262bcdf	3			yes					-1	-1	18	
18	17	dc66788609d144f3	5			yes					-1	19	-1	-1	-1	
19	18	55ebb0e433852ac7	4			yes					-1	-1	-1	-1	
20	12	6ee30718d1255829	4			yes					-1	-1	21	23	
21	20	27a72fcd93b18419	5			yes					22	-1	-1	-1	-1	
22	21	f1b661f1e4f0701f	4			yes					-1	-1	-1	-1	
23	20	f9c7cf3bc52e3a7e	3			yes					-1	-1	24	
24	23	381424723a353961	5			yes					-1	-1	-1	-1	-1	
25	12	eb4bf1ed7ad18740	4			yes					-1	-1	26	35	
26	25	b9ca404503e58d41	6			yes					27	29	30	32	33	34	
27	26	6fdb0e7974a47947	5			yes					-1	-1	-1	-1	28	
28	27	d26c130d649b33c5	4			yes					-1	-1	-1	-1	
29	26	cd9cacf3e4e3b32b	5			yes					-1	-1	-1	-1	-1	
30	26	3047882739b1e375	5			yes					-1	-1	-1	-1	31	
31	30	8df09553298ea9f7	4			yes					-1	-1	-1	-1	
32	26	0d8053f6083733ad	5			yes					-1	-1	-1	-1	-1	
33	26	2237642fb1fe5036	5			yes					-1	-1	-1	-1	-1	
34	26	047d5d3113dac7c3	5			yes					-1	-1	-1	-1	-1	
35	25	7c6f39ce6edae517	3			yes					-1	-1	36	
36	35	6b6c3692651254bd	6			yes					37	38	39	-1	-1	-1	
37	36	bd7d78ae1253a0bb	5			yes					-1	-1	-1	-1	-1	
38	36	1f3ada2482146ad7	5			yes					-1	-1	-1	-1	-1	
39	36	e2e1fef05f463a89	5			yes					-1	-1	-1	-1	-1	
40	12	f901698ccee68b7b	6			yes					41	47	51	55	57	58	
41	40	2f1027b0b9a77f7d	5			yes					42	43	44	45	46	
42	41	5b46cb065ea14117	4			yes					-1	-1	-1	-1	
43	41	a69defd283f31149	4			yes					-1	-1	-1	-1	
44	41	9b5a3403b275c191	4			yes					-1	-1	-1	-1	
45	41	9cadbdbcfaa4b1a4	4			yes					-1	-1	-1	-1	
46	41	fa2cad6b9583206b	4			yes					-1	-1	-1	-1	
47	40	8d57853a29e0b511	5			yes					-1	48	49	-1	50	
48	47	04da4d5813b4db25	4			yes					-1	-1	-1	-1	
49	47	391d968922320bfd	4			yes					-1	-1	-1	-1	
50	47	586b0fe105c4ea07	4			yes					-1	-1	-1	-1	
51	40	708ca1eef4b2e54f	5			yes					-1	-1	52	53	54	
52	51	c4c6b25dff605ba3	4			yes					-1	-1	-1	-1	
53	51	c3313be2b7b12b96	4			yes					-1	-1	-1	-1	
54	51	a5b02b35d896ba59	4			yes					-1	-1	-1	-1	
55	40	4d4b7a3fc5343597	5			yes					-1	-1	-1	-1	56	
56	55	9877f0e4e9106a81	4			yes					-1	-1	-1	-1	
57	40	4abcf3808de545a2	5			yes					-1	-1	-1	-1	-1	
58	40	2c3de357e2c2d46d	5			yes					-1	-1	-1	-1	-1	
59	12	25ef2ef9a57feb99	4			yes					-1	-1	-1	60	
60	59	e6b2623367623603	6			yes					61	64	66	67	68	-1	
61	60	30a32c0f1023c205	5			yes					62	63	-1	-1	-1	
62	61	44f5c0b9f725fc6f	4			yes					-1	-1	-1	-1	
63	61	b92ee46d2a77ac31	4			yes					-1	-1	-1	-1	
64	60	92e48e8580640869	5			yes					-1	65	-1	-1	-1	
65	64	1b6946e7ba30665d	4			yes					-1	-1	-1	-1	
66	60	6f3faa515d365837	5			yes					-1	-1	-1	-1	-1	
67	60	52f871806cb088ef	5			yes					-1	-1	-1	-1	-1	
68	60	550ff83f2461f8da	5			yes					-1	-1	-1	-1	-1	
69	11	06e845554fc3fcc7	5			yes					70	82	93	97	107	
70	69	cf7f1e93f5896b9b	4			yes					-1	-1	-1	71	
71	70	9615bef315c4fefe	7			yes					-1	-1	73	76	77	78	81	
72	71	dc01082dd5f2f3f7	6			no					-1	-2	-2	-2	-2	-2	
73	71	dce3eefded4e305f	6			yes					-1	-1	-1	-1	74	75	
74	73	d9905a09c2fcb5ac	5			yes					-1	-1	-1	-1	-1	
75	73	115f297dbb8e0c77	5			yes					-1	-1	-1	-1	-1	
76	71	83e563357b71030f	6			yes					-1	-1	-1	-1	-1	-1	
77	71	c13880263f91f210	6			yes					-1	-1	-1	-1	-1	-1	
78	71	93660a073a767b0d	6			yes					-1	-1	-1	-1	79	80	
79	78	c44b34d2102377e3	5			yes					-1	-1	-1	-1	-1	
80	78	5edacd876cb64725	5			yes					-1	-1	-1	-1	-1	
81	71	5ba979734304c2d6	6			yes					-1	-1	-1	-1	-1	-1	
82	69	69958f094d9bc505	4			yes					-1	83	87	88	
83	82	fcc03b98240f0f97	3			yes					-1	-1	84	
84	83	83f8abe9197b8cad	6			yes					-1	-1	-1	-1	85	86	
85	84	868b1f1d36c9095e	5			yes					-1	-1	-1	-1	-1	
86	84	4e446c694fbbb085	5			yes					-1	-1	-1	-1	-1	
87	82	73c201c98688cd0f	5			yes					-1	-1	-1	-1	-1	
88	82	118c53e379820b4b	3			yes					89	-1	90	
89	88	8b90d2c61bf2019b	6			yes					-1	-1	-1	-1	-1	-1	
90	88	be77f3320111559e	5			yes					91	-1	-1	92	-1	
91	90	6866bd0e7650a198	4			yes					-1	-1	-1	-1	
92	90	ab872ef46fa4a86f	4			yes					-1	-1	-1	-1	
93	69	93bdf1c426573655	4			yes					-1	-1	94	95	
94	93	d029058dd5de85aa	5			yes					-1	-1	-1	-1	-1	
95	93	eba42d2e124ef81b	3			yes					-1	-1	96	
96	95	85098da91d3a6a68	5			yes					-1	-1	-1	-1	-1	
97	69	6e476dfc88be326a	6			yes					98	100	102	104	106	-1	
98	97	b85623c0ffffc66c	5			yes					-1	-1	99	-1	-1	
99	98	f2a073ce077508cd	4			yes					-1	-1	-1	-1	
100	97	b47621e36c342b14	5			yes					-1	-1	-1	-1	-1	
101	100	fe8071ed94bee5b5	4			yes					-1	-1	-1	-1	
102	97	2453db2248883f63	5			yes					-1	-1	103	-1	-1	
103	102	6ea58b2cb002f1c2	4			yes					-1	-1	-1	-1	
104	97	24b13df27034fccb	5			yes					-1	-1	-1	105	-1	
105	104	3141e0341e81013a	4			yes					-1	-1	-1	-1	
106	97	7bb7b03ae60bcf9b	5			yes					-1	-1	-1	-1	-1	
107	69	7ef199bf7bda3289	4			yes					-1	-1	-1	108	
108	107	a3f29f070f27aafb	6			yes					109	112	113	114	116	117	
109	108	75e3d13b78665efd	5			yes					-1	-1	110	111	-1	
110	109	3f15813580ec905c	4			yes					-1	-1	-1	-1	
111	109	60130cfd16d3a30c	4			yes					-1	-1	-1	-1	
112	108	79c3d318ebadb385	5			yes					-1	-1	-1	-1	-1	
113	108	e9e629d9cf11a7f2	5			yes					-1	-1	-1	-1	-1	
114	108	e904cf09f7ad645a	5			yes					-1	-1	-1	115	-1	
115	114	fcf412cf991899ab	4			yes					-1	-1	-1	-1	
116	108	b60242c16192570a	5			yes					-1	-1	-1	-1	-1	
117	108	19323935c5c2d321	5			yes					-1	-1	-1	-1	-1	
118	11	e83a7e3e3e7858e0	5			yes					119	152	194	237	285	
119	118	a8b9e418eb92a22b	7			yes					120	128	133	141	146	149	151	
120	119	b45c2c5cfb78d7b9	6			yes					-1	121	123	-1	125	127	
121	120	feaa7c5203f21918	5			yes					-1	-1	-1	-1	122	
122	121	f73a320f5ff8bd12	4			yes					-1	-1	-1	-1	
123	120	9dcba6535eeb48ff	5			yes					-1	-1	-1	-1	124	
124	123	945be80e02e1ecf5	4			yes					-1	-1	-1	-1	
125	120	9358b88e8226363d	5			yes					-1	-1	-1	-1	126	
126	125	9ac8f6d3de2c9237	4			yes					-1	-1	-1	-1	
127	120	bdcc6201a77273b3	5			yes					-1	-1	-1	-1	-1	
128	119	e2ad52c62ba4af22	6			yes					-1	129	130	-1	131	132	
129	128	a85b02c8d32e6183	5			yes					-1	-1	-1	-1	-1	
130	128	cb3ad8c98e373064	5			yes					-1	-1	-1	-1	-1	
131	128	c5a9c61452fa4ea6	5			yes					-1	-1	-1	-1	-1	
132	128	eb3d1c9b77ae0b28	5			yes					-1	-1	-1	-1	-1	
133	119	e24fb41613186c8a	6			yes					-1	-1	134	137	138	140	
134	133	cbd83e19b68bf3cc	5			yes					-1	-1	-1	135	136	
135	134	ecdcaacbcfd51248	4			yes					-1	-1	-1	-1	
136	134	c2487044ea8157c6	4			yes					-1	-1	-1	-1	
137	133	51f22e1a501ba253	5			yes					-1	-1	-1	-1	-1	
138	133	c54b20c46a468d0e	5			yes					-1	-1	-1	-1	139	
139	138	ccdb6e99364c2904	4			yes					-1	-1	-1	-1	
140	133	ebdffa4b4f12c880	5			yes					-1	-1	-1	-1	-1	
141	119	812e6e174e013d6d	6			yes					-1	-1	-1	142	143	145	
142	141	3293f41b0d02f3b4	5			yes					-1	-1	-1	-1	-1	
143	141	a62afac5375fdce9	5			yes					-1	-1	-1	-1	144	
144	143	afbab4986b5578e3	4			yes					-1	-1	-1	-1	
145	141	88be204a120b9967	5			yes					-1	-1	-1	-1	-1	
146	119	1b047e14a8916cf2	6			yes					-1	-1	-1	-1	147	148	
147	146	3c00eac6d1cf8d76	5			yes					-1	-1	-1	-1	-1	
148	146	12943049f49bc8f8	5			yes					-1	-1	-1	-1	-1	
149	119	8fbd70ca92cc43af	6			yes					-1	-1	-1	-1	-1	150	
150	149	862d3e97cec6e7a5	5			yes					-1	-1	-1	-1	-1	
151	119	a129aa45b7980621	6			yes					-1	-1	-1	-1	-1	-1	
152	118	a5f9424a6685c5a4	7			yes					153	167	175	181	187	191	193	
153	152	73e80c7611c431a2	6			yes					154	156	158	161	164	166	
154	153	a9d94069f54e28dc	5			yes					-1	-1	-1	-1	155	
155	154	a0490e34a9448cd6	4			yes					-1	-1	-1	-1	
156	153	6e8f8693274e0d6f	5			yes					-1	-1	-1	-1	157	
157	156	671fc8ce7b44a965	4			yes					-1	-1	-1	-1	
158	153	5a7f8679b457aee4	5			yes					-1	-1	-1	159	160	
159	158	7d7b12abcd094f60	4			yes					-1	-1	-1	-1	
160	158	53efc824e85d0aee	4			yes					-1	-1	-1	-1	
161	153	c055967a52c7ff7b	5			yes					-1	-1	-1	-1	162	
162	161	86e6b05684dbd520	7			yes					-1	-1	-1	-1	-1	-1	163	
163	162	8827b38a2b590f35	6			yes					-1	-1	-1	-1	-1	-1	
164	153	54ec98a4689ad026	5			yes					-1	-1	-1	-1	165	
165	164	5d7cd6f93490742c	4			yes					-1	-1	-1	-1	
166	153	7a78422b4dce95a8	5			yes					-1	-1	-1	-1	-1	
167	152	7fc80e55820fdcda	6			yes					-1	168	169	-1	171	173	
168	167	62af84b0b485e017	5			yes					-1	-1	-1	-1	-1	
169	167	565f845a279c439c	5			yes					-1	-1	-1	-1	170	
170	169	5fcfca077b96e796	4			yes					-1	-1	-1	-1	
171	167	58cc9a87fb513d5e	5			yes					-1	-1	-1	-1	172	
172	171	515cd4daa75b9954	4			yes					-1	-1	-1	-1	
173	167	76584008de0578d0	5			yes					-1	-1	-1	174	-1	
174	173	fd94bbf8e917cb3a	7			yes					-1	-1	-1	-1	-1	-1	-1	
175	152	b89ec8af500ff969	6			yes					-1	-1	176	-1	178	180	
176	175	910942a0f59c662f	5			yes					-1	-1	-1	-1	177	
177	176	98990cfda996c225	4			yes					-1	-1	-1	-1	
178	175	9f9a5c7d295118ed	5			yes					-1	-1	-1	-1	179	
179	178	960a1220755bbce7	4			yes					-1	-1	-1	-1	
180	175	b10e86f20c055d63	5			yes					-1	-1	-1	-1	-1	
181	152	8c6ec845c3165ae2	6			yes					-1	-1	-1	182	184	186	
182	181	3fd352498015943b	5			yes					-1	-1	-1	-1	183	
183	182	36431c14dc1f3031	4			yes					-1	-1	-1	-1	
184	181	ab6a5c97ba48bb66	5			yes					-1	-1	-1	-1	185	
185	184	a2fa12cae6421f6c	4			yes					-1	-1	-1	-1	
186	181	85fe86189f1cfee8	5			yes					-1	-1	-1	-1	-1	
187	152	1644d84625860b7d	6			yes					-1	-1	-1	-1	188	190	
188	187	31404c945cd8eaf9	5			yes					-1	-1	-1	-1	189	
189	188	966d8f476c446ae2	8			yes					-1	-1	-1	-1	-1	-1	-1	-1	
190	187	1fd4961b798caf77	5			yes					-1	-1	-1	-1	-1	
191	152	82fdd6981fdb2420	6			yes					-1	-1	-1	-1	-1	192	
192	191	8b6d98c543d1802a	5			yes					-1	-1	-1	-1	-1	
193	152	ac690c173a8f61ae	6			yes					-1	-1	-1	-1	-1	-1	
194	118	33bc12b0d9b45cab	4			yes					195	202	216	230	
195	194	9162f2ae3cd3c17d	5			yes					196	198	-1	199	201	
196	195	8d873aea2c39b4ef	4			yes					-1	-1	-1	197	
197	196	841774b7703310e5	3			yes					-1	-1	-1	
198	195	db764470fce5cc74	4			yes					-1	-1	-1	-1	
199	195	b666667c458d20f9	4			yes					-1	-1	-1	200	
200	199	bff62821198784f3	3			yes					-1	-1	-1	
201	195	98f2bcf360d96577	4			yes					-1	-1	-1	-1	
202	194	f65bf75e46949c82	6			yes					203	206	208	210	213	215	
203	202	204ab96231d56884	5			yes					-1	-1	-1	204	205	
204	203	074e2db0488b8900	4			yes					-1	-1	-1	-1	
205	203	29daf73f6ddfcc8e	4			yes					-1	-1	-1	-1	
206	202	2c6abb41a21e85fc	5			yes					-1	-1	-1	-1	207	
207	206	25faf51cfe1421f6	4			yes					-1	-1	-1	-1	
208	202	02dbbec95735ecb0	5			yes					-1	-1	-1	-1	209	
209	208	0b4bf0940b3f48ba	4			yes					-1	-1	-1	-1	
210	202	d634913ba73ed8c4	5			yes					-1	-1	-1	-1	211	
211	210	a61aa796cfb8b797	7			yes					-1	-1	-1	-1	-1	-1	212	
212	211	a8dba44a603a6d82	6			yes					-1	-1	-1	-1	-1	-1	
213	202	d15f638c3fca7d06	5			yes					-1	-1	-1	-1	214	
214	213	d8cf2dd163c0d90c	4			yes					-1	-1	-1	-1	
215	202	ffcbb9031a9e3888	5			yes					-1	-1	-1	-1	-1	
216	194	a4658e1c7e978db3	6			yes					217	219	221	225	227	229	
217	216	7274c02009d679b5	5			yes					-1	-1	-1	-1	218	
218	217	7be48e7d55dcddbf	4			yes					-1	-1	-1	-1	
219	216	7e54c2039a1d94cd	5			yes					-1	-1	-1	-1	220	
220	219	77c48c5ec61730c7	4			yes					-1	-1	-1	-1	
221	216	ee7138c2bea180ba	5			yes					-1	-1	-1	-1	222	
222	221	6602365b2962b811	7			yes					223	-1	-1	-1	-1	-1	224	
223	222	1f11d5f12f69db03	6			yes					-1	-1	-1	-1	-1	-1	
224	222	68c3358786e06204	6			yes					-1	-1	-1	-1	-1	-1	
225	216	9fe06f79120faf92	5			yes					-1	-1	-1	-1	226	
226	225	967021244e050b98	4			yes					-1	-1	-1	-1	
227	216	74211bc5636f665a	5			yes					-1	-1	-1	-1	228	
228	227	7db155983f65c250	4			yes					-1	-1	-1	-1	
229	216	adf5c041229d29b9	5			yes					-1	-1	-1	-1	-1	
230	194	65bc63221f06fe77	5			yes					231	233	234	-1	235	
231	230	b3ad2d1e68470a71	4			yes					-1	-1	-1	232	
232	231	7922ac7aede7e81f	3			yes					-1	-1	-1	
233	230	bf8d2f3dfb8ce709	4			yes					-1	-1	-1	-1	
234	230	2fa8d5fcdf30f37e	4			yes					-1	-1	-1	-1	
235	230	af33e2469aa61c19	4			yes					-1	236	-1	-1	
236	235	7502ae597e2c0567	3			yes					-1	-1	-1	
237	118	d719d8465ebaaf23	7			yes					238	253	263	272	278	282	284	
238	237	0108967a29fb5b25	6			yes					239	241	244	249	251	252	
239	238	db39da65cd71425b	5			yes					-1	-1	-1	-1	240	
240	239	d2a99438917be651	4			yes					-1	-1	-1	-1	
241	238	4b1c20a4e9cd562c	5			yes					-1	-1	-1	-1	242	
242	241	431ab56f2c4a68a2	7			yes					-1	-1	-1	-1	-1	-1	243	
243	242	4ddbb6b383c8b2b7	6			yes					-1	-1	-1	-1	-1	-1	
244	238	4bfec674d1719584	5			yes					-1	-1	245	-1	248	
245	244	62694c7b74e20ac2	4			yes					-1	-1	-1	246	
246	245	b1ae4d120a5c6e5a	7			yes					-1	-1	-1	-1	-1	-1	247	
247	246	bf6f4ecea5deb44f	6			yes					-1	-1	-1	-1	-1	-1	
248	244	426e88298d7b318e	4			yes					-1	-1	-1	-1	
249	238	289f1c758c68c463	5			yes					-1	-1	-1	-1	250	
250	249	210f5228d0626069	4			yes					-1	-1	-1	-1	
251	238	fad46e9d25afe19a	5			yes					-1	-1	-1	-1	-1	
252	238	0898d82775f1ff2f	5			yes					-1	-1	-1	-1	-1	
253	237	0d289459ba30b65d	6			yes					-1	-1	254	257	-1	261	
254	253	47dec45742ba78fc	5			yes					-1	-1	-1	-1	255	
255	254	4e4e8a0a1eb0dcf6	4			yes					-1	-1	256	-1	
256	255	20a8367e905b26cc	7			yes					-1	-1	-1	-1	-1	-1	-1	
257	253	24bf1e561fa3291b	5			yes					-1	-1	-1	-1	260	
258	257	8e8643b1147f2a11	7			no					-1	-1	-1	-1	-1	-1	259	
259	258	2e6935a23fd9fcd9	6			yes					-1	-1	-1	-1	-1	-1	
260	257	2d2f500b43a98d11	4			yes					-1	-1	-1	-1	
261	253	04b8da04e63a1257	5			yes					-1	262	-1	-1	-1	
262	261	70f8439d7b27a95f	7			yes					-1	-1	-1	-1	-1	-1	-1	
263	237	9d0d6e989e8ca22a	6			yes					-1	-1	264	269	-1	271	
264	263	d7fb3e9666066c8b	5			yes					-1	-1	265	-1	267	
265	264	eecb0726f425dedf	7			yes					-1	-1	-1	-1	-1	-1	266	
266	265	4e247135df830817	6			yes					-1	-1	-1	-1	-1	-1	
267	264	de6b70cb3a0cc881	4			yes					-1	-1	268	-1	
268	267	40e572e97001d202	7			yes					-1	-1	-1	-1	-1	-1	-1	
269	263	b49ae4973b1f3d6c	5			yes					-1	-1	-1	-1	270	
270	269	bd0aaaca67159966	4			yes					-1	-1	-1	-1	
271	263	949d20c5c2860620	5			yes					-1	-1	-1	-1	-1	
272	237	9def8848a6306182	6			yes					-1	-1	-1	273	275	277	
273	272	b478024703a3fec4	5			yes					-1	-1	-1	-1	274	
274	273	bde84c1a5fa95ace	4			yes					-1	-1	-1	-1	
275	272	663370afaa64db3d	5			yes					-1	-1	-1	-1	276	
276	275	6fa33ef2f66e7f37	4			yes					-1	-1	-1	-1	
277	272	947fc615fa3ac588	5			yes					-1	-1	-1	-1	-1	
278	237	fe8e5249fb293065	6			yes					-1	-1	-1	-1	279	281	
279	278	0552aaaef77d8ada	5			yes					-1	-1	-1	-1	280	
280	279	0cc2e4f3ab772ed0	4			yes					-1	-1	-1	-1	
281	278	f71e1c14a723946f	5			yes					-1	-1	-1	-1	-1	
282	237	2cc520a152ee159c	6			yes					-1	-1	-1	-1	-1	283	
283	282	25556efc0ee4b196	5			yes					-1	-1	-1	-1	-1	
284	237	de89961b02b00b29	6			yes					-1	-1	-1	-1	-1	-1	
285	118	24ecea23947ba45b	4			yes					286	293	-1	301	
286	285	4ca2bff34b6605cb	6			yes					287	288	289	291	292	-1	
287	286	504777b75b8c7059	5			yes					-1	-1	-1	-1	-1	
288	286	06b6092d8b5008c2	5			yes					-1	-1	-1	-1	-1	
289	286	0654effdb3eccb6a	5			yes					-1	-1	290	-1	-1	
290	289	2fc365f2167f542c	4			yes					-1	-1	-1	-1	
291	286	653535fceef59a8d	5			yes					-1	-1	-1	-1	-1	
292	286	ff1f25ff0865cb12	5			yes					-1	-1	-1	-1	-1	
293	285	41e219a1c6716244	6			yes					294	296	297	299	300	-1	
294	293	97f3579db1309642	5			yes					-1	-1	295	-1	-1	
295	294	be64dd9214a30904	4			yes					-1	-1	-1	-1	
296	293	9bd355be22fb7b3a	5			yes					-1	-1	-1	-1	-1	
297	293	5c859344f0fb5e89	5			yes					-1	-1	298	-1	-1	
298	297	7512194b5568c1cf	4			yes					-1	-1	-1	-1	
299	293	687593ae63e2fd02	5			yes					-1	-1	-1	-1	-1	
300	293	f25f83ad8572ac9d	5			yes					-1	-1	-1	-1	-1	
301	285	d1b92135ca37ff9f	7			yes					302	308	310	312	316	318	321	
302	301	07a86f09bd760b99	6			yes					-1	-1	303	305	-1	307	
303	302	4d5e3f0745fcc538	5			yes					-1	-1	-1	-1	304	
304	303	224f54a433345646	4			yes					-1	-1	-1	-1	
305	302	2e3fe50618e594df	5			yes					-1	-1	-1	-1	306	
306	305	412e8ea56e2d07a1	4			yes					-1	-1	-1	-1	
307	302	68b904aacbbe98e7	5			yes					-1	-1	-1	-1	-1	
308	301	0b886d2a2ebde6e1	6			yes					-1	-1	-1	-1	-1	309	
309	308	649906895875759f	5			yes					-1	-1	-1	-1	-1	
310	301	9bad97eb0a01f296	6			yes					-1	-1	-1	-1	-1	311	
311	310	f4bcfc487cc961e8	5			yes					-1	-1	-1	-1	-1	
312	301	9b4f713b32bd313e	6			yes					-1	-1	-1	313	-1	315	
313	312	b2d8fb34972eae78	5			yes					-1	-1	-1	-1	314	
314	313	ddc99097e1e63d06	4			yes					-1	-1	-1	-1	
315	312	f45e1a984475a240	5			yes					-1	-1	-1	-1	-1	
316	301	f82eab3a6fa460d9	6			yes					-1	-1	-1	-1	-1	317	
317	316	973fc099196cf3a7	5			yes					-1	-1	-1	-1	-1	
318	301	4a44055f782c22e8	6			yes					-1	-1	-1	319	320	-1	
319	318	00b2555180a6ec49	5			yes					-1	-1	-1	-1	-1	
320	318	63d38f50ddbfbdae	5			yes					-1	-1	-1	-1	-1	
321	301	bea84a96bcff6ce1	6			yes					-1	-1	-1	-1	-1	-1	
322	11	3fdeb02eee78677d	6			yes					323	374	426	445	465	466	
323	322	f649ebe85432f021	5			yes					324	339	347	364	373	
324	323	993421b4566ac9e3	4			yes					325	327	331	334	
325	324	1cc17179b1152b2d	5			yes					-1	-1	-1	-1	326	
326	325	eb280af9e1a3d286	4			yes					-1	-1	-1	-1	
327	324	ffa04d3dcd397843	6			yes					-1	-1	-1	-1	328	330	
328	327	da48067397f86583	5			yes					-1	-1	-1	-1	329	
329	328	dd03320cf8e44f74	4			yes					-1	-1	-1	-1	
330	327	f8eb7942a22552b4	5			yes					-1	-1	-1	-1	-1	
331	324	2c29414b508954a8	5			yes					-1	-1	332	-1	333	
332	331	05becb44f51acbee	4			yes					-1	-1	-1	-1	
333	331	9ba852a2c0f018c0	4			yes					-1	-1	-1	-1	
334	324	82de748d7c89bcaa	6			yes					-1	-1	335	-1	337	338	
335	334	ab49fe82d91a23ec	5			yes					-1	-1	-1	-1	336	
336	335	911d35e2642114e6	4			yes					-1	-1	-1	-1	
337	334	a1fc99c27dcb2fca	5			yes					-1	-1	-1	-1	-1	
338	334	b88abfedc1b28ba0	5			yes					-1	-1	-1	-1	-1	
339	323	2dcf8766b3fef46a	4			yes					-1	340	342	343	
340	339	5928333f06b2010b	5			yes					-1	-1	-1	-1	341	
341	340	b0c258103728bdfc	4			yes					-1	-1	-1	-1	
342	339	08773bc889fec89b	4			yes					-1	-1	-1	-1	
343	339	7ae7922f106b54fa	3			yes					344	345	346	
344	343	d17cc1995c98e58c	5			yes					-1	-1	-1	-1	-1	
345	343	1c00a34c6404ee22	5			yes					-1	-1	-1	-1	-1	
346	343	7579a9459c27669d	4			yes					-1	-1	-1	-1	
347	323	afc9fcdf9f97feaf	4			yes					-1	-1	348	352	
348	347	03852b59e87f3e0d	6			yes					-1	-1	349	350	-1	351	
349	348	49737b5710f5f0ac	5			yes					-1	-1	-1	-1	-1	
350	348	2a12a1564deca14b	5			yes					-1	-1	-1	-1	-1	
351	348	ae6d80f13fdef40b	5			yes					-1	-1	-1	-1	-1	
352	347	ed012dc727617e46	7			yes					-1	-1	353	357	-1	361	363	
353	352	a7f77dc9dfebb0e7	6			yes					-1	-1	-1	-1	354	356	
354	353	e56165947890edce	5			yes					-1	-1	-1	-1	355	
355	354	8a700e370e587eb0	4			yes					-1	-1	-1	-1	
356	353	c8e6166aa9232399	5			yes					-1	-1	-1	-1	-1	
357	352	c496a7c882f2e100	6			yes					-1	-1	-1	-1	358	360	
358	357	8600bf952589bc29	5			yes					-1	-1	-1	-1	359	
359	358	e911d43653412f57	4			yes					-1	-1	-1	-1	
360	357	ab87cc6bf43a727e	5			yes					-1	-1	-1	-1	-1	
361	352	af97359a801a236f	6			yes					-1	-1	-1	-1	-1	362	
362	361	c0865e39f6d2b011	5			yes					-1	-1	-1	-1	-1	
363	352	8210466451a9ed38	6			yes					-1	-1	-1	-1	-1	-1	
364	323	31ac2d7e5ebfabcd	6			yes					365	368	369	371	372	-1	
365	364	2d49e53a4e55de5f	5			yes					-1	366	367	-1	-1	
366	365	67bfb534b6df10fe	4			yes					-1	-1	-1	-1	
367	365	04de6f35ebc64119	4			yes					-1	-1	-1	-1	
368	364	7bb89ba09e89a6c4	5			yes					-1	-1	-1	-1	-1	
369	364	7b5a7d70a635656c	5			yes					-1	-1	370	-1	-1	
370	369	52cdf77f03a6fa2a	4			yes					-1	-1	-1	-1	
371	364	183ba771fb2c348b	5			yes					-1	-1	-1	-1	-1	
372	364	8211b7721dbc6514	5			yes					-1	-1	-1	-1	-1	
373	323	a161fea1f7a750b1	4			yes					-1	-1	-1	-1	
374	322	50a37a72ec205ebf	5			yes					-1	375	400	414	425	
375	374	8b2516fc0bec5af4	4			yes					-1	376	386	390	
376	375	0ea65597dfc80be6	6			yes					377	381	-1	-1	383	385	
377	376	d8b71baba889ffe0	5			yes					-1	-1	-1	378	380	
378	377	94578ec3f172d4d1	4			yes					-1	-1	-1	379	
379	378	931cbabc9e6efe26	3			yes					-1	-1	-1	
380	377	dffc2fd4c795d517	4			yes					-1	-1	-1	-1	
381	376	d49719883b421298	5			yes					-1	-1	-1	-1	382	
382	381	d3dc2df7545e386f	4			yes					-1	-1	-1	-1	
383	376	4246c0ff863320d7	5			yes					-1	-1	-1	-1	384	
384	383	450df480e92f0a20	4			yes					-1	-1	-1	-1	
385	376	09ed61e8b0d42111	5			yes					-1	-1	-1	-1	-1	
386	375	6f4e3e38f3b99564	5			yes					387	388	389	-1	-1	
387	386	b95f700484f86162	4			yes					-1	-1	-1	-1	
388	386	b57f722717338c1a	4			yes					-1	-1	-1	-1	
389	386	9bce77afe218e556	4			yes					-1	-1	-1	-1	
390	375	dc0d03b5a879fa64	3			yes					-1	391	398	
391	390	cc51269f6e6b0613	6			yes					392	395	-1	-1	396	397	
392	391	1a4068a3192af215	5			yes					-1	-1	-1	393	394	
393	392	fc0dd11fe8a66d58	4			yes					-1	-1	-1	-1	
394	392	755103006fe2616b	4			yes					-1	-1	-1	-1	
395	391	16606a808ae11f6d	5			yes					-1	-1	-1	-1	-1	
396	391	2a1c9f239fe7995e	5			yes					-1	-1	-1	-1	-1	
397	391	a3404d3c18a3956d	5			yes					-1	-1	-1	-1	-1	
398	390	1240acb5e6603b62	5			yes					399	-1	-1	-1	-1	
399	398	c451e2899121cf64	4			yes					-1	-1	-1	-1	
400	374	09236d4527855031	4			yes					-1	-1	401	408	
401	400	0ec58d0b65685982	6			yes					402	-1	-1	405	-1	407	
402	401	d8d4c3371229ad84	5			yes					-1	-1	-1	-1	403	
403	402	753c689fc5886782	4			yes					-1	-1	-1	-1	
404	401	e79e984bc59fc66c	8			no					-1	-1	-1	-1	-1	-1	-1	-2	
405	401	27520704c0fbc6c4	5			yes					-1	-1	-1	-1	406	
406	405	8abaacac175a0cc2	4			yes					-1	-1	-1	-1	
407	401	a32d26a3b2c99384	5			yes					-1	-1	-1	-1	-1	
408	400	5e0b780c8410f0a1	3			yes					409	-1	411	
409	408	f08441f229578123	6			yes					-1	-1	-1	-1	410	-1	
410	409	b21259af8e2cdc0a	5			yes					-1	-1	-1	-1	-1	
411	408	cc3c4d00c40100fa	6			yes					412	-1	-1	413	-1	-1	
412	411	1a2d033cb340f4fc	5			yes					-1	-1	-1	-1	-1	
413	411	e5abc70f61929fbc	5			yes					-1	-1	-1	-1	-1	
414	374	3cec8b2cd3a8cc42	6			yes					415	417	419	422	424	-1	
415	414	eafdc510a4e93844	5			yes					-1	-1	416	-1	-1	
416	415	c36a4f1f017aa702	4			yes					-1	-1	-1	-1	
417	414	e6ddc7333722d53c	5			yes					-1	-1	418	-1	-1	
418	417	cf4a4d3c92b14a7a	4			yes					-1	-1	-1	-1	
419	414	218b01c9e522f08f	5			yes					420	-1	421	-1	-1	
420	419	f79a4ff592630489	4			yes					-1	-1	-1	-1	
421	419	081c8bc640b16fc9	4			yes					-1	-1	-1	-1	
422	414	157b0123763b5304	5			yes					-1	-1	-1	423	-1	
423	422	f6f36e4de448e732	7			yes					-1	-1	-1	-1	-1	-1	-1	
424	414	8f51112090ab029b	5			yes					-1	-1	-1	-1	-1	
425	374	078b6f3b4fb5fe2f	4			yes					-1	-1	-1	-1	
426	322	e458dca009b46336	5			yes					-1	-1	427	438	444	
427	426	bdd8cb97c2116db8	4			yes					-1	-1	428	434	
428	427	8351cc9566cd046a	6			yes					429	-1	431	-1	432	433	
429	428	554082a9118cf06c	5			yes					-1	-1	-1	-1	430	
430	429	520bb6d67e90da9b	4			yes					-1	-1	-1	-1	
431	428	66afee326d37c3fb	7			yes					-1	-1	-1	-1	-1	-1	-1	
432	428	7afa61e75079e8a7	5			yes					-1	-1	-1	-1	-1	
433	428	841af8ea09d12e9d	5			yes					-1	-1	-1	-1	-1	
434	427	eaf0dede6184cd28	3			yes					-1	-1	435	
435	434	92017feb858e0304	5			yes					436	-1	437	-1	-1	
436	435	441031d7f2cff702	4			yes					-1	-1	-1	-1	
437	435	382c0bcb51326dc5	7			yes					-1	-1	-1	-1	-1	-1	-1	
438	426	18b2f1af0adf5071	5			yes					439	441	442	443	-1	
439	438	cea3bf937d9ea477	4			yes					440	-1	-1	-1	
440	439	1492f38c9914bd09	3			yes					-1	-1	-1	
441	438	c283bdb0ee55490f	4			yes					-1	-1	-1	-1	
442	438	52a64771cae95d78	4			yes					-1	-1	-1	-1	
443	438	f1b5a714c384ac19	4			yes					-1	-1	-1	-1	
444	426	b370c9e9aa21c3a6	4			yes					-1	-1	-1	-1	
445	322	665ea71925dd69f3	5			yes					-1	-1	-1	446	464	
446	445	1340e13e6b5ea6e7	7			yes					447	450	454	457	460	462	-1	
447	446	c551af021c1f52e1	6			yes					-1	-1	448	449	-1	-1	
448	447	8fa7ff0ce4959c40	5			yes					-1	-1	-1	-1	-1	
449	447	ecc6250db98ccda7	5			yes					-1	-1	-1	-1	-1	
450	446	c971ad218fd4bf99	6			yes					-1	-1	451	452	-1	-1	
451	450	8387fd2f775e7138	5			yes					-1	-1	-1	-1	-1	
452	450	e0e6272e2a4720df	5			yes					-1	-1	-1	-1	-1	
453	452	b2c53bcc874ece25	8			no					-1	-1	-1	-1	-1	-1	-1	-2	
454	446	595457e0ab68abee	6			yes					-1	-1	455	456	-1	-1	
455	454	df8d53d2c0e02825	7			yes					-1	-1	-1	-1	-1	-1	-1	
456	454	65ae226510207a1d	7			yes					-1	-1	-1	-1	-1	-1	-1	
457	446	59b6b13093d46846	6			yes					-1	-1	-1	458	459	-1	
458	457	70213b3f3647f700	5			yes					-1	-1	-1	-1	-1	
459	457	c24b955a21cfb531	5			yes					-1	-1	-1	-1	-1	
460	446	3ad76b31cecd39a1	6			yes					-1	-1	-1	-1	461	-1	
461	460	a12a4f5b7cd6e4d6	5			yes					-1	-1	-1	-1	-1	
462	446	88bdc554d9457b90	6			yes					463	-1	-1	-1	-1	-1	
463	462	5eac8b68ae048f96	5			yes					-1	-1	-1	-1	-1	
464	445	3176b2508648c963	4			yes					-1	-1	-1	-1	
465	322	73c4ff6a37ee04cb	5			yes					-1	-1	-1	-1	-1	
466	322	68f6a5674dedc7ed	5			yes					-1	-1	-1	-1	-1	
467	10	73bbe299a759bd9b	6			yes					468	551	608	666	728	801	
468	467	02be3e2b8134bfa9	5			yes					469	482	495	527	543	
469	468	2bac8cca3b2e9412	4			yes					-1	470	472	476	
470	469	844e197a436bc36e	5			yes					-1	-1	-1	-1	471	
471	470	a57495c103e22480	4			yes					-1	-1	-1	-1	
472	469	36e37fb417d22c22	5			yes					-1	473	474	-1	475	
473	472	7cb4b7e5e65d986c	4			yes					-1	-1	-1	-1	
474	472	c4dce966d1b91e94	4			yes					-1	-1	-1	-1	
475	472	e3dff56f3bf67334	4			yes					-1	-1	-1	-1	
476	469	bc8844e92f25f645	3			yes					-1	477	480	
477	476	88f3e63fd251ead7	6			yes					-1	-1	-1	-1	478	479	
478	477	ca65fe62752ab7fe	5			yes					-1	-1	-1	-1	-1	
479	477	e7e28d9ca49979a9	5			yes					-1	-1	-1	-1	-1	
480	476	2950740bbe56915a	5			yes					-1	-1	481	-1	-1	
481	480	db6fe2d9783da3ec	4			yes					-1	-1	-1	-1	
482	468	abac22b1bc2224d4	4			yes					-1	483	485	489	
483	482	cc3592ef50a4cf9f	5			yes					-1	-1	-1	-1	484	
484	483	b6826799d2987c21	4			yes					-1	-1	-1	-1	
485	482	d6673a7c1e0560bd	5			yes					486	487	-1	-1	488	
486	485	b40f79c6996ef79d	4			yes					-1	-1	-1	-1	
487	485	7c91681f8c9825b0	4			yes					-1	-1	-1	-1	
488	485	035bb0a732213fab	4			yes					-1	-1	-1	-1	
489	482	1a2d96888e589bc1	6			yes					-1	490	-1	491	492	493	
490	489	b0dbc4eb1cc5decc	5			yes					-1	-1	-1	-1	-1	
491	489	1cc6f077b6193dd3	5			yes					-1	-1	-1	-1	-1	
492	489	390f7bc78f1a08a1	5			yes					-1	-1	-1	-1	-1	
493	489	20795de83363accb	5			yes					-1	-1	-1	-1	-1	
494	493	8a8f0f8ba1fee9c6	4			no					-1	-1	-2	-2	
495	468	5b3e291c4a91b127	4			yes					-1	-1	496	503	
496	495	c95d8b41c318c7e1	6			yes					497	498	499	500	501	502	
497	496	ab35c8fb447350c1	5			yes					-1	-1	-1	-1	-1	
498	496	63abd922518582ec	5			yes					-1	-1	-1	-1	-1	
499	496	1cebbe1571b9776e	5			yes					-1	-1	-1	-1	-1	
500	496	3b621d930573f557	5			yes					-1	-1	-1	-1	-1	
501	496	52a0af2b71031a96	5			yes					-1	-1	-1	-1	-1	
502	496	74ea9635d3278d63	5			yes					-1	-1	-1	-1	-1	
503	495	37863b03cb98072e	7			yes					504	507	513	518	-1	524	526	
504	503	55ee78b94cf3900e	6			yes					-1	-1	-1	-1	505	-1	
505	504	177860e4eb88cd27	5			yes					-1	-1	-1	-1	-1	
506	504	3aff131a3a3b0370	5			no					-1	-1	-2	-1	-2	
507	503	9d70696059054223	6			yes					-1	-1	-1	-1	509	512	
508	507	6f4fffb29f6e7095	5			no					-1	-1	-1	-1	-2	
509	507	dfe6713dfe7e1f0a	5			yes					-1	-1	510	-1	511	
510	509	2dd9e7ef38152dbc	4			yes					-1	-1	-1	-1	
511	509	b0f71a9e88b68c74	4			yes					-1	-1	-1	-1	
512	507	f26102c32fcdd15d	5			yes					-1	-1	-1	-1	-1	
513	503	e2300e577939b7a1	6			yes					-1	-1	-1	-1	514	517	
514	513	a0a6160ade42ea88	5			yes					-1	-1	515	-1	516	
515	514	529980d81829d83e	4			yes					-1	-1	-1	-1	
516	514	cfb77da9a88a79f6	4			yes					-1	-1	-1	-1	
517	513	8d2165f40ff124df	5			yes					-1	-1	-1	-1	-1	
518	503	c5b9add10df33598	6			yes					-1	-1	519	-1	520	522	
519	518	100f9885bf528517	5			yes					-1	-1	-1	-1	-1	
520	518	872fb58caa8868b1	5			yes					-1	-1	-1	-1	521	
521	520	e83ede2fdc40fbcf	4			yes					-1	-1	-1	-1	
522	518	aaa8c6727b3ba6e6	5			yes					-1	-1	-1	-1	-1	
523	503	c290c1a1b08f9e43	6			no					-1	-2	-2	-2	-2	-2	
524	503	7510235e6ce35a07	6			yes					-1	-1	-1	-1	-1	525	
525	524	1a0148fd1a2bc979	5			yes					-1	-1	-1	-1	-1	
526	503	589750a0bd509450	6			yes					-1	-1	-1	-1	-1	-1	
527	468	8996a2880e1bc1db	6			yes					528	532	536	539	541	542	
528	527	ebfee132897056fb	5			yes					529	530	531	-1	-1	
529	528	4108b3511bed13f6	4			yes					-1	-1	-1	-1	
530	528	3e48d4663bd1e674	4			yes					-1	-1	-1	-1	
531	528	19c177e04f1b644d	4			yes					-1	-1	-1	-1	
532	527	2360f0eb9c8684d6	5			yes					-1	533	534	-1	535	
533	532	f6d6c5bf2e273459	4			yes					-1	-1	-1	-1	
534	532	d15f66395aedb660	4			yes					-1	-1	-1	-1	
535	532	f65c7a30b0a2dbc0	4			yes					-1	-1	-1	-1	
536	527	5c2097dcbcba7154	5			yes					-1	-1	537	-1	538	
537	536	ae1f010e7ad143e2	4			yes					-1	-1	-1	-1	
538	536	891c1d07909e2e42	4			yes					-1	-1	-1	-1	
539	527	7ba9345ac870f36d	5			yes					-1	-1	-1	-1	540	
540	539	ae95be81e454ac7b	4			yes					-1	-1	-1	-1	
541	527	3a2b38844d180f02	5			yes					-1	-1	-1	-1	-1	
542	527	5caa2853223f9ecd	5			yes					-1	-1	-1	-1	-1	
543	468	959af608953fddfe	4			yes					-1	-1	-1	544	
544	543	9625a937a79f7ca3	6			yes					545	546	548	549	550	-1	
545	544	f44dea8d20f4eb83	5			yes					-1	-1	-1	-1	-1	
546	544	3cd3fb54350239ae	5			yes					-1	547	-1	-1	-1	
547	546	e965ce0087a38921	4			yes					-1	-1	-1	-1	
548	544	43939c63153ecc2c	5			yes					-1	-1	-1	-1	-1	
549	544	641a3fe561f44e15	5			yes					-1	-1	-1	-1	-1	
550	544	2598333be49cb27a	5			yes					-1	-1	-1	-1	-1	
551	467	5aa950781d439620	5			yes					-1	552	560	584	600	
552	551	f3bb4ce220550d5d	4			yes					-1	-1	553	556	
553	552	75ea7a8642abf7bd	5			yes					554	555	-1	-1	-1	
554	553	da69b9d9499899fa	4			yes					-1	-1	-1	-1	
555	553	2698b3506a1dc89d	4			yes					-1	-1	-1	-1	
556	552	1f1f8ca562b1f627	6			yes					557	558	-1	-1	-1	559	
557	556	b09c4ffa69829860	5			yes					-1	-1	-1	-1	-1	
558	556	4c6d45734a07c907	5			yes					-1	-1	-1	-1	-1	
559	556	cc7a17d468471f50	5			yes					-1	-1	-1	-1	-1	
560	551	0329474fd6e698ae	4			yes					-1	-1	561	567	
561	560	fd88b8eb37fb08f9	6			yes					562	564	-1	-1	-1	566	
562	561	520b7bb43cc866be	5			yes					-1	-1	-1	-1	563	
563	562	efbc66c02cf72c3c	4			yes					-1	-1	-1	-1	
564	561	aefa713d1f4d37d9	5			yes					-1	-1	-1	-1	565	
565	564	134d6c490f727d5b	4			yes					-1	-1	-1	-1	
566	561	403fa59f27c4427b	5			yes					-1	-1	-1	-1	-1	
567	560	035308a93f7bc836	7			yes					568	576	-1	-1	-1	580	583	
568	567	acd0cbf63448a671	6			yes					569	-1	-1	-1	573	575	
569	568	ffa202201cfe9951	5			yes					-1	-1	-1	570	572	
570	569	bd341a7dbb85c478	4			yes					-1	-1	-1	571	
571	570	d22571decd4d5706	3			yes					-1	-1	-1	
572	569	90b369836a360a2f	4			yes					-1	-1	-1	-1	
573	568	ee46d3ab9333fb58	5			yes					-1	-1	-1	-1	574	
574	573	8157b808e5fb6826	4			yes					-1	-1	-1	-1	
575	568	c3c1a0554280350f	5			yes					-1	-1	-1	-1	-1	
576	567	5021c17f17cdf716	6			yes					-1	-1	-1	-1	577	579	
577	576	12b7d922b0b6aa3f	5			yes					-1	-1	-1	-1	578	
578	577	7da6b281c67e3941	4			yes					-1	-1	-1	-1	
579	576	3f30aadc61056468	5			yes					-1	-1	-1	-1	-1	
580	567	41c510f49800951f	6			yes					-1	-1	-1	581	-1	582	
581	580	f58f034793d22bf3	5			yes					-1	-1	-1	-1	-1	
582	580	2ed47b57eec80661	5			yes					-1	-1	-1	-1	-1	
583	567	6c42630a49b35b48	6			yes					-1	-1	-1	-1	-1	-1	
584	551	bd439122faf80ec3	6			yes					585	591	596	597	598	599	
585	584	12c0527df1cb6084	5			yes					586	587	588	589	590	
586	585	41b29babd97d5fa4	4			yes					-1	-1	-1	-1	
587	585	81b9cab24c431003	4			yes					-1	-1	-1	-1	
588	585	a68a41cefa19de68	4			yes					-1	-1	-1	-1	
589	585	a17dc871b2c8ae5d	4			yes					-1	-1	-1	-1	
590	585	c7fcd8a6ddef3f92	4			yes					-1	-1	-1	-1	
591	584	ee3158f4d24e31e3	5			yes					-1	592	593	594	595	
592	591	7d48c03b6fc64164	4			yes					-1	-1	-1	-1	
593	591	5a7b4b47d99c8f0f	4			yes					-1	-1	-1	-1	
594	591	5d8cc2f8914dff3a	4			yes					-1	-1	-1	-1	
595	591	3b0dd22ffe6a6ef5	4			yes					-1	-1	-1	-1	
596	584	2e3a09ed47707e44	5			yes					-1	-1	-1	-1	-1	
597	584	09098291f12ab02f	5			yes					-1	-1	-1	-1	-1	
598	584	0efe0b2eb9fbc01a	5			yes					-1	-1	-1	-1	-1	
599	584	687f1bf9d6dc51d5	5			yes					-1	-1	-1	-1	-1	
600	551	cd8d985b0948f477	4			yes					-1	-1	-1	601	
601	600	a2f09a9d537cb3bb	6			yes					602	604	605	606	607	-1	
602	601	0d7359c2584fddfc	5			yes					603	-1	-1	-1	-1	
603	602	5e01901470f9e2dc	4			yes					-1	-1	-1	-1	
604	601	f182534b7bca8c9b	5			yes					-1	-1	-1	-1	-1	
605	601	31890252eef4c33c	5			yes					-1	-1	-1	-1	-1	
606	601	16ba892e58ae0d57	5			yes					-1	-1	-1	-1	-1	
607	601	114d0091107f7d62	5			yes					-1	-1	-1	-1	-1	
608	467	daa9fe039a4f26e6	5			yes					-1	-1	609	628	652	
609	608	8329e93451ea2868	4			yes					-1	-1	610	617	
610	609	89778e801b91a48c	7			yes					611	612	613	614	-1	615	616	
611	610	26f44ddf10a2cacb	6			yes					-1	-1	-1	-1	-1	-1	
612	610	da05475633279bac	6			yes					-1	-1	-1	-1	-1	-1	
613	610	72fa2715c69ee4a0	6			yes					-1	-1	-1	-1	-1	-1	
614	610	2381dce3890ce181	6			yes					-1	-1	-1	-1	-1	-1	
615	610	7a7388f34ebf42e5	6			yes					-1	-1	-1	-1	-1	-1	
616	610	34c093f40baeee0e	6			yes					-1	-1	-1	-1	-1	-1	
617	609	55aba046db2e88ee	7			yes					618	621	623	626	-1	-1	627	
618	617	fa286319d01de6a9	6			yes					-1	-1	-1	-1	-1	620	
619	618	a95aaacff8abd989	5			yes					-1	-1	-1	-1	-1	
620	618	7c154460a04a940d	5			yes					-1	-1	-1	-1	-1	
621	617	06d96990f398b7ce	6			yes					-1	-1	-1	-1	-1	622	
622	621	80e44ee983cfc56a	5			yes					-1	-1	-1	-1	-1	
623	617	ae2609d30621c8c2	6			yes					624	-1	-1	-1	-1	625	
624	623	01a5ca8c0d12a685	5			yes					-1	-1	-1	-1	-1	
625	623	281b2eaa7676ba66	5			yes					-1	-1	-1	-1	-1	
626	617	ff5df22549b3cde3	6			yes					-1	-1	-1	-1	-1	-1	
627	617	d396873fab79fa4a	6			yes					-1	-1	-1	-1	-1	-1	
628	608	b373dada67e4e6d6	7			yes					629	636	642	647	649	650	651	
629	628	1cf019856cd78891	6			yes					630	631	632	633	634	635	
630	629	4f82d0534461b7b1	5			yes					-1	-1	-1	-1	-1	
631	629	e77db010b1d8c8bd	5			yes					-1	-1	-1	-1	-1	
632	629	b6064be6fe4acd9c	5			yes					-1	-1	-1	-1	-1	
633	629	d1dede047341c305	5			yes					-1	-1	-1	-1	-1	
634	629	1a1b7f7a54962e83	5			yes					-1	-1	-1	-1	-1	
635	629	c9cc935e40f3d787	5			yes					-1	-1	-1	-1	-1	
636	628	e001130c4f52d9f6	6			yes					-1	637	638	639	640	641	
637	636	1b8cba99925d99da	5			yes					-1	-1	-1	-1	-1	
638	636	4af7416fddcf9cfb	5			yes					-1	-1	-1	-1	-1	
639	636	2d2fd48d50c49262	5			yes					-1	-1	-1	-1	-1	
640	636	e6ea75f377137fe4	5			yes					-1	-1	-1	-1	-1	
641	636	353d99d7637686e0	5			yes					-1	-1	-1	-1	-1	
642	628	48fe734fbaeba6fa	6			yes					-1	-1	643	644	645	646	
643	642	e208212c2876e3f7	5			yes					-1	-1	-1	-1	-1	
644	642	85d0b4cea57ded6e	5			yes					-1	-1	-1	-1	-1	
645	642	4e1515b082aa00e8	5			yes					-1	-1	-1	-1	-1	
646	642	9dc2f99496cff9ec	5			yes					-1	-1	-1	-1	-1	
647	628	198588b9f579a3db	6			yes					-1	-1	-1	-1	-1	648	
648	647	ccb90262d95dfccd	5			yes					-1	-1	-1	-1	-1	
649	628	7e5d1d5b7872ad42	6			yes					-1	-1	-1	-1	-1	-1	
650	628	b598bc255fa540c4	6			yes					-1	-1	-1	-1	-1	-1	
651	628	664f50014bc0b9c0	6			yes					-1	-1	-1	-1	-1	-1	
652	608	4d8d36208e4444b1	4			yes					-1	-1	-1	653	
653	652	acc0d165ce605bae	7			yes					654	658	661	663	664	665	-1	
654	653	0343123ac55335e9	6			yes					655	656	657	-1	-1	-1	
655	654	5031dbecede50ac9	5			yes					-1	-1	-1	-1	-1	
656	654	f8cebbaf185c75c5	5			yes					-1	-1	-1	-1	-1	
657	654	a9b5405957ce70e4	5			yes					-1	-1	-1	-1	-1	
658	653	ffb218b3e6d6648e	6			yes					-1	659	660	-1	-1	-1	
659	658	043fb1263bd924a2	5			yes					-1	-1	-1	-1	-1	
660	658	55444ad0744b2183	5			yes					-1	-1	-1	-1	-1	
661	653	574d78f0136f1b82	6			yes					-1	-1	662	-1	-1	-1	
662	661	fdbb2a9381f25e8f	5			yes					-1	-1	-1	-1	-1	
663	653	063683065cfd1ea3	6			yes					-1	-1	-1	-1	-1	-1	
664	653	61ee16e4d1f6103a	6			yes					-1	-1	-1	-1	-1	-1	
665	653	aa2bb79af621fdbc	6			yes					-1	-1	-1	-1	-1	-1	
666	467	2a3bf5ae6cfcb315	5			yes					-1	-1	-1	667	707	
667	666	ac496be7baf9418a	8			yes					668	678	686	692	697	701	704	706	
668	667	03caa8b8b1ca2fcd	7			yes					669	671	673	674	675	676	677	
669	668	50b8616e997c10ed	6			yes					-1	-1	-1	-1	-1	670	
670	669	ed0f7c1a89435a6f	5			yes					-1	-1	-1	-1	-1	
671	668	f847012d6cc56fe1	6			yes					-1	-1	-1	-1	-1	672	
672	671	45f01c597cfa2563	5			yes					-1	-1	-1	-1	-1	
673	668	a93cfadb23576ac0	6			yes					-1	-1	-1	-1	-1	-1	
674	668	d67c9dec036b9f42	6			yes					-1	-1	-1	-1	-1	-1	
675	668	f1f53e6a77a11d7b	6			yes					-1	-1	-1	-1	-1	-1	
676	668	98378cd203d1f2ba	6			yes					-1	-1	-1	-1	-1	-1	
677	668	be7db5cca1f5654f	6			yes					-1	-1	-1	-1	-1	-1	
678	667	ff3ba231924f7eaa	7			yes					-1	679	681	682	683	684	685	
679	678	04b60ba44f403e86	6			yes					-1	-1	-1	-1	-1	680	
680	679	b90116d05f7f7404	5			yes					-1	-1	-1	-1	-1	
681	678	55cdf05200d23ba7	6			yes					-1	-1	-1	-1	-1	-1	
682	678	2a8d976520eece25	6			yes					-1	-1	-1	-1	-1	-1	
683	678	0d0434e354244c1c	6			yes					-1	-1	-1	-1	-1	-1	
684	678	64c6865b2054a3dd	6			yes					-1	-1	-1	-1	-1	-1	
685	678	428cbf4582703428	6			yes					-1	-1	-1	-1	-1	-1	
686	667	57c4c27267f601a6	7			yes					-1	-1	687	688	689	690	691	
687	686	fd329011f56b44ab	6			yes					-1	-1	-1	-1	-1	-1	
688	686	8272f726d557b129	6			yes					-1	-1	-1	-1	-1	-1	
689	686	a5fb54a0a19d3310	6			yes					-1	-1	-1	-1	-1	-1	
690	686	cc39e618d5eddcd1	6			yes					-1	-1	-1	-1	-1	-1	
691	686	ea73df0677c94b24	6			yes					-1	-1	-1	-1	-1	-1	
692	667	06bf398428640487	7			yes					-1	-1	-1	693	694	695	696	
693	692	d3090cd09ac5b408	6			yes					-1	-1	-1	-1	-1	-1	
694	692	f480af56ee0f3631	6			yes					-1	-1	-1	-1	-1	-1	
695	692	9d421dee9a7fd9f0	6			yes					-1	-1	-1	-1	-1	-1	
696	692	bb0824f0385b4e05	6			yes					-1	-1	-1	-1	-1	-1	
697	667	79ff5eb30858f105	7			yes					-1	-1	-1	-1	698	699	700	
698	697	8bc0c861ce33c3b3	6			yes					-1	-1	-1	-1	-1	-1	
699	697	e2027ad9ba432c72	6			yes					-1	-1	-1	-1	-1	-1	
700	697	c44843c71867bb87	6			yes					-1	-1	-1	-1	-1	-1	
701	667	5e76fd357c92733c	7			yes					-1	-1	-1	-1	-1	702	703	
702	701	c58bd95fce89ae4b	6			yes					-1	-1	-1	-1	-1	-1	
703	701	e3c1e0416cad39be	6			yes					-1	-1	-1	-1	-1	-1	
704	667	37b44f8d08e29cfd	7			yes					-1	-1	-1	-1	-1	-1	705	
705	704	8a0352f918ddd67f	6			yes					-1	-1	-1	-1	-1	-1	
706	667	11fe7693aac60b08	7			yes					-1	-1	-1	-1	-1	-1	-1	
707	666	bd1f3d8d78f7d142	4			yes					-1	-1	-1	708	
708	707	7eef1d30dc0e9876	8			yes					709	715	720	724	725	726	727	-1	
709	708	d16cde6fd73df631	7			yes					710	711	712	713	714	-1	-1	
710	709	821e17b9ff8bc911	6			yes					-1	-1	-1	-1	-1	-1	
711	709	2ae177fa0a32b61d	6			yes					-1	-1	-1	-1	-1	-1	
712	709	7b9a8c0c45a0b33c	6			yes					-1	-1	-1	-1	-1	-1	
713	709	04daeb3b659c46be	6			yes					-1	-1	-1	-1	-1	-1	
714	709	235348bd1156c487	6			yes					-1	-1	-1	-1	-1	-1	
715	708	2d9dd4e6f4b8a756	7			yes					-1	716	717	718	719	-1	-1	
716	715	d6107d7329b7e77a	6			yes					-1	-1	-1	-1	-1	-1	
717	715	876b86856625e25b	6			yes					-1	-1	-1	-1	-1	-1	
718	715	f82be1b2461917d9	6			yes					-1	-1	-1	-1	-1	-1	
719	715	dfa2423432d395e0	6			yes					-1	-1	-1	-1	-1	-1	
720	708	8562b4a50101d85a	7			yes					-1	-1	721	722	723	-1	-1	
721	720	2f94e6c6939c9d57	6			yes					-1	-1	-1	-1	-1	-1	
722	720	50d481f1b3a068d5	6			yes					-1	-1	-1	-1	-1	-1	
723	720	775d2277c76aeaec	6			yes					-1	-1	-1	-1	-1	-1	
724	708	d4194f534e93dd7b	7			yes					-1	-1	-1	-1	-1	-1	-1	
725	708	ab5928646eaf28f9	7			yes					-1	-1	-1	-1	-1	-1	-1	
726	708	8cd08be21a65aac0	7			yes					-1	-1	-1	-1	-1	-1	-1	
727	708	e512395a6e154501	7			yes					-1	-1	-1	-1	-1	-1	-1	
728	467	3fa1addd7ecfde2d	5			yes					-1	-1	-1	-1	729	
729	728	f3314991de7efac8	8			yes					730	754	772	784	791	796	799	800	
730	729	5cb28aced54d948f	7			yes					731	737	743	747	750	752	753	
731	730	0fc04318fdfbabaf	6			yes					-1	732	733	734	735	736	
732	731	a536117b6f66eea2	5			yes					-1	-1	-1	-1	-1	
733	731	da76764c4f5a1b20	5			yes					-1	-1	-1	-1	-1	
734	731	fdffd5ca3b909919	5			yes					-1	-1	-1	-1	-1	
735	731	9c22e05b5e83e34f	6			yes					-1	-1	-1	-1	-1	-1	
736	731	c54fc27c785b49c1	5			yes					-1	-1	-1	-1	-1	
737	730	a73f235b0842d4a3	6			yes					-1	738	739	740	741	742	
738	737	0dc971389adf91ae	5			yes					-1	-1	-1	-1	-1	
739	737	7289160fbae3642c	5			yes					-1	-1	-1	-1	-1	
740	737	5500b589ce29e615	5			yes					-1	-1	-1	-1	-1	
741	737	f97766c0dfc4827a	7			yes					-1	-1	-1	-1	-1	-1	-1	
742	737	6db0a23f8de236cd	5			yes					-1	-1	-1	-1	-1	
743	730	f644d8ad47d0d182	6			yes					-1	-1	744	745	-1	746	
744	743	23f2edf9f571610d	5			yes					-1	-1	-1	-1	-1	
745	743	047b4e7f81bbe334	5			yes					-1	-1	-1	-1	-1	
746	743	3ccb59c9c27033ec	5			yes					-1	-1	-1	-1	-1	
747	730	8904bf9a67ec2400	6			yes					-1	-1	-1	748	-1	749	
748	747	7b3b2948a18716b6	5			yes					-1	-1	-1	-1	-1	
749	747	438b3efee24cc66e	5			yes					-1	-1	-1	-1	-1	
750	730	ae8d1c1c1326a639	6			yes					-1	-1	-1	-1	-1	751	
751	750	64029d7896864457	5			yes					-1	-1	-1	-1	-1	
752	730	ef0f10c2964e5a56	6			yes					-1	-1	-1	-1	-1	-1	
753	730	963d0baa50ed76e1	6			yes					-1	-1	-1	-1	-1	-1	
754	729	a0438047f6c8c5e8	7			yes					-1	755	761	765	768	770	771	
755	754	5bce29d22bc785c4	6			yes					-1	756	757	758	759	760	
756	755	f1387bb1b95ac0c9	5			yes					-1	-1	-1	-1	-1	
757	755	8e781c869966354b	5			yes					-1	-1	-1	-1	-1	
758	755	a9f1bf00edacb772	5			yes					-1	-1	-1	-1	-1	
759	755	f3a315215f562a2d	7			yes					-1	-1	-1	-1	-1	-1	-1	
760	755	9141a8b6ae6767aa	5			yes					-1	-1	-1	-1	-1	
761	754	0ab5d224645580e5	6			yes					-1	-1	762	763	-1	764	
762	761	df03e770d6f4306a	5			yes					-1	-1	-1	-1	-1	
763	761	f88a44f6a23eb253	5			yes					-1	-1	-1	-1	-1	
764	761	c03a5340e1f5628b	5			yes					-1	-1	-1	-1	-1	
765	754	75f5b51344697567	6			yes					-1	-1	-1	766	-1	767	
766	765	87ca23c1820247d1	5			yes					-1	-1	-1	-1	-1	
767	765	bf7a3477c1c99709	5			yes					-1	-1	-1	-1	-1	
768	754	527c169530a3f75e	6			yes					-1	-1	-1	-1	-1	769	
769	768	98f397f1b5031530	5			yes					-1	-1	-1	-1	-1	
770	754	13fe1a4bb5cb0b31	6			yes					-1	-1	-1	-1	-1	-1	
771	754	6acc012373682786	6			yes					-1	-1	-1	-1	-1	-1	
772	729	08bce0040371bae4	7			yes					-1	-1	773	777	780	782	783	
773	772	a24ab26791ecffe9	6			yes					-1	-1	774	775	-1	776	
774	773	77fc8733234d4f66	5			yes					-1	-1	-1	-1	-1	
775	773	507524b55787cd5f	5			yes					-1	-1	-1	-1	-1	
776	773	68c53303144c1d87	5			yes					-1	-1	-1	-1	-1	
777	772	dd0ad550b1d00a6b	6			yes					-1	-1	-1	778	-1	779	
778	777	2f35438277bb38dd	5			yes					-1	-1	-1	-1	-1	
779	777	178554343470e805	5			yes					-1	-1	-1	-1	-1	
780	772	fa8376d6c51a8852	6			yes					-1	-1	-1	-1	-1	781	
781	780	300cf7b240ba6a3c	5			yes					-1	-1	-1	-1	-1	
782	772	bb017a084072743d	6			yes					-1	-1	-1	-1	-1	-1	
783	772	c233616086d1588a	6			yes					-1	-1	-1	-1	-1	-1	
784	729	59c71bf24ce3bfc5	7			yes					-1	-1	-1	785	786	787	788	
785	784	8c712ea6fe420f4a	6			yes					-1	-1	-1	-1	-1	-1	
786	784	abf88d208a888d73	6			yes					-1	-1	-1	-1	-1	-1	
787	784	ea7a81fe0fe0711c	6			yes					-1	-1	-1	-1	-1	-1	
788	784	93489a96c9435dab	6			yes					-1	-1	-1	789	790	-1	
789	788	46feafc27be2ed24	5			yes					-1	-1	-1	-1	-1	
790	788	61770c440f286f1d	5			yes					-1	-1	-1	-1	-1	
791	729	26877cc56cdf4a47	7			yes					-1	-1	-1	-1	792	793	794	
792	791	d4b8ea17aab478f1	6			yes					-1	-1	-1	-1	-1	-1	
793	791	953ae6c92fdc849e	6			yes					-1	-1	-1	-1	-1	-1	
794	791	ec08fda1e97fa829	6			yes					-1	-1	-1	-1	795	-1	
795	794	1e376b732f149a9f	5			yes					-1	-1	-1	-1	-1	
796	729	010edf431815c87e	7			yes					-1	-1	-1	-1	-1	797	798	
797	796	b2b3454f5b1606a7	6			yes					-1	-1	-1	-1	-1	-1	
798	796	cb815e279db52a10	6			yes					-1	-1	-1	-1	-1	-1	
799	729	408cd39d9d7d3411	7			yes					-1	-1	-1	-1	-1	-1	-1	
800	729	39bec8f55bde18a6	7			yes					-1	-1	-1	-1	-1	-1	-1	
801	467	e49f2abab352dfcc	5			yes					-1	-1	-1	-1	-1	
802	10	24ab9aafc8eda9bc	4			no					-1	803	-2	-2	
803	802	a3a5c61438166771	5			no					804	-2	-2	-2	-2	
804	803	d2a01aa61e7b6543	4			no					805	-1	808	809	
805	804	3673d19146cbd15a	6			yes					-1	-1	-1	-1	806	807	
806	805	15513cde4789423a	5			yes					-1	-1	-1	-1	-1	
807	805	7fbc396bcbf73fbd	5			yes					-1	-1	-1	-1	-1	
808	804	c3b36304b455ac81	5			yes					-1	-1	-1	-1	-1	
809	804	2b247a6caa0ef8ff	7			no					810	811	813	815	817	821	-2	
810	809	494c39d62d656fdf	6			yes					-1	-1	-1	-1	-1	-1	
811	809	81d2280f3893bdf2	6			yes					-1	-1	-1	-1	-1	812	
812	811	4c6eef8f6e5381da	5			yes					-1	-1	-1	-1	-1	
813	809	fe924f3818af4870	6			yes					-1	-1	-1	-1	-1	814	
814	813	332e88b84e6f7458	5			yes					-1	-1	-1	-1	-1	
815	809	82ca692cf470d797	6			yes					-1	-1	-1	-1	-1	816	
816	815	4f76aeaca2b0ebbf	5			yes					-1	-1	-1	-1	-1	
817	809	7c0944b9805bf411	6			yes					-1	-1	-1	-1	819	820	
818	817	d6ff16da12c6b11c	5			no					-1	-2	-2	-2	-2	
819	817	797af04dafe971e2	5			yes					-1	-1	-1	-1	-1	
820	817	b1b58339d69bc839	5			yes					-1	-1	-1	-1	-1	
821	809	2e57ce9885bc7d0c	6			no					-1	-1	-1	-1	-2	-2	
