Number of nodes
95
ID	PID	Hash_Value			File_Number	Fully_Enumerated	Children
0	-1	0c7c6f6622d30aec	6			no					1	-2	-2	-2	-2	-2	
1	0	2cf884b298822e89	5			no					52	-2	-2	-2	-2	
2	1	906abbd2e15e12d1	4			no					3	92	-2	-2	
3	2	aea89ff554315a7f	5			yes					4	6	15	22	28	
4	3	214bc8902e31882d	4			yes					-1	-1	-1	5	
5	4	188f9fc805abda6d	3			yes					-1	-1	-1	
6	3	5ef66c3af01b0ca6	5			yes					7	9	-1	-1	14	
7	6	c09030907a1063e6	4			yes					-1	-1	-1	8	
8	7	f95467c8518a31a6	3			yes					-1	-1	-1	
9	6	fb400fa94aa3191e	4			yes					-1	-1	-1	10	
10	9	c28458f161394b5e	3			yes					-1	-1	-1	
11	6	107d6df18e8ae793	6			no					-1	-2	-1	-1	-1	-2	
12	6	a75c91069416a01f	7			no					-1	-1	-1	-1	-1	-1	13	
13	12	9e98c65ebf8cf25f	6			no					-1	-1	-1	-1	-2	-1	
14	6	67323b62db815ee6	4			yes					-1	-1	-1	-1	
15	3	ad6215e8b0d07f28	5			yes					16	-1	-1	18	21	
16	15	330449423adb1068	4			yes					-1	-1	-1	17	
17	16	0ac01e1a11414228	3			yes					-1	-1	-1	
18	15	ce25da0f0fb989e3	4			yes					-1	-1	-1	19	
19	18	f7e18d572423dba3	3			yes					20	-1	-1	
20	19	6987d1fdae28b4e3	2			yes					-1	-1	
21	15	94a642b09b4a2d68	4			yes					-1	-1	-1	-1	
22	3	4059e47134e654a5	5			yes					23	-1	-1	25	27	
23	22	de3fb8dbbeed3be5	4			yes					-1	-1	-1	24	
24	23	e7fbef83957769a5	3			yes					-1	-1	-1	
25	22	d07156d5992f380b	4			yes					-1	-1	-1	26	
26	25	e9b5018db2b56a4b	3			yes					-1	-1	-1	
27	22	799db3291f7c06e5	4			yes					-1	-1	-1	-1	
28	3	976cc8ad7fab083f	4			yes					-1	-1	-1	-1	
29	2	73b74d9c8609502e	5			no					30	59	74	-2	-2	
30	29	a2c7c6d485069a06	4			yes					31	38	41	58	
31	30	f8fc49921909d6dc	4			yes					-1	-1	-1	37	
32	-1	ee070f01fcf45ec2	6			no					33	-2	-2	-2	-2	-2	
33	32	6a162ab4144e3175	7			no					34	-2	-2	-2	-2	-2	-2	
34	33	46ac556ce20df5a3	6			no					35	-2	-2	-2	-2	-2	
35	34	e214a040944d11fd	5			no					36	-2	-2	-2	-2	
36	35	72ba74604cb46d5c	5			no					-1	-2	-2	-2	-2	
37	31	c1381eca3293849c	3			yes					-1	-1	-1	
38	30	91618f4f777cf467	4			yes					-1	-1	-1	39	
39	38	a8a5d8175ce6a627	3			yes					-1	-1	-1	
40	30	59b528a3c24fce3b	5			yes					-1	43	-1	45	47	
41	30	9f73977cfc7d4339	5			yes					42	49	-1	-1	55	
42	41	f03aabc075bb6cf4	4			yes					-1	-1	-1	48	
43	40	e04258651c060c46	4			yes					-1	-1	-1	44	
44	43	d9860f3d379c5e06	3			yes					-1	-1	-1	
45	40	c99d9a076f86a295	4			yes					-1	-1	-1	46	
46	45	f059cd5f441cf0d5	3			yes					-1	-1	-1	
47	40	60717ffbe9d59c7b	4			yes					-1	-1	-1	-1	
48	42	c9fefc985e213eb4	3			yes					-1	-1	-1	
49	41	e614c44841f8647f	6			yes					-1	-1	-1	-1	-1	50	
50	49	dfd093106a62363f	5			yes					-1	-1	-1	-1	-1	
51	41	f71ca0371dbfb0fa	4			no					-1	-1	-1	-2	
52	1	2171163fdde76e03	5			no					53	-2	-2	-2	-2	
53	52	e8a01e298965efae	5			no					54	86	-2	-2	-2	
54	53	02c2d211fcd4b0e6	4			yes					-1	-1	-1	56	
55	41	a6b7c024d7e71179	4			yes					-1	-1	-1	57	
56	54	864cd768f17536ce	3			yes					-1	-1	-1	
57	55	ced8f76f3625e2ba	3			yes					-1	-1	-1	
58	30	9b03918cae9cc846	3			yes					-1	-1	-1	
59	29	0231ece1ad5cd7fa	5			yes					60	62	64	66	68	
60	59	fdb9f2319593fdae	4			yes					-1	-1	-1	61	
61	60	c47da569be09afee	3			yes					-1	-1	-1	
62	59	536b1f3c98888788	4			yes					-1	-1	-1	63	
63	62	6aaf4864b312d5c8	3			yes					-1	-1	-1	
64	59	7d8cce0a9f4e0445	6			yes					-1	-1	-1	-1	-1	65	
65	64	44489952b4d45605	5			yes					-1	-1	-1	-1	-1	
66	59	6049fd127a7a7706	7			yes					-1	-1	-1	-1	-1	-1	67	
67	66	598daa4a51e02546	6			yes					-1	-1	-1	-1	-1	-1	
68	59	3bf5bbb986c685ba	4			yes					-1	-1	-1	-1	
69	29	9d2c2c8107e82ddd	6			yes					70	77	81	-1	83	85	
70	69	62a432513f270789	5			yes					-1	-1	-1	71	73	
71	70	2c4a7615779f3900	4			yes					-1	-1	-1	72	
72	71	158e214d5c056b40	3			yes					-1	-1	-1	
73	70	5b60650914bd55c9	4			yes					-1	-1	-1	-1	
74	29	f1f91058ec7c5dfa	6			no					75	-2	-2	-2	-2	-2	
75	74	f7bfe76a96e68ad1	5			no					76	-1	-1	-1	90	
76	75	33286a1caaab559e	4			yes					-1	-1	-1	88	
77	69	561965f9b6a449dd	5			yes					-1	-1	-1	78	80	
78	77	18f721bdfe1c7754	4			yes					-1	-1	-1	79	
79	78	213376e5d5862514	3			yes					-1	-1	-1	
80	77	6fdd32a19d3e1b9d	4			yes					-1	-1	-1	-1	
81	69	a20899888e4ffc66	6			yes					-1	-1	-1	-1	-1	82	
82	81	9bccced0a5d5ae26	5			yes					-1	-1	-1	-1	-1	
83	69	d3c268c54f501354	5			yes					-1	-1	-1	-1	84	
84	83	ea063f9d64ca4114	4			yes					-1	-1	-1	-1	
85	69	a4e87bd92c727f9d	5			yes					-1	-1	-1	-1	-1	
86	53	7374a42fddf5b124	5			no					87	-2	-2	-2	-2	
87	86	b231757f83c4b17d	4			yes					-1	-1	-1	91	
88	76	0aec3d44813107de	3			yes					-1	-1	-1	
89	75	b63bb921bd34fb4a	4			no					-1	-1	-1	-2	
90	75	ce7bb032bd7cd891	4			yes					-1	-1	-1	-1	
91	87	36bf70068e653755	3			yes					-1	-1	-1	
92	2	444076fa46566a26	5			no					93	-2	-2	-2	-2	
93	92	048c702d8ec3005f	4			no					94	-2	-2	-2	
94	93	950b817d8ca731d0	4			no					-1	-1	-2	-2	
