Number of nodes
157
ID	PID	Hash_Value			File_Number	Fully_Enumerated	Children
0	-1	9e23b4cffa8e198e	6			yes					1	25	49	74	92	109	
1	0	85338860c63e0fd2	5			yes					2	7	17	22	24	
2	1	056407fc00f329ce	4			yes					3	4	-1	5	
3	2	7e1cd60e6bd36fa7	4			yes					-1	-1	-1	-1	
4	2	7758095e5238995c	4			yes					-1	-1	-1	-1	
5	2	a4b045fc25f99b29	5			yes					-1	-1	-1	-1	6	
6	5	9bd14336be5fed3d	4			yes					-1	-1	-1	-1	
7	1	03e1f2c0b371d18b	4			yes					-1	8	11	12	
8	7	490d28de6d09e273	5			yes					9	10	-1	-1	-1	
9	8	7cb4e5a158509057	4			yes					-1	-1	-1	-1	
10	8	0157a8c8dba9eed0	4			yes					-1	-1	-1	-1	
11	7	a8bfecbd4e8ad7ef	4			yes					-1	-1	-1	-1	
12	7	0d54744931270701	3			yes					13	14	16	
13	12	096ae75e21383fd7	4			yes					-1	-1	-1	-1	
14	12	a10c38b033a694bd	5			yes					-1	-1	-1	-1	-1	
15	14	94b5f5cf06ffe699	4			no					-1	-1	-1	-2	
16	12	d2d45772fc49f5e4	4			yes					-1	-1	-1	-1	
17	1	50f44244d5cf3287	4			yes					-1	-1	18	19	
18	17	d6547e81101d3c13	5			yes					-1	-1	-1	-1	-1	
19	17	5e41c4cd5799e40d	3			yes					20	-1	21	
20	19	06c0d7f10c2e8b10	4			yes					-1	-1	-1	-1	
21	19	26e7d9cf3b39a7ca	5			yes					-1	-1	-1	-1	-1	
22	1	ddf7b9912225139a	4			yes					-1	-1	-1	23	
23	22	d3423f18a073c510	3			yes					-1	-1	-1	
24	1	8b860ee94468d958	4			yes					-1	-1	-1	-1	
25	0	813863ca7c831720	5			yes					26	36	41	46	48	
26	25	969325de3bacdac3	4			yes					27	29	30	32	
27	26	0ac5cce4f1e7f236	5			yes					-1	-1	-1	-1	28	
28	27	2f8ff0856cdb1fe6	4			yes					-1	-1	-1	-1	
29	26	772a4d0e8400b69c	4			yes					-1	-1	-1	-1	
30	26	8a6e57a8e03a74ab	5			yes					-1	-1	-1	-1	31	
31	30	af246bc97d06997b	4			yes					-1	-1	-1	-1	
32	26	9826a357b9fa0c49	3			yes					33	34	35	
33	32	10eef64ff77d69f2	5			yes					-1	-1	-1	-1	-1	
34	32	06b293a1da16a4d0	4			yes					-1	-1	-1	-1	
35	32	a38bd252faf4883d	4			yes					-1	-1	-1	-1	
36	25	941d3b4832933a74	4			yes					-1	37	-1	39	
37	36	bed8e20138911981	5			yes					-1	-1	-1	-1	38	
38	37	9b92de60a5adf451	4			yes					-1	-1	-1	-1	
39	36	512a1d942f414b5a	5			yes					-1	-1	-1	-1	40	
40	39	6e4b1b5eb4e73d4e	4			yes					-1	-1	-1	-1	
41	25	54ffa9ee6f722a75	4			yes					-1	-1	42	43	
42	41	2f0a409bbaab257d	5			yes					-1	-1	-1	-1	-1	
43	41	5a4a2f67ed24fcff	3			yes					-1	44	45	
44	43	1d34c945477abb73	4			yes					-1	-1	-1	-1	
45	43	dfb9e7d5918fbea4	5			yes					-1	-1	-1	-1	-1	
46	25	d9fc523b98980b68	4			yes					-1	-1	-1	47	
47	46	d749d4b21acedde2	3			yes					-1	-1	-1	
48	25	8f8de543fed5c1aa	4			yes					-1	-1	-1	-1	
49	0	5688806bcd9672c8	5			yes					50	61	69	71	73	
50	49	4123c67f8ab9bf2b	4			yes					51	54	55	57	
51	50	393c28791616efbc	5			yes					-1	-1	-1	-1	53	
52	51	cdea47cd7f184c39	4			no					-1	-2	-1	-2	
53	51	1c7614188b2a026c	4			yes					-1	-1	-1	-1	
54	50	487a8c5ee94533bd	4			yes					-1	-1	-1	-1	
55	50	a6223d2753428103	5			yes					-1	-1	-1	-1	56	
56	55	83680146ce7e6cd3	4			yes					-1	-1	-1	-1	
57	50	4f9640f608ef69a1	3			yes					58	59	60	
58	57	231712d2108c7478	5			yes					-1	-1	-1	-1	-1	
59	57	1e4e25690380af04	4			yes					-1	-1	-1	-1	
60	57	8fc7b8dd498c7d95	4			yes					-1	-1	-1	-1	
61	49	c328e36167e70364	4			yes					-1	62	64	66	
62	61	db459eb67467c6d3	5			yes					-1	-1	-1	-1	63	
63	62	fe0fa2d7e95b2b03	4			yes					-1	-1	-1	-1	
64	61	4288a6c1f3f6c1c5	5			yes					-1	-1	-1	-1	65	
65	64	67c29aa06eca2c15	4			yes					-1	-1	-1	-1	
66	61	cd9d65e8e5b1d5ee	3			yes					-1	67	68	
67	66	c16ea41d72fd5d17	5			yes					-1	-1	-1	-1	-1	
68	66	6b6d233be9383d53	4			yes					-1	-1	-1	-1	
69	49	d47a92668b13768d	4			yes					-1	-1	-1	70	
70	69	fc398911728218c7	5			yes					-1	-1	-1	-1	-1	
71	49	0e4cb19a298d6e80	4			yes					-1	-1	-1	72	
72	71	00f93713abdbb80a	3			yes					-1	-1	-1	
73	49	583d06e24fc0a442	4			yes					-1	-1	-1	-1	
74	0	1caad69c3fe531ac	5			yes					75	83	87	89	90	
75	74	0b01908878cafc4f	4			yes					76	79	-1	80	
76	75	ab538c82189da62b	5			yes					-1	-1	77	-1	78	
77	76	b50281276f6e1ffa	4			yes					-1	-1	-1	-1	
78	76	8e19b0e385a14bfb	4			yes					-1	-1	-1	-1	
79	75	e2df03a793b190b2	4			yes					-1	-1	-1	-1	
80	75	05b41601fa9c2ac5	3			yes					81	82	-1	
81	80	b178b6291e073def	5			yes					-1	-1	-1	-1	-1	
82	80	d51622906d9a9a0c	4			yes					-1	-1	-1	-1	
83	74	890ab59695944000	4			yes					-1	84	-1	85	
84	83	2b7d1e674138bd70	5			yes					-1	-1	-1	-1	-1	
85	83	87bf331f17c2968a	3			yes					-1	86	-1	
86	85	1cb43f50bf13b7ce	5			yes					-1	-1	-1	-1	-1	
87	74	9a78ac3c4aaaeff5	4			yes					-1	-1	-1	88	
88	87	94cd2ab5c8fc397f	3			yes					-1	-1	-1	
89	74	71cde3a414317f2d	5			yes					-1	-1	-1	-1	-1	
90	74	121f5015bdb3e726	4			yes					-1	-1	-1	91	
91	90	29c20cfa0c971fd6	5			yes					-1	-1	-1	-1	-1	
92	0	298ca2b3eff2e703	5			yes					93	99	104	107	108	
93	92	3e27e4a7a8dd2ae0	4			yes					94	96	97	-1	
94	93	ed0cb45dfe0a4f5d	5			yes					-1	-1	-1	-1	-1	
95	94	e0af18a112d3ad1e	4			no					-1	-1	-2	-2	
96	93	99eb167f2033912c	4			yes					-1	-1	-1	-1	
97	93	f6dcb37ffb7acec7	5			yes					-1	-1	-1	-1	98	
98	97	d3968f1e66462317	4			yes					-1	-1	-1	-1	
99	92	bc2cc1b9458396af	4			yes					-1	100	102	-1	
100	99	0770333d6e56df1f	5			yes					-1	-1	-1	-1	101	
101	100	0ad39fc1828f3d5c	4			yes					-1	-1	-1	-1	
102	99	52a5edeba4d7aac4	5			yes					-1	-1	-1	-1	103	
103	102	77efd18a39eb4714	4			yes					-1	-1	-1	-1	
104	92	af5ed8139abd395a	4			yes					-1	-1	105	-1	
105	104	0b016bc1b30893c0	6			yes					-1	-1	-1	-1	-1	106	
106	105	2e4b57a02e347e10	5			yes					-1	-1	-1	-1	-1	
107	92	fc4b6897fc03da56	4			yes					-1	-1	-1	-1	
108	92	d11e959a8be05f43	4			yes					-1	-1	-1	-1	
109	0	ef77d9f4afc5dc52	5			yes					110	120	129	139	146	
110	109	43494bdc23d681a1	5			yes					111	113	117	119	-1	
111	110	c31ec440e51ba7bd	4			yes					-1	112	-1	-1	
112	111	78665cb92c0b1ecb	4			yes					-1	-1	-1	-1	
113	110	c59b317c56995ff8	4			yes					-1	115	116	-1	
114	113	b9a430123518facc	4			no					-1	-1	-1	-2	
115	113	782635b9c5f64052	5			yes					-1	-1	-1	-1	-1	
116	113	32c4e644bca66916	4			yes					-1	-1	-1	-1	
117	110	968e81f83027bcf4	4			yes					-1	-1	118	-1	
118	117	14c86f78712c4d81	5			yes					-1	-1	-1	-1	-1	
119	110	1b8d7a2dc7cd9de9	4			yes					-1	-1	-1	-1	
120	109	4742a076996b9953	5			yes					121	124	126	128	-1	
121	120	50e9e662de4454b0	4			yes					-1	122	123	-1	
122	121	781418e9fa33310b	4			yes					-1	-1	-1	-1	
123	121	fad023e0105d3c65	5			yes					-1	-1	-1	-1	-1	
124	120	5267f8f4d77bb407	4			yes					-1	125	-1	-1	
125	124	ce669649c8f6514f	5			yes					-1	-1	-1	-1	-1	
126	120	92856a528a9aa406	4			yes					-1	-1	127	-1	
127	126	ed965162db9a54ef	5			yes					-1	-1	-1	-1	-1	
128	120	1f8691877d70851b	4			yes					-1	-1	-1	-1	
129	109	90f243d7287efcbb	5			yes					130	134	137	138	-1	
130	129	875905c36f513158	4			yes					131	132	133	-1	
131	130	49825c31e671a772	5			yes					-1	-1	-1	-1	-1	
132	130	b3f0dca06848118a	4			yes					-1	-1	-1	-1	
133	130	d69c496fa325c9cd	5			yes					-1	-1	-1	-1	-1	
134	129	055220dd820f8d17	4			yes					-1	135	136	-1	
135	134	abfbeafe84008e1d	5			yes					-1	-1	-1	-1	-1	
136	134	3236d2890391890b	5			yes					-1	-1	-1	-1	-1	
137	129	120051da6efbf8fe	4			yes					-1	-1	-1	-1	
138	129	c8367226cc65e0f3	4			yes					-1	-1	-1	-1	
139	109	dad01520da0dbfdf	5			yes					140	143	145	-1	-1	
140	139	cd7b53349d22723c	4			yes					141	142	-1	-1	
141	140	dbedf8cae8faeee5	5			yes					-1	-1	-1	-1	-1	
142	140	3a15c74aafc007af	4			yes					-1	-1	-1	-1	
143	139	4f70762a707cce73	4			yes					-1	144	-1	-1	
144	143	f3b7da8a7d492a6d	5			yes					-1	-1	-1	-1	-1	
145	139	5c026f80af426186	4			yes					-1	-1	-1	-1	
146	109	2f5311382c2b1ba5	5			yes					147	151	154	156	-1	
147	146	38f8572c6b04d646	4			yes					148	149	150	-1	
148	147	62d93de8e107849b	5			yes					-1	-1	-1	-1	-1	
149	147	163e9fca3f3e5aea	4			yes					-1	-1	-1	-1	
150	147	8662c7370b1d8609	5			yes					-1	-1	-1	-1	-1	
151	146	baf37232865a6a09	4			yes					-1	152	153	-1	
152	151	88a5ba88715b14d9	5			yes					-1	-1	-1	-1	-1	
153	151	221b99a354b0e20a	5			yes					-1	-1	-1	-1	-1	
154	146	a9816b985964c5fc	4			yes					-1	-1	155	-1	
155	154	7bbf1f89436fdb0e	6			yes					-1	-1	-1	-1	-1	-1	
156	146	fa94db1c3fda26f0	4			yes					-1	-1	-1	-1	
