Number of nodes
234
ID	PID	Hash_Value			File_Number	Fully_Enumerated	Children
0	-1	2e6880e0bdfc7183	5			yes					1	52	94	133	172	
1	0	6fc541cbb4b4103b	5			yes					2	16	37	47	51	
2	1	1367cf6a9232a1c2	4			yes					3	5	7	11	
3	2	43bc691373028878	4			yes					-1	-1	-1	4	
4	3	2ca2d6de724d155f	3			yes					-1	-1	-1	
5	2	692e3368b3495551	4			yes					-1	6	-1	-1	
6	5	a5b3e2d003aeda24	3			yes					-1	-1	-1	
7	2	a999f4cb816f2dc2	5			yes					-1	8	9	-1	10	
8	7	650425733188a2b7	4			yes					-1	-1	-1	-1	
9	7	e04a8b4755bd1bdc	4			yes					-1	-1	-1	-1	
10	7	217defbb2fc380d6	4			yes					-1	-1	-1	-1	
11	2	dc6676469a188c97	5			yes					-1	12	13	14	15	
12	11	10fba7fe2aff03e2	4			yes					-1	-1	-1	-1	
13	11	95b509ca4ecaba89	4			yes					-1	-1	-1	-1	
14	11	b746c0538fee6a8a	4			yes					-1	-1	-1	-1	
15	11	37015d20460241cd	4			yes					-1	-1	-1	-1	
16	1	8b210f7ba6d0590a	4			yes					-1	17	28	35	
17	16	59762eacde825f80	3			yes					18	19	23	
18	17	edcf0601a0d9a254	4			yes					-1	-1	-1	-1	
19	17	bcaf26264bb37cda	5			yes					20	21	-1	-1	22	
20	19	0eb77b17caa76ed7	4			yes					-1	-1	-1	-1	
21	19	773e0817d02e5fca	4			yes					-1	-1	-1	-1	
22	19	344b3d56e51fd1ce	4			yes					-1	-1	-1	-1	
23	17	c950a4ab50c4dd8f	5			yes					24	25	-1	26	27	
24	23	7b48f99ad1d0cf82	4			yes					-1	-1	-1	-1	
25	23	02c18a9acb59fe9f	4			yes					-1	-1	-1	-1	
26	23	a27012be45323b92	4			yes					-1	-1	-1	-1	
27	23	22378fcd8cde10d5	4			yes					-1	-1	-1	-1	
28	16	84630373ba328ad5	3			yes					29	-1	31	
29	28	c8b9ffb0fc836a7e	4			yes					-1	-1	-1	30	
30	29	52b84cab2198eb8c	3			yes					-1	-1	-1	
31	28	15cec52773ddd701	5			yes					32	33	-1	-1	34	
32	31	a7d69816f2c9c50c	4			yes					-1	-1	-1	-1	
33	31	de5feb16e840f411	4			yes					-1	-1	-1	-1	
34	31	26c2f1727a165c06	4			yes					-1	-1	-1	-1	
35	16	a1b7a37e423664ac	3			yes					36	-1	-1	
36	35	c7c5fdb8ae57d805	4			yes					-1	-1	-1	-1	
37	1	bd92601ccce616b1	4			yes					-1	-1	38	45	
38	37	b2d06c14d004c56e	3			yes					39	-1	40	
39	38	dff391747d5d7351	4			yes					-1	-1	-1	-1	
40	38	f52a1ec743a3da8c	5			yes					41	42	43	-1	44	
41	40	473243f6c2b7c881	4			yes					-1	-1	-1	-1	
42	40	3ebb30f6d83ef99c	4			yes					-1	-1	-1	-1	
43	40	39b7cf7ff34455f9	4			yes					-1	-1	-1	-1	
44	40	0a9ac0ea7e27fdc5	4			yes					-1	-1	-1	-1	
45	37	9704cc1928002b17	3			yes					46	-1	-1	
46	45	b9c30977f11c7890	4			yes					-1	-1	-1	-1	
47	1	60874dc3a856c3e4	4			yes					-1	-1	-1	48	
48	47	4a11e1c64cb0fe42	3			yes					49	-1	-1	
49	48	22414cc40a005cfd	5			yes					-1	-1	-1	-1	50	
50	49	ec232d65347dde16	4			yes					-1	-1	-1	-1	
51	1	4553edce50522d9d	4			yes					-1	-1	-1	-1	
52	0	db5de9e1871ee2c5	5			yes					53	72	82	90	93	
53	52	036ed6fbf1c1f18b	4			yes					54	58	66	70	
54	53	7108dfea5591afe4	4			yes					-1	55	56	57	
55	54	5402fc1dd0d73651	3			yes					-1	-1	-1	
56	54	22c985cad72e6834	3			yes					-1	-1	-1	
57	54	1e16602754de32c3	3			yes					-1	-1	-1	
58	53	d139f72c8993f701	3			yes					59	61	63	
59	58	3b71fd85a1140fb1	4			yes					-1	-1	-1	60	
60	59	af9126168aa1aa45	3			yes					-1	-1	-1	
61	58	082d5511db4dd7be	4			yes					62	-1	-1	-1	
62	61	656df9f4b8554012	3			yes					-1	-1	-1	
63	58	82a44ff159304910	5			yes					-1	-1	-1	-1	65	
64	63	efe4e3143a28debc	4			no					-1	-1	-1	-2	
65	63	330e618450fabd19	4			yes					-1	-1	-1	-1	
66	53	0c2cdaf3ed232254	3			yes					67	-1	68	
67	66	770213c3a4917aa3	4			yes					-1	-1	-1	-1	
68	66	61103be90c08b3c6	5			yes					-1	-1	-1	-1	69	
69	68	af725a483275312d	4			yes					-1	-1	-1	-1	
70	53	29f87afe1527cc2d	3			yes					71	-1	-1	
71	70	f5714b4188c4ff99	4			yes					-1	-1	-1	-1	
72	52	2fb0bec0f689fbbd	4			yes					-1	73	75	79	
73	72	6b29048be090be0c	4			yes					74	-1	-1	-1	
74	73	abf49f7a8dd60e5d	3			yes					-1	-1	-1	
75	72	ab9ec328d2b6c69f	5			yes					76	-1	77	-1	78	
76	75	6b4358d9bff076ce	4			yes					-1	-1	-1	-1	
77	75	e24dbca40664f081	4			yes					-1	-1	-1	-1	
78	75	237ad8587c1a6b8b	4			yes					-1	-1	-1	-1	
79	72	de6141a5c9c167ca	5			yes					80	-1	81	-1	-1	
80	79	1ebcda54a487d79b	4			yes					-1	-1	-1	-1	
81	79	97b23e291d1351d4	4			yes					-1	-1	-1	-1	
82	52	090ac836ff4ce44f	4			yes					-1	-1	83	88	
83	82	0648c43ee3ae3790	3			yes					-1	84	85	
84	83	ddf4a6972e84980c	4			yes					-1	-1	-1	-1	
85	83	47932eff52f968bc	5			yes					86	87	-1	-1	-1	
86	85	874eb50e3fbfd8ed	4			yes					-1	-1	-1	-1	
87	85	4c7ef636346c5bc0	4			yes					-1	-1	-1	-1	
88	82	239c64331baad9e9	3			yes					-1	89	-1	
89	88	bbc43e94a2c593cd	4			yes					-1	-1	-1	-1	
90	52	d41fe5e99bfc311a	4			yes					-1	-1	-1	91	
91	90	fe8949ec7f1a0cbc	3			yes					-1	92	-1	
92	91	20467b2759d9b7a0	5			yes					-1	-1	-1	-1	-1	
93	52	f1cb45e463f8df63	4			yes					-1	-1	-1	-1	
94	0	06c1c8f349d1a487	5			yes					95	113	123	129	132	
95	94	def2f7e93f0eb7c9	4			yes					96	104	106	111	
96	95	0de4119bdce90e6f	3			yes					-1	97	100	
97	96	ec8043c75d958755	5			yes					-1	-1	98	-1	99	
98	97	a5533c4b8947b14b	4			yes					-1	-1	-1	-1	
99	97	646458b7f3392a41	4			yes					-1	-1	-1	-1	
100	96	997fc14a46e22600	5			yes					-1	-1	101	102	103	
101	100	d0acbec69230101e	4			yes					-1	-1	-1	-1	
102	100	f25f775f5314c01d	4			yes					-1	-1	-1	-1	
103	100	7218ea2c9af8eb5a	4			yes					-1	-1	-1	-1	
104	95	6e555f71b0e34000	4			yes					-1	-1	-1	105	
105	104	014be0bcb1acdd27	3			yes					-1	-1	-1	
106	95	d1b0fbe123ec6416	3			yes					-1	107	108	
107	106	26fe2e8e94dd68be	4			yes					-1	-1	-1	-1	
108	106	9071bb2270f992a0	5			yes					-1	109	-1	-1	110	
109	108	5ecf70da77568ef2	4			yes					-1	-1	-1	-1	
110	108	a37d8f77793219a7	4			yes					-1	-1	-1	-1	
111	95	f4645becdbe88a6f	3			yes					-1	112	-1	
112	111	ea2ccbda6db6107d	4			yes					-1	-1	-1	-1	
113	94	d5d72e81aa361d21	4			yes					-1	114	116	121	
114	113	3f2a2bd8349c4135	4			yes					115	-1	-1	-1	
115	114	fff7b02959daf164	3			yes					-1	-1	-1	
116	113	da952289b6d4cefe	3			yes					-1	117	118	
117	116	e965eddc9c4be77f	4			yes					-1	-1	-1	-1	
118	116	e3ac68aa4c3574b2	5			yes					119	-1	-1	-1	120	
119	118	2371f35b2173c4e3	4			yes					-1	-1	-1	-1	
120	118	d0a05cff45feffb5	4			yes					-1	-1	-1	-1	
121	113	ff4182844ed02087	3			yes					-1	122	-1	
122	121	1bcd43746e24478f	4			yes					-1	-1	-1	-1	
123	94	2ef179656d3c4491	4			yes					-1	-1	124	127	
124	123	ce6ae0e6a7e1de86	5			yes					-1	125	-1	-1	126	
125	124	05fbced73c7cfd96	4			yes					-1	-1	-1	-1	
126	124	468efb96094d7392	4			yes					-1	-1	-1	-1	
127	123	bb95626bbc967fd3	5			yes					-1	128	-1	-1	-1	
128	127	70044c5a270b5cc3	4			yes					-1	-1	-1	-1	
129	94	0983c4fb55337758	4			yes					-1	-1	-1	130	
130	129	231568feb1d54afe	3			yes					-1	-1	131	
131	130	45b258e92c8eafb9	5			yes					-1	-1	-1	-1	-1	
132	94	2c5764f6ad379921	4			yes					-1	-1	-1	-1	
133	0	5f781d075037b944	5			yes					134	149	162	169	171	
134	133	874b221d26e8aa0a	4			yes					135	143	146	147	
135	134	545dc46fc50f13ac	3			yes					136	138	139	
136	135	700f5aa2337be263	4			yes					-1	137	-1	-1	
137	136	75beaa7afa508a18	3			yes					-1	-1	-1	
138	135	049fb80275be763f	4			yes					-1	-1	-1	-1	
139	135	035c23ad029a1737	5			yes					-1	140	-1	141	142	
140	139	cfc1f215b27d9842	4			yes					-1	-1	-1	-1	
141	139	687c95b8176cf12a	4			yes					-1	-1	-1	-1	
142	139	e83b08cbde80da6d	4			yes					-1	-1	-1	-1	
143	134	63af6cad348ce33b	3			yes					-1	144	145	
144	143	6820db036e906c3f	4			yes					-1	-1	-1	-1	
145	143	400ae48dd7647dd3	4			yes					-1	-1	-1	-1	
146	134	9f7b145ff61a12ea	4			yes					-1	-1	-1	-1	
147	134	addd8e18c20e97ac	3			yes					-1	-1	148	
148	147	d4ac0dde6e014886	4			yes					-1	-1	-1	-1	
149	133	8c6efb75b3d000e2	4			yes					-1	150	156	159	
150	149	688ab5c5a1b449d3	3			yes					-1	151	152	
151	150	06988fe126679d62	4			yes					-1	-1	-1	-1	
152	150	015b144e5143fc6a	5			yes					153	-1	-1	154	155	
153	152	c1868fbf3c054c3b	4			yes					-1	-1	-1	-1	
154	152	6a7ba25b44b51a77	4			yes					-1	-1	-1	-1	
155	152	ea3c3f288d593130	4			yes					-1	-1	-1	-1	
156	149	39499f69329466fb	5			yes					157	-1	-1	-1	158	
157	156	f99404985fd2d6aa	4			yes					-1	-1	-1	-1	
158	156	0266a7552232a3a7	4			yes					-1	-1	-1	-1	
159	149	a6f8577057363d44	3			yes					-1	-1	160	
160	159	3d31a0f3a8de5c6f	5			yes					-1	-1	-1	-1	161	
161	160	8c9b8e86a114a866	4			yes					-1	-1	-1	-1	
162	133	bb9c53b74253f075	4			yes					-1	-1	163	167	
163	162	d8bb8659512ca208	5			yes					164	165	-1	-1	166	
164	163	18661da83c6a1259	4			yes					-1	-1	-1	-1	
165	163	132aa868cab18118	4			yes					-1	-1	-1	-1	
166	163	15409a0579a57412	4			yes					-1	-1	-1	-1	
167	162	910affb2a6b5cdd3	3			yes					-1	-1	168	
168	167	d61a50e3eb584865	5			yes					-1	-1	-1	-1	-1	
169	133	c5573bdd63bade7f	4			yes					-1	-1	-1	170	
170	169	9d6b51422cbfa1a9	5			yes					-1	-1	-1	-1	-1	
171	133	75eeb102b4d184e2	4			yes					-1	-1	-1	-1	
172	0	a5416c6880474883	6			yes					173	199	218	228	231	233	
173	172	7d725372f6985bcd	5			yes					174	180	188	194	195	
174	173	810142eae4f3f03d	6			yes					-1	175	176	177	178	179	
175	174	4d9c935254147f48	5			yes					-1	-1	-1	-1	-1	
176	174	c8d23d663021c623	5			yes					-1	-1	-1	-1	-1	
177	174	46fd2459d7ddacec	5			yes					-1	-1	-1	-1	-1	
178	174	53dbbcf934a9b4ad	5			yes					-1	-1	-1	-1	-1	
179	174	49077395b080bf91	5			yes					-1	-1	-1	-1	-1	
180	173	18f6cf3b408a1bde	6			yes					-1	-1	181	183	185	187	
181	180	199ddca07320cd9e	5			yes					-1	-1	-1	-1	182	
182	181	c775b9e63425d133	4			yes					-1	-1	-1	-1	
183	180	06821e56aaf035f4	5			yes					-1	-1	-1	-1	184	
184	183	d86a7b10edf52959	4			yes					-1	-1	-1	-1	
185	180	2c07507a54808ad7	5			yes					-1	-1	-1	-1	186	
186	185	f2ef353c1385967a	4			yes					-1	-1	-1	-1	
187	180	c61eaa7d078f0773	5			yes					-1	-1	-1	-1	-1	
188	173	056d4914db3f5f7f	6			yes					-1	-1	-1	189	191	193	
189	188	1b19987931457155	5			yes					-1	-1	-1	-1	190	
190	189	c5f1fd3f76406df8	4			yes					-1	-1	-1	-1	
191	188	319cd655cf35ce76	5			yes					-1	-1	-1	-1	192	
192	191	ef74b3138830d2db	4			yes					-1	-1	-1	-1	
193	188	db852c529c3a43d2	5			yes					-1	-1	-1	-1	-1	
194	173	1baaf4fb60b28d41	4			yes					-1	-1	-1	-1	
195	173	837d2e9c1ffb2091	4			yes					196	197	198	-1	
196	195	6c3616fa7ba0c4ba	6			yes					-1	-1	-1	-1	-1	-1	
197	195	95e6d5ba2d699718	5			yes					-1	-1	-1	-1	-1	
198	195	887d5395b6dcd3b9	5			yes					-1	-1	-1	-1	-1	
199	172	76578a1a63a0f125	5			yes					-1	200	206	214	215	
200	199	83067509b72a1b60	6			yes					201	-1	202	203	204	205	
201	200	43dbeef8da6cab31	5			yes					-1	-1	-1	-1	-1	
202	200	cad50a8563f82d7e	5			yes					-1	-1	-1	-1	-1	
203	200	44fa13ba840447b1	5			yes					-1	-1	-1	-1	-1	
204	200	51dc8b1a67705ff0	5			yes					-1	-1	-1	-1	-1	
205	200	4b004476e35954cc	5			yes					-1	-1	-1	-1	-1	
206	199	c62c315b99472d4c	6			yes					207	-1	-1	209	211	213	
207	206	06f1aaaaf4019d1d	5			yes					-1	-1	-1	-1	208	
208	207	d819cfecb30481b0	4			yes					-1	-1	-1	-1	
209	206	d858e036733d0366	5			yes					-1	-1	-1	-1	210	
210	209	06b0857034381fcb	4			yes					-1	-1	-1	-1	
211	206	f2ddae1a8d4dbc45	5			yes					-1	-1	-1	-1	212	
212	211	2c35cb5cca48a0e8	4			yes					-1	-1	-1	-1	
213	206	18c4541dde4231e1	5			yes					-1	-1	-1	-1	-1	
214	199	108f2d93f58a27a9	4			yes					-1	-1	-1	-1	
215	199	8858f7f48ac38a79	4			yes					-1	216	217	-1	
216	215	6e31211928792fe7	6			yes					-1	-1	-1	-1	-1	-1	
217	215	4b3c2bdaf4a4a18a	5			yes					-1	-1	-1	-1	-1	
218	172	41a522d8922301b2	5			yes					-1	-1	219	225	226	
219	218	e6f256c7c27d0379	6			yes					220	221	-1	222	223	224	
220	219	262fcd36af3bb328	5			yes					-1	-1	-1	-1	-1	
221	219	2d6378f659e02069	5			yes					-1	-1	-1	-1	-1	
222	219	210e3074f1535fa8	5			yes					-1	-1	-1	-1	-1	
223	219	3428a8d4122747e9	5			yes					-1	-1	-1	-1	-1	
224	219	2ef467b8960e4cd5	5			yes					-1	-1	-1	-1	-1	
225	218	277d85510409d73e	4			yes					-1	-1	-1	-1	
226	218	bfaa5f367b407aee	4			yes					-1	-1	227	-1	
227	226	0bc502d75d2e37fe	6			yes					-1	-1	-1	-1	-1	-1	
228	172	77164dbff8154e09	5			yes					-1	-1	-1	229	230	
229	228	11ceea366e3f9885	4			yes					-1	-1	-1	-1	
230	228	8919305111763555	4			yes					-1	-1	-1	-1	
231	172	c399cbe1166d9e0f	5			yes					-1	-1	-1	-1	232	
232	231	3d96b60fff0ee553	4			yes					-1	-1	-1	-1	
233	172	5b4e1186692433df	5			yes					-1	-1	-1	-1	-1	
