Number of nodes
291
ID	PID	Hash_Value			File_Number	Fully_Enumerated	Children
0	-1	abd3c1cd60cbc1fe	6			yes					1	86	154	213	258	290	
1	0	295145a783ba75b6	5			yes					2	38	47	57	66	
2	1	a2046a8eec9094b5	5			yes					3	13	26	34	37	
3	2	67fe5ee1f12731c0	4			yes					4	5	8	9	
4	3	1904ea7da3dec6dc	4			yes					-1	-1	-1	-1	
5	3	cc2f60f96ffd3cee	5			yes					-1	-1	-1	6	7	
6	5	866f227906764fb4	4			yes					-1	-1	-1	-1	
7	5	13e851e6e573b482	4			yes					-1	-1	-1	-1	
8	3	0a081ea9934b9b80	4			yes					-1	-1	-1	-1	
9	3	ebd2a765d043c281	3			yes					10	11	12	
10	9	8a2484ac6cfec83e	4			yes					-1	-1	-1	-1	
11	9	0bf3e10d10e8cbf3	5			yes					-1	-1	-1	-1	-1	
12	9	30a2f67a5f30195e	4			yes					-1	-1	-1	-1	
13	2	2a6f0aeedb1aa8ba	4			yes					-1	14	18	22	
14	13	e35c957c86b5fc0d	5			yes					15	16	-1	-1	17	
15	14	839fe8c2d28e82e8	4			yes					-1	-1	-1	-1	
16	14	8e7f00dd6661ab5b	4			yes					-1	-1	-1	-1	
17	14	23f7d453b2e07cd9	4			yes					-1	-1	-1	-1	
18	13	0e6a9f3988b9422a	5			yes					19	20	-1	21	-1	
19	18	6ea9e287dc823ccf	4			yes					-1	-1	-1	-1	
20	18	63490a98686d157c	4			yes					-1	-1	-1	-1	
21	18	5b1442b75ea18313	4			yes					-1	-1	-1	-1	
22	13	cdf8b02436ded51e	5			yes					23	24	-1	-1	25	
23	22	ad3bcd9a62e5abfb	4			yes					-1	-1	-1	-1	
24	22	a0db2585d60a8248	4			yes					-1	-1	-1	-1	
25	22	5c538b13d9c234fb	4			yes					-1	-1	-1	-1	
26	2	89c5dc7bd76939d7	4			yes					-1	-1	27	31	
27	26	e9ec5d6e7e60269b	5			yes					28	29	-1	-1	30	
28	27	892f20d02a5b587e	4			yes					-1	-1	-1	-1	
29	27	cf37c29900ebde55	4			yes					-1	-1	-1	-1	
30	27	020f8d753852ab64	4			yes					-1	-1	-1	-1	
31	26	05e925fff60dca96	3			yes					-1	32	33	
32	31	843ef1235d41c6d1	5			yes					-1	-1	-1	-1	-1	
33	31	cdd5d4edd5c185e4	5			yes					-1	-1	-1	-1	-1	
34	2	ea7c1b7e30a0c759	4			yes					-1	-1	-1	35	
35	34	6650e2fa11c43418	3			yes					-1	36	-1	
36	35	ebf587abc9d9f27d	5			yes					-1	-1	-1	-1	-1	
37	2	2e28930acdf467f4	4			yes					-1	-1	-1	-1	
38	1	b196b8ccc85db236	4			yes					39	42	44	46	
39	38	cda7a83bc4587ee2	3			yes					-1	-1	40	
40	39	8efe17451fa0a581	5			yes					-1	41	-1	-1	-1	
41	40	3892abf0ab1075b2	4			yes					-1	-1	-1	-1	
42	38	54ef0b0d74c96e90	3			yes					-1	-1	43	
43	42	271979dbe2baf3f0	5			yes					-1	-1	-1	-1	-1	
44	38	15645ab291f5e333	3			yes					-1	-1	45	
45	44	9948a336b0911072	2			yes					-1	-1	
46	38	3dba4148e9394177	3			yes					-1	-1	-1	
47	1	e23a8bf6e3b766a4	4			yes					48	51	54	56	
48	47	9e0b9b01efb2aa70	3			yes					49	-1	50	
49	48	1c77aa2103374aaf	4			yes					-1	-1	-1	-1	
50	48	f75c422123f8dcb6	5			yes					-1	-1	-1	-1	-1	
51	47	99b10df03ee78016	3			yes					-1	-1	52	
52	51	159df4741f837357	2			yes					53	-1	
53	52	809b6b27f9c468c4	4			yes					-1	-1	-1	-1	
54	47	8b966f75f031d927	3			yes					-1	-1	55	
55	54	9305058da386c563	5			yes					-1	-1	-1	-1	-1	
56	47	6e167272c2d395e5	3			yes					-1	-1	-1	
57	1	967421df7dce5a89	4			yes					58	61	63	65	
58	57	ea45312871cb965d	3			yes					59	60	-1	
59	58	1c965fc59b1d94d0	5			yes					-1	-1	-1	-1	-1	
60	58	3addf969c02f9254	5			yes					-1	-1	-1	-1	-1	
61	57	edffa7d9a09ebc3b	3			yes					-1	62	-1	
62	61	099c2559de5f72fb	5			yes					-1	-1	-1	-1	-1	
63	57	bdb5972a4637f7eb	3			yes					-1	-1	64	
64	63	13987d2e90141a22	5			yes					-1	-1	-1	-1	-1	
65	57	2c7b2004eaac8704	3			yes					-1	-1	-1	
66	1	2850b8c4e0bf49d0	5			yes					67	75	81	84	85	
67	66	5461a833ecba8504	4			yes					68	69	71	72	
68	67	dc062b298d3aa27b	5			yes					-1	-1	-1	-1	-1	
69	67	ff5c699a5f1a5a43	5			yes					-1	-1	-1	-1	70	
70	69	be41cd807f06d6b1	4			yes					-1	-1	-1	-1	
71	67	39e98490c92de720	4			yes					-1	-1	-1	-1	
72	67	183241033a99183c	3			yes					73	74	-1	
73	72	be7aaf78d3a480cb	5			yes					-1	-1	-1	-1	-1	
74	72	a65a7d6b8a9da9c0	5			yes					-1	-1	-1	-1	-1	
75	66	53db3ec23defaf62	4			yes					-1	76	77	78	
76	75	5971346e8b88d75c	5			yes					-1	-1	-1	-1	-1	
77	75	b6358a844038fae1	5			yes					-1	-1	-1	-1	-1	
78	75	1f88d7f2ebcc325a	3			yes					-1	79	80	
79	78	6e2de3d16525984a	5			yes					-1	-1	-1	-1	-1	
80	78	ed2b3de98842fd07	5			yes					-1	-1	-1	-1	-1	
81	66	03910e31db46e4b2	4			yes					-1	-1	82	83	
82	81	f22d3791a39c75e2	5			yes					-1	-1	-1	-1	-1	
83	81	4fc2e7010d65798a	3			yes					-1	-1	-1	
84	66	6028c9343c8f1a3c	4			yes					-1	-1	-1	-1	
85	66	640351f4369cd4e8	4			yes					-1	-1	-1	-1	
86	0	81620e71f95ff1ad	5			yes					-1	87	118	126	135	
87	86	eb035bcfe0e7cbda	5			yes					88	100	106	114	117	
88	87	c6551f0df5dc8c4f	4			yes					89	90	94	96	
89	88	03a4edbd2b185790	5			yes					-1	-1	-1	-1	-1	
90	88	fb203707c9a6cc95	5			yes					-1	91	-1	92	93	
91	90	ac4de071504e99d8	4			yes					-1	-1	-1	-1	
92	90	0efb569a6d658de1	4			yes					-1	-1	-1	-1	
93	90	24e70618432844f9	4			yes					-1	-1	-1	-1	
94	88	f541ebfb700f5fc7	5			yes					-1	-1	-1	-1	95	
95	94	1ea23be0363dd238	4			yes					-1	-1	-1	-1	
96	88	4a79e689d4b87f0e	3			yes					97	98	99	
97	96	8c00719b4f69f9d8	5			yes					-1	-1	-1	-1	-1	
98	96	3cfcb6f3b6b33b88	5			yes					-1	-1	-1	-1	-1	
99	96	d1786278dbaefcb8	5			yes					-1	-1	-1	-1	-1	
100	87	b062db8d2726ec47	4			yes					-1	101	102	103	
101	100	f11c97664ec26515	5			yes					-1	-1	-1	-1	-1	
102	100	277b97af2e4da98a	4			yes					-1	-1	-1	-1	
103	100	3c4e220906421f06	3			yes					-1	104	105	
104	103	36c0169231d79208	5			yes					-1	-1	-1	-1	-1	
105	103	1dd17f7ce2362b54	4			yes					-1	-1	-1	-1	
106	87	b2634cf42faec0a5	4			yes					-1	-1	107	108	
107	106	81aca8a3b8177b70	5			yes					-1	-1	-1	-1	-1	
108	106	6a8afd77d1d6a1bc	6			yes					109	110	111	-1	112	113	
109	108	10bdab5b9d481f6c	5			yes					-1	-1	-1	-1	-1	
110	108	4c516280af5d5972	5			yes					-1	-1	-1	-1	-1	
111	108	ab7ae9c84440aee1	5			yes					-1	-1	-1	-1	-1	
112	108	715acf4171b3d81c	5			yes					-1	-1	-1	-1	-1	
113	108	72914d9c244ddecd	5			yes					-1	-1	-1	-1	-1	
114	87	a37b2a3f3cd79836	4			yes					-1	-1	-1	115	
115	114	2f57d3bb1db36b77	3			yes					-1	-1	116	
116	115	a595212013b6d80f	5			yes					-1	-1	-1	-1	-1	
117	87	672fa24bc183389b	4			yes					-1	-1	-1	-1	
118	86	b62af3a306c9bc26	4			yes					119	122	124	125	
119	118	9b7cb76113f2fbb3	3			yes					120	-1	121	
120	119	9863ebfe4055648c	4			yes					-1	-1	-1	-1	
121	119	1a693ab107969f58	2			yes					-1	-1	
122	118	07ebdd30636aa8bb	3			yes					-1	-1	123	
123	122	5e7b527a829f99ef	6			yes					-1	-1	-1	-1	-1	-1	
124	118	1d82e78164fc37e3	3			yes					-1	-1	-1	
125	118	373f7e7312add8cd	3			yes					-1	-1	-1	
126	86	11ad147b02e4f7e9	4			yes					127	131	133	134	
127	126	3cfb50b917dfb07c	3			yes					128	129	130	
128	127	96314b8bcd08545a	5			yes					-1	-1	-1	-1	-1	
129	127	280f3030dfc64089	5			yes					-1	-1	-1	-1	-1	
130	127	acbca0159b9a1e04	5			yes					-1	-1	-1	-1	-1	
131	126	a06c3ae86747e374	3			yes					-1	132	-1	
132	131	778b76b0b14dfa68	5			yes					-1	-1	-1	-1	-1	
133	126	26986b8ae7fa8e85	3			yes					-1	-1	-1	
134	126	aba215a095862a64	3			yes					-1	-1	-1	
135	86	af898d609f95e4b0	5			yes					136	143	148	152	153	
136	135	82dfc9a28aaea325	4			yes					137	138	139	140	
137	136	a1f1ad8c51c86065	5			yes					-1	-1	-1	-1	-1	
138	136	914ae11a06c8b99f	5			yes					-1	-1	-1	-1	-1	
139	136	4d09eaaaa81271c4	5			yes					-1	-1	-1	-1	-1	
140	136	ce8c20925c8d3e1d	3			yes					141	142	-1	
141	140	c38d29dd0f5642d5	5			yes					-1	-1	-1	-1	-1	
142	140	e4a9e1e6f6d6c5d8	5			yes					-1	-1	-1	-1	-1	
143	135	1e48a3f3fa36f02d	4			yes					-1	144	145	146	
144	143	32ca11793b1bb174	5			yes					-1	-1	-1	-1	-1	
145	143	799c1c414adf5b73	4			yes					-1	-1	-1	-1	
146	143	521b4ac32c156d15	3			yes					-1	147	-1	
147	146	6bcc0588ee9c42f7	5			yes					-1	-1	-1	-1	-1	
148	135	98bcf2917a8b9ddc	4			yes					-1	-1	149	150	
149	148	2d39421157539cd5	5			yes					-1	-1	-1	-1	-1	
150	148	d4ef1ba1aca800e4	3			yes					-1	-1	151	
151	150	cc8c08ae64dbf315	5			yes					-1	-1	-1	-1	-1	
152	135	e7f1fc9043a5b75c	4			yes					-1	-1	-1	-1	
153	135	e3da645049b67988	4			yes					-1	-1	-1	-1	
154	0	18f90c52e3c467bb	5			yes					-1	-1	155	181	190	
155	154	07028d81d08c2a46	5			yes					156	169	176	178	180	
156	155	2a54c943c5b76dd3	4			yes					157	160	161	163	
157	156	83b847bdc2e46a6e	5			yes					-1	158	159	-1	-1	
158	157	aaf2f981821486bb	4			yes					-1	-1	-1	-1	
159	157	141c2ccf312a4e95	4			yes					-1	-1	-1	-1	
160	156	d12b1d5631ab2ff7	5			yes					-1	-1	-1	-1	-1	
161	156	9f97c154728b0e4b	5			yes					-1	-1	-1	-1	162	
162	161	f0c51eedcd79e890	4			yes					-1	-1	-1	-1	
163	156	a67830c7e4d39e92	3			yes					164	167	168	
164	163	0c1cdb9ba695c426	5			yes					-1	165	166	-1	-1	
165	164	255665a7e66528f3	4			yes					-1	-1	-1	-1	
166	164	9bb8b0e9555be0dd	4			yes					-1	-1	-1	-1	
167	163	5e8f817055da81bf	5			yes					-1	-1	-1	-1	-1	
168	163	b404cf89c327426c	5			yes					-1	-1	-1	-1	-1	
169	155	81584f49e4595472	4			yes					-1	170	171	173	
170	169	2e70209d05efdf9f	5			yes					-1	-1	-1	-1	-1	
171	169	ceff8261a2d60a8f	5			yes					-1	-1	-1	-1	172	
172	171	a1ad5dd81d24ec54	4			yes					-1	-1	-1	-1	
173	169	0d74b6cdc53da733	3			yes					-1	174	175	
174	173	a1d4bcbb619e71d7	5			yes					-1	-1	-1	-1	-1	
175	173	e56c8cbc137a46a8	5			yes					-1	-1	-1	-1	-1	
176	155	4893d831aff6adb6	4			yes					-1	-1	-1	177	
177	176	c4bf21b58e925ef7	3			yes					-1	-1	-1	
178	155	68b12a3e7ff04d10	4			yes					-1	-1	-1	179	
179	178	c77baaf4a5256e3b	5			yes					-1	-1	-1	-1	-1	
180	155	8b2e7405f1e8d907	4			yes					-1	-1	-1	-1	
181	154	2a75bee07990430b	4			yes					182	186	188	189	
182	181	0723fa226cab049e	3			yes					183	185	-1	
183	182	bd97dc64b314c581	5			yes					-1	-1	-1	-1	184	
184	183	cc2070aa03de85b0	4			yes					-1	-1	-1	-1	
185	182	f23806f950b04d28	5			yes					-1	-1	-1	-1	-1	
186	181	ac2f7c284d453d3f	3			yes					-1	187	-1	
187	186	1a0fd77e990bc99e	5			yes					-1	-1	-1	-1	-1	
188	181	ce24936a3c457344	3			yes					-1	-1	-1	
189	181	4f5dab80643b09ee	3			yes					-1	-1	-1	
190	154	0c55c8475374db7c	5			yes					191	201	208	211	212	
191	190	21038c85464f9ce9	4			yes					192	195	196	197	
192	191	fa4b522984509fcb	5			yes					-1	193	194	-1	-1	
193	192	d301ec15c4a0731e	4			yes					-1	-1	-1	-1	
194	192	f9c434b80bc5c26d	4			yes					-1	-1	-1	-1	
195	191	17d927a9de7a3924	5			yes					-1	-1	-1	-1	-1	
196	191	613ca9aa241fbdd3	5			yes					-1	-1	-1	-1	-1	
197	191	6d5065b5906c01d1	3			yes					198	199	200	
198	197	9837d678dacebd7b	5			yes					-1	-1	-1	-1	-1	
199	197	75a5a3f880e41b94	5			yes					-1	-1	-1	-1	-1	
200	197	900c717e89866127	5			yes					-1	-1	-1	-1	-1	
201	190	8a0f0a8f67a1a548	4			yes					-1	202	204	205	
202	201	9b9e72156bce07c0	5			yes					-1	-1	-1	-1	203	
203	202	da83d60f4bd28b32	4			yes					-1	-1	-1	-1	
204	201	3054ea9ff442b917	5			yes					-1	-1	-1	-1	-1	
205	201	c65ce3bfb1823870	3			yes					-1	206	207	
206	205	c29866e4be49f443	5			yes					-1	-1	-1	-1	-1	
207	205	c164324b59db65e3	5			yes					-1	-1	-1	-1	-1	
208	190	e804e5cd16a1eb33	4			yes					-1	-1	209	210	
209	208	6d40294a5ad30a00	4			yes					-1	-1	-1	-1	
210	208	a4570cfdc082760b	3			yes					-1	-1	-1	
211	190	030e42b0b21894d6	4			yes					-1	-1	-1	-1	
212	190	4006217785574644	4			yes					-1	-1	-1	-1	
213	0	e1a71c7add5dc1c2	5			yes					-1	-1	-1	214	234	
214	213	a3c82781dd80c4cb	5			yes					215	223	228	231	233	
215	214	8e9e6343c8bb835e	4			yes					216	218	221	222	
216	215	80389d35f95bb2b1	5			yes					-1	-1	-1	-1	217	
217	216	f18f31fb4991f280	4			yes					-1	-1	-1	-1	
218	215	2a1889bdca5f5f21	6			yes					-1	-1	-1	-1	219	220	
219	218	1f5ccc5a2fcdc9ab	5			yes					-1	-1	-1	-1	-1	
220	218	f5dfb8a240d1d74d	5			yes					-1	-1	-1	-1	-1	
221	215	c40211707125029d	5			yes					-1	-1	-1	-1	-1	
222	215	0f56553d75bb3899	5			yes					-1	-1	-1	-1	-1	
223	214	2592e549e955baff	4			yes					-1	224	226	227	
224	223	42f1c289595bb1e1	5			yes					-1	-1	-1	-1	225	
225	224	33466e47e991f1d0	4			yes					-1	-1	-1	-1	
226	223	d29040589f38f5a5	5			yes					-1	-1	-1	-1	-1	
227	223	449bc888e10099da	5			yes					-1	-1	-1	-1	-1	
228	214	d48e756dbf67a023	4			yes					-1	-1	229	230	
229	228	0b77680704f6737c	5			yes					-1	-1	-1	-1	-1	
230	228	77068135a5d3c66a	5			yes					-1	-1	-1	-1	-1	
231	214	c00dabb6141b7954	4			yes					-1	-1	-1	232	
232	231	dc4ad4e643095d49	3			yes					-1	-1	-1	
233	214	bf8f58d18a92e0d6	4			yes					-1	-1	-1	-1	
234	213	f9b5d95586ac7ff2	5			yes					235	246	253	256	257	
235	234	d4e39d9793973867	4			yes					236	239	242	243	
236	235	c7e41378ce1fe8fb	5			yes					-1	237	238	-1	-1	
237	236	472ae1f6b8fb0a43	4			yes					-1	-1	-1	-1	
238	236	5040780a3dd1cc00	4			yes					-1	-1	-1	-1	
239	235	199c2414257d608b	5			yes					-1	240	241	-1	-1	
240	239	7e18cf4fb79e5a54	4			yes					-1	-1	-1	-1	
241	239	d4470495f68f8b0f	4			yes					-1	-1	-1	-1	
242	235	3c5a108f8838ec9d	4			yes					-1	-1	-1	-1	
243	235	98b074a745b4a55f	3			yes					244	245	-1	
244	243	a59897299081ca4b	5			yes					-1	-1	-1	-1	-1	
245	243	8a7c64ace4f0d921	5			yes					-1	-1	-1	-1	-1	
246	234	7fef1b9db27901c6	4			yes					-1	247	250	251	
247	246	052d4cc46e1febab	5			yes					248	-1	249	-1	-1	
248	247	7f1a1ae82281557b	4			yes					-1	-1	-1	-1	
249	247	d1d8eb33281415d4	4			yes					-1	-1	-1	-1	
250	246	8910ba2657870217	5			yes					-1	-1	-1	-1	-1	
251	246	33bcf2ad645a9cfe	3			yes					-1	252	-1	
252	251	6751c8953081c91b	5			yes					-1	-1	-1	-1	-1	
253	234	8ef38bb9e44b1b1a	4			yes					-1	-1	254	255	
254	253	f32f69f8fdeb9d7c	4			yes					-1	-1	-1	-1	
255	253	c2a0628932688622	3			yes					-1	-1	-1	
256	234	90193dd6952ac071	4			yes					-1	-1	-1	-1	
257	234	b5e63065508fe2ca	4			yes					-1	-1	-1	-1	
258	0	af7503598b8a4e33	5			yes					-1	-1	-1	-1	259	
259	258	516d5bfe447c2262	4			yes					260	266	272	279	
260	259	1897819dd3e5b816	4			yes					261	263	265	-1	
261	260	64a6916adfe074c2	3			yes					-1	262	-1	
262	261	a4076c6c6abd96ca	5			yes					-1	-1	-1	-1	-1	
263	260	631c079b0eb55ea4	3			yes					-1	264	-1	
264	263	cdc9cca9e3bd78a3	5			yes					-1	-1	-1	-1	-1	
265	260	33563768e81c1574	3			yes					-1	-1	-1	
266	259	9f4eb439accf1576	4			yes					267	270	271	-1	
267	266	b218f0fbb9f452e3	3			yes					268	269	-1	
268	267	08ebde8e679a50c4	5			yes					-1	-1	-1	-1	-1	
269	267	ec5ad9c0e2244ad1	5			yes					-1	-1	-1	-1	-1	
270	266	2e8f9aaac96c01eb	3			yes					-1	-1	-1	
271	266	a87bcbc849d16c1a	3			yes					-1	-1	-1	
272	259	1cff66398978fac7	4			yes					273	276	278	-1	
273	272	31a922fb9c43bd52	3			yes					274	275	-1	
274	273	79c235948ef6cfd9	5			yes					-1	-1	-1	-1	-1	
275	273	6ce293fcfa2249b6	5			yes					-1	-1	-1	-1	-1	
276	272	9aa5a4f1bdad84f3	3			yes					-1	277	-1	
277	276	84d5427b3399cd00	5			yes					-1	-1	-1	-1	-1	
278	272	f8ae4bb3ccadca88	3			yes					-1	-1	-1	
279	259	80cd98f6d05411b2	5			yes					280	284	287	289	-1	
280	279	ad9bdc34c56f5627	4			yes					281	282	283	-1	
281	280	446d74c5c4b9b8e9	5			yes					-1	-1	-1	-1	-1	
282	280	b4c21cb860cd5bbf	6			yes					-1	-1	-1	-1	-1	-1	
283	280	0057f8804cc708c5	5			yes					-1	-1	-1	-1	-1	
284	279	06975a3ee4816f86	4			yes					-1	285	286	-1	
285	284	86a42b7964b9bbb9	5			yes					-1	-1	-1	-1	-1	
286	284	16c5a9a8a2dafffd	5			yes					-1	-1	-1	-1	-1	
287	279	f78bca1ab2b3755a	4			yes					-1	-1	288	-1	
288	287	cf2281f739147924	5			yes					-1	-1	-1	-1	-1	
289	279	e30814c119cfac2d	4			yes					-1	-1	-1	-1	
290	0	55cb996aaf3dadaf	5			yes					-1	-1	-1	-1	-1	
