Number of nodes
396
ID	PID	Hash_Value			File_Number	Fully_Enumerated	Children
0	-1	8a09350c84545b6d	6			yes					1	53	94	132	167	288	
1	0	8a21cce5d366d7f1	5			yes					2	17	38	48	52	
2	1	8c3ca978fc356ca9	4			yes					3	6	8	12	
3	2	6d08ce6c0c2fde1a	4			yes					-1	-1	4	5	
4	3	496154d826cc13ce	3			yes					-1	-1	-1	
5	3	0591971a628a675a	3			yes					-1	-1	-1	
6	2	18fb30d78e69b634	4			yes					-1	7	-1	-1	
7	6	3a07b09da80f5335	3			yes					-1	-1	-1	
8	2	2076a11351684b26	5			yes					-1	9	10	-1	11	
9	8	028a2159770eae27	4			yes					-1	-1	-1	-1	
10	8	02dd31f7774d797a	4			yes					-1	-1	-1	-1	
11	8	58c1a22e0087e5fc	4			yes					-1	-1	-1	-1	
12	2	952ade9864ae07cd	5			yes					-1	13	14	15	16	
13	12	b7d65ed242c8e2cc	4			yes					-1	-1	-1	-1	
14	12	b7814e7c428b3591	4			yes					-1	-1	-1	-1	
15	12	1aa76b1968534566	4			yes					-1	-1	-1	-1	
16	12	3c44ebd8d4294f23	4			yes					-1	-1	-1	-1	
17	1	f533ad5b21159a62	4			yes					-1	18	29	36	
18	17	a85c1762166d956a	3			yes					19	20	24	
19	18	625fe21199cce115	4			yes					-1	-1	-1	-1	
20	18	abb2016cd275e511	5			yes					21	22	-1	-1	23	
21	20	acd50de29d9ee6ab	4			yes					-1	-1	-1	-1	
22	20	a20db3d5e554853f	4			yes					-1	-1	-1	-1	
23	20	d3050251839a4bcb	4			yes					-1	-1	-1	-1	
24	18	1eee7ee7e7b3a9fa	5			yes					25	26	-1	27	28	
25	24	19897269a858aa40	4			yes					-1	-1	-1	-1	
26	24	1751cc5ed092c9d4	4			yes					-1	-1	-1	-1	
27	24	9163cb66eb4eeb51	4			yes					-1	-1	-1	-1	
28	24	b7804ba75734e114	4			yes					-1	-1	-1	-1	
29	17	1ee36b4ba45ed8e3	3			yes					30	-1	32	
30	29	9c9120c25a6324e5	4			yes					-1	-1	-1	31	
31	30	df8d2e15ce5e0549	3			yes					-1	-1	-1	
32	29	7e9a5678e16f0f8b	5			yes					33	34	-1	-1	35	
33	32	79fd5af6ae840c31	4			yes					-1	-1	-1	-1	
34	32	7725e4c1d64e6fa5	4			yes					-1	-1	-1	-1	
35	32	038d3e13114510ff	4			yes					-1	-1	-1	-1	
36	17	b0a219b49d60f6d1	3			yes					37	-1	-1	
37	36	acffa25ad20d2fb4	4			yes					-1	-1	-1	-1	
38	1	d74e76dce41ed8f9	4			yes					-1	-1	39	46	
39	38	3c9eb0cc61559a78	3			yes					40	-1	41	
40	39	cb37144f59872269	4			yes					-1	-1	-1	-1	
41	39	bc7044d3c8133572	5			yes					42	43	44	-1	-1	
42	41	bb17485d87f836c8	4			yes					-1	-1	-1	-1	
43	41	b5cff66aff32555c	4			yes					-1	-1	-1	-1	
44	41	9e8cc499ee75d073	4			yes					-1	-1	-1	-1	
45	41	e6ea7d46d61158af	4			no					-1	-2	-2	-1	
46	38	92dfc233586bb44a	3			yes					47	-1	-1	
47	46	bbe8de180e3c8453	4			yes					-1	-1	-1	-1	
48	1	61f10af5562d9570	4			yes					-1	-1	-1	49	
49	48	2460be1aea58f9c3	3			yes					50	-1	-1	
50	49	39e0011dc30a5097	5			yes					-1	-1	-1	-1	51	
51	50	02b8ac071d4e2506	4			yes					-1	-1	-1	-1	
52	1	cfb0780a6f13bb42	4			yes					-1	-1	-1	-1	
53	0	43d430131f16e9d6	5			yes					54	72	82	90	93	
54	53	9d685e5b1bf45d6a	4			yes					55	59	66	70	
55	54	666dfb057a5f94a8	4			yes					-1	56	57	58	
56	55	01005ac5149bb546	3			yes					-1	-1	-1	
57	55	9830acfbfcce5b4a	3			yes					-1	-1	-1	
58	55	0ef4a27314fa2de8	3			yes					-1	-1	-1	
59	54	c007e4622c8c5262	3			yes					60	62	64	
60	59	cfde977498c2df45	4			yes					-1	-1	-1	61	
61	60	567174f5ad6a044e	3			yes					-1	-1	-1	
62	59	a77ba4a3693c5e4d	4			yes					63	-1	-1	-1	
63	62	ac35edd820b66502	3			yes					-1	-1	-1	
64	59	69b3d46d09fa936a	5			yes					-1	-1	-1	-1	65	
65	64	b1e36903cdbd42f4	4			yes					-1	-1	-1	-1	
66	54	76b8984b9ebf1feb	3			yes					67	-1	68	
67	66	6cce680b52461cfc	4			yes					-1	-1	-1	-1	
68	66	2bcc97ff26703792	5			yes					-1	-1	-1	-1	69	
69	68	10943ae5f8344203	4			yes					-1	-1	-1	-1	
70	54	d8f9eab4a78131d9	3			yes					71	-1	-1	
71	70	a79a9733a47d6506	4			yes					-1	-1	-1	-1	
72	53	2d92a68e0aa49586	4			yes					-1	73	75	79	
73	72	6acd30b9f8ecdd70	4			yes					74	-1	-1	-1	
74	73	9e1c14378f9fd3b2	3			yes					-1	-1	-1	
75	72	5240a17d27ed2062	5			yes					76	-1	77	-1	78	
76	75	a69185f3509e2ea0	4			yes					-1	-1	-1	-1	
77	75	70eb319901c8123e	4			yes					-1	-1	-1	-1	
78	75	2af7a24076028eb8	4			yes					-1	-1	-1	-1	
79	72	e71cdef6122b6c89	5			yes					80	-1	81	-1	-1	
80	79	13cdfa786558624b	4			yes					-1	-1	-1	-1	
81	79	c5b74e12340e5ed5	4			yes					-1	-1	-1	-1	
82	53	1ebb8a2a286ee6de	4			yes					-1	-1	83	88	
83	82	f56b4c3aad25a45f	3			yes					-1	84	85	
84	83	b90114212f02492d	4			yes					-1	-1	-1	-1	
85	83	0a0b6c41a96cfeb7	5			yes					86	87	-1	-1	-1	
86	85	feda48cfde1ff075	4			yes					-1	-1	-1	-1	
87	85	4679de6ac7aa5824	4			yes					-1	-1	-1	-1	
88	82	5b2a3ec5941b8a6d	3			yes					-1	89	-1	
89	88	c9dede7678b9ef17	4			yes					-1	-1	-1	-1	
90	53	a804f6039a5dab57	4			yes					-1	-1	-1	91	
91	90	ed9542ec2628c7e4	3			yes					-1	92	-1	
92	91	4bd60173b58f3bd3	5			yes					-1	-1	-1	-1	-1	
93	53	064584fca3638565	4			yes					-1	-1	-1	-1	
94	0	9f9315f9ddefac70	5			yes					95	113	122	128	131	
95	94	412f7bb1d90d18cc	4			yes					96	104	106	111	
96	95	678523723ac92fa6	3			yes					-1	97	100	
97	96	9987efc57eda7a3a	5			yes					-1	-1	98	-1	99	
98	97	bb2c7f2158ff4866	4			yes					-1	-1	-1	-1	
99	97	e130ecf82f35d4e0	4			yes					-1	-1	-1	-1	
100	96	2cdb904e4b1c36d1	5			yes					-1	-1	101	102	103	
101	100	0e7000aa6d39048d	4			yes					-1	-1	-1	-1	
102	100	a35625cf47e1747a	4			yes					-1	-1	-1	-1	
103	100	85b5a50efb9b7e3f	4			yes					-1	-1	-1	-1	
104	95	1d2a763a6cac6f75	4			yes					-1	-1	-1	105	
105	104	75b32f4c0209d635	3			yes					-1	-1	-1	
106	95	aaffbda15c465a4d	3			yes					-1	107	108	
107	106	26d2fa3720faac11	4			yes					-1	-1	-1	-1	
108	106	7a4a5ada89380d03	5			yes					-1	-1	109	-1	110	
109	108	58e1ca3eaf1d3f5f	4			yes					-1	-1	-1	-1	
110	108	4112f7c0577c7892	4			yes					-1	-1	-1	-1	
111	95	04becf5e6578747f	3			yes					-1	112	-1	
112	111	dcdd1a0cb28e9edb	4			yes					-1	-1	-1	-1	
113	94	b9394d3a3e2b9b1a	4			yes					-1	114	116	120	
114	113	d740856a5e4f02c0	4			yes					115	-1	-1	-1	
115	114	2391a1e4293c0c02	3			yes					-1	-1	-1	
116	113	52e98b2abb60d99b	3			yes					-1	117	118	
117	116	7e4ec34e21d44779	4			yes					-1	-1	-1	-1	
118	116	0d0f553886de4545	5			yes					-1	-1	-1	-1	119	
119	118	70183d5376f45a31	4			yes					-1	-1	-1	-1	
120	113	fca8f9d5825ef7a9	3			yes					-1	121	-1	
121	120	07143bdf3e9a0fd8	4			yes					-1	-1	-1	-1	
122	94	56574474de18ade4	4			yes					-1	-1	123	126	
123	122	5804296ceaede869	5			yes					-1	124	-1	-1	125	
124	123	51bb9bd5ddcc8847	4			yes					-1	-1	-1	-1	
125	123	20b32a51bb0246b3	4			yes					-1	-1	-1	-1	
126	122	ed5856e7df2ba482	5			yes					-1	127	-1	-1	-1	
127	126	e4e7e45ee80ac4ac	4			yes					-1	-1	-1	-1	
128	94	7443d3e958a4eef1	4			yes					-1	-1	-1	129	
129	128	31d26706e4d18242	3			yes					-1	-1	130	
130	129	41928962788ff3d8	5			yes					-1	-1	-1	-1	-1	
131	94	da02a116619ac0c3	4			yes					-1	-1	-1	-1	
132	0	e5b3db0e48a2ef93	5			yes					133	148	159	164	166	
133	132	3b0fb5464c405b2f	4			yes					134	142	145	146	
134	133	1da5ed85af846c45	3			yes					135	137	138	
135	134	0c2816439b856e33	4			yes					-1	136	-1	-1	
136	135	a151437281a2198f	3			yes					-1	-1	-1	
137	134	7ea7361f0a787f34	4			yes					-1	-1	-1	-1	
138	134	bfb48d95d9ad76e7	5			yes					-1	139	-1	140	141	
139	138	9d480ddfffcb93e6	4			yes					-1	-1	-1	-1	
140	138	30393814d550344c	4			yes					-1	-1	-1	-1	
141	138	16dab8d5692a3e09	4			yes					-1	-1	-1	-1	
142	133	441dd4f8be3316bc	3			yes					-1	143	144	
143	142	1bc20ac7913ceec1	4			yes					-1	-1	-1	-1	
144	142	58175a38c971468f	4			yes					-1	-1	-1	-1	
145	133	7883be38406a82a6	4			yes					-1	-1	-1	-1	
146	133	7e9e01a9f035379c	3			yes					-1	-1	147	
147	146	caccf531b5153015	4			yes					-1	-1	-1	-1	
148	132	c31983cdab66d8f9	4			yes					-1	149	154	156	
149	148	bc0be2735915956a	3			yes					-1	150	151	
150	149	0c9136717cfd1470	4			yes					-1	-1	-1	-1	
151	149	cd828dfbaf281da3	5			yes					152	-1	-1	-1	153	
152	151	3953a975d85b1361	4			yes					-1	-1	-1	-1	
153	151	64ecb8bb1faf554d	4			yes					-1	-1	-1	-1	
154	148	ce5aa8a4ca3d5364	5			yes					-1	-1	-1	-1	155	
155	154	d5fa43389778cef8	4			yes					-1	-1	-1	-1	
156	148	868837221713b44a	3			yes					-1	-1	157	
157	156	8e40884793a442f7	5			yes					-1	-1	-1	-1	158	
158	157	5610352957e39369	4			yes					-1	-1	-1	-1	
159	132	9aa1bab0bad1a200	4			yes					-1	-1	160	162	
160	159	ce78af118daf1361	5			yes					-1	-1	-1	-1	161	
161	160	381019c563237765	4			yes					-1	-1	-1	-1	
162	159	df300e5f06a4ceb3	3			yes					-1	-1	163	
163	162	1e3b441533f8c66b	5			yes					-1	-1	-1	-1	-1	
164	132	c295e3daa920a2f6	4			yes					-1	-1	-1	165	
165	164	8218a5d667c279be	5			yes					-1	-1	-1	-1	-1	
166	132	a0226fe1f4d78320	4			yes					-1	-1	-1	-1	
167	0	3e806a87fb883850	5			yes					168	179	191	204	231	
168	167	a93f7db67ab8c4ca	4			yes					169	172	178	-1	
169	168	af22182b55eb7f92	3			yes					170	171	-1	
170	169	683d28360cb24f58	4			yes					-1	-1	-1	-1	
171	169	6d9fe70477b0a1c0	5			yes					-1	-1	-1	-1	-1	
172	168	d62d1c0888cb8959	3			yes					-1	173	177	
173	172	6e2bc7126e3383bb	5			yes					174	175	-1	176	-1	
174	173	694ccb9c21d88001	4			yes					-1	-1	-1	-1	
175	173	679475ab5912e395	4			yes					-1	-1	-1	-1	
176	173	09869fe92e917358	4			yes					-1	-1	-1	-1	
177	172	ee207ff288b1133c	5			yes					-1	-1	-1	-1	-1	
178	168	f450c78f4dc0cbc2	3			yes					-1	-1	-1	
179	167	60ca8140b6c8faed	4			yes					180	188	190	-1	
180	179	be76ef08b22a4e51	3			yes					181	182	187	
181	180	afc2258a26f98c3e	4			yes					-1	-1	-1	-1	
182	180	255e1f404bb7ed22	5			yes					183	184	-1	185	186	
183	182	2e10563b023dd66d	4			yes					-1	-1	-1	-1	
184	182	c19d01038cfb1324	4			yes					-1	-1	-1	-1	
185	182	64e1ab24db14c707	4			yes					-1	-1	-1	-1	
186	182	4dc7463625125462	4			yes					-1	-1	-1	-1	
187	180	d48d6906bdfbe4b4	5			yes					-1	-1	-1	-1	-1	
188	179	0e8c17dda37a86bd	3			yes					-1	189	-1	
189	188	1fa9e76a0135ca84	5			yes					-1	-1	-1	-1	-1	
190	179	3da53b7981b0f5e5	3			yes					-1	-1	-1	
191	167	bc8da4aa7431bf4b	4			yes					192	200	203	-1	
192	191	6231cae270d30bf7	3			yes					193	198	199	
193	192	5c1e29bbc29c1c90	5			yes					-1	194	195	196	197	
194	193	c713e727cb48c88d	4			yes					-1	-1	-1	-1	
195	193	7eb5b95fe4b92ecc	4			yes					-1	-1	-1	-1	
196	193	3bb37140823eec73	4			yes					-1	-1	-1	-1	
197	193	6d954874b7c4cc77	4			yes					-1	-1	-1	-1	
198	192	b4486f976627212b	4			yes					-1	-1	-1	-1	
199	192	850ba42312b3de25	5			yes					-1	-1	-1	-1	-1	
200	191	9a27fc6997f58821	3			yes					-1	201	202	
201	200	e2d370b7a19a024f	5			yes					-1	-1	-1	-1	-1	
202	200	4bc2b1fabed92d68	5			yes					-1	-1	-1	-1	-1	
203	191	7549f52777c6bedf	3			yes					-1	-1	-1	
204	167	6cf74ef4745972f9	5			yes					205	216	223	229	230	
205	204	b24b20bc70bbc645	4			yes					206	210	214	215	
206	205	cf713460502d5ca6	5			yes					-1	207	208	209	-1	
207	206	ed8db42a764bb9a7	4			yes					-1	-1	-1	-1	
208	206	c744f789cb0b1fd0	4			yes					-1	-1	-1	-1	
209	206	a8dc6c9b108fac45	4			yes					-1	-1	-1	-1	
210	205	9f35f52f1cce5f2e	5			yes					-1	-1	211	212	213	
211	210	c5f885f7ff2f5bab	4			yes					-1	-1	-1	-1	
212	210	de8a414b8c6d750b	4			yes					-1	-1	-1	-1	
213	210	f7acac59726be66e	4			yes					-1	-1	-1	-1	
214	205	b07edc4d8efc84c0	4			yes					-1	-1	-1	-1	
215	205	086fe6fced5e4368	5			yes					-1	-1	-1	-1	-1	
216	204	4a5d1637979d4593	4			yes					-1	217	221	222	
217	216	bd47340e26a837e2	5			yes					218	-1	219	220	-1	
218	217	4996108051db3920	4			yes					-1	-1	-1	-1	
219	217	b572f7e7bd8e7494	4			yes					-1	-1	-1	-1	
220	217	daea6cf5660ac701	4			yes					-1	-1	-1	-1	
221	216	938ea633cfbb17ff	5			yes					-1	-1	-1	-1	-1	
222	216	6bace9b1a1bc40fa	5			yes					-1	-1	-1	-1	-1	
223	204	13e52f4a862a3f6a	4			yes					-1	-1	224	225	
224	223	79217aa2507c0642	5			yes					-1	-1	-1	-1	-1	
225	223	7db179e17afcb5ab	6			yes					226	-1	-1	-1	-1	228	
226	225	89605d6f0d8fbb69	5			yes					-1	-1	-1	-1	-1	
227	225	740ecb584dddd585	5			no					-1	-1	-1	-1	-2	
228	225	713b78e5710ad782	5			yes					-1	-1	-1	-1	-1	
229	204	b0e556cfe79c59f5	4			yes					-1	-1	-1	-1	
230	204	5b164f0e8690e549	4			yes					-1	-1	-1	-1	
231	167	b0ca9d845d5dc272	6			yes					232	256	273	282	285	287	
232	231	6e76f3cc59bf76ce	5			yes					233	238	244	249	250	
233	232	bfc7eebeeab10d53	6			yes					-1	234	235	236	-1	237	
234	233	9d3b6ef4ccd7e852	5			yes					-1	-1	-1	-1	-1	
235	233	9d6c7e5acc943f0f	5			yes					-1	-1	-1	-1	-1	
236	233	d86ab645aa13fdb0	5			yes					-1	-1	-1	-1	-1	
237	233	4f5d5fa4947524d4	5			yes					-1	-1	-1	-1	-1	
238	232	d300c5431b18fdd6	6			yes					-1	-1	239	240	242	243	
239	238	6fdedd43bec328bc	5			yes					-1	-1	-1	-1	-1	
240	238	92bf71278bbbd7f3	5			yes					-1	-1	-1	-1	241	
241	240	6225c03df57ffe74	4			yes					-1	-1	-1	-1	
242	238	398830c7a766df9f	5			yes					-1	-1	-1	-1	-1	
243	238	239a745965dcd451	5			yes					-1	-1	-1	-1	-1	
244	232	193072cb91bdeedc	6			yes					-1	-1	-1	245	246	247	
245	244	588fc6af011ec4f9	5			yes					-1	-1	-1	-1	-1	
246	244	f3b8874f2dc3cc95	5			yes					-1	-1	-1	-1	-1	
247	244	e9aac3d1ef79c75b	5			yes					-1	-1	-1	248	-1	
248	247	a81577b57fdaed7e	4			yes					-1	-1	-1	-1	
249	232	b5d9312c0eb6b274	4			yes					-1	-1	-1	-1	
250	232	df7841a471c6b14b	4			yes					251	252	254	-1	
251	250	a16671f7d0cab8e5	6			yes					-1	-1	-1	-1	-1	-1	
252	250	cda15a0a21634860	6			yes					-1	-1	-1	253	-1	-1	
253	252	8c1eee6eb1c06245	5			yes					-1	-1	-1	-1	-1	
254	250	0791ed82abc65b6a	6			yes					-1	-1	-1	255	-1	-1	
255	254	462e59e63b65714f	5			yes					-1	-1	-1	-1	-1	
256	231	9660c547be99f518	5			yes					-1	257	262	268	269	
257	256	cdf1eed09c346617	6			yes					258	-1	259	260	-1	261	
258	257	3920ca5eeb4768d5	5			yes					-1	-1	-1	-1	-1	
259	257	ef5a7e34ba11544b	5			yes					-1	-1	-1	-1	-1	
260	257	aa5cb62bdc9696f4	5			yes					-1	-1	-1	-1	-1	
261	257	3d6b5fcae2f04f90	5			yes					-1	-1	-1	-1	-1	
262	256	b984f67f58c9b669	6			yes					263	-1	-1	264	265	266	
263	262	4d55d2f12fbab8ab	5			yes					-1	-1	-1	-1	-1	
264	262	f83b421bc86a9c4c	5			yes					-1	-1	-1	-1	-1	
265	262	530c03fbe4b79420	5			yes					-1	-1	-1	-1	-1	
266	262	491e4765260d9fee	5			yes					-1	-1	-1	267	-1	
267	266	08a1f301b6aeb5cb	4			yes					-1	-1	-1	-1	
268	256	4dcf07a7e99031a2	4			yes					-1	-1	-1	-1	
269	256	276e772f96e0329d	4			yes					-1	270	271	-1	
270	269	d3507199a64fd3a1	6			yes					-1	-1	-1	-1	-1	-1	
271	269	a725693662b203df	6			yes					-1	-1	-1	272	-1	-1	
272	271	e69add52f21129fa	5			yes					-1	-1	-1	-1	-1	
273	231	cfd8fc3aaf2e8fe1	5			yes					-1	-1	274	279	280	
274	273	c7b566c15134ae1c	6			yes					275	276	-1	277	-1	278	
275	274	3364424f2647a0de	5			yes					-1	-1	-1	-1	-1	
276	274	ce0ad4786615ce32	5			yes					-1	-1	-1	-1	-1	
277	274	a0183e3a11965eff	5			yes					-1	-1	-1	-1	-1	
278	274	372fd7db2ff0879b	5			yes					-1	-1	-1	-1	-1	
279	273	14773edaf8274b5b	4			yes					-1	-1	-1	-1	
280	273	7ed64e5287574864	4			yes					-1	-1	281	-1	
281	280	d914f9886b4f1baa	6			yes					-1	-1	-1	-1	-1	-1	
282	231	eda527bd6a25cd7a	5			yes					-1	-1	-1	283	284	
283	282	360ae55d3d2c09c0	4			yes					-1	-1	-1	-1	
284	282	5cab95d5425c0aff	4			yes					-1	-1	-1	-1	
285	231	6b655f640a5406c8	5			yes					-1	-1	-1	-1	286	
286	285	da6bed0c222dc14d	4			yes					-1	-1	-1	-1	
287	231	01c42fec752405f7	5			yes					-1	-1	-1	-1	-1	
288	0	d98ca3a22d270004	5			yes					289	319	341	366	-1	
289	288	951dd74279ee827f	5			yes					290	296	310	318	-1	
290	289	9300b2df56bd3927	4			yes					291	293	295	-1	
291	290	1f83d384a0306c94	5			yes					-1	-1	-1	-1	292	
292	291	ef19629edef44513	4			yes					-1	-1	-1	-1	
293	290	7a6bc1250c5e404f	5			yes					-1	-1	-1	-1	-1	
294	293	1bcb53bf5aaff767	4			no					-1	-2	-1	-2	
295	290	be44cf6eef065620	5			yes					-1	-1	-1	-1	-1	
296	289	ea0fb6fc8b9dcfec	4			yes					-1	297	306	-1	
297	296	ad920f39958eeada	6			yes					298	300	-1	302	304	305	
298	297	aaf503b7da65e960	5			yes					-1	-1	-1	-1	299	
299	298	5a6fb2ada4a1c0e7	4			yes					-1	-1	-1	-1	
300	297	a42dbd80a2af8af4	5			yes					-1	-1	-1	-1	301	
301	300	54b70c9adc6ba373	4			yes					-1	-1	-1	-1	
302	297	221fbab89973a871	5			yes					-1	-1	-1	-1	303	
303	302	d2850ba2e7b781f6	4			yes					-1	-1	-1	-1	
304	297	471afabd29f0c893	5			yes					-1	-1	-1	-1	-1	
305	297	5d08be23eb4ac35d	5			yes					-1	-1	-1	-1	-1	
306	296	5a1e5e12cd4d2576	5			yes					307	308	-1	-1	309	
307	306	5d79529c82a626cc	4			yes					-1	-1	-1	-1	
308	306	53a1ecabfa6c4558	4			yes					-1	-1	-1	-1	
309	306	3bbecc889bbc925e	4			yes					-1	-1	-1	-1	
310	289	c8726d7b4e968d77	4			yes					-1	-1	311	-1	
311	310	c0495d7ede623b42	6			yes					312	314	315	-1	316	317	
312	311	c72e51f0918938f8	5			yes					-1	-1	-1	-1	313	
313	312	37b4e0eaef4d117f	4			yes					-1	-1	-1	-1	
314	311	c9f6efc7e9435b6c	5			yes					-1	-1	-1	-1	-1	
315	311	e2b5dd34f804de43	5			yes					-1	-1	-1	-1	-1	
316	311	1670cc5ca8d57128	5			yes					-1	-1	-1	-1	-1	
317	311	30d3ec64a0a612c5	5			yes					-1	-1	-1	-1	-1	
318	289	7ecd1152fca5c0fe	4			yes					-1	-1	-1	-1	
319	288	5ce82bb4b59ebc58	5			yes					320	330	333	340	-1	
320	319	825445fcb17c08e4	4			yes					321	323	328	-1	
321	320	14e6e6edd6402626	5			yes					-1	-1	-1	-1	322	
322	321	e47c57f7a8840fa1	4			yes					-1	-1	-1	-1	
323	320	dc0c307a55712eb8	5			yes					324	325	-1	326	327	
324	323	d74279011cfb15f7	4			yes					-1	-1	-1	-1	
325	323	38cf2e39923dd0be	4			yes					-1	-1	-1	-1	
326	323	0e11138aa4cc6064	4			yes					-1	-1	-1	-1	
327	323	bdaca2e003809990	4			yes					-1	-1	-1	-1	
328	320	ac68598c0a7c3125	5			yes					-1	-1	-1	-1	329	
329	328	cdc8cb165c8d860d	4			yes					-1	-1	-1	-1	
330	319	32aebd29a02cc008	4			yes					-1	331	332	-1	
331	330	085dc14b7adb2b0b	5			yes					-1	-1	-1	-1	-1	
332	330	cc72cf0099833d64	5			yes					-1	-1	-1	-1	-1	
333	319	0187918d82e6b350	4			yes					-1	-1	334	-1	
334	333	763275ecbf1df087	6			yes					335	336	337	-1	338	339	
335	334	82e35162c86efe45	5			yes					-1	-1	-1	-1	-1	
336	334	3a40c7c7d1db5614	5			yes					-1	-1	-1	-1	-1	
337	334	54cef5a6997b1586	5			yes					-1	-1	-1	-1	-1	
338	334	a00be4cec9aabaed	5			yes					-1	-1	-1	-1	-1	
339	334	86a8c4f6c1d9d900	5			yes					-1	-1	-1	-1	-1	
340	319	b738eda430d5fed9	4			yes					-1	-1	-1	-1	
341	288	80af0e5e7767f9fe	5			yes					342	357	363	365	-1	
342	341	5e13601673854d42	4			yes					343	352	354	-1	
343	342	9fa7e190392175f1	6			yes					-1	344	346	348	350	351	
344	343	04aa2f0c30f5a1ec	5			yes					-1	-1	-1	-1	345	
345	344	f4309e164e31886b	4			yes					-1	-1	-1	-1	
346	343	bd0c71741f0447ad	5			yes					-1	-1	-1	-1	347	
347	346	4d96c06e61c06e2a	4			yes					-1	-1	-1	-1	
348	343	102a541135dc375a	5			yes					-1	-1	-1	-1	-1	
349	348	e0b0e50b4b181edd	4			no					-1	-1	-2	-1	
350	343	752f1414855f57b8	5			yes					-1	-1	-1	-1	-1	
351	343	6f3d508a47e55c76	5			yes					-1	-1	-1	-1	-1	
352	342	6fa16bd2c0b3ddfb	5			yes					-1	-1	-1	-1	353	
353	352	9f3bdac8be77f47c	4			yes					-1	-1	-1	-1	
354	342	fdee94a9a5340bb4	5			yes					-1	-1	355	-1	356	
355	354	df45044d831139e8	4			yes					-1	-1	-1	-1	
356	354	9c4e0633f3c5bc9c	4			yes					-1	-1	-1	-1	
357	341	a605569d94a3ce94	4			yes					-1	358	360	-1	
358	357	2b550adb155a8ce8	5			yes					-1	-1	-1	-1	359	
359	358	dbcfbbc16b9ea56f	4			yes					-1	-1	-1	-1	
360	357	afb561a8cdeb69bf	5			yes					361	-1	-1	-1	362	
361	360	5b644526ba98677d	4			yes					-1	-1	-1	-1	
362	360	ce15f3329b1ade97	4			yes					-1	-1	-1	-1	
363	341	496b5fd37490f86a	4			yes					-1	-1	364	-1	
364	363	c63647115483f56f	5			yes					-1	-1	-1	-1	-1	
365	341	6b7fc84ef22cbb7f	4			yes					-1	-1	-1	-1	
366	288	fa8fc0a9e22aba1d	5			yes					367	381	393	395	-1	
367	366	2433aee1e6c80ea1	4			yes					368	377	379	-1	
368	367	0cc8fc4bab9035c7	6			yes					-1	369	371	373	375	376	
369	368	2e347c018df6d0c6	5			yes					-1	-1	-1	-1	370	
370	369	deaecd1bf332f941	4			yes					-1	-1	-1	-1	
371	368	04fd3fa230b676b1	5			yes					-1	-1	-1	-1	372	
372	371	f4678eb84e725f36	4			yes					-1	-1	-1	-1	
373	368	834549caa76d776c	5			yes					-1	-1	-1	-1	374	
374	373	73dff8d0d9a95eeb	4			yes					-1	-1	-1	-1	
375	368	e64009cf17ee178e	5			yes					-1	-1	-1	-1	-1	
376	368	fc524d51d5541c40	5			yes					-1	-1	-1	-1	-1	
377	367	0e8495825357db10	5			yes					-1	-1	-1	-1	378	
378	377	fe1e24982d93f297	4			yes					-1	-1	-1	-1	
379	367	650138e78b33feca	5			yes					-1	-1	-1	-1	380	
380	379	959b89fdf5f7d74d	4			yes					-1	-1	-1	-1	
381	366	dc25986a01ee8d77	4			yes					-1	382	391	-1	
382	381	7efefc25dd155e83	6			yes					383	-1	385	387	389	390	
383	382	8a2fd8abaa665041	5			yes					-1	-1	-1	-1	384	
384	383	7ab569b1d4a279c6	4			yes					-1	-1	-1	-1	
385	382	76cb3fcc46331df5	5			yes					-1	-1	-1	-1	386	
386	385	86518ed638f73472	4			yes					-1	-1	-1	-1	
387	382	f17349a4d1e81c28	5			yes					-1	-1	-1	-1	388	
388	387	01e9f8beaf2c35af	4			yes					-1	-1	-1	-1	
389	382	947609a1616b7cca	5			yes					-1	-1	-1	-1	-1	
390	382	8e644d3fa3d17704	5			yes					-1	-1	-1	-1	-1	
391	381	fcf7a48dd97097f7	5			yes					-1	-1	-1	-1	392	
392	391	0c6d1597a7b4be70	4			yes					-1	-1	-1	-1	
393	366	859da1171059f78e	4			yes					-1	-1	394	-1	
394	393	e2d14a93606faf34	5			yes					-1	-1	-1	-1	-1	
395	366	dda9f87d03a8f778	4			yes					-1	-1	-1	-1	
