Number of nodes
440
ID	PID	Hash_Value			File_Number	Fully_Enumerated	Children
0	-1	86e16a20780c943f	6			yes					1	137	241	331	395	439	
1	0	822a4efbfde9ba19	5			yes					2	52	74	96	110	
2	1	0be88ae41a805227	5			yes					3	14	29	44	51	
3	2	6537a1161f727a8a	4			yes					4	5	7	9	
4	3	d618898d0b4dc451	4			yes					-1	-1	-1	-1	
5	3	015a0974f36a413d	4			yes					-1	6	-1	-1	
6	5	e23de93404150c71	3			yes					-1	-1	-1	
7	3	8e5f5f0ebf94d246	5			yes					-1	-1	-1	-1	8	
8	7	5d90426948f09340	4			yes					-1	-1	-1	-1	
9	3	5463ca268b3a256f	3			yes					10	11	13	
10	9	5b72e4161638e6e1	4			yes					-1	-1	-1	-1	
11	9	687e6a8458c8f5d1	5			yes					-1	-1	-1	-1	12	
12	11	352e5b00791a1fa9	4			yes					-1	-1	-1	-1	
13	9	6d536e716c20edd2	5			yes					-1	-1	-1	-1	-1	
14	2	38e89252e8eb49c4	4			yes					-1	15	22	26	
15	14	bfd0bd1ad478360d	5			yes					16	18	19	20	21	
16	15	f37098d7aea823d8	4			yes					17	-1	-1	-1	
17	16	f68491cf785faa6a	3			yes					-1	-1	-1	
18	15	ba24b402028fbfbf	4			yes					-1	-1	-1	-1	
19	15	b65ee65730bd0151	4			yes					-1	-1	-1	-1	
20	15	fbb5b9e984ecc1a0	4			yes					-1	-1	-1	-1	
21	15	04bf736b18765c96	4			yes					-1	-1	-1	-1	
22	14	4a7d1a6dd7098712	5			yes					23	24	-1	-1	25	
23	22	06dd3fa0add992c7	4			yes					-1	-1	-1	-1	
24	22	4f89137501fe0ea0	4			yes					-1	-1	-1	-1	
25	22	3b48e30596c18d5e	4			yes					-1	-1	-1	-1	
26	14	ca37d5126a69a98e	5			yes					27	28	-1	-1	-1	
27	26	8697f0df10b9bc5b	4			yes					-1	-1	-1	-1	
28	26	cfc3dc0abc9e203c	4			yes					-1	-1	-1	-1	
29	2	01189808cda70b6a	4			yes					-1	-1	30	35	
30	29	66fd76b494b5de41	5			yes					31	32	33	-1	34	
31	30	2a5d5379ee65cb94	4			yes					-1	-1	-1	-1	
32	30	63097fac424257f3	4			yes					-1	-1	-1	-1	
33	30	859a96f463ca930d	4			yes					-1	-1	-1	-1	
34	30	ae6cdc48d5f03975	4			yes					-1	-1	-1	-1	
35	29	f93b5b802499babe	6			yes					36	38	40	-1	42	43	
36	35	b59b7e4d5e49af6b	5			yes					-1	-1	-1	-1	37	
37	36	e8cb4fc97f9b4513	4			yes					-1	-1	-1	-1	
38	35	fccf5298f26e330c	5			yes					-1	-1	-1	-1	39	
39	38	a19f631cd3bcd974	4			yes					-1	-1	-1	-1	
40	35	1a5cbbc0d3e6f7f2	5			yes					-1	-1	-1	-1	41	
41	40	470c8a44f2341d8a	4			yes					-1	-1	-1	-1	
42	35	207a404c8b5efdc7	5			yes					-1	-1	-1	-1	-1	
43	35	a46b6a04054b50c6	5			yes					-1	-1	-1	-1	-1	
44	2	667b4a98b4f635e6	4			yes					-1	-1	-1	45	
45	44	fc165f751071a2bd	6			yes					46	47	48	49	-1	50	
46	45	b0b67ab86aa1b768	5			yes					-1	-1	-1	-1	-1	
47	45	f9e2566dc6862b0f	5			yes					-1	-1	-1	-1	-1	
48	45	1f71bf35e70eeff1	5			yes					-1	-1	-1	-1	-1	
49	45	fbda27bc60cf9a02	5			yes					-1	-1	-1	-1	-1	
50	45	a1466ef131a348c5	5			yes					-1	-1	-1	-1	-1	
51	2	3abce1d48ec80dc2	4			yes					-1	-1	-1	-1	
52	1	f6921166e94a096b	4			yes					53	61	66	73	
53	52	a66445c6690dbf67	3			yes					54	55	57	
54	53	a78b76e0910802b1	4			yes					-1	-1	-1	-1	
55	53	37e3f22b628ca0ea	5			yes					-1	-1	-1	-1	56	
56	55	e42cef4c95e8e1ec	4			yes					-1	-1	-1	-1	
57	53	d5050bc678a3c28f	5			yes					-1	-1	-1	-1	-1	
58	57	8fde46a352c4fd6f	4			no					-1	-2	-2	-2	
59	57	d2c9730f081dfa30	4			no					-1	-2	-2	-2	
60	57	c4188933e1c203d2	4			no					-1	-1	-2	-1	
61	52	0c31ffecba798e28	3			yes					-1	62	64	
62	61	6609f6c310b1ac1d	5			yes					-1	-1	-1	-1	63	
63	62	7dc6c8e1bd405420	4			yes					-1	-1	-1	-1	
64	61	470384dc2460bd42	5			yes					-1	65	-1	-1	-1	
65	64	c9276c971abe991e	4			yes					-1	-1	-1	-1	
66	52	9b01d11a473c6eaa	3			yes					-1	-1	67	
67	66	ce7a130325407dff	6			yes					68	69	70	71	-1	72	
68	67	82da36ce5f90682a	5			yes					-1	-1	-1	-1	-1	
69	67	405efb481b9e59a3	5			yes					-1	-1	-1	-1	-1	
70	67	94a15e660f27421f	5			yes					-1	-1	-1	-1	-1	
71	67	c9b66bca55fe4540	5			yes					-1	-1	-1	-1	-1	
72	67	932a228704929787	5			yes					-1	-1	-1	-1	-1	
73	52	c7c67a567d02568e	3			yes					-1	-1	-1	
74	1	6285543810a4e6b2	4			yes					75	79	93	95	
75	74	3273009890e350be	3			yes					76	-1	77	
76	75	854a25de74376afc	4			yes					-1	-1	-1	-1	
77	75	d0688e8b17d49eea	5			yes					-1	-1	-1	-1	-1	
78	77	c1750c7e8eb55fb7	4			no					-1	-2	-2	-2	
79	74	51854c8ee2cffd51	3			yes					-1	80	82	
80	79	00c92cf72ceb14f5	5			yes					-1	-1	-1	-1	81	
81	80	4ef736ec14fec38d	4			yes					-1	-1	-1	-1	
82	79	45664630d2f2d40e	6			yes					83	85	87	89	90	91	
83	82	09c663fda822c1db	5			yes					-1	-1	-1	-1	84	
84	83	0cf0bc850109b8f9	4			yes					-1	-1	-1	-1	
85	82	cb42ae7bec2cf052	5			yes					-1	-1	-1	-1	86	
86	85	ce74710345078970	4			yes					-1	-1	-1	-1	
87	82	34e34fe2ecedfc32	5			yes					-1	-1	-1	-1	88	
88	87	31d5909a45c68510	4			yes					-1	-1	-1	-1	
89	82	25b667f7b7f830c7	5			yes					-1	-1	-1	-1	-1	
90	82	d6e73aebb630845e	5			yes					-1	-1	-1	-1	-1	
91	82	405099487bd9ad2c	5			yes					-1	-1	-1	92	-1	
92	91	2080b88f1ed349e5	4			yes					-1	-1	-1	-1	
93	74	52a22726e664f20a	3			yes					-1	-1	94	
94	93	8080bc9d657bd5f9	5			yes					-1	-1	-1	-1	-1	
95	74	53d13f0884ecb957	3			yes					-1	-1	-1	
96	1	e23ab1cbe1efd6b4	4			yes					97	100	107	109	
97	96	b2cce56b61a860b8	3			yes					98	99	-1	
98	97	5993d2417b213333	5			yes					-1	-1	-1	-1	-1	
99	97	485a31a95e48f789	5			yes					-1	-1	-1	-1	-1	
100	96	d13aa97d1384cd57	3			yes					-1	101	106	
101	100	240d3707c18d7e50	5			yes					102	103	-1	104	105	
102	101	68ad12cabb5d6b85	4			yes					-1	-1	-1	-1	
103	101	aa29df4cff535a0c	4			yes					-1	-1	-1	-1	
104	101	80a86dd98db21164	4			yes					-1	-1	-1	-1	
105	101	6fafcc15ecf469e1	4			yes					-1	-1	-1	-1	
106	100	8df82cff549489fa	5			yes					-1	-1	-1	-1	-1	
107	96	e8caa32736c88ff9	3			yes					-1	-1	108	
108	107	1518f9133d49f41a	5			yes					-1	-1	-1	-1	-1	
109	96	69065efaa50bf4a2	3			yes					-1	-1	-1	
110	1	a1570b832808a39a	5			yes					111	117	129	135	136	
111	110	f1a15f23a84f1596	4			yes					112	114	116	-1	
112	111	54f3a402b16f59f0	5			yes					-1	-1	-1	-1	113	
113	112	7c81bf855aee2cec	4			yes					-1	-1	-1	-1	
114	111	0410994bb9cbf63a	5			yes					-1	-1	-1	-1	115	
115	114	2c6282cc524a8326	4			yes					-1	-1	-1	-1	
116	111	892780dfc2b3ba5a	5			yes					-1	-1	-1	-1	-1	
117	110	92571335da63b879	4			yes					-1	118	123	127	
118	117	bb7c028e4b87a322	5			yes					119	120	-1	121	122	
119	118	f7dc27433157b6f7	4			yes					-1	-1	-1	-1	
120	118	3558eac57559877e	4			yes					-1	-1	-1	-1	
121	118	ff19067d1b13548f	4			yes					-1	-1	-1	-1	
122	118	8f6f9238f05ff178	4			yes					-1	-1	-1	-1	
123	117	61e0d474f64b3d5d	5			yes					124	125	-1	-1	126	
124	123	2d40f1b98c9b2888	4			yes					-1	-1	-1	-1	
125	123	efc43c3fc8951901	4			yes					-1	-1	-1	-1	
126	123	b09802567ee820b0	4			yes					-1	-1	-1	-1	
127	117	37958630f9168880	3			yes					-1	128	-1	
128	127	9e7210cd693e3025	5			yes					-1	-1	-1	-1	-1	
129	110	aba7196fff2ffad7	4			yes					-1	-1	130	134	
130	129	0c3c1ff039d5d50d	5			yes					131	132	133	-1	-1	
131	130	409c3a3d4305c0d8	4			yes					-1	-1	-1	-1	
132	130	8218f7bb070bf151	4			yes					-1	-1	-1	-1	
133	130	ef5bffb0ceaa9841	4			yes					-1	-1	-1	-1	
134	129	0e658c6adc5aca2e	3			yes					-1	-1	-1	
135	110	ccc4cbff867ec45b	4			yes					-1	-1	-1	-1	
136	110	04959e860b7d9363	4			yes					-1	-1	-1	-1	
137	0	adc84f2816d57a8f	5			yes					-1	138	185	203	215	
138	137	7d5f066e1bbf0ad1	5			yes					139	156	162	177	184	
139	138	4dba0113727817a8	4			yes					140	141	147	152	
140	139	9cf491b5921b274f	4			yes					-1	-1	-1	-1	
141	139	410ba6895d6c1f63	5			yes					142	143	144	145	146	
142	141	db1c5e4249c6a44f	4			yes					-1	-1	-1	-1	
143	141	8605780f2aefc969	4			yes					-1	-1	-1	-1	
144	141	a213eccfffb3f010	4			yes					-1	-1	-1	-1	
145	141	056ea27a0df8e8ce	4			yes					-1	-1	-1	-1	
146	141	fa6468f8916275f8	4			yes					-1	-1	-1	-1	
147	139	9b6f8f4aa4f6661e	5			yes					148	149	150	-1	151	
148	147	01787781b05cdd32	4			yes					-1	-1	-1	-1	
149	147	5c6151ccd375b014	4			yes					-1	-1	-1	-1	
150	147	2f8004209ba62732	4			yes					-1	-1	-1	-1	
151	147	ea5a7622e53e6c52	4			yes					-1	-1	-1	-1	
152	139	5fb0062818422b20	5			yes					153	154	155	-1	-1	
153	152	c5a7fee30ce8900c	4			yes					-1	-1	-1	-1	
154	152	98bed8ae6fc1fd2a	4			yes					-1	-1	-1	-1	
155	152	eb5f8d4227126a0c	4			yes					-1	-1	-1	-1	
156	138	66d2bedd84de7c10	4			yes					-1	157	158	159	
157	156	54ddd2223b1228c4	4			yes					-1	-1	-1	-1	
158	156	dbd8845877ecbbbf	5			yes					-1	-1	-1	-1	-1	
159	156	5786d5ed109623f5	3			yes					160	161	-1	
160	159	0f1cfe39435e9298	4			yes					-1	-1	-1	-1	
161	159	3df9b1d290b09c28	5			yes					-1	-1	-1	-1	-1	
162	138	77af1482cc98539c	4			yes					-1	-1	163	168	
163	162	3d27648c22b9047a	5			yes					164	165	166	-1	167	
164	163	93e1fe5c337db938	4			yes					-1	-1	-1	-1	
165	163	38d36d94f44e8dc8	4			yes					-1	-1	-1	-1	
166	163	67fc29e908de3b9a	4			yes					-1	-1	-1	-1	
167	163	f5b6ce7063fce34e	4			yes					-1	-1	-1	-1	
168	162	a2e149b892956085	6			yes					169	171	173	-1	175	176	
169	168	0c27d3688351ddc7	5			yes					-1	-1	-1	-1	170	
170	169	5177e2eca28337bf	4			yes					-1	-1	-1	-1	
171	168	a71540a04462e937	5			yes					-1	-1	-1	-1	172	
172	171	fa45712465b0034f	4			yes					-1	-1	-1	-1	
173	168	f83a04ddb8f25f65	5			yes					-1	-1	-1	-1	174	
174	173	a56a35599920b51d	4			yes					-1	-1	-1	-1	
175	168	7ba052743d5227fc	5			yes					-1	-1	-1	-1	-1	
176	168	ffb1783cb3478afd	5			yes					-1	-1	-1	-1	-1	
177	138	10ccc612b5c96d10	4			yes					-1	-1	-1	178	
178	177	a7cc4d4da67d7886	6			yes					179	180	181	182	-1	183	
179	178	090ad79db7b9c5c4	5			yes					-1	-1	-1	-1	-1	
180	178	a2384455708af134	5			yes					-1	-1	-1	-1	-1	
181	178	fd1700288c1a4766	5			yes					-1	-1	-1	-1	-1	
182	178	a0003584d6c34039	5			yes					-1	-1	-1	-1	-1	
183	178	fa9c7cc987af92fe	5			yes					-1	-1	-1	-1	-1	
184	138	4c0b6d5e8ff75534	4			yes					-1	-1	-1	-1	
185	137	fc1f36d024d1d8ec	4			yes					186	198	200	202	
186	185	ccfa31ad4d16c595	3			yes					187	188	189	
187	186	a4f909b91721a9eb	4			yes					-1	-1	-1	-1	
188	186	e51e73978b0766c2	4			yes					-1	-1	-1	-1	
189	186	6c509833e6e302ee	6			yes					190	192	194	-1	-1	197	
190	189	f64760f8f249b9c2	5			yes					-1	-1	-1	-1	191	
191	190	f371bf805b62c0e0	4			yes					-1	-1	-1	-1	
192	189	fe265eddab778044	5			yes					-1	-1	-1	-1	193	
193	192	fb1081a5025cf966	4			yes					-1	-1	-1	-1	
194	189	fe06bc41f1ddf43d	5			yes					-1	-1	-1	-1	195	
195	194	fb30633958f68d1f	4			yes					-1	-1	-1	-1	
196	189	0c80b9f483e9e627	5			no					-1	-2	-2	-2	-2	
197	189	6966474b4fc87bcc	5			yes					-1	-1	-1	-1	-1	
198	185	31961f530b4f5624	3			yes					-1	-1	199	
199	198	85ef55dddfacf713	5			yes					-1	-1	-1	-1	-1	
200	185	cc3845ced211cc54	3			yes					-1	-1	201	
201	200	e936e2d3e646d080	5			yes					-1	-1	-1	-1	-1	
202	185	cd4b5de0b0998709	3			yes					-1	-1	-1	
203	137	7ca0d323d59ae8ea	4			yes					204	210	212	214	
204	203	4c45d45ebc5df593	3			yes					205	206	209	
205	204	50bcf7fad92b94bf	5			yes					-1	-1	-1	-1	-1	
206	204	711bc9da099a85c1	5			yes					-1	-1	-1	207	208	
207	206	4136e402d7548e90	4			yes					-1	-1	-1	-1	
208	206	ca7407abc594ef5a	4			yes					-1	-1	-1	-1	
209	204	01304fb19790e85d	5			yes					-1	-1	-1	-1	-1	
210	203	b129faa0fa046622	3			yes					-1	211	-1	
211	210	1dddeaff96309e70	5			yes					-1	-1	-1	-1	-1	
212	203	7650c1cf02bdb1a7	3			yes					-1	-1	213	
213	212	7caea75dbe74f163	5			yes					-1	-1	-1	-1	-1	
214	203	f79c3c12917ecafc	3			yes					-1	-1	-1	
215	137	3fcd696b1c7d9dc4	5			yes					216	229	233	239	240	
216	215	0f286e1675ba80bd	4			yes					217	219	224	226	
217	216	580c6e62f5b7d62f	5			yes					-1	-1	-1	-1	218	
218	217	707e75e51e36a333	4			yes					-1	-1	-1	-1	
219	216	30f96e9eb4d7b861	5			yes					220	221	-1	222	223	
220	219	aaee9655a07d034d	4			yes					-1	-1	-1	-1	
221	219	a28fa870f9433acb	4			yes					-1	-1	-1	-1	
222	219	adf9b335147a7e6d	4			yes					-1	-1	-1	-1	
223	219	04eafe280f0fea3b	4			yes					-1	-1	-1	-1	
224	216	99ae8d8c975fd081	5			yes					-1	-1	-1	-1	225	
225	224	b1dc960b7cdea59d	4			yes					-1	-1	-1	-1	
226	216	aaeafb1356cfb044	3			yes					-1	227	228	
227	226	15f77cdd966e2b66	5			yes					-1	-1	-1	-1	-1	
228	226	4e60e31571f51934	5			yes					-1	-1	-1	-1	-1	
229	215	f24440e833e3130c	4			yes					-1	230	232	-1	
230	229	5197421d71b39fc3	5			yes					-1	-1	-1	-1	231	
231	230	79e5599a9a32eadf	4			yes					-1	-1	-1	-1	
232	229	dca05b890acbd3a3	5			yes					-1	-1	-1	-1	-1	
233	215	353d7b87cb5ac489	4			yes					-1	-1	234	238	
234	233	658a41bebae8d074	5			yes					235	236	237	-1	-1	
235	234	cb4cdb6eab2c6d36	4			yes					-1	-1	-1	-1	
236	234	607e48a66c1f59c6	4			yes					-1	-1	-1	-1	
237	234	86eda1fe4d979d38	4			yes					-1	-1	-1	-1	
238	233	90ffee82e82ff470	3			yes					-1	-1	-1	
239	215	525ea917b20bfa05	4			yes					-1	-1	-1	-1	
240	215	9a0ffc6e3f08ad3d	4			yes					-1	-1	-1	-1	
241	0	824fd8280c71906d	5			yes					-1	-1	242	292	306	
242	241	d0e72ec58ea378ea	5			yes					243	263	279	284	291	
243	242	e00229b8e7646593	4			yes					244	250	251	256	
244	243	5ad46f4bb6eef55b	5			yes					245	246	247	248	249	
245	244	f23bd7ab7ea8bd98	4			yes					-1	-1	-1	-1	
246	244	e983877eadf4e3ab	4			yes					-1	-1	-1	-1	
247	244	e1c93fea743fe32d	4			yes					-1	-1	-1	-1	
248	244	1bcace05dd8322de	4			yes					-1	-1	-1	-1	
249	244	e1bba13a7ae09fc0	4			yes					-1	-1	-1	-1	
250	243	d3c2e23b377dcf8b	4			yes					-1	-1	-1	-1	
251	243	0ff95bd259442cae	5			yes					-1	252	253	254	255	
252	251	ea709089e63a42ce	4			yes					-1	-1	-1	-1	
253	251	20e44ef68250837a	4			yes					-1	-1	-1	-1	
254	251	3a358858fe8a741a	4			yes					-1	-1	-1	-1	
255	251	c768f12e1801cb9a	4			yes					-1	-1	-1	-1	
256	243	04c3a0c0172c5e95	6			yes					-1	257	259	261	-1	262	
257	256	e14a6b9ba85230f5	5			yes					-1	-1	-1	-1	258	
258	257	e47cb4e3017949d7	4			yes					-1	-1	-1	-1	
259	256	2bdeb5e4cc38f141	5			yes					-1	-1	-1	-1	260	
260	259	2ee86a9c65138863	4			yes					-1	-1	-1	-1	
261	256	641381077226ba5c	5			yes					-1	-1	-1	-1	-1	
262	256	01f57fb8be0727b7	5			yes					-1	-1	-1	-1	-1	
263	242	0a159468b53806fa	4			yes					-1	264	265	270	
264	263	ef5988a17b5c0c29	4			yes					-1	-1	-1	-1	
265	263	e2676054c7cff80a	5			yes					266	-1	267	268	269	
266	265	4ca1fa84d60b4548	4			yes					-1	-1	-1	-1	
267	265	cd7a75701cdb57de	4			yes					-1	-1	-1	-1	
268	265	d7abb3de6001a0be	4			yes					-1	-1	-1	-1	
269	265	2af6caa8868a1f3e	4			yes					-1	-1	-1	-1	
270	263	e95d9b4689a78a31	6			yes					271	273	275	277	-1	278	
271	270	479b019698633773	5			yes					-1	-1	-1	-1	272	
272	271	42addeee31484e51	4			yes					-1	-1	-1	-1	
273	270	77bc0d906233df2d	5			yes					-1	-1	-1	-1	274	
274	273	728ad2e8cb18a60f	4			yes					-1	-1	-1	-1	
275	270	c6408e6252b325e5	5			yes					-1	-1	-1	-1	276	
276	275	c376511afb985cc7	4			yes					-1	-1	-1	-1	
277	270	898dba81ecad6ef8	5			yes					-1	-1	-1	-1	-1	
278	270	ec6b443e208cf313	5			yes					-1	-1	-1	-1	-1	
279	242	b6d0169c68625b4d	4			yes					-1	-1	280	281	
280	279	846f49de7ba5048a	5			yes					-1	-1	-1	-1	-1	
281	279	87847dacfc2a04a8	3			yes					282	283	-1	
282	281	e005bd542fbc1f6e	4			yes					-1	-1	-1	-1	
283	281	7cc5e9849d7a01ba	5			yes					-1	-1	-1	-1	-1	
284	242	bd74eeb920d51f2b	4			yes					-1	-1	-1	285	
285	284	90cd8476fc3bfba1	6			yes					286	287	288	289	-1	290	
286	285	3e0b1ea6edff46e3	5			yes					-1	-1	-1	-1	-1	
287	285	1ee96c3dc2e5dffd	5			yes					-1	-1	-1	-1	-1	
288	285	ca16c913d65cc441	5			yes					-1	-1	-1	-1	-1	
289	285	2bd0d4d73eeaedd7	5			yes					-1	-1	-1	-1	-1	
290	285	cd9db5f2dde911d9	5			yes					-1	-1	-1	-1	-1	
291	242	e1b345f51aeb270f	4			yes					-1	-1	-1	-1	
292	241	9b88bc6b458bc63c	4			yes					293	301	304	305	
293	292	ab6dbb162c4cdb45	3			yes					294	299	300	
294	293	d8a893b3ef5d466b	5			yes					-1	295	296	297	298	
295	294	6bff7b86f447509b	4			yes					-1	-1	-1	-1	
296	294	df64eb7a9fe37ed4	4			yes					-1	-1	-1	-1	
297	294	57d6d30e8e9b713d	4			yes					-1	-1	-1	-1	
298	294	930a68a1c22451da	4			yes					-1	-1	-1	-1	
299	293	79627891a84b52de	5			yes					-1	-1	-1	-1	-1	
300	293	579a4946c8b094c4	5			yes					-1	-1	-1	-1	-1	
301	292	417a06c67e10b82c	3			yes					-1	302	303	
302	301	131b4be9ce04a2c9	5			yes					-1	-1	-1	-1	-1	
303	301	ba0472c0563b4060	5			yes					-1	-1	-1	-1	-1	
304	292	612b52e116b8417f	3			yes					-1	-1	-1	
305	292	10b4535a016fe42a	3			yes					-1	-1	-1	
306	241	d8e506238c6cb312	5			yes					307	320	327	329	330	
307	306	e800015ee5abae6b	4			yes					308	313	315	318	
308	307	697919e47357e353	5			yes					-1	309	310	311	312	
309	308	da2ef1d1684df5a3	4			yes					-1	-1	-1	-1	
310	308	6eb5612d03e9dbec	4			yes					-1	-1	-1	-1	
311	308	2867b8aa183a34d6	4			yes					-1	-1	-1	-1	
312	308	5d6a8952c88fb109	4			yes					-1	-1	-1	-1	
313	307	3a537b1a3e09e78e	5			yes					-1	-1	-1	-1	314	
314	313	1221609dd5889292	4			yes					-1	-1	-1	-1	
315	307	bb82b1cd6a6f2063	5			yes					-1	316	-1	-1	317	
316	315	5e0b7a96d5114e03	4			yes					-1	-1	-1	-1	
317	315	6afa67efe2cc3d8e	4			yes					-1	-1	-1	-1	
318	307	4dc2945bc6de9e92	3			yes					319	-1	-1	
319	318	4c770ba751ee7054	5			yes					-1	-1	-1	-1	-1	
320	306	0217bc8eb7f7cd02	4			yes					-1	321	323	326	
321	320	ed9a02542f30efc8	5			yes					-1	-1	-1	-1	322	
322	321	c5e819d3c4b19ad4	4			yes					-1	-1	-1	-1	
323	320	561c8a4bf4e4f4c7	5			yes					324	-1	-1	-1	325	
324	323	f8da109be5204985	4			yes					-1	-1	-1	-1	
325	323	87645c697c47e92a	4			yes					-1	-1	-1	-1	
326	320	a7d5298b9482fdfb	3			yes					-1	-1	-1	
327	306	2246e8a9df5f3451	4			yes					-1	-1	328	-1	
328	327	bb343035d7fa2817	5			yes					-1	-1	-1	-1	-1	
329	306	b576c65f221ad4d3	4			yes					-1	-1	-1	-1	
330	306	7d279326af1983eb	4			yes					-1	-1	-1	-1	
331	0	579bcf4dfe268045	5			yes					-1	-1	-1	332	366	
332	331	3b809df690380c59	5			yes					333	345	357	363	365	
333	332	0b659a8bf9ff1120	4			yes					334	339	343	344	
334	333	aee8c5f36b9758de	5			yes					-1	335	336	337	338	
335	334	d72e53ee46287e52	4			yes					-1	-1	-1	-1	
336	334	15f59552a9464ea8	4			yes					-1	-1	-1	-1	
337	334	2196854e0a516f88	4			yes					-1	-1	-1	-1	
338	334	e54a3ee146ee4f6f	4			yes					-1	-1	-1	-1	
339	333	b310316ebc583cdd	5			yes					-1	-1	340	341	342	
340	339	86a5cd90d784dc82	4			yes					-1	-1	-1	-1	
341	339	833d1cb66296378c	4			yes					-1	-1	-1	-1	
342	339	087fff1f70565646	4			yes					-1	-1	-1	-1	
343	333	15fad1e8f04f9a24	4			yes					-1	-1	-1	-1	
344	333	f921d3a45b5259d9	5			yes					-1	-1	-1	-1	-1	
345	332	e172275baba37249	4			yes					-1	346	351	352	
346	345	3907000a668a8199	5			yes					347	-1	348	349	350	
347	346	97c19ada774e3cdb	4			yes					-1	-1	-1	-1	
348	346	cc568814e63f0dcf	4			yes					-1	-1	-1	-1	
349	346	b67940b7074cb6cf	4			yes					-1	-1	-1	-1	
350	346	72a5fb184bf39628	4			yes					-1	-1	-1	-1	
351	345	e643d499386cd58a	5			yes					-1	-1	-1	-1	-1	
352	345	6d83761596ee3b11	6			yes					353	-1	-1	-1	355	356	
353	352	c345ecc5872a8653	5			yes					-1	-1	-1	-1	-1	
354	352	2e9612bb89f13128	5			no					-1	-1	-1	-1	-2	
355	352	219ef46d75a2c757	5			yes					-1	-1	-1	-1	-1	
356	352	b628c12fb6ec01a4	5			yes					-1	-1	-1	-1	-1	
357	332	08808540625317ba	4			yes					-1	-1	358	359	
358	357	d354236aae09af24	5			yes					-1	-1	-1	-1	-1	
359	357	f364b2f5b997978e	6			yes					360	-1	-1	-1	361	362	
360	359	5da22825a8532acc	5			yes					-1	-1	-1	-1	-1	
361	359	bf79308d5adb6bc8	5			yes					-1	-1	-1	-1	-1	
362	359	28cf05cf9995ad3b	5			yes					-1	-1	-1	-1	-1	
363	332	175fe14b13d835f8	4			yes					-1	-1	-1	364	
364	363	d917a566a037788a	3			yes					-1	-1	-1	
365	332	f5c8d9db23d7412b	4			yes					-1	-1	-1	-1	
366	331	4cf2437d75825ccb	5			yes					367	381	390	393	394	
367	366	7c1744001c4541b2	4			yes					368	373	376	377	
368	367	1f394fa4f79dfde6	5			yes					-1	369	370	371	372	
369	368	66ffd9b9da22db6a	4			yes					-1	-1	-1	-1	
370	368	a4241f05354ceb90	4			yes					-1	-1	-1	-1	
371	368	5e27eeea9cf02a63	4			yes					-1	-1	-1	-1	
372	368	2b2adf124c45afbc	4			yes					-1	-1	-1	-1	
373	367	015651c94a65e526	5			yes					-1	-1	-1	374	375	
374	373	454514794bcf2c9d	4			yes					-1	-1	-1	-1	
375	373	29244a4ea1e4903a	4			yes					-1	-1	-1	-1	
376	367	5ba5ccb3b5d46113	5			yes					-1	-1	-1	-1	-1	
377	367	d9d5d1053f30714b	3			yes					378	379	-1	
378	377	3a375de7d5246ee1	5			yes					-1	-1	-1	-1	-1	
379	377	fb80ac5d6da770f3	5			yes					-1	-1	-1	-1	380	
380	379	feb67325c48c09d1	4			yes					-1	-1	-1	-1	
381	366	9600f9d04e1922db	4			yes					-1	382	387	388	
382	381	88d68a5dfa8024a1	5			yes					383	-1	384	385	386	
383	382	2610108deb4499e3	4			yes					-1	-1	-1	-1	
384	382	7d8702437a35a8f7	4			yes					-1	-1	-1	-1	
385	382	c9c82b1391edf324	4			yes					-1	-1	-1	-1	
386	382	bcc51aeb415876fb	4			yes					-1	-1	-1	-1	
387	381	2e7da1401b8a590f	5			yes					-1	-1	-1	-1	-1	
388	381	33c26cd56d6c1222	3			yes					-1	389	-1	
389	388	add8981ed839b7a6	5			yes					-1	-1	-1	-1	-1	
390	366	7ff25bcb87e94728	4			yes					-1	-1	391	392	
391	390	aef5f797d6939921	5			yes					-1	-1	-1	-1	-1	
392	390	da30cecea49c77d1	3			yes					-1	-1	-1	
393	366	7cd5306383424873	4			yes					-1	-1	-1	-1	
394	366	e930d67856f76c32	4			yes					-1	-1	-1	-1	
395	0	51519f799581f48b	5			yes					-1	-1	-1	-1	396	
396	395	3af053833e72b8af	6			yes					397	415	426	433	436	438	
397	396	0a1554fe57b5a5d6	5			yes					398	403	409	412	414	
398	397	d0e7ee536c2edbc6	4			yes					399	400	-1	401	
399	398	dfc0a93daefdac7e	5			yes					-1	-1	-1	-1	-1	
400	398	2d79bc02eb6e3f43	5			yes					-1	-1	-1	-1	-1	
401	398	e6c5ffeb3c7f27c4	6			yes					-1	-1	-1	-1	-1	402	
402	401	41aa46ffc3c470a9	5			yes					-1	-1	-1	-1	-1	
403	397	39154c48a5debe35	4			yes					-1	404	-1	406	
404	403	c1503c4a093cdfc0	5			yes					-1	-1	-1	-1	405	
405	404	e92227cde2bdaadc	4			yes					-1	-1	-1	-1	
406	403	29b2f83f513e1baf	6			yes					-1	-1	407	-1	-1	408	
407	406	60de0988ccd6f674	5			yes					-1	-1	-1	-1	-1	
408	406	8edd412bae854cc2	5			yes					-1	-1	-1	-1	-1	
409	397	00e546128092fc9b	4			yes					-1	-1	-1	410	
410	409	3e0aa945a7ea530d	6			yes					-1	-1	-1	-1	-1	411	
411	410	746d376221d5f5b8	5			yes					-1	-1	-1	-1	-1	
412	397	68c95d25a01da640	4			yes					-1	-1	-1	413	
413	412	e302b0f71ed73cbe	3			yes					-1	-1	-1	
414	397	81deb92ce97f3f28	4			yes					-1	-1	-1	-1	
415	396	e002e92e05e9c6bf	5			yes					-1	416	420	423	425	
416	415	d302f198f782dd5c	4			yes					-1	417	-1	418	
417	416	9c67152eb9d29a08	5			yes					-1	-1	-1	-1	-1	
418	416	2af778ba3a127727	6			yes					-1	-1	-1	-1	-1	419	
419	418	8d98c1aec5a9204a	5			yes					-1	-1	-1	-1	-1	
420	415	eaf2fbc2d2ce9ff2	4			yes					-1	-1	-1	421	
421	420	e757b77729274c86	6			yes					-1	-1	-1	-1	-1	422	
422	421	ad302950af18ea33	5			yes					-1	-1	-1	-1	-1	
423	415	82dee0f5f241c529	4			yes					-1	-1	-1	424	
424	423	09150d274c8b5fd7	3			yes					-1	-1	-1	
425	415	6bc904fcbb235c41	4			yes					-1	-1	-1	-1	
426	396	09f04b35cc19a34c	5			yes					-1	-1	427	430	432	
427	426	030059d91b3efa01	4			yes					-1	-1	-1	428	
428	427	32979a6a4f1e8714	6			yes					-1	-1	-1	-1	-1	429	
429	428	95f8237eb0a5d079	5			yes					-1	-1	-1	-1	-1	
430	426	6b2c42ee3bb1a0da	4			yes					-1	-1	-1	431	
431	430	e0e7af3c857b3a24	3			yes					-1	-1	-1	
432	426	823ba6e772d339b2	4			yes					-1	-1	-1	-1	
433	396	3000416fe955e1e2	5			yes					-1	-1	-1	434	435	
434	433	52dc48b41efde274	4			yes					-1	-1	-1	-1	
435	433	bbcbacbd579f7b1c	4			yes					-1	-1	-1	-1	
436	396	582c5a58c9dabb39	5			yes					-1	-1	-1	-1	437	
437	436	d3e7b78a771021c7	4			yes					-1	-1	-1	-1	
438	396	b13bbe5180b82251	5			yes					-1	-1	-1	-1	-1	
439	0	2d86e3eff4e6b00a	5			yes					-1	-1	-1	-1	-1	
