Number of nodes
698
ID	PID	Hash_Value			File_Number	Fully_Enumerated	Children
0	-1	72732a420aa21004	6			no					1	-2	-2	-2	-2	-2	
1	0	3fdad062103905e0	5			no					2	-2	-2	-2	-2	
2	1	81390f93104e017b	5			no					3	-2	-2	-2	-2	
3	2	b3e6404f2f4ce90d	4			no					4	-2	-2	-2	
4	3	df995e9ed04b7626	4			no					5	-2	-2	-2	
5	4	b37dca9a47e32465	3			no					6	-2	-2	
6	5	7ec8d490eccddc8e	4			no					7	139	315	-2	
7	6	15d59813e9491a87	3			yes					8	13	83	
8	7	7abb90973d760eb3	5			yes					9	10	11	-1	12	
9	8	eb4aa4d8d99ec29d	4			yes					-1	-1	-1	-1	
10	8	449f94d866bc0b4c	4			yes					-1	-1	-1	-1	
11	8	ff054a7695a6d6cd	7			yes					-1	-1	-1	-1	-1	-1	-1	
12	8	8259b0da4e42fe29	4			yes					-1	-1	-1	-1	
13	7	6afe7f2c74140803	5			yes					14	15	28	37	40	
14	13	fb0f4b6390fcc42d	4			yes					-1	-1	-1	-1	
15	13	7726ace3fff22c2b	4			yes					-1	16	17	18	
16	15	10a33a833d260e75	6			yes					-1	-1	-1	-1	-1	-1	
17	15	a96d0be67872a43e	6			yes					-1	-1	-1	-1	-1	-1	
18	15	cb6a249dae22be5a	7			yes					19	21	-1	23	25	-1	27	
19	18	369d8cd8aeae7c0c	6			yes					-1	-1	-1	-1	-1	20	
20	19	58781fceb59ddaa2	5			yes					-1	-1	-1	-1	-1	
21	18	e90673711648238f	6			yes					-1	-1	-1	-1	-1	22	
22	21	87e3e0670d7b8521	5			yes					-1	-1	-1	-1	-1	
23	18	47540dbc8b898af0	6			yes					-1	-1	-1	-1	-1	24	
24	23	29b19eaa90ba2c5e	5			yes					-1	-1	-1	-1	-1	
25	18	b1cc86c9dbb59a36	6			yes					-1	-1	-1	-1	-1	26	
26	25	df2915dfc0863c98	5			yes					-1	-1	-1	-1	-1	
27	18	a58fb78bb51118f4	6			yes					-1	-1	-1	-1	-1	-1	
28	13	1277cdee21663930	4			yes					-1	-1	29	30	
29	28	e846491f28af36ba	6			yes					-1	-1	-1	-1	-1	-1	
30	28	b56b9967a19836b3	7			yes					31	32	33	34	-1	35	36	
31	30	489c3122a114f4e5	6			yes					-1	-1	-1	-1	-1	-1	
32	30	9707ce8b19f2ab66	6			yes					-1	-1	-1	-1	-1	-1	
33	30	448b24419af796e3	6			yes					-1	-1	-1	-1	-1	-1	
34	30	893270488cff2fde	6			yes					-1	-1	-1	-1	-1	-1	
35	30	99f43b1aa443bb55	6			yes					-1	-1	-1	-1	-1	-1	
36	30	c625d38afe65438b	6			yes					-1	-1	-1	-1	-1	-1	
37	13	a066c3591579a27f	4			yes					-1	-1	-1	38	
38	37	199bf763e8812114	7			yes					-1	-1	-1	-1	-1	-1	39	
39	38	777e6475f3b287ba	6			yes					-1	-1	-1	-1	-1	-1	
40	13	f3da816fa7afc470	8			yes					41	52	60	67	74	78	80	82	
41	40	0e2d292aa7230626	7			yes					42	44	45	47	49	-1	51	
42	41	2c417ec61f499bf3	6			yes					-1	-1	-1	-1	-1	43	
43	42	42a4edd0047a3d5d	5			yes					-1	-1	-1	-1	-1	
44	41	ffcd940c9c4ca676	6			yes					-1	-1	-1	-1	-1	-1	
45	41	05224ae9ebbbd6a8	6			yes					-1	-1	-1	-1	-1	46	
46	45	6bc7d9fff0887006	5			yes					-1	-1	-1	-1	-1	
47	41	8213000b8288328c	6			yes					-1	-1	-1	-1	-1	48	
48	47	ecf6931d99bb9422	5			yes					-1	-1	-1	-1	-1	
49	41	748b8b7ed2b4224a	6			yes					-1	-1	-1	-1	-1	50	
50	49	1a6e1868c98784e4	5			yes					-1	-1	-1	-1	-1	
51	41	60c8ba3cbc10a088	6			yes					-1	-1	-1	-1	-1	-1	
52	40	d1b6d6831fc559a5	7			yes					-1	-1	-1	53	55	-1	57	
53	52	5d88ffa23a6e6d0f	6			yes					-1	-1	-1	-1	-1	54	
54	53	336d6cb4215dcba1	5			yes					-1	-1	-1	-1	-1	
55	52	ab1074d76a527dc9	6			yes					-1	-1	-1	-1	-1	56	
56	55	c5f5e7c17161db67	5			yes					-1	-1	-1	-1	-1	
57	52	bf53459504f6ff0b	6			yes					-1	58	59	-1	-1	-1	
58	57	4eb3f8b33f995f5b	5			yes					-1	-1	-1	-1	-1	
59	57	b45c2656486e2f85	5			yes					-1	-1	-1	-1	-1	
60	40	023a3c499cc06420	7			yes					-1	61	-1	62	64	-1	65	
61	60	20566ba524aaf9f5	6			yes					-1	-1	-1	-1	-1	-1	
62	60	8e041568b96b508a	6			yes					-1	-1	-1	-1	-1	63	
63	62	e0e1867ea258f624	5			yes					-1	-1	-1	-1	-1	
64	60	789c9e1de957404c	6			yes					-1	-1	-1	-1	-1	-1	
65	60	6cdfaf5f87f3c28e	6			yes					66	-1	-1	-1	-1	-1	
66	65	9128071a877f00d8	5			yes					-1	-1	-1	-1	-1	
67	40	f8d5e2aceb3714fe	7			yes					-1	68	-1	69	71	-1	72	
68	67	dab9b540535d892b	6			yes					-1	-1	-1	-1	-1	-1	
69	67	74ebcb8dce9c2054	6			yes					-1	-1	-1	-1	-1	70	
70	69	1a0e589bd5af86fa	5			yes					-1	-1	-1	-1	-1	
71	67	827340f89ea03092	6			yes					-1	-1	-1	-1	-1	-1	
72	67	963071baf004b250	6			yes					-1	-1	-1	-1	-1	-1	
73	72	ec96d3ee8593963c	5			no					-1	-1	-1	-2	-1	
74	40	7fe4a84e8204f0da	7			yes					-1	-1	-1	-1	75	-1	77	
75	74	05420a1af793d4b6	6			yes					-1	-1	-1	-1	-1	76	
76	75	6ba7990ceca07218	5			yes					-1	-1	-1	-1	-1	
77	74	11013b5899375674	6			yes					-1	-1	-1	-1	-1	-1	
78	40	897c233bd238e01c	7			yes					-1	-1	-1	-1	-1	-1	79	
79	78	e799b02dc90b46b2	6			yes					-1	-1	-1	-1	-1	-1	
80	40	bd09392f841e9935	7			yes					-1	-1	-1	-1	-1	-1	81	
81	80	d3ecaa399f2d3f9b	6			yes					-1	-1	-1	-1	-1	-1	
82	40	9d3f1279bc9c62de	7			yes					-1	-1	-1	-1	-1	-1	-1	
83	7	bfde9a0ba7e55a68	5			yes					84	86	102	121	128	
84	83	1d1ad310ab18c885	7			yes					-1	-1	-1	-1	-1	-1	85	
85	84	4350d0d253d30da9	6			yes					-1	-1	-1	-1	-1	-1	
86	83	920a8f0d72d88e3a	7			yes					87	90	-1	93	97	99	101	
87	86	6ffd274872544c6c	6			yes					-1	-1	88	-1	-1	89	
88	87	e3c30e6957ff78c6	5			yes					-1	-1	-1	-1	-1	
89	87	988a116bebe58cfb	5			yes					-1	-1	-1	-1	-1	
90	86	b066d8e1cab213ef	6			yes					-1	-1	91	-1	-1	92	
91	90	3c58f1c0ef192745	5			yes					-1	-1	-1	-1	-1	
92	90	4711eec25303d378	5			yes					-1	-1	-1	-1	-1	
93	86	1e34a62c5773ba90	6			yes					-1	-1	-1	94	95	96	
94	93	6492047822e49efc	5			yes					-1	-1	-1	-1	-1	
95	93	901510c92abab18c	5			yes					-1	-1	-1	-1	-1	
96	93	e943900fcec27a07	5			yes					-1	-1	-1	-1	-1	
97	86	e8ac2d59074faa56	6			yes					-1	-1	-1	-1	-1	98	
98	97	1fdb1b7a9efe6ac1	5			yes					-1	-1	-1	-1	-1	
99	86	1c2b39e80f118526	6			yes					-1	-1	-1	-1	-1	100	
100	99	eb5c0fcb96a045b1	5			yes					-1	-1	-1	-1	-1	
101	86	657db92eeb694ead	6			yes					-1	-1	-1	-1	-1	-1	
102	83	0133e35f86090ee4	8			yes					103	105	107	109	112	114	116	120	
103	102	fcc44b1a8685ccb2	7			yes					-1	-1	-1	-1	-1	-1	104	
104	103	a28e48d87e4e099e	6			yes					-1	-1	-1	-1	-1	-1	
105	102	235fb4b33e639331	7			yes					-1	-1	-1	-1	-1	-1	106	
106	105	7d15b771c6a8561d	6			yes					-1	-1	-1	-1	-1	-1	
107	102	f0d35e79bd66aeb4	7			yes					-1	-1	-1	-1	-1	-1	108	
108	107	ae995dbb45ad6b98	6			yes					-1	-1	-1	-1	-1	-1	
109	102	3d6a0a70ab6e1789	7			yes					-1	-1	-1	-1	-1	-1	111	
110	109	c09da235abe2d5df	6			no					-1	-1	-1	-1	-1	-2	
111	109	632009b253a5d2a5	6			yes					-1	-1	-1	-1	-1	-1	
112	102	f9ab3908d3592637	7			yes					-1	-1	-1	-1	-1	-1	113	
113	112	a7e13aca2b92e31b	6			yes					-1	-1	-1	-1	-1	-1	
114	102	cb5367ba4fd8ec43	7			yes					-1	-1	-1	-1	-1	-1	115	
115	114	95196478b713296f	6			yes					-1	-1	-1	-1	-1	-1	
116	102	7e90f6d0caa4e9e6	7			yes					-1	-1	-1	-1	-1	-1	118	
117	116	b4f0723503750b41	6			no					-1	-2	-1	-1	-1	-2	
118	116	20daf512326f2cca	6			yes					-1	-1	-1	-1	-1	-1	
119	118	02b6a2fe8a05b11f	5			no					-1	-1	-1	-1	-2	
120	102	5f79e09d7ec2cbc8	7			yes					-1	-1	-1	-1	-1	-1	-1	
121	83	341ad15c13859e68	7			yes					122	123	124	125	126	-1	127	
122	121	c9ed791913095c3e	6			yes					-1	-1	-1	-1	-1	-1	
123	121	167686b0abef03bd	6			yes					-1	-1	-1	-1	-1	-1	
124	121	c5fa6c7a28ea3e38	6			yes					-1	-1	-1	-1	-1	-1	
125	121	3f15b29f5f1d4ee6	6			yes					-1	-1	-1	-1	-1	-1	
126	121	e00beca7e017696a	6			yes					-1	-1	-1	-1	-1	-1	
127	121	c36de77f8a345eff	6			yes					-1	-1	-1	-1	-1	-1	
128	83	e9ed29bc8573daa1	7			yes					129	131	133	135	136	138	-1	
129	128	141a81f985ff18f7	6			yes					-1	-1	-1	130	-1	-1	
130	129	9824a8d8a0542c5d	5			yes					-1	-1	-1	-1	-1	
131	128	cb817e503d194774	6			yes					-1	-1	-1	132	-1	-1	
132	131	47bf577118b273de	5			yes					-1	-1	-1	-1	-1	
133	128	180d949abe1c7af1	6			yes					-1	-1	-1	-1	-1	-1	
134	133	9433bdbb9bb74e5b	5			no					-1	-2	-1	-2	-1	
135	128	e2e24a7fc9eb0a2f	6			yes					-1	-1	-1	-1	-1	-1	
136	128	65d3009da0d8ee0b	6			yes					-1	-1	-1	-1	137	-1	
137	136	1f75a2c9d54fca67	5			yes					-1	-1	-1	-1	-1	
138	128	934b8be8f0e4fecd	6			yes					-1	-1	-1	-1	-1	-1	
139	6	8ed7a8291f41839a	3			yes					-1	140	218	
140	139	16b6193485cb44c2	5			yes					141	156	170	172	174	
141	140	ed40f90958c8d88e	4			yes					142	148	-1	149	
142	141	6870562b005c6d2d	6			yes					-1	143	144	145	146	147	
143	142	e9ae31868b0c1fd4	5			yes					-1	-1	-1	-1	-1	
144	142	9e32d5cabf8da9d1	5			yes					-1	-1	-1	-1	-1	
145	142	64f1c83181f5a3d6	5			yes					-1	-1	-1	-1	-1	
146	142	44eff4560587e0cb	5			yes					-1	-1	-1	-1	-1	
147	142	a921d6fe1b8ca70b	5			yes					-1	-1	-1	-1	-1	
148	141	8e0cbae411fdb918	6			yes					-1	-1	-1	-1	-1	-1	
149	141	5c3d925dc8f902ba	7			yes					-1	150	151	152	153	154	155	
150	149	65789e7557e60c66	6			yes					-1	-1	-1	-1	-1	-1	
151	149	dde3f5f043a97043	6			yes					-1	-1	-1	-1	-1	-1	
152	149	aa7f11bc7728c646	6			yes					-1	-1	-1	-1	-1	-1	
153	149	50bc0c474950cc41	6			yes					-1	-1	-1	-1	-1	-1	
154	149	70a23020cd228f5c	6			yes					-1	-1	-1	-1	-1	-1	
155	149	2f73d8b097047782	6			yes					-1	-1	-1	-1	-1	-1	
156	140	0a09b37b3463d99a	4			yes					-1	157	-1	158	
157	156	497811321531a2f9	6			yes					-1	-1	-1	-1	-1	-1	
158	156	dc3fcdd1a73d634b	7			yes					159	-1	161	163	165	167	169	
159	158	87ac7c07b8b42f10	6			yes					-1	-1	-1	-1	-1	160	
160	159	e949ef11a38789be	5			yes					-1	-1	-1	-1	-1	
161	158	fd4095add86c5764	6			yes					-1	-1	-1	-1	-1	162	
162	161	93a506bbc35ff1ca	5			yes					-1	-1	-1	-1	-1	
163	158	b2b927f781e13d99	6			yes					-1	-1	-1	-1	-1	164	
164	163	dc5cb4e19ad29b37	5			yes					-1	-1	-1	-1	-1	
165	158	a6996f85d2aa4727	6			yes					-1	-1	-1	-1	-1	166	
166	165	c87cfc93c999e189	5			yes					-1	-1	-1	-1	-1	
167	158	92ec7591848c3e0e	6			yes					-1	-1	-1	-1	-1	-1	
168	167	fc09e6879fbf98a0	5			yes					-1	-1	-1	-1	-1	
169	158	b2da5ec7bc0ec5e5	6			yes					-1	-1	-1	-1	-1	-1	
170	140	59382771ec98af2c	4			yes					-1	-1	-1	171	
171	170	ac0eca3e6cfa0b8f	6			yes					-1	-1	-1	-1	-1	-1	
172	140	fc01e22c2afd91b0	4			yes					-1	-1	-1	173	
173	172	ab4fc47124c1cc20	6			yes					-1	-1	-1	-1	-1	-1	
174	140	b2930d40e5235e8f	8			yes					175	185	195	203	209	213	215	217	
175	174	e900bc96faaa12d4	7			yes					-1	176	178	180	182	-1	184	
176	175	b4f2818891608882	6			yes					-1	-1	-1	-1	-1	177	
177	176	da17129e8a532e2c	5			yes					-1	-1	-1	-1	-1	
178	175	c87fe4ea85fb26fb	6			yes					-1	-1	-1	-1	-1	179	
179	178	a69a77fc9ec88055	5			yes					-1	-1	-1	-1	-1	
180	175	878656b0dc764c06	6			yes					-1	-1	-1	-1	-1	181	
181	180	e963c5a6c745eaa8	5			yes					-1	-1	-1	-1	-1	
182	175	93a61ec28f3d36b8	6			yes					-1	-1	-1	-1	-1	183	
183	182	fd438dd4940e9016	5			yes					-1	-1	-1	-1	-1	
184	175	87e52f80e199b47a	6			yes					-1	-1	-1	-1	-1	-1	
185	174	1308b79060db6377	7			yes					-1	186	188	190	192	-1	194	
186	185	4efa8a8e0b11f921	6			yes					-1	-1	-1	-1	-1	187	
187	186	201f199810225f8f	5			yes					-1	-1	-1	-1	-1	
188	185	3277efec1f8a5758	6			yes					-1	-1	-1	-1	-1	189	
189	188	5c927cfa04b9f1f6	5			yes					-1	-1	-1	-1	-1	
190	185	7d8e5db646073da5	6			yes					-1	-1	-1	-1	-1	191	
191	190	136bcea05d349b0b	5			yes					-1	-1	-1	-1	-1	
192	185	69ae15c4154c471b	6			yes					-1	-1	-1	-1	-1	193	
193	192	074b86d20e7fe1b5	5			yes					-1	-1	-1	-1	-1	
194	185	7ded24867be8c5d9	6			yes					-1	-1	-1	-1	-1	-1	
195	174	ef61305e8ee9c4d9	7			yes					-1	-1	196	198	200	-1	202	
196	195	ce1e6822f1b8f0f6	6			yes					-1	-1	-1	-1	-1	197	
197	196	a0fbfb34ea8b5658	5			yes					-1	-1	-1	-1	-1	
198	195	81e7da78a8359a0b	6			yes					-1	-1	-1	-1	-1	199	
199	198	ef02496eb3063ca5	5			yes					-1	-1	-1	-1	-1	
200	195	95c7920afb7ee0b5	6			yes					-1	-1	-1	-1	-1	201	
201	200	fb22011ce04d461b	5			yes					-1	-1	-1	-1	-1	
202	195	8184a34895da6277	6			yes					-1	-1	-1	-1	-1	-1	
203	174	93ec553c9a726aa0	7			yes					-1	-1	-1	204	206	-1	208	
204	203	fd6abf1abcae3472	6			yes					-1	-1	-1	-1	-1	205	
205	204	938f2c0ca79d92dc	5			yes					-1	-1	-1	-1	-1	
206	203	e94af768efe54ecc	6			yes					-1	-1	-1	-1	-1	207	
207	206	87af647ef4d6e862	5			yes					-1	-1	-1	-1	-1	
208	203	fd09c62a8141cc0e	6			yes					-1	-1	-1	-1	-1	-1	
209	174	dc15e766c3ff005d	7			yes					-1	-1	-1	-1	210	-1	212	
210	209	a6b34532b6682431	6			yes					-1	-1	-1	-1	-1	211	
211	210	c856d624ad5b829f	5			yes					-1	-1	-1	-1	-1	
212	209	b2f07470d8cca6f3	6			yes					-1	-1	-1	-1	-1	-1	
213	174	c835af1490b47ae3	7			yes					-1	-1	-1	-1	-1	-1	214	
214	213	a6d03c028b87dc4d	6			yes					-1	-1	-1	-1	-1	-1	
215	174	fc40b500c69203ca	7			yes					-1	-1	-1	-1	-1	-1	216	
216	215	92a52616dda1a564	6			yes					-1	-1	-1	-1	-1	-1	
217	174	dc769e56fe10f821	7			yes					-1	-1	-1	-1	-1	-1	-1	
218	139	991ba0c3fad0fefb	5			yes					219	265	283	295	296	
219	218	e865e865ef683aed	8			yes					220	222	234	244	252	258	262	264	
220	219	a9d1e4d65780b6ab	7			yes					-1	-1	-1	-1	-1	-1	221	
221	220	f79be714af4b7387	6			yes					-1	-1	-1	-1	-1	-1	
222	219	d120e44d70773431	7			yes					-1	223	225	227	229	231	233	
223	222	50fe83e0fb2746c8	6			yes					-1	-1	-1	-1	-1	224	
224	223	0eb4802203ec83e4	5			yes					-1	-1	-1	-1	-1	
225	222	276267accfa6f0cd	6			yes					-1	-1	-1	-1	-1	226	
226	225	7928646e376d35e1	5			yes					-1	-1	-1	-1	-1	
227	222	dda17a57f1defaca	6			yes					-1	-1	-1	-1	-1	228	
228	227	83eb799509153fe6	5			yes					-1	-1	-1	-1	-1	
229	222	1b4060a8b9a6d696	6			yes					-1	-1	-1	-1	-1	230	
230	229	450a636a416d13ba	5			yes					-1	-1	-1	-1	-1	
231	222	ae83f1c23cdad333	6			yes					-1	-1	-1	-1	-1	232	
232	231	f0c9f200c411161f	5			yes					-1	-1	-1	-1	-1	
233	222	8f6ae78f88bcf11d	6			yes					-1	-1	-1	-1	-1	-1	
234	219	69bb8fc864384814	7			yes					-1	-1	235	237	239	241	243	
235	234	9ff90c29dbe98ce8	6			yes					-1	-1	-1	-1	-1	236	
236	235	c1b30feb232249c4	5			yes					-1	-1	-1	-1	-1	
237	234	653a11d2e59186ef	6			yes					-1	-1	-1	-1	-1	238	
238	237	3b7012101d5a43c3	5			yes					-1	-1	-1	-1	-1	
239	234	a3db0b2dade9aab3	6			yes					-1	-1	-1	-1	-1	240	
240	239	fd9108ef55226f9f	5			yes					-1	-1	-1	-1	-1	
241	234	16189a472895af16	6			yes					-1	-1	-1	-1	-1	242	
242	241	48529985d05e6a3a	5			yes					-1	-1	-1	-1	-1	
243	234	37f18c0a9cf38d38	6			yes					-1	-1	-1	-1	-1	-1	
244	219	1e276b8450b9fe11	7			yes					-1	-1	-1	245	247	249	251	
245	244	12a6f59ed11030ea	6			yes					-1	-1	-1	-1	-1	246	
246	245	4cecf65c29dbf5c6	5			yes					-1	-1	-1	-1	-1	
247	244	d447ef6199681cb6	6			yes					-1	-1	-1	-1	-1	248	
248	247	8a0deca361a3d99a	5			yes					-1	-1	-1	-1	-1	
249	244	61847e0b1c141913	6			yes					-1	-1	-1	-1	-1	250	
250	249	3fce7dc9e4dfdc3f	5			yes					-1	-1	-1	-1	-1	
251	244	406d6846a8723b3d	6			yes					-1	-1	-1	-1	-1	-1	
252	219	e4e4767f6ec1f416	7			yes					-1	-1	-1	-1	253	255	257	
253	252	2e84f29aa71016b1	6			yes					-1	-1	-1	-1	-1	254	
254	253	70cef1585fdbd39d	5			yes					-1	-1	-1	-1	-1	
255	252	9b4763f0226c1314	6			yes					-1	-1	-1	-1	-1	256	
256	255	c50d6032daa7d638	5			yes					-1	-1	-1	-1	-1	
257	252	baae75bd960a313a	6			yes					-1	-1	-1	-1	-1	-1	
258	219	22056c8026b9d84a	7			yes					-1	-1	-1	-1	-1	259	261	
259	258	5da6790f6a143f48	6			yes					-1	-1	-1	-1	-1	260	
260	259	03ec7acd92dffa64	5			yes					-1	-1	-1	-1	-1	
261	258	7c4f6f42de721d66	6			yes					-1	-1	-1	-1	-1	-1	
262	219	97c6fdeaa3c5ddef	7			yes					-1	-1	-1	-1	-1	-1	263	
263	262	c98cfe285b0e18c3	6			yes					-1	-1	-1	-1	-1	-1	
264	219	b62feba717a3ffc1	7			yes					-1	-1	-1	-1	-1	-1	-1	
265	218	855f66417bc7532b	7			yes					266	268	269	274	278	281	282	
266	265	deccd797644e1f70	6			yes					-1	-1	-1	-1	-1	267	
267	266	29bbe1b4fdffdfe7	5			yes					-1	-1	-1	-1	-1	
268	265	179a211ed7ebc941	6			yes					-1	-1	-1	-1	-1	-1	
269	265	a4203e3d04966704	6			yes					-1	-1	270	271	272	273	
270	269	caa6d41b224a39d6	5			yes					-1	-1	-1	-1	-1	
271	269	de869c6971014368	5			yes					-1	-1	-1	-1	-1	
272	269	2a0188d8795f6c18	5			yes					-1	-1	-1	-1	-1	
273	269	5357081e9d27a793	5			yes					-1	-1	-1	-1	-1	
274	265	ebd98c675d1b0df9	6			yes					-1	-1	-1	275	276	277	
275	274	917f2e33288c2995	5			yes					-1	-1	-1	-1	-1	
276	274	65f83a8220d206e5	5			yes					-1	-1	-1	-1	-1	
277	274	1caeba44c4aacd6e	5			yes					-1	-1	-1	-1	-1	
278	265	fff9c4150e507747	6			yes					-1	-1	-1	-1	279	280	
279	278	71d872f073997c5b	5			yes					-1	-1	-1	-1	-1	
280	278	088ef23697e1b7d0	5			yes					-1	-1	-1	-1	-1	
281	265	0b7ed0a4060e5837	6			yes					-1	-1	-1	-1	-1	-1	
282	265	72285062e27693bc	6			yes					-1	-1	-1	-1	-1	-1	
283	218	1856b0064b6b33d8	7			yes					284	286	-1	288	290	292	294	
284	283	43c501d054e27f83	6			yes					-1	-1	-1	-1	-1	285	
285	284	1d8f0212ac29baaf	5			yes					-1	-1	-1	-1	-1	
286	283	b9cd0ad6ce930e20	6			yes					-1	-1	-1	-1	-1	287	
287	286	e78709143658cb0c	5			yes					-1	-1	-1	-1	-1	
288	283	14d72e1ccac2fd23	6			yes					-1	-1	-1	-1	-1	289	
289	288	4a9d2dde3209380f	5			yes					-1	-1	-1	-1	-1	
290	283	d23634e382bad17f	6			yes					-1	-1	-1	-1	-1	291	
291	290	8c7c37217a711453	5			yes					-1	-1	-1	-1	-1	
292	283	67f5a58907c6d4da	6			yes					-1	-1	-1	-1	-1	293	
293	292	39bfa64bff0d11f6	5			yes					-1	-1	-1	-1	-1	
294	283	461cb3c4b3a0f6f4	6			yes					-1	-1	-1	-1	-1	-1	
295	218	13d2358f293c75ad	6			yes					-1	-1	-1	-1	-1	-1	
296	218	a8a4a593c7ff405e	7			yes					297	301	305	309	312	314	-1	
297	296	f3371445d8760c05	6			yes					-1	298	299	300	-1	-1	
298	297	aec5295bb3bc9653	5			yes					-1	-1	-1	-1	-1	
299	297	d2484c39a727382a	5			yes					-1	-1	-1	-1	-1	
300	297	9db1fe63feaa52d7	5			yes					-1	-1	-1	-1	-1	
301	296	093f1f4342077da6	6			yes					-1	302	-1	303	-1	-1	
302	301	54cd225d29cde7f0	5			yes					-1	-1	-1	-1	-1	
303	301	67b9f56564db2374	5			yes					-1	-1	-1	-1	-1	
304	301	7399bd17379059ca	5			yes					-1	-1	-1	-1	-1	
305	296	f556988dac35da08	6			yes					-1	-1	306	307	308	-1	
306	305	d429c0f1d364ee27	5			yes					-1	-1	-1	-1	-1	
307	305	9bd072ab8ae984da	5			yes					-1	-1	-1	-1	-1	
308	305	8ff03ad9d9a2fe64	5			yes					-1	-1	-1	-1	-1	
309	296	89dbfdefb8ae7471	6			yes					-1	-1	-1	310	311	-1	
310	309	e75d17c99e722aa3	5			yes					-1	-1	-1	-1	-1	
311	309	f37d5fbbcd39501d	5			yes					-1	-1	-1	-1	-1	
312	296	c6224fb5e1231e8c	6			yes					-1	-1	-1	-1	313	-1	
313	312	bc84ede194b43ae0	5			yes					-1	-1	-1	-1	-1	
314	296	d20207c7b2686432	6			yes					-1	-1	-1	-1	-1	-1	
315	6	e229c185bf4a5dbb	7			no					316	499	620	-2	-2	-2	-2	
316	315	19df21b86249c1f7	6			yes					317	362	420	458	491	498	
317	316	05608bf7d3e15caf	5			yes					318	327	335	345	349	
318	317	1ff1ade0a897832d	6			yes					-1	319	321	323	325	326	
319	318	7bc906c2caafd090	5			yes					-1	-1	320	-1	-1	
320	319	9ebdc54042da1f7f	4			yes					-1	-1	-1	-1	
321	318	f2351511fa172ab3	5			yes					-1	-1	322	-1	-1	
322	321	1741d6937262e55c	4			yes					-1	-1	-1	-1	
323	318	fa856e6220e24cc2	5			yes					-1	-1	-1	324	-1	
324	323	d61acc1f2539c124	4			yes					-1	-1	-1	-1	
325	318	336e0f9dad4c0ecb	5			yes					-1	-1	-1	-1	-1	
326	318	dea02d35b347490b	5			yes					-1	-1	-1	-1	-1	
327	317	6080258ba85cb97a	6			yes					-1	328	330	331	333	334	
328	327	449b5e7576bdea1d	5			yes					-1	-1	329	-1	-1	
329	328	a1ef9df7fec825f2	4			yes					-1	-1	-1	-1	
330	327	d2029401e3e0895b	5			yes					-1	-1	-1	-1	-1	
331	327	85f4e60920297695	5			yes					-1	-1	-1	332	-1	
332	331	a96b447425f2fb73	4			yes					-1	-1	-1	-1	
333	327	4c1f87f6ad87349c	5			yes					-1	-1	-1	-1	-1	
334	327	a1d1a55eb38c735c	5			yes					-1	-1	-1	-1	-1	
335	317	85fe53ce771a653c	6			yes					-1	336	338	341	342	344	
336	335	d521dd84774a7256	5			yes					-1	-1	-1	337	-1	
337	336	8431836e9beef11e	4			yes					-1	-1	-1	-1	
338	335	e785c2f6cd6d51ff	5			yes					-1	-1	-1	339	340	
339	338	b6959c1c21c9d2b7	4			yes					-1	-1	-1	-1	
340	338	965d1bc0d631fde3	4			yes					-1	-1	-1	-1	
341	335	eccf967be6a05eee	5			yes					-1	-1	-1	-1	-1	
342	335	d4ee0d249bbee674	5			yes					-1	-1	-1	-1	343	
343	342	a536d41280e24a68	4			yes					-1	-1	-1	-1	
344	335	f4268af86c46c920	5			yes					-1	-1	-1	-1	-1	
345	317	0824b68765261c55	5			yes					-1	346	347	-1	348	
346	345	58fb38cd65760b3f	4			yes					-1	-1	-1	-1	
347	345	e5e00e7637a6b5cb	4			yes					-1	-1	-1	-1	
348	345	5277058926e4308d	4			yes					-1	-1	-1	-1	
349	317	4c61c002f45af439	6			yes					-1	350	353	356	359	361	
350	349	1cbe4e48f40ae353	5			yes					-1	-1	351	-1	352	
351	350	f9ca8dca7c7f2cbc	4			yes					-1	-1	-1	-1	
352	350	da8cd7db7451b984	4			yes					-1	-1	-1	-1	
353	349	a1a578f3a6da5da7	5			yes					-1	-1	354	-1	355	
354	353	44d1bb712eaf9248	4			yes					-1	-1	-1	-1	
355	353	6797e16026810770	4			yes					-1	-1	-1	-1	
356	349	a91503807c2f3bd6	5			yes					-1	-1	-1	357	358	
357	356	858aa1fd79f4b630	4			yes					-1	-1	-1	-1	
358	356	6f279a13fc746101	4			yes					-1	-1	-1	-1	
359	349	60fe627ff18179df	5			yes					-1	-1	-1	-1	360	
360	359	a6ccfbec71da2308	4			yes					-1	-1	-1	-1	
361	349	8a5359917401aeee	5			yes					-1	-1	-1	-1	-1	
362	316	9e1e4d1ecf00a332	5			yes					-1	363	371	391	396	
363	362	e867d4e4af05bfb6	6			yes					364	365	-1	367	369	370	
364	363	a9d3d85717ed33f0	5			yes					-1	-1	-1	-1	-1	
365	363	616cc8fc0bbfea5a	5			yes					-1	-1	366	-1	-1	
366	365	84180b7e83ca25b5	4			yes					-1	-1	-1	-1	
367	363	0d13176627707059	5			yes					-1	-1	-1	368	-1	
368	367	218cb51b22abfdbf	4			yes					-1	-1	-1	-1	
369	363	c4f87699aade3250	5			yes					-1	-1	-1	-1	-1	
370	363	29365431b4d57590	5			yes					-1	-1	-1	-1	-1	
371	362	870568d8a25faa52	7			yes					372	373	378	382	385	388	390	
372	371	c6b1646b1ab72614	6			yes					-1	-1	-1	-1	-1	-1	
373	371	0e0e74c006e5ffbe	6			yes					-1	374	375	-1	376	377	
374	373	6a36dfe264ddac03	5			yes					-1	-1	-1	-1	-1	
375	373	6c75e5f8bc92cb7d	5			yes					-1	-1	-1	-1	-1	
376	373	5f1e2a2aea417cf6	5			yes					-1	-1	-1	-1	-1	
377	373	7fd6adf61db953a2	5			yes					-1	-1	-1	-1	-1	
378	371	e33dc3fac067f9ef	6			yes					-1	-1	379	-1	380	381	
379	378	814652c27a10cd2c	5			yes					-1	-1	-1	-1	-1	
380	378	b22d9d102cc37aa7	5			yes					-1	-1	-1	-1	-1	
381	378	92e51accdb3b55f3	5			yes					-1	-1	-1	-1	-1	
382	371	e57ef9e018289e91	6			yes					-1	-1	-1	-1	383	384	
383	382	b46ea70af48c1dd9	5			yes					-1	-1	-1	-1	-1	
384	382	94a620d60374328d	5			yes					-1	-1	-1	-1	-1	
385	371	ee34ad6d33e59180	6			yes					-1	-1	-1	-1	386	387	
386	385	bf24f387df4112c8	5			yes					-1	-1	-1	-1	-1	
387	385	9fec745b28b93d9c	5			yes					-1	-1	-1	-1	-1	
388	371	d61536324efb291a	6			yes					-1	-1	-1	-1	-1	389	
389	388	a7cdef0455a78506	5			yes					-1	-1	-1	-1	-1	
390	371	f6ddb1eeb903064e	6			yes					-1	-1	-1	-1	-1	-1	
391	362	0adf8d91b063d33b	6			yes					-1	392	393	394	-1	395	
392	391	83d4918914d986d7	5			yes					-1	-1	-1	-1	-1	
393	391	6ee726b3d25b8086	5			yes					-1	-1	-1	-1	-1	
394	391	e71b3560e2e37aa5	5			yes					-1	-1	-1	-1	-1	
395	391	508c3e9ff3a1ffe3	5			yes					-1	-1	-1	-1	-1	
396	362	4e9afb14211f3b57	7			yes					397	399	405	410	414	417	419	
397	396	0f2ef7a799f7b711	6			yes					-1	-1	-1	398	-1	-1	
398	397	ea5a3425118278fe	5			yes					-1	-1	-1	-1	-1	
399	396	c791e70c85a56ebb	6			yes					-1	400	401	402	403	404	
400	399	a3a94c2ee79d3d06	5			yes					-1	-1	-1	-1	-1	
401	399	2a555ffdd725c725	5			yes					-1	-1	-1	-1	-1	
402	399	22e5248e0dd0a154	5			yes					-1	-1	-1	-1	-1	
403	399	eb0e4571807ee35d	5			yes					-1	-1	-1	-1	-1	
404	399	01a37e9f05fe346c	5			yes					-1	-1	-1	-1	-1	
405	396	2aa25036432768ea	6			yes					-1	-1	406	407	408	409	
406	405	c766e8c711a7c174	5			yes					-1	-1	-1	-1	-1	
407	405	cfd693b4cb52a705	5			yes					-1	-1	-1	-1	-1	
408	405	063df24b46fce50c	5			yes					-1	-1	-1	-1	-1	
409	405	ec90c9a5c37c323d	5			yes					-1	-1	-1	-1	-1	
410	396	a35e43e5739f92c9	6			yes					-1	-1	-1	411	412	413	
411	410	462a8067fbea5d26	5			yes					-1	-1	-1	-1	-1	
412	410	8fc1e19876441f2f	5			yes					-1	-1	-1	-1	-1	
413	410	656cda76f3c4c81e	5			yes					-1	-1	-1	-1	-1	
414	396	abee3896a96af4b8	6			yes					-1	-1	-1	-1	415	416	
415	414	87719aebacb1795e	5			yes					-1	-1	-1	-1	-1	
416	414	6ddca1052931ae6f	5			yes					-1	-1	-1	-1	-1	
417	396	6205596924c4b6b1	6			yes					-1	-1	-1	-1	-1	418	
418	417	a437c0faa49fec66	5			yes					-1	-1	-1	-1	-1	
419	396	88a86287a1446180	6			yes					-1	-1	-1	-1	-1	-1	
420	316	8472982c6aa06dae	5			yes					-1	-1	421	431	435	
421	420	2e2d7ad228edaf88	6			yes					422	423	426	428	429	430	
422	421	6f997661900523ce	5			yes					-1	-1	-1	-1	-1	
423	421	176876fab7f2a154	5			yes					-1	424	-1	425	-1	
424	423	33730d046913f233	4			yes					-1	-1	-1	-1	
425	423	3bf7d487b2292cb2	4			yes					-1	-1	-1	-1	
426	421	0a36012cf60cfcef	5			yes					-1	-1	-1	427	-1	
427	426	26a9a351f3d77109	4			yes					-1	-1	-1	-1	
428	421	b12459cde71d963d	5			yes					-1	-1	-1	-1	-1	
429	421	02b2d8af2d36226e	5			yes					-1	-1	-1	-1	-1	
430	421	ef7cfa07333d65ae	5			yes					-1	-1	-1	-1	-1	
431	420	a5f444062e23116e	6			yes					-1	432	433	-1	-1	434	
432	431	9cb1482eb13c1fb2	5			yes					-1	-1	-1	-1	-1	
433	431	81ef3ff8f0c24209	5			yes					-1	-1	-1	-1	-1	
434	431	ffa7f7086de13db6	5			yes					-1	-1	-1	-1	-1	
435	420	e1b13283bf5ff902	7			yes					436	437	443	448	452	455	457	
436	435	a0053e3007b77544	6			yes					-1	-1	-1	-1	-1	-1	
437	435	d8f43eab2040f7de	6			yes					-1	438	439	440	441	442	
438	437	fcef4555fea1a4b9	5			yes					-1	-1	-1	-1	-1	
439	437	6a768f216bfcc7ff	5			yes					-1	-1	-1	-1	-1	
440	437	3d80fd29a8353831	5			yes					-1	-1	-1	-1	-1	
441	437	f46b9cd6259b7a38	5			yes					-1	-1	-1	-1	-1	
442	437	1ec6a738a01bad09	5			yes					-1	-1	-1	-1	-1	
443	435	c5aa497d61beaa65	6			yes					-1	-1	444	445	446	447	
444	443	7728f8f72a029a44	5			yes					-1	-1	-1	-1	-1	
445	443	20de8affe9cb658a	5			yes					-1	-1	-1	-1	-1	
446	443	e935eb0064652783	5			yes					-1	-1	-1	-1	-1	
447	443	0398d0eee1e5f0b2	5			yes					-1	-1	-1	-1	-1	
448	435	53338309f4e3c923	6			yes					-1	-1	-1	449	450	451	
449	448	b647408b7c9606cc	5			yes					-1	-1	-1	-1	-1	
450	448	7fac2174f13844c5	5			yes					-1	-1	-1	-1	-1	
451	448	95011a9a74b893f4	5			yes					-1	-1	-1	-1	-1	
452	435	04c5f101372a36ed	6			yes					-1	-1	-1	-1	453	454	
453	452	285a537c32f1bb0b	5			yes					-1	-1	-1	-1	-1	
454	452	c2f76892b7716c3a	5			yes					-1	-1	-1	-1	-1	
455	435	cd2e90feba8474e4	6			yes					-1	-1	-1	-1	-1	456	
456	455	0b1c096d3adf2e33	5			yes					-1	-1	-1	-1	-1	
457	435	2783ab103f04a3d5	6			yes					-1	-1	-1	-1	-1	-1	
458	316	6ebe154fedfa416b	5			yes					-1	-1	-1	459	466	
459	458	6aaece5f2d8fdf9b	6			yes					-1	460	462	463	-1	465	
460	459	53ebc277b290d147	5			yes					-1	-1	-1	-1	461	
461	460	ecbeb4913ea3c32d	4			yes					-1	-1	-1	-1	
462	459	3a7140152ddfc8f1	5			yes					-1	-1	-1	-1	-1	
463	459	08d55f6797f8eb58	5			yes					-1	-1	-1	-1	464	
464	463	b78029811bcbf932	4			yes					-1	-1	-1	-1	
465	459	d5fbb8b9a1bccdf1	5			yes					-1	-1	-1	-1	-1	
466	458	5425fa0b10deeb77	7			yes					467	471	475	477	484	488	490	
467	466	1591f6b8a8366731	6			yes					468	-1	-1	-1	469	470	
468	467	2cd4fa90372969ed	5			yes					-1	-1	-1	-1	-1	
469	467	4481a8524492e479	5			yes					-1	-1	-1	-1	-1	
470	467	33c08805582695ef	5			yes					-1	-1	-1	-1	-1	
471	466	6d60f6238fc1e5ab	6			yes					-1	-1	472	-1	473	474	
472	471	0f1b671b35b6d168	5			yes					-1	-1	-1	-1	-1	
473	471	3c70a8c9636566e3	5			yes					-1	-1	-1	-1	-1	
474	471	4b31889e7fd11775	5			yes					-1	-1	-1	-1	-1	
475	466	04fa7441108efc1d	6			yes					-1	-1	-1	-1	-1	476	
476	475	22ab0afce09e0ec3	5			yes					-1	-1	-1	-1	-1	
477	466	365e6b33aaa9dfb4	6			yes					-1	-1	479	480	481	483	
478	477	77ea6780124153f2	5			no					-1	-1	-1	-2	-2	
479	477	6681e579aaf9c8de	5			yes					-1	-1	-1	-1	-1	
480	477	5f6fae863b13e466	5			yes					-1	-1	-1	-1	-1	
481	477	674e35d9460d5cfc	5			yes					-1	-1	-1	-1	482	
482	481	411f4b64b61dae22	4			yes					-1	-1	-1	-1	
483	477	100f158e5ab92d6a	5			yes					-1	-1	-1	-1	-1	
484	466	3d143fbe8164d0a5	6			yes					-1	485	-1	-1	486	487	
485	484	045133961e7bde79	5			yes					-1	-1	-1	-1	-1	
486	484	6c0461546dc053ed	5			yes					-1	-1	-1	-1	-1	
487	484	1b4541037174227b	5			yes					-1	-1	-1	-1	-1	
488	466	0535a4e1fc7a683f	6			yes					-1	-1	-1	-1	-1	489	
489	488	2364da5c0c6a9ae1	5			yes					-1	-1	-1	-1	-1	
490	466	727484b6e0ce19a9	6			yes					-1	-1	-1	-1	-1	-1	
491	316	89506bc7e88f23c2	5			yes					-1	-1	-1	-1	492	
492	491	ecfe81143278222e	6			yes					493	494	495	496	-1	497	
493	492	ad4a8da78a90ae68	5			yes					-1	-1	-1	-1	-1	
494	492	d5bb8d3cad672cf2	5			yes					-1	-1	-1	-1	-1	
495	492	bc210f5e32283544	5			yes					-1	-1	-1	-1	-1	
496	492	013a39e560f88bb0	5			yes					-1	-1	-1	-1	-1	
497	492	d4250bc7aa6ce004	5			yes					-1	-1	-1	-1	-1	
498	316	e13d01f5117d316d	5			yes					-1	-1	-1	-1	-1	
499	315	fe966bca0ee2c0e3	6			yes					-1	500	542	579	611	619	
500	499	7957076ca3aba226	5			yes					-1	501	510	523	527	
501	500	9d99297d0c1e256f	6			yes					502	-1	504	506	508	509	
502	501	c60a98ab13976934	5			yes					-1	-1	503	-1	-1	
503	502	237e5b299be2a6db	4			yes					-1	-1	-1	-1	
504	501	2f1b98f747a2154e	5			yes					-1	-1	-1	-1	-1	
505	504	ca6f5b75cfd7daa1	4			yes					-1	-1	-1	-1	
506	501	78edeaff846bea80	5			yes					-1	-1	-1	507	-1	
507	506	5472488281b06766	4			yes					-1	-1	-1	-1	
508	501	b1068b0009c5a889	5			yes					-1	-1	-1	-1	-1	
509	501	5cc8a9a817ceef49	5			yes					-1	-1	-1	-1	-1	
510	500	07ac7f6a85bb2022	6			yes					511	-1	514	517	520	522	
511	510	5c3fcebc9a326c79	5			yes					-1	512	-1	513	-1	
512	511	3e445f84204558ba	4			yes					-1	-1	-1	-1	
513	511	0d2f90567696ef31	4			yes					-1	-1	-1	-1	
514	510	65d7ee523fcc14e1	5			yes					-1	-1	-1	515	516	
515	514	34c7b0b8d36897a9	4			yes					-1	-1	-1	-1	
516	514	140f37642490b8fd	4			yes					-1	-1	-1	-1	
517	510	6e9dbadf14011bf0	5			yes					-1	-1	-1	518	519	
518	517	3f8de435f8a598b8	4			yes					-1	-1	-1	-1	
519	517	1f4563e90f5db7ec	4			yes					-1	-1	-1	-1	
520	510	56bc2180691fa36a	5			yes					-1	-1	-1	-1	521	
521	520	2764f8b672430f76	4			yes					-1	-1	-1	-1	
522	510	7674a65c9ee78c3e	5			yes					-1	-1	-1	-1	-1	
523	500	8a769a239787594b	5			yes					524	-1	525	-1	526	
524	523	d1e52bf5880e1510	4			yes					-1	-1	-1	-1	
525	523	67b222d2c507f0d5	4			yes					-1	-1	-1	-1	
526	523	d025292dd4457593	4			yes					-1	-1	-1	-1	
527	500	ce33eca606fbb127	6			yes					528	-1	532	536	539	541	
528	527	95a05d701972fd7c	5			yes					-1	-1	529	530	531	
529	528	70d49ef291073293	4			yes					-1	-1	-1	-1	
530	528	b93fff0d1ca9709a	4			yes					-1	-1	-1	-1	
531	528	5392c4e39929a7ab	4			yes					-1	-1	-1	-1	
532	527	23f75457547b18b9	5			yes					-1	-1	533	534	535	
533	532	c68397d5dc0ed756	4			yes					-1	-1	-1	-1	
534	532	0f68f62a51a0955f	4			yes					-1	-1	-1	-1	
535	532	e5c5cdc4d420426e	4			yes					-1	-1	-1	-1	
536	527	2b472f248e8e7ec8	5			yes					-1	-1	-1	537	538	
537	536	07d88d598b55f32e	4			yes					-1	-1	-1	-1	
538	536	ed75b6b70ed5241f	4			yes					-1	-1	-1	-1	
539	527	e2ac4edb03203cc1	5			yes					-1	-1	-1	-1	540	
540	539	249ed748837b6616	4			yes					-1	-1	-1	-1	
541	527	0801753586a0ebf0	5			yes					-1	-1	-1	-1	-1	
542	499	633bd25e060b6cba	5			yes					-1	-1	543	553	557	
543	542	77efb46eacc91209	6			yes					544	547	548	550	551	552	
544	543	2c7c05b8b3405e52	5			yes					-1	545	-1	546	-1	
545	544	08677e466da10d35	4			yes					-1	-1	-1	-1	
546	544	00e3a7c5b69bd3b4	4			yes					-1	-1	-1	-1	
547	543	0d4fcb9f10936149	5			yes					-1	-1	-1	-1	-1	
548	543	53f4cf907228416e	5			yes					-1	-1	-1	549	-1	
549	548	7f6b6ded77f3cc88	4			yes					-1	-1	-1	-1	
550	543	e8e6977163392bbc	5			yes					-1	-1	-1	-1	-1	
551	543	5b701613a9129fef	5			yes					-1	-1	-1	-1	-1	
552	543	b6be34bbb719d82f	5			yes					-1	-1	-1	-1	-1	
553	542	fc368abaaa07acef	6			yes					554	-1	555	-1	-1	556	
554	553	a7a53b6cb58ee0b4	5			yes					-1	-1	-1	-1	-1	
555	553	d82df14474e6ff88	5			yes					-1	-1	-1	-1	-1	
556	553	a66539b4e9c58037	5			yes					-1	-1	-1	-1	-1	
557	542	b873fc3f3b7b4483	7			yes					558	562	564	569	573	576	578	
558	557	e3e04de924f208d8	6			yes					-1	559	-1	560	-1	561	
559	558	c7fb3617fa135bbf	5			yes					-1	-1	-1	-1	-1	
560	558	06948e6bac87c737	5			yes					-1	-1	-1	-1	-1	
561	558	25d2d47aa4a9520f	5			yes					-1	-1	-1	-1	-1	
562	557	c2d383ce872137c3	6			yes					-1	-1	-1	563	-1	-1	
563	562	27a7404c0f54f82c	5			yes					-1	-1	-1	-1	-1	
564	557	9c6887c1e59a17e4	6			yes					-1	-1	565	566	567	568	
565	564	2eea364bae2627c5	5			yes					-1	-1	-1	-1	-1	
566	564	791c44436defd80b	5			yes					-1	-1	-1	-1	-1	
567	564	b0f725bce0419a02	5			yes					-1	-1	-1	-1	-1	
568	564	5a5a1e5265c14d33	5			yes					-1	-1	-1	-1	-1	
569	557	0af14db570c774a2	6			yes					-1	-1	-1	570	571	572	
570	569	ef858e37f8b2bb4d	5			yes					-1	-1	-1	-1	-1	
571	569	266eefc8751cf944	5			yes					-1	-1	-1	-1	-1	
572	569	ccc3d426f09c2e75	5			yes					-1	-1	-1	-1	-1	
573	557	5d073fbdb30e8b6c	6			yes					-1	-1	-1	-1	574	575	
574	573	71989dc0b6d5068a	5			yes					-1	-1	-1	-1	-1	
575	573	9b35a62e3355d1bb	5			yes					-1	-1	-1	-1	-1	
576	557	94ec5e423ea0c965	6			yes					-1	-1	-1	-1	-1	577	
577	576	52dec7d1befb93b2	5			yes					-1	-1	-1	-1	-1	
578	557	7e4165acbb201e54	6			yes					-1	-1	-1	-1	-1	-1	
579	499	89f75f3d8151407f	5			yes					-1	-1	-1	580	586	
580	579	336c00e3a9ab621a	6			yes					581	-1	582	583	-1	585	
581	580	68ffb135b6222e41	5			yes					-1	-1	-1	-1	-1	
582	580	63b38ea9a9fb7570	5			yes					-1	-1	-1	-1	-1	
583	580	511791db13dc56d9	5			yes					-1	-1	-1	-1	584	
584	583	ee42e73d9fef44b3	4			yes					-1	-1	-1	-1	
585	580	8c39760525987070	5			yes					-1	-1	-1	-1	-1	
586	579	0de734b794fa56f6	7			yes					587	591	596	600	605	608	610	
587	586	567485618b731aad	6			yes					-1	-1	588	-1	589	590	
588	587	340f145931042e6e	5			yes					-1	-1	-1	-1	-1	
589	587	0764db8b67d799e5	5			yes					-1	-1	-1	-1	-1	
590	587	7025fbdc7b63e873	5			yes					-1	-1	-1	-1	-1	
591	586	77474b4628a025b6	6			yes					-1	592	593	-1	594	595	
592	591	2798c50c28f032dc	5			yes					-1	-1	-1	-1	-1	
593	591	153cda7e92d71175	5			yes					-1	-1	-1	-1	-1	
594	591	265715acc404a6fe	5			yes					-1	-1	-1	-1	-1	
595	591	511635fbd8b0d768	5			yes					-1	-1	-1	-1	-1	
596	586	5d38bafd94aa419c	6			yes					-1	-1	597	-1	598	599	
597	596	3f432bc52edd755f	5			yes					-1	-1	-1	-1	-1	
598	596	0c28e417780ec2d4	5			yes					-1	-1	-1	-1	-1	
599	596	7b69c44064bab342	5			yes					-1	-1	-1	-1	-1	
600	586	6f9ca58f2e8d6235	6			yes					-1	-1	-1	601	602	604	
601	600	06ad603abf3759e7	5			yes					-1	-1	-1	-1	-1	
602	600	3e8cfb65c229e17d	5			yes					-1	-1	-1	-1	603	
603	602	18dd85d8323913a3	4			yes					-1	-1	-1	-1	
604	600	49cddb32de9d90eb	5			yes					-1	-1	-1	-1	-1	
605	586	64d6f10205406d24	6			yes					-1	-1	-1	-1	606	607	
606	605	35c6afe8e9e4ee6c	5			yes					-1	-1	-1	-1	-1	
607	605	42878fbff5509ffa	5			yes					-1	-1	-1	-1	-1	
608	586	5cf76a5d785ed5be	6			yes					-1	-1	-1	-1	-1	609	
609	608	7aa614e0884e2760	5			yes					-1	-1	-1	-1	-1	
610	586	2bb64a0a64eaa428	6			yes					-1	-1	-1	-1	-1	-1	
611	499	6e1921b5842422d6	5			yes					-1	-1	-1	-1	612	
612	611	b53c4fa8b65c9faf	6			yes					613	614	615	616	-1	618	
613	612	eeaffe7ea9d5d3f4	5			yes					-1	-1	-1	-1	-1	
614	612	cf9c30590a06ecef	5			yes					-1	-1	-1	-1	-1	
615	612	e5e3c1e2b60c88c5	5			yes					-1	-1	-1	-1	-1	
616	612	58f8f759e4dc3631	5			yes					-1	-1	-1	-1	-1	
617	612	a4f3724f691743c5	5			no					-1	-1	-1	-1	-2	
618	612	8de7c57b2e485d85	5			yes					-1	-1	-1	-1	-1	
619	499	06744b877dd63079	5			yes					-1	-1	-1	-1	-1	
620	315	65e8ad2312033f7e	6			no					-1	-1	621	653	689	697	
621	620	f84514b71aea9327	5			yes					-1	-1	622	634	638	
622	621	478a48a0992406db	6			yes					623	626	-1	628	631	633	
623	622	1c19f97686ad4a80	5			yes					624	-1	-1	625	-1	
624	623	bd8243a603557778	4			yes					-1	-1	-1	-1	
625	623	4d09a79c6a09c9c8	4			yes					-1	-1	-1	-1	
626	622	e611f2701cdc3b23	5			yes					-1	-1	-1	627	-1	
627	626	b701ac9af078b86b	4			yes					-1	-1	-1	-1	
628	622	2ebb8d15089e3d09	5			yes					-1	-1	-1	629	630	
629	628	7fabd3ffe43abe41	4			yes					-1	-1	-1	-1	
630	628	5f63542313c29115	4			yes					-1	-1	-1	-1	
631	622	169a164a75808593	5			yes					-1	-1	-1	-1	632	
632	631	6742cf7c6edc298f	4			yes					-1	-1	-1	-1	
633	622	365291968278aac7	5			yes					-1	-1	-1	-1	-1	
634	621	76037ec5a61a85a7	5			yes					635	636	-1	-1	637	
635	634	2d90cf13b993c9fc	4			yes					-1	-1	-1	-1	
636	634	d798c41523e2b85f	4			yes					-1	-1	-1	-1	
637	634	2c50cdcbe5d8a97f	4			yes					-1	-1	-1	-1	
638	621	3246084037666dcb	6			yes					639	643	-1	647	650	652	
639	638	69d5b99628ef2190	5			yes					-1	-1	640	641	642	
640	639	8ca17a14a09aee7f	4			yes					-1	-1	-1	-1	
641	639	454a1beb2d34ac76	4			yes					-1	-1	-1	-1	
642	639	afe72005a8b47b47	4			yes					-1	-1	-1	-1	
643	638	93ddb290b29e5033	5			yes					-1	-1	644	645	646	
644	643	76a971123aeb9fdc	4			yes					-1	-1	-1	-1	
645	643	bf4210edb745ddd5	4			yes					-1	-1	-1	-1	
646	643	55ef2b0332c50ae4	4			yes					-1	-1	-1	-1	
647	638	d732cbc2bf13a224	5			yes					-1	-1	-1	648	649	
648	647	fbad69bfbac82fc2	4			yes					-1	-1	-1	-1	
649	647	110052513f48f8f3	4			yes					-1	-1	-1	-1	
650	638	1ed9aa3d32bde02d	5			yes					-1	-1	-1	-1	651	
651	650	d8eb33aeb2e6bafa	4			yes					-1	-1	-1	-1	
652	638	f47491d3b73d371c	5			yes					-1	-1	-1	-1	-1	
653	620	128999d49db0bfe2	5			yes					-1	-1	-1	654	663	
654	653	3866258d5d1a596a	6			yes					655	657	659	660	-1	662	
655	654	63f5945b42931531	5			yes					-1	-1	-1	-1	656	
656	655	dca0e2bdcea0075b	4			yes					-1	-1	-1	-1	
657	654	99fd9f5dd8e26492	5			yes					-1	-1	-1	-1	658	
658	657	26a8e9bb54d176f8	4			yes					-1	-1	-1	-1	
659	654	b8884b8890593bc8	5			yes					-1	-1	-1	-1	-1	
660	654	5a1db4b5e76d6da9	5			yes					-1	-1	-1	-1	661	
661	660	e548c2536b5e7fc3	4			yes					-1	-1	-1	-1	
662	654	8733536bd1294b00	5			yes					-1	-1	-1	-1	-1	
663	653	06ed11d9604b6d86	7			yes					664	668	672	676	681	686	688	
664	663	5d7ea00f7fc221dd	6			yes					-1	-1	665	-1	666	667	
665	664	3f053137c5b5151e	5			yes					-1	-1	-1	-1	-1	
666	664	0c6efee59366a295	5			yes					-1	-1	-1	-1	-1	
667	664	7b2fdeb28fd2d303	5			yes					-1	-1	-1	-1	-1	
668	663	a776ab09e5b3507e	6			yes					-1	-1	669	-1	670	671	
669	668	c50d3a315fc464bd	5			yes					-1	-1	-1	-1	-1	
670	668	f666f5e30917d336	5			yes					-1	-1	-1	-1	-1	
671	668	8127d5b415a3a2a0	5			yes					-1	-1	-1	-1	-1	
672	663	86037fdcad080f24	6			yes					-1	-1	673	-1	674	675	
673	672	e478eee4177f3be7	5			yes					-1	-1	-1	-1	-1	
674	672	d713213641ac8c6c	5			yes					-1	-1	-1	-1	-1	
675	672	a05201615d18fdfa	5			yes					-1	-1	-1	-1	-1	
676	663	649680e1da3c5945	6			yes					-1	-1	-1	677	678	680	
677	676	0da745544b866297	5			yes					-1	-1	-1	-1	-1	
678	676	3586de0b3698da0d	5			yes					-1	-1	-1	-1	679	
679	678	13d7a0b6c68828d3	4			yes					-1	-1	-1	-1	
680	676	42c7fe5c2a2cab9b	5			yes					-1	-1	-1	-1	-1	
681	663	6fdcd46cf1f15654	6			yes					682	683	-1	-1	684	685	
682	681	344f65baee781a0f	5			yes					-1	-1	-1	-1	-1	
683	681	ce476ebc74096bac	5			yes					-1	-1	-1	-1	-1	
684	681	3ecc8a861d55d51c	5			yes					-1	-1	-1	-1	-1	
685	681	498daad101e1a48a	5			yes					-1	-1	-1	-1	-1	
686	663	57fd4f338cefeece	6			yes					-1	-1	-1	-1	-1	687	
687	686	71ac318e7cff1c10	5			yes					-1	-1	-1	-1	-1	
688	663	20bc6f64905b9f58	6			yes					-1	-1	-1	-1	-1	-1	
689	620	f567e75c98c5dd4b	5			yes					-1	-1	-1	-1	690	
690	689	be366ac642eda4df	6			yes					691	692	693	694	695	696	
691	690	e5a5db105d64e884	5			yes					-1	-1	-1	-1	-1	
692	690	1fadd016c7159927	5			yes					-1	-1	-1	-1	-1	
693	690	3ed804c38faec67d	5			yes					-1	-1	-1	-1	-1	
694	690	53f2d237106d0d41	5			yes					-1	-1	-1	-1	-1	
695	690	aff957219da678b5	5			yes					-1	-1	-1	-1	-1	
696	690	86ede015daf966f5	5			yes					-1	-1	-1	-1	-1	
697	620	9d0a8d6e6137cfe4	5			no					-1	-1	-2	-2	-2	
