Number of nodes
193
ID	PID	Hash_Value			File_Number	Fully_Enumerated	Children
0	-1	fe4f997ed5f02109	7			no					1	-2	-2	-2	-2	-2	-2	
1	0	a3fbeb82cb9fd965	6			no					150	-2	-2	-2	-2	-2	
2	1	69ca22de3140925f	6			no					3	-2	-2	-2	-2	-2	
3	2	817fa0acfe825acd	5			no					70	-2	-2	-2	-2	
4	3	da2f70ee42e21c50	5			no					132	-2	-2	-2	-2	
5	4	4e6617741c5fef86	4			no					6	64	-2	-2	
6	5	f4fcb88c354960ef	6			yes					7	15	21	-1	25	27	
7	6	3477593c4852197f	5			yes					-1	-1	-1	8	10	
8	7	fb413cfbb49c7828	4			yes					-1	-1	-1	9	
9	8	1d6ba3470b626747	3			yes					-1	-1	-1	
10	7	d25dc680f7ac0610	4			yes					-1	-1	-1	-1	
11	3	de299d45ab954904	6			no					12	-2	-2	-2	-2	-2	
12	11	271836ba3efe234e	5			no					144	-2	-2	-2	-2	
13	12	bd608c7a995f6aa1	5			yes					14	88	114	129	-1	
14	13	fe9aab8773b87244	4			yes					-1	-1	-1	-1	
15	6	d21f33605f2ab2ab	5			yes					-1	-1	-1	17	19	
16	15	1294d2d02231cb3b	4			no					-1	-1	-2	-2	
17	15	1d2956a7a3e4d3fc	4			yes					-1	-1	-1	18	
18	17	fb03c91b1c1acc93	3			yes					-1	-1	-1	
19	15	3435acdce0d4adc4	4			yes					-1	-1	-1	-1	
20	19	f4be4d6c9dcfd454	3			no					-1	-1	-2	
21	6	516e390285b45de5	5			yes					-1	-1	-1	22	24	
22	21	9e585cc5797a3cb2	4			yes					-1	-1	-1	23	
23	22	7872c379c68423dd	3			yes					-1	-1	-1	
24	21	b744a6be3a4a428a	4			yes					-1	-1	-1	-1	
25	6	3bcadd4bc98701b8	5			yes					-1	-1	-1	-1	26	
26	25	dde042f776791ed7	4			yes					-1	-1	-1	-1	
27	6	12d627308ab77f80	5			yes					-1	-1	-1	-1	-1	
28	5	113ffdd2cef4fe95	6			yes					29	37	39	-1	43	51	
29	28	d1b41c62b3ef8705	5			yes					-1	30	-1	-1	35	
30	29	dcc298a6cef470f4	4			yes					-1	-1	-1	31	
31	30	3ae8071a710a6f9b	3			yes					-1	-1	-1	
32	29	d5c70552fdab9ba6	4			no					-1	-1	-1	-1	
33	32	d8b1819680b06c57	3			yes					-1	-1	34	
34	33	3e9b1e2a3f4e7338	2			yes					-1	-1	
35	29	379e83de0c11986a	4			yes					-1	-1	-1	36	
36	35	33ed9aee425584c9	3			yes					-1	-1	-1	
37	28	5bf1a9eba3fed370	4			yes					-1	-1	-1	38	
38	37	bddb36571c00cc1f	3			yes					-1	-1	-1	
39	28	1c497916b3ef0964	5			yes					-1	-1	-1	40	42	
40	39	183a6026fdab15c7	4			yes					-1	-1	-1	41	
41	40	fe10ff9a42550aa8	3			yes					-1	-1	-1	
42	39	fa63e6aa0c11160b	4			yes					-1	-1	-1	-1	
43	28	154ce4e280b0e236	5			yes					-1	-1	-1	-1	47	
44	5	38ead875f1c8c490	7			yes					45	95	98	103	116	124	-1	
45	44	79a30dd4091f56bc	6			yes					46	-1	82	-1	-1	-1	
46	45	1894f38b9ca85a61	5			yes					-1	52	-1	-1	-1	
47	43	f3667b5e3f4efd59	4			yes					-1	-1	-1	-1	
48	5	3205946956b37be7	6			yes					49	59	79	-1	83	-1	
49	48	3d6beca71a9c1c5c	5			yes					50	53	-1	-1	-1	
50	49	94c81666966881f8	4			yes					-1	-1	-1	-1	
51	28	f715626e710ae1fa	5			yes					-1	-1	-1	-1	-1	
52	46	0b13e87917f8fe2f	4			yes					-1	-1	-1	-1	
53	49	745bda137b571052	4			yes					-1	-1	-1	-1	
54	12	505f9299b8cab8d7	8			no					55	-2	-2	-2	-2	-2	-2	-2	
55	54	a9800ab6553d0e0e	7			no					56	-2	-2	-2	-2	-2	-2	
56	55	5688e6749cd55170	6			no					57	-1	-1	-1	-1	166	
57	56	524f7dfe998cf4ad	5			yes					-1	-1	-1	-1	128	
58	49	7507c81f9421fcd7	3			no					-1	-2	-1	
59	48	9ba66ea8da47e643	5			yes					-1	63	-1	69	-1	
60	12	2a922952268d6226	6			yes					61	93	111	113	137	-1	
61	60	cf6c6d5272b6b20b	5			yes					62	-1	-1	-1	-1	
62	61	d34d21efd621eeda	4			yes					-1	-1	-1	-1	
63	59	d296581cbb8cea4d	4			yes					-1	-1	-1	-1	
64	5	81950a572b532ebb	8			no					65	-2	-2	-2	-2	-2	-2	-2	
65	64	00ea34ce9f7150da	7			no					66	148	170	192	-2	-2	-2	
66	65	0eb6334610aa543f	6			yes					-1	-1	-1	-1	-1	135	
67	66	2bd651ba9501b582	5			no					-1	-1	-1	-1	68	
68	67	6ba398c9dc5761e7	4			yes					-1	-1	-1	-1	
69	59	6413525539059645	4			yes					-1	-1	-1	-1	
70	3	a3e982630371e9aa	6			no					71	-2	-2	-2	-2	-2	
71	70	b706c55c136653ad	5			no					72	-2	-2	-2	-2	
72	71	26f7153e276994a3	4			no					100	-2	-2	-2	
73	72	f557f99fc897a75b	9			no					74	-2	-2	-2	-2	-2	-2	-2	-2	
74	73	47c7f5e8fb776481	8			no					75	-2	-2	-2	-2	-2	-2	-2	
75	74	054628784d8bd6ef	7			no					-1	106	-2	-2	-2	-2	-2	
76	12	61f4ddd132ca36c5	7			no					77	167	-1	183	-2	-2	-2	
77	76	b3244156ace78168	6			yes					78	-1	136	-1	-1	163	
78	77	411796664448e20c	5			yes					-1	-1	-1	-1	97	
79	48	7b35a2dd377877e9	5			yes					-1	-1	-1	-1	-1	
80	79	eea1a6b74e661a94	4			no					-1	-1	-2	-2	
81	79	14c183fbb5cb43af	7			no					-1	-1	-1	-1	-1	-1	-2	
82	45	6a241626824ff2f2	5			yes					-1	85	-1	-1	-1	
83	48	cdb0a894b5f10be1	5			yes					84	-1	-1	-1	86	
84	83	c2ded05af9de6c5a	4			yes					-1	-1	-1	-1	
85	82	297982193391498b	4			yes					-1	-1	-1	-1	
86	83	7a69b0d1d80e9b6c	4			yes					-1	87	-1	-1	
87	86	d3ca4a1054fa06c8	3			yes					-1	-1	-1	
88	13	e3b0ed781aa5d1e1	6			yes					-1	-1	-1	-1	-1	108	
89	61	64767c14d7482703	4			no					-1	-1	-1	-2	
90	72	c9fb1560ebf702c5	8			no					91	-2	-2	-2	-2	-2	-2	-2	
91	90	d19908c9b2225b2f	7			no					92	188	-2	-2	-2	-2	-2	
92	91	518172d645e9c310	6			yes					-1	-1	-1	-1	-1	140	
93	60	36b365ef821a3ef7	5			yes					-1	-1	99	-1	-1	
94	45	f6eaf2129a23170a	4			no					-1	-2	-2	-1	
95	44	59dd262a647fc84d	6			yes					-1	-1	96	-1	-1	-1	
96	95	4a5a3dd8ef2f6c03	5			yes					-1	-1	-1	-1	-1	
97	78	01625f150d1e3669	4			yes					-1	-1	-1	-1	
98	44	683057b8cb46dba7	5			yes					-1	-1	-1	-1	-1	
99	93	9da974a927e4abff	4			yes					-1	-1	-1	-1	
100	72	5fa10a5799bae716	8			no					101	-2	-2	-2	-2	-2	-2	-2	
101	100	092e7572f99358ce	7			no					102	130	-1	-1	-1	-1	191	
102	101	28d022a6cc9cb597	6			yes					-1	-1	-1	-1	-1	126	
103	44	2b6dc3877a9860de	6			yes					-1	-1	-1	104	110	-1	
104	103	ec6a40074f82643e	5			yes					-1	-1	-1	-1	-1	
105	104	ad2395a6b755f612	4			yes					-1	-1	-1	-1	
106	75	008cd787125f37b5	6			no					-1	-1	-2	-1	-2	-2	
107	104	8d5dbe58da3568e3	4			no					-1	-1	-1	-2	
108	88	024f0de661566d22	5			yes					-1	-1	-1	-1	-1	
109	104	af37d438fe5cdf47	4			no					-1	-1	-2	-2	
110	103	202941db24fb1352	5			yes					-1	-1	-1	-1	112	
111	60	7696f77b6390cd4a	4			yes					-1	-1	-1	-1	
112	110	a4243c41e9a42168	4			yes					-1	-1	-1	-1	
113	60	818838148373f72e	5			yes					-1	-1	-1	121	-1	
114	13	9f44ee40c345ca49	4			yes					-1	-1	-1	-1	
115	114	dcbec9bd29a2d2ac	3			no					-1	-1	-2	
116	44	ffed5bf5c4d2c070	6			yes					117	-1	-1	-1	-1	-1	
117	116	bea48e543c05525c	5			yes					-1	-1	-1	-1	-1	
118	116	9edaa5aa5165ccad	5			no					-1	-1	-2	-1	-2	
119	12	a4560651296cfa1e	5			no					120	-1	-2	-2	-2	
120	119	268ac49a3ed852a1	4			yes					-1	142	-1	-1	
121	113	8accba48dd1084a2	4			yes					-1	-1	-1	123	
122	116	f4a9d9a99ab1b3fc	5			no					-1	-2	-2	-2	-2	
123	121	0ec1c7d2104fb698	3			yes					-1	-1	-1	
124	44	33ae5a29afabb71c	6			yes					125	127	-1	-1	-1	131	
125	124	72e78f88577c2530	5			yes					-1	-1	-1	-1	-1	
126	102	68a5ebd585ca61f2	5			yes					-1	-1	-1	-1	-1	
127	124	5299a4763a1cbbc1	5			yes					-1	-1	-1	-1	-1	
128	57	148ae53137431a6d	4			yes					-1	-1	-1	-1	
129	13	42d5b0877a1d1aa7	4			yes					-1	-1	-1	138	
130	101	f272316852621f96	6			yes					-1	-1	-1	-1	-1	169	
131	124	b7a327b362f48526	5			yes					-1	-1	-1	-1	-1	
132	4	3afc5339c9afee4d	8			no					133	-2	-2	-2	-2	-2	-2	-2	
133	132	7bb5869831787c61	7			no					134	190	-2	-2	-2	-2	-2	
134	133	1a8278c7a4cf70bc	6			yes					-1	149	-1	-1	-1	-1	
135	66	4ec3fa3559fc805a	5			yes					-1	-1	-1	-1	-1	
136	77	20dfd7720d5bc8e9	5			yes					-1	-1	-1	-1	143	
137	60	21d6ab0e78ee11aa	5			yes					-1	-1	-1	-1	139	
138	129	8fc04ad3f45641c5	6			yes					-1	-1	-1	-1	-1	-1	
139	137	a5dbd694b5b12390	4			yes					-1	-1	-1	-1	
140	92	1744ea19eb262dd0	5			yes					-1	-1	-1	-1	-1	
141	135	1cb9b6492d32c69b	4			no					-1	-1	-1	-2	
142	120	d0312405960e38c8	3			yes					-1	-1	-1	
143	136	60aa1e01440d1c8c	4			yes					-1	-1	-1	-1	
144	12	c363003adfe276c0	8			no					145	-2	-2	-2	-2	-2	-2	-2	
145	144	b69bf46ffd686b9f	7			no					146	-2	-2	-2	-2	-2	-2	
146	145	1a883521eb9a8fa5	6			no					147	-2	-2	-2	-2	-2	
147	146	601394987dabb31f	5			no					-1	-1	-1	-2	-2	
148	65	258a56321adab167	6			yes					-1	-1	-1	-1	-1	164	
149	134	6129be7c73237824	5			yes					-1	-1	-1	-1	-1	
150	1	3352ae8c85a7328f	6			no					151	-2	-2	-2	-2	-2	
151	150	d52812e26fcd4343	5			no					157	-2	-2	-2	-2	
152	151	1490ef09ddb4c7d4	6			no					153	-2	-2	-2	-2	-2	
153	152	2bc071bd8ccd100d	5			no					154	-2	-2	-2	-2	
154	153	f6e8f7f72eca6ea8	7			no					155	-2	-2	-2	-2	-2	-2	
155	154	2e316828f1b91788	6			no					156	-2	-2	-2	-2	-2	
156	155	3f6ad684de7e33bc	5			no					-1	-2	-2	-2	-2	
157	151	bf2f7aff380abd74	4			no					175	-2	-2	-2	
158	157	f6fb3e0010a5fb46	5			no					159	-2	-2	-2	-2	
159	158	c9aba0b441dc2c9f	4			no					184	-2	-2	-2	
160	159	914c881df9fb95c9	9			no					161	-2	-2	-2	-2	-2	-2	-2	-2	
161	160	23dc846aca1b5613	8			no					162	-2	-2	-2	-2	-2	-2	-2	
162	161	7aa9d93f1a85b3f7	7			no					-1	-2	-1	-2	-1	-2	-2	
163	77	f3518825e5b1550d	5			yes					-1	-1	-1	-1	-1	
164	148	65ff9f41538c6502	5			yes					-1	165	-1	-1	-1	
165	164	3785d33d274223c3	4			yes					-1	-1	-1	-1	
166	56	104d7ebb321abfb0	5			yes					-1	-1	-1	-1	-1	
167	76	93c70ae1da6555a1	6			yes					-1	-1	168	-1	-1	173	
168	167	003c9cc57bd91c20	5			yes					-1	-1	-1	-1	172	
169	130	b207f81b1b34cbf3	5			yes					-1	-1	-1	-1	-1	
170	65	529078b2ebbf161b	6			yes					-1	174	-1	-1	-1	187	
171	170	5ccc7f3a646412fe	5			no					-1	-1	-1	-1	-2	
172	168	404955b6328fc845	4			yes					-1	-1	-1	-1	
173	167	d3b2c392933381c4	5			yes					-1	-1	-1	-1	-1	
174	170	77f01a4e6e14f7a6	5			yes					-1	-1	-1	-1	-1	
175	157	53801dde0aaa3334	5			no					176	-2	-2	-2	-2	
176	175	9ed0f7f235b140fe	4			no					177	-2	-2	-2	
177	176	6b1783fa801f6d19	6			no					178	-2	-2	-2	-2	-2	
178	177	8ee9c7fad424bd34	5			no					179	-2	-2	-2	-2	
179	178	a1e1abd84d1efd50	4			no					-1	-2	-2	-2	
180	159	3cfd9ecfb06acf26	8			no					181	-2	-2	-2	-2	-2	-2	-2	
181	180	e42401106f19b606	7			no					-1	-2	-2	-2	-2	-2	-2	
182	181	f57fbfbc40de9232	6			no					-1	-1	-1	-1	-1	-2	
183	76	f20f4bf593767f44	6			yes					-1	-1	-1	-1	-1	189	
184	159	8f03e36b032e57b4	3			no					185	-2	-2	
185	184	36c62d70ec251c54	7			no					186	-2	-2	-2	-2	-2	-2	
186	185	2ea430d9b5f045be	6			no					-1	-1	-2	-2	-2	-2	
187	170	12e5b1c1a2e9c27e	5			yes					-1	-1	-1	-1	-1	
188	91	f8e7bca87358b09c	6			no					-1	-1	-1	-1	-1	-2	
189	183	b27a8286da20ab21	5			yes					-1	-1	-1	-1	-1	
190	133	4343d41c574acf80	5			no					-1	-1	-2	-2	-2	
191	101	495bbc01b0c58cab	6			no					-1	-1	-1	-2	-2	-2	
192	65	568fa8cb285af13e	5			no					-1	-2	-1	-2	-2	
