Number of nodes
476
ID	PID	Hash_Value			File_Number	Fully_Enumerated	Children
0	-1	156fd9829a6d92c3	6			yes					1	151	280	369	431	475	
1	0	f85a64bd86827395	5			yes					2	54	80	100	115	
2	1	2bab0151e20fb7b8	5			yes					3	11	30	42	53	
3	2	a59a87ad3a09356c	4			yes					4	5	6	7	
4	3	f96bdbb0ad252030	4			yes					-1	-1	-1	-1	
5	3	b7a0aa6ccc07a567	4			yes					-1	-1	-1	-1	
6	3	abbdbf6a9de222f8	4			yes					-1	-1	-1	-1	
7	3	18916a12fe97a0d0	3			yes					8	9	10	
8	7	882fdb0e4028af10	4			yes					-1	-1	-1	-1	
9	7	9dbbd91173ce521e	4			yes					-1	-1	-1	-1	
10	7	ef62ab5b5ee3c96b	5			yes					-1	-1	-1	-1	-1	
11	2	fa1363d10e70d41a	4			yes					-1	12	19	23	
12	11	926cf0e2f3cb4df0	5			yes					13	15	16	17	18	
13	12	0544c537ddfa4dbf	4			yes					14	-1	-1	-1	
14	13	dd50e62f2fe33709	3			yes					-1	-1	-1	
15	12	4a78d3fa01d23746	4			yes					-1	-1	-1	-1	
16	12	7ed7b9222880b751	4			yes					-1	-1	-1	-1	
17	12	b6573d31584abcef	4			yes					-1	-1	-1	-1	
18	12	87bc92deace27147	4			yes					-1	-1	-1	-1	
19	11	2ef4b999517e5dea	5			yes					20	21	-1	-1	22	
20	19	b9dc8c4c7f4f5da5	4			yes					-1	-1	-1	-1	
21	19	f6e09a81a367275c	4			yes					-1	-1	-1	-1	
22	19	980f9dcdfa59cdba	4			yes					-1	-1	-1	-1	
23	11	fa25bd1476475d98	5			yes					24	26	27	28	29	
24	23	6d0d88c158765dd7	4			yes					25	-1	-1	-1	
25	24	b519abd9aa6f2761	3			yes					-1	-1	-1	
26	23	22319e0c845e272e	4			yes					-1	-1	-1	-1	
27	23	0807198cc4c8e91f	4			yes					-1	-1	-1	-1	
28	23	e9b6a18d9cfb920f	4			yes					-1	-1	-1	-1	
29	23	ae8daecc841b01e9	4			yes					-1	-1	-1	-1	
30	2	0ad408fd85d7ed96	4			yes					-1	-1	31	36	
31	30	0c0ea38cb16f541c	5			yes					32	33	34	-1	35	
32	31	9b2696599f5e5453	4			yes					-1	-1	-1	-1	
33	31	d41a809443762eaa	4			yes					-1	-1	-1	-1	
34	31	bb759086e6f9be72	4			yes					-1	-1	-1	-1	
35	31	c961f7648bbf6bc8	4			yes					-1	-1	-1	-1	
36	30	35381d52e505aa8e	5			yes					37	39	40	-1	41	
37	36	a2102887cb34aac1	4			yes					38	-1	-1	-1	
38	37	7a040b9f392dd077	3			yes					-1	-1	-1	
39	36	ed2c3e4a171cd038	4			yes					-1	-1	-1	-1	
40	36	82432e58b29340e0	4			yes					-1	-1	-1	-1	
41	36	33dbbb001f4dfddd	4			yes					-1	-1	-1	-1	
42	2	c3fd006f973f2ee4	4			yes					-1	-1	-1	43	
43	42	47e16f18c82831fb	6			yes					44	46	48	50	-1	52	
44	43	d0c95acde61931b4	5			yes					-1	-1	-1	-1	45	
45	44	2af935555b483221	4			yes					-1	-1	-1	-1	
46	43	9ff54c003a314b4d	5			yes					-1	-1	-1	-1	47	
47	46	65c52398876048d8	4			yes					-1	-1	-1	-1	
48	43	f09a5c129fbedb95	5			yes					-1	-1	-1	-1	49	
49	48	0aaa338a22efd800	4			yes					-1	-1	-1	-1	
50	43	f8952f74a3383218	5			yes					-1	-1	-1	-1	51	
51	50	02a540ec1e69318d	4			yes					-1	-1	-1	-1	
52	43	bdd100807579326e	5			yes					-1	-1	-1	-1	-1	
53	2	96a0ecee26912204	4			yes					-1	-1	-1	-1	
54	1	8d7355fad3af2504	4			yes					55	62	68	79	
55	54	0c46b41b2a35c124	3			yes					56	57	58	
56	55	1583833d7f9a73a8	4			yes					-1	-1	-1	-1	
57	55	9f35fb7557684b62	4			yes					-1	-1	-1	-1	
58	55	bac52eaaf5605fe9	5			yes					-1	59	60	-1	61	
59	58	af03e2fffc09e6f8	4			yes					-1	-1	-1	-1	
60	58	05b16ec69e705c0a	4			yes					-1	-1	-1	-1	
61	58	6b5b7c08e169cb50	4			yes					-1	-1	-1	-1	
62	54	d4680d604834e8c0	3			yes					-1	63	65	
63	62	e2196037fe4122bd	5			yes					-1	-1	-1	-1	64	
64	63	97fae6d845de0f8e	4			yes					-1	-1	-1	-1	
65	62	c31c9a1542bb1895	5			yes					66	67	-1	-1	-1	
66	65	5434afc06c8a18da	4			yes					-1	-1	-1	-1	
67	65	2f1451adad7bc5b3	4			yes					-1	-1	-1	-1	
68	54	652554c4a69fbc58	3			yes					-1	-1	69	
69	68	ca85cd9360ca1466	6			yes					70	72	74	76	-1	78	
70	69	5dadf8464efb1429	5			yes					-1	-1	-1	-1	71	
71	70	a79d97def3aa17bc	4			yes					-1	-1	-1	-1	
72	69	268d062b8f0ac940	5			yes					-1	-1	-1	-1	73	
73	72	dcbd69b3325bcad5	4			yes					-1	-1	-1	-1	
74	69	c486b4b282677c05	5			yes					-1	-1	-1	-1	75	
75	74	3eb6db2a3f367f90	4			yes					-1	-1	-1	-1	
76	69	75f18dff0bda1785	5			yes					-1	-1	-1	-1	77	
77	76	8fc1e267b68b1410	4			yes					-1	-1	-1	-1	
78	69	30b5a20bdd9b17f3	5			yes					-1	-1	-1	-1	-1	
79	54	3078b8451731b0b8	3			yes					-1	-1	-1	
80	1	123d5f80f978074d	4			yes					81	88	97	99	
81	80	9308be6100e2e36d	3			yes					82	83	84	
82	81	30c12876572caf71	4			yes					-1	-1	-1	-1	
83	81	b66a652b3b956136	4			yes					-1	-1	-1	-1	
84	81	f50b5eb0f241321d	5			yes					-1	85	86	-1	87	
85	84	d445d6fa31a2e296	4			yes					-1	-1	-1	-1	
86	84	31392ad954fa3590	4			yes					-1	-1	-1	-1	
87	84	24950c12e648a6a4	4			yes					-1	-1	-1	-1	
88	80	c3853d00150764ef	3			yes					-1	89	91	
89	88	8da89e90615171f7	5			yes					-1	-1	-1	-1	90	
90	89	6e9c075a3d6c6b86	4			yes					-1	-1	-1	-1	
91	88	6d07a2e4435349cf	5			yes					92	93	94	95	96	
92	91	fa2f97316d624980	4			yes					-1	-1	-1	-1	
93	91	810f695cac9394e9	4			yes					-1	-1	-1	-1	
94	91	3bb72401500fa545	4			yes					-1	-1	-1	-1	
95	91	55450b7f55530f70	4			yes					-1	-1	-1	-1	
96	91	15d2d113c4ad775c	4			yes					-1	-1	-1	-1	
97	80	ed866eded17b123e	3			yes					-1	-1	98	
98	97	1a5aaac9223c5d92	5			yes					-1	-1	-1	-1	-1	
99	80	af36b23f3de692f1	3			yes					-1	-1	-1	
100	1	7d5a5708b12e22f6	4			yes					101	105	112	114	
101	100	fc6fb6e948b4c6d6	3			yes					102	104	-1	
102	101	3dedeed33238ade5	5			yes					-1	-1	-1	-1	-1	
103	102	cee678f39b361f81	4			no					-1	-1	-1	-2	
104	101	f6da9ba89ab24e5a	5			yes					-1	-1	-1	-1	-1	
105	100	ace235885d514154	3			yes					-1	106	111	
106	105	87eba09c5d1c9eac	5			yes					107	108	-1	109	110	
107	106	10c39549732d9ee3	4			yes					-1	-1	-1	-1	
108	106	6be36b24b2dc438a	4			yes					-1	-1	-1	-1	
109	106	9c45dc6f6c7b80b5	4			yes					-1	-1	-1	-1	
110	106	8c35cb5e2bdd39d1	4			yes					-1	-1	-1	-1	
111	105	604f3c2b30b991fe	5			yes					-1	-1	-1	-1	-1	
112	100	5c255ea4d6f678d8	3			yes					-1	-1	113	
113	112	ee2fe9a33fbf91a8	5			yes					-1	-1	-1	-1	-1	
114	100	71f28acd723dddac	3			yes					-1	-1	-1	
115	1	f806c2d3c6e363f1	5			yes					116	123	137	149	150	
116	115	793323323f7987d1	4			yes					117	119	121	-1	
117	116	ebb45f3b8042751e	5			yes					-1	-1	-1	-1	118	
118	117	0fdfa776a7c01565	4			yes					-1	-1	-1	-1	
119	116	a1381668dc7bf978	5			yes					-1	-1	-1	-1	120	
120	119	4553ee25fbf99903	4			yes					-1	-1	-1	-1	
121	116	71eae94c52f81f96	5			yes					-1	-1	-1	-1	122	
122	121	95811101757a7fed	4			yes					-1	-1	-1	-1	
123	115	29bea0532a9c0053	4			yes					-1	124	129	133	
124	123	60ac234c80a46460	5			yes					125	126	-1	127	128	
125	124	f7841699ae95642f	4			yes					-1	-1	-1	-1	
126	124	8ca4e8f46f64b946	4			yes					-1	-1	-1	-1	
127	124	4497ee9f2b25957f	4			yes					-1	-1	-1	-1	
128	124	b3a07a7eb13bd6d7	4			yes					-1	-1	-1	-1	
129	123	f126e85a395b6f16	5			yes					130	131	-1	-1	132	
130	129	660edd8f176a6f59	4			yes					-1	-1	-1	-1	
131	129	1d2e23e2d69bb230	4			yes					-1	-1	-1	-1	
132	129	ac13756de7806a2a	4			yes					-1	-1	-1	-1	
133	123	481ce973eb722752	3			yes					-1	134	-1	
134	133	e2e63ff03f91defe	5			yes					135	136	-1	-1	-1	
135	134	75ce0a2511a0deb1	4			yes					-1	-1	-1	-1	
136	134	0eeef448d05103d8	4			yes					-1	-1	-1	-1	
137	115	d979cb7fa13b39df	4			yes					-1	-1	138	148	
138	137	1f4a9f28ac064516	6			yes					139	141	143	-1	145	147	
139	138	8862aafd82374559	5			yes					-1	-1	-1	-1	140	
140	139	6c0952b0a5b52522	4			yes					-1	-1	-1	-1	
141	138	f342549043c69830	5			yes					-1	-1	-1	-1	142	
142	141	1729acdd6444f84b	4			yes					-1	-1	-1	-1	
143	138	a831ac22fb90af78	5			yes					-1	-1	-1	-1	144	
144	143	4c5a546fdc12cf03	4			yes					-1	-1	-1	-1	
145	138	1916e789b1e4ac23	5			yes					-1	-1	-1	-1	146	
146	145	fd7d1fc49666cc58	4			yes					-1	-1	-1	-1	
147	138	fb2167658b84256d	5			yes					-1	-1	-1	-1	-1	
148	137	b8db825f60d51ede	3			yes					-1	-1	-1	
149	115	1050c3edb3d3faad	4			yes					-1	-1	-1	-1	
150	115	99a48bf3070d44f0	4			yes					-1	-1	-1	-1	
151	0	14fc6e85ff1fb4fb	5			yes					-1	152	205	224	242	
152	151	3016efee7d0dedf5	5			yes					153	173	182	193	204	
153	152	3c55f16039d4533f	4			yes					154	155	162	167	
154	153	48c3a106325a42c5	4			yes					-1	-1	-1	-1	
155	153	62ef3ba70149f3c2	5			yes					156	157	159	160	161	
156	155	5317c9698ad96be0	4			yes					-1	-1	-1	-1	
157	155	9acdfcd96b340b73	4			yes					-1	158	-1	-1	
158	157	43fe84fb5ab7524e	3			yes					-1	-1	-1	
159	155	bbdc438530caaaff	4			yes					-1	-1	-1	-1	
160	155	04b4b8c04b17fea1	4			yes					-1	-1	-1	-1	
161	155	76b2cef59a3034cd	4			yes					-1	-1	-1	-1	
162	153	db2e92f578cc780a	5			yes					163	164	165	-1	166	
163	162	ead6603bf35ce028	4			yes					-1	-1	-1	-1	
164	162	230c558b12b180bb	4			yes					-1	-1	-1	-1	
165	162	894d2c435b3855ee	4			yes					-1	-1	-1	-1	
166	162	6dd5b6a1d3ebe85a	4			yes					-1	-1	-1	-1	
167	153	bba19af5efb7b526	5			yes					168	169	170	171	172	
168	167	8a59683b64272d04	4			yes					-1	-1	-1	-1	
169	167	43835d8b85ca4d97	4			yes					-1	-1	-1	-1	
170	167	e9c22443cc4398c2	4			yes					-1	-1	-1	-1	
171	167	6cf10af85fb30856	4			yes					-1	-1	-1	-1	
172	167	4ce91b0b721df007	4			yes					-1	-1	-1	-1	
173	152	7861fba392afe804	4			yes					-1	174	176	177	
174	173	5c24135fbfa42751	4			yes					175	-1	-1	-1	
175	174	84f939cff36aa7a0	3			yes					-1	-1	-1	
176	173	67afb0edba38a728	4			yes					-1	-1	-1	-1	
177	173	c56a161c56317db8	3			yes					178	179	181	
178	177	e132adab3f4edd00	4			yes					-1	-1	-1	-1	
179	177	ad2fb8607558169c	5			yes					-1	-1	-1	-1	180	
180	179	571fd7f8c8091509	4			yes					-1	-1	-1	-1	
181	177	2370a4dc79394cbb	5			yes					-1	-1	-1	-1	-1	
182	152	1169e6421ad5b7db	4			yes					-1	-1	183	188	
183	182	fa83f6e266ab56af	5			yes					184	185	186	-1	187	
184	183	225edc722a65d65e	4			yes					-1	-1	-1	-1	
185	183	2297d5fa94b22c19	4			yes					-1	-1	-1	-1	
186	183	f4808fc384063ecc	4			yes					-1	-1	-1	-1	
187	183	3feca20a5c7b697b	4			yes					-1	-1	-1	-1	
188	182	c3b5483c32c1a83d	5			yes					189	190	191	-1	192	
189	188	1b6862ac7e0f28cc	4			yes					-1	-1	-1	-1	
190	188	1ba16b24c0d8d28b	4			yes					-1	-1	-1	-1	
191	188	cdb6311dd06cc05e	4			yes					-1	-1	-1	-1	
192	188	c556ee6ec889ff6e	4			yes					-1	-1	-1	-1	
193	152	d840eed0083d74a9	4			yes					-1	-1	-1	194	
194	193	b16c3a761fec3348	6			yes					195	197	199	201	-1	203	
195	194	69b110e65322b3b9	5			yes					-1	-1	-1	-1	196	
196	195	93817f7eee73b02c	4			yes					-1	-1	-1	-1	
197	194	6978196eedf549fe	5			yes					-1	-1	-1	-1	198	
198	197	934876f650a44a6b	4			yes					-1	-1	-1	-1	
199	194	bf6f4357fd415b2b	5			yes					-1	-1	-1	-1	200	
200	199	455f2ccf401058be	4			yes					-1	-1	-1	-1	
201	194	0e187a1a74fc30ab	5			yes					-1	-1	-1	-1	202	
202	201	f4281582c9ad333e	4			yes					-1	-1	-1	-1	
203	194	4b5c55eea2bd30dd	5			yes					-1	-1	-1	-1	-1	
204	152	8d1d0251b9937849	4			yes					-1	-1	-1	-1	
205	151	5edbf551b35ca2ea	4			yes					206	215	221	223	
206	205	5298ebdff7851c20	3			yes					207	208	209	
207	206	08c41ba6e80d08be	4			yes					-1	-1	-1	-1	
208	206	6e9579a738f47034	4			yes					-1	-1	-1	-1	
209	206	139c15e405c3ba10	5			yes					210	211	212	213	214	
210	209	2264e72a8e532232	4			yes					-1	-1	-1	-1	
211	209	afe73ef7b6982cf8	4			yes					-1	-1	-1	-1	
212	209	cd1403b1a93576e6	4			yes					-1	-1	-1	-1	
213	209	2bdebc7f13c3fcaf	4			yes					-1	-1	-1	-1	
214	209	6b496613823d8483	4			yes					-1	-1	-1	-1	
215	205	4ef3c26fa8443e05	3			yes					-1	216	217	
216	215	088d8ec2ed7777f8	4			yes					-1	-1	-1	-1	
217	215	a39db3d9a0681fbf	5			yes					218	-1	219	-1	220	
218	217	7b409949eca69f4e	4			yes					-1	-1	-1	-1	
219	217	29219e06b4ef0717	4			yes					-1	-1	-1	-1	
220	217	7203e17bb4618b06	4			yes					-1	-1	-1	-1	
221	205	a160c40f9b5fb799	3			yes					-1	-1	222	
222	221	61b35d2c5d1a7abc	5			yes					-1	-1	-1	-1	-1	
223	205	e3d018ee77c23756	3			yes					-1	-1	-1	
224	151	31bcfdd9fb0a8751	4			yes					225	235	239	241	
225	224	3dffe357bfd3399b	3			yes					226	228	233	
226	225	3bd417d009712408	5			yes					-1	-1	-1	-1	-1	
227	226	c8df81f0a07f966c	4			no					-1	-1	-1	-2	
228	225	dc58dcfdc14e41db	5			yes					229	230	-1	231	232	
229	228	eda02e334aded9f9	4			yes					-1	-1	-1	-1	
230	228	6023f7ee7215d733	4			yes					-1	-1	-1	-1	
231	228	2f534add6840f3bf	4			yes					-1	-1	-1	-1	
232	228	4b02067392a9f123	4			yes					-1	-1	-1	-1	
233	225	30e7fa92fb0bc893	5			yes					-1	-1	-1	-1	-1	
234	233	fc2212986cbc8a62	4			no					-1	-2	-2	-1	
235	224	2194cae7e0121bbe	3			yes					-1	236	-1	
236	235	b08848309b6f17fa	5			yes					-1	-1	-1	237	-1	
237	236	4383de103261a59e	4			yes					-1	-1	-1	-1	
238	236	27d292bec888a702	4			no					-1	-1	-1	-2	
239	224	10c3f4759cd2dd7f	3			yes					-1	-1	240	
240	239	95c61e464099b686	5			yes					-1	-1	-1	-1	-1	
241	224	3d14201c3819780b	3			yes					-1	-1	-1	
242	151	b4e068028cc7c656	5			yes					243	260	266	278	279	
243	242	b8a3768cc81e789c	4			yes					244	246	251	255	
244	243	b70cfa4300fa599b	5			yes					-1	-1	-1	-1	245	
245	244	5367020e277839e0	4			yes					-1	-1	-1	-1	
246	243	277a445ac4d1b1ca	5			yes					247	248	-1	249	250	
247	246	1682b6944f4129e8	4			yes					-1	-1	-1	-1	
248	246	9b016f49778a2722	4			yes					-1	-1	-1	-1	
249	246	ed7b5029a8b420e5	4			yes					-1	-1	-1	-1	
250	246	9c54608b622e59d6	4			yes					-1	-1	-1	-1	
251	243	bec851f8f52b68bb	5			yes					-1	252	-1	-1	254	
252	251	02b37aeb4670fe53	4			yes					-1	-1	-1	-1	
253	251	3094f0db6c6358af	4			no					-1	-2	-1	-2	
254	251	5aa3a9b5d2a908c0	4			yes					-1	-1	-1	-1	
255	243	d9013fac09f05f9d	3			yes					-1	256	258	
256	255	4dca32297627cd6f	5			yes					-1	-1	-1	257	-1	
257	256	87cb265a1a425c40	4			yes					-1	-1	-1	-1	
258	255	4c778a509e6325f9	5			yes					-1	-1	-1	-1	259	
259	258	b647e5c82332266c	4			yes					-1	-1	-1	-1	
260	242	a4c85f3c97df5ab9	4			yes					-1	261	264	-1	
261	260	2611ef5222f39045	5			yes					262	-1	-1	-1	263	
262	261	feccc5c26e3d10b4	4			yes					-1	-1	-1	-1	
263	261	c27a171f0571f03e	4			yes					-1	-1	-1	-1	
264	260	bdf8e6cb75229a46	5			yes					-1	-1	-1	-1	265	
265	264	59931e8652a0fa3d	4			yes					-1	-1	-1	-1	
266	242	959f61aeeb1f9c78	4			yes					-1	-1	267	277	
267	266	64a368cdd3206238	6			yes					268	270	272	-1	274	276	
268	267	bc7e425d9feee2c9	5			yes					-1	-1	-1	-1	269	
269	268	5815ba10b86c82b2	4			yes					-1	-1	-1	-1	
270	267	bcb74bd52139188e	5			yes					-1	-1	-1	-1	271	
271	270	58dcb39806bb78f5	4			yes					-1	-1	-1	-1	
272	267	d3d85bc784b68856	5			yes					-1	-1	-1	-1	273	
273	272	37b3a38aa334e82d	4			yes					-1	-1	-1	-1	
274	267	62ff106ccec28b0d	5			yes					-1	-1	-1	-1	275	
275	274	8694e821e940eb76	4			yes					-1	-1	-1	-1	
276	267	80c89080f4a20243	5			yes					-1	-1	-1	-1	-1	
277	266	f43d288e2af1bb79	3			yes					-1	-1	-1	
278	242	5cb6693cf9f75f0a	4			yes					-1	-1	-1	-1	
279	242	d54221224d29e157	4			yes					-1	-1	-1	-1	
280	0	8a577ff51d42fb02	5			yes					-1	-1	281	326	340	
281	280	470027e29c818c1b	5			yes					282	298	312	318	325	
282	281	4b43396cd85832d1	4			yes					283	289	290	294	
283	282	e453c8a9fd91f7d6	5			yes					284	285	286	287	288	
284	283	8758d899ea8b10d2	4			yes					-1	-1	-1	-1	
285	283	80002728bfc0995f	4			yes					-1	-1	-1	-1	
286	283	2061bcc05b2af05b	4			yes					-1	-1	-1	-1	
287	283	54305156a0173ef8	4			yes					-1	-1	-1	-1	
288	283	73091227ae76472e	4			yes					-1	-1	-1	-1	
289	282	237d7555017ef7b6	4			yes					-1	-1	-1	-1	
290	282	25a7bd288330c18c	5			yes					-1	291	292	-1	293	
291	290	b15d5692f960f71a	4			yes					-1	-1	-1	-1	
292	290	4f27bb292efbc0d3	4			yes					-1	-1	-1	-1	
293	290	52c86339a041066b	4			yes					-1	-1	-1	-1	
294	282	4600d139eacded65	5			yes					-1	295	296	297	-1	
295	294	d2fa3a83909ddbf3	4			yes					-1	-1	-1	-1	
296	294	2c80d7384706ec3a	4			yes					-1	-1	-1	-1	
297	294	7e4278a2fccdabda	4			yes					-1	-1	-1	-1	
298	281	b385652f9f40c639	4			yes					-1	299	303	307	
299	298	6045a303abbec923	5			yes					300	-1	301	-1	302	
300	299	b8988993e77049d2	4			yes					-1	-1	-1	-1	
301	299	6a814d6a10c53e12	4			yes					-1	-1	-1	-1	
302	299	f71f798df85979db	4			yes					-1	-1	-1	-1	
303	298	555baff4e654ad08	5			yes					304	-1	305	-1	306	
304	303	8d868564aa9a2df9	4			yes					-1	-1	-1	-1	
305	303	3fdba9f54b9fac57	4			yes					-1	-1	-1	-1	
306	303	223471e5c5256aef	4			yes					-1	-1	-1	-1	
307	298	36fcc3e58fa981e1	5			yes					308	309	310	311	-1	
308	307	ee21e975c3670110	4			yes					-1	-1	-1	-1	
309	307	f2caf6fd70fbf982	4			yes					-1	-1	-1	-1	
310	307	5c7cc5e4226280be	4			yes					-1	-1	-1	-1	
311	307	0ebe6a7e99a9c75e	4			yes					-1	-1	-1	-1	
312	281	4a0730ca6351a4d8	4			yes					-1	-1	313	314	
313	312	21143d52bafe3eb5	4			yes					-1	-1	-1	-1	
314	312	f70cdd75a7cf3164	3			yes					315	317	-1	
315	314	b8db959a79948ce7	5			yes					-1	-1	-1	-1	316	
316	315	42ebfa02c4c58f72	4			yes					-1	-1	-1	-1	
317	314	26812b2fec50ed62	5			yes					-1	-1	-1	-1	-1	
318	281	48caa6d47c564997	4			yes					-1	-1	-1	319	
319	318	cbfe528abd5a2881	6			yes					320	321	322	323	-1	324	
320	319	1323781af194a870	5			yes					-1	-1	-1	-1	-1	
321	319	27f69932529af5a7	5			yes					-1	-1	-1	-1	-1	
322	319	c5fd2bab5ff740e2	5			yes					-1	-1	-1	-1	-1	
323	319	609b1d8300a3400f	5			yes					-1	-1	-1	-1	-1	
324	319	31ce3d12000b2b14	5			yes					-1	-1	-1	-1	-1	
325	281	fa0bca5d581f19a7	4			yes					-1	-1	-1	-1	
326	280	ad75d91c1f90c676	4			yes					327	335	338	339	
327	326	a136c7925b4978bc	3			yes					328	333	334	
328	327	47eabca768b2ca4b	5			yes					-1	329	330	331	332	
329	328	23b953262ae3a4c2	4			yes					-1	-1	-1	-1	
330	328	f89efccb03a2c9a8	4			yes					-1	-1	-1	-1	
331	328	b3f2d41f489a2d13	4			yes					-1	-1	-1	-1	
332	328	4c34d7651e736d36	4			yes					-1	-1	-1	-1	
333	327	cf4b90a3f2d3727b	5			yes					-1	-1	-1	-1	-1	
334	327	0444c70333c7e70b	5			yes					-1	-1	-1	-1	-1	
335	326	59f09bd11c518c54	3			yes					-1	336	337	
336	335	f4b5f7577e1a8a1d	5			yes					-1	-1	-1	-1	-1	
337	335	74b8d5df56a38b8f	5			yes					-1	-1	-1	-1	-1	
338	326	f46e8186840b0bb2	3			yes					-1	-1	-1	
339	326	a1dd04d9dc83392c	3			yes					-1	-1	-1	
340	280	28294cc7685d8771	5			yes					341	355	363	367	368	
341	340	246a52492c8439bb	4			yes					342	347	349	352	
342	341	b36102f3c522ab5c	5			yes					-1	343	344	345	346	
343	342	d732ed728773c5d5	4			yes					-1	-1	-1	-1	
344	342	0c15429fae32a8bf	4			yes					-1	-1	-1	-1	
345	342	03029b0c98a46272	4			yes					-1	-1	-1	-1	
346	342	084f262263dd4340	4			yes					-1	-1	-1	-1	
347	341	91189e354cc11195	5			yes					-1	-1	-1	-1	348	
348	347	757366786b4371ee	4			yes					-1	-1	-1	-1	
349	341	952d13723a2519e3	5			yes					-1	350	-1	-1	351	
350	349	01d7f8c840752f75	4			yes					-1	-1	-1	-1	
351	349	c8188e45e4fe1cdf	4			yes					-1	-1	-1	-1	
352	341	45c81b69ed6a1eba	3			yes					353	354	-1	
353	352	d9d1748077d4d7f9	5			yes					-1	-1	-1	-1	-1	
354	352	03565f69e2581c31	4			yes					-1	-1	-1	-1	
355	340	dcac0e0a6b9ccd53	4			yes					-1	356	358	361	
356	355	ea29827a8eba9d7a	5			yes					-1	-1	-1	-1	357	
357	356	0e427a37a938fd01	4			yes					-1	-1	-1	-1	
358	355	e5d101ae5f417567	5			yes					359	-1	-1	-1	360	
359	358	3d0c2b3e138ff596	4			yes					-1	-1	-1	-1	
360	358	b8e49c99819a705b	4			yes					-1	-1	-1	-1	
361	355	bd0e472aaa72ea52	3			yes					-1	362	-1	
362	361	592adba2bc6e9d2a	5			yes					-1	-1	-1	-1	-1	
363	340	7132145df3c64ab5	4			yes					-1	-1	364	366	
364	363	5c9131349410d7ce	5			yes					-1	-1	-1	-1	365	
365	364	b8fac979b392b7b5	4			yes					-1	-1	-1	-1	
366	363	10905d7d32286db4	3			yes					-1	-1	-1	
367	340	c07f4df91d6d1e2d	4			yes					-1	-1	-1	-1	
368	340	498b05e7a9b3a070	4			yes					-1	-1	-1	-1	
369	0	2ecc7cfeb2580c2c	5			yes					-1	-1	-1	370	400	
370	369	710be38ad1f30781	5			yes					371	385	394	397	399	
371	370	7d48fd04952ab94b	4			yes					372	377	381	384	
372	371	12b84277d4ac728f	5			yes					-1	373	374	375	376	
373	372	58ff6723e748a0ac	4			yes					-1	-1	-1	-1	
374	372	d68a361e72177502	4			yes					-1	-1	-1	-1	
375	372	e6a02acff48495d7	4			yes					-1	-1	-1	-1	
376	372	196629b5a26dd5f2	4			yes					-1	-1	-1	-1	
377	371	ebeadf724bc9ee1e	5			yes					-1	-1	378	379	380	
378	377	5d40b2560f6631af	4			yes					-1	-1	-1	-1	
379	377	18e14952e2c75c7a	4			yes					-1	-1	-1	-1	
380	377	7cb005fc182e5ee6	4			yes					-1	-1	-1	-1	
381	371	81b6e34baa8c8c8f	3			yes					382	383	-1	
382	381	03522c61f273a062	4			yes					-1	-1	-1	-1	
383	381	59f8da1087d4c803	4			yes					-1	-1	-1	-1	
384	371	cc391ca6f2565fbf	5			yes					-1	-1	-1	-1	-1	
385	370	858ea147d2324da3	4			yes					-1	386	391	393	
386	385	e1edf4fcb449e504	5			yes					387	-1	388	389	390	
387	386	3930de6cf88765f5	4			yes					-1	-1	-1	-1	
388	386	b27e0d61484d07e1	4			yes					-1	-1	-1	-1	
389	386	15f59c449461025c	4			yes					-1	-1	-1	-1	
390	386	ea339f3ec2884279	4			yes					-1	-1	-1	-1	
391	385	7970bf08ed947867	3			yes					-1	392	-1	
392	391	e47d276edf810a1b	4			yes					-1	-1	-1	-1	
393	385	314b978d2d0282a0	5			yes					-1	-1	-1	-1	-1	
394	370	a0b3810a3d8c6423	4			yes					-1	-1	395	396	
395	394	5c4d9f45022a51e7	3			yes					-1	-1	-1	
396	394	5abb208050af2d7d	5			yes					-1	-1	-1	-1	-1	
397	370	8df5fdc5ee553245	4			yes					-1	-1	-1	398	
398	397	297e3ec3ab67974a	3			yes					-1	-1	-1	
399	370	d580208c94c1a28e	4			yes					-1	-1	-1	-1	
400	369	b76746bd428aa538	5			yes					401	415	425	429	430	
401	400	bb24583306531bf2	4			yes					402	407	410	412	
402	401	e633fc23793c1398	5			yes					-1	403	404	405	406	
403	402	ac74d9774ad8c1bb	4			yes					-1	-1	-1	-1	
404	402	2201884adf871415	4			yes					-1	-1	-1	-1	
405	402	565065dc24badab6	4			yes					-1	-1	-1	-1	
406	402	5d1dd8f2dfc3fb84	4			yes					-1	-1	-1	-1	
407	401	edba945a3f766f0a	5			yes					-1	-1	-1	408	409	
408	407	e538af2ec40d15f7	4			yes					-1	-1	-1	-1	
409	407	09d16c1718f40f71	4			yes					-1	-1	-1	-1	
410	401	2ab255863f4b7eae	5			yes					-1	-1	-1	-1	411	
411	410	ced9adcb18c91ed5	4			yes					-1	-1	-1	-1	
412	401	da861113c7bd3cf3	3			yes					413	414	-1	
413	412	8c838a50cbca6f3d	5			yes					-1	-1	-1	-1	-1	
414	412	7986249464714b1f	4			yes					-1	-1	-1	-1	
415	400	43e20470414bef1a	4			yes					-1	416	421	423	
416	415	15664aa819d98413	5			yes					417	-1	418	419	420	
417	416	cdbb6038551704e2	4			yes					-1	-1	-1	-1	
418	416	46f5b335e5dd66f6	4			yes					-1	-1	-1	-1	
419	416	a505d357445f4d3d	4			yes					-1	-1	-1	-1	
420	416	ae486e79bf266c0f	4			yes					-1	-1	-1	-1	
421	415	d9e1fa8d68be5287	5			yes					-1	-1	-1	-1	422	
422	421	3d8a02c04f3c32fc	4			yes					-1	-1	-1	-1	
423	415	22404d5080a5c81b	3			yes					-1	424	-1	
424	423	7fd63cdbab2ff8b6	5			yes					-1	-1	-1	-1	-1	
425	400	66df243daef5c69a	4			yes					-1	-1	426	428	
426	425	64c69269d5594a75	5			yes					-1	-1	-1	-1	427	
427	426	80ad6a24f2db2a0e	4			yes					-1	-1	-1	-1	
428	425	077d6d1d6f1be19b	3			yes					-1	-1	-1	
429	400	48dc77e36a89b04b	4			yes					-1	-1	-1	-1	
430	400	d6c50f9d83648239	4			yes					-1	-1	-1	-1	
431	0	70230f37ae3b2e4d	5			yes					-1	-1	-1	-1	432	
432	431	c8b959ed5a4f824e	6			yes					433	451	462	469	472	474	
433	432	c4fa47631e963c84	5			yes					434	440	445	448	450	
434	433	307f05ae1d5776a6	4			yes					435	436	-1	437	
435	434	17a0e98ffc697cec	5			yes					-1	-1	-1	-1	-1	
436	434	a326b11756214b9e	5			yes					-1	-1	-1	-1	-1	
437	434	a33927852aef5b9b	6			yes					-1	-1	-1	-1	-1	439	
438	437	89fee59e95fb1116	5			no					-1	-1	-2	-2	-2	
439	437	48e7dfabd0d29b11	5			yes					-1	-1	-1	-1	-1	
440	433	154225e3f2e95f26	4			yes					-1	441	-1	442	
441	440	f839f8ec37af2398	5			yes					-1	-1	-1	-1	-1	
442	440	8c586c23965f4fd8	6			yes					-1	-1	443	-1	-1	444	
443	442	7798aa40d65a10ea	5			yes					-1	-1	-1	-1	-1	
444	442	6786940d6c628f52	5			yes					-1	-1	-1	-1	-1	
445	433	e5854ecf794e66aa	4			yes					-1	-1	-1	446	
446	445	245a30a363e46043	5			yes					-1	-1	-1	-1	-1	
447	446	d751a683caead227	4			no					-1	-2	-1	-2	
448	433	b0ed2079ca09189e	4			yes					-1	-1	-1	449	
449	448	044229e1886673ae	3			yes					-1	-1	-1	
450	433	70554efb5cf957b4	4			yes					-1	-1	-1	-1	
451	432	3c3c1b20598ec86c	5			yes					-1	452	456	459	461	
452	451	ed8479a0b5f1abce	4			yes					-1	453	-1	454	
453	452	d8c109088b02d2f9	5			yes					-1	-1	-1	-1	-1	
454	452	98a64cbdba8e13ad	6			yes					-1	-1	-1	-1	-1	455	
455	454	7378b49340b3d327	5			yes					-1	-1	-1	-1	-1	
456	451	1d43128c3e569242	4			yes					-1	-1	-1	457	
457	456	0ded3a2f1ff39a47	5			yes					-1	-1	-1	458	-1	
458	457	fee6ac0fb6fd2823	4			yes					-1	-1	-1	-1	
459	451	482b7c3a8d11ec76	4			yes					-1	-1	-1	460	
460	459	fc8475a2cf7e8746	3			yes					-1	-1	-1	
461	451	889312b81be1a35c	4			yes					-1	-1	-1	-1	
462	432	19013b6db630e1ec	5			yes					-1	-1	463	466	468	
463	462	387e32c1d1e8bbc2	4			yes					-1	-1	-1	464	
464	463	02d9ee2e0c0b3368	6			yes					-1	-1	-1	-1	-1	465	
465	464	e9071600f636f3e2	5			yes					-1	-1	-1	-1	-1	
466	462	6d165c7762afc5f6	4			yes					-1	-1	-1	467	
467	466	d9b955ef20c0aec6	3			yes					-1	-1	-1	
468	462	adae32f5f45f8adc	4			yes					-1	-1	-1	-1	
469	432	e9c650413d97d860	5			yes					-1	-1	-1	470	471	
470	469	9dd1375be908fc7a	4			yes					-1	-1	-1	-1	
471	469	5d6959d97ff8b350	4			yes					-1	-1	-1	-1	
472	432	bcae3ef78ed0a654	5			yes					-1	-1	-1	-1	473	
473	472	0801376fccbfcd64	4			yes					-1	-1	-1	-1	
474	432	7c1650751820e97e	5			yes					-1	-1	-1	-1	-1	
475	0	2d71df86e2d18cce	5			yes					-1	-1	-1	-1	-1	
