Number of nodes
410
ID	PID	Hash_Value			File_Number	Fully_Enumerated	Children
0	-1	0e876cdbd4d61941	6			yes					1	52	93	132	170	306	
1	0	720ffc744eadd4a2	5			yes					2	17	38	47	51	
2	1	396fae802ff6cb9d	4			yes					3	6	8	12	
3	2	c0618b2267f6c04d	4			yes					-1	-1	4	5	
4	3	5da8b03fa439d4f8	3			yes					-1	-1	-1	
5	3	f42b4434ce94a6fb	3			yes					-1	-1	-1	
6	2	bcd606d217dd5a84	4			yes					-1	7	-1	-1	
7	6	883a1b6411513fbd	3			yes					-1	-1	-1	
8	2	e6ab5a80a69ffa41	5			yes					-1	9	10	-1	11	
9	8	d2474736a0139f78	4			yes					-1	-1	-1	-1	
10	8	5b973acf1d4deffb	4			yes					-1	-1	-1	-1	
11	8	83d57c79908f1992	4			yes					-1	-1	-1	-1	
12	2	6a692459d15abf15	5			yes					-1	13	14	15	16	
13	12	5e8539efd7d6da2c	4			yes					-1	-1	-1	-1	
14	12	d75544166a88aaaf	4			yes					-1	-1	-1	-1	
15	12	4a77e498a46b663c	4			yes					-1	-1	-1	-1	
16	12	35cda6dd37d76248	4			yes					-1	-1	-1	-1	
17	1	e10f4c3585a9d13a	4			yes					-1	18	29	36	
18	17	284b57b3849c2b41	3			yes					19	20	24	
19	18	bf682172f77a2495	4			yes					-1	-1	-1	-1	
20	18	07342a9e020c019f	5			yes					21	22	-1	-1	23	
21	20	8045fdac73f47a0c	4			yes					-1	-1	-1	-1	
22	20	4336deee41106a5b	4			yes					-1	-1	-1	-1	
23	20	624a0c67341ce24c	4			yes					-1	-1	-1	-1	
24	18	8bf6544775c944cb	5			yes					25	26	-1	27	28	
25	24	0c87837504313f58	4			yes					-1	-1	-1	-1	
26	24	cff4a03736d52f0f	4			yes					-1	-1	-1	-1	
27	24	abe8948600f89de2	4			yes					-1	-1	-1	-1	
28	24	d452d6c393449996	4			yes					-1	-1	-1	-1	
29	17	b00c67eaaf006d2f	3			yes					30	-1	32	
30	29	72efbf64fff798c2	4			yes					-1	-1	-1	31	
31	30	5a7215e6e6e11944	3			yes					-1	-1	-1	
32	29	f348341c160047c9	5			yes					33	34	-1	-1	35	
33	32	7439e32e67f83c5a	4			yes					-1	-1	-1	-1	
34	32	b74ac06c551c2c0d	4			yes					-1	-1	-1	-1	
35	32	58cc7f10a1ccefc6	4			yes					-1	-1	-1	-1	
36	17	d32762ad4ac75951	3			yes					37	-1	-1	
37	36	ab8fc6b028197ba6	4			yes					-1	-1	-1	-1	
38	1	bb4be7f24f982ed9	4			yes					-1	-1	39	45	
39	38	ea48cc2d653192cc	3			yes					40	-1	41	
40	39	25961e243df4a1ec	4			yes					-1	-1	-1	-1	
41	39	5c16d8491f9d8f02	5			yes					42	43	44	-1	-1	
42	41	db670f7b6e65f491	4			yes					-1	-1	-1	-1	
43	41	18142c395c81e4c6	4			yes					-1	-1	-1	-1	
44	41	68fac5ff1911ea3b	4			yes					-1	-1	-1	-1	
45	38	8963c96a80f6a6b2	3			yes					46	-1	-1	
46	45	415bafdeb3540fd2	4			yes					-1	-1	-1	-1	
47	1	230cd7ab640468b7	4			yes					-1	-1	-1	48	
48	47	1124f933ab6ae0dc	3			yes					49	-1	-1	
49	48	305eca41c3fadcdd	5			yes					-1	-1	-1	-1	50	
50	49	126915bb3247e521	4			yes					-1	-1	-1	-1	
51	1	4027d2ec81c35cc9	4			yes					-1	-1	-1	-1	
52	0	5076b330e0c40076	5			yes					53	70	80	89	92	
53	52	9f6efe20796cc88c	4			yes					54	57	64	68	
54	53	b6e995e89646ea3c	4			yes					-1	55	-1	56	
55	54	214ec48a38085f6a	3			yes					-1	-1	-1	
56	54	82a35afe3f248c8a	3			yes					-1	-1	-1	
57	53	562ae5a6785932f7	3			yes					58	60	62	
58	57	ec972a918a3f728d	4			yes					-1	-1	-1	59	
59	58	8e7314747367143d	3			yes					-1	-1	-1	
60	57	e620874c6b14c0d8	4			yes					61	-1	-1	-1	
61	60	7051ec5c7fa24fbc	3			yes					-1	-1	-1	
62	57	2bdd5a983d557210	5			yes					-1	-1	-1	-1	63	
63	62	5adfb60ce1b7e2ee	4			yes					-1	-1	-1	-1	
64	53	ce6dd5ff53c57499	3			yes					65	-1	66	
65	64	f47a415a4aa2fdf4	4			yes					-1	-1	-1	-1	
66	64	d85509ec23d85beb	5			yes					-1	-1	-1	-1	67	
67	66	fa62d616d2656217	4			yes					-1	-1	-1	-1	
68	53	ad46d0b8b60240e7	3			yes					69	-1	-1	
69	68	dd07d87ad9a951d7	4			yes					-1	-1	-1	-1	
70	52	657753d17d5a06ff	4			yes					-1	71	73	77	
71	70	4c3c1d09e466a4e9	4			yes					72	-1	-1	-1	
72	71	1938224d764071ee	3			yes					-1	-1	-1	
73	70	1641415b5524042c	5			yes					74	-1	75	-1	76	
74	73	43457e1fc702d12b	4			yes					-1	-1	-1	-1	
75	73	ab7d2114eef61196	4			yes					-1	-1	-1	-1	
76	73	733f67a26334e7ff	4			yes					-1	-1	-1	-1	
77	70	9a833f8222e14178	5			yes					78	-1	79	-1	-1	
78	77	cf8700c6b0c7947f	4			yes					-1	-1	-1	-1	
79	77	27bf5fcd993354c2	4			yes					-1	-1	-1	-1	
80	52	9932a8b6e1f1fa0d	4			yes					-1	-1	81	87	
81	80	c8318369cb584618	3			yes					-1	82	83	
82	81	d57c05ffce4f5f81	4			yes					-1	-1	-1	-1	
83	81	2905cf84000dbb94	5			yes					84	85	86	-1	-1	
84	83	7c01f0c0922b6e93	4			yes					-1	-1	-1	-1	
85	83	ca61c44fbf5f4a52	4			yes					-1	-1	-1	-1	
86	83	1de9d2320681dead	4			yes					-1	-1	-1	-1	
87	80	ab1a862e2e9f7266	3			yes					-1	88	-1	
88	87	b1b1b40540eff1bf	4			yes					-1	-1	-1	-1	
89	52	017598efca6dbc63	4			yes					-1	-1	-1	90	
90	89	335db67705033408	3			yes					-1	91	-1	
91	90	c0b4d19a304122b0	5			yes					-1	-1	-1	-1	-1	
92	52	625e9da82faa881d	4			yes					-1	-1	-1	-1	
93	0	1d6e6d1dbb776a38	5			yes					94	112	122	128	131	
94	93	d276200d22dfa2c2	4			yes					95	103	105	110	
95	94	96d73ddc6f7c6acf	3			yes					-1	96	99	
96	95	381ccee4c37654e8	5			yes					-1	-1	97	-1	98	
97	96	8520aeab78a44152	4			yes					-1	-1	-1	-1	
98	96	5d62e81df566b73b	4			yes					-1	-1	-1	-1	
99	95	b4deb03db4b311bc	5			yes					-1	-1	100	101	102	
100	99	09e2d0720f610406	4			yes					-1	-1	-1	-1	
101	99	94c070fcc182c895	4			yes					-1	-1	-1	-1	
102	99	eb7a32b9523ecce1	4			yes					-1	-1	-1	-1	
103	94	fb8766981bdea7cd	4			yes					-1	-1	-1	104	
104	103	cfcda98eb2bcc17b	3			yes					-1	-1	-1	
105	94	83750bd208761ed7	3			yes					-1	106	107	
106	105	301d5f6c8e0ea671	4			yes					-1	-1	-1	-1	
107	105	be016e692db601c9	5			yes					-1	-1	108	-1	109	
108	107	033d0e2696641473	4			yes					-1	-1	-1	-1	
109	107	9c36b193dc0b3835	4			yes					-1	-1	-1	-1	
110	94	e05e0e95edb12aa9	3			yes					-1	111	-1	
111	110	90692b0a54311c26	4			yes					-1	-1	-1	-1	
112	93	59cf70ccf6d4a235	4			yes					-1	113	115	120	
113	112	cc16fd56872b0502	4			yes					114	-1	-1	-1	
114	113	9912c212150dd005	3			yes					-1	-1	-1	
115	112	08cc5b13dc7d1e20	3			yes					-1	116	117	
116	115	2e0ff93d8ef12543	4			yes					-1	-1	-1	-1	
117	115	385d775ae3cb6251	5			yes					118	-1	-1	-1	119	
118	117	6d59481e71edb756	4			yes					-1	-1	-1	-1	
119	117	93d93c565407ca5e	4			yes					-1	-1	-1	-1	
120	112	6be75e5439ba2a5e	3			yes					-1	121	-1	
121	120	d98c171e15f1d213	4			yes					-1	-1	-1	-1	
122	93	e892558631cc3489	4			yes					-1	-1	123	126	
123	122	d541c2e8e1d2af0b	5			yes					-1	124	-1	-1	125	
124	123	91433698a2cec4cf	4			yes					-1	-1	-1	-1	
125	123	b03fe411d7c24cd8	4			yes					-1	-1	-1	-1	
126	122	5983bc319617ea5f	5			yes					-1	127	-1	-1	-1	
127	126	1d814841d50b819b	4			yes					-1	-1	-1	-1	
128	93	4c6d46c291ded62d	4			yes					-1	-1	-1	129	
129	128	7e45685a5eb05e46	3			yes					-1	-1	130	
130	129	03b4522984b78997	5			yes					-1	-1	-1	-1	-1	
131	93	2f4643857419e253	4			yes					-1	-1	-1	-1	
132	0	56ed7c5e3a424a0d	5			yes					133	148	160	167	169	
133	132	99f5314ea3ea82f7	4			yes					134	142	145	146	
134	133	dd542c9fee494afa	3			yes					135	137	138	
135	134	7cbf909bc5f5db1b	4			yes					-1	136	-1	-1	
136	135	5e748469025148e3	3			yes					-1	-1	-1	
137	134	e592c414f18c1d06	4			yes					-1	-1	-1	-1	
138	134	82de2ba1c1a1494f	5			yes					-1	139	-1	140	141	
139	138	b6323617c72d2c76	4			yes					-1	-1	-1	-1	
140	138	a2c0eb60b4909066	4			yes					-1	-1	-1	-1	
141	138	dd7aa925272c9412	4			yes					-1	-1	-1	-1	
142	133	0af5810f68ee876f	3			yes					-1	143	144	
143	142	9448d7c2f2a51e3d	4			yes					-1	-1	-1	-1	
144	142	60f7ed24eae78f3e	4			yes					-1	-1	-1	-1	
145	133	f780f6b65d6b9b94	4			yes					-1	-1	-1	-1	
146	133	abdd1fd66c840a9c	3			yes					-1	-1	147	
147	146	ac8f61d570a05ad7	4			yes					-1	-1	-1	-1	
148	132	124c618f77e18200	4			yes					-1	149	155	158	
149	148	814cd1cebce58798	3			yes					-1	150	151	
150	149	1578dfcf0237e36b	4			yes					-1	-1	-1	-1	
151	149	7234307a321ab722	5			yes					152	-1	-1	153	154	
152	151	27300f3ea03c6225	4			yes					-1	-1	-1	-1	
153	151	522af0bb472b6e0b	4			yes					-1	-1	-1	-1	
154	151	2d90b2fed4976a7f	4			yes					-1	-1	-1	-1	
155	148	420983e17f416912	5			yes					156	-1	-1	-1	157	
156	155	170dbca5ed67bc15	4			yes					-1	-1	-1	-1	
157	155	afba3a5f7cf42c45	4			yes					-1	-1	-1	-1	
158	148	20644f17b88f0a6b	3			yes					-1	-1	159	
159	158	6030e929f24707fb	4			yes					-1	-1	-1	-1	
160	132	c5edcc1ff1464f95	4			yes					-1	-1	161	165	
161	160	d0b7c5a525361624	5			yes					162	163	-1	-1	164	
162	161	85b3fae1b710c323	4			yes					-1	-1	-1	-1	
163	161	94b531d5662a7de0	4			yes					-1	-1	-1	-1	
164	161	6ef18de40a06f503	4			yes					-1	-1	-1	-1	
165	160	f7c5e2873e28c7fe	3			yes					-1	-1	166	
166	165	173fd5fc780aa25a	5			yes					-1	-1	-1	-1	-1	
167	132	2a91ce18d0618d04	4			yes					-1	-1	-1	168	
168	167	339883a6f2c5a964	5			yes					-1	-1	-1	-1	-1	
169	132	64c552c6f52cc266	4			yes					-1	-1	-1	-1	
170	0	a76917003d4e5c36	5			yes					171	183	196	209	243	
171	170	b692d3c6f18ec6e2	4			yes					172	176	182	-1	
172	171	fdf2813290d5d9dd	3			yes					173	174	-1	
173	172	6655cf7515715211	4			yes					-1	-1	-1	-1	
174	172	5ff7221d524f1012	5			yes					-1	-1	-1	175	-1	
175	174	dceb61b568d22ec4	4			yes					-1	-1	-1	-1	
176	171	259263873a8ac37a	3			yes					-1	177	181	
177	176	ab9f5b0199493eaa	5			yes					178	179	-1	180	-1	
178	177	2cee8c33e8b14539	4			yes					-1	-1	-1	-1	
179	177	ef9daf71da55556e	4			yes					-1	-1	-1	-1	
180	177	6e962f2f21b7a8f3	4			yes					-1	-1	-1	-1	
181	176	098e034dd6a8348c	5			yes					-1	-1	-1	-1	-1	
182	171	7fd6c840f0bb3c99	3			yes					-1	-1	-1	
183	170	94eb9c825fe71236	4			yes					184	192	195	-1	
184	183	5bf3d192c64fdacc	3			yes					185	186	191	
185	184	71c179f1aada1bb3	4			yes					-1	-1	-1	-1	
186	184	29f0a0b8b700b41f	5			yes					187	188	-1	189	190	
187	186	bf81cba8a3b63b7b	4			yes					-1	-1	-1	-1	
188	186	dfda828e21bc1073	4			yes					-1	-1	-1	-1	
189	186	aaece3108d9d8ac9	4			yes					-1	-1	-1	-1	
190	186	1dba6fae1e62d2a9	4			yes					-1	-1	-1	-1	
191	184	629239c2f15181cf	5			yes					-1	-1	-1	-1	-1	
192	183	a1ea7c63c27914bf	3			yes					-1	193	-1	
193	192	af1d39c6a1f4ee7f	5			yes					-1	-1	-1	194	-1	
194	193	2c017a6e9b69d0a9	4			yes					-1	-1	-1	-1	
195	183	5daf87045ed2e84d	3			yes					-1	-1	-1	
196	170	d9f342af04547878	4			yes					197	204	208	-1	
197	196	16eb0fbf9dfcb082	3			yes					198	202	203	
198	197	94b7bf7b58336bdd	5			yes					-1	199	200	201	-1	
199	198	7eec36a93b56a04d	4			yes					-1	-1	-1	-1	
200	198	298bdf34e3e17e67	4			yes					-1	-1	-1	-1	
201	198	51becb55e0cdfd84	4			yes					-1	-1	-1	-1	
202	197	295743a652947b42	4			yes					-1	-1	-1	-1	
203	197	04c65e47ff3fdbed	5			yes					-1	-1	-1	-1	-1	
204	196	9d525f7e49f7b075	3			yes					-1	205	207	
205	204	a7523a877acba430	5			yes					-1	-1	-1	206	-1	
206	205	244e792f40569ae6	4			yes					-1	-1	-1	-1	
207	204	3f930c454c444915	5			yes					-1	-1	-1	-1	-1	
208	196	2c0f7a348eef26c9	3			yes					-1	-1	-1	
209	170	26c131f854de2696	5			yes					210	223	234	241	242	
210	209	e9d97ce8cd76ee6c	4			yes					211	215	219	220	
211	210	a2b724e72d21332e	5			yes					-1	212	213	214	-1	
212	211	965b39512bad5617	4			yes					-1	-1	-1	-1	
213	211	f73c4b508608d0ce	4			yes					-1	-1	-1	-1	
214	211	67be50c995dfa577	4			yes					-1	-1	-1	-1	
215	210	9d6eb60578bc6d67	5			yes					-1	-1	216	217	218	
216	215	bbd48dd81364bc2f	4			yes					-1	-1	-1	-1	
217	215	1e72f5ad422153b1	4			yes					-1	-1	-1	-1	
218	215	a9247913d1de0bd1	4			yes					-1	-1	-1	-1	
219	210	73c425e4155d9063	4			yes					-1	-1	-1	-1	
220	210	9bcedf44e28446e4	5			yes					-1	-1	221	222	-1	
221	220	ce45b0f349ada504	4			yes					-1	-1	-1	-1	
222	220	5ec7ab6a5a7ad0bd	4			yes					-1	-1	-1	-1	
223	209	62602c29197dee9b	4			yes					-1	224	228	229	
224	223	525d3f3cde9acd43	5			yes					225	-1	226	227	-1	
225	224	075900784cbc1844	4			yes					-1	-1	-1	-1	
226	224	07d6508b75b32ea3	4			yes					-1	-1	-1	-1	
227	224	97544b1266645b1a	4			yes					-1	-1	-1	-1	
228	223	71bb8db87e029cce	5			yes					-1	-1	-1	-1	-1	
229	223	3a4b54a6d5bb4bd7	6			yes					230	-1	231	232	-1	233	
230	229	6f4f6be2479d9ed0	5			yes					-1	-1	-1	-1	-1	
231	229	5f74df7582d59cd6	5			yes					-1	-1	-1	-1	-1	
232	229	1cf16f7bbe639a9f	5			yes					-1	-1	-1	-1	-1	
233	229	8d83698ba8a009c2	5			yes					-1	-1	-1	-1	-1	
234	209	b5c181b99fda230e	4			yes					-1	-1	235	236	
235	234	f1bdeefedd29d982	5			yes					-1	-1	-1	-1	-1	
236	234	0694e7417c3eea8e	6			yes					237	238	-1	239	-1	240	
237	236	5390d805ee183f89	5			yes					-1	-1	-1	-1	-1	
238	236	429613313f22814a	5			yes					-1	-1	-1	-1	-1	
239	236	202edc9c17e63bc6	5			yes					-1	-1	-1	-1	-1	
240	236	b15cda6c0125a89b	5			yes					-1	-1	-1	-1	-1	
241	209	41a6c1588239276d	4			yes					-1	-1	-1	-1	
242	209	7fde1020c9e80494	4			yes					-1	-1	-1	-1	
243	170	19064ebf82a3ea12	6			yes					244	270	289	300	303	305	
244	243	d61e03af1b0b22e8	5			yes					245	251	257	262	263	
245	244	4a6a5f933a2d7868	6			yes					-1	246	247	248	249	250	
246	245	7e8642253ca11d51	5			yes					-1	-1	-1	-1	-1	
247	245	f7563fdc81ff6dd2	5			yes					-1	-1	-1	-1	-1	
248	245	8f632bbd82d3ee31	5			yes					-1	-1	-1	-1	-1	
249	245	97b6426fc1d84692	5			yes					-1	-1	-1	-1	-1	
250	245	0d060fce01ed13c2	5			yes					-1	-1	-1	-1	-1	
251	244	29bace4be30de447	6			yes					-1	-1	252	253	255	256	
252	251	86502186e558499f	5			yes					-1	-1	-1	-1	-1	
253	251	aaa68de3d990da91	5			yes					-1	-1	-1	-1	254	
254	253	18d8cc303be43173	4			yes					-1	-1	-1	-1	
255	251	e2be625995310fd5	5			yes					-1	-1	-1	-1	-1	
256	251	9bc48f9801790fa5	5			yes					-1	-1	-1	-1	-1	
257	244	00d53268c382f046	6			yes					-1	-1	-1	258	260	261	
258	257	83c971c0f91fce90	5			yes					-1	-1	-1	-1	259	
259	258	31b730131b6b2572	4			yes					-1	-1	-1	-1	
260	257	cbd19e7ab5be1bd4	5			yes					-1	-1	-1	-1	-1	
261	257	b2ab73bb21f61ba4	5			yes					-1	-1	-1	-1	-1	
262	244	6c879d7be2313967	4			yes					-1	-1	-1	-1	
263	244	a47c28c27ea82c61	4			yes					264	266	268	-1	
264	263	10fbbaad5b358941	6			yes					-1	-1	-1	-1	265	-1	
265	264	cd27a751a0c0b7bb	5			yes					-1	-1	-1	-1	-1	
266	263	661a4ec445de7b97	6			yes					-1	-1	-1	267	-1	-1	
267	266	e5060d6c7f434541	5			yes					-1	-1	-1	-1	-1	
268	263	4f75b2e765516f96	6			yes					-1	-1	-1	269	-1	-1	
269	268	cc69f14f5fcc5140	5			yes					-1	-1	-1	-1	-1	
270	243	5da7536ecf00221f	5			yes					-1	271	277	283	284	
271	270	ba804448c9968605	6			yes					272	-1	273	274	275	276	
272	271	ef847b0c5bb05302	5			yes					-1	-1	-1	-1	-1	
273	271	07bc2407724493bf	5			yes					-1	-1	-1	-1	-1	
274	271	7f8930667168105c	5			yes					-1	-1	-1	-1	-1	
275	271	675c59b43263b8ff	5			yes					-1	-1	-1	-1	-1	
276	271	fdec1415f256edaf	5			yes					-1	-1	-1	-1	-1	
277	270	828c134f23a804e3	6			yes					278	-1	-1	279	281	282	
278	277	d7882c0bb18ed1e4	5			yes					-1	-1	-1	-1	-1	
279	277	019050e719353a35	5			yes					-1	-1	-1	-1	280	
280	279	b3ee1134fb41d1d7	4			yes					-1	-1	-1	-1	
281	277	4988bf5d5594ef71	5			yes					-1	-1	-1	-1	-1	
282	277	30f2529cc1dcef01	5			yes					-1	-1	-1	-1	-1	
283	270	e73ecdba363a3990	4			yes					-1	-1	-1	-1	
284	270	2fc57803aaa32c96	4			yes					-1	285	287	-1	
285	284	e011a176a88e772c	6			yes					-1	-1	-1	-1	286	-1	
286	285	3dcdbc8a537b49d6	5			yes					-1	-1	-1	-1	-1	
287	284	cd2c93c0857b9b33	6			yes					-1	-1	-1	288	-1	-1	
288	287	4e30d068bfe6a5e5	5			yes					-1	-1	-1	-1	-1	
289	243	8a06fefe49a7ef8a	5			yes					-1	-1	290	296	297	
290	289	7980c7fb7d602d22	6			yes					291	292	-1	293	294	295	
291	290	2c84f8bfef46f825	5			yes					-1	-1	-1	-1	-1	
292	290	3d82338b3e7c46e6	5			yes					-1	-1	-1	-1	-1	
293	290	bc89b3d5c59ebb7b	5			yes					-1	-1	-1	-1	-1	
294	290	a45cda07869513d8	5			yes					-1	-1	-1	-1	-1	
295	290	3eec97a646a04688	5			yes					-1	-1	-1	-1	-1	
296	289	309f602ab09df405	4			yes					-1	-1	-1	-1	
297	289	f864d5932c04e103	4			yes					-1	-1	298	-1	
298	297	231122c51c78dc0b	6			yes					-1	-1	-1	-1	299	-1	
299	298	fecd3f39e78de2f1	5			yes					-1	-1	-1	-1	-1	
300	243	d042553983961069	5			yes					-1	-1	-1	301	302	
301	300	6adbcbed7aac0be6	4			yes					-1	-1	-1	-1	
302	300	a2207e54e6351ee0	4			yes					-1	-1	-1	-1	
303	243	a39fd06b7b99f19d	5			yes					-1	-1	-1	-1	304	
304	303	d1fdfb061e3aff14	4			yes					-1	-1	-1	-1	
305	243	6b6465d2e700e49b	5			yes					-1	-1	-1	-1	-1	
306	0	72565d1649bcfcc2	5			yes					307	335	358	382	-1	
307	306	919517fecaab3616	5			yes					308	314	327	334	-1	
308	307	daf5450aabf02929	4			yes					309	311	313	-1	
309	308	8d51a9f55adca68b	5			yes					-1	-1	-1	-1	310	
310	309	3f2fe826b8a84d69	4			yes					-1	-1	-1	-1	
311	308	e26575acf433af95	5			yes					-1	-1	-1	-1	312	
312	311	a50925f1cff3c43f	4			yes					-1	-1	-1	-1	
313	308	f67f19441ea62d22	5			yes					-1	-1	-1	-1	-1	
314	307	0295a7bf01af338e	4			yes					-1	315	323	-1	
315	314	ad283b02070c99e6	6			yes					316	318	-1	320	321	322	
316	315	2a59ec3076f4e275	5			yes					-1	-1	-1	-1	317	
317	316	9827ade394800997	4			yes					-1	-1	-1	-1	
318	315	e92acf724410f222	5			yes					-1	-1	-1	-1	319	
319	318	5b548ea1a66419c0	4			yes					-1	-1	-1	-1	
320	315	8d36fbc3723d40cf	5			yes					-1	-1	-1	-1	-1	
321	315	662c971071307274	5			yes					-1	-1	-1	-1	-1	
322	315	1f567ad1e5787204	5			yes					-1	-1	-1	-1	-1	
323	314	5df5b7139ab11409	5			yes					324	325	-1	-1	326	
324	323	da846021eb496f9a	4			yes					-1	-1	-1	-1	
325	323	19f74363d9ad7fcd	4			yes					-1	-1	-1	-1	
326	323	1a99e74ea1717fa3	4			yes					-1	-1	-1	-1	
327	307	58d10c78cb9ecc6d	4			yes					-1	-1	328	-1	
328	327	a327f902453157a9	6			yes					329	330	331	-1	332	333	
329	328	24562e3034c92c3a	5			yes					-1	-1	-1	-1	-1	
330	328	e7250d72062d3c6d	5			yes					-1	-1	-1	-1	-1	
331	328	97cbe4b443bd3290	5			yes					-1	-1	-1	-1	-1	
332	328	9419066917837fcf	5			yes					-1	-1	-1	-1	-1	
333	328	1159b8d1a745bc4b	5			yes					-1	-1	-1	-1	-1	
334	307	c0963c21e0028a03	4			yes					-1	-1	-1	-1	
335	306	b3ec58ba64c2e2c2	5			yes					336	346	350	357	-1	
336	335	7cf415aafd6a2a38	4			yes					337	339	344	-1	
337	336	fbd9b73fab6c8cfa	5			yes					-1	-1	-1	-1	338	
338	337	49a7f6ec49186718	4			yes					-1	-1	-1	-1	
339	336	7c1cdf7ccc8d8e33	5			yes					340	341	-1	342	343	
340	339	ea6db46cd83b0157	4			yes					-1	-1	-1	-1	
341	339	8a36fd4a5a312a5f	4			yes					-1	-1	-1	-1	
342	339	24764076090f75ca	4			yes					-1	-1	-1	-1	
343	339	3b708f21f74de599	4			yes					-1	-1	-1	-1	
344	336	1e74dae9fe84aa14	5			yes					-1	-1	-1	-1	345	
345	344	59188ab4c544c1be	4			yes					-1	-1	-1	-1	
346	335	86edb85bf95ce44b	4			yes					-1	347	349	-1	
347	346	128f6e77078851f8	5			yes					-1	-1	-1	-1	348	
348	347	55e33e2a3c483a52	4			yes					-1	-1	-1	-1	
349	346	0695029fed1dd34f	5			yes					-1	-1	-1	-1	-1	
350	335	7aa8433c65f718b9	4			yes					-1	-1	351	-1	
351	350	d634eecf5aa1633f	6			yes					352	353	354	-1	355	356	
352	351	8330d18bc887b638	5			yes					-1	-1	-1	-1	-1	
353	351	3550e504e5f392f9	5			yes					-1	-1	-1	-1	-1	
354	351	e2d8f3795c2d0606	5			yes					-1	-1	-1	-1	-1	
355	351	e10a11a408134b59	5			yes					-1	-1	-1	-1	-1	
356	351	644aaf1cb8d588dd	5			yes					-1	-1	-1	-1	-1	
357	335	e2ef73654e6b5ed7	4			yes					-1	-1	-1	-1	
358	306	fef486973f71888c	5			yes					359	373	379	381	-1	
359	358	31eccb87a6d94076	4			yes					360	368	370	-1	
360	359	9200df78c676cc91	6			yes					-1	361	363	365	366	367	
361	360	785b56aaa5130701	5			yes					-1	-1	-1	-1	362	
362	361	ca2517794767ece3	4			yes					-1	-1	-1	-1	
363	360	2f3cbf377da4d92b	5			yes					-1	-1	-1	-1	364	
364	363	9d42fee49fd032c9	4			yes					-1	-1	-1	-1	
365	360	b21e1fb9b34715b8	5			yes					-1	-1	-1	-1	-1	
366	360	5904736ab04a2703	5			yes					-1	-1	-1	-1	-1	
367	360	207e9eab24022773	5			yes					-1	-1	-1	-1	-1	
368	359	b6b7444f26f4c10b	5			yes					-1	-1	-1	-1	369	
369	368	04c9059cc4802ae9	4			yes					-1	-1	-1	-1	
370	359	7820bd6cf0eaf036	5			yes					-1	-1	371	-1	372	
371	370	c51cdd234b38e58c	4			yes					-1	-1	-1	-1	
372	370	3f4ced31cb2a9b9c	4			yes					-1	-1	-1	-1	
373	358	ba559b4672d24081	4			yes					-1	374	376	-1	
374	373	fc1eb5e5be6b28a2	5			yes					-1	-1	-1	-1	375	
375	374	4e60f4365c1fc340	4			yes					-1	-1	-1	-1	
376	373	1cbb7cbeb9c6a7ab	5			yes					377	-1	-1	-1	378	
377	376	49bf43fa2be072ac	4			yes					-1	-1	-1	-1	
378	376	5bd72ce38206cc01	4			yes					-1	-1	-1	-1	
379	358	0b08be0cb5cad63d	4			yes					-1	-1	380	-1	
380	379	c595812c59eb7868	5			yes					-1	-1	-1	-1	-1	
381	358	aff7ad4815d83499	4			yes					-1	-1	-1	-1	
382	306	b57797d4be44a8b9	5			yes					383	396	407	409	-1	
383	382	7a6fdac427ec6043	4			yes					384	392	394	-1	
384	383	a40044e4b3649462	6			yes					-1	385	387	389	390	391	
385	384	90ec5952b5e8f15b	5			yes					-1	-1	-1	-1	386	
386	385	22921881579c1ab9	4			yes					-1	-1	-1	-1	
387	384	f18b2b53184d7782	5			yes					-1	-1	-1	-1	388	
388	387	43f56a80fa399c60	4			yes					-1	-1	-1	-1	
389	384	841e8425c6554d4b	5			yes					-1	-1	-1	-1	-1	
390	384	6f04e8f6c5587ff0	5			yes					-1	-1	-1	-1	-1	
391	384	167e053751107f80	5			yes					-1	-1	-1	-1	-1	
392	383	dc15f4439ee89e4d	5			yes					-1	-1	-1	-1	393	
393	392	6e6bb5907c9c75af	4			yes					-1	-1	-1	-1	
394	383	518be032f4590b89	5			yes					-1	-1	-1	-1	395	
395	394	e3f5a1e1162de06b	4			yes					-1	-1	-1	-1	
396	382	f1d68a05f3e760b4	4			yes					-1	397	405	-1	
397	396	54ea5f3f40df6a0f	6			yes					398	-1	400	402	403	404	
398	397	01ee607bd2f9bf08	5			yes					-1	-1	-1	-1	399	
399	398	b39021a8308d54ea	4			yes					-1	-1	-1	-1	
400	397	01613088ebf689ef	5			yes					-1	-1	-1	-1	401	
401	400	b31f715b0982620d	4			yes					-1	-1	-1	-1	
402	397	74f49ffe35eeb326	5			yes					-1	-1	-1	-1	-1	
403	397	9feef32d36e3819d	5			yes					-1	-1	-1	-1	-1	
404	397	e6941eeca2ab81ed	5			yes					-1	-1	-1	-1	-1	
405	396	82ad7a1a4c78627d	5			yes					-1	-1	-1	-1	406	
406	405	30d33bc9ae0c899f	4			yes					-1	-1	-1	-1	
407	382	267727957540ad21	4			yes					-1	-1	408	-1	
408	407	2ea74dc4cdba4f10	5			yes					-1	-1	-1	-1	-1	
409	382	c90b259254676fb0	4			yes					-1	-1	-1	-1	
