Number of nodes
390
ID	PID	Hash_Value			File_Number	Fully_Enumerated	Children
0	-1	871d94d02a6e8cd6	6			yes					1	47	86	124	163	284	
1	0	daf2e03f04f61e3f	5			yes					2	14	34	43	46	
2	1	55bb5b72dff6a029	4			yes					3	5	7	11	
3	2	1171460fa20a6b2d	4			yes					-1	-1	-1	4	
4	3	27ed3badd1e3223f	3			yes					-1	-1	-1	
5	2	7472d85ead501cc6	4			yes					-1	6	-1	-1	
6	5	8d7068e0c2306b78	3			yes					-1	-1	-1	
7	2	dd19e8fa6918f1cc	5			yes					-1	8	9	-1	10	
8	7	241b584406788672	4			yes					-1	-1	-1	-1	
9	7	e15cbdb4099c04e1	4			yes					-1	-1	-1	-1	
10	7	376bf019a981b1d3	4			yes					-1	-1	-1	-1	
11	2	1bc3d13e7e8d3a1b	5			yes					-1	12	13	-1	-1	
12	11	e2c1618011ed4da5	4			yes					-1	-1	-1	-1	
13	11	278684701e09cf36	4			yes					-1	-1	-1	-1	
14	1	1c873229a81da58b	4			yes					-1	15	26	32	
15	14	e8553344c4027e74	3			yes					16	17	21	
16	15	c16221861bacf749	4			yes					-1	-1	-1	-1	
17	15	4d97aa8c585b3223	5			yes					18	19	-1	-1	20	
18	17	f01c0915d84016d2	4			yes					-1	-1	-1	-1	
19	17	bdd1d8f5a35da61e	4			yes					-1	-1	-1	-1	
20	17	a7e5b26f98c2723c	4			yes					-1	-1	-1	-1	
21	15	8b4d93484fcef9f4	5			yes					22	23	-1	24	25	
22	21	36c630d1cfd5dd05	4			yes					-1	-1	-1	-1	
23	21	7b0be131b4c86dc9	4			yes					-1	-1	-1	-1	
24	21	64b7b90a6231b61f	4			yes					-1	-1	-1	-1	
25	21	78040c536ce8f483	4			yes					-1	-1	-1	-1	
26	14	4deae3940350b328	3			yes					27	-1	28	
27	26	67b04af3ad848252	4			yes					-1	-1	-1	-1	
28	26	1db476bd0804b8d1	5			yes					29	30	-1	-1	31	
29	28	a03fd524881f9c20	4			yes					-1	-1	-1	-1	
30	28	edf204c4f3022cec	4			yes					-1	-1	-1	-1	
31	28	c1c74e66358d41a8	4			yes					-1	-1	-1	-1	
32	14	2af66b9d1c52734a	3			yes					33	-1	-1	
33	32	d4a4a4b6f2c52f48	4			yes					-1	-1	-1	-1	
34	1	2e20e15268e9c5c0	4			yes					-1	-1	35	41	
35	34	7f4d30efc3a4d363	3			yes					36	-1	37	
36	35	502ce99d52e545b1	4			yes					-1	-1	-1	-1	
37	35	e3392f51360f0c3a	5			yes					38	39	40	-1	-1	
38	37	5eb28cc8b61428cb	4			yes					-1	-1	-1	-1	
39	37	137f5d28cd099807	4			yes					-1	-1	-1	-1	
40	37	1a3b9fef596f7b84	4			yes					-1	-1	-1	-1	
41	34	1851b8e6dca61301	3			yes					42	-1	-1	
42	41	62f67d8289f3f8cd	4			yes					-1	-1	-1	-1	
43	1	8b9f3182afbb089c	4			yes					-1	-1	-1	44	
44	43	bdee68361bf4de5d	3			yes					45	-1	-1	
45	44	ea79e6dbee800cea	5			yes					-1	-1	-1	-1	-1	
46	1	ec83b98bb0b9c8fe	4			yes					-1	-1	-1	-1	
47	0	0463085afefbc654	5			yes					48	63	73	82	85	
48	47	62e696a709867934	4			yes					49	51	57	61	
49	48	b5c665c86926a26a	4			yes					-1	-1	-1	50	
50	49	835a186a1acfeb78	3			yes					-1	-1	-1	
51	48	963497ca6599a2cb	3			yes					52	54	55	
52	51	b713a9ba1485e9d2	4			yes					-1	-1	-1	53	
53	52	73bc5340153ae9d3	3			yes					-1	-1	-1	
54	51	6303b62a834d2380	4			yes					-1	-1	-1	-1	
55	51	68637f5b9fe546aa	5			yes					-1	-1	-1	-1	56	
56	55	9e6072d8022921e3	4			yes					-1	-1	-1	-1	
57	48	338b471aa2cb6f97	3			yes					58	-1	59	
58	57	db1383d53b42d3bb	4			yes					-1	-1	-1	-1	
59	57	7f071b83b0f93405	5			yes					-1	-1	-1	-1	60	
60	59	e2c1cf40d7b14803	4			yes					-1	-1	-1	-1	
61	48	5497cf13bdc9aff5	3			yes					62	-1	-1	
62	61	7013877139e9e60f	4			yes					-1	-1	-1	-1	
63	47	f54b17998460a4fd	4			yes					-1	64	66	70	
64	63	41428aa903c1f542	4			yes					65	-1	-1	-1	
65	64	b0a315d82ea1d8bb	3			yes					-1	-1	-1	
66	63	e829ba0dc7891848	5			yes					67	-1	68	-1	69	
67	66	19c8257ceae935b1	4			yes					-1	-1	-1	-1	
68	66	d46cef43a70ded65	4			yes					-1	-1	-1	-1	
69	66	025ba2ee07105857	4			yes					-1	-1	-1	-1	
70	63	2ef383c9d01cd39f	5			yes					71	-1	72	-1	-1	
71	70	df121cb8fd7cfe66	4			yes					-1	-1	-1	-1	
72	70	12b6d687b09826b2	4			yes					-1	-1	-1	-1	
73	47	f0b1093792e41dab	4			yes					-1	-1	74	80	
74	73	a1dcd88a39a90b08	3			yes					-1	75	76	
75	74	651cbb6afc74ac35	4			yes					-1	-1	-1	-1	
76	74	875748d87fc84df6	5			yes					77	78	79	-1	-1	
77	76	76b6d7a952a8600f	4			yes					-1	-1	-1	-1	
78	76	5f1561c06072910f	4			yes					-1	-1	-1	-1	
79	76	7e55f86610a83a48	4			yes					-1	-1	-1	-1	
80	73	c6c0508326abcb6a	3			yes					-1	81	-1	
81	80	57c62f7527621149	4			yes					-1	-1	-1	-1	
82	47	550ed9e755b6d0f7	4			yes					-1	-1	-1	83	
83	82	637f8053e1f90636	3			yes					-1	84	-1	
84	83	df49b42c4011e56e	5			yes					-1	-1	-1	-1	-1	
85	47	321251ee4ab41095	4			yes					-1	-1	-1	-1	
86	0	7cefb55e90980ecd	5			yes					87	104	114	120	123	
87	86	1a6a2ba367e5b1ad	4			yes					88	96	98	102	
88	87	dd87b1414741ee54	3			yes					-1	89	92	
89	88	87aa2404f3717a61	5			yes					-1	-1	90	-1	91	
90	89	bbef714a93f58f4c	4			yes					-1	-1	-1	-1	
91	89	6dd83ce733e83a7e	4			yes					-1	-1	-1	-1	
92	88	41701dc0e4e4b1b6	5			yes					-1	-1	93	94	95	
93	92	7d35488e8460449b	4			yes					-1	-1	-1	-1	
94	92	ae8a3782c91bfe5d	4			yes					-1	-1	-1	-1	
95	92	b23982dbc7c2bcc1	4			yes					-1	-1	-1	-1	
96	87	92777a8bb941e638	4			yes					-1	-1	-1	97	
97	96	a4eb0729caa8af2a	3			yes					-1	-1	-1	
98	87	4b07fa1ecca8a70e	3			yes					-1	99	100	
99	98	c037c5b94baa4133	4			yes					-1	-1	-1	-1	
100	98	2e5d4d40d2dd3e44	5			yes					-1	-1	-1	-1	101	
101	100	b39b9983b5954242	4			yes					-1	-1	-1	-1	
102	87	2c1b7217d3aa676c	3			yes					-1	103	-1	
103	102	57a29832e98ea25d	4			yes					-1	-1	-1	-1	
104	86	bb022fbcb03c5134	4			yes					-1	105	107	112	
105	104	6b69e472d04ce5c9	4			yes					106	-1	-1	-1	
106	105	9a887b03fd2cc830	3			yes					-1	-1	-1	
107	104	ea6ffe011b714797	3			yes					-1	108	109	
108	107	94d8fdb4a373efea	4			yes					-1	-1	-1	-1	
109	107	017aa2519e4e589f	5			yes					110	-1	-1	-1	111	
110	109	f09b3d20b32e7566	4			yes					-1	-1	-1	-1	
111	109	dd099a8aa3c7a1e6	4			yes					-1	-1	-1	-1	
112	104	8d737608047387f5	3			yes					-1	113	-1	
113	112	e7441455409756f0	4			yes					-1	-1	-1	-1	
114	86	c6748c16c8db20fb	4			yes					-1	-1	115	118	
115	114	01fd9664f5203b2b	5			yes					-1	116	-1	-1	117	
116	115	f1bbe41d0e26af16	4			yes					-1	-1	-1	-1	
117	115	eb8f8e8735b97b34	4			yes					-1	-1	-1	-1	
118	114	c727afa0e2b5f0fc	5			yes					-1	119	-1	-1	-1	
119	118	3761ddd919b364c1	4			yes					-1	-1	-1	-1	
120	86	2d8264e33bd5186e	4			yes					-1	-1	-1	121	
121	120	1bf33d578f9aceaf	3			yes					-1	-1	122	
122	121	369d984572b8c60d	5			yes					-1	-1	-1	-1	-1	
123	86	4a9eecea24d7d80c	4			yes					-1	-1	-1	-1	
124	0	7000a108984a2e0b	5			yes					125	140	153	160	162	
125	124	16853ff56f37916b	4			yes					126	134	137	138	
126	125	d168a5174f93ce92	3			yes					127	129	130	
127	126	37ec499f2c3cdb47	4			yes					-1	128	-1	-1	
128	127	eeb651bced9dc8e9	3			yes					-1	-1	-1	
129	126	4ed184f8f17a68e1	4			yes					-1	-1	-1	-1	
130	126	41799df7d05d7b41	5			yes					-1	131	-1	132	133	
131	130	b87b2d49bf3d0cff	4			yes					-1	-1	-1	-1	
132	130	ae83b7b5fda234aa	4			yes					-1	-1	-1	-1	
133	130	b23002ecf37b7636	4			yes					-1	-1	-1	-1	
134	125	d0f0ede3c3dc2adf	3			yes					-1	135	136	
135	134	6f23da109aee4ca9	4			yes					-1	-1	-1	-1	
136	134	f6c83d4871256d58	4			yes					-1	-1	-1	-1	
137	125	107e45491d5ea345	4			yes					-1	-1	-1	-1	
138	125	20f46641db7847aa	3			yes					-1	-1	139	
139	138	ea4ebb6f1fd90f50	4			yes					-1	-1	-1	-1	
140	124	b7ed3beab8ee71f2	4			yes					-1	141	147	150	
141	140	7198e9fc1405ca46	3			yes					-1	142	143	
142	141	7be1d60f5feb8165	4			yes					-1	-1	-1	-1	
143	141	7449cf007ecc92c5	5			yes					144	-1	-1	145	146	
144	143	85a8507153acbf3c	4			yes					-1	-1	-1	-1	
145	143	9bb3e5425333dd2e	4			yes					-1	-1	-1	-1	
146	143	8700501b5dea9fb2	4			yes					-1	-1	-1	-1	
147	140	3d9b7da73673d485	5			yes					148	-1	-1	-1	149	
148	147	cc7ae2d61b13f97c	4			yes					-1	-1	-1	-1	
149	147	49b24cfcbe0eb228	4			yes					-1	-1	-1	-1	
150	140	819c625e0ca1a733	3			yes					-1	-1	151	
151	150	4e41c308155f54af	5			yes					-1	-1	-1	-1	152	
152	151	b842ce8b889333e6	4			yes					-1	-1	-1	-1	
153	124	b675731e34a195bf	4			yes					-1	-1	154	158	
154	153	d0bce94633d0ba70	5			yes					155	156	-1	-1	157	
155	154	215d76371eb09789	4			yes					-1	-1	-1	-1	
156	154	20fa9b3fc8d62e4d	4			yes					-1	-1	-1	-1	
157	154	078bac9736ea2413	4			yes					-1	-1	-1	-1	
158	153	80042aaa80ee437e	3			yes					-1	-1	159	
159	158	cee288513a400f01	5			yes					-1	-1	-1	-1	-1	
160	124	516c8fbdcf7d8dec	4			yes					-1	-1	-1	161	
161	160	777116415a2b8724	5			yes					-1	-1	-1	-1	-1	
162	124	4671f8bc2c05f8ca	4			yes					-1	-1	-1	-1	
163	0	e90d0dc848f18f15	5			yes					164	177	189	202	233	
164	163	2bed3196514a10ce	4			yes					165	170	176	-1	
165	164	a4a48adb8a4aaed8	3			yes					166	168	-1	
166	165	cc43f5749119f02e	5			yes					-1	-1	-1	-1	-1	
167	166	c9eb48bb6c2fa41c	4			no					-1	-1	-2	-1	
168	165	4411233f86a4e277	5			yes					-1	-1	-1	-1	169	
169	168	41b99ef07b92b645	4			yes					-1	-1	-1	-1	
170	164	ed98e380fda1ab7a	3			yes					-1	171	175	
171	170	7c8ee7e1debffb92	5			yes					172	173	-1	174	-1	
172	171	c10544785ea4df63	4			yes					-1	-1	-1	-1	
173	171	8cc8959825b96faf	4			yes					-1	-1	-1	-1	
174	171	810b85327cb25722	4			yes					-1	-1	-1	-1	
175	170	8c676844c52a912e	5			yes					-1	-1	-1	-1	-1	
176	164	df3f30fb3d55cb31	3			yes					-1	-1	-1	
177	163	f57cd9f3ab47c8a5	4			yes					178	185	188	-1	
178	177	93f9470e5c3a77c5	3			yes					179	180	184	
179	178	54162852df0cb1ab	4			yes					-1	-1	-1	-1	
180	178	ad8b6bb509fb3aa7	5			yes					181	182	-1	-1	183	
181	180	6e40588c7ce6c062	4			yes					-1	-1	-1	-1	
182	180	0ca0a9db488c0a64	4			yes					-1	-1	-1	-1	
183	180	a823d67af4cd6e95	4			yes					-1	-1	-1	-1	
184	178	2247791fd4d79edc	5			yes					-1	-1	-1	-1	-1	
185	177	0454c630d1dcaa0c	3			yes					-1	186	-1	
186	185	712171c828350bf3	5			yes					-1	-1	-1	-1	187	
187	186	7489cc07d5035fc1	4			yes					-1	-1	-1	-1	
188	177	01aed89ec758135a	3			yes					-1	-1	-1	
189	163	8df064f7c524003c	4			yes					190	197	201	-1	
190	189	eb75fa0a3259bf5c	3			yes					191	195	196	
191	190	b6b369697595b3d0	5			yes					-1	192	193	194	-1	
192	191	15021529809c4fc3	4			yes					-1	-1	-1	-1	
193	191	8af63c27151146fd	4			yes					-1	-1	-1	-1	
194	191	4b360bbad7981f60	4			yes					-1	-1	-1	-1	
195	190	3421106c960f006a	4			yes					-1	-1	-1	-1	
196	190	731d2fdcb6f3949d	5			yes					-1	-1	-1	-1	-1	
197	189	4a1dfe15e5805fc5	3			yes					-1	198	200	
198	197	846f2fd100ac53c2	5			yes					-1	-1	-1	-1	199	
199	198	81c7921efd9a07f0	4			yes					-1	-1	-1	-1	
200	197	15f6b5b85bda3eb9	5			yes					-1	-1	-1	-1	-1	
201	189	376b5dbf9d672e0a	3			yes					-1	-1	-1	
202	163	78d1a35748cd3549	5			yes					203	215	224	231	232	
203	202	1e543daabfb08a29	4			yes					204	208	211	212	
204	203	b6bae95e412c7927	5			yes					-1	205	206	207	-1	
205	204	4fb859e02e4c0e99	4			yes					-1	-1	-1	-1	
206	204	d045f0d98f78cd50	4			yes					-1	-1	-1	-1	
207	204	4b3f8b8de321d597	4			yes					-1	-1	-1	-1	
208	203	c9108f7f0cd0cd88	5			yes					-1	-1	209	-1	210	
209	208	23323be49a1927b7	4			yes					-1	-1	-1	-1	
210	208	ccb832b0f1e699ba	4			yes					-1	-1	-1	-1	
211	203	46c7021a7825b9ca	4			yes					-1	-1	-1	-1	
212	203	4db8a26928609c49	5			yes					-1	-1	213	214	-1	
213	212	2b47bbeee634283e	4			yes					-1	-1	-1	-1	
214	212	b03dc0ba8a6d30f9	4			yes					-1	-1	-1	-1	
215	202	bf3c39b568696ab0	4			yes					-1	216	220	221	
216	215	838abba9efbd90a3	5			yes					217	-1	218	219	-1	
217	216	726b24d8c2ddbd5a	4			yes					-1	-1	-1	-1	
218	216	e575a22e21e924d4	4			yes					-1	-1	-1	-1	
219	216	7e0fd97a4db03c13	4			yes					-1	-1	-1	-1	
220	215	70f1daff6f320392	5			yes					-1	-1	-1	-1	-1	
221	215	cc8c04a15902ec68	5			yes					222	-1	-1	223	-1	
222	221	3d6d9bd07462c191	4			yes					-1	-1	-1	-1	
223	221	31096672fb0f40d8	4			yes					-1	-1	-1	-1	
224	202	bea47141e4268efd	4			yes					-1	-1	225	226	
225	224	b4313c356d87f611	5			yes					-1	-1	-1	-1	-1	
226	224	22ef9fe8d900be98	6			yes					227	228	-1	229	-1	230	
227	226	d30e0099f4609361	5			yes					-1	-1	-1	-1	-1	
228	226	d2a9ed9122062aa5	5			yes					-1	-1	-1	-1	-1	
229	226	c8cd2b734fc954a7	5			yes					-1	-1	-1	-1	-1	
230	226	5f44f0b46ade58b0	5			yes					-1	-1	-1	-1	-1	
231	202	f66adcca1a18c59b	4			yes					-1	-1	-1	-1	
232	202	e9a6a99429e7abff	4			yes					-1	-1	-1	-1	
233	163	e52adb6f36927f48	6			yes					234	252	267	278	281	283	
234	233	83af4592c1efc028	5			yes					235	241	244	246	247	
235	234	a3e645f7be7afb95	6			yes					-1	236	237	238	239	240	
236	235	5ae4f549d11a8c2b	5			yes					-1	-1	-1	-1	-1	
237	235	9fa310b9defe0eb8	5			yes					-1	-1	-1	-1	-1	
238	235	5e6327241c775725	5			yes					-1	-1	-1	-1	-1	
239	235	3de614ddd3e07e83	5			yes					-1	-1	-1	-1	-1	
240	235	64f5579ebfc35121	5			yes					-1	-1	-1	-1	-1	
241	234	e22d1beca7900448	5			yes					-1	-1	242	-1	243	
242	241	0e645b467873117b	4			yes					-1	-1	-1	-1	
243	241	253e0985a629aefc	4			yes					-1	-1	-1	-1	
244	234	3f72c1e9b87c8c79	5			yes					-1	-1	-1	-1	245	
245	244	f861d380b9c526cd	4			yes					-1	-1	-1	-1	
246	234	6fb3b831b2eba7a8	4			yes					-1	-1	-1	-1	
247	234	1956b43a93545832	4			yes					248	250	251	-1	
248	247	412c438d991fd7ff	6			yes					-1	-1	-1	-1	249	-1	
249	248	df2c12a7f48552e9	5			yes					-1	-1	-1	-1	-1	
250	247	00e71d9680f52822	5			yes					-1	-1	-1	-1	-1	
251	247	ddb8c7939f19a013	5			yes					-1	-1	-1	-1	-1	
252	233	22c7418d163620b1	5			yes					-1	253	259	262	263	
253	252	96d6170010eb1211	6			yes					254	-1	255	256	257	258	
254	253	673788713d8b3fe8	5			yes					-1	-1	-1	-1	-1	
255	253	aa93424e706fe73c	5			yes					-1	-1	-1	-1	-1	
256	253	6b5375d3b2e6bea1	5			yes					-1	-1	-1	-1	-1	
257	253	08d6462a7d719707	5			yes					-1	-1	-1	-1	-1	
258	253	51c505691152b8a5	5			yes					-1	-1	-1	-1	-1	
259	252	ed2d9701104e5b12	5			yes					260	-1	-1	-1	261	
260	259	1ccc08703d2e76eb	4			yes					-1	-1	-1	-1	
261	259	2a3e856811f7f1a6	4			yes					-1	-1	-1	-1	
262	252	cedbbc2e65324731	4			yes					-1	-1	-1	-1	
263	252	b83eb025448db8ab	4			yes					-1	264	266	-1	
264	263	741c117a378e3e7b	6			yes					-1	-1	-1	-1	265	-1	
265	264	ea1c40505a14bb6d	5			yes					-1	-1	-1	-1	-1	
266	263	0fe7917b372b7778	5			yes					-1	-1	-1	-1	-1	
267	233	235f09799a79c4fc	5			yes					-1	-1	268	274	275	
268	267	7f023b6922423172	6			yes					269	270	-1	271	272	273	
269	268	8ee3a4180f221c8b	5			yes					-1	-1	-1	-1	-1	
270	268	8f444910d944a54f	5			yes					-1	-1	-1	-1	-1	
271	268	828759ba804f9dc2	5			yes					-1	-1	-1	-1	-1	
272	268	e1026a434fd8b464	5			yes					-1	-1	-1	-1	-1	
273	268	b811290023fb9bc6	5			yes					-1	-1	-1	-1	-1	
274	267	cf43f4dae97da37c	4			yes					-1	-1	-1	-1	
275	267	b9a6f8d1c8c25ce6	4			yes					-1	-1	276	-1	
276	275	9dc83d1305271d18	6			yes					-1	-1	-1	-1	277	-1	
277	276	03c86c3968bd980e	5			yes					-1	-1	-1	-1	-1	
278	233	11f8da025a8da4b7	5			yes					-1	-1	-1	279	280	
279	278	fde427a12989c337	4			yes					-1	-1	-1	-1	
280	278	8b012baa08363cad	4			yes					-1	-1	-1	-1	
281	233	093626cc459618c8	5			yes					-1	-1	-1	-1	282	
282	281	93cfd764172d80d2	4			yes					-1	-1	-1	-1	
283	233	7fd32ac76429e752	5			yes					-1	-1	-1	-1	-1	
284	0	dc783b9fc5570c0e	5			yes					285	315	338	362	-1	
285	284	12781ac208346ca5	5			yes					286	292	305	314	-1	
286	285	9d31a18fd334d2b3	4			yes					287	289	291	-1	
287	286	7f35f3acdfb45adb	5			yes					-1	-1	-1	-1	288	
288	287	1b3f8581bdbb39c7	4			yes					-1	-1	-1	-1	
289	286	ab2cfe6ebe4b0e1c	5			yes					-1	-1	-1	-1	290	
290	289	6c3fec07bff2a4a8	4			yes					-1	-1	-1	-1	
291	286	06d4951ea37aa04a	5			yes					-1	-1	-1	-1	-1	
292	285	d40dc8d4a4dfd711	4			yes					-1	293	301	-1	
293	292	20dcc45262bf8c67	6			yes					294	296	-1	298	299	300	
294	293	9d5767cbe2a4a896	5			yes					-1	-1	-1	-1	295	
295	294	f95d11e680abcb8a	4			yes					-1	-1	-1	-1	
296	293	d09ab62b99b9185a	5			yes					-1	-1	-1	-1	297	
297	296	b490c006fbb67b46	4			yes					-1	-1	-1	-1	
298	293	cf26ee104f40c38c	5			yes					-1	-1	-1	-1	-1	
299	293	1c0e7a7e0ee7979f	5			yes					-1	-1	-1	-1	-1	
300	293	44d6b27f00b0ef7b	5			yes					-1	-1	-1	-1	-1	
301	292	e7405884863817e5	5			yes					302	303	-1	-1	304	
302	301	5acbfb1d06233314	4			yes					-1	-1	-1	-1	
303	301	17062afd7d3e83d8	4			yes					-1	-1	-1	-1	
304	301	20534aed8781bd51	4			yes					-1	-1	-1	-1	
305	285	e6aa1baf642bb75a	4			yes					-1	-1	306	-1	
306	305	16527407057fad77	6			yes					307	309	311	-1	312	313	
307	306	abd9d79e85648986	5			yes					-1	-1	-1	-1	308	
308	307	cfd3a1b3e76bea9a	4			yes					-1	-1	-1	-1	
309	306	e614067efe79394a	5			yes					-1	-1	-1	-1	-1	
310	309	821e70539c765a56	4			yes					-1	-1	-1	-1	
311	306	ef50c4b96a1fdac9	5			yes					-1	-1	-1	-1	-1	
312	306	18594ec57fc9b23a	5			yes					-1	-1	-1	-1	-1	
313	306	7258022a6770ce6b	5			yes					-1	-1	-1	-1	-1	
314	285	4315cb7fa3797a06	4			yes					-1	-1	-1	-1	
315	284	cce9f2a7f239b4ce	5			yes					316	326	330	337	-1	
316	315	aa6c6c5a05440bae	4			yes					317	319	324	-1	
317	316	db82d06b1498939c	5			yes					-1	-1	-1	-1	318	
318	317	bf88a6467697f080	4			yes					-1	-1	-1	-1	
319	316	b16d3d34044f3216	5			yes					320	321	-1	322	323	
320	319	72a60e0d7152c8d3	4			yes					-1	-1	-1	-1	
321	319	1046ff5a453802d5	4			yes					-1	-1	-1	-1	
322	319	f98625bf472b42a4	4			yes					-1	-1	-1	-1	
323	319	767e2f5d05f698a2	4			yes					-1	-1	-1	-1	
324	316	93aa6846fd0398a5	5			yes					-1	-1	-1	-1	325	
325	324	54b97a2ffcba3211	4			yes					-1	-1	-1	-1	
326	315	3dc1ed6488a2d667	4			yes					-1	327	329	-1	
327	326	9e1cac9910dae798	5			yes					-1	-1	-1	-1	328	
328	327	590fbef011634d2c	4			yes					-1	-1	-1	-1	
329	326	33e4c7e90deb49ce	5			yes					-1	-1	-1	-1	-1	
330	315	383bf3ca9e266f31	4			yes					-1	-1	331	-1	
331	330	723c138e4cb8ecbb	6			yes					332	333	334	-1	335	336	
332	331	83dd8cff61d8c142	5			yes					-1	-1	-1	-1	-1	
333	331	aa7e3a9653023042	5			yes					-1	-1	-1	-1	-1	
334	331	8b3ea33023d89b05	5			yes					-1	-1	-1	-1	-1	
335	331	7c37294c360ef3f6	5			yes					-1	-1	-1	-1	-1	
336	331	163665a32eb78fa7	5			yes					-1	-1	-1	-1	-1	
337	315	9d84231a5974a26d	4			yes					-1	-1	-1	-1	
338	284	b4654fa39c5a7c57	5			yes					339	353	359	361	-1	
339	338	d2e0d15e6b27c337	4			yes					340	348	350	-1	
340	339	eae14adac995c425	6			yes					-1	341	343	345	346	347	
341	340	4950369a3c9c3836	5			yes					-1	-1	-1	-1	342	
342	341	2d5a40b75e935b2a	4			yes					-1	-1	-1	-1	
343	340	d6a41f94a9113108	5			yes					-1	-1	-1	-1	344	
344	343	b2ae69b9cb1e5214	4			yes					-1	-1	-1	-1	
345	340	051b6098e46a8bce	5			yes					-1	-1	-1	-1	-1	
346	340	d633f4f6a5cddfdd	5			yes					-1	-1	-1	-1	-1	
347	340	8eeb3cf7ab9aa739	5			yes					-1	-1	-1	-1	-1	
348	339	fc33cf28c4ffd7ce	5			yes					-1	-1	-1	-1	349	
349	348	9839b905a6f0b4d2	4			yes					-1	-1	-1	-1	
350	339	c2f03e859f2792e4	5			yes					-1	-1	351	-1	352	
351	350	feb56bcbffa367c9	4			yes					-1	-1	-1	-1	
352	350	05e32cec9e9e3850	4			yes					-1	-1	-1	-1	
353	338	7388d541bcfe23ae	4			yes					-1	354	356	-1	
354	353	2aeb17f72df9cf3a	5			yes					-1	-1	-1	-1	355	
355	354	4ee161da4ff6ac26	4			yes					-1	-1	-1	-1	
356	353	1e44304cb69637be	5			yes					357	-1	-1	-1	358	
357	356	efa5af3d9bf61a47	4			yes					-1	-1	-1	-1	
358	356	d9572225b72f9d0a	4			yes					-1	-1	-1	-1	
359	338	0efe76ebc4195261	4			yes					-1	-1	360	-1	
360	359	da30eb803f426aad	5			yes					-1	-1	-1	-1	-1	
361	338	e5089e1e37176af4	4			yes					-1	-1	-1	-1	
362	284	b88a5bf594885c91	5			yes					363	377	387	389	-1	
363	362	de0fc50863f5e3f1	4			yes					364	372	375	-1	
364	363	eae8caedfd2c0ed2	6			yes					-1	365	367	369	370	371	
365	364	13ea7a53924c796c	5			yes					-1	-1	-1	-1	366	
366	365	77e00c7ef0431a70	4			yes					-1	-1	-1	-1	
367	364	8c17d36a3378baa5	5			yes					-1	-1	-1	-1	368	
368	367	e81da5475177d9b9	4			yes					-1	-1	-1	-1	
369	364	0512e0afd0d34139	5			yes					-1	-1	-1	-1	-1	
370	364	d63a74c19174152a	5			yes					-1	-1	-1	-1	-1	
371	364	8ee2bcc09f236dce	5			yes					-1	-1	-1	-1	-1	
372	363	0771f5366f80cf45	5			yes					-1	-1	-1	373	374	
373	372	ee02cc5c7128b2f2	4			yes					-1	-1	-1	-1	
374	372	c062e75f6e3965f1	4			yes					-1	-1	-1	-1	
375	363	5a410710efe14b1e	5			yes					-1	-1	-1	-1	376	
376	375	3e4b713d8dee2802	4			yes					-1	-1	-1	-1	
377	362	7f67c117b42c0368	4			yes					-1	378	386	-1	
378	377	dfd8981a53bde756	6			yes					379	-1	381	383	384	385	
379	378	2e39076b7eddcaaf	5			yes					-1	-1	-1	-1	380	
380	379	4a3371461cd2a9b3	4			yes					-1	-1	-1	-1	
381	378	b927819d9de95321	5			yes					-1	-1	-1	-1	382	
382	381	dd2df7b0ffe6303d	4			yes					-1	-1	-1	-1	
383	378	3022b2587e42a8bd	5			yes					-1	-1	-1	-1	-1	
384	378	e30a26363fe5fcae	5			yes					-1	-1	-1	-1	-1	
385	378	bbd2ee3731b2844a	5			yes					-1	-1	-1	-1	-1	
386	377	5f413f873a3c5299	5			yes					-1	-1	-1	-1	-1	
387	362	7eff89e33863e725	4			yes					-1	-1	388	-1	
388	387	33b7112ec0b51411	5			yes					-1	-1	-1	-1	-1	
389	362	99e67540c3bfff76	4			yes					-1	-1	-1	-1	
