Number of nodes
419
ID	PID	Hash_Value			File_Number	Fully_Enumerated	Children
0	-1	558839a3e7768eb0	6			yes					1	52	92	130	170	306	
1	0	59af7e8239f0002c	5			yes					2	17	37	47	51	
2	1	a63874ab20300f78	4			yes					3	6	8	12	
3	2	1bc4bdf9b4b6d451	4			yes					-1	-1	4	5	
4	3	68f8921a9f85648b	3			yes					-1	-1	-1	
5	3	afe3766e4fea3ad4	3			yes					-1	-1	-1	
6	2	7f56ee746536a908	4			yes					-1	7	-1	-1	
7	6	dce563bf8b654559	3			yes					-1	-1	-1	
8	2	5acbe8323dc061ea	5			yes					-1	9	10	-1	11	
9	8	f97865f9d3938dbb	4			yes					-1	-1	-1	-1	
10	8	4deebd3b908a7ea5	4			yes					-1	-1	-1	-1	
11	8	cdcb1fa344a65400	4			yes					-1	-1	-1	-1	
12	2	793259b329330fd8	5			yes					-1	13	14	15	16	
13	12	da81d478c760e389	4			yes					-1	-1	-1	-1	
14	12	6e170cba84791097	4			yes					-1	-1	-1	-1	
15	12	fc680199e4021080	4			yes					-1	-1	-1	-1	
16	12	91371a9af069d815	4			yes					-1	-1	-1	-1	
17	1	00341aadd8236dad	4			yes					-1	18	29	35	
18	17	884ee2f518d305d7	3			yes					19	20	24	
19	18	eda228690dfd9f67	4			yes					-1	-1	-1	-1	
20	18	417767fe47a432a6	5			yes					21	22	-1	-1	23	
21	20	d2b5cd6fe8badf10	4			yes					-1	-1	-1	-1	
22	20	a14021b5ea5711f8	4			yes					-1	-1	-1	-1	
23	20	d677906f3ec2074c	4			yes					-1	-1	-1	-1	
24	18	628ed67f53575c94	5			yes					25	26	-1	27	28	
25	24	f14c7ceefc49b122	4			yes					-1	-1	-1	-1	
26	24	82b99034fea47fca	4			yes					-1	-1	-1	-1	
27	24	e7d48e559e6643cc	4			yes					-1	-1	-1	-1	
28	24	8a8b95568a0d8b59	4			yes					-1	-1	-1	-1	
29	17	306fa69f3f2d4df7	3			yes					30	-1	31	
30	29	d640bfbc66154acb	4			yes					-1	-1	-1	-1	
31	29	2f83aaeebf40c589	5			yes					32	33	-1	-1	34	
32	31	bc41007f105e283f	4			yes					-1	-1	-1	-1	
33	31	cfb4eca512b3e6d7	4			yes					-1	-1	-1	-1	
34	31	72fe5a6c8dbd24df	4			yes					-1	-1	-1	-1	
35	17	47b64e433e3e4774	3			yes					36	-1	-1	
36	35	47e6354796b0ed19	4			yes					-1	-1	-1	-1	
37	1	d1d586daf9006856	4			yes					-1	-1	38	45	
38	37	e18e3ae81e0e480c	3			yes					39	-1	40	
39	38	ae5c0ee85bcfcad5	4			yes					-1	-1	-1	-1	
40	38	166ad26fc996a6e8	5			yes					41	42	43	-1	44	
41	40	85a878fe66884b5e	4			yes					-1	-1	-1	-1	
42	40	f65d9424646585b6	4			yes					-1	-1	-1	-1	
43	40	b5d95fa427c54ab9	4			yes					-1	-1	-1	-1	
44	40	771bb97e2a12bfec	4			yes					-1	-1	-1	-1	
45	37	9657d2341f1d428f	3			yes					46	-1	-1	
46	45	bbaac68a3929515d	4			yes					-1	-1	-1	-1	
47	1	69f4c2b0defe2076	4			yes					-1	-1	-1	48	
48	47	2e76965e38e30aaf	3			yes					49	-1	-1	
49	48	c7f805a47b4f9274	5			yes					-1	-1	-1	-1	50	
50	49	e08e62af7e67e03b	4			yes					-1	-1	-1	-1	
51	1	1e2d2a6cdfed2af5	4			yes					-1	-1	-1	-1	
52	0	8b1f6cb28bb44e4d	5			yes					53	71	81	88	91	
53	52	d2b09c3f85cece50	4			yes					54	58	65	69	
54	53	79b74f91465526a3	4			yes					-1	55	-1	57	
55	54	ea64bc45e62b49fb	3			yes					-1	-1	-1	
56	54	4d4287fcd5e06318	3			no					-1	-2	-2	
57	54	cd908406bd09c826	3			yes					-1	-1	-1	
58	53	5aca6467453ea62a	3			yes					59	61	63	
59	58	bb61168207d0f6d4	4			yes					-1	-1	-1	60	
60	59	0977d1ebf8e73db4	3			yes					-1	-1	-1	
61	58	64c3d7623e67dd2d	4			yes					62	-1	-1	-1	
62	61	933c787656502651	3			yes					-1	-1	-1	
63	58	10088e9cae0eea47	5			yes					-1	-1	-1	-1	64	
64	63	35e6b718b9a07534	4			yes					-1	-1	-1	-1	
65	53	e2eb200d62c0ee0a	3			yes					66	-1	67	
66	65	26bde90251ac7c59	4			yes					-1	-1	-1	-1	
67	65	45832bda3324af31	5			yes					-1	-1	-1	-1	68	
68	67	62f54cd1360cdd7e	4			yes					-1	-1	-1	-1	
69	53	9532c8d163d3e489	3			yes					70	-1	-1	
70	69	2595c72f64531feb	4			yes					-1	-1	-1	-1	
71	52	a60ce009cf99e2e4	4			yes					-1	72	74	78	
72	71	364b35f7ef328270	4			yes					73	-1	-1	-1	
73	72	bea240b6b56b6d22	3			yes					-1	-1	-1	
74	71	13d633b1b7c44a92	5			yes					75	-1	76	-1	77	
75	74	9b3f46f0ed9da5c0	4			yes					-1	-1	-1	-1	
76	74	04f366b81a8e55dd	4			yes					-1	-1	-1	-1	
77	74	84d6c420cea27f78	4			yes					-1	-1	-1	-1	
78	71	302f8230a33724a0	5			yes					79	-1	80	-1	-1	
79	78	b8c6f771f96ecbf2	4			yes					-1	-1	-1	-1	
80	78	270ad7390e7d3bef	4			yes					-1	-1	-1	-1	
81	52	036594ea4b442637	4			yes					-1	-1	82	86	
82	81	333e28d8ac4a066d	3			yes					-1	83	84	
83	82	e741d56bd1cbe1ad	4			yes					-1	-1	-1	-1	
84	82	9831d14e4d8d5a70	5			yes					85	-1	-1	-1	-1	
85	84	10d8a40f17d4b522	4			yes					-1	-1	-1	-1	
86	81	44e7c004ad590cee	3			yes					-1	87	-1	
87	86	f2b71d09b32d7a25	4			yes					-1	-1	-1	-1	
88	52	bb44d0806cba6e17	4			yes					-1	-1	-1	89	
89	88	fcc6846e8aa744ce	3			yes					-1	90	-1	
90	89	8ee5de27f14bb90c	5			yes					-1	-1	-1	-1	-1	
91	52	cc9d385c6da96494	4			yes					-1	-1	-1	-1	
92	0	5d476511712f670b	5			yes					93	110	120	126	129	
93	92	04e8959c7f55e716	4			yes					94	102	104	108	
94	93	1e2471bbaf0ee693	3			yes					-1	95	98	
95	94	2cf431465c2b4c41	5			yes					-1	-1	96	-1	97	
96	95	3bd1644ff161530e	4			yes					-1	-1	-1	-1	
97	95	bbf4c6d7254d79ab	4			yes					-1	-1	-1	-1	
98	94	0f0d80c748d82273	5			yes					-1	-1	99	100	101	
99	98	1828d5cee5923d3c	4			yes					-1	-1	-1	-1	
100	98	8a57d8ed85e93d2b	4			yes					-1	-1	-1	-1	
101	98	e708c3ee9182f5be	4			yes					-1	-1	-1	-1	
102	93	54f1df35c6662675	4			yes					-1	-1	-1	103	
103	102	e0d614a23d3ac8f0	3			yes					-1	-1	-1	
104	93	34b329ae985bc74c	3			yes					-1	105	106	
105	104	60b94444b4aa4a28	4			yes					-1	-1	-1	-1	
106	104	992edff25742a7fe	5			yes					-1	-1	-1	-1	107	
107	106	be58b8f9526ad5b1	4			yes					-1	-1	-1	-1	
108	93	436ac1729948cdcf	3			yes					-1	109	-1	
109	108	08d3578be4601f3d	4			yes					-1	-1	-1	-1	
110	92	478b8136a174668e	4			yes					-1	111	113	118	
111	110	a28bd8f874d538ce	4			yes					112	-1	-1	-1	
112	111	2a62adb92e8cd79c	3			yes					-1	-1	-1	
113	110	77d03d04467a46d4	3			yes					-1	114	115	
114	113	cdd939577de26e2d	4			yes					-1	-1	-1	-1	
115	113	c97a028300029c3b	5			yes					116	-1	-1	-1	117	
116	115	419377c25a5b7369	4			yes					-1	-1	-1	-1	
117	115	9407f20132ff7d6d	4			yes					-1	-1	-1	-1	
118	110	0009d5d847694c57	3			yes					-1	119	-1	
119	118	fd5c2291946f2112	4			yes					-1	-1	-1	-1	
120	92	34bafc76df328b1b	4			yes					-1	-1	121	124	
121	120	5a5cb82eb2e33042	5			yes					-1	122	-1	-1	123	
122	121	ba6bfe651f10131c	4			yes					-1	-1	-1	-1	
123	121	cd5c4fbfcb8505a8	4			yes					-1	-1	-1	-1	
124	120	79a509afa6105e70	5			yes					-1	125	-1	-1	-1	
125	124	99924fe40be37d2e	4			yes					-1	-1	-1	-1	
126	92	6d1cd92396214751	4			yes					-1	-1	-1	127	
127	126	2a9e8dcd703c6d88	3			yes					-1	-1	128	
128	127	c76f55b8f46cc3dc	5			yes					-1	-1	-1	-1	-1	
129	92	1ac531ff97324dd2	4			yes					-1	-1	-1	-1	
130	0	71a9ccc03df94269	5			yes					131	146	159	167	169	
131	130	28063c4d3383c274	4			yes					132	140	143	144	
132	131	32cad86ae3d8c3f1	3			yes					133	135	136	
133	132	ca198a8092d69e7e	4			yes					-1	134	-1	-1	
134	133	1d73191d03a087b1	3			yes					-1	-1	-1	
135	132	f73718824a95ceb7	4			yes					-1	-1	-1	-1	
136	132	188bc3e142aee789	5			yes					-1	137	-1	138	139	
137	136	bb384e2aacfd0bd8	4			yes					-1	-1	-1	-1	
138	136	9dd19bcb8f9ff8d1	4			yes					-1	-1	-1	-1	
139	136	f08e80c89bf43044	4			yes					-1	-1	-1	-1	
140	131	719d5862d250aff5	3			yes					-1	141	142	
141	140	a87522ce0d62483b	4			yes					-1	-1	-1	-1	
142	140	841f0253c917f851	4			yes					-1	-1	-1	-1	
143	131	dc3b445892bc14ee	4			yes					-1	-1	-1	-1	
144	131	6f8468a3d59ee8ad	3			yes					-1	-1	145	
145	144	943791760706b637	4			yes					-1	-1	-1	-1	
146	130	6b6528e7eda243ec	4			yes					-1	147	153	156	
147	146	32fe4cc80c712e6d	3			yes					-1	148	149	
148	147	be2ac301c091e5cf	4			yes					-1	-1	-1	-1	
149	147	51961862c8aaccf1	5			yes					150	-1	-1	151	152	
150	149	d97f6d2392f323a3	4			yes					-1	-1	-1	-1	
151	149	d4cc4048059bd3a9	4			yes					-1	-1	-1	-1	
152	149	b9935b4b11f01b3c	4			yes					-1	-1	-1	-1	
153	146	eb1e0d261feb7a6e	5			yes					154	-1	-1	-1	155	
154	153	63f7786745b2953c	4			yes					-1	-1	-1	-1	
155	153	d2dbde0f6c87909a	4			yes					-1	-1	-1	-1	
156	146	2ce77c090bbf6935	3			yes					-1	-1	157	
157	156	0b20f5200ef5e725	5			yes					-1	-1	-1	-1	158	
158	157	2ececca4195b7856	4			yes					-1	-1	-1	-1	
159	130	2832a8efdc2a2fe8	4			yes					-1	-1	160	164	
160	159	7407c27ccb5de406	5			yes					161	162	-1	-1	163	
161	160	fceeb73d91040b54	4			yes					-1	-1	-1	-1	
162	160	9430843766aec758	4			yes					-1	-1	-1	-1	
163	160	f56cbda6bd3d5eb1	4			yes					-1	-1	-1	-1	
164	159	6fb0fc013a370531	3			yes					-1	-1	165	
165	164	0002f6cdc6b046dd	5			yes					-1	-1	-1	-1	166	
166	165	25eccf49d11ed9ae	4			yes					-1	-1	-1	-1	
167	130	5d7a246bd9efc6c0	4			yes					-1	-1	-1	168	
168	167	771e64d456c49431	5			yes					-1	-1	-1	-1	-1	
169	130	362b982edbe468b0	4			yes					-1	-1	-1	-1	
170	0	f1dc605bf00161a5	5			yes					171	184	196	209	242	
171	170	b15d76c058e3f9c1	4			yes					172	176	183	-1	
172	171	4eca7ce94123f695	3			yes					173	174	-1	
173	172	02af77348ed5191a	4			yes					-1	-1	-1	-1	
174	172	0a1f1c8536636c90	5			yes					-1	-1	-1	175	-1	
175	174	0277847f31a7be87	4			yes					-1	-1	-1	-1	
176	171	e8c612efb9309440	3			yes					-1	177	182	
177	176	07d4d581c6abc0b7	5			yes					178	179	-1	180	181	
178	177	94167f1069b52d01	4			yes					-1	-1	-1	-1	
179	177	e7e393ca6b58e3e9	4			yes					-1	-1	-1	-1	
180	177	117b0ea8664f34b0	4			yes					-1	-1	-1	-1	
181	177	197e1655e7d86006	4			yes					-1	-1	-1	-1	
182	176	756d4b150aea7dc0	5			yes					-1	-1	-1	-1	-1	
183	171	39278e98981391bb	3			yes					-1	-1	-1	
184	170	63ed64f0eaa7b7a0	4			yes					185	193	195	-1	
185	184	3a42947de4dd37bd	3			yes					186	187	192	
186	185	946b14c519078ec5	4			yes					-1	-1	-1	-1	
187	185	1a1ea250ed97be29	5			yes					188	189	-1	190	191	
188	187	ede10d4485a04555	4			yes					-1	-1	-1	-1	
189	187	cdd887a9286ef5ee	4			yes					-1	-1	-1	-1	
190	187	12763aaaea536c3e	4			yes					-1	-1	-1	-1	
191	187	ae3969c716cb50ac	4			yes					-1	-1	-1	-1	
192	185	ffaa04ad47fc1483	5			yes					-1	-1	-1	-1	-1	
193	184	4efee84bae8a1b09	3			yes					-1	194	-1	
194	193	4302c706bc6747e8	5			yes					-1	-1	-1	-1	-1	
195	184	eb979ca82a57dfda	3			yes					-1	-1	-1	
196	170	b5b56d53103c9ee6	4			yes					197	205	208	-1	
197	196	ec1a9dde1e461efb	3			yes					198	203	204	
198	197	6a578339dd24be50	5			yes					-1	199	200	201	-1	
199	198	bfdbd786529c7faa	4			yes					-1	-1	-1	-1	
200	198	7d72d630706ea11f	4			yes					-1	-1	-1	-1	
201	198	7cf858107dc04a57	4			yes					-1	-1	-1	-1	
202	198	74fd40edfc571ee1	4			no					-1	-2	-2	-2	
203	197	40cb8bab34558fc8	4			yes					-1	-1	-1	-1	
204	197	2307f085239a1c4c	5			yes					-1	-1	-1	-1	-1	
205	196	af798974c0679f63	3			yes					-1	206	207	
206	205	efff8fc799c2d6f4	5			yes					-1	-1	-1	-1	-1	
207	205	fb1b2d37d0bc00b6	5			yes					-1	-1	-1	-1	-1	
208	196	dc48f434be2172f6	3			yes					-1	-1	-1	
209	170	e32730dadb3cd2a6	5			yes					210	224	233	240	241	
210	209	ba88c057d54652bb	4			yes					211	216	220	221	
211	210	7dd1c01fd7527baa	5			yes					-1	212	213	214	-1	
212	211	de624dd4390197fb	4			yes					-1	-1	-1	-1	
213	211	0b4d0f4411858cb4	4			yes					-1	-1	-1	-1	
214	211	6b7e1b3677b68fad	4			yes					-1	-1	-1	-1	
215	211	637b03cbf621db1b	4			no					-1	-2	-2	-2	
216	210	5958c0ca9f03e869	5			yes					-1	-1	217	218	219	
217	216	c0fe97e98a4317b3	4			yes					-1	-1	-1	-1	
218	216	5130583098c73a7e	4			yes					-1	-1	-1	-1	
219	216	ed7f0b5d645f06ec	4			yes					-1	-1	-1	-1	
220	210	bc27944575744136	4			yes					-1	-1	-1	-1	
221	210	2bbed1d7ac8de546	5			yes					-1	-1	222	-1	-1	
222	221	5d221e8c6a5a1258	4			yes					-1	-1	-1	-1	
223	221	3d110afe0c691141	4			no					-1	-1	-2	-1	
224	209	f9ebd4fd0b67d323	4			yes					-1	225	229	230	
225	224	34cc1b9c5d5650d2	5			yes					226	-1	227	228	-1	
226	225	bc256edd070fbf80	4			yes					-1	-1	-1	-1	
227	225	4250d4c79b81a7cc	4			yes					-1	-1	-1	-1	
228	225	2263c0b5fdb2a4d5	4			yes					-1	-1	-1	-1	
229	224	405e9592d0b14354	5			yes					-1	-1	-1	-1	-1	
230	224	8767f5502a8842a7	5			yes					231	-1	-1	232	-1	
231	230	0f8e801170d1adf5	4			yes					-1	-1	-1	-1	
232	230	91c82e798a6cb6a0	4			yes					-1	-1	-1	-1	
233	209	babc54f53aefbf27	4			yes					-1	-1	234	235	
234	233	985cb632f5d9786e	5			yes					-1	-1	-1	-1	-1	
235	233	f374fcdc339f756f	6			yes					236	237	-1	238	-1	239	
236	235	7b9d899d69c69a3d	5			yes					-1	-1	-1	-1	-1	
237	235	1343ba979e6c5631	5			yes					-1	-1	-1	-1	-1	
238	235	6ad2abff26df8ab5	5			yes					-1	-1	-1	-1	-1	
239	235	bfa96f9282493772	5			yes					-1	-1	-1	-1	-1	
240	209	04ad70eb818a3378	4			yes					-1	-1	-1	-1	
241	209	fd7230b465440dc7	4			yes					-1	-1	-1	-1	
242	170	a71f202211c6f1e1	6			yes					243	270	289	300	303	305	
243	242	feb0d0af1fbc71fc	5			yes					244	250	256	261	262	
244	243	c2f0e07ba5284b5b	6			yes					-1	245	246	247	248	249	
245	244	61436db04b7ba70a	5			yes					-1	-1	-1	-1	-1	
246	244	d5d5b57208625414	5			yes					-1	-1	-1	-1	-1	
247	244	d45f3b5205ccbf5c	5			yes					-1	-1	-1	-1	-1	
248	244	84d163d1409283f0	5			yes					-1	-1	-1	-1	-1	
249	244	44e31a337806fbe1	5			yes					-1	-1	-1	-1	-1	
250	243	6e79a71165c4087b	6			yes					-1	-1	251	252	254	255	
251	250	57fff223778451a6	5			yes					-1	-1	-1	-1	-1	
252	250	66113feb6200da6c	5			yes					-1	-1	-1	-1	253	
253	252	58b32f920339af41	4			yes					-1	-1	-1	-1	
254	250	3a809154a445b363	5			yes					-1	-1	-1	-1	-1	
255	250	50dbb76804fd7d56	5			yes					-1	-1	-1	-1	-1	
256	243	ff6fadf4b5ae9679	6			yes					-1	-1	-1	257	259	260	
257	256	f707350eb26a446e	5			yes					-1	-1	-1	-1	258	
258	257	c9a52577d3533143	4			yes					-1	-1	-1	-1	
259	256	ab969bb1742f2d61	5			yes					-1	-1	-1	-1	-1	
260	256	c1cdbd8dd497e354	5			yes					-1	-1	-1	-1	-1	
261	243	91d98840da1ead9a	4			yes					-1	-1	-1	-1	
262	243	a44420bf34dad818	4			yes					263	266	268	-1	
263	262	877d6476ce5d7cce	6			yes					-1	-1	-1	-1	265	-1	
264	263	9058317f63176381	5			no					-1	-2	-2	-2	-2	
265	263	c15ce7dc2be7b465	5			yes					-1	-1	-1	-1	-1	
266	262	064134cc8792bf29	6			yes					-1	-1	-1	267	-1	-1	
267	266	0e29ac3680566d3e	5			yes					-1	-1	-1	-1	-1	
268	262	97573e2957f8212b	6			yes					-1	-1	-1	269	-1	-1	
269	268	9f3fa6d3503cf33c	5			yes					-1	-1	-1	-1	-1	
270	242	bdd3c405c19df064	5			yes					-1	271	277	283	284	
271	270	8bed3bf82f2c6023	6			yes					272	-1	273	274	275	276	
272	271	03044eb975758f71	5			yes					-1	-1	-1	-1	-1	
273	271	9cc86ef182667f6c	5			yes					-1	-1	-1	-1	-1	
274	271	9d42e0d18fc89424	5			yes					-1	-1	-1	-1	-1	
275	271	cdccb852ca96a888	5			yes					-1	-1	-1	-1	-1	
276	271	0dfec1b0f202d099	5			yes					-1	-1	-1	-1	-1	
277	270	a50027b9308612a3	6			yes					278	-1	-1	279	281	282	
278	277	2de952f86adffdf1	5			yes					-1	-1	-1	-1	-1	
279	277	ad68bf433742c0b4	5			yes					-1	-1	-1	-1	280	
280	279	93caaf3a567bb599	4			yes					-1	-1	-1	-1	
281	277	f1f911fcf107a9bb	5			yes					-1	-1	-1	-1	-1	
282	277	9ba237c051bf678e	5			yes					-1	-1	-1	-1	-1	
283	270	d2ba9cea043f2c02	4			yes					-1	-1	-1	-1	
284	270	e7273415eafb5980	4			yes					-1	285	287	-1	
285	284	ce60bff5445957b6	6			yes					-1	-1	-1	-1	286	-1	
286	285	88413c5fa1e39f1d	5			yes					-1	-1	-1	-1	-1	
287	284	cd38b464d2d0a5f1	6			yes					-1	-1	-1	288	-1	-1	
288	287	c5502c9ed51477e6	5			yes					-1	-1	-1	-1	-1	
289	242	fe84440df0159c60	5			yes					-1	-1	290	296	297	
290	289	c267b0672a0b1af3	6			yes					291	292	-1	293	294	295	
291	290	4a8ec5267052f5a1	5			yes					-1	-1	-1	-1	-1	
292	290	2250f62c87f839ad	5			yes					-1	-1	-1	-1	-1	
293	290	d4c86b4e8aefeef4	5			yes					-1	-1	-1	-1	-1	
294	290	844633cdcfb1d258	5			yes					-1	-1	-1	-1	-1	
295	290	44744a2ff725aa49	5			yes					-1	-1	-1	-1	-1	
296	289	91ed1ce235b74006	4			yes					-1	-1	-1	-1	
297	289	a470b41ddb733584	4			yes					-1	-1	298	-1	
298	297	87ea346a417e2d66	6			yes					-1	-1	-1	-1	299	-1	
299	298	c1cbb7c0a4c4e5cd	5			yes					-1	-1	-1	-1	-1	
300	242	2f65d87ad136999b	5			yes					-1	-1	-1	301	302	
301	300	400c8095149445fd	4			yes					-1	-1	-1	-1	
302	300	7591286afa50307f	4			yes					-1	-1	-1	-1	
303	242	c87678cdd4642d87	5			yes					-1	-1	-1	-1	304	
304	303	928288ddff028463	4			yes					-1	-1	-1	-1	
305	242	fdebd0323aa05805	5			yes					-1	-1	-1	-1	-1	
306	0	ac98b8804f1fed0d	5			yes					307	338	364	389	-1	
307	306	08c7e09d5f74ad39	5			yes					308	314	328	337	-1	
308	307	f750eab446b4a26d	4			yes					309	311	313	-1	
309	308	c5b85052ef52f4e1	5			yes					-1	-1	-1	-1	310	
310	309	fb1a402b8e6b81cc	4			yes					-1	-1	-1	-1	
311	308	4fff8d538245e749	5			yes					-1	-1	-1	-1	312	
312	311	c9ec771b5f6b57f3	4			yes					-1	-1	-1	-1	
313	308	fe3848376991e6b4	5			yes					-1	-1	-1	-1	-1	
314	307	515c84b2bea7c0b8	4			yes					-1	315	324	-1	
315	314	e0d0b36a2ab5456c	6			yes					316	318	-1	320	322	323	
316	315	731219fb85aba8da	5			yes					-1	-1	-1	-1	317	
317	316	4db00982e492ddf7	4			yes					-1	-1	-1	-1	
318	315	00e7f52187466632	5			yes					-1	-1	-1	-1	319	
319	318	3e45e558e67f131f	4			yes					-1	-1	-1	-1	
320	315	658aeb40e7845a34	5			yes					-1	-1	-1	-1	321	
321	320	5b28fb3986bd2f19	4			yes					-1	-1	-1	-1	
322	315	b429852feb34fe74	5			yes					-1	-1	-1	-1	-1	
323	315	de72a3134b8c3041	5			yes					-1	-1	-1	-1	-1	
324	314	2c0df962340e1497	5			yes					325	326	-1	-1	327	
325	324	bfcf53f39b10f921	4			yes					-1	-1	-1	-1	
326	324	cc3abf2999fd37c9	4			yes					-1	-1	-1	-1	
327	324	aa1e032ae920a42d	4			yes					-1	-1	-1	-1	
328	307	80bd18c59f84c543	4			yes					-1	-1	329	-1	
329	328	8bfd2f92f38e9487	6			yes					330	332	333	-1	334	335	
330	329	183f85035c907931	5			yes					-1	-1	-1	-1	331	
331	330	269d957a3da90c1c	4			yes					-1	-1	-1	-1	
332	329	6bca69d95e7db7d9	5			yes					-1	-1	-1	-1	-1	
333	329	284ea2591ddd78d6	5			yes					-1	-1	-1	-1	-1	
334	329	49b9a9074b2bcac1	5			yes					-1	-1	-1	-1	-1	
335	329	b55f3feb92b7e1aa	5			yes					-1	336	-1	-1	-1	
336	335	556879a03f44c2f4	4			yes					-1	-1	-1	-1	
337	307	389c5cafb87a8d63	4			yes					-1	-1	-1	-1	
338	306	da77f2aded30e358	5			yes					339	349	353	363	-1	
339	338	83d80220e34a6345	4			yes					340	342	347	-1	
340	339	a7cba23a1db10613	5			yes					-1	-1	-1	-1	341	
341	340	9969b2437c88733e	4			yes					-1	-1	-1	-1	
342	339	d1d4dae3137dea4a	5			yes					343	344	-1	345	346	
343	342	262b75f77b4a1136	4			yes					-1	-1	-1	-1	
344	342	0612ff1ad684a18d	4			yes					-1	-1	-1	-1	
345	342	f95d0bae436c4fad	4			yes					-1	-1	-1	-1	
346	342	57c720abce535af0	4			yes					-1	-1	-1	-1	
347	339	7c43664921fadbf1	5			yes					-1	-1	-1	-1	348	
348	347	fa509c01fcd46b4b	4			yes					-1	-1	-1	-1	
349	338	f7647e16a91d4ff1	4			yes					-1	350	352	-1	
350	349	06e256d00841cc31	5			yes					-1	-1	-1	-1	351	
351	350	80f1ac98d56f7c8b	4			yes					-1	-1	-1	-1	
352	349	b72593b4e395cdcc	5			yes					-1	-1	-1	-1	-1	
353	338	520d0af52dc08b22	4			yes					-1	-1	354	-1	
354	353	05a62cb37795681f	6			yes					355	357	359	-1	361	362	
355	354	8d4f59f22dcc874d	5			yes					-1	-1	-1	-1	356	
356	355	b3ed498b4cf5f260	4			yes					-1	-1	-1	-1	
357	354	70e1b609ab3ab53d	5			yes					-1	-1	-1	-1	358	
358	357	4e43a670ca03c010	4			yes					-1	-1	-1	-1	
359	354	a615a17899c6844e	5			yes					-1	-1	-1	-1	360	
360	359	98b7b101f8fff163	4			yes					-1	-1	-1	-1	
361	354	c7e2aa26cf303659	5			yes					-1	-1	-1	-1	-1	
362	354	3b043cca16ac1d32	5			yes					-1	-1	-1	-1	-1	
363	338	ea2c4e9f0a3ec302	4			yes					-1	-1	-1	-1	
364	306	0c2ffb0e17abca1e	5			yes					365	380	386	388	-1	
365	364	55800b8319d14a03	4			yes					366	375	377	-1	
366	365	8d53e5d2313a3b8b	6			yes					-1	367	369	371	373	374	
367	366	58dfb16dbe82fa71	5			yes					-1	-1	-1	-1	368	
368	367	667da114dfbb8f5c	4			yes					-1	-1	-1	-1	
369	366	9a76b0db9c7024c4	5			yes					-1	-1	-1	-1	370	
370	369	a4d4a0a2fd4951e9	4			yes					-1	-1	-1	-1	
371	366	0809bdf8fc0b24d3	5			yes					-1	-1	-1	-1	372	
372	371	36abad819d3251fe	4			yes					-1	-1	-1	-1	
373	366	d9aad397f0bb8093	5			yes					-1	-1	-1	-1	-1	
374	366	b3f1f5ab50034ea6	5			yes					-1	-1	-1	-1	-1	
375	365	8a8d329e9d8206c5	5			yes					-1	-1	-1	-1	376	
376	375	b42f22e7fcbb73e8	4			yes					-1	-1	-1	-1	
377	365	a0ee9261459cd33e	5			yes					-1	-1	378	-1	379	
378	377	b7cbc768e8d6cc71	4			yes					-1	-1	-1	-1	
379	377	26fd682998b26384	4			yes					-1	-1	-1	-1	
380	364	16e31f29c7f0cb9b	4			yes					-1	381	383	-1	
381	380	4dfffde75bddb331	5			yes					-1	-1	-1	-1	382	
382	381	735ded9e3ae4c61c	4			yes					-1	-1	-1	-1	
383	380	29d694d20c1713d5	5			yes					384	-1	-1	-1	385	
384	383	a13fe193564efc87	4			yes					-1	-1	-1	-1	
385	383	afc56e9ad139a36f	4			yes					-1	-1	-1	-1	
386	364	65d26269b9b6260e	4			yes					-1	-1	387	-1	
387	386	feaf182be6b2b71c	5			yes					-1	-1	-1	-1	-1	
388	364	3c74473cf0a5ea44	4			yes					-1	-1	-1	-1	
389	306	20c152df5b7def7c	5			yes					390	405	416	418	-1	
390	389	796ea25255076f61	4			yes					391	400	403	-1	
391	390	9ad5a6f43b4cfe71	6			yes					-1	392	394	396	398	399	
392	391	39662b3fd51f1220	5			yes					-1	-1	-1	-1	393	
393	392	07c43b46b426670d	4			yes					-1	-1	-1	-1	
394	391	ec4969affd9b096f	5			yes					-1	-1	-1	-1	395	
395	394	d2eb79d69ca27c42	4			yes					-1	-1	-1	-1	
396	391	1f8ffedef67de129	5			yes					-1	-1	-1	-1	397	
397	396	212deea797449404	4			yes					-1	-1	-1	-1	
398	391	ce2c90b1facd4569	5			yes					-1	-1	-1	-1	-1	
399	391	a477b68d5a758b5c	5			yes					-1	-1	-1	-1	-1	
400	390	7e8fa241a7eef3d2	5			yes					-1	-1	-1	401	402	
401	400	057ab47a677613bd	4			yes					-1	-1	-1	-1	
402	400	f89c58097ac04368	4			yes					-1	-1	-1	-1	
403	390	c4d8e5925929040c	5			yes					-1	-1	-1	-1	404	
404	403	fa7af5eb38107121	4			yes					-1	-1	-1	-1	
405	389	3a0db6f88b26eef9	4			yes					-1	406	415	-1	
406	405	d3c87d77b148d509	6			yes					407	-1	409	411	413	414	
407	406	5b210836eb113a5b	5			yes					-1	-1	-1	-1	408	
408	407	6583184f8a284f76	4			yes					-1	-1	-1	-1	
409	406	a554b22c779f2217	5			yes					-1	-1	-1	-1	410	
410	409	9bf6a25516a6573a	4			yes					-1	-1	-1	-1	
411	406	5692255d7c79ca51	5			yes					-1	-1	-1	-1	412	
412	411	683035241d40bf7c	4			yes					-1	-1	-1	-1	
413	406	87314b3270c96e11	5			yes					-1	-1	-1	-1	-1	
414	406	ed6a6d0ed071a024	5			yes					-1	-1	-1	-1	-1	
415	405	67b6d0d76263ce2f	5			yes					-1	-1	-1	-1	-1	
416	389	795a36f0baae82fd	4			yes					-1	-1	417	-1	
417	416	8a1c2ace95fdac7c	5			yes					-1	-1	-1	-1	-1	
418	389	0c12ba74bf6b6bd5	4			yes					-1	-1	-1	-1	
