Number of nodes
555
ID	PID	Hash_Value			File_Number	Fully_Enumerated	Children
0	-1	29256d82e5d24e25	6			yes					1	162	291	385	463	554	
1	0	c04c129c79c6bfb5	5			yes					2	68	93	112	130	
2	1	df3962a248ca1cbf	5			yes					3	15	37	56	67	
3	2	cd12e993511f9c41	4			yes					4	5	7	9	
4	3	f49e1e2ccc619cb7	4			yes					-1	-1	-1	-1	
5	3	af41b24f33ba317d	4			yes					-1	6	-1	-1	
6	5	8a9177f28b75a60b	3			yes					-1	-1	-1	
7	3	d98caa7e957859cf	4			yes					-1	-1	8	-1	
8	7	768b2843b64d2a03	3			yes					-1	-1	-1	
9	3	6333a4e91895188c	3			yes					10	11	13	
10	9	23f7aabc3186953c	4			yes					-1	-1	-1	-1	
11	9	ac92d465c83c8ec4	5			yes					-1	-1	-1	-1	12	
12	11	dff9dae4451d2d6e	4			yes					-1	-1	-1	-1	
13	9	ceb16d8fef8d5a31	5			yes					-1	-1	-1	-1	14	
14	13	bdda630e62acf99b	4			yes					-1	-1	-1	-1	
15	2	59dbd9590d84154d	4			yes					-1	16	23	30	
16	15	60b96634cd1810b4	5			yes					17	19	20	21	22	
17	16	9688613fca2d1d68	4			yes					18	-1	-1	-1	
18	17	36c11a49daf78dbd	3			yes					-1	-1	-1	
19	16	c0f01d42ddc28061	4			yes					-1	-1	-1	-1	
20	16	debb708c54616b2a	4			yes					-1	-1	-1	-1	
21	16	ba8c4501cd918362	4			yes					-1	-1	-1	-1	
22	16	324f49f08e1f7541	4			yes					-1	-1	-1	-1	
23	15	fdb8e9c34b4c0c45	5			yes					24	26	27	28	29	
24	23	0b89eec84c790199	4			yes					25	-1	-1	-1	
25	24	abc095be5ca3914c	3			yes					-1	-1	-1	
26	23	5df192b55b969c90	4			yes					-1	-1	-1	-1	
27	23	cca7caebb48f99e8	4			yes					-1	-1	-1	-1	
28	23	c7734786dd7fd998	4			yes					-1	-1	-1	-1	
29	23	5dacf1107e1fdd79	4			yes					-1	-1	-1	-1	
30	15	f446e7dfa854a2df	5			yes					31	33	34	35	36	
31	30	0277e0d4af61af03	4			yes					32	-1	-1	-1	
32	31	a23e9ba2bfbb3fd6	3			yes					-1	-1	-1	
33	30	540f9ca9b88e320a	4			yes					-1	-1	-1	-1	
34	30	c559c4f757973772	4			yes					-1	-1	-1	-1	
35	30	dcf153e0c8ba214a	4			yes					-1	-1	-1	-1	
36	30	4fd0eb6a88c28b31	4			yes					-1	-1	-1	-1	
37	2	02e9506fc8ac8008	4			yes					-1	-1	38	45	
38	37	1feb81c05add2398	5			yes					39	41	42	43	44	
39	38	e9da86cb5de82e44	4			yes					40	-1	-1	-1	
40	39	4993fdbd4d32be91	3			yes					-1	-1	-1	
41	38	bfa2fab64a07b34d	4			yes					-1	-1	-1	-1	
42	38	f2894d49fcd97f3b	4			yes					-1	-1	-1	-1	
43	38	1b0ea82784b81096	4			yes					-1	-1	-1	-1	
44	38	bfff99136f8ef2a4	4			yes					-1	-1	-1	-1	
45	37	b140e5e47cd8e45c	6			yes					46	49	51	-1	53	55	
46	45	4771e2ef7bede980	5			yes					47	-1	-1	-1	48	
47	46	e73899996b377955	4			yes					-1	-1	-1	-1	
48	46	341aec6ef6cc4a2a	4			yes					-1	-1	-1	-1	
49	45	11099e926c027489	5			yes					-1	-1	-1	-1	50	
50	49	62629013e123d723	4			yes					-1	-1	-1	-1	
51	45	5c22296ddadcb8ff	5			yes					-1	-1	-1	-1	52	
52	51	2f4927ec57fd1b55	4			yes					-1	-1	-1	-1	
53	45	39575ab8b6c81b6f	5			yes					-1	-1	-1	-1	54	
54	53	4a3c54393be9b8c5	4			yes					-1	-1	-1	-1	
55	45	c22beb65f1f947f6	5			yes					-1	-1	-1	-1	-1	
56	2	e7384f7d95779176	4			yes					-1	-1	-1	57	
57	56	d3635c0e5b6930a9	6			yes					58	60	62	64	-1	66	
58	57	25525b055c5c3d75	5			yes					-1	-1	-1	-1	59	
59	58	56395584d17d9edf	4			yes					-1	-1	-1	-1	
60	57	732a27784bb3a07c	5			yes					-1	-1	-1	-1	61	
61	60	004129f9c69203d6	4			yes					-1	-1	-1	-1	
62	57	3e019087fd6d6c0a	5			yes					-1	-1	-1	-1	63	
63	62	4d6a9e06704ccfa0	4			yes					-1	-1	-1	-1	
64	57	7c64de33785c4365	5			yes					-1	-1	-1	-1	65	
65	64	0f0fd0b2f57de0cf	4			yes					-1	-1	-1	-1	
66	57	a008528fd6489303	5			yes					-1	-1	-1	-1	-1	
67	2	71182fd801409872	4			yes					-1	-1	-1	-1	
68	1	5e78cd0eff4c9552	4			yes					69	76	81	92	
69	68	e26260970bc141e1	3			yes					70	71	72	
70	69	1cae2eebf8eaa0e1	4			yes					-1	-1	-1	-1	
71	69	672b50d3bc29399c	4			yes					-1	-1	-1	-1	
72	69	d6f9d84195c7fe07	5			yes					-1	73	74	-1	75	
73	72	4d8ee75104590922	4			yes					-1	-1	-1	-1	
74	72	79fe5a7cb6f28dcb	4			yes					-1	-1	-1	-1	
75	72	f798128082458506	4			yes					-1	-1	-1	-1	
76	68	2a3acd3c60baddb7	3			yes					-1	77	78	
77	76	512489ece6822451	4			yes					-1	-1	-1	-1	
78	76	76f283319c8afa8b	5			yes					79	80	-1	-1	-1	
79	78	80c3843a9bbff757	4			yes					-1	-1	-1	-1	
80	78	4eaed75e37a0dc79	4			yes					-1	-1	-1	-1	
81	68	6679e0d122f1189b	3			yes					-1	-1	82	
82	81	7e1804ba43f62d17	6			yes					83	85	87	89	-1	91	
83	82	882903b144c320cb	5			yes					-1	-1	-1	-1	84	
84	83	fb420d30c9e28361	4			yes					-1	-1	-1	-1	
85	82	464450d5e8dc0be5	5			yes					-1	-1	-1	-1	86	
86	85	352f5e5465fda84f	4			yes					-1	-1	-1	-1	
87	82	a614bf9e469dda2d	5			yes					-1	-1	-1	-1	88	
88	87	d57fb11fcbbc7987	4			yes					-1	-1	-1	-1	
89	82	d11f868760c35edb	5			yes					-1	-1	-1	-1	90	
90	89	a2748806ede2fd71	4			yes					-1	-1	-1	-1	
91	82	0d730a3bced78ebd	5			yes					-1	-1	-1	-1	-1	
92	68	f0598074b6c6119f	3			yes					-1	-1	-1	
93	1	cba2de02f5b38b91	4			yes					94	101	109	111	
94	93	77b8739b013e5f22	3			yes					95	96	97	
95	94	8c1537fec29ebea9	4			yes					-1	-1	-1	-1	
96	94	03003479978c9c30	4			yes					-1	-1	-1	-1	
97	94	b1045ecbbd3c97dc	5			yes					-1	98	99	-1	100	
98	97	94d49b7605f300aa	4			yes					-1	-1	-1	-1	
99	97	c759a0d19fa3ed98	4			yes					-1	-1	-1	-1	
100	97	9065940aaabeecdd	4			yes					-1	-1	-1	-1	
101	93	4d4065f9b0fd8263	3			yes					-1	102	103	
102	101	9002ce58d940458a	4			yes					-1	-1	-1	-1	
103	101	41126c91eed76c74	5			yes					104	105	106	107	108	
104	103	b7236b9ae9e261a8	4			yes					-1	-1	-1	-1	
105	103	794e38fe45fd4a86	4			yes					-1	-1	-1	-1	
106	103	6d187536cb063855	4			yes					-1	-1	-1	-1	
107	103	cd9fad5e95790966	4			yes					-1	-1	-1	-1	
108	103	6eea8b0cf2601a1d	4			yes					-1	-1	-1	-1	
109	93	94d95b18f849598c	3			yes					-1	-1	110	
110	109	c73f26612be4a9ad	5			yes					-1	-1	-1	-1	-1	
111	93	65839378bc390f5c	3			yes					-1	-1	-1	
112	1	45bd8181623d5a7b	4			yes					113	120	127	129	
113	112	f9a72c1896b08ec8	3			yes					114	117	-1	
114	113	68639d396c7314fc	5			yes					-1	-1	-1	115	116	
115	114	2ff038034c7f6a44	4			yes					-1	-1	-1	-1	
116	114	e7faba6a45e542b0	4			yes					-1	-1	-1	-1	
117	113	235a490d7594a0fe	5			yes					-1	-1	-1	118	119	
118	117	64c9ec375598de46	4			yes					-1	-1	-1	-1	
119	117	acc36e5e5c02f6b2	4			yes					-1	-1	-1	-1	
120	112	c35f3a7a27735389	3			yes					-1	121	126	
121	120	014d3d61d99ed4e7	5			yes					122	123	-1	124	125	
122	121	f77c3a6adeabd93b	4			yes					-1	-1	-1	-1	
123	121	3911690e72b4f215	4			yes					-1	-1	-1	-1	
124	121	5769e90cdb3553ed	4			yes					-1	-1	-1	-1	
125	121	264b91b137cdd7ba	4			yes					-1	-1	-1	-1	
126	120	ad1c5a03af91942c	5			yes					-1	-1	-1	-1	-1	
127	112	986db34ce25bc6cc	3			yes					-1	-1	128	
128	127	4f4f3200be00bbf1	5			yes					-1	-1	-1	-1	-1	
129	112	e72824af31a541f6	3			yes					-1	-1	-1	
130	1	3ca1d959ec3d2de1	5			yes					131	138	153	160	161	
131	130	80bb74c018b0f952	4			yes					132	134	136	-1	
132	131	96234984d5a9c1e8	5			yes					-1	-1	-1	-1	133	
133	132	ad493515a44908e5	4			yes					-1	-1	-1	-1	
134	131	05f184f612a82c8e	5			yes					-1	-1	-1	-1	135	
135	134	3e9bf8676348e583	4			yes					-1	-1	-1	-1	
136	131	7a6e07401e58ce97	5			yes					-1	-1	-1	-1	137	
137	136	41047bd16fb8079a	4			yes					-1	-1	-1	-1	
138	130	ba4362a2a9732413	4			yes					-1	139	144	149	
139	138	734ceb568776776c	5			yes					140	141	-1	142	143	
140	139	857dec5d80437ab0	4			yes					-1	-1	-1	-1	
141	139	4b10bf392c5c519e	4			yes					-1	-1	-1	-1	
142	139	a979c86387ffe4ba	4			yes					-1	-1	-1	-1	
143	139	aa5a66e935efc366	4			yes					-1	-1	-1	-1	
144	138	469e36425b12fbc0	5			yes					145	146	-1	147	148	
145	144	b0af31495c27f61c	4			yes					-1	-1	-1	-1	
146	144	7ec2622df038dd32	4			yes					-1	-1	-1	-1	
147	144	7c559807cd212e1d	4			yes					-1	-1	-1	-1	
148	144	c5b9de09c5ef6b5e	4			yes					-1	-1	-1	-1	
149	138	59cbb28ba956c5cd	3			yes					-1	150	-1	
150	149	66145820545bf13b	5			yes					151	152	-1	-1	-1	
151	150	90255f2b536efce7	4			yes					-1	-1	-1	-1	
152	150	5e480c4fff71d7c9	4			yes					-1	-1	-1	-1	
153	130	e171eb946c5bb156	4			yes					-1	-1	154	159	
154	153	a4cd5e414a83d41d	5			yes					155	156	157	-1	158	
155	154	52fc594a4db6d9c1	4			yes					-1	-1	-1	-1	
156	154	9c910a2ee1a9f2ef	4			yes					-1	-1	-1	-1	
157	154	49af92c8ec8788be	4			yes					-1	-1	-1	-1	
158	154	27eab60ad47e4483	4			yes					-1	-1	-1	-1	
159	153	02f93bbd6c7e5088	3			yes					-1	-1	-1	
160	130	04a0f4863180a028	4			yes					-1	-1	-1	-1	
161	130	df290970ec18cc3f	4			yes					-1	-1	-1	-1	
162	0	44ebb04391adcd2d	5			yes					-1	163	221	240	259	
163	162	84cf223daee42b30	5			yes					164	183	193	209	220	
164	163	e5bc83113c6114b5	4			yes					165	166	172	177	
165	164	af541335c28bc456	4			yes					-1	-1	-1	-1	
166	164	9d60224d5bdeaa2d	5			yes					167	168	169	170	171	
167	166	b974472a5af84f11	4			yes					-1	-1	-1	-1	
168	166	166687b62fe6a0dd	4			yes					-1	-1	-1	-1	
169	166	27d1cc6d369019ef	4			yes					-1	-1	-1	-1	
170	166	475501785b5739fb	4			yes					-1	-1	-1	-1	
171	166	cf960d8918d9cfd8	4			yes					-1	-1	-1	-1	
172	164	2e1a916b02ef1412	5			yes					173	174	175	-1	176	
173	172	0a0ef40c03c9f12e	4			yes					-1	-1	-1	-1	
174	172	a51c349076d71ee2	4			yes					-1	-1	-1	-1	
175	172	4f65583c64c757d5	4			yes					-1	-1	-1	-1	
176	172	157779a5f3f59c78	4			yes					-1	-1	-1	-1	
177	164	4e0987957ba8e9aa	5			yes					178	179	180	181	182	
178	177	6a1de2f27a8e0c96	4			yes					-1	-1	-1	-1	
179	177	c50f226e0f90e35a	4			yes					-1	-1	-1	-1	
180	177	2f764ec21d80aa6d	4			yes					-1	-1	-1	-1	
181	177	316bb431acd721b0	4			yes					-1	-1	-1	-1	
182	177	b10f3a6fc4496411	4			yes					-1	-1	-1	-1	
183	163	2a83f34486d4aa36	4			yes					-1	184	188	189	
184	183	36f3a7ea66fcd55e	5			yes					185	-1	-1	186	187	
185	184	752b7a817859a51c	4			yes					-1	-1	-1	-1	
186	184	35da43885d070f24	4			yes					-1	-1	-1	-1	
187	184	b96a80b94f6a8312	4			yes					-1	-1	-1	-1	
188	183	133286d8010c924d	4			yes					-1	-1	-1	-1	
189	183	84a2be3ecf5e2efb	3			yes					190	191	192	
190	189	978200c68e787779	4			yes					-1	-1	-1	-1	
191	189	980b4a7858e8f813	5			yes					-1	-1	-1	-1	-1	
192	189	040f41297bf991b3	5			yes					-1	-1	-1	-1	-1	
193	163	591f10f02e82b787	4			yes					-1	-1	194	199	
194	193	9f6c2c0de022f59f	5			yes					195	196	197	-1	198	
195	194	dcb4f166fe8785dd	4			yes					-1	-1	-1	-1	
196	194	3f25577bf0f8654a	4			yes					-1	-1	-1	-1	
197	194	47609729e54902a5	4			yes					-1	-1	-1	-1	
198	194	3f7834ded57124a3	4			yes					-1	-1	-1	-1	
199	193	31c74829c627325b	6			yes					200	202	204	-1	206	208	
200	199	721f9542d8824219	5			yes					-1	-1	-1	-1	201	
201	200	01749bc355a3e1b3	4			yes					-1	-1	-1	-1	
202	199	918e335fd6fda28e	5			yes					-1	-1	-1	-1	203	
203	202	e2e53dde5bdc0124	4			yes					-1	-1	-1	-1	
204	199	e9cbf30dc34cc561	5			yes					-1	-1	-1	-1	205	
205	204	9aa0fd8c4e6d66cb	4			yes					-1	-1	-1	-1	
206	199	b9d0f7750c37cd68	5			yes					-1	-1	-1	-1	207	
207	206	cabbf9f481166ec2	4			yes					-1	-1	-1	-1	
208	199	42ac46a84b0691f1	5			yes					-1	-1	-1	-1	-1	
209	163	bcce0fe27359a6f9	4			yes					-1	-1	-1	210	
210	209	53e4f1c3e196e6ae	6			yes					211	213	215	217	-1	219	
211	210	103c2ca8ff3396ec	5			yes					-1	-1	-1	-1	212	
212	211	6357222972123546	4			yes					-1	-1	-1	-1	
213	210	f3ad8ab5f14c767b	5			yes					-1	-1	-1	-1	214	
214	213	80c684347c6dd5d1	4			yes					-1	-1	-1	-1	
215	210	8be84ae7e4fd1194	5			yes					-1	-1	-1	-1	216	
216	215	f883446669dcb23e	4			yes					-1	-1	-1	-1	
217	210	fce373fec2a39562	5			yes					-1	-1	-1	-1	218	
218	217	8f887d7f4f8236c8	4			yes					-1	-1	-1	-1	
219	210	208fff426cb74504	5			yes					-1	-1	-1	-1	-1	
220	163	2aee6f47e76eaffd	4			yes					-1	-1	-1	-1	
221	162	a744fb07813b3132	4			yes					222	231	237	239	
222	221	c6375a2b13be0eb7	3			yes					223	224	225	
223	222	75a72ce0a09ce9f0	4			yes					-1	-1	-1	-1	
224	222	8891a8a3894b5585	4			yes					-1	-1	-1	-1	
225	222	d2e6adf8d678cf67	5			yes					226	227	228	229	230	
226	225	f6f2c89fd75e2a5b	4			yes					-1	-1	-1	-1	
227	225	bbba00963dceb662	4			yes					-1	-1	-1	-1	
228	225	ee3dee5b8d898f42	4			yes					-1	-1	-1	-1	
229	225	5e6b6c37add6aa75	4			yes					-1	-1	-1	-1	
230	225	fd1e4a65cacfb90e	4			yes					-1	-1	-1	-1	
231	221	9029694cd6f56955	3			yes					-1	232	233	
232	231	435acccccf2b0fc8	4			yes					-1	-1	-1	-1	
233	231	8acc66dd4fdcb3fa	5			yes					234	-1	235	-1	236	
234	233	c914bbb65179c3b8	4			yes					-1	-1	-1	-1	
235	233	c0ea7d411678a6f3	4			yes					-1	-1	-1	-1	
236	233	abadac1c585ec8fb	4			yes					-1	-1	-1	-1	
237	221	f83f7e1d8cc1e32f	3			yes					-1	-1	238	
238	237	eac3d31889846214	5			yes					-1	-1	-1	-1	-1	
239	221	0965b67dc8b1b5ff	3			yes					-1	-1	-1	
240	162	295ba48416b5e0d8	4			yes					241	252	256	258	
241	240	482805a88430df5d	3			yes					242	245	250	
242	241	fbc085f1e8b589f5	5			yes					-1	-1	-1	243	244	
243	242	bc5320cbc8b9f74d	4			yes					-1	-1	-1	-1	
244	242	7459a2a2c123dfb9	4			yes					-1	-1	-1	-1	
245	241	b47d294981b18572	5			yes					246	247	-1	248	249	
246	245	90694c2e8097604e	4			yes					-1	-1	-1	-1	
247	245	dd2184276a07fc77	4			yes					-1	-1	-1	-1	
248	245	f3ee8c73a1bdfbca	4			yes					-1	-1	-1	-1	
249	245	3be40e1aa827d33e	4			yes					-1	-1	-1	-1	
250	241	154a4e5e4e8ab4bb	5			yes					-1	-1	-1	-1	251	
251	250	844ef95e183b32a6	4			yes					-1	-1	-1	-1	
252	240	1e3636cf417bb8bf	3			yes					-1	253	-1	
253	252	eb297a2f4c01f760	5			yes					-1	-1	-1	254	255	
254	253	acbadf156c0d89d8	4			yes					-1	-1	-1	-1	
255	253	64b05d7c6597a12c	4			yes					-1	-1	-1	-1	
256	240	f48b964996d37c6f	3			yes					-1	-1	257	
257	256	62b3c7791c607048	5			yes					-1	-1	-1	-1	-1	
258	240	8bce01aa452dfb55	3			yes					-1	-1	-1	
259	162	5047fc5c98b59742	5			yes					260	276	282	289	290	
260	259	31345d700a30a8c7	4			yes					261	263	268	271	
261	260	8e5b8c5851b2e0b5	5			yes					-1	-1	-1	-1	262	
262	261	b531f0c9205229b8	4			yes					-1	-1	-1	-1	
263	260	36e838f0c6489236	5			yes					264	265	-1	266	267	
264	263	12fc5d97c76e770a	4			yes					-1	-1	-1	-1	
265	263	5fb4959e2dfeeb33	4			yes					-1	-1	-1	-1	
266	263	aa4f3ed1e46ab0e1	4			yes					-1	-1	-1	-1	
267	263	c63db1e64b6ba264	4			yes					-1	-1	-1	-1	
268	260	4498eff05fa8113a	5			yes					-1	269	-1	-1	270	
269	268	2dc4429eb41e683f	4			yes					-1	-1	-1	-1	
270	268	7ff293612e48d837	4			yes					-1	-1	-1	-1	
271	260	d2bc8d590a154919	3			yes					-1	272	274	
272	271	e75c7b275ce9d965	5			yes					-1	-1	-1	273	-1	
273	272	7bfb7d067ecbfbb2	4			yes					-1	-1	-1	-1	
274	271	905d924dd5145d78	5			yes					-1	-1	-1	-1	275	
275	274	e3369ccc5835fed2	4			yes					-1	-1	-1	-1	
276	259	672a6e17cf7bcf25	4			yes					-1	277	280	-1	
277	276	49bf09afc249b340	5			yes					278	-1	-1	279	-1	
278	277	0a67d4c4dcecc302	4			yes					-1	-1	-1	-1	
279	277	4a96edcdf9b2693a	4			yes					-1	-1	-1	-1	
280	276	b0d02be68a2c0515	5			yes					-1	-1	-1	-1	281	
281	280	8bba5777fbcccc18	4			yes					-1	-1	-1	-1	
282	259	8d97ce9118d30bf5	4			yes					-1	-1	283	288	
283	282	8931ab38e8e31fa4	5			yes					284	285	286	-1	287	
284	283	cae97653f6466fe6	4			yes					-1	-1	-1	-1	
285	283	2978d04ef8398f71	4			yes					-1	-1	-1	-1	
286	283	645367b14ee74307	4			yes					-1	-1	-1	-1	
287	283	0a164373761e8f3a	4			yes					-1	-1	-1	-1	
288	282	6e1f1eb818f6ea2b	3			yes					-1	-1	-1	
289	259	6846d18345081a8b	4			yes					-1	-1	-1	-1	
290	259	b3cf2c759890769c	4			yes					-1	-1	-1	-1	
291	0	45a62a62ee9f57ea	5			yes					-1	-1	292	344	358	
292	291	1e70d4be7004625c	5			yes					293	312	325	332	343	
293	292	7f037592e2815dd9	4			yes					294	301	302	307	
294	293	cdaf6ae376cf4a6b	5			yes					295	296	297	299	300	
295	294	4f2045e259e7b748	4			yes					-1	-1	-1	-1	
296	294	3bbb1d2da90fec80	4			yes					-1	-1	-1	-1	
297	294	bbf294f95450302f	4			yes					-1	-1	-1	298	
298	297	346bb3aa7dc66663	3			yes					-1	-1	-1	
299	294	8d5f8186fbe177c0	4			yes					-1	-1	-1	-1	
300	294	42364db05f591c27	4			yes					-1	-1	-1	-1	
301	293	fa9a067df762d212	4			yes					-1	-1	-1	-1	
302	293	276c44db7dcd53f4	5			yes					-1	303	304	305	306	
303	302	8f5aa5b3e1034286	4			yes					-1	-1	-1	-1	
304	302	f29a76e7fc4055ad	4			yes					-1	-1	-1	-1	
305	302	7eec54e76ec9e68b	4			yes					-1	-1	-1	-1	
306	302	87785c08489e82c8	4			yes					-1	-1	-1	-1	
307	293	7d8d6a663c8324cc	5			yes					-1	308	309	310	311	
308	307	d5bb8b0ea04d35be	4			yes					-1	-1	-1	-1	
309	307	a87b585abd0e2295	4			yes					-1	-1	-1	-1	
310	307	f100aba9472d41de	4			yes					-1	-1	-1	-1	
311	307	52758dfb203452a5	4			yes					-1	-1	-1	-1	
312	292	e6c3bf980cd3418b	4			yes					-1	313	314	319	
313	312	74c834716d2f7706	4			yes					-1	-1	-1	-1	
314	312	599df18551b75b01	5			yes					315	-1	316	317	318	
315	314	1a452cee4f122b43	4			yes					-1	-1	-1	-1	
316	314	8c6bc3b9d03a5d58	4			yes					-1	-1	-1	-1	
317	314	001de1b942b3ee7e	4			yes					-1	-1	-1	-1	
318	314	f989e95664e48a3d	4			yes					-1	-1	-1	-1	
319	312	037cdf3810f92c39	5			yes					320	321	322	323	324	
320	319	40a402530e5c5c7b	4			yes					-1	-1	-1	-1	
321	319	355bc905f8316560	4			yes					-1	-1	-1	-1	
322	319	d68aed0491742a60	4			yes					-1	-1	-1	-1	
323	319	8ff11ef76b57492b	4			yes					-1	-1	-1	-1	
324	319	2c8438a50c4e5a50	4			yes					-1	-1	-1	-1	
325	292	0fe0aaaf7a651556	4			yes					-1	-1	326	327	
326	325	e4cd538cff1259cf	4			yes					-1	-1	-1	-1	
327	325	a1c1e7d533ef919b	3			yes					328	330	-1	
328	327	52f3d99a48faa18b	5			yes					-1	-1	-1	-1	329	
329	328	2198d71bc5db0221	4			yes					-1	-1	-1	-1	
330	327	dca1eb96d2b7049f	5			yes					-1	-1	-1	-1	331	
331	330	afcae5175f96a735	4			yes					-1	-1	-1	-1	
332	292	2671f961adb9ef95	4			yes					-1	-1	-1	333	
333	332	12aba2fd5bcc5901	6			yes					334	336	338	340	-1	342	
334	333	51737f9645692943	5			yes					-1	-1	-1	-1	335	
335	334	22187117c8488ae9	4			yes					-1	-1	-1	-1	
336	333	2af7f692f0e67ff3	5			yes					-1	-1	-1	-1	337	
337	336	599cf8137dc7dc59	4			yes					-1	-1	-1	-1	
338	333	caa719d95ea7ae3b	5			yes					-1	-1	-1	-1	339	
339	338	b9cc1758d3860d91	4			yes					-1	-1	-1	-1	
340	333	64f65ce779532345	5			yes					-1	-1	-1	-1	341	
341	340	179d5266f47280ef	4			yes					-1	-1	-1	-1	
342	333	61c0ac7cd6edfaab	5			yes					-1	-1	-1	-1	-1	
343	292	b05199c4398ee691	4			yes					-1	-1	-1	-1	
344	291	4f176f16223c4f3a	4			yes					345	353	356	357	
345	344	2e64ce3ab0b970bf	3			yes					346	351	352	
346	345	f25430c9a451759e	5			yes					-1	347	348	349	350	
347	346	044047077b91d375	4			yes					-1	-1	-1	-1	
348	346	5d53b2f487640652	4			yes					-1	-1	-1	-1	
349	346	fc9a76223d8e2b59	4			yes					-1	-1	-1	-1	
350	346	d5529c194a0276c3	4			yes					-1	-1	-1	-1	
351	345	274e37537bbd3c88	5			yes					-1	-1	-1	-1	-1	
352	345	201d1d81c019a4b5	5			yes					-1	-1	-1	-1	-1	
353	344	b7a404305eeb6ced	3			yes					-1	354	355	
354	353	a91c055fe1f0999c	5			yes					-1	-1	-1	-1	-1	
355	353	5eeca8dfec63ac40	5			yes					-1	-1	-1	-1	-1	
356	344	3b556f24bdca07df	3			yes					-1	-1	-1	
357	344	ed82ca3871a454b7	3			yes					-1	-1	-1	
358	291	360b37ceac3c38a0	5			yes					359	373	380	383	384	
359	358	577896e23eb90725	4			yes					360	365	367	370	
360	359	6bb9b881d3d025fd	5			yes					-1	361	362	363	364	
361	360	9dadcf4f0c108316	4			yes					-1	-1	-1	-1	
362	360	c4be3abcf0e55631	4			yes					-1	-1	-1	-1	
363	360	2b4953e45efe1856	4			yes					-1	-1	-1	-1	
364	360	9b6c31975ef315af	4			yes					-1	-1	-1	-1	
365	359	9cc0853da56ac7b8	5			yes					-1	-1	-1	-1	366	
366	365	a7aaf9acd48a0eb5	4			yes					-1	-1	-1	-1	
367	359	3a9dd531c84c4109	5			yes					-1	368	-1	-1	369	
368	367	92ab34595482507b	4			yes					-1	-1	-1	-1	
369	367	b16bc7315cfc425a	4			yes					-1	-1	-1	-1	
370	359	b4f046cb3e9ce6fb	3			yes					371	-1	-1	
371	370	ba0dfb5649716eae	5			yes					-1	-1	372	-1	-1	
372	371	150a796b6a441d62	4			yes					-1	-1	-1	-1	
373	358	ceb85ce8d0eb1b77	4			yes					-1	374	376	379	
374	373	1292b7313f2762ac	5			yes					-1	-1	-1	-1	375	
375	374	29f8cba04ec7aba1	4			yes					-1	-1	-1	-1	
376	373	446c606fe43649fc	5			yes					377	-1	-1	-1	378	
377	376	07b4bd04fa9339be	4			yes					-1	-1	-1	-1	
378	376	cf9a726f70864aaf	4			yes					-1	-1	-1	-1	
379	373	2d308cc1d0cefaa9	3			yes					-1	-1	-1	
380	358	424937fc33ca7045	4			yes					-1	-1	381	-1	
381	380	a4674a64cb449141	5			yes					-1	-1	-1	-1	382	
382	381	9f0d36f5baa4584c	4			yes					-1	-1	-1	-1	
383	358	0e0a1a117181b569	4			yes					-1	-1	-1	-1	
384	358	d583e7e7ac19d97e	4			yes					-1	-1	-1	-1	
385	0	b9e0f0cede571476	5			yes					-1	-1	-1	386	428	
386	385	b925d367c68157d3	5			yes					387	404	417	425	427	
387	386	d856724b54046856	4			yes					388	393	398	399	
388	387	6370affba349983b	5			yes					-1	389	390	391	392	
389	388	dd1a3b207a3bdafd	4			yes					-1	-1	-1	-1	
390	388	152d51e181d6e27f	4			yes					-1	-1	-1	-1	
391	388	6dbee9103a96c6fc	4			yes					-1	-1	-1	-1	
392	388	4476032b4d1a9b66	4			yes					-1	-1	-1	-1	
393	387	db4f19a5b856c71d	5			yes					-1	394	395	396	397	
394	393	e18423d148e25b7a	4			yes					-1	-1	-1	-1	
395	393	b03b4f2fc1e1e161	4			yes					-1	-1	-1	-1	
396	393	d5815f4e218999da	4			yes					-1	-1	-1	-1	
397	393	fc49b5755605c440	4			yes					-1	-1	-1	-1	
398	387	7e0494b096c22be7	4			yes					-1	-1	-1	-1	
399	387	e8638818e3167fe1	6			yes					-1	-1	400	401	402	403	
400	399	2d9c49aec6111c8e	5			yes					-1	-1	-1	-1	-1	
401	399	a1c1c8f2556dc82a	5			yes					-1	-1	-1	-1	-1	
402	399	a116916426c02152	5			yes					-1	-1	-1	-1	-1	
403	399	8baca42e6afff990	5			yes					-1	-1	-1	-1	-1	
404	386	4196b841ba567404	4			yes					-1	405	410	411	
405	404	551d2ba9221b6209	5			yes					406	-1	407	408	409	
406	405	16c5f6c23cbe124b	4			yes					-1	-1	-1	-1	
407	405	3e697d235bac4475	4			yes					-1	-1	-1	-1	
408	405	5bd36d42bbc43cce	4			yes					-1	-1	-1	-1	
409	405	721b8779cc486154	4			yes					-1	-1	-1	-1	
410	404	3faf30cc8109d4e1	5			yes					-1	-1	-1	-1	-1	
411	404	7344075bb22deb32	6			yes					412	-1	413	414	415	416	
412	411	309cda30ac889b70	5			yes					-1	-1	-1	-1	-1	
413	411	02023cd9476fe232	5			yes					-1	-1	-1	-1	-1	
414	411	3ae647b104565cf9	5			yes					-1	-1	-1	-1	-1	
415	411	3a311e2777fbb581	5			yes					-1	-1	-1	-1	-1	
416	411	108b2b6d3bc46d43	5			yes					-1	-1	-1	-1	-1	
417	386	3fc7689c83cf5e21	4			yes					-1	-1	418	419	
418	417	9fe8387f8be853eb	5			yes					-1	-1	-1	-1	-1	
419	417	3496e5036a1a6d98	6			yes					420	421	-1	422	423	424	
420	419	774e386874bf1dda	5			yes					-1	-1	-1	-1	-1	
421	419	0ccab16cc1304b6a	5			yes					-1	-1	-1	-1	-1	
422	419	7d34a5e9dc61da53	5			yes					-1	-1	-1	-1	-1	
423	419	7de3fc7fafcc332b	5			yes					-1	-1	-1	-1	-1	
424	419	5759c935e3f3ebe9	5			yes					-1	-1	-1	-1	-1	
425	386	ddb0e2fb04202116	4			yes					-1	-1	-1	426	
426	425	1f2271f1ab1c15a0	3			yes					-1	-1	-1	
427	386	7bb7406d69bd6365	4			yes					-1	-1	-1	-1	
428	385	a3d124c2a6c32663	5			yes					429	446	457	461	462	
429	428	c2a285ee344619e6	4			yes					430	435	440	442	
430	429	fa9d27b3d4c8c858	5			yes					-1	431	432	433	434	
431	430	44f7b3680dba8a9e	4			yes					-1	-1	-1	-1	
432	430	8cc0d9a9f657b21c	4			yes					-1	-1	-1	-1	
433	430	ba6dccd659e6f5f3	4			yes					-1	-1	-1	-1	
434	430	0a48aea559ebf80a	4			yes					-1	-1	-1	-1	
435	429	42a291edcfd7977e	5			yes					-1	436	437	438	439	
436	435	7869ab993f630b19	4			yes					-1	-1	-1	-1	
437	435	29d6c767b660b102	4			yes					-1	-1	-1	-1	
438	435	02527a8842f9aad5	4			yes					-1	-1	-1	-1	
439	435	b27718fb42f4a72c	4			yes					-1	-1	-1	-1	
440	429	526c423fac3171bd	5			yes					-1	-1	-1	-1	441	
441	440	69063eaeddd1b8b0	4			yes					-1	-1	-1	-1	
442	429	212a55c73463f838	3			yes					443	445	-1	
443	442	2b2964644e69830b	5			yes					-1	-1	444	-1	-1	
444	443	5d749a7e6cf6f94f	4			yes					-1	-1	-1	-1	
445	442	9316d23a5576dc2d	5			yes					-1	-1	-1	-1	-1	
446	428	5b624fe4da1405b4	4			yes					-1	447	452	454	
447	446	ccf0a3e1559a326a	5			yes					448	-1	449	450	451	
448	447	8f287e8a4b3f4228	4			yes					-1	-1	-1	-1	
449	447	a784f56b2c2d1416	4			yes					-1	-1	-1	-1	
450	447	8c004884d8b40fc1	4			yes					-1	-1	-1	-1	
451	447	3c252af7d8b90238	4			yes					-1	-1	-1	-1	
452	446	f5a1ae347b22a29a	5			yes					-1	-1	-1	-1	453	
453	452	cecbd2a50ac26b97	4			yes					-1	-1	-1	-1	
454	446	b8ea9fcdda31e46a	3			yes					-1	455	-1	
455	454	1d44e036cf3b7939	5			yes					456	-1	-1	-1	-1	
456	455	5e9c3d5dd19e097b	4			yes					-1	-1	-1	-1	
457	428	25339f39e38d2f91	4			yes					-1	-1	458	460	
458	457	55e6a68771c32590	5			yes					-1	-1	-1	-1	459	
459	458	6e8cda160023ec9d	4			yes					-1	-1	-1	-1	
460	457	c6bb4f10e3a8ce4f	3			yes					-1	-1	-1	
461	428	fcaaa1d8ab39f47e	4			yes					-1	-1	-1	-1	
462	428	4059f4eba6e6c7bd	4			yes					-1	-1	-1	-1	
463	0	3ee5cdab4f4d4cd5	5			yes					-1	-1	-1	-1	464	
464	463	78e17873d8a33104	4			yes					465	488	508	532	
465	464	3373b27c58238956	5			yes					466	471	482	486	487	
466	465	8f691fe5acae5de5	4			yes					467	468	-1	469	
467	466	172f337cc8c672e2	5			yes					-1	-1	-1	-1	-1	
468	466	5c16e748d121c6e0	5			yes					-1	-1	-1	-1	-1	
469	466	5096842935e80e65	6			yes					-1	-1	-1	-1	-1	470	
470	469	8238289e100425c9	5			yes					-1	-1	-1	-1	-1	
471	465	b59109871d6d80a4	4			yes					-1	472	477	478	
472	471	9818801de9ccbd47	6			yes					473	474	-1	-1	475	476	
473	472	6e298716eef9b09b	5			yes					-1	-1	-1	-1	-1	
474	472	a044d47242e69bb5	5			yes					-1	-1	-1	-1	-1	
475	472	1d21ed20462d1eb7	5			yes					-1	-1	-1	-1	-1	
476	472	a372fc8c982c744a	5			yes					-1	-1	-1	-1	-1	
477	471	90b095a6f905b2fc	5			yes					-1	-1	-1	-1	-1	
478	471	7902a89413e2fa8e	3			yes					479	480	-1	
479	478	27a2bf5705eb404d	5			yes					-1	-1	-1	-1	-1	
480	478	71dc503bbdc05fe6	6			yes					-1	-1	-1	-1	481	-1	
481	480	f4e53d061221fc16	5			yes					-1	-1	-1	-1	-1	
482	465	eea380b1d84515e1	4			yes					-1	-1	483	484	
483	482	72e3fda5e8949d21	5			yes					-1	-1	-1	-1	-1	
484	482	223021a2d6ca6fcb	3			yes					485	-1	-1	
485	484	6c9b6b631c0cf44f	5			yes					-1	-1	-1	-1	-1	
486	465	2bbb85bc3f2a3bdc	4			yes					-1	-1	-1	-1	
487	465	ffe0136f56acf37c	4			yes					-1	-1	-1	-1	
488	464	5f9597792cab33f5	5			yes					489	498	502	506	507	
489	488	3ee63655be2e0c70	4			yes					490	491	493	494	
490	489	848c2bb44c00efeb	5			yes					-1	-1	-1	-1	-1	
491	489	cb31870c2504e36c	5			yes					-1	-1	-1	492	-1	
492	491	8ca2223605089dd4	4			yes					-1	-1	-1	-1	
493	489	f9d0da48fea5bb36	5			yes					-1	-1	-1	-1	-1	
494	489	f2759746b0a1765a	3			yes					495	496	-1	
495	494	b401a79f812ddd44	5			yes					-1	-1	-1	-1	-1	
496	494	fbbc0b27e829d1c3	5			yes					-1	-1	-1	497	-1	
497	496	bc2fae1dc825af7b	4			yes					-1	-1	-1	-1	
498	488	68f805327b656b92	4			yes					-1	499	-1	500	
499	498	9465d46ae8b4917e	5			yes					-1	-1	-1	-1	-1	
500	498	9a28a88fa19cc5e7	6			yes					-1	-1	-1	-1	-1	501	
501	500	488604388470ee4b	5			yes					-1	-1	-1	-1	-1	
502	488	8245a5b4accdaf42	4			yes					-1	-1	503	504	
503	502	5f1f08dc4af45698	5			yes					-1	-1	-1	-1	-1	
504	502	4ed604a7a242d568	3			yes					-1	505	-1	
505	504	a4e858412599a3d1	5			yes					-1	-1	-1	-1	-1	
506	488	475da0b94ba2817f	4			yes					-1	-1	-1	-1	
507	488	9306366a222449df	4			yes					-1	-1	-1	-1	
508	464	39d95ceb18229c17	5			yes					509	522	527	530	531	
509	508	58aafdc78aa7a392	4			yes					510	516	517	518	
510	509	6b018db594031c3e	6			yes					-1	511	512	513	514	515	
511	510	9d15fa7b4bc3bad5	5			yes					-1	-1	-1	-1	-1	
512	510	c4060f88b7366ff2	5			yes					-1	-1	-1	-1	-1	
513	510	65cfcb5e0ddc42f9	5			yes					-1	-1	-1	-1	-1	
514	510	ee38e0883be2bfce	5			yes					-1	-1	-1	-1	-1	
515	510	506bf124e5e3d533	5			yes					-1	-1	-1	-1	-1	
516	509	58029916df085a96	5			yes					-1	-1	-1	-1	-1	
517	509	1556aa3a5ef6700f	5			yes					-1	-1	-1	-1	-1	
518	509	94395cd48428d9b8	3			yes					519	521	-1	
519	518	82c55d93c00ffe9f	6			yes					-1	-1	-1	-1	520	-1	
520	519	07fc30ae6fee5d6f	5			yes					-1	-1	-1	-1	-1	
521	518	688f153d12256839	5			yes					-1	-1	-1	-1	-1	
522	508	c16a37cd64f5bfc0	4			yes					-1	523	524	525	
523	522	d650ab1a4545ff82	5			yes					-1	-1	-1	-1	-1	
524	522	6ba71f64728c78fa	5			yes					-1	-1	-1	-1	-1	
525	522	0df996de6a7ac5ea	3			yes					-1	526	-1	
526	525	e6dd27318868cd2d	5			yes					-1	-1	-1	-1	-1	
527	508	4d9b5cd987d4d4f2	4			yes					-1	-1	-1	528	
528	527	1799d2614c3c9a73	6			yes					-1	-1	-1	-1	-1	529	
529	528	c5377ed669d0b1df	5			yes					-1	-1	-1	-1	-1	
530	508	21116b2b7f2b2e9d	4			yes					-1	-1	-1	-1	
531	508	f54afdf816ade63d	4			yes					-1	-1	-1	-1	
532	464	b1426119ea8639a7	5			yes					533	545	552	553	-1	
533	532	d031c03578030622	4			yes					534	540	-1	-1	
534	533	fa251287931bf19b	6			yes					-1	535	536	537	538	539	
535	534	444f865c4a69b35d	5			yes					-1	-1	-1	-1	-1	
536	534	8c78ec9db1848bdf	5			yes					-1	-1	-1	-1	-1	
537	534	f4eb546c0ac4af5c	5			yes					-1	-1	-1	-1	-1	
538	534	7f1c7fba3cfa526b	5			yes					-1	-1	-1	-1	-1	
539	534	c14f6e16e2fb3896	5			yes					-1	-1	-1	-1	-1	
540	533	421aa4d98804aebd	6			yes					-1	-1	541	542	543	544	
541	540	296ef253f1b388c1	5			yes					-1	-1	-1	-1	-1	
542	540	4cd4e23211dbf07a	5			yes					-1	-1	-1	-1	-1	
543	540	c723c9e427e50d4d	5			yes					-1	-1	-1	-1	-1	
544	540	7970d848f9e467b0	5			yes					-1	-1	-1	-1	-1	
545	532	49f10a3f96511a70	4			yes					-1	546	-1	-1	
546	545	cc4896d512490ba9	6			yes					547	-1	548	549	550	551	
547	546	8f904bbe0cec7beb	5			yes					-1	-1	-1	-1	-1	
548	546	a73cc05f6bfe2dd5	5			yes					-1	-1	-1	-1	-1	
549	546	c286d03e8b96556e	5			yes					-1	-1	-1	-1	-1	
550	546	4971fbe8bda8a859	5			yes					-1	-1	-1	-1	-1	
551	546	f722ea4463a9c2a4	5			yes					-1	-1	-1	-1	-1	
552	532	37a0dae2afc83055	4			yes					-1	-1	-1	-1	
553	532	d5d7508528274f62	4			yes					-1	-1	-1	-1	
554	0	6f21d85a723c33f4	5			yes					-1	-1	-1	-1	-1	
