Number of nodes
55
ID	PID	Hash_Value			File_Number	Fully_Enumerated	Children
0	-1	bf7b7ec5f51f0d05	6			no					1	-2	-2	-2	-2	-2	
1	0	66d49b325260e756	6			no					31	-2	-2	-2	-2	-2	
2	1	72c3500a7f78ac67	5			no					3	46	-2	-2	-2	
3	2	909ea7c9f23c08d5	5			yes					4	6	12	16	18	
4	3	e9cc8b3191404502	4			yes					-1	-1	-1	5	
5	4	097142ece47aa22e	3			yes					-1	-1	-1	
6	3	eb7d5ac54a1b090c	4			yes					-1	7	8	9	
7	6	edfd8dddfc51ae3b	4			yes					-1	-1	-1	-1	
8	6	4fe02d5f0b5d5f33	4			yes					-1	-1	-1	-1	
9	6	0bc093183f21ee20	3			yes					-1	10	11	
10	9	1c0efd4b0b5832e0	4			yes					-1	-1	-1	-1	
11	9	e37149d87301e88e	4			yes					-1	-1	-1	-1	
12	3	99cc58a425011470	4			yes					-1	-1	13	14	
13	12	008b2a03a6647e51	5			yes					-1	-1	-1	-1	-1	
14	12	79719179503bf35c	3			yes					-1	-1	15	
15	14	e9585f3f3af99c30	5			yes					-1	-1	-1	-1	-1	
16	3	eb5ee744795cb787	4			yes					-1	-1	-1	17	
17	16	0be32e990c6650ab	3			yes					-1	-1	-1	
18	3	70236e148706eff9	4			yes					-1	-1	-1	-1	
19	2	ac91e8f9f3793310	4			no					29	-2	-2	-2	
20	19	70fd8655312cab6f	4			yes					-1	-1	-1	21	
21	20	90404f8844164c43	3			yes					-1	-1	-1	
22	19	bc41863820927ee4	4			yes					23	-1	-1	26	
23	22	0e47b7549ce7efb2	3			yes					-1	-1	-1	
24	19	1186b8debe514974	5			yes					25	-1	28	36	38	
25	24	7da6af428bbfae78	4			yes					-1	-1	-1	27	
26	22	a1ed9371716c8a45	3			yes					-1	-1	-1	
27	25	4955b162161bef4f	3			yes					-1	-1	-1	
28	24	d318b3fe196623a0	6			yes					-1	-1	-1	-1	-1	-1	
29	19	7e6746d17325b9ff	5			no					30	40	51	-2	-2	
30	29	e846cb3711c98221	4			yes					-1	-1	-1	37	
31	1	0f953769a89ffef6	6			no					32	-2	-2	-2	-2	-2	
32	31	a15b3502046b454c	5			no					49	-2	-2	-2	-2	
33	32	ee7225007a9c37b5	4			no					45	-2	-2	-2	
34	33	943a37ecfc81b6a2	5			no					35	-2	-2	-2	-2	
35	34	36320e2a8699d34e	4			no					-1	-1	-1	52	
36	24	9152c4cb828d1564	6			yes					-1	-1	-1	-1	-1	-1	
37	30	031f403e2b2fa3f7	3			yes					-1	-1	-1	
38	24	2575a6fe23f50843	4			yes					-1	39	42	43	
39	38	4fed45741a1ec702	3			yes					-1	-1	-1	
40	29	c37d4d1767b4d1c6	4			yes					-1	-1	-1	44	
41	40	555cc0f10558ea18	3			no					-1	-1	-2	
42	38	37bea6fe977ab639	6			yes					-1	-1	-1	-1	-1	-1	
43	38	64458f2031857eac	6			yes					-1	-1	-1	-1	-1	-1	
44	40	2824c61e5d52f010	3			yes					-1	-1	-1	
45	33	9682286cbd3b5f16	4			no					-1	-1	53	-2	
46	2	bf54940431349198	5			no					47	-2	-2	-2	-2	
47	46	92b28a8059e97f7c	4			no					54	-2	-2	-2	
48	47	113f867274fee06b	5			no					-1	-2	-2	-2	-2	
49	32	19b3fb30b2cf671c	5			no					50	-2	-2	-2	-2	
50	49	bbbbc2f6c8d702f0	4			no					-1	-2	-2	-2	
51	29	1b0b3d1608788245	4			no					-1	-1	-2	-2	
52	35	02c1100a1b3d9279	3			no					-1	-2	-2	
53	45	3108e056084e0df5	6			yes					-1	-1	-1	-1	-1	-1	
54	47	a97b6c950f25bb20	5			no					-1	-2	-2	-2	-2	
