Number of nodes
124
ID	PID	Hash_Value			File_Number	Fully_Enumerated	Children
0	-1	748982efaee8ee56	6			yes					1	19	37	55	73	85	
1	0	2c75384c65aa341f	5			yes					2	6	12	16	18	
2	1	833784c7c671b9c2	4			yes					3	4	-1	5	
3	2	5ad2aabe04d1a84a	4			yes					-1	-1	-1	-1	
4	2	5a516a24458d906b	3			yes					-1	-1	-1	
5	2	fff4880f95ab8ca0	4			yes					-1	-1	-1	-1	
6	1	c0b6fbbfa502f48c	4			yes					-1	7	8	9	
7	6	6fd4dc0720f4dd92	4			yes					-1	-1	-1	-1	
8	6	17d0b3f730dbc65e	4			yes					-1	-1	-1	-1	
9	6	440c11ed9cc058a3	5			yes					-1	-1	-1	-1	11	
10	9	f54c8a3fc2bb6252	4			no					-1	-1	-1	-2	
11	9	02aa1d8e1d3c8400	4			yes					-1	-1	-1	-1	
12	1	df055bf57c0a1352	4			yes					-1	-1	13	14	
13	12	cf3f95d6945f47c8	4			yes					-1	-1	-1	-1	
14	12	6e26984ea7d70785	5			yes					-1	-1	-1	-1	15	
15	14	2880942d262bdb26	4			yes					-1	-1	-1	-1	
16	1	0f99041e3b57c43c	4			yes					-1	-1	-1	17	
17	16	b0f11cc17ad36a03	3			yes					-1	-1	-1	
18	1	931d2093242e9a20	4			yes					-1	-1	-1	-1	
19	0	19efef7f0a5c43c4	5			yes					20	27	30	34	36	
20	19	4c6f6748c02c0030	4			yes					21	22	24	25	
21	20	4ec8386b1d1621a6	4			yes					-1	-1	-1	-1	
22	20	00661c4a4811f976	4			yes					-1	-1	-1	23	
23	22	8f4c9edb91a20f90	3			yes					-1	-1	-1	
24	20	0dfd8285372c8076	4			yes					-1	-1	-1	-1	
25	20	5e21209f9b371e8b	5			yes					-1	-1	-1	-1	26	
26	25	18872cfc1acbc228	4			yes					-1	-1	-1	-1	
27	19	3a74cf03cca93aa5	4			yes					-1	28	-1	29	
28	27	2b71d6cb6ba6a7c9	4			yes					-1	-1	-1	-1	
29	27	9713c9cb09fa7483	4			yes					-1	-1	-1	-1	
30	19	ea9f8cc613fc6489	4			yes					-1	-1	31	32	
31	30	9ddceda02fb18db4	4			yes					-1	-1	-1	-1	
32	30	3cc5e0381c39cdf9	5			yes					-1	-1	-1	-1	33	
33	32	7a63ec5b9dc5115a	4			yes					-1	-1	-1	-1	
34	19	3a03d32d54a1b3e7	4			yes					-1	-1	-1	35	
35	34	856bcbf215251dd8	3			yes					-1	-1	-1	
36	19	a687f7a04bd8edfb	4			yes					-1	-1	-1	-1	
37	0	93b7146f807fc526	5			yes					38	45	50	52	54	
38	37	c6379c584a0f86d2	4			yes					39	41	42	43	
39	38	b61f7025743e20bb	4			yes					-1	-1	-1	40	
40	39	3935f2b4ad8dd65d	3			yes					-1	-1	-1	
41	38	75da52d909bdeec9	3			yes					-1	-1	-1	
42	38	df1fba4927800a9d	3			yes					-1	-1	-1	
43	38	bb4ee67040c83787	4			yes					-1	-1	-1	44	
44	43	fde8ea13c134eb24	3			yes					-1	-1	-1	
45	37	721daa6a1b6087d6	4			yes					-1	46	47	48	
46	45	1279964bb50d72ca	4			yes					-1	-1	-1	-1	
47	45	5ef98f0c5a94a993	4			yes					-1	-1	-1	-1	
48	45	0d252d16f68f376e	5			yes					-1	-1	-1	-1	49	
49	48	4b8321757773ebcd	4			yes					-1	-1	-1	-1	
50	37	28ae12bf4e165f18	4			yes					-1	-1	-1	51	
51	50	290ed5b767bde05e	4			yes					-1	-1	-1	-1	
52	37	b05b283dde823505	4			yes					-1	-1	-1	53	
53	52	0f3330e29f069b3a	3			yes					-1	-1	-1	
54	37	2cdf0cb0c1fb6b19	4			yes					-1	-1	-1	-1	
55	0	5cc5f269702fa184	5			yes					56	63	68	71	72	
56	55	09457a5eba5fe270	4			yes					57	59	-1	61	
57	56	055aa49403cbcdda	4			yes					-1	-1	-1	58	
58	57	8a702605da783b3c	3			yes					-1	-1	-1	
59	56	5fa26e6169d22e12	4			yes					-1	-1	-1	60	
60	59	d088ecf0b061d8f4	3			yes					-1	-1	-1	
61	56	2ddebfddab06d9a7	5			yes					-1	-1	-1	-1	62	
62	61	6b78b3be2afa0504	4			yes					-1	-1	-1	-1	
63	55	bd6f4c6ceb30e374	4			yes					-1	64	-1	66	
64	63	4843c0e6f96ca430	4			yes					-1	-1	-1	65	
65	64	c769427720df52d6	3			yes					-1	-1	-1	
66	63	7062ebca8f90b5a3	5			yes					-1	-1	-1	-1	67	
67	66	36c4e7a90e6c6900	4			yes					-1	-1	-1	-1	
68	55	b006319ab0876117	4			yes					-1	-1	-1	69	
69	68	44622e6ed8b9ce8a	5			yes					-1	-1	-1	-1	70	
70	69	02c4220d59451229	4			yes					-1	-1	-1	-1	
71	55	e781ed1ed0436fa8	4			yes					-1	-1	-1	-1	
72	55	e3adeab631ab0fbb	4			yes					-1	-1	-1	-1	
73	0	77d8ed4c65dd8834	5			yes					74	78	81	83	84	
74	73	2258657bafadcbc0	4			yes					75	76	77	-1	
75	74	cd069f63299f2287	4			yes					-1	-1	-1	-1	
76	74	6cf0885f09bdc5df	4			yes					-1	-1	-1	-1	
77	74	c7a85c796af238a3	4			yes					-1	-1	-1	-1	
78	73	96725349fec2cac4	4			yes					-1	79	80	-1	
79	78	0939325c864cd8d2	4			yes					-1	-1	-1	-1	
80	78	9a14086e4e6454a7	4			yes					-1	-1	-1	-1	
81	73	9b1b2ebfa57548a7	4			yes					-1	-1	82	-1	
82	81	3750dd760464002f	4			yes					-1	-1	-1	-1	
83	73	84a88ef57c7daf79	4			yes					-1	-1	-1	-1	
84	73	ab9996788867e6da	4			yes					-1	-1	-1	-1	
85	0	5cd4b27e031ab304	5			yes					86	94	102	110	117	
86	85	84be30b282b55ec3	5			yes					87	88	91	93	-1	
87	86	91eee1e683037176	4			yes					-1	-1	-1	-1	
88	86	687df341421d9e50	4			yes					-1	89	90	-1	
89	88	bbb6658886ea8d5f	4			yes					-1	-1	-1	-1	
90	88	4c3d39fdac62ce5a	4			yes					-1	-1	-1	-1	
91	86	77ce530b9b15798e	4			yes					-1	-1	92	-1	
92	91	2f309aad3861642b	5			yes					-1	-1	-1	-1	-1	
93	86	a7520ce0dc48aee0	4			yes					-1	-1	-1	-1	
94	85	b124e781ed432918	5			yes					95	98	99	101	-1	
95	94	e4a46fb627336aec	4			yes					-1	96	97	-1	
96	95	a7f0fb5106f62ee5	4			yes					-1	-1	-1	-1	
97	95	5610088fab958872	4			yes					-1	-1	-1	-1	
98	94	f909a0221f528955	4			yes					-1	-1	-1	-1	
99	94	42548438f4e30e55	4			yes					-1	-1	100	-1	
100	99	7dd3e2db838fae57	5			yes					-1	-1	-1	-1	-1	
101	94	92c8dbd3b3bed93b	4			yes					-1	-1	-1	-1	
102	85	3b7c1c916760affa	5			yes					103	106	108	109	-1	
103	102	6efc94a6ad10ec0e	4			yes					104	-1	105	-1	
104	103	1189973e3ad9f728	4			yes					-1	-1	-1	-1	
105	103	f815c0220b684997	4			yes					-1	-1	-1	-1	
106	102	dad6a294fc7fed0a	4			yes					-1	-1	107	-1	
107	106	05140506c62da197	4			yes					-1	-1	-1	-1	
108	102	73f425ab468774d9	4			yes					-1	-1	-1	-1	
109	102	189020c3399d5fd9	4			yes					-1	-1	-1	-1	
110	85	f40efa979730cb58	5			yes					111	114	116	-1	-1	
111	110	a18e72a05d4088ac	4			yes					112	113	-1	-1	
112	111	a2cc438f4d2c1a49	4			yes					-1	-1	-1	-1	
113	111	f834897a2735f981	4			yes					-1	-1	-1	-1	
114	110	15a444920c2f89a8	4			yes					-1	115	-1	-1	
115	114	efd527fdb78b73a3	4			yes					-1	-1	-1	-1	
116	110	18cd396457980bcb	4			yes					-1	-1	-1	-1	
117	85	8b28f0f8ea6ba43e	5			yes					118	119	121	122	-1	
118	117	dea878cf201be7ca	4			yes					-1	-1	-1	-1	
119	117	6a824efd7174e6ce	4			yes					-1	120	-1	-1	
120	119	127cce6c4e2d3a92	4			yes					-1	-1	-1	-1	
121	117	67eb330b2ac364ad	4			yes					-1	-1	-1	-1	
122	117	78589341f3cb8373	4			yes					-1	-1	-1	-1	
123	122	8c3d93ed098e0e60	5			no					-1	-2	-1	-1	-2	
