Number of nodes
152
ID	PID	Hash_Value			File_Number	Fully_Enumerated	Children
0	-1	718830ea14c40af2	6			yes					1	23	45	67	84	102	
1	0	6f323e9080a15bf4	5			yes					2	7	15	20	22	
2	1	2f6698b87be04ff7	4			yes					3	4	-1	5	
3	2	b1a18ac526164469	4			yes					-1	-1	-1	-1	
4	2	e4e22be82384edb9	4			yes					-1	-1	-1	-1	
5	2	bdb0d12738b6ed7e	5			yes					-1	-1	-1	-1	6	
6	5	190f5d86c996bd28	4			yes					-1	-1	-1	-1	
7	1	d99e9f074a88b417	4			yes					-1	8	10	11	
8	7	3629af6b4a017e09	5			yes					-1	-1	-1	-1	-1	
9	8	8ebde1e22b8daadb	4			no					-1	-1	-1	-2	
10	7	9868e2a3a8bb8fd8	4			yes					-1	-1	-1	-1	
11	7	4f47b7dc93d33c19	3			yes					12	13	14	
12	11	32be57a8db9dc133	4			yes					-1	-1	-1	-1	
13	11	617f62d4cfb61b0a	5			yes					-1	-1	-1	-1	-1	
14	11	740d840e1adfeaa0	4			yes					-1	-1	-1	-1	
15	1	548e4ce36b9a494e	4			yes					-1	-1	16	17	
16	15	3fcab4a0b19e00f8	5			yes					-1	-1	-1	-1	-1	
17	15	c2576438b2c1c140	3			yes					18	-1	19	
18	17	efddac14928d6d1c	4			yes					-1	-1	-1	-1	
19	17	7ac7380fed591bc9	5			yes					-1	-1	-1	-1	-1	
20	1	5b9d5d1703086154	4			yes					-1	-1	-1	21	
21	20	cd4475ccda53e95a	3			yes					-1	-1	-1	
22	1	f9eb164b59fad3fa	4			yes					-1	-1	-1	-1	
23	0	ce8b7e3bc237fc9e	5			yes					24	33	37	42	44	
24	23	eeff2d35b93eac0f	4			yes					25	27	28	29	
25	24	d041f36ed36ed9d4	5			yes					-1	-1	-1	-1	-1	
26	25	f32d4dd6cd781d73	4			no					-1	-2	-2	-1	
27	24	70aa046543704174	4			yes					-1	-1	-1	-1	
28	24	4825aa95c2dc8349	4			yes					-1	-1	-1	-1	
29	24	782605ee60652401	3			yes					30	31	32	
30	29	5792c1773c584d25	5			yes					-1	-1	-1	-1	-1	
31	29	7b958399f279c1d1	4			yes					-1	-1	-1	-1	
32	29	ecc3ff120e5a2b2b	4			yes					-1	-1	-1	-1	
33	23	b9be6a21cac0f085	4			yes					-1	34	-1	35	
34	33	e3cdbdc1e53c3b80	4			yes					-1	-1	-1	-1	
35	33	6a79140da88e2eee	5			yes					-1	-1	-1	-1	36	
36	35	cec698ac59ae7eb8	4			yes					-1	-1	-1	-1	
37	23	f5370c48290cee24	4			yes					-1	-1	38	39	
38	37	620b48681d8ea444	5			yes					-1	-1	-1	-1	-1	
39	37	63ee2493f057662a	3			yes					-1	40	41	
40	39	d5e9a4fd3c4b405d	4			yes					-1	-1	-1	-1	
41	39	2706c4c74149bf75	5			yes					-1	-1	-1	-1	-1	
42	23	fa241dbc419ec63e	4			yes					-1	-1	-1	43	
43	42	6cfd356798c54e30	3			yes					-1	-1	-1	
44	23	585256e01b6c7490	4			yes					-1	-1	-1	-1	
45	0	339440eb6ddb5b30	5			yes					46	55	62	64	66	
46	45	13e013e516d20ba1	4			yes					47	49	50	51	
47	46	f2c3101606282882	5			yes					-1	-1	-1	-1	48	
48	47	d1afaeae183eec25	4			yes					-1	-1	-1	-1	
49	46	bbde54b5ad4a8add	4			yes					-1	-1	-1	-1	
50	46	b0c9e4bd68970956	4			yes					-1	-1	-1	-1	
51	46	85393b3ecf8983af	3			yes					52	53	54	
52	51	7510220fe91ebc73	5			yes					-1	-1	-1	-1	-1	
53	51	644a26e75aa8caba	4			yes					-1	-1	-1	-1	
54	51	142fb13aa411a134	4			yes					-1	-1	-1	-1	
55	45	0a79ec387e5c79e1	4			yes					-1	56	58	59	
56	55	1c600ef18d4cbf9d	5			yes					-1	-1	-1	-1	57	
57	56	3f0cb049935a7b3a	4			yes					-1	-1	-1	-1	
58	55	bb2dd477fe100554	4			yes					-1	-1	-1	-1	
59	55	9ca0c4e3a707f1ef	3			yes					-1	60	61	
60	59	9bb33ce8627a2b6c	5			yes					-1	-1	-1	-1	-1	
61	59	1fcb81f03296ad36	4			yes					-1	-1	-1	-1	
62	45	bbefb481327cc0ee	4			yes					-1	-1	-1	63	
63	62	1a118f991e44249a	5			yes					-1	-1	-1	-1	-1	
64	45	073b236cee726190	4			yes					-1	-1	-1	65	
65	64	91e20bb73729e99e	3			yes					-1	-1	-1	
66	45	a54d6830b480d33e	4			yes					-1	-1	-1	-1	
67	0	e8724b3dcb22d664	5			yes					68	75	79	81	82	
68	67	c8061833b02b86f5	4			yes					69	71	-1	72	
69	68	58d5897506711352	5			yes					-1	-1	-1	-1	70	
70	69	7bb937cd1867d7f5	4			yes					-1	-1	-1	-1	
71	68	21bf0b12b7616424	4			yes					-1	-1	-1	-1	
72	68	5edf30e869700efb	3			yes					73	74	-1	
73	72	df06bb6ce94787a3	5			yes					-1	-1	-1	-1	-1	
74	72	75b49c8414b070cb	4			yes					-1	-1	-1	-1	
75	67	d19fe7eed8a5f4b5	4			yes					-1	76	-1	77	
76	75	e3fd64770dbf7ff7	5			yes					-1	-1	-1	-1	-1	
77	75	4746cf3501fe7cbb	3			yes					-1	78	-1	
78	77	b7f6f3e1ae6e6b18	5			yes					-1	-1	-1	-1	-1	
79	67	5edeeaaa010b3987	4			yes					-1	-1	-1	80	
80	79	c807c271d850b189	3			yes					-1	-1	-1	
81	67	ef2db9c6d1a8bb0f	5			yes					-1	-1	-1	-1	-1	
82	67	7eab63e612795e6a	4			yes					-1	-1	-1	83	
83	82	1f67b0f10f6832ac	5			yes					-1	-1	-1	-1	-1	
84	0	43cb5ef2155aefc3	5			yes					85	92	97	100	101	
85	84	63bf0dfc6e53bf52	4			yes					86	88	90	-1	
86	85	a8301be26ef626dc	5			yes					-1	-1	-1	-1	87	
87	86	a091bd9a878f1d23	4			yes					-1	-1	-1	-1	
88	85	3a447efd7ffd333d	4			yes					-1	-1	-1	89	
89	88	32e5d885968408c2	3			yes					-1	-1	-1	
90	85	430e46680cb762cc	5			yes					-1	-1	-1	-1	91	
91	90	6062f8d012a1a66b	4			yes					-1	-1	-1	-1	
92	84	7a26f22106ddcd12	4			yes					-1	93	95	-1	
93	92	d9492b0f300caa44	5			yes					-1	-1	-1	-1	94	
94	93	d1e88d77d97591bb	4			yes					-1	-1	-1	-1	
95	92	e8de132f487f5c6b	5			yes					-1	-1	-1	-1	96	
96	95	cbb2ad97566998cc	4			yes					-1	-1	-1	-1	
97	84	f567ff65df730020	4			yes					-1	-1	98	-1	
98	97	27ea5bb689b184bd	6			yes					-1	-1	-1	-1	-1	99	
99	98	0486e50e97a7401a	5			yes					-1	-1	-1	-1	-1	
100	84	78772c81fe61fd79	4			yes					-1	-1	-1	-1	
101	84	94892c39499c8f19	4			yes					-1	-1	-1	-1	
102	0	a387aa5db8d7648c	5			yes					103	113	123	133	141	
103	102	5dde8457bf526549	5			yes					104	107	110	112	-1	
104	103	1d8a227f4413714a	4			yes					105	106	-1	-1	
105	104	92d11ddb317856c0	4			yes					-1	-1	-1	-1	
106	104	4441084e34d327ed	4			yes					-1	-1	-1	-1	
107	103	eb7225c0757b8aaa	4			yes					-1	108	109	-1	
108	107	d7c8d7a79b66d653	5			yes					-1	-1	-1	-1	-1	
109	107	fe65f63025b9222b	4			yes					-1	-1	-1	-1	
110	103	6662f624546977f3	4			yes					-1	-1	111	-1	
111	110	f4f912c5d0509508	5			yes					-1	-1	-1	-1	-1	
112	103	6971e7d03cfb5fe9	4			yes					-1	-1	-1	-1	
113	102	fc67c4fcfdc4c223	5			yes					114	118	120	122	-1	
114	113	dc1397f286cd92b2	4			yes					115	116	117	-1	
115	114	01a0a027f18fc9df	5			yes					-1	-1	-1	-1	-1	
116	114	d00927c354278b20	4			yes					-1	-1	-1	-1	
117	114	d7e95a3e3e70fd53	4			yes					-1	-1	-1	-1	
118	113	8b52d0e6f533ce38	4			yes					-1	119	-1	-1	
119	118	ba7e09c86ae7c532	4			yes					-1	-1	-1	-1	
120	113	c7dbb68f16ffd099	4			yes					-1	-1	121	-1	
121	120	a938ee0d7c4031b4	5			yes					-1	-1	-1	-1	-1	
122	113	c8c8a77b7e6df883	4			yes					-1	-1	-1	-1	
123	102	0178fa2c5228658d	5			yes					124	128	131	132	-1	
124	123	210ca9222921351c	4			yes					125	126	127	-1	
125	124	2322435f24c93889	5			yes					-1	-1	-1	-1	-1	
126	124	74f92f6ab4ccb6f4	4			yes					-1	-1	-1	-1	
127	124	2f051416943b774c	4			yes					-1	-1	-1	-1	
128	123	389556ff41af475c	4			yes					-1	129	130	-1	
129	128	cd815db8afadaf96	5			yes					-1	-1	-1	-1	-1	
130	128	24e124dc02bc7b4e	4			yes					-1	-1	-1	-1	
131	123	89030e460d8ffe53	4			yes					-1	-1	-1	-1	
132	123	35d799abd1815f2d	4			yes					-1	-1	-1	-1	
133	102	da9ef1faf4d1e8d9	5			yes					134	137	139	140	-1	
134	133	faeaa2f48fd8b848	4			yes					135	136	-1	-1	
135	134	8934da3c24900359	5			yes					-1	-1	-1	-1	-1	
136	134	ad66d31da7d3ecfc	4			yes					-1	-1	-1	-1	
137	133	e3735d29e756ca08	4			yes					-1	138	-1	-1	
138	137	6f24bc781d0df72f	5			yes					-1	-1	-1	-1	-1	
139	133	6c32506d3ef8073a	4			yes					-1	-1	-1	-1	
140	133	a3e0dbabaa06ec9b	5			yes					-1	-1	-1	-1	-1	
141	102	db9c8206dc74e32a	5			yes					142	146	149	151	-1	
142	141	fbe8d108a77db3bb	4			yes					143	144	145	-1	
143	142	95523a6adbc1ba6d	5			yes					-1	-1	-1	-1	-1	
144	142	07265f75cacaaf8c	4			yes					-1	-1	-1	-1	
145	142	92ef15212e5672c7	5			yes					-1	-1	-1	-1	-1	
146	141	e2712ed5cff3c1fb	4			yes					-1	147	148	-1	
147	146	e42b0a87853b36f5	5			yes					-1	-1	-1	-1	-1	
148	146	393f40666a9e4c60	5			yes					-1	-1	-1	-1	-1	
149	141	6d302391165d0cc9	4			yes					-1	-1	150	-1	
150	149	f60b08ffab5094b6	6			yes					-1	-1	-1	-1	-1	-1	
151	141	e020f075374ff190	4			yes					-1	-1	-1	-1	
