Number of nodes
357
ID	PID	Hash_Value			File_Number	Fully_Enumerated	Children
0	-1	805335e726dcb8d8	6			yes					1	126	222	284	327	356	
1	0	76fc4ceba3b6b4b6	5			yes					2	62	74	89	98	
2	1	cf690baa168b5b18	5			yes					3	25	39	55	61	
3	2	4615d69b7a7fce72	4			yes					4	6	9	12	
4	3	b8cd561db8ecf191	4			yes					-1	-1	-1	5	
5	4	c90a31a732fcb46c	3			yes					-1	-1	-1	
6	3	9a4471fb5cf2feab	4			yes					-1	7	-1	8	
7	6	3def5c5a285962e6	3			yes					-1	-1	-1	
8	6	4b3a1bdc3e04206e	3			yes					-1	-1	-1	
9	3	484889c642b007f0	4			yes					-1	10	11	-1	
10	9	efe3a467361b9bbd	3			yes					-1	-1	-1	
11	9	92edbc5f4cac0197	3			yes					-1	-1	-1	
12	3	4a32b8fbcfa6f2a1	3			yes					13	14	19	
13	12	70bd00950be39c54	4			yes					-1	-1	-1	-1	
14	12	00bc7502a1c3b9e6	5			yes					-1	15	-1	17	18	
15	14	a71758a3d56825ab	4			yes					-1	-1	-1	16	
16	15	6d4c803748c8f8b7	3			yes					-1	-1	-1	
17	14	8161c348a3a4fd72	4			yes					-1	-1	-1	-1	
18	14	cae7ad963c6364fa	4			yes					-1	-1	-1	-1	
19	12	7eb8502301af3f36	5			yes					-1	20	22	-1	24	
20	19	d9137d827504a37b	4			yes					-1	-1	-1	21	
21	20	1348a516e8a47e67	3			yes					-1	-1	-1	
22	19	a41d65ba0fb33951	4			yes					-1	-1	-1	23	
23	22	6e46bd2e9213e44d	3			yes					-1	-1	-1	
24	19	b4e388b79c0fe22a	4			yes					-1	-1	-1	-1	
25	2	aad1d241700d954c	4			yes					-1	26	31	35	
26	25	11ed77ec789ef711	5			yes					27	28	29	-1	30	
27	26	5688c4c9e6d9ed03	4			yes					-1	-1	-1	-1	
28	26	b2def615380de4a1	4			yes					-1	-1	-1	-1	
29	26	2e3ef91c4e972051	4			yes					-1	-1	-1	-1	
30	26	1cd017de1b31fb7b	4			yes					-1	-1	-1	-1	
31	25	e9eca707b6d2932b	5			yes					32	33	-1	-1	34	
32	31	ae89142228958939	4			yes					-1	-1	-1	-1	
33	31	4adf26fef641809b	4			yes					-1	-1	-1	-1	
34	31	e32d08f44f3e8f14	4			yes					-1	-1	-1	-1	
35	25	246a02f30a9ddbf2	5			yes					36	37	-1	-1	38	
36	35	630fb1d694dac1e0	4			yes					-1	-1	-1	-1	
37	35	8759830a4a0ec842	4			yes					-1	-1	-1	-1	
38	35	9ddd33c13382f3ca	4			yes					-1	-1	-1	-1	
39	2	77cbb47bfcac460c	4			yes					-1	-1	40	45	
40	39	6e1d137ec6b79cc4	5			yes					41	42	43	-1	44	
41	40	2978a05b58f086d6	4			yes					-1	-1	-1	-1	
42	40	d02166e719dcae6a	4			yes					-1	-1	-1	-1	
43	40	c9b63edfb21c0089	4			yes					-1	-1	-1	-1	
44	40	64dcbc8d3f5b80fb	4			yes					-1	-1	-1	-1	
45	39	f7d0294709e5504d	6			yes					46	48	50	-1	52	54	
46	45	b0b59a6297a24a5f	5			yes					-1	-1	-1	-1	47	
47	46	7aee42f60a029743	4			yes					-1	-1	-1	-1	
48	45	49ec5cded68e62e3	5			yes					-1	-1	-1	-1	49	
49	48	83b7844a4b2ebfff	4			yes					-1	-1	-1	-1	
50	45	507b04e67d4ecc00	5			yes					-1	-1	-1	-1	51	
51	50	9a20dc72e0ee111c	4			yes					-1	-1	-1	-1	
52	45	760d9f0d0b8214d9	5			yes					-1	-1	-1	-1	53	
53	52	bc5647999622c9c5	4			yes					-1	-1	-1	-1	
54	45	3d8bf1d394458d51	5			yes					-1	-1	-1	-1	-1	
55	2	5841d56b558c7af9	4			yes					-1	-1	-1	56	
56	55	5466bb0be055462a	3			yes					-1	57	58	
57	56	2be83c2b389ac1d7	5			yes					-1	-1	-1	-1	-1	
58	56	ac19885248ffce38	5			yes					59	60	-1	-1	-1	
59	58	eb7c3b77d6b8d42a	4			yes					-1	-1	-1	-1	
60	58	1225fdcb9794fc96	4			yes					-1	-1	-1	-1	
61	2	c34e65caa35267cb	4			yes					-1	-1	-1	-1	
62	1	e967e91887161b2e	4			yes					63	68	71	73	
63	62	f6bb474086648489	3			yes					64	65	66	
64	63	cd5b38c5a3913dbc	4			yes					-1	-1	-1	-1	
65	63	7ce5b09351d0ffd8	5			yes					-1	-1	-1	-1	-1	
66	63	7b0afe343f862151	5			yes					-1	67	-1	-1	-1	
67	66	022d4bb39d55bb66	4			yes					-1	-1	-1	-1	
68	62	6e5d30c42a687fdd	3			yes					-1	69	70	
69	68	7340c7ce2dd3440e	4			yes					-1	-1	-1	-1	
70	68	8a22196ba4cda338	5			yes					-1	-1	-1	-1	-1	
71	62	94c119e419d5c787	3			yes					-1	-1	72	
72	71	98e67784ac0cfb54	2			yes					-1	-1	
73	62	e540877832cf27fd	3			yes					-1	-1	-1	
74	1	d875ccdd902e4885	4			yes					75	78	86	88	
75	74	c7a96285915cd722	3			yes					76	-1	77	
76	75	de099de128c8b60e	4			yes					-1	-1	-1	-1	
77	75	1e21bf08f700fa24	5			yes					-1	-1	-1	-1	-1	
78	74	560f175c7da20a45	3			yes					-1	79	80	
79	78	b5db52ed64d93cec	4			yes					-1	-1	-1	-1	
80	78	f8d84638fb64fac4	6			yes					81	83	-1	-1	-1	85	
81	80	bfbdf51d6523e0d6	5			yes					-1	-1	-1	-1	82	
82	81	75e62d89f8833dca	4			yes					-1	-1	-1	-1	
83	80	a97c7ddc4109dc08	5			yes					-1	-1	-1	-1	84	
84	83	6327a548dca90114	4			yes					-1	-1	-1	-1	
85	80	32839eac66c427d8	5			yes					-1	-1	-1	-1	-1	
86	74	9d811bb95927e1b4	3			yes					-1	-1	87	
87	86	935f040ab643f126	5			yes					-1	-1	-1	-1	-1	
88	74	d452a2bd25f77456	3			yes					-1	-1	-1	
89	1	2544695c7d44108c	4			yes					90	93	95	97	
90	89	3a98c7047c368f2b	3			yes					91	92	-1	
91	90	56a249252bbf51a3	5			yes					-1	-1	-1	-1	-1	
92	90	aeda89a16ed4ada8	5			yes					-1	-1	-1	-1	-1	
93	89	ab3eb2dd90c8524c	3			yes					-1	94	-1	
94	93	efd9a39792a04320	5			yes					-1	-1	-1	-1	-1	
95	89	9de6d68d97630d98	3			yes					-1	-1	96	
96	95	4eed5915eba79b6f	5			yes					-1	-1	-1	-1	-1	
97	89	2904ca0806d9c073	3			yes					-1	-1	-1	
98	1	1e8b571bd170a3a6	5			yes					99	109	117	124	125	
99	98	0157f943d0023c01	4			yes					100	101	102	103	
100	99	352fee1a0a896941	4			yes					-1	-1	-1	-1	
101	99	0a16f4b0cc99f082	4			yes					-1	-1	-1	-1	
102	99	ca482332c7030c32	4			yes					-1	-1	-1	-1	
103	99	a1f0ba9144ac7e35	3			yes					104	106	108	
104	103	ad459c60dc3ae900	5			yes					-1	-1	-1	-1	105	
105	104	671e44f4419a341c	4			yes					-1	-1	-1	-1	
106	103	3a6c8f6c3dc8b74e	5			yes					-1	-1	-1	-1	107	
107	106	f03757f8a0686a52	4			yes					-1	-1	-1	-1	
108	103	6c1be1f8d1af90e4	5			yes					-1	-1	-1	-1	-1	
109	98	90f18c9a3cfce166	4			yes					-1	110	113	114	
110	109	89e1abc3fad59b2e	5			yes					111	112	-1	-1	-1	
111	110	ce8418e66492813c	4			yes					-1	-1	-1	-1	
112	110	d845902740b8bde2	4			yes					-1	-1	-1	-1	
113	109	f2097420f6d69aab	5			yes					-1	-1	-1	-1	-1	
114	109	3056cf48a852a352	3			yes					-1	115	116	
115	114	7a1d125606aa3b5b	5			yes					-1	-1	-1	-1	-1	
116	114	4f6b9e75186944f3	5			yes					-1	-1	-1	-1	-1	
117	98	a629e8ca3b57beb2	4			yes					-1	-1	118	123	
118	117	f38fb34005184537	5			yes					119	120	121	-1	122	
119	118	b4ea00659b5f5f25	4			yes					-1	-1	-1	-1	
120	118	af47179e792b22ce	4			yes					-1	-1	-1	-1	
121	118	54249ee171b3d97a	4			yes					-1	-1	-1	-1	
122	118	86286dca9c03d5ac	4			yes					-1	-1	-1	-1	
123	117	068eab18aff9fc86	3			yes					-1	-1	-1	
124	98	89a389da92778247	4			yes					-1	-1	-1	-1	
125	98	be2c14c945dee192	4			yes					-1	-1	-1	-1	
126	0	2a974e2d6f159777	5			yes					-1	127	166	190	199	
127	126	3fd1d98723138ab6	5			yes					128	142	151	161	165	
128	127	f219484664610d50	4			yes					129	130	134	137	
129	128	3bc35ff9ded9e891	5			yes					-1	-1	-1	-1	-1	
130	128	f3e679ee6cdeb86d	5			yes					-1	131	-1	132	133	
131	130	72e0b540843af312	4			yes					-1	-1	-1	-1	
132	130	b93352b62fb115f0	4			yes					-1	-1	-1	-1	
133	130	265fb0ce2c1a7a17	4			yes					-1	-1	-1	-1	
134	128	e270da09d1cdc9b1	5			yes					-1	135	-1	-1	136	
135	134	637616a7392982ce	4			yes					-1	-1	-1	-1	
136	134	e8b175fa2821d58e	4			yes					-1	-1	-1	-1	
137	128	6626ab525754654a	5			yes					138	139	140	-1	141	
138	137	f1c1d080ee803b70	4			yes					-1	-1	-1	-1	
139	137	e72067fcbfb02e35	4			yes					-1	-1	-1	-1	
140	137	098c12aa59eec5cb	4			yes					-1	-1	-1	-1	
141	137	881a106514543e95	4			yes					-1	-1	-1	-1	
142	127	9323cadacb556ca5	4			yes					-1	143	144	145	
143	142	c7d267505e9582c3	4			yes					-1	-1	-1	-1	
144	142	428cb256989323e3	4			yes					-1	-1	-1	-1	
145	142	9f04a4ba7e8c5076	3			yes					146	147	149	
146	145	58e96a5e51371e14	5			yes					-1	-1	-1	-1	-1	
147	145	d19cefdfce346267	5			yes					-1	-1	-1	-1	148	
148	147	1bc7374b5394bf7b	4			yes					-1	-1	-1	-1	
149	145	747c6bb3db8c1b25	5			yes					-1	-1	-1	-1	150	
150	149	be27b327462cc639	4			yes					-1	-1	-1	-1	
151	127	fa35323d59ea7cc7	4			yes					-1	-1	152	153	
152	151	9f72cf55752da45a	5			yes					-1	-1	-1	-1	-1	
153	151	c6a44c3cfa1559bc	6			yes					154	156	158	-1	-1	160	
154	153	67c8fb3c9d600555	5			yes					-1	-1	-1	-1	155	
155	154	ad9323a800c0d849	4			yes					-1	-1	-1	-1	
156	153	789839a5257e6b12	5			yes					-1	-1	-1	-1	157	
157	156	b2c3e131b8deb60e	4			yes					-1	-1	-1	-1	
158	153	872730d359302218	5			yes					-1	-1	-1	-1	159	
159	158	4d7ce847c490ff04	4			yes					-1	-1	-1	-1	
160	153	0cff94a867b584a0	5			yes					-1	-1	-1	-1	-1	
161	127	a8f907466014ab57	4			yes					-1	-1	-1	162	
162	161	a4de6926d5cd9784	3			yes					163	-1	164	
163	162	207441255f859b4d	5			yes					-1	-1	-1	-1	-1	
164	162	5d765479fb65f6a6	5			yes					-1	-1	-1	-1	-1	
165	127	33f6b7e796cab665	4			yes					-1	-1	-1	-1	
166	126	7b5968c5d11af423	4			yes					167	181	187	189	
167	166	b691f904966873c5	3			yes					168	169	170	
168	167	e585392738bd3fd5	4			yes					-1	-1	-1	-1	
169	167	c993c1d1cc11d712	4			yes					-1	-1	-1	-1	
170	167	29c511cdefb2ea9b	6			yes					171	173	175	177	178	180	
171	170	be226a1f5666b4a1	5			yes					-1	-1	-1	-1	172	
172	171	7479b28bcbc669bd	4			yes					-1	-1	-1	-1	
173	170	fa1b618a60b345db	5			yes					-1	-1	-1	-1	174	
174	173	3040b91efd1398c7	4			yes					-1	-1	-1	-1	
175	170	928acf29c3498e03	5			yes					-1	-1	-1	-1	176	
176	175	58d117bd5ee9531f	4			yes					-1	-1	-1	-1	
177	170	fe4066d33dbe8249	5			yes					-1	-1	-1	-1	-1	
178	170	e2a87afb5582202c	5			yes					-1	-1	-1	-1	179	
179	178	28f3a26fc822fd30	4			yes					-1	-1	-1	-1	
180	170	e39ec95972123787	5			yes					-1	-1	-1	-1	-1	
181	166	5a8869333f911720	3			yes					-1	-1	182	
182	181	bb40533d39bec4e1	6			yes					183	-1	184	-1	-1	186	
183	182	1a2ce43d5ecb9808	5			yes					-1	-1	-1	-1	-1	
184	182	2e45214cbfcf147c	5			yes					-1	-1	-1	-1	185	
185	184	e41ef9d8226fc960	4			yes					-1	-1	-1	-1	
186	182	711b8ba9a41e19fd	5			yes					-1	-1	-1	-1	-1	
187	166	e03efe571c205836	3			yes					-1	-1	188	
188	187	b25da9cfd7d67a52	5			yes					-1	-1	-1	-1	-1	
189	166	777e06a564c3c8f0	3			yes					-1	-1	-1	
190	126	b4f197113d868865	4			yes					191	195	197	198	
191	190	793906d07af40f83	3			yes					192	193	194	
192	191	a2fef705be216673	5			yes					-1	-1	-1	-1	-1	
193	191	e27b6662ac12fe59	5			yes					-1	-1	-1	-1	-1	
194	191	ace62901240a9bca	5			yes					-1	-1	-1	-1	-1	
195	190	952096e7d30d6b66	3			yes					-1	196	-1	
196	195	e0a59aa90f52b3ef	5			yes					-1	-1	-1	-1	-1	
197	190	e0593363d264b41a	3			yes					-1	-1	-1	
198	190	b8b13445461b589a	3			yes					-1	-1	-1	
199	126	8f3ea95691b23b4f	5			yes					200	209	216	220	221	
200	199	42f63897d6c0bca9	4			yes					201	202	203	205	
201	200	9860b046e59ac885	4			yes					-1	-1	-1	-1	
202	200	b768d9dc2aca5c24	5			yes					-1	-1	-1	-1	-1	
203	200	c0ca98cd168beda5	5			yes					-1	-1	-1	-1	204	
204	203	9ad2ea549903bbe9	4			yes					-1	-1	-1	-1	
205	200	e2517b45426efe9d	3			yes					206	208	-1	
206	205	84ba628bb9c072ec	5			yes					-1	-1	-1	-1	207	
207	206	4ee1ba1f2460aff0	4			yes					-1	-1	-1	-1	
208	205	9a3fdbeaefadd567	5			yes					-1	-1	-1	-1	-1	
209	199	aeefa8a07f39d84c	4			yes					-1	210	212	213	
210	209	b6af726a20d3eb59	5			yes					-1	-1	-1	-1	211	
211	210	a168cadc64268ccc	4			yes					-1	-1	-1	-1	
212	209	b24e03ab791f1326	4			yes					-1	-1	-1	-1	
213	209	0e48eb72eb979a78	3			yes					-1	214	215	
214	213	7be95782da7b61ed	5			yes					-1	-1	-1	-1	-1	
215	213	84155c29d7961327	5			yes					-1	-1	-1	-1	-1	
216	199	db960d247e500730	4			yes					-1	-1	217	218	
217	216	694f7aac62ec5754	5			yes					-1	-1	-1	-1	-1	
218	216	7b314ef6eafe4504	3			yes					-1	-1	219	
219	218	d42d90f98c53890c	5			yes					-1	-1	-1	-1	-1	
220	199	18167797d2b51aae	4			yes					-1	-1	-1	-1	
221	199	2f99ea84051c797b	4			yes					-1	-1	-1	-1	
222	0	8594a9d5bb5b23ed	5			yes					-1	-1	223	254	263	
223	222	c8c456c33cb46f3e	5			yes					224	236	247	250	253	
224	223	050cc7027bc6e8d8	4			yes					225	228	229	231	
225	224	2aa829aa21856340	5			yes					-1	226	227	-1	-1	
226	225	ee9577b805377c3b	4			yes					-1	-1	-1	-1	
227	225	0441d14f1f6a5a10	4			yes					-1	-1	-1	-1	
228	224	ba5c58faa6417373	5			yes					-1	-1	-1	-1	-1	
229	224	c5b3a9c885ad0543	5			yes					-1	-1	-1	-1	230	
230	229	16439cf6b116d000	4			yes					-1	-1	-1	-1	
231	224	092ba962ce1fd40b	3			yes					232	234	235	
232	231	49821c0dae6b95c5	5			yes					-1	-1	233	-1	-1	
233	232	676be4e89084ac95	4			yes					-1	-1	-1	-1	
234	231	d9766d5d29af85f6	5			yes					-1	-1	-1	-1	-1	
235	231	3e578b4cd7097259	5			yes					-1	-1	-1	-1	-1	
236	223	d5a7a3ba01d2803b	4			yes					-1	237	238	240	
237	236	3f39c991b0168dd5	5			yes					-1	-1	-1	-1	-1	
238	236	7f7be50ebb116fc3	5			yes					-1	-1	-1	-1	239	
239	238	ac8bd0308faaba80	4			yes					-1	-1	-1	-1	
240	236	09d4d5d5b64ad7a9	6			yes					241	-1	243	-1	245	246	
241	240	a8b862d5d13f8b40	5			yes					-1	-1	-1	-1	242	
242	241	62e3ba414c9f565c	4			yes					-1	-1	-1	-1	
243	240	61b38f13fa2443d7	5			yes					-1	-1	-1	-1	244	
244	243	abe8578767849ecb	4			yes					-1	-1	-1	-1	
245	240	c2b9bee30c7a1d1e	5			yes					-1	-1	-1	-1	-1	
246	240	c38f0d412bea0ab5	5			yes					-1	-1	-1	-1	-1	
247	223	d704c2b5ed86feb4	4			yes					-1	-1	-1	248	
248	247	db23acd5585fc267	3			yes					-1	249	-1	
249	248	5c13fc363ff87b50	5			yes					-1	-1	-1	-1	-1	
250	223	c34c9eae1effc5ba	4			yes					-1	-1	-1	251	
251	250	001fbfa91ad922d5	6			yes					-1	-1	-1	-1	-1	252	
252	251	ca44673d8779ffc9	5			yes					-1	-1	-1	-1	-1	
253	223	c4e338a3896d53ed	4			yes					-1	-1	-1	-1	
254	222	fa9304031d82bed4	4			yes					255	259	261	262	
255	254	375b95c25af03932	3			yes					256	258	-1	
256	255	26117d986b208a6f	5			yes					-1	-1	-1	-1	257	
257	256	00aec7a8fbe49a75	4			yes					-1	-1	-1	-1	
258	255	e3ddfb8a235f339b	5			yes					-1	-1	-1	-1	-1	
259	254	e7f0f17a20e451d1	3			yes					-1	260	-1	
260	259	66b86ae13508cd3d	5			yes					-1	-1	-1	-1	-1	
261	254	258eb00e6030d931	3			yes					-1	-1	-1	
262	254	0fb6d0b507a60f06	3			yes					-1	-1	-1	
263	222	335e5e3634e78cf1	5			yes					264	274	280	282	283	
264	263	fe96cff773950b17	4			yes					265	268	269	270	
265	264	ba18738f927bc572	5			yes					-1	266	267	-1	-1	
266	265	7e252d9db6c9da09	4			yes					-1	-1	-1	-1	
267	265	60bd46169c67c315	4			yes					-1	-1	-1	-1	
268	264	712e9c15f15c5cea	5			yes					-1	-1	-1	-1	-1	
269	264	f9a2c76462b16cc3	5			yes					-1	-1	-1	-1	-1	
270	264	5e318c25e73b4923	3			yes					271	272	273	
271	270	bdced1719e98aaf2	5			yes					-1	-1	-1	-1	-1	
272	270	bc68b9fd0bf4d65e	5			yes					-1	-1	-1	-1	-1	
273	270	32960ddeab107f51	5			yes					-1	-1	-1	-1	-1	
274	263	2e3dab4f098163f4	4			yes					-1	275	276	277	
275	274	f44b0d7ee70ba24c	5			yes					-1	-1	-1	-1	-1	
276	274	436a8ba25c0d0643	5			yes					-1	-1	-1	-1	-1	
277	274	8e9ae89d9d2f21c0	3			yes					-1	278	279	
278	277	390d28961da328f8	5			yes					-1	-1	-1	-1	-1	
279	277	885e411895ac15d1	5			yes					-1	-1	-1	-1	-1	
280	263	ec43ea3b4955eb14	4			yes					-1	-1	-1	281	
281	280	4ce4a9e9ddfba920	3			yes					-1	-1	-1	
282	263	af11936793084d32	4			yes					-1	-1	-1	-1	
283	263	93f91de4a049cec5	4			yes					-1	-1	-1	-1	
284	0	6a49fdc4694605fb	5			yes					-1	-1	-1	285	304	
285	284	793d515702fb14c4	5			yes					286	293	298	301	303	
286	285	b4f5c09645899322	4			yes					287	289	291	292	
287	286	4490e9e2f6b9d765	5			yes					-1	-1	-1	-1	288	
288	287	622f53d2667dc77f	4			yes					-1	-1	-1	-1	
289	286	d0a16f13e2614d64	5			yes					-1	-1	-1	-1	290	
290	289	f61ed52372a55d7e	4			yes					-1	-1	-1	-1	
291	286	8dd397278e53e47c	3			yes					-1	-1	-1	
292	286	f230c42657944442	5			yes					-1	-1	-1	-1	-1	
293	285	645ea42e3f9dfbc1	4			yes					-1	294	296	297	
294	293	55c4fe78f436b3c2	5			yes					-1	-1	-1	-1	295	
295	294	737b444864f2a3d8	4			yes					-1	-1	-1	-1	
296	293	e7fecd06cba5f0c3	5			yes					-1	-1	-1	-1	-1	
297	293	93133089800b945a	5			yes					-1	-1	-1	-1	-1	
298	285	3a2318dfa4c24503	4			yes					-1	-1	299	300	
299	298	c8245c35b7cafd7f	5			yes					-1	-1	-1	-1	-1	
300	298	6716a687af3c6599	5			yes					-1	-1	-1	-1	-1	
301	285	401b06e6c921639a	4			yes					-1	-1	-1	302	
302	301	93b52d30dc2d3924	3			yes					-1	-1	-1	
303	285	aa937a8117f74e7a	4			yes					-1	-1	-1	-1	
304	284	76e6b986818ad221	5			yes					305	315	322	325	326	
305	304	bb2e2847c6f855c7	4			yes					306	309	311	312	
306	305	d899e7f50fe29878	5			yes					-1	307	308	-1	-1	
307	306	8a69e0e1863ae53e	4			yes					-1	-1	-1	-1	
308	306	f6701f10310da128	4			yes					-1	-1	-1	-1	
309	305	4ca861041b3a0279	5			yes					-1	-1	310	-1	-1	
310	309	e04fcebff4d851cc	4			yes					-1	-1	-1	-1	
311	305	9229f567c8a754ac	4			yes					-1	-1	-1	-1	
312	305	1b896b95525617f3	3			yes					313	314	-1	
313	312	df4f450b0301f7f8	5			yes					-1	-1	-1	-1	-1	
314	312	4b7ec3fa17d96df9	5			yes					-1	-1	-1	-1	-1	
315	304	6b854cffbcec3d24	4			yes					-1	316	319	320	
316	315	c9cdf06f0d6dfcdf	5			yes					317	-1	318	-1	-1	
317	316	68a1476f6a18a036	4			yes					-1	-1	-1	-1	
318	316	652a5fd4e28faf6a	4			yes					-1	-1	-1	-1	
319	315	37e835413d1c3cdf	4			yes					-1	-1	-1	-1	
320	315	cb220f2d28427f10	3			yes					-1	321	-1	
321	320	ce1b5291018e935f	5			yes					-1	-1	-1	-1	-1	
322	304	35f8f00e27b383e6	4			yes					-1	-1	323	324	
323	322	1832a47241733163	4			yes					-1	-1	-1	-1	
324	322	955fb3dcb31dc1d2	3			yes					-1	-1	-1	
325	304	33126ee248837b10	4			yes					-1	-1	-1	-1	
326	304	d641fa5415249015	4			yes					-1	-1	-1	-1	
327	0	ef72d8b0513a01ed	5			yes					-1	-1	-1	-1	328	
328	327	b3b656d71ebe05d7	4			yes					329	335	341	348	
329	328	3656610e11bef506	4			yes					330	332	334	-1	
330	329	298acf5610cc6aa1	3			yes					-1	331	-1	
331	330	13ee1d4c0a0523e0	5			yes					-1	-1	-1	-1	-1	
332	329	b82cba8ffc32b7c6	3			yes					-1	333	-1	
333	332	bc69a34140005f27	5			yes					-1	-1	-1	-1	-1	
334	329	8ef4dedffb99e812	3			yes					-1	-1	-1	
335	328	a7e39f43517c6def	4			yes					336	339	340	-1	
336	335	6a2b0e82160eea09	3			yes					337	338	-1	
337	336	1fca63e8daf0e83b	5			yes					-1	-1	-1	-1	-1	
338	336	b1cb66b47eb2e25e	5			yes					-1	-1	-1	-1	-1	
339	335	86329eb5bff78eec	3			yes					-1	-1	-1	
340	335	f34b3b31be9e5190	3			yes					-1	-1	-1	
341	328	f859776de09aa458	4			yes					342	345	347	-1	
342	341	3591e6aca7e823be	3			yes					343	344	-1	
343	342	75a17d4eb9809668	5			yes					-1	-1	-1	-1	-1	
344	342	5ee96f67478ebdd3	5			yes					-1	-1	-1	-1	-1	
345	341	e53a8214ddfc4b5d	3			yes					-1	346	-1	
346	345	db8cfe0c51d94375	5			yes					-1	-1	-1	-1	-1	
347	341	2744c3609d28c3bd	3			yes					-1	-1	-1	
348	328	3c1297f9a74fb94f	5			yes					349	352	354	355	-1	
349	348	f1da0638e03d3ea9	4			yes					350	351	-1	-1	
350	349	1720e9342419cb62	5			yes					-1	-1	-1	-1	-1	
351	349	83116fc530c15163	5			yes					-1	-1	-1	-1	-1	
352	348	217162809a29564a	4			yes					-1	353	-1	-1	
353	352	0674feae2696afc5	5			yes					-1	-1	-1	-1	-1	
354	348	7f0cde710176e888	4			yes					-1	-1	-1	-1	
355	348	0534c0486c95ce11	4			yes					-1	-1	-1	-1	
356	0	dc97bb806958bce2	5			yes					-1	-1	-1	-1	-1	
