Number of nodes
599
ID	PID	Hash_Value			File_Number	Fully_Enumerated	Children
0	-1	136d1cb5cc2f089f	6			yes					1	195	340	454	553	598	
1	0	ed143819f621ac86	5			yes					2	72	104	135	158	
2	1	76886d9ca90058da	5			yes					3	17	39	60	71	
3	2	7b70e1fa3d1198f8	4			yes					4	6	9	13	
4	3	24b89be9dda58964	5			yes					-1	-1	-1	-1	5	
5	4	ec1310e456975a6e	4			yes					-1	-1	-1	-1	
6	3	4d4434d7a66411aa	5			yes					-1	7	-1	-1	8	
7	6	bc8a7824064cf067	4			yes					-1	-1	-1	-1	
8	6	d541b5073fa6a02a	4			yes					-1	-1	-1	-1	
9	3	6180a6d838f2bda8	3			yes					10	11	12	
10	9	971e59ecf2c6111a	4			yes					-1	-1	-1	-1	
11	9	e6534e540fda3d00	4			yes					-1	-1	-1	-1	
12	9	e687affced8f5c76	5			yes					-1	-1	-1	-1	-1	
13	3	48f511564448842c	3			yes					14	15	-1	
14	13	a06a7222ab3bd3a0	4			yes					-1	-1	-1	-1	
15	13	d1bce10cbeae0c28	5			yes					-1	-1	-1	-1	16	
16	15	8d75d504035f594b	4			yes					-1	-1	-1	-1	
17	2	968608ec2534a034	4			yes					-1	18	25	32	
18	17	13f9bfd96d2e9f77	5			yes					19	21	22	23	24	
19	18	5cd9b835f867eded	4			yes					20	-1	-1	-1	
20	19	6bc68080eaa90b60	3			yes					-1	-1	-1	
21	18	24e6876c7fe079fa	4			yes					-1	-1	-1	-1	
22	18	affad285658be33c	4			yes					-1	-1	-1	-1	
23	18	50f15ac1eead7d8d	4			yes					-1	-1	-1	-1	
24	18	8734b71d0ca10aa6	4			yes					-1	-1	-1	-1	
25	17	1c8d1058676ef186	5			yes					26	28	29	30	31	
26	25	53ad17b4f227831c	4			yes					27	-1	-1	-1	
27	26	64b22f01e0e96591	3			yes					-1	-1	-1	
28	25	2b9228ed75a0170b	4			yes					-1	-1	-1	-1	
29	25	d02320a665e2d13a	4			yes					-1	-1	-1	-1	
30	25	7296eaa02427c9d1	4			yes					-1	-1	-1	-1	
31	25	da8af55fc6428cfc	4			yes					-1	-1	-1	-1	
32	17	2bf93b963e93333c	5			yes					33	35	36	37	38	
33	32	64d93c7aabda41a6	4			yes					34	-1	-1	-1	
34	33	53c604cfb914a72b	3			yes					-1	-1	-1	
35	32	1ce603232c5dd5b1	4			yes					-1	-1	-1	-1	
36	32	e7570b683c1f1380	4			yes					-1	-1	-1	-1	
37	32	27efa5ef46c226fc	4			yes					-1	-1	-1	-1	
38	32	b88791defd5aa16b	4			yes					-1	-1	-1	-1	
39	2	c4835e98649f0148	4			yes					-1	-1	40	47	
40	39	6dc007e09a72dd9c	5			yes					41	43	44	45	46	
41	40	22e0000c0f3baf06	4			yes					42	-1	-1	-1	
42	41	15ff38b91df5498b	3			yes					-1	-1	-1	
43	40	5adf3f5588bc3b11	4			yes					-1	-1	-1	-1	
44	40	9c0e4b133a5a3c51	4			yes					-1	-1	-1	-1	
45	40	4ff696ad868308a0	4			yes					-1	-1	-1	-1	
46	40	abc7e2e73b5ea0e6	4			yes					-1	-1	-1	-1	
47	39	5a2fa8b82b06ecb4	6			yes					48	52	55	-1	57	58	
48	47	150faf54be4f9e2e	5			yes					49	50	-1	-1	51	
49	48	221097e1ac8178a3	4			yes					-1	-1	-1	-1	
50	48	e4c1e3a71e677fe3	4			yes					-1	-1	-1	-1	
51	48	49c69b5c03becb4d	4			yes					-1	-1	-1	-1	
52	47	6d30900d39c80a39	5			yes					-1	53	-1	-1	54	
53	52	9cfedcfe99e0ebf4	4			yes					-1	-1	-1	-1	
54	52	31f9a40584395f5a	4			yes					-1	-1	-1	-1	
55	47	abe1e44b8b2e0d79	5			yes					-1	-1	-1	-1	56	
56	55	f728d04336df581a	4			yes					-1	-1	-1	-1	
57	47	030f7f04d4acf683	5			yes					-1	-1	-1	-1	-1	
58	47	06e69cb096f7b9d7	5			yes					-1	-1	-1	-1	59	
59	58	5fc64b0c695da3e0	4			yes					-1	-1	-1	-1	
60	2	6c782abeace37d8a	4			yes					-1	-1	-1	61	
61	60	6d14e6487827bcea	6			yes					62	64	66	68	-1	70	
62	61	2234e1a4ed6ece70	5			yes					-1	-1	-1	-1	63	
63	62	7efdd5ac509f9b13	4			yes					-1	-1	-1	-1	
64	61	5a0bdefd6ae95a67	5			yes					-1	-1	-1	-1	65	
65	64	06c2eaf5d7180f04	4			yes					-1	-1	-1	-1	
66	61	9cdaaabbd80f5d27	5			yes					-1	-1	-1	-1	67	
67	66	c0139eb365fe0844	4			yes					-1	-1	-1	-1	
68	61	b7fe0f8e7a024b83	5			yes					-1	-1	-1	-1	69	
69	68	eb373b86c7f31ee0	4			yes					-1	-1	-1	-1	
70	61	31ddd240c5d6e989	5			yes					-1	-1	-1	-1	-1	
71	2	450d9d30d059440e	4			yes					-1	-1	-1	-1	
72	1	7473963e32a79fb9	4			yes					73	83	92	103	
73	72	7cf7e85990e8b9d5	3			yes					74	75	79	
74	73	c185d3c096d00709	4			yes					-1	-1	-1	-1	
75	73	bbc29e980b826f03	5			yes					-1	76	77	-1	78	
76	75	a4ca29cfcd479a8c	4			yes					-1	-1	-1	-1	
77	75	6128775e09a7986a	4			yes					-1	-1	-1	-1	
78	75	353776b1fceafeeb	4			yes					-1	-1	-1	-1	
79	73	5fbbf209d45394dc	5			yes					-1	80	81	-1	82	
80	79	40b3455e12966153	4			yes					-1	-1	-1	-1	
81	79	85511bcfd67663b5	4			yes					-1	-1	-1	-1	
82	79	57686b2a559f942b	4			yes					-1	-1	-1	-1	
83	72	21f1c9e9def51fe8	3			yes					-1	84	88	
84	83	ade5e0f0de812296	5			yes					85	86	-1	-1	87	
85	84	e2c5e71c4bc8500c	4			yes					-1	-1	-1	-1	
86	84	4b3523e1eba5f4f5	4			yes					-1	-1	-1	-1	
87	84	231008d929e9b37e	4			yes					-1	-1	-1	-1	
88	83	499c8c610150d949	5			yes					89	90	-1	-1	91	
89	88	06bc8b8d9419abd3	4			yes					-1	-1	-1	-1	
90	88	af4c4f7034740f2a	4			yes					-1	-1	-1	-1	
91	88	414f1542809cd9be	4			yes					-1	-1	-1	-1	
92	72	6e83d11c3744bae9	3			yes					-1	-1	93	
93	92	521de64839209846	6			yes					94	96	98	100	-1	102	
94	93	1d3de1a4ac69eadc	5			yes					-1	-1	-1	-1	95	
95	94	41f4d5ac1198bfbf	4			yes					-1	-1	-1	-1	
96	93	b4cd25590c044e25	5			yes					-1	-1	-1	-1	97	
97	96	e8041151b1f51b46	4			yes					-1	-1	-1	-1	
98	93	4d15511fffe56dc9	5			yes					-1	-1	-1	-1	99	
99	98	11dc6517421438aa	4			yes					-1	-1	-1	-1	
100	93	88f70f8e3b056f2f	5			yes					-1	-1	-1	-1	101	
101	100	d43e3b8686f43a4c	4			yes					-1	-1	-1	-1	
102	93	0ed4d24084d1cd25	5			yes					-1	-1	-1	-1	-1	
103	72	47f666924bfe836d	3			yes					-1	-1	-1	
104	1	8444115c75b30f10	4			yes					105	114	132	134	
105	104	8cc06f3bd7fc297c	3			yes					106	109	110	
106	105	9fdeaffadd47fdd4	5			yes					-1	107	-1	-1	108	
107	106	eabae64a23da479f	4			yes					-1	-1	-1	-1	
108	106	9bde018bbba66ac9	4			yes					-1	-1	-1	-1	
109	105	5bce66027e1983e8	4			yes					-1	-1	-1	-1	
110	105	6b0a5ca67a2dab26	5			yes					-1	111	112	-1	113	
111	110	9ac41055da054aeb	4			yes					-1	-1	-1	-1	
112	110	6b97e06bb09b77f7	4			yes					-1	-1	-1	-1	
113	110	63d9c585fbe1abd1	4			yes					-1	-1	-1	-1	
114	104	644a742cf987f7fe	3			yes					-1	115	119	
115	114	1120f5dbe533d74a	5			yes					116	117	-1	-1	118	
116	115	5e00f237707aa5d0	4			yes					-1	-1	-1	-1	
117	115	f7f036cad0170129	4			yes					-1	-1	-1	-1	
118	115	4e97ed79be2cada3	4			yes					-1	-1	-1	-1	
119	114	8078b05a479d3635	6			yes					120	123	125	127	129	131	
120	119	cf58b7b6d2d444af	5			yes					121	-1	-1	-1	122	
121	120	298874a7e7f092cc	4			yes					-1	-1	-1	-1	
122	120	939183be6f2511cc	4			yes					-1	-1	-1	-1	
123	119	66a8734b72b9e056	5			yes					-1	-1	-1	-1	124	
124	123	3a614743cf48b535	4			yes					-1	-1	-1	-1	
125	119	f51cf9eab9008c7e	5			yes					-1	-1	-1	-1	126	
126	125	a9d5cde204f1d91d	4			yes					-1	-1	-1	-1	
127	119	23d6f7fabda96c01	5			yes					-1	-1	-1	-1	128	
128	127	7f1fc3f200583962	4			yes					-1	-1	-1	-1	
129	119	23f3fee5193511e5	5			yes					-1	-1	-1	-1	130	
130	129	7f3acaeda4c44486	4			yes					-1	-1	-1	-1	
131	119	dcb18452fa6c6356	5			yes					-1	-1	-1	-1	-1	
132	104	db0febbb5722c256	3			yes					-1	-1	133	
133	132	61cb988db3cadf15	5			yes					-1	-1	-1	-1	-1	
134	104	b7c1e1f00cea13c4	3			yes					-1	-1	-1	
135	1	e02de41c3c9ee6c5	4			yes					136	143	155	157	
136	135	e8a99a7b9ed1c0a9	3			yes					137	140	-1	
137	136	49ba0cf5f6eb70bd	5			yes					-1	-1	138	139	-1	
138	137	75a40478eaef064c	4			yes					-1	-1	-1	-1	
139	137	d98a3a0ca8a92c03	4			yes					-1	-1	-1	-1	
140	136	ac49eac0e996d222	5			yes					-1	141	-1	142	-1	
141	140	5d87a63349be33ef	4			yes					-1	-1	-1	-1	
142	140	3c79dc39b7d48e9c	4			yes					-1	-1	-1	-1	
143	135	0023816cb0aa1e2b	3			yes					-1	144	154	
144	143	64cea350484b4869	6			yes					145	147	149	150	152	153	
145	144	2beea4bcdd023af3	5			yes					-1	-1	-1	-1	146	
146	145	195c239a57444364	4			yes					-1	-1	-1	-1	
147	144	821e60417d6f9e0a	5			yes					-1	-1	-1	-1	148	
148	147	b0ace767f729e79d	4			yes					-1	-1	-1	-1	
149	144	d8cdce0c40ee3422	5			yes					-1	-1	-1	-1	-1	
150	144	c93124b0880975b3	5			yes					-1	-1	-1	-1	151	
151	150	fb83a396024f0c24	4			yes					-1	-1	-1	-1	
152	144	b80c2e41688ae568	4			yes					-1	-1	-1	-1	
153	144	567c2476c20d31fe	5			yes					-1	-1	-1	-1	-1	
154	143	c4d571ebd1dd517a	5			yes					-1	-1	-1	-1	-1	
155	135	5226d718f101bf57	3			yes					-1	-1	156	
156	155	b59866532cc17d60	5			yes					-1	-1	-1	-1	-1	
157	135	5a812813e3e48710	3			yes					-1	-1	-1	
158	1	f129fbc122c89fbe	5			yes					159	167	188	193	194	
159	158	f9ad85a68087b9d2	4			yes					160	162	165	-1	
160	159	e24f2cf879a24a66	5			yes					-1	-1	-1	-1	161	
161	160	5e93ba9fed7de216	4			yes					-1	-1	-1	-1	
162	159	656bf3b3c82bdbc5	5			yes					-1	163	-1	-1	164	
163	162	94a5bf4068033a08	4			yes					-1	-1	-1	-1	
164	162	d9b765d45cf473b5	4			yes					-1	-1	-1	-1	
165	159	b54c8abb6d9df3ef	5			yes					-1	-1	-1	-1	166	
166	165	09901cdcf9425b9f	4			yes					-1	-1	-1	-1	
167	158	11279eb1aefc6750	4			yes					-1	168	179	185	
168	167	ed841c0573786ea6	6			yes					169	171	173	174	176	178	
169	168	a2a41be9e6311c3c	5			yes					-1	-1	-1	-1	170	
170	169	3a993a1c55c2a5de	4			yes					-1	-1	-1	-1	
171	168	0b54df14465cb8c5	5			yes					-1	-1	-1	-1	172	
172	171	9369fee1f5af0127	4			yes					-1	-1	-1	-1	
173	168	518771597bdd12ed	5			yes					-1	-1	-1	-1	-1	
174	168	ae8cf91df0fb8c5c	5			yes					-1	-1	-1	-1	175	
175	174	36b1d8e8430835be	4			yes					-1	-1	-1	-1	
176	168	cec66d4c98b883aa	5			yes					-1	-1	-1	-1	177	
177	176	56fb4cb92b4b3a48	4			yes					-1	-1	-1	-1	
178	168	75b93df0c08bd744	5			yes					-1	-1	-1	-1	-1	
179	167	0bd7d993ab1f4200	3			yes					180	182	-1	
180	179	9f4bd6a051c3b6ea	5			yes					-1	-1	-1	-1	181	
181	180	0776f755e2300f08	4			yes					-1	-1	-1	-1	
182	179	2b60804415a6b6b4	5			yes					183	-1	-1	-1	184	
183	182	644087a880efc42e	4			yes					-1	-1	-1	-1	
184	182	97bc162381791ec4	4			yes					-1	-1	-1	-1	
185	167	a07f0a416a335aae	3			yes					186	187	-1	
186	185	9618d7ddb9459669	4			yes					-1	-1	-1	-1	
187	185	66f8838fc23710b7	5			yes					-1	-1	-1	-1	-1	
188	158	4322c8c5ef57c62c	4			yes					-1	-1	189	192	
189	188	59d28fe7eab4e37c	3			yes					190	-1	-1	
190	189	ee06c118acdf9af0	5			yes					-1	-1	-1	-1	191	
191	190	763be0ed1f2c2312	4			yes					-1	-1	-1	-1	
192	188	f27a5c352b98fbd2	3			yes					-1	-1	-1	
193	158	ebd9bce3272bbaee	4			yes					-1	-1	-1	-1	
194	158	40716f31e607a240	4			yes					-1	-1	-1	-1	
195	0	9412c20dd7d7b0f6	5			yes					-1	196	260	286	306	
196	195	d2c177933c035f69	5			yes					197	217	230	248	259	
197	196	53223badd27b7f77	4			yes					198	200	206	212	
198	197	b8582ab3b11022d4	5			yes					-1	-1	-1	-1	199	
199	198	bafcb8b380ec13bc	4			yes					-1	-1	-1	-1	
200	197	d2ddac6b6b1e1596	5			yes					201	202	203	204	205	
201	200	a8325164abc8c838	4			yes					-1	-1	-1	-1	
202	200	d2420d45aba91797	4			yes					-1	-1	-1	-1	
203	200	adb5b1fde26da884	4			yes					-1	-1	-1	-1	
204	200	91d54973e89df76c	4			yes					-1	-1	-1	-1	
205	200	4610a4af0a918047	4			yes					-1	-1	-1	-1	
206	197	fd052011393ae6fa	5			yes					207	208	209	210	211	
207	206	87eadd1ef9ec3b54	4			yes					-1	-1	-1	-1	
208	206	fd9a813ff98de4fb	4			yes					-1	-1	-1	-1	
209	206	fff50d25e9ff92ff	4			yes					-1	-1	-1	-1	
210	206	be8794127188d6d0	4			yes					-1	-1	-1	-1	
211	206	3b02c51698169b80	4			yes					-1	-1	-1	-1	
212	197	04cbfa6c489beb1d	5			yes					213	214	215	216	-1	
213	212	7e240763884d36b3	4			yes					-1	-1	-1	-1	
214	212	04545b42882ce91c	4			yes					-1	-1	-1	-1	
215	212	063bd758985e9f18	4			yes					-1	-1	-1	-1	
216	212	0c90a0a5436ba9f6	4			yes					-1	-1	-1	-1	
217	196	1a9dc8b45f5d4008	4			yes					-1	218	221	225	
218	217	6bbeec7b2d7ca841	5			yes					219	-1	-1	-1	220	
219	218	41c205a5d30b37ca	4			yes					-1	-1	-1	-1	
220	218	f3bb6dabb4be19c1	4			yes					-1	-1	-1	-1	
221	217	006d8f965abe6558	3			yes					222	223	224	
222	221	6fe5c5e2e8671cdc	5			yes					-1	-1	-1	-1	-1	
223	221	c0a996f884c284eb	4			yes					-1	-1	-1	-1	
224	221	c07d77506697e59d	5			yes					-1	-1	-1	-1	-1	
225	217	2918381826045cdc	3			yes					226	228	-1	
226	225	33250c581f421722	5			yes					-1	-1	-1	-1	227	
227	226	6fec3850a2b34241	4			yes					-1	-1	-1	-1	
228	225	f74639a035b6b5c3	5			yes					-1	-1	-1	-1	229	
229	228	ab8f0da88847e0a0	4			yes					-1	-1	-1	-1	
230	196	60ca4497f19c06fb	4			yes					-1	-1	231	237	
231	230	e65a127697a124cf	5			yes					232	233	234	235	236	
232	231	cc26fba869d6bb44	4			yes					-1	-1	-1	-1	
233	231	d1452ac3856fc242	4			yes					-1	-1	-1	-1	
234	231	f952a5215164d140	4			yes					-1	-1	-1	-1	
235	231	c46c833b8b50f1f3	4			yes					-1	-1	-1	-1	
236	231	205df771368d59b5	4			yes					-1	-1	-1	-1	
237	230	d1b5bd2e26d515e7	6			yes					238	241	244	-1	246	247	
238	237	fbc954f0d8a28a6c	5			yes					239	-1	-1	-1	240	
239	238	ccd66c45ca6c6ce1	4			yes					-1	-1	-1	-1	
240	238	a70060f86553df0f	4			yes					-1	-1	-1	-1	
241	237	e6aa859b341bf36a	5			yes					-1	-1	-1	-1	243	
242	241	f9a232ccf2de06e5	4			yes					-1	-1	-1	-1	
243	241	ba63b19389eaa609	4			yes					-1	-1	-1	-1	
244	237	cebd0a79e010e068	5			yes					-1	-1	-1	-1	245	
245	244	92743e715de1b50b	4			yes					-1	-1	-1	-1	
246	237	88956a92d97f0fd0	5			yes					-1	-1	-1	-1	-1	
247	237	8d7c89269b244084	5			yes					-1	-1	-1	-1	-1	
248	196	c83130b139e07a39	4			yes					-1	-1	-1	249	
249	248	e68ef3de75f445b9	6			yes					250	252	254	256	-1	258	
250	249	ccf21a008b83da32	5			yes					-1	-1	-1	-1	251	
251	250	903b2e0836728f51	4			yes					-1	-1	-1	-1	
252	249	d191cb6b673aa334	5			yes					-1	-1	-1	-1	253	
253	252	8d58ff63dacbf657	4			yes					-1	-1	-1	-1	
254	249	f9864489b331b036	5			yes					-1	-1	-1	-1	255	
255	254	a54f70810ec0e555	4			yes					-1	-1	-1	-1	
256	249	3c641a1877d1b2d0	5			yes					-1	-1	-1	-1	257	
257	256	60ad2e10ca20e7b3	4			yes					-1	-1	-1	-1	
258	249	ba47c7d6c80510da	5			yes					-1	-1	-1	-1	-1	
259	196	e144873f455a43bd	4			yes					-1	-1	-1	-1	
260	195	d00dca613f4f6211	4			yes					261	277	283	285	
261	260	51ee865fd137420f	3			yes					262	264	266	
262	261	01d9612f4b708a43	5			yes					-1	-1	-1	-1	263	
263	262	05d9cf5e2d911d5e	4			yes					-1	-1	-1	-1	
264	261	e0a2835c1d98b603	5			yes					-1	-1	-1	-1	265	
265	264	bf159bfe4687ccea	4			yes					-1	-1	-1	-1	
266	261	7b436e4764c15b84	6			yes					267	269	271	273	275	276	
267	266	01ac9348a417862a	5			yes					-1	-1	-1	-1	268	
268	267	5d65a74019e6d349	4			yes					-1	-1	-1	-1	
269	266	941819a674a0a3be	5			yes					-1	-1	-1	-1	270	
270	269	c8d12daec951f6dd	4			yes					-1	-1	-1	-1	
271	266	c958b7f9c9da0d13	5			yes					-1	-1	-1	-1	272	
272	271	959183f1742b5870	4			yes					-1	-1	-1	-1	
273	266	d8ed29e79ef501b0	5			yes					-1	-1	-1	-1	274	
274	273	84241def230454d3	4			yes					-1	-1	-1	-1	
275	266	d8c820f83a697c54	5			yes					-1	-1	-1	-1	-1	
276	266	278a5a4fd9300ee7	5			yes					-1	-1	-1	-1	-1	
277	260	ed2d4675b5b0f18c	3			yes					-1	278	279	
278	277	7d34beaef5013a03	4			yes					-1	-1	-1	-1	
279	277	4df0840af13512cd	5			yes					280	-1	281	-1	282	
280	279	678c6dd40f428d46	4			yes					-1	-1	-1	-1	
281	279	4d6d38c73b83ce1c	4			yes					-1	-1	-1	-1	
282	279	45231d2970f9123a	4			yes					-1	-1	-1	-1	
283	260	8f4630861ddeaf57	3			yes					-1	-1	284	
284	283	d5588d1bff1e02ea	5			yes					-1	-1	-1	-1	-1	
285	260	e3883acd46167ec5	3			yes					-1	-1	-1	
286	195	b4643f2176628bc4	4			yes					287	299	303	305	
287	286	3587731f981aabda	3			yes					288	290	298	
288	287	ffe5902170d13f57	5			yes					-1	-1	-1	289	-1	
289	288	6fd5a6d82e9363e9	4			yes					-1	-1	-1	-1	
290	287	954cd5d7b0e02920	6			yes					291	292	293	294	296	297	
291	290	efa328d87036f48e	5			yes					-1	-1	-1	-1	-1	
292	290	7a17a236a081d11a	5			yes					-1	-1	-1	-1	-1	
293	290	e489801f3034b54f	5			yes					-1	-1	-1	-1	-1	
294	290	38b3523770a214fa	5			yes					-1	-1	-1	-1	-1	
295	294	0a01d511fae46d6d	4			no					-1	-1	-2	-1	
296	290	498e58c690218421	4			yes					-1	-1	-1	-1	
297	290	a7fe52f13aa650b7	5			yes					-1	-1	-1	-1	-1	
298	287	8227dc1a12fc7c0d	5			yes					-1	-1	-1	-1	-1	
299	286	8944b335fc9d1859	3			yes					-1	300	-1	
300	299	8ab3326c628e6bc9	5			yes					-1	-1	-1	302	-1	
301	300	a0cfdbb29cf9f442	4			no					-1	-1	-2	-2	
302	300	1a8304953ccc3777	4			yes					-1	-1	-1	-1	
303	286	066f0c25bbfdd256	3			yes					-1	-1	304	
304	303	010b73c56015a09f	5			yes					-1	-1	-1	-1	-1	
305	286	0ec8f32ea918ea11	3			yes					-1	-1	-1	
306	195	a56020fc6834f2bf	5			yes					307	327	333	338	339	
307	306	24836cc2864cd2a1	4			yes					308	310	321	325	
308	307	a27167a90a98c4bc	5			yes					-1	-1	-1	-1	309	
309	308	1eadf1ce9e476ccc	4			yes					-1	-1	-1	-1	
310	307	1c066a828bd30fef	6			yes					311	313	315	317	319	320	
311	310	66e9978d4b05d241	5			yes					-1	-1	-1	-1	312	
312	311	fed4b678f8f66ba3	4			yes					-1	-1	-1	-1	
313	310	f35d1d639bb2f7d5	5			yes					-1	-1	-1	-1	314	
314	313	6b603c9628414e37	4			yes					-1	-1	-1	-1	
315	310	6dc33f4a0b079380	5			yes					-1	-1	-1	-1	316	
316	315	f5fe1ebfb8f42a62	4			yes					-1	-1	-1	-1	
317	310	5f0e8f9a0850ed15	5			yes					-1	-1	-1	-1	318	
318	317	c733ae6fbba354f7	4			yes					-1	-1	-1	-1	
319	310	3f441bcb6013e2e3	5			yes					-1	-1	-1	-1	-1	
320	310	843b4b773820b60d	5			yes					-1	-1	-1	-1	-1	
321	307	3e732be083aff7f1	3			yes					322	323	-1	
322	321	a16415ccfbfccb4a	5			yes					-1	-1	-1	-1	-1	
323	321	dae2f6c3ed0dd7fd	5			yes					-1	-1	-1	-1	324	
324	323	663e60a479d27f8d	4			yes					-1	-1	-1	-1	
325	307	95dbf8324283ef5f	3			yes					-1	326	-1	
326	325	977af5083a9c71fe	5			yes					-1	-1	-1	-1	-1	
327	306	9840ace8e2cb6122	4			yes					-1	328	331	-1	
328	327	43912b1f4333622e	5			yes					329	-1	-1	-1	330	
329	328	69edc2c1bd44fda5	4			yes					-1	-1	-1	-1	
330	328	ff4dbd78d7ecca5e	4			yes					-1	-1	-1	-1	
331	327	93b65217e6854a04	5			yes					-1	-1	-1	-1	332	
332	331	2f6ac470725ae274	4			yes					-1	-1	-1	-1	
333	306	176b13f8a5abab2d	4			yes					-1	-1	334	337	
334	333	0d9b54daa0488e7d	3			yes					-1	335	-1	
335	334	c8fc19b427c7231b	5			yes					-1	-1	-1	-1	336	
336	335	50c1384194349af9	4			yes					-1	-1	-1	-1	
337	333	a6338708616496d3	3			yes					-1	-1	-1	
338	306	bf9067de6dd7d7ef	4			yes					-1	-1	-1	-1	
339	306	1438b40cacfbcf41	4			yes					-1	-1	-1	-1	
340	0	9a0d9f9b801c9004	5			yes					-1	-1	341	405	424	
341	340	2de4e3fac1dd19be	5			yes					342	366	386	393	404	
342	341	ac07afc42fa539a0	4			yes					343	350	352	357	
343	342	eba934e1ed4bf2c7	5			yes					344	345	347	348	349	
344	343	bfd423b2ae7fdddd	4			yes					-1	-1	-1	-1	
345	343	ef509c5aaedc1f48	4			yes					-1	346	-1	-1	
346	345	efcd2097646ac399	3			yes					-1	-1	-1	
347	343	eb34882c27fd2e16	4			yes					-1	-1	-1	-1	
348	343	8a8f77b76e1b1081	4			yes					-1	-1	-1	-1	
349	343	313f40734945fc02	4			yes					-1	-1	-1	-1	
350	342	914c81e0bcac5ce3	5			yes					-1	-1	-1	-1	351	
351	350	8954dbce8e751f30	4			yes					-1	-1	-1	-1	
352	342	5fa10de8cd7e8690	5			yes					-1	353	354	355	356	
353	352	de7234733a662ee3	4			yes					-1	-1	-1	-1	
354	352	eea5e69c491be9f1	4			yes					-1	-1	-1	-1	
355	352	243514b7df58f11a	4			yes					-1	-1	-1	-1	
356	352	99a6e8ef6c52fbea	4			yes					-1	-1	-1	-1	
357	342	bedecca76719a4e7	6			yes					358	359	361	363	364	365	
358	357	6c3beff86a10ef95	5			yes					-1	-1	-1	-1	-1	
359	357	3f0df53c90010c94	5			yes					-1	-1	-1	-1	360	
360	359	63c4c1342df059f7	4			yes					-1	-1	-1	-1	
361	357	0fda27d3e37ccb86	5			yes					-1	-1	-1	-1	362	
362	361	531313db5e8d9ee5	4			yes					-1	-1	-1	-1	
363	357	1d708b079d2dfed3	5			yes					-1	-1	-1	-1	-1	
364	357	1d55821839b18337	5			yes					-1	-1	-1	-1	-1	
365	357	e217f8afdae8f184	5			yes					-1	-1	-1	-1	-1	
366	341	13e9f63f3141fc93	4			yes					-1	367	370	376	
367	366	08aa000869bae573	5			yes					368	-1	-1	-1	369	
368	367	22d6e9d697cd7af8	4			yes					-1	-1	-1	-1	
369	367	10b25a265b63a6a0	4			yes					-1	-1	-1	-1	
370	366	3c5b745d8540831b	5			yes					371	372	373	374	375	
371	370	16279d837b371c90	4			yes					-1	-1	-1	-1	
372	370	26ebfef2c918fa1a	4			yes					-1	-1	-1	-1	
373	370	8d5f9f290125ec7a	4			yes					-1	-1	-1	-1	
374	370	47cf6d029766f491	4			yes					-1	-1	-1	-1	
375	370	fa5c915a246cfe61	4			yes					-1	-1	-1	-1	
376	366	dd24b5122f27a16c	6			yes					377	379	381	383	384	385	
377	376	f7585cccd1503ee7	5			yes					-1	-1	-1	-1	378	
378	377	ab9168c46ca16b84	4			yes					-1	-1	-1	-1	
379	376	c7943fbd637fd86d	5			yes					-1	-1	-1	-1	380	
380	379	9b5d0bb5de8e8d0e	4			yes					-1	-1	-1	-1	
381	376	6c205e66ab42ce0d	5			yes					-1	-1	-1	-1	382	
382	381	30e96a6e16b39b6e	4			yes					-1	-1	-1	-1	
383	376	7e8af2b2d513fb58	5			yes					-1	-1	-1	-1	-1	
384	376	7eaffbad718f86bc	5			yes					-1	-1	-1	-1	-1	
385	376	81ed811a92d6f40f	5			yes					-1	-1	-1	-1	-1	
386	341	969bee75625efcb7	4			yes					-1	-1	387	390	
387	386	8c6ba95767bdd9e7	3			yes					388	389	-1	
388	387	dd8376031cc21ab2	4			yes					-1	-1	-1	-1	
389	387	4465f7ebc9d4a322	4			yes					-1	-1	-1	-1	
390	386	a51e1ed91b07e063	3			yes					391	392	-1	
391	390	6e5ce5a287833bdb	5			yes					-1	-1	-1	-1	-1	
392	390	f7ba644a5295824b	5			yes					-1	-1	-1	-1	-1	
393	341	3714a4d8c43e3cee	4			yes					-1	-1	-1	394	
394	393	ed365d719a8d5eef	6			yes					395	397	399	401	-1	403	
395	394	c74ab4af64fac164	5			yes					-1	-1	-1	-1	396	
396	395	9b8380a7d90b9407	4			yes					-1	-1	-1	-1	
397	394	0be69e60afa9888c	5			yes					-1	-1	-1	-1	398	
398	397	572faa681258ddef	4			yes					-1	-1	-1	-1	
399	394	f23eea265c48ab60	5			yes					-1	-1	-1	-1	400	
400	399	aef7de2ee1b9fe03	4			yes					-1	-1	-1	-1	
401	394	edabe1bc503b823e	5			yes					-1	-1	-1	-1	402	
402	401	b162d5b4edcad75d	4			yes					-1	-1	-1	-1	
403	394	b1ff6979277c0b8c	5			yes					-1	-1	-1	-1	-1	
404	341	1e611356b884056a	4			yes					-1	-1	-1	-1	
405	340	50c0ca232dcc24b7	4			yes					406	418	422	423	
406	405	d123861dc3b404a9	3			yes					407	415	417	
407	406	ad8da18aef56fab0	6			yes					-1	408	409	411	413	414	
408	407	a9740931acc1173f	5			yes					-1	-1	-1	-1	-1	
409	407	7767484ced730dd9	5			yes					-1	-1	-1	-1	410	
410	409	45d5cf6a6735744e	4			yes					-1	-1	-1	-1	
411	407	56acdb3f224798fd	5			yes					-1	-1	-1	-1	412	
412	411	641e5c19a801e16a	4			yes					-1	-1	-1	-1	
413	407	714f2c9bcf9757b1	4			yes					-1	-1	-1	-1	
414	407	9f3f26ac65108327	5			yes					-1	-1	-1	-1	-1	
415	406	82ffe360229296b3	5			yes					-1	-1	-1	416	-1	
416	415	12cfd5997cd0ca0d	4			yes					-1	-1	-1	-1	
417	406	ddd4fce352134a46	5			yes					-1	-1	-1	-1	-1	
418	405	6ecddfe6dd50c19a	3			yes					-1	419	421	
419	418	1b196288f7842f23	5			yes					-1	-1	-1	420	-1	
420	419	8b295471a9c6739d	4			yes					-1	-1	-1	-1	
421	418	be2e85561a2d4fcd	5			yes					-1	-1	-1	-1	-1	
422	405	054295f4c19ea4e6	3			yes					-1	-1	-1	
423	405	ea6c062cf2b64562	3			yes					-1	-1	-1	
424	340	41c4d5fe339a5dcc	5			yes					425	444	450	452	453	
425	424	c02799c0dde27dd2	4			yes					426	436	438	442	
426	425	7d8ca82194c004a9	6			yes					-1	427	429	431	433	435	
427	426	7975009ad757e926	5			yes					-1	-1	-1	-1	428	
428	427	e148216f64a450c4	4			yes					-1	-1	-1	-1	
429	426	a76641e796e5f3c0	5			yes					-1	-1	-1	-1	430	
430	429	3f5b601225164a22	4			yes					-1	-1	-1	-1	
431	426	1caaeb771790e6ef	5			yes					-1	-1	-1	-1	432	
432	431	8497ca82a4635f0d	4			yes					-1	-1	-1	-1	
433	426	7375348d32256e58	5			yes					-1	-1	-1	-1	434	
434	433	eb48157881d6d7ba	4			yes					-1	-1	-1	-1	
435	426	e5b189d42733bd4b	5			yes					-1	-1	-1	-1	-1	
436	425	4d47c8682d846e3c	5			yes					-1	-1	-1	-1	437	
437	436	f19b5e0fb95bc64c	4			yes					-1	-1	-1	-1	
438	425	dad7dee2d8015882	3			yes					439	441	-1	
439	438	e7aa0f4ddf39a43c	5			yes					-1	-1	-1	-1	440	
440	439	5b76992a4be60c4c	4			yes					-1	-1	-1	-1	
441	438	d5d6f94fbfc7bd42	5			yes					-1	-1	-1	-1	-1	
442	425	717f0d30192d402c	3			yes					443	-1	-1	
443	442	e39b8c5b001ad74d	5			yes					-1	-1	-1	-1	-1	
444	424	7fc9c03bc306b8e1	4			yes					-1	445	447	449	
445	444	d4a14980f892d7ac	5			yes					-1	-1	-1	-1	446	
446	445	687ddfe76c4d7fdc	4			yes					-1	-1	-1	-1	
447	444	65398719c6e59db1	3			yes					-1	448	-1	
448	447	4c3078a76ad104d2	5			yes					-1	-1	-1	-1	-1	
449	444	ce9154cb07c9851f	3			yes					-1	-1	-1	
450	424	14468a29dfc8dd9d	4			yes					-1	-1	451	-1	
451	450	28f1e145b54d4729	5			yes					-1	-1	-1	-1	-1	
452	424	5b3492dc3679789c	4			yes					-1	-1	-1	-1	
453	424	f09c410ef7556032	4			yes					-1	-1	-1	-1	
454	0	51e81f09db953a77	5			yes					-1	-1	-1	455	508	
455	454	b77b1be3c99e9653	5			yes					456	480	497	505	507	
456	455	369857dd27e6b64d	4			yes					457	465	472	475	
457	456	c1930d39c94dc363	6			yes					-1	458	459	461	463	464	
458	457	73035c3a64523c87	5			yes					-1	-1	-1	-1	-1	
459	457	c10eb1f403fb1fb2	5			yes					-1	-1	-1	-1	-1	
460	459	f3bc36d289bd6625	4			yes					-1	-1	-1	-1	
461	457	3ab2778c045ca12e	5			yes					-1	-1	-1	-1	462	
462	461	0800f0aa8e1ad8b9	4			yes					-1	-1	-1	-1	
463	457	1d518028e98c6e62	4			yes					-1	-1	-1	-1	
464	457	f3218a1f430bbaf4	5			yes					-1	-1	-1	-1	-1	
465	456	263eeed9f0950d44	6			yes					-1	466	467	468	470	471	
466	465	e4ae9b47caf6d637	5			yes					-1	-1	-1	-1	-1	
467	465	3796a165daba5f4d	5			yes					-1	-1	-1	-1	-1	
468	465	dd1f946c3d846f09	5			yes					-1	-1	-1	-1	469	
469	468	efad134ab7c2169e	4			yes					-1	-1	-1	-1	
470	465	fafc63c8d054a045	4			yes					-1	-1	-1	-1	
471	465	148c69ff7ad374d3	5			yes					-1	-1	-1	-1	-1	
472	456	07b88ce71cb6035b	3			yes					473	474	-1	
473	472	9f84a5d813afba61	5			yes					-1	-1	-1	-1	-1	
474	472	c76a207d6ca31fae	5			yes					-1	-1	-1	-1	-1	
475	456	8746cf3c9a36eeed	6			yes					-1	-1	476	477	478	-1	
476	475	7f50677b54c36f03	5			yes					-1	-1	-1	-1	-1	
477	475	18122bcce8d76bda	5			yes					-1	-1	-1	-1	-1	
478	475	1de1ff8502b9b4b5	5			yes					-1	-1	-1	-1	-1	
479	475	779a56ba75236872	5			no					-1	-2	-2	-2	-2	
480	455	89760e263902737e	4			yes					-1	481	489	491	
481	480	bfd86f312583b4d4	6			yes					482	-1	484	485	487	488	
482	481	95a486efdbf42b5f	5			yes					-1	-1	-1	-1	-1	
483	482	a71601c951b252c8	4			no					-1	-1	-2	-1	
484	481	ae70208d0face6dd	5			yes					-1	-1	-1	-1	-1	
485	481	44f91584e892d699	5			yes					-1	-1	-1	-1	486	
486	485	764b92a262d4af0e	4			yes					-1	-1	-1	-1	
487	481	631ae220054219d5	4			yes					-1	-1	-1	-1	
488	481	8d6ae817afc5cd43	5			yes					-1	-1	-1	-1	-1	
489	480	b856d51c0252c668	3			yes					-1	490	-1	
490	489	5e8ca195b9b5a63e	5			yes					-1	-1	-1	-1	-1	
491	480	2339ceadc9b5c616	6			yes					492	-1	493	494	495	496	
492	491	0945277337c2599d	5			yes					-1	-1	-1	-1	-1	
493	491	eaca82bd389639b8	5			yes					-1	-1	-1	-1	-1	
494	491	bc6d2a5dbb544321	5			yes					-1	-1	-1	-1	-1	
495	491	b99efe14513a9c4e	5			yes					-1	-1	-1	-1	-1	
496	491	d3e5572b26a04089	5			yes					-1	-1	-1	-1	-1	
497	455	57757e9345aa6ebd	4			yes					-1	-1	498	499	
498	497	6655a5a97efadbab	3			yes					-1	-1	-1	
499	497	4ce72eb030b5aa53	6			yes					500	501	-1	502	503	504	
500	499	669bc76ecec235d8	5			yes					-1	-1	-1	-1	-1	
501	499	aa37eda105917c30	5			yes					-1	-1	-1	-1	-1	
502	499	d3b3ca4042542f64	5			yes					-1	-1	-1	-1	-1	
503	499	d6401e09a83af00b	5			yes					-1	-1	-1	-1	-1	
504	499	bc3bb736dfa02ccc	5			yes					-1	-1	-1	-1	-1	
505	455	865bc0d9f2ce2345	4			yes					-1	-1	-1	506	
506	505	5fe03c8b92d03ddd	3			yes					-1	-1	-1	
507	455	6ec0e7b1a98088cb	4			yes					-1	-1	-1	-1	
508	454	b1f3529c748ecd65	5			yes					509	534	548	551	552	
509	508	30101ea29af6ed7b	4			yes					510	520	530	531	
510	509	11920492b2db3d7a	6			yes					-1	511	513	515	517	519	
511	510	a30255911fc4c29e	5			yes					-1	-1	-1	-1	512	
512	511	3b3f7464ac377b7c	4			yes					-1	-1	-1	-1	
513	510	110fb85f786de1ab	5			yes					-1	-1	-1	-1	514	
514	513	893299aacb9e5849	4			yes					-1	-1	-1	-1	
515	510	70b447c4318bdf3c	5			yes					-1	-1	-1	-1	516	
516	515	e8896631827866de	4			yes					-1	-1	-1	-1	
517	510	1f6b983e143e578b	5			yes					-1	-1	-1	-1	518	
518	517	8756b9cba7cdee69	4			yes					-1	-1	-1	-1	
519	510	89af256701288498	5			yes					-1	-1	-1	-1	-1	
520	509	f63fe7728b03f35d	6			yes					-1	521	523	525	527	529	
521	520	34af92ecb160282e	5			yes					-1	-1	-1	-1	522	
522	521	ac92b319029391cc	4			yes					-1	-1	-1	-1	
523	520	e797a8cea12ca154	5			yes					-1	-1	-1	-1	524	
524	523	7faa893b12df18b6	4			yes					-1	-1	-1	-1	
525	520	9719a4240853111b	5			yes					-1	-1	-1	-1	526	
526	525	0f2485d1bba0a8f9	4			yes					-1	-1	-1	-1	
527	520	f8c67bde2de699ac	5			yes					-1	-1	-1	-1	528	
528	527	60fb5a2b9e15204e	4			yes					-1	-1	-1	-1	
529	520	6e02c68738f04abf	5			yes					-1	-1	-1	-1	-1	
530	509	f8f557938286e360	5			yes					-1	-1	-1	-1	-1	
531	509	81488a525e39d085	3			yes					532	533	-1	
532	531	8f8520e82601ee9e	5			yes					-1	-1	-1	-1	-1	
533	531	6828c3081fd920b9	5			yes					-1	-1	-1	-1	-1	
534	508	8ffe475984122848	4			yes					-1	535	545	546	
535	534	6fd9669a5e154acd	6			yes					536	-1	538	540	542	544	
536	535	45a58f44a062d546	5			yes					-1	-1	-1	-1	537	
537	536	dd98aeb113916ca4	4			yes					-1	-1	-1	-1	
538	535	7e712926743a18c4	5			yes					-1	-1	-1	-1	539	
539	538	e64c08d3c7c9a126	4			yes					-1	-1	-1	-1	
540	535	0eff25ccdd45a88b	5			yes					-1	-1	-1	-1	541	
541	540	96c204396eb61169	4			yes					-1	-1	-1	-1	
542	535	6120fa36f8f0203c	5			yes					-1	-1	-1	-1	543	
543	542	f91ddbc34b0399de	4			yes					-1	-1	-1	-1	
544	535	f7e4476fede6f32f	5			yes					-1	-1	-1	-1	-1	
545	534	fd9e97a22f601cf1	5			yes					-1	-1	-1	-1	-1	
546	534	3ea6d3a940dd15b6	3			yes					-1	547	-1	
547	546	f1ce42e0cacf9929	5			yes					-1	-1	-1	-1	-1	
548	508	51fd37ecf8ba358b	4			yes					-1	-1	549	550	
549	548	4e3c6e767e985ba5	5			yes					-1	-1	-1	-1	-1	
550	548	e0a5a31c3c750875	3			yes					-1	-1	-1	
551	508	eeb8a87b561f0023	4			yes					-1	-1	-1	-1	
552	508	00abc66cb041f09b	4			yes					-1	-1	-1	-1	
553	0	347f24997a81066a	5			yes					-1	-1	-1	-1	554	
554	553	70c36d9ce03053c8	6			yes					555	573	585	592	595	597	
555	554	f12021a20e4873d6	5			yes					556	563	568	570	572	
556	555	cf2d3467fed496fb	4			yes					557	559	-1	561	
557	556	b3b759eac1c9e281	6			yes					-1	-1	-1	-1	-1	558	
558	557	2b8a781f723a5b63	5			yes					-1	-1	-1	-1	-1	
559	556	04945f4504a24a4c	6			yes					-1	-1	-1	-1	-1	560	
560	559	9ca97eb0b751f3ae	5			yes					-1	-1	-1	-1	-1	
561	556	d55123766c4fe9da	6			yes					-1	-1	-1	-1	-1	562	
562	561	b1990f91413ff003	5			yes					-1	-1	-1	-1	-1	
563	555	112e44d2827c8b38	4			yes					-1	564	-1	566	
564	563	cead2aab938a4b65	6			yes					-1	-1	-1	-1	-1	565	
565	564	56900b5e2079f287	5			yes					-1	-1	-1	-1	-1	
566	563	1e4254b4402ebaca	6			yes					-1	-1	-1	-1	-1	567	
567	566	7a8a78536d5ea313	5			yes					-1	-1	-1	-1	-1	
568	555	432b12a6c3d72a44	4			yes					-1	-1	-1	569	
569	568	c0270333deb7e2fb	5			yes					-1	-1	-1	-1	-1	
570	555	b07310368678db16	4			yes					-1	-1	-1	571	
571	570	6c0843b1b1374451	3			yes					-1	-1	-1	
572	555	2d5b72253907ec91	4			yes					-1	-1	-1	-1	
573	554	4ece785910acb6e5	5			yes					-1	574	579	582	584	
574	573	aec01d299c984e0b	4			yes					-1	575	-1	577	
575	574	574bab43469cf2f5	6			yes					-1	-1	-1	-1	-1	576	
576	575	cf768ab6f56f4b17	5			yes					-1	-1	-1	-1	-1	
577	574	87a4d55c9538035a	6			yes					-1	-1	-1	-1	-1	578	
578	577	e36cf9bbb8481a83	5			yes					-1	-1	-1	-1	-1	
579	573	fcc54b5ddd33ef77	4			yes					-1	-1	-1	580	
580	579	7c85cff21f1ce32d	6			yes					-1	-1	-1	-1	-1	581	
581	580	184de315326cfaf4	5			yes					-1	-1	-1	-1	-1	
582	573	0f9d49cd989c1e25	4			yes					-1	-1	-1	583	
583	582	d3e61a4aafd38162	3			yes					-1	-1	-1	
584	573	92b52bde27e329a2	4			yes					-1	-1	-1	-1	
585	554	90cd08ec6c04ab26	5			yes					-1	-1	586	589	591	
586	585	22c63be8a19bf2b4	4			yes					-1	-1	-1	587	
587	586	cf2736264ee4a479	6			yes					-1	-1	-1	-1	-1	588	
588	587	abef1ac16394bda0	5			yes					-1	-1	-1	-1	-1	
589	585	d19e3978e43403e6	4			yes					-1	-1	-1	590	
590	589	0de56affd37b9ca1	3			yes					-1	-1	-1	
591	585	4cb65b6b5b4b3461	4			yes					-1	-1	-1	-1	
592	554	c2c85e982daf0a5a	5			yes					-1	-1	-1	593	594	
593	592	839b6f0ca59fa29a	4			yes					-1	-1	-1	-1	
594	592	1eb30d1f1ae0951d	4			yes					-1	-1	-1	-1	
595	554	31905c086800fb08	5			yes					-1	-1	-1	-1	596	
596	595	edeb0f8f5f4f644f	4			yes					-1	-1	-1	-1	
597	554	acb83e1bd77fcc8f	5			yes					-1	-1	-1	-1	-1	
598	0	95f142aaccd1b8f6	5			yes					-1	-1	-1	-1	-1	
